           1           1 B   11.337690000000000        10.784369999999999        16.902160000000002     
           2           1 K   11.450010000000001        10.396129999999999        17.015699999999999     
           3           2 B   11.633929999999999        10.685549999999999        16.726520000000001     
           4           2 V   11.710390000000000        10.912319999999999        16.627040000000001     
           5           3 B   11.667220000000000        10.471640000000001        16.489220000000000     
           6           3 F   11.330850000000000        10.244660000000000        16.641700000000000     
           7           4 B   11.803250000000000        10.226660000000001        16.342620000000000     
           8           5 B   11.787250000000000        10.058490000000001        16.070180000000001     
           9           5 R   12.014260000000000        10.017960000000000        15.700820000000000     
          10           6 B   11.819240000000001        9.7583400000000005        16.173940000000002     
          11           6 X   12.075160000000000        9.6741799999999998        16.013330000000000     
          12           7 B   11.636860000000000        9.8130699999999997        16.419609999999999     
          13           7 E   11.719830000000000        10.025460000000001        16.736480000000000     
          14           8 B   11.374219999999999        9.8799799999999998        16.270370000000000     
          15           8 L   11.259460000000001        10.156210000000000        16.202290000000001     
          16           9 B   11.350880000000000        9.6295999999999999        16.096570000000000     
          17           9 A   11.504230000000000        9.6463900000000002        15.943740000000000     
          18          10 B   11.322740000000000        9.4352300000000007        16.330909999999999     
          19          10 A   11.521929999999999        9.4178899999999999        16.419490000000000     
          20          11 B   11.066950000000000        9.5595199999999991        16.454480000000000     
          21          11 A   11.133430000000001        9.7262900000000005        16.575830000000000     
          22          12 B   10.891000000000000        9.5512700000000006        16.199670000000001     
          23          12 M   10.958140000000000        9.9287799999999997        16.005830000000000     
          24          13 B   10.906240000000000        9.2487300000000001        16.173340000000000     
          25          13 K   11.197160000000000        8.9843200000000003        15.989870000000000     
          26          14 B   10.797720000000000        9.1541300000000003        16.442340000000002     
          27          14 R   10.890180000000001        9.3117699999999992        16.858499999999999     
          28          15 B   10.525499999999999        9.3268599999999999        16.372660000000000     
          29          15 H   10.604990000000001        9.5678999999999998        16.667909999999999     
          30          16 B   10.465890000000000        9.2229200000000002        16.054670000000002     
          31          17 B   10.560330000000000        9.4115800000000007        15.791620000000000     
          32          17 L   10.510170000000000        9.7001600000000003        15.931080000000000     
          33          18 B   10.671720000000001        9.1971299999999996        15.629880000000000     
          34          18 D   10.951190000000000        9.0987899999999993        15.548840000000000     
          35          19 B   10.472110000000001        9.1779200000000003        15.355030000000001     
          36          19 N   10.712920000000000        8.9757099999999994        15.286130000000000     
          37          20 B   10.264690000000000        9.3727400000000003        15.408790000000000     
          38          20 Y   9.9716799999999992        9.4386700000000001        15.732839999999999     
          39          21 B   10.050750000000001        9.3857300000000006        15.162250000000000     
          40          21 R   9.6227199999999993        9.4137599999999999        15.366120000000000     
          41          22 B   10.331530000000001        9.3286499999999997        14.978380000000000     
          42          23 B   10.550250000000000        9.4852000000000007        15.159120000000000     
          43          23 Y   10.293740000000000        9.8226200000000006        14.955030000000001     
          44          24 B   10.851730000000000        9.4974500000000006        15.192790000000000     
          45          24 S   10.999459999999999        9.4409299999999998        15.019930000000000     
          46          25 B   11.056290000000001        9.5927100000000003        15.438790000000001     
          47          25 L   11.154150000000000        9.4407600000000009        15.695480000000000     
          48          26 B   11.215120000000001        9.8114899999999992        15.272370000000000     
          49          27 B   10.976080000000000        10.004770000000001        15.238080000000000     
          50          27 N   10.856100000000000        9.8664000000000005        14.954600000000001     
          51          28 B   10.932460000000001        10.077019999999999        15.534330000000001     
          52          28 W   10.537250000000000        9.8720599999999994        15.563030000000001     
          53          29 B   11.216530000000001        10.181880000000000        15.589270000000001     
          54          29 V   11.378690000000001        9.9955199999999991        15.670230000000000     
          55          30 B   11.218669999999999        10.392360000000000        15.367490000000000     
          56          30 X   11.272990000000000        10.384040000000001        15.095540000000000     
          57          31 B   10.981809999999999        10.558090000000000        15.470830000000001     
          58          31 A   10.801819999999999        10.445790000000001        15.417520000000000     
          59          32 B   11.087190000000000        10.625629999999999        15.753770000000001     
          60          32 A   11.062160000000000        10.448589999999999        15.873540000000000     
          61          33 B   11.336380000000000        10.774860000000000        15.655510000000000     
          62          33 K   11.671490000000000        10.781400000000000        15.591770000000000     
          63          34 B   11.168749999999999        11.005459999999999        15.476170000000000     
          64          34 F   11.413539999999999        10.881919999999999        15.169850000000000     
          65          35 B   10.960900000000001        11.090529999999999        15.704230000000001     
          66          35 E   10.676110000000000        10.982740000000000        15.527710000000001     
          67          36 B   11.163510000000000        11.077520000000000        15.996430000000000     
          68          36 S   11.034820000000000        10.928979999999999        16.098920000000000     
          69          37 B   11.449820000000001        10.955299999999999        16.020530000000001     
          70          37 N   11.669480000000000        11.117590000000000        15.932860000000000     
          71          38 B   11.380390000000000        10.746400000000000        16.260429999999999     
          72          38 F   11.570810000000000        10.520180000000000        15.971740000000000     
          73          39 B   11.182390000000000        10.950200000000001        16.429900000000000     
          74          39 N   11.310710000000000        11.177540000000000        16.578970000000002     
          75          40 B   10.932440000000000        10.923230000000000        16.668690000000002     
          76          40 T   11.004920000000000        10.726459999999999        16.803480000000000     
          77          41 B   10.916900000000000        11.256090000000000        16.731510000000000     
          78          41 Q   11.091320000000000        11.263050000000000        17.090550000000000     
          79          42 B   10.812749999999999        11.338020000000000        16.466609999999999     
          80          42 A   10.959090000000000        11.301190000000000        16.318550000000002     
          81          43 B   10.678410000000000        11.659860000000000        16.358360000000001     
          82          43 T   10.585900000000001        11.677120000000000        16.584280000000000     
          83          44 B   10.427860000000001        11.789220000000000        16.111730000000001     
          84          44 N   10.734190000000000        11.718270000000000        15.988900000000001     
          85          45 B   10.292090000000000        12.052300000000001        15.972800000000001     
          86          45 R   9.9765700000000006        12.288740000000001        16.291530000000002     
          87          46 B   10.003600000000000        12.115780000000001        15.791910000000000     
          88          46 N   10.043710000000001        11.779120000000001        15.743140000000000     
          89          47 B   9.8262400000000003        12.315300000000001        15.585830000000000     
          90          47 T   9.9403799999999993        12.377599999999999        15.362560000000000     
          91          48 B   9.5424600000000002        12.184620000000001        15.704780000000000     
          92          48 D   9.5498100000000008        11.926580000000000        15.643940000000001     
          93          49 B   9.6359999999999992        12.164190000000000        16.033819999999999     
          94          50 B   9.7561700000000009        11.921040000000000        16.057980000000001     
          95          50 S   9.6698100000000000        11.742680000000000        15.912600000000001     
          96          51 B   9.9587800000000009        11.627870000000000        16.179040000000001     
          97          51 T   10.061710000000000        11.817000000000000        16.345640000000000     
          98          52 B   10.255699999999999        11.457330000000001        16.176800000000000     
          99          52 D   10.210800000000001        11.407100000000000        15.840080000000000     
         100          53 B   10.343230000000000        11.130480000000000        16.325730000000000     
         101          53 Y   10.095280000000001        11.447830000000000        16.587540000000001     
         102          54 B   10.630500000000000        10.988479999999999        16.360840000000000     
         103          55 B   10.804100000000000        10.740620000000000        16.179549999999999     
         104          55 I   10.944330000000001        10.541860000000000        16.301030000000001     
         105          56 B   10.525390000000000        10.757020000000001        15.965380000000000     
         106          56 L   10.574550000000000        10.443310000000000        15.915540000000000     
         107          57 B   10.363130000000000        11.013680000000001        15.950800000000001     
         108          57 Q   10.607160000000000        11.256510000000000        15.981510000000000     
         109          58 B   10.089800000000000        11.021910000000000        16.100550000000002     
         110          58 I   10.040179999999999        10.719510000000000        16.147120000000001     
         111          59 B   9.7806999999999995        11.164199999999999        16.050229999999999     
         112          59 N   9.7146699999999999        11.376880000000000        15.842340000000000     
         113          60 B   9.5350800000000007        11.372780000000001        16.226630000000000     
         114          60 S   9.6514699999999998        11.553889999999999        16.305280000000000     
         115          61 B   9.2799700000000005        11.365700000000000        16.024100000000001     
         116          61 R   9.2298799999999996        11.741250000000001        15.821470000000000     
         117          62 B   9.2561700000000009        11.023490000000001        16.038380000000000     
         118          62 W   9.1444100000000006        11.144940000000000        15.613400000000000     
         119          63 B   9.4333200000000001        10.850680000000001        16.276910000000001     
         120          63 W   9.4882500000000007        10.689660000000000        15.873089999999999     
         121          64 B   9.4742300000000004        11.078840000000000        16.505340000000000     
         122          64 X   9.7332300000000007        11.067580000000000        16.526730000000001     
         123          65 B   9.4659599999999990        11.253930000000000        16.821200000000001     
         124          65 N   9.2119700000000009        11.357410000000000        16.935210000000001     
         125          66 B   9.5542400000000001        11.619590000000001        16.905310000000000     
         126          66 D   9.6455300000000008        11.686150000000000        16.660550000000001     
         127          67 B   9.3186000000000000        11.846540000000001        16.962790000000002     
         128          68 B   9.3846799999999995        12.037690000000000        16.661670000000001     
         129          68 R   9.8474500000000003        12.138819999999999        16.674350000000000     
         130          69 B   9.1867699999999992        11.876749999999999        16.434200000000001     
         131          69 T   9.4006500000000006        11.782579999999999        16.331150000000001     
         132          70 B   8.9506899999999998        11.952460000000000        16.249710000000000     
         133          70 P   9.0022000000000002        12.158989999999999        16.271149999999999     
         134          71 B   8.7749600000000001        11.687370000000000        16.130730000000000     
         135          72 B   8.8705900000000000        11.441280000000001        16.271139999999999     
         136          72 S   9.0484100000000005        11.502459999999999        16.416419999999999     
         137          73 B   8.8957099999999993        11.062429999999999        16.310700000000001     
         138          73 R   8.6410400000000003        10.992070000000000        16.070150000000002     
         139          74 B   9.0688999999999993        10.839330000000000        16.457010000000000     
         140          74 N   9.1603899999999996        10.871350000000000        16.718850000000000     
         141          75 B   9.1093100000000007        10.534789999999999        16.328109999999999     
         142          75 L   8.9873899999999995        10.620540000000000        16.040790000000001     
         143          76 B   9.3350299999999997        10.426130000000001        16.546859999999999     
         144          76 X   9.5474599999999992        10.419340000000000        16.320309999999999     
         145          77 B   9.2550600000000003        10.506370000000000        16.824560000000002     
         146          77 N   9.0268099999999993        10.435060000000000        16.955909999999999     
         147          78 B   9.4719899999999999        10.758060000000000        16.898849999999999     
         148          78 I   9.6684300000000007        10.538810000000000        16.903980000000001     
         149          79 B   9.6999700000000004        10.932990000000000        17.032990000000002     
         150          79 P   9.6477800000000009        10.891260000000001        17.231010000000001     
         151          80 B   9.9438099999999991        11.089280000000000        16.865739999999999     
         152          80 X   9.7750900000000005        11.258690000000000        16.659320000000001     
         153          81 B   10.161230000000000        11.049700000000000        17.093890000000002     
         154          81 S   10.049770000000001        11.147180000000001        17.282399999999999     
         155          82 B   10.187480000000001        10.738670000000001        17.061610000000002     
         156          82 A   10.001170000000000        10.661989999999999        17.122630000000001     
         157          83 B   10.354340000000001        10.790620000000001        16.783640000000002     
         158          83 L   10.098950000000000        10.760660000000000        16.581140000000001     
         159          84 B   10.626080000000000        10.884930000000001        16.975169999999999     
         160          84 L   10.520230000000000        11.182210000000000        16.882030000000000     
         161          85 B   10.719580000000001        10.643969999999999        17.086130000000001     
         162          85 S   10.613020000000001        10.505950000000000        17.277830000000002     
         163          86 B   10.962949999999999        10.397259999999999        17.127929999999999     
         164          86 S   11.067510000000000        10.431020000000000        17.340730000000001     
         165          87 B   10.709479999999999        10.230230000000001        17.086590000000001     
         166          87 D   10.597479999999999        9.9996200000000002        17.227070000000001     
         167          88 B   10.594600000000000        10.116640000000000        16.764240000000001     
         168          88 I   10.815830000000000        10.083790000000000        16.617049999999999     
         169          89 B   10.322830000000000        9.9695800000000006        16.788969999999999     
         170          89 T   10.340719999999999        9.7977699999999999        16.990549999999999     
         171          90 B   10.123430000000001        10.196630000000001        16.715230000000002     
         172          90 A   10.107650000000000        10.321790000000000        16.892230000000001     
         173          91 B   10.235379999999999        10.266060000000000        16.432710000000000     
         174          91 S   10.412990000000001        10.465500000000000        16.495920000000002     
         175          92 B   10.206780000000000        9.9866200000000003        16.310780000000001     
         176          92 V   10.411390000000001        9.8315599999999996        16.363820000000000     
         177          93 B   9.9058799999999998        9.9393399999999996        16.348040000000001     
         178          93 N   9.9174000000000007        9.7612400000000008        16.633220000000001     
         179          94 B   9.8353500000000000        10.193920000000000        16.187670000000001     
         180          94 X   9.7779000000000007        10.456210000000000        16.283020000000000     
         181          95 B   9.9859200000000001        10.131670000000000        15.925170000000000     
         182          95 A   10.194599999999999        10.163790000000001        15.967190000000000     
         183          96 B   9.8257399999999997        9.8770000000000007        15.855170000000001     
         184          96 K   10.031560000000001        9.5497300000000003        16.114840000000001     
         185          97 B   9.5667200000000001        10.042439999999999        15.803640000000000     
         186          97 K   9.3632700000000000        10.068930000000000        16.129580000000001     
         187          98 B   9.6706699999999994        10.235970000000000        15.586740000000001     
         188          98 I   9.8044899999999995        10.472640000000000        15.735940000000001     
         189          99 B   9.7705400000000004        10.022180000000001        15.369289999999999     
         190          99 V   9.9708500000000004        9.9103899999999996        15.403780000000001     
         191         100 B   9.4596599999999995        9.8981700000000004        15.366310000000000     
         192         100 S   9.5375099999999993        9.7169899999999991        15.539350000000001     
         193         101 B   9.2890099999999993        10.149690000000000        15.236980000000001     
         194         101 D   9.2333099999999995        10.396150000000000        15.353390000000001     
         195         102 B   9.3939100000000000        10.128430000000000        14.889130000000000     
         196         103 B   9.6857600000000001        10.293670000000001        14.820110000000000     
         197         103 N   9.4850600000000007        10.539460000000000        14.752450000000000     
         198         104 B   9.8723500000000008        10.190770000000001        14.997960000000001     
         199         105 B   10.192170000000001        10.340439999999999        15.016090000000000     
         200         105 M   10.463609999999999        10.103710000000000        15.171250000000001     
         201         106 B   10.086670000000000        10.613470000000000        14.882960000000001     
         202         106 N   10.080109999999999        10.469340000000001        14.585380000000001     
         203         107 B   10.020890000000000        10.748620000000001        15.158810000000001     
         204         107 A   9.8841000000000001        10.615690000000001        15.244580000000001     
         205         108 B   10.334239999999999        10.790699999999999        15.136140000000001     
         206         108 W   10.269410000000001        10.528879999999999        15.517560000000000     
         207         109 B   10.492419999999999        11.043620000000001        14.990820000000001     
         208         109 V   10.358010000000000        11.261220000000000        15.002730000000000     
         209         110 B   10.788800000000000        10.953279999999999        15.035160000000001     
         210         110 A   10.843760000000000        11.028390000000000        15.228350000000001     
         211         111 B   10.758240000000001        10.676390000000000        14.912120000000000     
         212         111 W   10.609150000000000        10.318709999999999        14.874160000000000     
         213         112 B   10.656310000000000        10.756900000000000        14.630570000000001     
         214         112 R   10.321809999999999        10.995410000000000        14.532870000000001     
         215         113 B   10.897990000000000        10.979060000000000        14.572820000000000     
         216         113 N   10.681469999999999        11.220490000000000        14.561520000000000     
         217         114 B   11.155609999999999        10.774780000000000        14.709130000000000     
         218         114 R   11.318220000000000        11.173710000000000        14.967560000000001     
         219         115 B   11.074730000000001        10.445869999999999        14.689859999999999     
         220         115 X   11.087180000000000        10.497629999999999        15.004110000000001     
         221         116 B   10.921350000000000        10.395120000000000        14.452850000000000     
         222         116 K   10.489120000000000        10.387700000000001        14.347020000000001     
         223         117 B   11.092600000000001        10.190830000000000        14.217919999999999     
         224         118 B   11.311790000000000        10.108660000000000        14.402830000000000     
         225         118 T   11.364870000000000        10.340330000000000        14.507239999999999     
         226         119 B   11.578790000000000        9.9629799999999999        14.588110000000000     
         227         119 D   11.765530000000000        9.7569200000000009        14.518370000000001     
         228         120 B   11.454319999999999        9.8693799999999996        14.891740000000000     
         229         120 V   11.215240000000000        9.9237199999999994        14.843230000000000     
         230         121 B   11.652260000000000        9.6445299999999996        14.983060000000000     
         231         121 Q   11.566369999999999        9.3433500000000009        14.708370000000000     
         232         122 B   11.881710000000000        9.8413500000000003        15.070400000000001     
         233         122 A   11.936579999999999        9.9369899999999998        14.894930000000000     
         234         123 B   11.742740000000000        9.8976399999999991        15.360680000000000     
         235         123 W   11.653610000000000        10.298360000000001        15.238200000000001     
         236         124 B   11.840220000000000        9.5815300000000008        15.461930000000001     
         237         124 I   11.590019999999999        9.4843399999999995        15.446970000000000     
         238         125 B   12.121010000000000        9.5767400000000009        15.442610000000000     
         239         125 R   12.100339999999999        9.5610599999999994        14.925210000000000     
         240         126 B   12.311019999999999        9.4034700000000004        15.686500000000001     
         241         127 B   12.069950000000000        9.2740200000000002        15.814730000000001     
         242         127 X   11.943960000000001        9.5698100000000004        15.846660000000000     
         243         128 B   11.954870000000000        9.0616900000000005        16.087980000000002     
         244         128 R   12.085070000000000        8.6776999999999997        16.079440000000002     
         245         129 B   11.685540000000000        8.8345000000000002        15.954240000000000     
         246         129 L   11.599830000000001        9.0765399999999996        15.914770000000001     
