246 
 1.26242 -0.25213 -0.36006 B   1 
 1.33705 -0.59472 -0.12919 K   1 
 1.18472 -0.54687 -0.54838 B   2 
 1.15935 -0.44806 -0.78663 V   2 
 0.93946 -0.75128 -0.51321 B   3 
 0.92438 -0.66583 -0.08849 F   3 
 0.80765 -1.03779 -0.48969 B   4 
 0.52112 -1.17968 -0.46658 B   5 
 0.25129 -1.40785 -0.72098 R   5 
 0.57472 -1.40505 -0.24700 B   6 
 0.49963 -1.65985 -0.41377 X   6 
 0.74833 -1.21181 -0.07633 B   7 
 1.10667 -1.07884 -0.15581 E   7 
 0.53228 -1.00123 -0.00770 B   8 
 0.47893 -0.73211 -0.14492 L   8 
 0.31968 -1.18556  0.11174 B   9 
 0.23437 -1.29660 -0.05425 A   9 
 0.49177 -1.27836  0.34682 B   10 
 0.63883 -1.41696  0.26323 A   10 
 0.53984 -0.99918  0.47287 B   11 
 0.70410 -0.91067  0.36268 A   11 
 0.24291 -0.91444  0.49755 B   12 
 0.15397 -0.71204  0.12916 M   12 
 0.17034 -1.14535  0.68159 B   13 
 0.05431 -1.55633  0.60520 K   13 
 0.36443 -1.10729  0.91391 B   14 
 0.80792 -1.00848  0.90172 R   14 
 0.23719 -0.80476  0.94679 B   15 
 0.57946 -0.65136  0.84231 H   15 
-0.09497 -0.87597  0.93791 B   16 
-0.27177 -0.83609  0.65356 B   17 
-0.10932 -0.57797  0.54296 L   17 
-0.42060 -1.08555  0.66679 B   18 
-0.41672 -1.35733  0.52372 D   18 
-0.74608 -0.99483  0.70665 B   19 
-0.76265 -1.31330  0.66275 N   19 
-0.73329 -0.70634  0.72852 B   20 
-0.52343 -0.41999  0.99152 Y   20 
-1.03189 -0.57933  0.76635 B   21 
-0.98596 -0.24178  1.09727 R   21 
-1.11510 -0.83445  0.55684 B   22 
-0.84557 -0.85066  0.37767 B   23 
-1.06225 -0.45639  0.24020 Y   23 
-0.70876 -1.04459  0.18832 B   24 
-0.82744 -1.20679  0.06789 S   24 
-0.39474 -1.08746  0.08350 B   25 
-0.15124 -1.23353  0.21739 L   25 
-0.45497 -1.05872 -0.22688 B   26 
-0.53453 -0.76001 -0.21609 B   27 
-0.86169 -0.81051 -0.15035 N   27 
-0.26350 -0.64337 -0.12765 B   28 
-0.40907 -0.51631  0.27446 W   28 
-0.09669 -0.75631 -0.36029 B   29 
 0.00073 -0.99186 -0.30921 V   29 
-0.26327 -0.63264 -0.58490 B   30 
-0.49690 -0.70783 -0.71427 X   30 
-0.22002 -0.33903 -0.50631 B   31 
-0.35089 -0.30259 -0.33486 A   31 
 0.08909 -0.32948 -0.51523 B   32 
 0.15965 -0.42544 -0.33598 A   32 
 0.11048 -0.40465 -0.81173 B   33 
 0.16798 -0.63719 -1.05468 K   33 
-0.07173 -0.14515 -0.92528 B   34 
-0.29201 -0.43774 -1.11205 F   34 
 0.08225  0.08529 -0.76514 B   35 
-0.19747  0.18233 -0.57481 E   35 
 0.41906 -0.02861 -0.77887 B   36 
 0.44310 -0.03505 -0.55862 S   36 
 0.51803 -0.30986 -0.87155 B   37 
 0.54135 -0.35416 -1.15399 N   37 
 0.67849 -0.38414 -0.59815 B   38 
 0.43764 -0.71117 -0.67447 F   38 
 0.80282 -0.08206 -0.54578 B   39 
 1.02461  0.01084 -0.72620 N   39 
 0.93242  0.09800 -0.27931 B   40 
 1.04683 -0.07721 -0.14384 T   40 
 1.04389  0.35519 -0.47012 B   41 
 1.43620  0.28283 -0.45459 Q   41 
 0.77828  0.45431 -0.55590 B   42 
 0.68549  0.31011 -0.67955 A   42 
 0.68922  0.76490 -0.72602 B   43 
 0.86885  0.86729 -0.59509 T   43 
 0.39854  1.00061 -0.74301 B   44 
 0.37795  0.72518 -0.93712 N   44 
 0.27029  1.26636 -0.88399 B   45 
 0.49768  1.69003 -0.72319 R   45 
 0.01556  1.48848 -0.80811 B   46 
-0.07519  1.21336 -0.62534 N   46 
-0.20015  1.72919 -0.90434 B   47 
-0.35584  1.66944 -1.10170 T   47 
-0.21105  1.84383 -0.59050 B   48 
-0.31028  1.64624 -0.44403 D   48 
 0.12095  1.80371 -0.51567 B   49 
 0.14151  1.54948 -0.42035 B   50 
-0.05379  1.46344 -0.29845 S   50 
 0.27092  1.21418 -0.30861 B   51 
 0.49340  1.29909 -0.44058 T   51 
 0.34070  0.88784 -0.38529 B   52 
 0.00583  0.84293 -0.44664 D   52 
 0.45032  0.61051 -0.16678 B   53 
 0.66274  1.03929 -0.12474 Y   53 
 0.55628  0.31568 -0.24272 B   54 
 0.40488 -0.00273 -0.25415 B   55 
 0.52994 -0.22738 -0.16573 I   55 
 0.11449  0.17494 -0.16512 B   56 
 0.02991 -0.09001 -0.00400 L   56 
 0.09070  0.46887 -0.23900 B   57 
 0.24581  0.47964 -0.54768 Q   57 
 0.13636  0.67977 -0.01397 B   58 
 0.10877  0.50200  0.23844 I   58 
 0.00892  0.98799  0.07018 B   59 
-0.16790  1.16161 -0.10703 N   59 
 0.12412  1.32697  0.15245 B   60 
 0.26868  1.38655 -0.01513 S   60 
-0.15158  1.47296  0.24641 B   61 
-0.28925  1.75329 -0.04867 R   61 
-0.20712  1.24509  0.49715 B   62 
-0.61600  1.35899  0.33074 W   62 
 0.04318  1.02753  0.58749 B   63 
-0.33888  0.82671  0.51191 W   63 
 0.30828  1.19028  0.49184 B   64 
 0.41500  1.00714  0.34105 X   64 
 0.62773  1.35888  0.49564 B   65 
 0.66393  1.62076  0.63102 N   65 
 0.80031  1.57097  0.22396 B   66 
 0.61771  1.52742  0.03049 D   66 
 0.81252  1.90232  0.24370 B   67 
 0.59131  1.95895 -0.03815 B   68 
 0.77989  1.71584 -0.39854 R   68 
 0.28504  1.95225  0.11341 B   69 
 0.24682  1.72585  0.00154 T   69 
 0.04716  2.14680  0.14610 B   70 
 0.12117  2.26239 -0.01801 P   70 
-0.16984  2.06282  0.39342 B   71 
-0.05101  1.83696  0.54926 B   72 
 0.15490  1.77610  0.44746 S   72 
-0.07290  1.55220  0.80256 B   73 
-0.39471  1.64796  0.92480 R   73 
 0.08208  1.29039  0.89533 B   74 
 0.36068  1.28146  0.91146 N   74 
-0.07680  1.02873  1.02681 B   75 
-0.36852  1.14013  0.94161 L   75 
 0.18329  0.82164  1.03555 B   76 
 0.04613  0.64449  0.82037 X   76 
 0.42614  0.96676  1.13512 B   77 
 0.45625  1.08745  1.37795 N   77 
 0.61370  1.00762  0.85392 B   78 
 0.64714  0.71602  0.87721 I   78 
 0.84669  0.99277  0.63929 B   79 
 1.00402  1.02186  0.77376 P   79 
 0.80386  0.91823  0.31609 B   80 
 0.58548  1.13134  0.23443 X   80 
 1.08199  0.76757  0.28714 B   81 
 1.23480  0.93619  0.36250 S   81 
 1.00622  0.52231  0.46764 B   82 
 0.98492  0.60212  0.66127 A   82 
 0.81636  0.41256  0.22327 B   83 
 0.53654  0.54231  0.33280 L   83 
 1.10305  0.31655  0.05592 B   84 
 1.03337  0.59175 -0.11041 L   84 
 1.19490  0.09237  0.19884 B   85 
 1.31068  0.08881  0.43065 S   85 
 1.27343 -0.24681  0.22398 B   86 
 1.51159 -0.26921  0.21249 S   86 
 1.11867 -0.19790  0.48381 B   87 
 1.16896 -0.27029  0.76254 D   87 
 0.76180 -0.23866  0.51530 B   88 
 0.69624 -0.43123  0.34122 I   88 
 0.66522 -0.15510  0.79777 B   89 
 0.82689 -0.26710  0.97606 T   89 
 0.56886  0.13606  0.74588 B   90 
 0.74883  0.25761  0.73696 A   90 
 0.35903  0.07598  0.52332 B   91 
 0.51364  0.10493  0.29842 S   91 
 0.18732 -0.11953  0.68476 B   92 
 0.27911 -0.36496  0.67727 V   92 
 0.10993  0.05717  0.92342 B   93 
 0.34542 -0.04515  1.14081 N   93 
-0.01718  0.26957  0.73840 B   94 
 0.09743  0.50861  0.63393 X   94 
-0.21856  0.09076  0.58700 B   95 
-0.10243 -0.02429  0.44692 A   95 
-0.38321  0.00937  0.83536 B   96 
-0.13088 -0.33633  1.01900 K   96 
-0.49046  0.29975  0.87136 B   97 
-0.25505  0.49658  1.10411 K   97 
-0.62057  0.34202  0.59461 B   98 
-0.39511  0.43786  0.40443 I   98 
-0.82463  0.09438  0.59427 B   99 
-0.74377 -0.11920  0.55360 V   99 
-0.95612  0.21806  0.87613 B   100 
-0.80182  0.05487  1.01175 S   100 
-1.08955  0.50055  0.76887 B   101 
-0.95771  0.72950  0.68168 D   101 
-1.37809  0.37246  0.58779 B   102 
-1.31225  0.28299  0.26390 B   103 
-1.40013  0.58921  0.20247 N   103 
-1.10231  0.10205  0.27883 B   104 
-0.94923 -0.00754 -0.02046 B   105 
-0.75474 -0.34547  0.02168 M   105 
-1.05998  0.24530 -0.18542 B   106 
-1.36218  0.11125 -0.19379 N   106 
-0.80424  0.41992 -0.13257 B   107 
-0.79565  0.42828  0.07623 A   107 
-0.71005  0.23267 -0.37035 B   108 
-0.42685  0.13386 -0.01221 W   108 
-0.74500  0.28886 -0.69550 B   109 
-0.74170  0.53875 -0.75123 V   109 
-0.61825  0.02598 -0.80864 B   110 
-0.40790  0.06498 -0.82333 A   110 
-0.79122 -0.16647 -0.64806 B   111 
-0.94072 -0.32570 -0.32573 W   111 
-1.07167 -0.07185 -0.74043 B   112 
-1.23452  0.31734 -0.72214 R   112 
-1.00261 -0.08472 -1.06626 B   113 
-1.04471  0.23585 -1.09386 N   113 
-0.82451 -0.39207 -1.04402 B   114 
-0.45972 -0.18654 -1.32162 R   114 
-0.92825 -0.57520 -0.77795 B   115 
-0.62498 -0.50959 -0.70508 X   115 
-1.20852 -0.53437 -0.73260 B   116 
-1.45594 -0.25583 -0.48914 K   116 
-1.40250 -0.82618 -0.79158 B   117 
-1.17118 -1.01374 -0.80892 B   118 
-1.01566 -0.87140 -0.96040 T   118 
-0.93433 -1.27966 -0.81409 B   119 
-0.97094 -1.56392 -0.82101 D   119 
-0.71361 -1.22588 -0.55947 B   120 
-0.83087 -1.02863 -0.46042 V   120 
-0.60114 -1.51238 -0.50164 B   121 
-0.93728 -1.70218 -0.34503 Q   121 
-0.40694 -1.51800 -0.74916 B   122 
-0.53301 -1.50754 -0.91331 A   122 
-0.17700 -1.34816 -0.59098 B   123 
-0.24971 -1.01355 -0.84842 W   123 
-0.10604 -1.63019 -0.40363 B   124 
-0.22299 -1.53025 -0.18316 I   124 
-0.02824 -1.82840 -0.58775 B   125 
-0.51532 -1.88633 -0.75439 R   125 
 0.23134 -2.05447 -0.50336 B   126 
 0.24389 -1.96713 -0.21435 B   127 
 0.28238 -1.66449 -0.32071 X   127 
 0.41882 -2.00866  0.10293 B   128 
 0.38775 -2.37481  0.27453 R   128 
 0.16274 -2.00298  0.37940 B   129 
 0.13970 -1.77496  0.25707 L   129 
