246 
-0.28656  0.51313  1.20062 B   1 
-0.45624  0.17642  1.38521 K   1 
-0.03445  0.32882  1.37625 B   2 
 0.16129  0.49868  1.37439 V   2 
 0.09701  0.04492  1.30344 B   3 
-0.26946 -0.07867  1.10763 F   3 
 0.19613 -0.24857  1.36705 B   4 
 0.34712 -0.49621  1.23052 B   5 
 0.73969 -0.68403  1.24498 R   5 
 0.17610 -0.74509  1.33391 B   6 
 0.40139 -0.90619  1.48110 X   6 
-0.09089 -0.59077  1.29501 B   7 
-0.22888 -0.29411  1.50798 E   7 
-0.07845 -0.54995  0.98856 B   8 
 0.01494 -0.30226  0.83353 L   8 
-0.03825 -0.84021  0.90156 B   9 
 0.16519 -0.89309  0.95611 A   9 
-0.30640 -0.93944  1.00990 B   10 
-0.28463 -0.94751  1.22735 A   10 
-0.48817 -0.75339  0.84112 B   11 
-0.49424 -0.56375  0.94579 A   11 
-0.37479 -0.82807  0.56268 B   12 
-0.05616 -0.54826  0.49361 M   12 
-0.45119 -1.12139  0.58680 B   13 
-0.25291 -1.46251  0.76714 K   13 
-0.75209 -1.10682  0.63517 B   14 
-0.98354 -0.82875  0.91031 R   14 
-0.77111 -0.93912  0.35179 B   15 
-0.88365 -0.62263  0.54866 H   15 
-0.58307 -1.13737  0.14976 B   16 
-0.26126 -1.06048  0.08470 B   17 
-0.29716 -0.73807  0.08812 L   17 
-0.15166 -1.32786  0.11706 B   18 
 0.01692 -1.47786  0.32546 D   18 
-0.03779 -1.41697 -0.19091 B   19 
 0.06597 -1.65568 -0.00151 N   19 
-0.11556 -1.19394 -0.35849 B   20 
-0.49581 -0.99048 -0.45454 Y   20 
-0.02018 -1.24180 -0.66725 B   21 
-0.38446 -1.09963 -0.93679 R   21 
 0.24533 -1.38819 -0.51241 B   22 
 0.26357 -1.20470 -0.24593 B   23 
 0.41660 -0.93032 -0.59608 Y   23 
 0.38991 -1.21492  0.02995 B   24 
 0.58111 -1.34247  0.07549 S   24 
 0.32788 -1.06506  0.32171 B   25 
 0.11886 -1.13090  0.54652 L   25 
 0.61490 -0.93437  0.35808 B   26 
 0.59118 -0.73912  0.11936 B   27 
 0.70994 -0.95124 -0.11475 N   27 
 0.35849 -0.56653  0.22402 B   28 
 0.06928 -0.70499 -0.08616 W   28 
 0.49139 -0.48110  0.48811 B   29 
 0.44232 -0.64564  0.68330 V   29 
 0.74227 -0.35971  0.36234 B   30 
 0.98304 -0.46551  0.27396 X   30 
 0.60034 -0.14386  0.19646 B   31 
 0.51498 -0.24711  0.02354 A   31 
 0.45024  0.00348  0.42336 B   32 
 0.28098 -0.11867  0.47575 A   32 
 0.70344  0.08234  0.57728 B   33 
 0.92208  0.03011  0.83394 K   33 
 0.84359  0.25552  0.32468 B   34 
 1.16590  0.00951  0.39259 F   34 
 0.58858  0.43503  0.25258 B   35 
 0.55124  0.30578 -0.07266 E   35 
 0.45119  0.49957  0.57440 B   36 
 0.25439  0.40957  0.52646 S   36 
 0.53103  0.36210  0.84313 B   37 
 0.76573  0.45999  0.97583 N   37 
 0.23301  0.25571  0.91979 B   38 
 0.47880 -0.07433  0.95782 F   38 
 0.07077  0.52526  0.81745 B   39 
 0.09415  0.77411  0.98448 N   39 
-0.25246  0.60832  0.72335 B   40 
-0.39236  0.46211  0.86892 T   40 
-0.19478  0.94236  0.71478 B   41 
-0.39245  1.05128  1.04408 Q   41 
-0.00662  0.94067  0.48604 B   42 
 0.17095  0.84007  0.54121 A   42 
 0.12495  1.21953  0.29040 B   43 
-0.09489  1.32229  0.32213 T   43 
 0.24267  1.28441 -0.05927 B   44 
 0.46733  1.14292  0.14922 N   44 
 0.37761  1.49813 -0.26678 B   45 
 0.04961  1.86161 -0.39851 R   45 
 0.40133  1.52786 -0.61107 B   46 
 0.34327  1.19233 -0.57398 N   46 
 0.54720  1.66402 -0.88294 B   47 
 0.80321  1.63413 -0.90104 T   47 
 0.26685  1.61329 -1.05783 B   48 
 0.22950  1.35074 -1.06131 D   48 
 0.04364  1.69533 -0.81110 B   49 
-0.00059  1.46310 -0.67598 B   50 
 0.01080  1.25667 -0.80888 S   50 
-0.09869  1.20787 -0.41734 B   51 
-0.11507  1.42973 -0.26040 T   51 
-0.00936  1.01517 -0.14877 B   52 
 0.21950  0.85916 -0.35175 D   52 
-0.19821  0.75053  0.02723 B   53 
-0.41939  1.16294 -0.08111 Y   53 
-0.13354  0.59820  0.30388 B   54 
 0.01080  0.28615  0.38279 B   55 
-0.08571  0.12614  0.58030 I   55 
 0.04955  0.25954  0.03407 B   56 
 0.00478 -0.05590  0.07659 L   56 
 0.07003  0.51227 -0.13364 B   57 
 0.25032  0.72282  0.07281 Q   57 
-0.18154  0.60064 -0.29522 B   58 
-0.34805  0.33924 -0.29062 I   58 
-0.24477  0.75049 -0.59832 B   59 
-0.03788  0.88611 -0.77613 N   59 
-0.43441  1.03207 -0.73865 B   60 
-0.37681  1.21519 -0.61341 S   60 
-0.40142  0.98488 -1.05933 B   61 
-0.13436  1.27274 -1.23376 R   61 
-0.54325  0.67252 -1.04542 B   62 
-0.21750  0.65440 -1.36388 W   62 
-0.70584  0.57234 -0.75964 B   63 
-0.41259  0.27913 -0.90122 W   63 
-0.78863  0.85841 -0.62841 B   64 
-0.68163  0.82671 -0.39343 X   64 
-0.98382  1.12987 -0.49167 B   65 
-1.16431  1.29304 -0.66202 N   65 
-0.88045  1.49039 -0.40267 B   66 
-0.61713  1.45971 -0.45155 D   66 
-0.96398  1.74779 -0.59529 B   67 
-0.62497  1.81724 -0.70402 B   68 
-0.37139  1.86527 -0.30661 R   68 
-0.59719  1.61153 -0.97556 B   69 
-0.44203  1.46518 -0.83506 T   69 
-0.54047  1.64573 -1.27741 B   70 
-0.46049  1.84035 -1.23874 P   70 
-0.62436  1.37699 -1.46728 B   71 
-0.77441  1.18406 -1.29500 B   72 
-0.78118  1.27091 -1.07391 S   72 
-0.92493  0.84064 -1.22334 B   73 
-0.88336  0.72139 -1.55759 R   73 
-1.03340  0.66268 -0.98305 B   74 
-1.18586  0.77121 -0.77585 N   74 
-1.01628  0.33001 -0.98832 B   75 
-0.81769  0.32625 -1.24389 L   75 
-1.11687  0.27775 -0.67565 B   76 
-0.83365  0.17141 -0.60509 X   76 
-1.34995  0.45553 -0.61225 B   77 
-1.59217  0.45839 -0.73779 N   77 
-1.21472  0.69209 -0.40811 B   78 
-1.19781  0.46738 -0.21863 I   78 
-1.14838  0.87597 -0.15840 B   79 
-1.34652  0.90974 -0.10113 P   79 
-0.84037  0.93866 -0.04413 B   80 
-0.70039  1.04561 -0.30631 X   80 
-0.92859  0.95506  0.26056 B   81 
-1.10014  1.12220  0.25085 S   81 
-0.99776  0.65058  0.29189 B   82 
-1.16504  0.62002  0.16780 A   82 
-0.67568  0.58672  0.29276 B   83 
-0.65079  0.51819 -0.02632 L   83 
-0.66144  0.70989  0.61531 B   84 
-0.53637  0.96779  0.45376 L   84 
-0.78728  0.51201  0.77064 B   85 
-1.04063  0.45962  0.78553 S   85 
-0.78594  0.26890  1.02112 B   86 
-0.89224  0.36103  1.21495 S   86 
-0.93613  0.12662  0.79517 B   87 
-1.18344 -0.02905  0.78716 D   87 
-0.77527 -0.07606  0.54406 B   88 
-0.56002 -0.18086  0.66393 I   88 
-0.98025 -0.17531  0.33374 B   89 
-1.19171 -0.26959  0.46361 T   89 
-0.94122  0.03379  0.10679 B   90 
-1.04673  0.21241  0.17165 A   90 
-0.63659 -0.00925  0.05663 B   91 
-0.53007  0.17905  0.22550 S   91 
-0.65041 -0.30854 -0.00667 B   92 
-0.64540 -0.45794  0.20868 V   92 
-0.84516 -0.30710 -0.24381 B   93 
-1.12862 -0.37826 -0.07715 N   93 
-0.66385 -0.11574 -0.40509 B   94 
-0.67730  0.16796 -0.42792 X   94 
-0.40177 -0.27930 -0.40143 B   95 
-0.32104 -0.25795 -0.20301 A   95 
-0.51341 -0.52343 -0.55425 B   96 
-0.73227 -0.76394 -0.22086 K   96 
-0.54292 -0.35784 -0.81661 B   97 
-0.89411 -0.20042 -0.83132 K   97 
-0.25151 -0.26182 -0.85078 B   98 
-0.22228 -0.00481 -0.67968 I   98 
-0.10295 -0.54618 -0.85625 B   99 
-0.07026 -0.66096 -0.65733 V   99 
-0.29716 -0.62898 -1.11598 B   100 
-0.45950 -0.74826 -0.94791 S   100 
-0.19112 -0.41899 -1.34787 B   101 
-0.22598 -0.14314 -1.35739 D   101 
 0.13066 -0.56812 -1.42951 B   102 
 0.38718 -0.46909 -1.22547 B   103 
 0.42722 -0.24028 -1.45199 N   103 
 0.30188 -0.52551 -0.96745 B   104 
 0.49732 -0.41459 -0.69448 B   105 
 0.42561 -0.61307 -0.36394 M   105 
 0.64604 -0.19293 -0.87379 B   106 
 0.83006 -0.42764 -1.01666 N   106 
 0.44048  0.03398 -0.80345 B   107 
 0.25842 -0.04621 -0.86798 A   107 
 0.62795  0.03125 -0.54788 B   108 
 0.20102 -0.07719 -0.39230 W   108 
 0.90967  0.20107 -0.50424 B   109 
 0.90924  0.42320 -0.63158 V   109 
 0.98940  0.09914 -0.21925 B   110 
 0.88857  0.22871 -0.08129 A   110 
 0.97638 -0.19793 -0.28500 B   111 
 0.80894 -0.52869 -0.40403 W   111 
 1.17842 -0.20682 -0.52004 B   112 
 1.17379  0.01970 -0.87640 R   112 
 1.42091 -0.04527 -0.35817 B   113 
 1.40668  0.20029 -0.56982 N   113 
 1.36865 -0.21829 -0.05156 B   114 
 1.38129  0.22418  0.18601 R   114 
 1.22999 -0.52332 -0.10470 B   115 
 1.00354 -0.36993  0.05894 X   115 
 1.32558 -0.63416 -0.35139 B   116 
 1.19385 -0.62950 -0.77648 K   116 
 1.52664 -0.92339 -0.30478 B   117 
 1.45899 -0.96163 -0.01677 B   118 
 1.48232 -0.71560  0.06271 T   118 
 1.39265 -1.06434  0.31773 B   119 
 1.46904 -1.30100  0.46038 D   119 
 1.05662 -1.03537  0.36957 B   120 
 0.99603 -0.97478  0.13479 V   120 
 1.00361 -1.23629  0.60387 B   121 
 1.07573 -1.60133  0.41655 Q   121 
 1.11558 -1.04796  0.82971 B   122 
 1.31577 -1.02401  0.78172 A   122 
 0.83502 -0.88184  0.85042 B   123 
 1.02761 -0.53904  0.68037 W   123 
 0.69282 -1.15367  1.01031 B   124 
 0.54743 -1.22211  0.79479 I   124 
 0.84528 -1.19549  1.24322 B   125 
 1.24215 -1.38304  0.96808 R   125 
 0.68460 -1.29570  1.54280 B   126 
 0.41837 -1.34681  1.40928 B   127 
 0.43326 -1.04576  1.29298 X   127 
 0.07003 -1.44011  1.46352 B   128 
 0.00799 -1.81614  1.60218 R   128 
-0.03519 -1.66816  1.18252 B   129 
 0.03788 -1.44593  1.06955 L   129 
