246 
 1.02390 -0.84114 -0.17612 B   1 
 1.10233 -0.94512  0.22297 K   1 
 0.84025 -1.13567 -0.08723 B   2 
 0.76146 -1.21705 -0.32034 V   2 
 0.58479 -1.16504  0.10527 B   3 
 0.71624 -0.82369  0.33789 F   3 
 0.41693 -1.29629  0.33896 B   4 
 0.13054 -1.27741  0.48174 B   5 
-0.24087 -1.50437  0.49383 R   5 
 0.20707 -1.30293  0.79056 B   6 
 0.03968 -1.55741  0.86536 X   6 
 0.45658 -1.12117  0.75421 B   7 
 0.79120 -1.20782  0.57276 E   7 
 0.31381 -0.86031  0.66876 B   8 
 0.27065 -0.75148  0.38521 L   8 
 0.11832 -0.83217  0.90206 B   9 
-0.03234 -0.98619  0.87489 A   9 
 0.33434 -0.79947  1.11597 B   10 
 0.42109 -0.99807  1.14531 A   10 
 0.46842 -0.54605  0.99790 B   11 
 0.60421 -0.61570  0.84407 A   11 
 0.21382 -0.37054  0.97967 B   12 
 0.05453 -0.44594  0.58783 M   12 
 0.16055 -0.37955  1.27890 B   13 
-0.04569 -0.66533  1.53187 K   13 
 0.41998 -0.26848  1.39487 B   14 
 0.84861 -0.36325  1.27702 R   14 
 0.36592 -0.00007  1.21096 B   15 
 0.68156 -0.08388  0.99898 H   15 
 0.03988  0.06097  1.28480 B   16 
-0.20522 -0.03796  1.07540 B   17 
-0.04053  0.00651  0.79946 L   17 
-0.38543 -0.14524  1.27682 B   18 
-0.47483 -0.42279  1.37334 D   18 
-0.66098  0.05410  1.26722 B   19 
-0.74758 -0.18261  1.46745 N   19 
-0.59010  0.25755  1.07370 B   20 
-0.26157  0.54987  1.03088 Y   20 
-0.83458  0.47062  1.03426 B   21 
-0.62919  0.89844  1.01563 R   21 
-1.02270  0.19067  1.08053 B   22 
-0.82860 -0.03084  0.94536 B   23 
-1.00182  0.21814  0.58577 Y   23 
-0.79385 -0.33244  0.94247 B   24 
-0.97102 -0.47935  0.98639 S   24 
-0.54025 -0.53837  0.87387 B   25 
-0.29812 -0.63248  1.05016 L   25 
-0.68638 -0.70209  0.64445 B   26 
-0.70335 -0.46719  0.44393 B   27 
-0.99811 -0.34500  0.55388 N   27 
-0.40184 -0.42441  0.39755 B   28 
-0.39173 -0.02496  0.59596 W   28 
-0.33764 -0.71047  0.30397 B   29 
-0.27360 -0.86854  0.50017 V   29 
-0.53972 -0.71749  0.07461 B   30 
-0.81130 -0.77224  0.05973 X   30 
-0.42207 -0.48388 -0.08613 B   31 
-0.48528 -0.30172  0.01717 A   31 
-0.13418 -0.59000 -0.12590 B   32 
-0.03072 -0.56103  0.06057 A   32 
-0.21861 -0.84246 -0.27808 B   33 
-0.28138 -1.17778 -0.28329 K   33 
-0.37669 -0.68006 -0.52723 B   34 
-0.69273 -0.92292 -0.42648 F   34 
-0.14201 -0.47350 -0.59591 B   35 
-0.32758 -0.18693 -0.51029 E   35 
 0.14793 -0.67514 -0.55261 B   36 
 0.23668 -0.54316 -0.39823 S   36 
 0.16112 -0.95879 -0.42277 B   37 
 0.08840 -1.18197 -0.58762 N   37 
 0.38136 -0.88450 -0.19477 B   38 
 0.07368 -1.07084  0.00868 F   38 
 0.56829 -0.69040 -0.38670 B   39 
 0.73714 -0.82307 -0.59708 N   39 
 0.80362 -0.43940 -0.34372 B   40 
 0.92031 -0.50747 -0.13423 T   40 
 0.89593 -0.43063 -0.66989 B   41 
 1.25422 -0.60434 -0.64109 Q   41 
 0.63938 -0.32880 -0.77732 B   42 
 0.48868 -0.47468 -0.75082 A   42 
 0.56028 -0.20142 -1.11028 B   43 
 0.78679 -0.10878 -1.10921 T   43 
 0.32609  0.04583 -1.26637 B   44 
 0.19753 -0.25924 -1.20029 N   44 
 0.21118  0.17579 -1.54359 B   45 
 0.54965  0.48706 -1.75714 R   45 
 0.03657  0.46249 -1.62899 B   46 
-0.04208  0.42927 -1.29727 N   46 
-0.15091  0.63521 -1.84978 B   47 
-0.36767  0.51929 -1.92939 T   47 
-0.04423  0.92191 -1.71495 B   48 
-0.12789  0.91978 -1.46329 D   48 
 0.28170  0.82956 -1.66325 B   49 
 0.28408  0.71452 -1.41646 B   50 
 0.12330  0.80423 -1.25365 S   50 
 0.37853  0.51831 -1.10948 B   51 
 0.56140  0.41185 -1.28077 T   51 
 0.36117  0.22500 -0.93366 B   52 
 0.02129  0.27016 -0.91467 D   52 
 0.48032  0.14461 -0.59305 B   53 
 0.76935  0.38651 -0.89084 Y   53 
 0.50271 -0.13958 -0.44251 B   54 
 0.30006 -0.30840 -0.20827 B   55 
 0.40334 -0.44419  0.00343 I   55 
 0.08810 -0.03057 -0.24956 B   56 
 0.01044 -0.07332  0.05940 L   56 
 0.09646  0.12629 -0.50983 B   57 
 0.14885 -0.12266 -0.74380 Q   57 
 0.24624  0.39973 -0.51035 B   58 
 0.26557  0.45572 -0.20610 I   58 
 0.20872  0.70569 -0.66299 B   59 
 0.02064  0.76682 -0.89473 N   59 
 0.40295  0.94732 -0.86006 B   60 
 0.49753  0.82738 -1.03095 S   60 
 0.20050  1.20207 -0.87644 B   61 
 0.03223  1.24389 -1.26956 R   61 
 0.18413  1.23300 -0.53489 B   62 
-0.22835  1.34125 -0.69614 W   62 
 0.40632  1.06002 -0.33780 B   63 
-0.01025  1.00753 -0.21239 W   63 
 0.65426  1.01490 -0.54373 B   64 
 0.67465  0.75623 -0.52519 X   64 
 0.98449  1.02024 -0.69003 B   65 
 1.10720  1.27229 -0.78818 N   65 
 1.10099  0.92458 -1.04478 B   66 
 0.86320  0.83137 -1.13103 D   66 
 1.17843  1.15559 -1.27056 B   67 
 0.89563  1.08487 -1.48643 B   68 
 0.91749  0.62013 -1.57634 R   68 
 0.65460  1.28557 -1.35063 B   69 
 0.54363  1.07345 -1.26160 T   69 
 0.47753  1.51961 -1.44744 B   70 
 0.51737  1.46386 -1.65010 P   70 
 0.33526  1.70053 -1.19777 B   71 
 0.45315  1.61034 -0.93817 B   72 
 0.60339  1.43163 -0.98240 S   72 
 0.45870  1.59319 -0.55686 B   73 
 0.21272  1.84872 -0.51361 R   73 
 0.58455  1.42500 -0.31801 B   74 
 0.84824  1.33346 -0.32459 N   74 
 0.42895  1.39063 -0.02543 B   75 
 0.15040  1.51009 -0.13904 L   75 
 0.63721  1.16771  0.10703 B   76 
 0.41104  0.95495  0.09799 X   76 
 0.92093  1.24662  0.05028 B   77 
 1.04530  1.47661  0.12826 N   77 
 1.01751  1.02469 -0.18918 B   78 
 1.00310  0.83286  0.03370 I   78 
 1.16684  0.79342 -0.34663 B   79 
 1.36032  0.84692 -0.28847 P   79 
 1.01433  0.54602 -0.51211 B   80 
 0.82381  0.71071 -0.70277 X   80 
 1.23811  0.32998 -0.44777 B   81 
 1.43454  0.43982 -0.53032 S   81 
 1.17817  0.31012 -0.14039 B   82 
 1.23201  0.49813 -0.06247 A   82 
 0.90602  0.14159 -0.21347 B   83 
 0.70155  0.39709 -0.20707 L   83 
 1.10532 -0.13161 -0.28460 B   84 
 1.03909 -0.03217 -0.59116 L   84 
 1.19434 -0.21984 -0.03278 B   85 
 1.37289 -0.11000  0.11956 S   85 
 1.21401 -0.45794  0.22170 B   86 
 1.42902 -0.56270  0.20928 S   86 
 1.15781 -0.20115  0.37904 B   87 
 1.27706 -0.08407  0.61889 D   87 
 0.82655 -0.08466  0.46095 B   88 
 0.67710 -0.30550  0.48512 I   88 
 0.83793  0.19016  0.60392 B   89 
 1.02335  0.17629  0.79339 T   89 
 0.78470  0.38463  0.36707 B   90 
 0.97217  0.39821  0.25793 A   90 
 0.50957  0.27063  0.27503 B   91 
 0.59042  0.08905  0.08579 S   91 
 0.36313  0.30474  0.54180 B   92 
 0.40218  0.10352  0.70522 V   92 
 0.39589  0.60664  0.58592 B   93 
 0.66402  0.59947  0.78900 N   93 
 0.25889  0.67151  0.31661 B   94 
 0.37729  0.72372  0.06275 X   94 
-0.00806  0.52167  0.35829 B   95 
 0.03675  0.31246  0.33442 A   95 
-0.10061  0.68695  0.60228 B   96 
 0.12885  0.48855  0.95568 K   96 
-0.13724  0.94236  0.42753 B   97 
 0.18968  1.14596  0.42603 K   97 
-0.33594  0.83393  0.21760 B   98 
-0.16612  0.69555 -0.00194 I   98 
-0.57159  0.73802  0.41315 B   99 
-0.54715  0.54015  0.53173 V   99 
-0.58576  1.05140  0.52987 B   100 
-0.42958  0.97772  0.72738 S   100 
-0.69216  1.21650  0.26429 B   101 
-0.55420  1.26734  0.02811 D   101 
-1.04047  1.11128  0.25657 B   102 
-1.09434  0.81591  0.09196 B   103 
-1.13983  1.01130 -0.16303 N   103 
-0.92632  0.63190  0.21421 B   104 
-0.89476  0.30907  0.07347 B   105 
-0.76127  0.04296  0.32874 M   105 
-1.00299  0.40859 -0.21251 B   106 
-1.31226  0.41747 -0.09571 N   106 
-0.71619  0.47216 -0.32381 B   107 
-0.64270  0.61188 -0.18663 A   107 
-0.73489  0.15796 -0.36119 B   108 
-0.37842  0.22907 -0.06775 W   108 
-0.85695 -0.00577 -0.62273 B   109 
-0.82569  0.12412 -0.84115 V   109 
-0.82075 -0.30011 -0.52262 B   110 
-0.62159 -0.35618 -0.57900 A   110 
-0.96806 -0.26408 -0.25853 B   111 
-1.03790 -0.10768  0.09114 W   111 
-1.24132 -0.16448 -0.36599 B   112 
-1.31745  0.16477 -0.61921 R   112 
-1.27889 -0.41085 -0.58732 B   113 
-1.26864 -0.19942 -0.83327 N   113 
-1.16128 -0.66387 -0.36634 B   114 
-0.86816 -0.83414 -0.73710 R   114 
-1.20991 -0.57622 -0.04223 B   115 
-0.89229 -0.58903 -0.06543 X   115 
-1.45057 -0.42235 -0.01608 B   116 
-1.55680  0.00970 -0.02717 K   116 
-1.70275 -0.58986  0.16993 B   117 
-1.52583 -0.80687  0.27286 B   118 
-1.40112 -0.86452  0.05260 T   118 
-1.35422 -1.07037  0.44005 B   119 
-1.44202 -1.25295  0.64291 D   119 
-1.06022 -0.94330  0.55779 B   120 
-1.10376 -0.70551  0.49435 V   120 
-0.98928 -1.13632  0.79399 B   121 
-1.28982 -1.04482  1.06756 Q   121 
-0.88460 -1.36961  0.61059 B   122 
-1.05080 -1.42685  0.50082 A   122 
-0.59051 -1.23118  0.57758 B   123 
-0.67671 -1.15067  0.16574 W   123 
-0.51789 -1.32185  0.90344 B   124 
-0.54157 -1.06972  0.99366 I   124 
-0.53745 -1.60252  0.91234 B   125 
-1.05419 -1.58269  0.88129 R   125 
-0.30994 -1.78834  1.11065 B   126 
-0.19389 -1.54434  1.24597 B   127 
-0.13570 -1.42445  0.95165 X   127 
 0.05924 -1.42426  1.47942 B   128 
 0.01646 -1.54648  1.86375 R   128 
-0.09438 -1.15058  1.68808 B   129 
-0.11209 -1.07000  1.44174 L   129 
