246 
-1.06667  0.46573  0.65743 B   1 
-1.26520  0.10497  0.73915 K   1 
-0.96597  0.33946  0.97726 B   2 
-0.84276  0.54538  1.07515 V   2 
-0.77995  0.08683  1.04619 B   3 
-0.90903 -0.11190  0.68320 F   3 
-0.70527 -0.17933  1.19980 B   4 
-0.46847 -0.39364  1.22739 B   5 
-0.15771 -0.49776  1.51406 R   5 
-0.62783 -0.67012  1.23379 B   6 
-0.53203 -0.77960  1.51166 X   6 
-0.82411 -0.57380  1.01287 B   7 
-1.10781 -0.30750  1.04455 E   7 
-0.62174 -0.53676  0.78178 B   8 
-0.48670 -0.27809  0.68713 L   8 
-0.49378 -0.81437  0.78308 B   9 
-0.36963 -0.82396  0.96099 A   9 
-0.75030 -0.96391  0.71011 B   10 
-0.87402 -0.96353  0.89044 A   10 
-0.80313 -0.82157  0.43976 B   11 
-0.90269 -0.63526  0.48806 A   11 
-0.52703 -0.87667  0.31057 B   12 
-0.28406 -0.53940  0.41922 M   12 
-0.55790 -1.17891  0.32302 B   13 
-0.47807 -1.46954  0.63506 K   13 
-0.81620 -1.22474  0.16724 B   14 
-1.20743 -0.99447  0.18973 R   14 
-0.67042 -1.06944 -0.08459 B   15 
-0.92748 -0.77885 -0.05192 H   15 
-0.37048 -1.22905 -0.09052 B   16 
-0.09877 -1.08974  0.05257 B   17 
-0.17384 -0.78127 -0.01423 L   17 
 0.00030 -1.32876  0.18526 B   18 
 0.01241 -1.43777  0.47217 D   18 
 0.29800 -1.39842  0.03601 B   19 
 0.28668 -1.60775  0.28030 N   19 
 0.31681 -1.19879 -0.17294 B   20 
 0.06599 -1.07831 -0.51613 Y   20 
 0.59533 -1.23182 -0.34046 B   21 
 0.47778 -1.17120 -0.79660 R   21 
 0.71412 -1.31861 -0.03344 B   22 
 0.52858 -1.13052  0.15420 B   23 
 0.83102 -0.83711 -0.05496 Y   23 
 0.44538 -1.11003  0.44546 B   24 
 0.57690 -1.19537  0.61958 S   24 
 0.18825 -0.97067  0.60639 B   25 
-0.10444 -1.07347  0.65459 L   25 
 0.36045 -0.78392  0.79681 B   26 
 0.46980 -0.60181  0.57197 B   27 
 0.74078 -0.78961  0.49981 N   27 
 0.20336 -0.47809  0.47930 B   28 
 0.20836 -0.67777  0.08038 W   28 
 0.11905 -0.36283  0.75190 B   29 
-0.02082 -0.53040  0.89311 V   29 
 0.37081 -0.19540  0.79748 B   30 
 0.62319 -0.25179  0.89798 X   30 
 0.34160 -0.01576  0.55024 B   31 
 0.40480 -0.13722  0.37964 A   31 
 0.06114  0.10214  0.60645 B   32 
-0.08190 -0.05081  0.55685 A   32 
 0.13916  0.23338  0.87237 B   33 
 0.14340  0.23109  1.21351 K   33 
 0.38311  0.42684  0.74390 B   34 
 0.61499  0.25246  1.03518 F   34 
 0.21373  0.54966  0.50167 B   35 
 0.41539  0.40976  0.24939 E   35 
-0.10702  0.59075  0.65011 B   36 
-0.21011  0.46191  0.50211 S   36 
-0.20216  0.47710  0.92493 B   37 
-0.12690  0.62284  1.16023 N   37 
-0.45941  0.31393  0.80999 B   38 
-0.25332  0.04125  1.04227 F   38 
-0.55271  0.54316  0.59044 B   39 
-0.67918  0.79452  0.69625 N   39 
-0.74500  0.55734  0.30226 B   40 
-0.92315  0.38844  0.34558 T   40 
-0.74403  0.89593  0.28389 B   41 
-1.12103  0.96840  0.39344 Q   41 
-0.45473  0.92833  0.22928 B   42 
-0.34350  0.86678  0.39819 A   42 
-0.26926  1.22453  0.12339 B   43 
-0.46879  1.28118 -0.00650 T   43 
 0.03640  1.30568 -0.07741 B   44 
 0.08914  1.21636  0.24384 N   44 
 0.24140  1.53857 -0.18076 B   45 
 0.02992  1.82568 -0.54118 R   45 
 0.47834  1.56637 -0.43189 B   46 
 0.45880  1.22674 -0.39186 N   46 
 0.74437  1.72438 -0.56603 B   47 
 0.95167  1.74666 -0.41342 T   47 
 0.65565  1.61482 -0.86915 B   48 
 0.66748  1.35013 -0.85742 D   48 
 0.31700  1.65432 -0.83466 B   49 
 0.22941  1.42038 -0.72627 B   50 
 0.35366  1.21821 -0.79026 S   50 
 0.02468  1.15523 -0.55472 B   51 
-0.12111  1.37192 -0.47785 T   51 
-0.05539  0.98942 -0.26603 B   52 
 0.26965  0.87941 -0.25295 D   52 
-0.27295  0.69519 -0.21341 B   53 
-0.42677  1.05225 -0.49550 Y   53 
-0.38243  0.56406  0.05998 B   54 
-0.28124  0.28917  0.25653 B   55 
-0.45871  0.11647  0.36881 I   55 
-0.02214  0.26476  0.01970 B   56 
-0.03816 -0.05240  0.06936 L   56 
 0.06593  0.51337 -0.13147 B   57 
 0.03658  0.75972  0.10918 Q   57 
-0.02979  0.54607 -0.42638 B   58 
-0.11987  0.25648 -0.49044 I   58 
 0.09830  0.67458 -0.71861 B   59 
 0.34893  0.84611 -0.74251 N   59 
 0.00748  0.90938 -0.98614 B   60 
-0.05692  1.10256 -0.88094 S   60 
 0.24701  0.86415 -1.20231 B   61 
 0.51867  1.19698 -1.20759 R   61 
 0.17661  0.52983 -1.23629 B   62 
 0.62929  0.57241 -1.26966 W   62 
-0.11607  0.40389 -1.10736 B   63 
 0.23681  0.17369 -0.98696 W   63 
-0.30396  0.66955 -1.10137 B   64 
-0.37200  0.66437 -0.85035 X   64 
-0.57732  0.89824 -1.16022 B   65 
-0.62491  1.01841 -1.42764 N   65 
-0.60933  1.27375 -1.07930 B   66 
-0.37646  1.29618 -0.94535 D   66 
-0.58347  1.50542 -1.31593 B   67 
-0.26950  1.64016 -1.19408 B   68 
-0.34483  1.74562 -0.73829 R   68 
-0.04313  1.43955 -1.35323 B   69 
 0.00252  1.33018 -1.12698 T   69 
 0.19029  1.47915 -1.55185 B   70 
 0.19717  1.68659 -1.49998 P   70 
 0.28923  1.19565 -1.71045 B   71 
 0.09283  0.97942 -1.64646 B   72 
-0.06813  1.06702 -1.49518 S   72 
-0.01712  0.61397 -1.63753 B   73 
 0.24793  0.49968 -1.84816 R   73 
-0.22872  0.42203 -1.49768 B   74 
-0.49262  0.50110 -1.45231 N   74 
-0.16500  0.09967 -1.44269 B   75 
 0.14980  0.13167 -1.51081 L   75 
-0.43565  0.03370 -1.26100 B   76 
-0.25464 -0.01180 -1.01268 X   76 
-0.67634  0.16168 -1.38605 B   77 
-0.77625  0.11319 -1.63526 N   77 
-0.74158  0.42432 -1.17945 B   78 
-0.81984  0.21110 -0.99211 I   78 
-0.88034  0.62224 -0.97416 B   79 
-1.07039  0.61619 -1.06092 P   79 
-0.73332  0.74804 -0.70138 B   80 
-0.47381  0.87645 -0.82765 X   80 
-0.99934  0.75165 -0.52787 B   81 
-1.14509  0.88038 -0.66804 S   81 
-1.02788  0.44008 -0.50374 B   82 
-1.06797  0.37407 -0.69958 A   82 
-0.77867  0.44281 -0.28998 B   83 
-0.54318  0.37507 -0.50697 L   83 
-0.99498  0.57203 -0.05348 B   84 
-0.83349  0.84700 -0.13451 L   84 
-1.16157  0.35556  0.01364 B   85 
-1.35306  0.25320 -0.12781 S   85 
-1.28843  0.12226  0.24018 B   86 
-1.50683  0.19437  0.30697 S   86 
-1.23368 -0.05150 -0.00613 B   87 
-1.39105 -0.25415 -0.14622 D   87 
-0.92156 -0.22183 -0.06595 B   88 
-0.82357 -0.27870  0.17664 I   88 
-0.92404 -0.36426 -0.34127 B   89 
-1.15288 -0.49710 -0.36270 T   89 
-0.77743 -0.15567 -0.51944 B   90 
-0.92387 -0.00100 -0.56275 A   90 
-0.51110 -0.13699 -0.35853 B   91 
-0.56801  0.07195 -0.18994 S   91 
-0.43761 -0.43396 -0.37210 B   92 
-0.55231 -0.57539 -0.18352 V   92 
-0.42941 -0.47622 -0.67593 B   93 
-0.73923 -0.60034 -0.71830 N   93 
-0.21658 -0.25500 -0.71152 B   94 
-0.25232  0.01965 -0.77846 X   94 
 0.00023 -0.36199 -0.51918 B   95 
-0.07129 -0.32120 -0.32026 A   95 
 0.05086 -0.62635 -0.67072 B   96 
-0.29473 -0.90024 -0.52088 K   96 
 0.17546 -0.47487 -0.91290 B   97 
-0.09988 -0.39213 -1.16917 K   97 
 0.40167 -0.32243 -0.76834 B   98 
 0.27576 -0.06183 -0.65691 I   98 
 0.55683 -0.57086 -0.63729 B   99 
 0.46853 -0.67307 -0.44869 V   99 
 0.59212 -0.69589 -0.94576 B   100 
 0.37875 -0.84256 -0.90343 S   100 
 0.79188 -0.47293 -1.08540 B   101 
 0.73263 -0.21007 -1.15464 D   101 
 1.10661 -0.55522 -0.92222 B   102 
 1.15170 -0.40266 -0.61901 B   103 
 1.29598 -0.17455 -0.79907 N   103 
 0.92854 -0.47060 -0.46861 B   104 
 0.88157 -0.31754 -0.15336 B   105 
 0.64178 -0.52053  0.08137 M   105 
 1.07742 -0.07358 -0.22769 B   106 
 1.34117 -0.26866 -0.18587 N   106 
 0.84577  0.10820 -0.33715 B   107 
 0.76307 -0.00834 -0.48985 A   107 
 0.82036  0.14805 -0.02372 B   108 
 0.41585 -0.04184 -0.15994 W   108 
 0.97829  0.37216  0.16320 B   109 
 1.02890  0.58729  0.03393 V   109 
 0.86744  0.29358  0.44517 B   110 
 0.68406  0.40247  0.46751 A   110 
 0.94281 -0.00109  0.42992 B   111 
 0.94218 -0.36097  0.28130 W   111 
 1.24759  0.02694  0.38034 B   112 
 1.44309  0.24145  0.07360 R   112 
 1.30065  0.23712  0.63355 B   113 
 1.39234  0.47089  0.42803 N   113 
 1.08730  0.06258  0.85871 B   114 
 0.87936  0.50259  0.98332 R   114 
 1.06174 -0.26511  0.77468 B   115 
 0.76442 -0.15788  0.73359 X   115 
 1.30911 -0.35866  0.66362 B   116 
 1.48593 -0.38834  0.25627 K   116 
 1.47039 -0.60030  0.86820 B   117 
 1.23836 -0.64631  1.04996 B   118 
 1.16908 -0.39929  1.08955 T   118 
 0.98634 -0.75436  1.27722 B   119 
 0.98463 -0.96807  1.46833 D   119 
 0.69747 -0.79314  1.09976 B   120 
 0.79594 -0.75026  0.87408 V   120 
 0.53448 -0.99643  1.27348 B   121 
 0.76207 -1.34257  1.22952 Q   121 
 0.44467 -0.78534  1.48885 B   122 
 0.62197 -0.72219  1.57560 A   122 
 0.19787 -0.67915  1.30297 B   123 
 0.40320 -0.30752  1.24591 W   123 
 0.02665 -0.97126  1.37391 B   124 
 0.06767 -1.07156  1.12789 I   124 
-0.00464 -0.97718  1.65360 B   125 
 0.49727 -1.08532  1.72271 R   125 
-0.30485 -1.10251  1.79424 B   126 
-0.40981 -1.20886  1.53158 B   127 
-0.36618 -0.91315  1.40897 X   127 
-0.69198 -1.36981  1.36584 B   128 
-0.77464 -1.74808  1.48647 R   128 
-0.55564 -1.61940  1.11855 B   129 
-0.45945 -1.38902  1.04671 L   129 
