246 
-0.71575 -0.50424  1.01012 B   1 
-0.46688 -0.82254  1.12408 K   1 
-0.48969 -0.39794  1.26697 B   2 
-0.59477 -0.17084  1.33443 V   2 
-0.17337 -0.34486  1.24956 B   3 
-0.13716 -0.64152  0.93556 F   3 
 0.12621 -0.37000  1.34769 B   4 
 0.42142 -0.26655  1.27759 B   5 
 0.71068  0.01824  1.43514 R   5 
 0.59633 -0.53099  1.31451 B   6 
 0.79611 -0.43154  1.53490 X   6 
 0.37787 -0.70648  1.18001 B   7 
 0.03051 -0.80923  1.32556 E   7 
 0.37991 -0.57814  0.89848 B   8 
 0.19016 -0.36531  0.78533 L   8 
 0.67785 -0.60313  0.83485 B   9 
 0.77978 -0.45777  0.95991 A   9 
 0.68210 -0.90882  0.83970 B   10 
 0.66957 -0.96624  1.05035 A   10 
 0.47372 -0.95453  0.61469 B   11 
 0.27904 -0.93662  0.70816 A   11 
 0.61104 -0.78218  0.39699 B   12 
 0.44488 -0.38891  0.44521 M   12 
 0.86494 -0.94947  0.39473 B   13 
 1.22402 -0.94131  0.63804 K   13 
 0.75896 -1.22832  0.33069 B   14 
 0.39491 -1.44096  0.50052 R   14 
 0.62861 -1.09627  0.05799 B   15 
 0.27165 -1.16477  0.19757 H   15 
 0.89547 -0.92224 -0.06022 B   16 
 0.92256 -0.59068 -0.00507 B   17 
 0.60548 -0.52334 -0.01811 L   17 
 1.20414 -0.58773  0.06746 B   18 
 1.36966 -0.55603  0.32426 D   18 
 1.35890 -0.40936 -0.17745 B   19 
 1.59246 -0.45626  0.03905 N   19 
 1.14505 -0.35173 -0.36404 B   20 
 0.85438 -0.59287 -0.59332 Y   20 
 1.25541 -0.17664 -0.61680 B   21 
 1.04866 -0.36348 -1.00138 R   21 
 1.45181 -0.03956 -0.37485 B   22 
 1.25026 -0.05722 -0.12171 B   23 
 1.07597  0.28340 -0.39538 Y   23 
 1.26265 -0.04252  0.18129 B   24 
 1.43313  0.07182  0.29426 S   24 
 1.06698 -0.15048  0.42926 B   25 
 1.04229 -0.43308  0.56374 L   25 
 1.02064  0.13236  0.56581 B   26 
 0.85733  0.25356  0.33276 B   27 
 1.12142  0.37278  0.15969 N   27 
 0.61389  0.06518  0.34430 B   28 
 0.70028 -0.12856 -0.04816 W   28 
 0.53869  0.11950  0.63773 B   29 
 0.65725 -0.04185  0.80353 V   29 
 0.51055  0.42272  0.61016 B   30 
 0.69086  0.63351  0.61604 X   30 
 0.28492  0.42063  0.40199 B   31 
 0.37959  0.37181  0.21093 A   31 
 0.07428  0.25592  0.55762 B   32 
 0.13547  0.04990  0.54638 A   32 
 0.05321  0.45249  0.79200 B   33 
 0.13431  0.54256  1.11093 K   33 
-0.04047  0.71691  0.60560 B   34 
 0.27744  0.90303  0.78809 F   34 
-0.27539  0.57121  0.44424 B   35 
-0.12372  0.60888  0.12887 E   35 
-0.41524  0.35961  0.69378 B   36 
-0.38030  0.17341  0.57873 S   36 
-0.29439  0.29591  0.97455 B   37 
-0.33627  0.48925  1.18226 N   37 
-0.28804 -0.02769  0.93913 B   38 
 0.09142  0.07462  1.06690 F   38 
-0.57826 -0.05277  0.78228 B   39 
-0.82834 -0.01159  0.94394 N   39 
-0.73840 -0.28147  0.57668 B   40 
-0.65727 -0.50075  0.66315 T   40 
-1.03825 -0.12343  0.58624 B   41 
-1.23847 -0.37725  0.82048 Q   41 
-0.95490  0.12101  0.44121 B   42 
-0.81511  0.22836  0.55795 A   42 
-1.15839  0.39125  0.30372 B   43 
-1.32292  0.21743  0.25264 T   43 
-1.14378  0.63521  0.01980 B   44 
-0.97028  0.71926  0.29691 N   44 
-1.28296  0.89223 -0.12688 B   45 
-1.70638  0.75940 -0.37209 R   45 
-1.26255  1.04003 -0.43948 B   46 
-0.96486  0.87145 -0.42258 N   46 
-1.31706  1.30458 -0.64141 B   47 
-1.21307  1.52851 -0.56525 T   47 
-1.32796  1.09983 -0.90545 B   48 
-1.08875  0.98618 -0.91959 D   48 
-1.49991  0.84318 -0.75714 B   49 
-1.30833  0.68556 -0.64490 B   50 
-1.09274  0.67677 -0.76258 S   50 
-1.12537  0.43084 -0.43681 B   51 
-1.35997  0.43179 -0.29869 T   51 
-0.94929  0.35842 -0.15221 B   52 
-0.71075  0.58213 -0.25694 D   52 
-0.77335  0.04849 -0.05392 B   53 
-1.21548  0.01766 -0.23913 Y   53 
-0.64369 -0.03598  0.22888 B   54 
-0.31537 -0.03201  0.35783 B   55 
-0.21500 -0.23483  0.50856 I   55 
-0.23658  0.11310  0.04710 B   56 
 0.04518 -0.03930  0.07367 L   56 
-0.45047  0.26716 -0.10432 B   57 
-0.62398  0.42213  0.15129 Q   57 
-0.58692  0.12668 -0.34692 B   58 
-0.38681 -0.10392 -0.40032 I   58 
-0.71059  0.22069 -0.65382 B   59 
-0.75854  0.50709 -0.74597 N   59 
-1.01548  0.18803 -0.85613 B   60 
-1.18820  0.25336 -0.72037 S   60 
-0.92218  0.31205 -1.14259 B   61 
-1.09796  0.69804 -1.21132 R   61 
-0.66770  0.08430 -1.17787 B   62 
-0.51838  0.47627 -1.35653 W   62 
-0.65386 -0.18863 -0.96940 B   63 
-0.27394  0.02853 -0.99221 W   63 
-0.96539 -0.21782 -0.87993 B   64 
-0.93317 -0.21298 -0.62185 X   64 
-1.29594 -0.35312 -0.82589 B   65 
-1.48202 -0.40428 -1.05167 N   65 
-1.61972 -0.17961 -0.70911 B   66 
-1.50914  0.06107 -0.65898 D   66 
-1.86485 -0.10785 -0.92147 B   67 
-1.82044  0.25156 -0.90072 B   68 
-1.84172  0.35578 -0.43895 R   68 
-1.58399  0.30485 -1.14169 B   69 
-1.41751  0.34897 -0.95308 T   69 
-1.56352  0.46883 -1.40283 B   70 
-1.73023  0.58714 -1.33976 P   70 
-1.30910  0.37559 -1.60750 B   71 
-1.18972  0.12366 -1.49933 B   72 
-1.30108  0.06923 -1.29659 S   72 
-0.91524 -0.14118 -1.48362 B   73 
-0.74936 -0.02734 -1.77892 R   73 
-0.80644 -0.37478 -1.29717 B   74 
-0.97848 -0.54695 -1.16035 N   74 
-0.48476 -0.46134 -1.29255 B   75 
-0.39318 -0.19914 -1.45879 L   75 
-0.50196 -0.67353 -1.03703 B   76 
-0.32829 -0.47952 -0.86763 X   76 
-0.74542 -0.84657 -1.06414 B   77 
-0.80231 -1.01766 -1.26891 N   77 
-0.95628 -0.72268 -0.82726 B   78 
-0.76093 -0.84229 -0.64228 I   78 
-1.14236 -0.69184 -0.57232 B   79 
-1.23821 -0.87661 -0.59105 P   79 
-1.12753 -0.43815 -0.35489 B   80 
-1.15715 -0.19123 -0.54963 X   80 
-1.20545 -0.61529 -0.10302 B   81 
-1.41229 -0.71211 -0.17588 S   81 
-0.93975 -0.78209 -0.09582 B   82 
-0.94357 -0.89761 -0.27176 A   82 
-0.78684 -0.51660  0.02227 B   83 
-0.67578 -0.40695 -0.26543 L   83 
-0.93903 -0.57573  0.32684 B   84 
-1.12860 -0.32939  0.21898 L   84 
-0.80595 -0.80194  0.42801 B   85 
-0.83060 -1.04804  0.35066 S   85 
-0.60500 -0.96190  0.66439 B   86 
-0.74658 -1.09367  0.80563 S   86 
-0.48537 -1.06227  0.40082 B   87 
-0.40736 -1.32733  0.30534 D   87 
-0.21612 -0.89698  0.22706 B   88 
-0.06940 -0.77960  0.41780 I   88 
-0.15499 -1.03788 -0.04221 B   89 
-0.14181 -1.29910  0.00319 T   89 
-0.31491 -0.86073 -0.24170 B   90 
-0.52278 -0.92085 -0.22125 A   90 
-0.18058 -0.58682 -0.17769 B   91 
-0.34952 -0.49138  0.01641 S   91 
 0.10756 -0.67062 -0.23870 B   92 
 0.22478 -0.78617 -0.03467 V   92 
 0.07920 -0.76196 -0.53028 B   93 
 0.04530 -1.09240 -0.47689 N   93 
-0.03106 -0.48655 -0.61685 B   94 
-0.30174 -0.40239 -0.64583 X   94 
 0.19905 -0.30626 -0.51688 B   95 
 0.17778 -0.29573 -0.30291 A   95 
 0.41762 -0.42909 -0.69731 B   96 
 0.54290 -0.81185 -0.46343 K   96 
 0.28371 -0.31419 -0.95418 B   97 
 0.03523 -0.57165 -1.09666 K   97 
 0.28015 -0.01418 -0.88145 B   98 
 0.02350  0.03334 -0.71396 I   98 
 0.59363  0.03095 -0.82989 B   99 
 0.68788 -0.04367 -0.63150 V   99 
 0.64822 -0.07842 -1.14148 B   100 
 0.69459 -0.31689 -1.04244 S   100 
 0.50727  0.16013 -1.32131 B   101 
 0.23630  0.21832 -1.34557 D   101 
 0.75116  0.42698 -1.27937 B   102 
 0.70577  0.61568 -0.99728 B   103 
 0.52735  0.79972 -1.19620 N   103 
 0.70356  0.43439 -0.78712 B   104 
 0.62098  0.54910 -0.46302 B   105 
 0.74885  0.31090 -0.17893 M   105 
 0.47478  0.81118 -0.57850 B   106 
 0.76795  0.95011 -0.64266 N   106 
 0.19167  0.67548 -0.58966 B   107 
 0.22353  0.51107 -0.71494 A   107 
 0.21693  0.75367 -0.28353 B   108 
 0.17868  0.28816 -0.29207 W   108 
 0.13101  1.04149 -0.14252 B   109 
-0.06472  1.15371 -0.26359 V   109 
 0.21608  0.98322  0.15301 B   110 
 0.04727  0.88703  0.24377 A   110 
 0.50263  0.90165  0.08997 B   111 
 0.78342  0.69083 -0.07830 W   111 
 0.59758  1.15830 -0.05583 B   112 
 0.42433  1.34632 -0.39191 R   112 
 0.49389  1.36840  0.18125 B   113 
 0.28221  1.50445 -0.02363 N   113 
 0.60605  1.16355  0.44984 B   114 
 0.16032  1.23139  0.67141 R   114 
 0.86263  0.96378  0.35313 B   115 
 0.63205  0.75482  0.42211 X   115 
 1.02535  1.09826  0.15894 B   116 
 1.03486  1.12796 -0.28503 K   116 
 1.35218  1.17066  0.27809 B   117 
 1.33410  1.00046  0.52242 B   118 
 1.09733  1.07060  0.60248 T   118 
 1.37201  0.79549  0.81118 B   119 
 1.60147  0.74089  0.97418 D   119 
 1.24185  0.48878  0.73751 B   120 
 1.19545  0.53402  0.49613 V   120 
 1.38910  0.29925  0.93870 B   121 
 1.77944  0.31355  0.79388 Q   121 
 1.21477  0.38010  1.18787 B   122 
 1.25523  0.58148  1.21540 A   122 
 0.97396  0.17590  1.10389 B   123 
 0.72409  0.51144  1.01171 W   123 
 1.17207 -0.08940  1.20413 B   124 
 1.22164 -0.16609  0.95129 I   124 
 1.22720 -0.04669  1.47685 B   125 
 1.55265  0.34084  1.36603 R   125 
 1.23993 -0.32264  1.69889 B   126 
 1.22843 -0.52910  1.47853 B   127 
 0.96075 -0.38251  1.37251 X   127 
 1.21063 -0.88561  1.40385 B   128 
 1.53332 -1.10499  1.51438 R   128 
 1.43135 -0.95399  1.10611 B   129 
 1.25485 -0.78146  1.02506 L   129 
