246 
-0.42786  0.48720 -1.16897 B   1 
-0.52965  0.12970 -1.36409 K   1 
-0.77315  0.41004 -1.11242 B   2 
-0.85812  0.63369 -1.01277 V   2 
-0.90220  0.17960 -0.92960 B   3 
-0.55560 -0.07217 -0.99586 F   3 
-1.10026 -0.05936 -0.86891 B   4 
-1.19071 -0.25444 -0.63116 B   5 
-1.53036 -0.30218 -0.36291 R   5 
-1.21259 -0.53624 -0.77946 B   6 
-1.51373 -0.60258 -0.72212 X   6 
-0.95477 -0.48108 -0.94408 B   7 
-0.90851 -0.22940 -1.23890 E   7 
-0.75199 -0.46342 -0.71106 B   8 
-0.64263 -0.21225 -0.57301 L   8 
-0.80994 -0.73076 -0.57464 B   9 
-1.00332 -0.70981 -0.47808 A   9 
-0.72260 -0.90286 -0.81179 B   10 
-0.88166 -0.88574 -0.96090 A   10 
-0.43039 -0.80058 -0.82899 B   11 
-0.43775 -0.61546 -0.94138 A   11 
-0.35075 -0.85652 -0.53490 B   12 
-0.44512 -0.49468 -0.32333 M   12 
-0.40042 -1.15574 -0.55618 B   13 
-0.75787 -1.39777 -0.51309 K   13 
-0.21730 -1.23621 -0.78658 B   14 
-0.15171 -1.02746 -1.18497 R   14 
 0.03026 -1.10743 -0.61073 B   15 
 0.07511 -0.83007 -0.88027 H   15 
-0.02877 -1.24923 -0.30760 B   16 
-0.18841 -1.07715 -0.06551 B   17 
-0.06952 -0.78491 -0.14105 L   17 
-0.36568 -1.29064  0.02141 B   18 
-0.66370 -1.36006 -0.00533 D   18 
-0.27147 -1.36240  0.34035 B   19 
-0.53827 -1.53805  0.30049 N   19 
-0.04171 -1.19128  0.38272 B   20 
 0.34706 -1.13141  0.18151 Y   20 
 0.07823 -1.23029  0.68409 B   21 
 0.55042 -1.23700  0.63359 R   21 
-0.25161 -1.26905  0.75896 B   22 
-0.38303 -1.06867  0.54081 B   23 
-0.18048 -0.78874  0.86005 Y   23 
-0.65379 -1.01475  0.41450 B   24 
-0.85500 -1.06885  0.52168 S   24 
-0.75558 -0.87017  0.13136 B   25 
-0.77537 -0.98210 -0.16128 L   25 
-0.94086 -0.65054  0.26634 B   26 
-0.71086 -0.49374  0.40118 B   27 
-0.70475 -0.67378  0.68658 N   27 
-0.56494 -0.39855  0.14715 B   28 
-0.20235 -0.64841  0.21877 W   28 
-0.80413 -0.25335  0.01905 B   29 
-0.94581 -0.40850 -0.13404 V   29 
-0.86146 -0.06742  0.25492 B   30 
-1.00372 -0.09573  0.49143 X   30 
-0.59011  0.07616  0.25627 B   31 
-0.44874 -0.06293  0.34855 A   31 
-0.58892  0.18440 -0.03357 B   32 
-0.54112  0.01840 -0.16193 A   32 
-0.84246  0.35370 -0.00085 B   33 
-1.17773  0.39660 -0.04734 K   33 
-0.72451  0.54203  0.25225 B   34 
-1.06717  0.42092  0.44444 F   34 
-0.44597  0.62212  0.11641 B   35 
-0.24683  0.46185  0.35836 E   35 
-0.54007  0.66420 -0.22414 B   36 
-0.39819  0.51138 -0.29927 S   36 
-0.81159  0.58254 -0.35489 B   37 
-1.03274  0.76202 -0.32087 N   37 
-0.68491  0.39138 -0.58602 B   38 
-0.97969  0.16375 -0.40693 F   38 
-0.42469  0.58407 -0.65394 B   39 
-0.47555  0.83961 -0.80387 N   39 
-0.11290  0.54928 -0.80160 B   40 
-0.15338  0.37776 -0.97790 T   40 
-0.04813  0.88202 -0.81031 B   41 
-0.09176  0.94685 -1.20181 Q   41 
-0.03133  0.92324 -0.51749 B   42 
-0.22125  0.89085 -0.43045 A   42 
 0.08705  1.21292 -0.32930 B   43 
 0.25063  1.24061 -0.50922 T   43 
 0.25155  1.28407 -0.00034 B   44 
-0.08317  1.24095  0.00724 N   44 
 0.35590  1.51254  0.20908 B   45 
 0.77903  1.73727  0.04321 R   45 
 0.57212  1.52037  0.47958 B   46 
 0.48863  1.18842  0.46675 N   46 
 0.68758  1.67413  0.75663 B   47 
 0.51157  1.72798  0.93796 T   47 
 0.98212  1.52077  0.71808 B   48 
 0.93228  1.26102  0.73773 D   48 
 1.00203  1.54526  0.37685 B   49 
 0.87588  1.32306  0.28274 B   50 
 0.89288  1.12157  0.42245 S   50 
 0.70018  1.07166  0.06461 B   51 
 0.67562  1.28800 -0.09883 T   51 
 0.40568  0.94105 -0.05140 B   52 
 0.33132  0.85227  0.27189 D   52 
 0.34433  0.64448 -0.26343 B   53 
 0.69218  0.95203 -0.38655 Y   53 
 0.07383  0.54452 -0.40751 B   54 
-0.17130  0.30406 -0.32669 B   55 
-0.27998  0.13790 -0.51244 I   55 
 0.02053  0.26337 -0.03451 B   56 
-0.06980 -0.04488 -0.04611 L   56 
 0.19057  0.49449  0.06590 B   57 
-0.00697  0.76833 -0.00793 Q   57 
 0.49777  0.48261  0.01400 B   58 
 0.53326  0.18249 -0.05487 I   58 
 0.78373  0.57856  0.17935 B   59 
 0.79521  0.75933  0.42431 N   59 
 1.09139  0.77057  0.12082 B   60 
 1.02422  0.97197  0.03445 S   60 
 1.26286  0.71088  0.39134 B   61 
 1.27545  1.05494  0.64839 R   61 
 1.25987  0.37156  0.33908 B   62 
 1.23400  0.43489  0.78983 W   62 
 1.15776  0.24736  0.03529 B   63 
 0.95761  0.05532  0.37452 W   63 
 1.21546  0.50045 -0.16101 B   64 
 0.97842  0.52452 -0.26541 X   64 
 1.34376  0.70358 -0.43075 B   65 
 1.62927  0.78460 -0.44240 N   65 
 1.32103  1.08405 -0.48818 B   66 
 1.15969  1.13705 -0.27883 D   66 
 1.58134  1.28364 -0.43591 B   67 
 1.43587  1.45077 -0.14872 B   68 
 1.01451  1.61091 -0.29484 R   68 
 1.53181  1.24407  0.10601 B   69 
 1.28842  1.16820  0.12146 T   69 
 1.69870  1.27030  0.36478 B   70 
 1.67563  1.48282  0.35626 P   70 
 1.80077  0.97444  0.49653 B   71 
 1.73609  0.75776  0.30086 B   72 
 1.62289  0.85528  0.11608 S   72 
 1.69237  0.39105  0.20427 B   73 
 1.84521  0.26518  0.50171 R   73 
 1.55886  0.20754 -0.01861 B   74 
 1.56294  0.27685 -0.28905 N   74 
 1.45123 -0.10064  0.04798 B   75 
 1.47759 -0.06015  0.36803 L   75 
 1.30258 -0.15731 -0.24409 B   76 
 1.02712 -0.15941 -0.10051 X   76 
 1.47715 -0.06072 -0.46802 B   77 
 1.72891 -0.14717 -0.52789 N   77 
 1.32035  0.22273 -0.57285 B   78 
 1.11835  0.03196 -0.67026 I   78 
 1.16634  0.43780 -0.74778 B   79 
 1.27760  0.40964 -0.92245 P   79 
 0.89548  0.60653 -0.64769 B   80 
 1.00006  0.73164 -0.37717 X   80 
 0.76382  0.61791 -0.93652 B   81 
 0.93979  0.71862 -1.06441 S   81 
 0.70108  0.31112 -0.95690 B   82 
 0.88957  0.21773 -0.96496 A   82 
 0.45645  0.35605 -0.74254 B   83 
 0.62619  0.27375 -0.47506 L   83 
 0.27339  0.50285 -0.99622 B   84 
 0.36789  0.77344 -0.83466 L   84 
 0.20135  0.28803 -1.16290 B   85 
 0.35308  0.15729 -1.32734 S   85 
-0.03492  0.07980 -1.31343 B   86 
-0.05928  0.14762 -1.54183 S   86 
 0.17461 -0.12150 -1.21631 B   87 
 0.30625 -0.34940 -1.34355 D   87 
 0.16518 -0.28031 -0.89273 B   88 
-0.09441 -0.29911 -0.82992 I   88 
 0.41563 -0.45766 -0.84900 B   89 
 0.45083 -0.60489 -1.06708 T   89 
 0.59826 -0.26639 -0.68525 B   90 
 0.68299 -0.12730 -0.82918 A   90 
 0.40521 -0.21168 -0.44669 B   91 
 0.27703  0.01410 -0.53567 S   91 
 0.36690 -0.50321 -0.36117 B   92 
 0.17883 -0.62483 -0.49740 V   92 
 0.65765 -0.58457 -0.30631 B   93 
 0.72611 -0.73050 -0.60161 N   93 
 0.69286 -0.35830 -0.09880 B   94 
 0.80160 -0.09732 -0.13422 X   94 
 0.45865 -0.42660  0.09074 B   95 
 0.27953 -0.36409 -0.01102 A   95 
 0.56334 -0.70532  0.17301 B   96 
 0.42777 -0.97619 -0.18076 K   96 
 0.80392 -0.58025  0.32663 B   97 
 1.10576 -0.54768  0.08964 K   97 
 0.65113 -0.39757  0.52307 B   98 
 0.59596 -0.13210  0.37252 I   98 
 0.46618 -0.61741  0.66600 B   99 
 0.27977 -0.69873  0.55442 V   99 
 0.74616 -0.77977  0.75135 B   100 
 0.71475 -0.93142  0.53958 S   100 
 0.88544 -0.56621  0.96137 B   101 
 0.99816 -0.31853  0.90349 D   101 
 0.66929 -0.60838  1.25111 B   102 
 0.38683 -0.41492  1.24496 B   103 
 0.57435 -0.20472  1.40597 N   103 
 0.26181 -0.47497  1.00455 B   104 
-0.01927 -0.28464  0.90561 B   105 
-0.24327 -0.46817  0.64116 M   105 
 0.05948 -0.04191  1.10127 B   106 
-0.04609 -0.21456  1.36283 N   106 
 0.22494  0.11049  0.88199 B   107 
 0.37023 -0.02963  0.82725 A   107 
-0.07310  0.18976  0.80877 B   108 
 0.09172 -0.03896  0.43627 W   108 
-0.24774  0.44510  0.92882 B   109 
-0.09846  0.64385  0.99019 V   109 
-0.51919  0.39819  0.78020 B   110 
-0.49987  0.49854  0.59166 A   110 
-0.55580  0.10882  0.86773 B   111 
-0.45991 -0.26696  0.90241 W   111 
-0.54674  0.14726  1.17527 B   112 
-0.24425  0.33021  1.40625 R   112 
-0.77334  0.39160  1.18233 B   113 
-0.55260  0.60109  1.29495 N   113 
-0.98780  0.23646  0.94438 B   114 
-1.01936  0.67658  0.70424 R   114 
-0.94720 -0.10036  0.94363 B   115 
-0.84972 -0.01645  0.65201 X   115 
-0.88655 -0.19359  1.20803 B   116 
-0.51662 -0.26661  1.44447 K   116 
-1.14350 -0.39668  1.34582 B   117 
-1.29495 -0.43140  1.09117 B   118 
-1.28967 -0.18563  1.00777 T   118 
-1.49676 -0.52265  0.81227 B   119 
-1.71341 -0.70909  0.78996 D   119 
-1.28706 -0.60072  0.55464 B   120 
-1.07396 -0.58244  0.68395 V   120 
-1.46226 -0.78826  0.37517 B   121 
-1.49954 -1.12375  0.61930 Q   121 
-1.63130 -0.55606  0.24663 B   122 
-1.73282 -0.47212  0.40662 A   122 
-1.39925 -0.48939  0.02652 B   123 
-1.32111 -0.11751  0.22431 W   123 
-1.48486 -0.77883 -0.14253 B   124 
-1.26348 -0.90816 -0.06171 I   124 
-1.75533 -0.74963 -0.21485 B   125 
-1.90954 -0.81918  0.27480 R   125 
-1.86777 -0.87211 -0.52785 B   126 
-1.61013 -1.01788 -0.58859 B   127 
-1.45521 -0.73890 -0.53807 X   127 
-1.42980 -1.21494 -0.83686 B   128 
-1.58864 -1.57809 -0.92265 R   128 
-1.24143 -1.48681 -0.65619 B   129 
-1.15281 -1.26283 -0.55889 L   129 
