246 
-0.44836  0.80307 -0.97003 B   1 
-0.61988  0.51861 -1.22674 K   1 
-0.79516  0.75938 -0.89130 B   2 
-0.83616  0.96169 -0.73459 V   2 
-0.94145  0.51035 -0.75073 B   3 
-0.64425  0.23958 -0.91279 F   3 
-1.16755  0.29112 -0.72191 B   4 
-1.26570  0.05806 -0.52491 B   5 
-1.58413 -0.00864 -0.23552 R   5 
-1.34296 -0.17494 -0.72893 B   6 
-1.64458 -0.21405 -0.65230 X   6 
-1.09499 -0.11543 -0.90663 B   7 
-1.03668  0.19141 -1.14085 E   7 
-0.87247 -0.18003 -0.70160 B   8 
-0.71462  0.01476 -0.52483 L   8 
-0.95839 -0.46258 -0.62269 B   9 
-1.13723 -0.44080 -0.50145 A   9 
-0.91912 -0.58270 -0.90110 B   10 
-1.08603 -0.51025 -1.02243 A   10 
-0.61736 -0.51746 -0.92978 B   11 
-0.60617 -0.31145 -0.99607 A   11 
-0.52198 -0.65178 -0.66745 B   12 
-0.54152 -0.34201 -0.37036 M   12 
-0.61826 -0.92837 -0.74920 B   13 
-1.00329 -1.12598 -0.71901 K   13 
-0.47017 -0.97413 -1.01200 B   14 
-0.40834 -0.68634 -1.35833 R   14 
-0.19161 -0.92384 -0.84269 B   15 
-0.12859 -0.59814 -1.04652 H   15 
-0.24504 -1.12525 -0.57426 B   16 
-0.35507 -0.99710 -0.28241 B   17 
-0.20009 -0.71293 -0.30415 L   17 
-0.55456 -1.20073 -0.22501 B   18 
-0.86085 -1.22310 -0.23075 D   18 
-0.44509 -1.35809  0.05607 B   19 
-0.73795 -1.48356  0.01006 N   19 
-0.18917 -1.23286  0.10792 B   20 
 0.18527 -1.17678 -0.11980 Y   20 
-0.05092 -1.35777  0.37627 B   21 
 0.40857 -1.41247  0.26938 R   21 
-0.37508 -1.37085  0.47949 B   22 
-0.49288 -1.10903  0.32919 B   23 
-0.22321 -0.94177  0.67647 Y   23 
-0.76219 -0.99235  0.25154 B   24 
-0.95924 -1.04435  0.36716 S   24 
-0.86493 -0.77249  0.02233 B   25 
-0.92679 -0.80775 -0.28343 L   25 
-1.00225 -0.56969  0.22433 B   26 
-0.74025 -0.48037  0.36237 B   27 
-0.73692 -0.72268  0.59726 N   27 
-0.60411 -0.34665  0.12056 B   28 
-0.27894 -0.65059  0.09036 W   28 
-0.82861 -0.14571  0.05788 B   29 
-1.00496 -0.24036 -0.10801 V   29 
-0.83634 -0.01580  0.33457 B   30 
-0.96022 -0.08143  0.57399 X   30 
-0.54721  0.08742  0.33559 B   31 
-0.42120 -0.08659  0.37672 A   31 
-0.55467  0.26074  0.07941 B   32 
-0.54399  0.12554 -0.08769 A   32 
-0.77571  0.44827  0.17940 B   33 
-1.10330  0.54350  0.18421 K   33 
-0.60900  0.55398  0.45230 B   34 
-0.94815  0.43522  0.65203 F   34 
-0.33433  0.62797  0.30554 B   35 
-0.14170  0.39041  0.47974 E   35 
-0.45007  0.76190 -0.00312 B   36 
-0.34015  0.61464 -0.12704 S   36 
-0.74116  0.74924 -0.11537 B   37 
-0.92863  0.94211 -0.01573 N   37 
-0.66554  0.60431 -0.39696 B   38 
-0.97488  0.38003 -0.23952 F   38 
-0.38590  0.77278 -0.45058 B   39 
-0.41008  1.06110 -0.53217 N   39 
-0.09701  0.73478 -0.63852 B   40 
-0.17823  0.61699 -0.84265 T   40 
 0.01663  1.04887 -0.58007 B   41 
-0.05036  1.21044 -0.93894 Q   41 
 0.06481  1.01639 -0.28964 B   42 
-0.11956  0.98867 -0.18998 A   42 
 0.24174  1.23512 -0.05683 B   43 
 0.39142  1.28389 -0.24422 T   43 
 0.44302  1.20396  0.25757 B   44 
 0.10756  1.20339  0.29532 N   44 
 0.59866  1.36048  0.49887 B   45 
 1.03508  1.56240  0.33820 R   45 
 0.83615  1.27573  0.73634 B   46 
 0.70233  0.96994  0.65947 N   46 
 0.99722  1.34275  1.02495 B   47 
 0.84783  1.37372  1.23348 T   47 
 1.26054  1.16673  0.91800 B   48 
 1.17364  0.91837  0.88471 D   48 
 1.25432  1.26934  0.59110 B   49 
 1.08815  1.09407  0.46534 B   50 
 1.08633  0.86455  0.55323 S   50 
 0.85802  0.92666  0.21903 B   51 
 0.85261  1.17711  0.11243 T   51 
 0.53815  0.86629  0.11280 B   52 
 0.47943  0.71305  0.41445 D   52 
 0.41426  0.63936 -0.15144 B   53 
 0.79287  0.92039 -0.24318 Y   53 
 0.12025  0.61213 -0.28081 B   54 
-0.15068  0.39266 -0.22724 B   55 
-0.29906  0.29101 -0.43114 I   55 
 0.05729  0.25914  0.02324 B   56 
-0.07955 -0.02326 -0.04630 L   56 
 0.26858  0.43588  0.15184 B   57 
 0.10936  0.74235  0.16550 Q   57 
 0.56472  0.39761  0.06219 B   58 
 0.54804  0.12066 -0.07599 I   58 
 0.87519  0.41392  0.20939 B   59 
 0.93522  0.52790  0.48547 N   59 
 1.20224  0.57344  0.15901 B   60 
 1.15927  0.79653  0.12870 S   60 
 1.38541  0.42941  0.38672 B   61 
 1.47242  0.69753  0.71099 R   61 
 1.32632  0.11567  0.26042 B   62 
 1.34952  0.07217  0.71365 W   62 
 1.18057  0.08178 -0.04902 B   63 
 0.98367 -0.15860  0.25995 W   63 
 1.25888  0.36495 -0.18900 B   64 
 1.02013  0.44337 -0.25619 X   64 
 1.39275  0.60858 -0.41968 B   65 
 1.68517  0.65289 -0.44696 N   65 
 1.42329  0.99144 -0.38716 B   66 
 1.29064  1.01302 -0.15348 D   66 
 1.71448  1.13782 -0.32300 B   67 
 1.62155  1.24861  0.00966 B   68 
 1.21841  1.49151 -0.04529 R   68 
 1.70663  0.97650  0.19816 B   69 
 1.45679  0.93086  0.22523 T   69 
 1.89734  0.91857  0.43433 B   70 
 1.90622  1.12812  0.47652 P   70 
 1.96423  0.58925  0.48316 B   71 
 1.85063  0.43573  0.25306 B   72 
 1.73801  0.58823  0.10978 S   72 
 1.74342  0.11141  0.08262 B   73 
 1.90051 -0.10037  0.32376 R   73 
 1.56475  0.00511 -0.15811 B   74 
 1.55589  0.13596 -0.40460 N   74 
 1.41766 -0.29371 -0.14995 B   75 
 1.47749 -0.33461  0.16551 L   75 
 1.23738 -0.25944 -0.42733 B   76 
 0.97830 -0.26061 -0.25595 X   76 
 1.40456 -0.13524 -0.64314 B   77 
 1.63409 -0.23629 -0.75058 N   77 
 1.28423  0.18269 -0.66217 B   78 
 1.04789  0.04815 -0.77498 I   78 
 1.15017  0.45120 -0.76466 B   79 
 1.24030  0.45165 -0.95322 P   79 
 0.91784  0.62428 -0.59758 B   80 
 1.06327  0.66669 -0.32040 X   80 
 0.76493  0.72111 -0.85860 B   81 
 0.94243  0.82614 -0.98077 S   81 
 0.65471  0.43869 -0.93962 B   82 
 0.82539  0.32664 -0.99092 A   82 
 0.43927  0.46193 -0.69293 B   83 
 0.61702  0.29709 -0.47303 L   83 
 0.25939  0.68727 -0.88342 B   84 
 0.40760  0.89703 -0.67779 L   84 
 0.14135  0.52954 -1.08418 B   85 
 0.25660  0.42362 -1.29071 S   85 
-0.13599  0.39527 -1.24818 B   86 
-0.16944  0.51826 -1.45094 S   86 
 0.04808  0.15152 -1.22449 B   87 
 0.13199 -0.05424 -1.41443 D   87 
 0.04266 -0.07749 -0.94605 B   88 
-0.21034 -0.07745 -0.85843 I   88 
 0.26605 -0.29065 -0.97352 B   89 
 0.25941 -0.38473 -1.22167 T   89 
 0.48914 -0.16902 -0.79412 B   90 
 0.58126 -0.01154 -0.91226 A   90 
 0.32806 -0.14872 -0.52801 B   91 
 0.22850  0.10624 -0.54807 S   91 
 0.25338 -0.44489 -0.50611 B   92 
 0.03791 -0.50537 -0.64262 V   92 
 0.53201 -0.57346 -0.50612 B   93 
 0.55164 -0.65208 -0.83265 N   93 
 0.61909 -0.40976 -0.25889 B   94 
 0.76279 -0.16397 -0.24762 X   94 
 0.39451 -0.49091 -0.06285 B   95 
 0.21886 -0.38353 -0.12580 A   95 
 0.46230 -0.79224 -0.05834 B   96 
 0.25697 -0.95107 -0.44501 K   96 
 0.73150 -0.73930  0.08947 B   97 
 1.01311 -0.68985 -0.16856 K   97 
 0.62589 -0.59090  0.33873 B   98 
 0.59892 -0.29233  0.25928 I   98 
 0.42272 -0.81306  0.44980 B   99 
 0.21715 -0.84085  0.34597 V   99 
 0.68106 -1.02551  0.46240 B   100 
 0.60872 -1.11684  0.22734 S   100 
 0.86887 -0.88794  0.69674 B   101 
 1.01252 -0.65010  0.68282 D   101 
 0.67474 -0.97019  0.99338 B   102 
 0.42555 -0.74643  1.06465 B   103 
 0.65610 -0.60654  1.24506 N   103 
 0.27250 -0.73078  0.83364 B   104 
 0.01616 -0.48802  0.81430 B   105 
-0.25522 -0.57285  0.54421 M   105 
 0.14756 -0.31121  1.04856 B   106 
 0.04000 -0.52645  1.27543 N   106 
 0.31467 -0.13323  0.85085 B   107 
 0.43166 -0.27357  0.74908 A   107 
 0.02695 -0.00135  0.83351 B   108 
 0.12216 -0.15352  0.40221 W   108 
-0.09575  0.23803  1.02780 B   109 
 0.08679  0.39561  1.11385 V   109 
-0.38301  0.26308  0.90604 B   110 
-0.36505  0.40228  0.74390 A   110 
-0.45550 -0.03171  0.93018 B   111 
-0.41526 -0.41396  0.86794 W   111 
-0.41410 -0.06938  1.23514 B   112 
-0.06844  0.01286  1.46335 R   112 
-0.59941  0.19307  1.32391 B   113 
-0.34045  0.33959  1.45339 N   113 
-0.85477  0.12801  1.08466 B   114 
-0.83967  0.61310  0.95492 R   114 
-0.86611 -0.20121  1.00353 B   115 
-0.78263 -0.06317  0.72864 X   115 
-0.79768 -0.36190  1.23106 B   116 
-0.42410 -0.53596  1.39905 K   116 
-1.06963 -0.55751  1.34953 B   117 
-1.24609 -0.51071  1.11360 B   118 
-1.21071 -0.25487  1.08743 T   118 
-1.48282 -0.50610  0.84756 B   119 
-1.72642 -0.65255  0.81011 D   119 
-1.31055 -0.54644  0.55578 B   120 
-1.08676 -0.58697  0.65942 V   120 
-1.52712 -0.66167  0.36112 B   121 
-1.59373 -1.03820  0.52643 Q   121 
-1.66935 -0.38584  0.30913 B   122 
-1.74268 -0.33033  0.49485 A   122 
-1.44981 -0.29869  0.08343 B   123 
-1.29915  0.00201  0.34877 W   123 
-1.59277 -0.52594 -0.13474 B   124 
-1.38749 -0.69803 -0.11210 I   124 
-1.86089 -0.44600 -0.16575 B   125 
-1.98089 -0.61031  0.31068 R   125 
-2.01733 -0.47471 -0.48247 B   126 
-1.79111 -0.63341 -0.60476 B   127 
-1.59177 -0.39673 -0.51187 X   127 
-1.66505 -0.78677 -0.91067 B   128 
-1.88413 -1.09553 -1.05608 R   128 
-1.50532 -1.11572 -0.81948 B   129 
-1.37556 -0.93470 -0.68575 L   129 
