246 
-0.13849 -1.19449 -0.58389 B   1 
 0.07180 -1.43402 -0.31069 K   1 
-0.36274 -1.32591 -0.33728 B   2 
-0.59210 -1.27094 -0.44470 V   2 
-0.39173 -1.24747 -0.02714 B   3 
 0.02847 -1.14224 -0.01069 F   3 
-0.41805 -1.30954  0.28184 B   4 
-0.46116 -1.16229  0.56330 B   5 
-0.78019 -1.10732  0.85450 R   5 
-0.25573 -1.31668  0.75262 B   6 
-0.45494 -1.42436  0.96963 X   6 
-0.03962 -1.32384  0.52934 B   7 
-0.03904 -1.53941  0.20387 E   7 
 0.00540 -1.01950  0.49643 B   8 
-0.11562 -0.83113  0.28672 L   8 
 0.06669 -0.94683  0.78695 B   9 
-0.12126 -0.96108  0.89480 A   9 
 0.32085 -1.11582  0.80519 B   10 
 0.25454 -1.32387  0.81717 A   10 
 0.47728 -0.97618  0.57677 B   11 
 0.40775 -1.06606  0.39226 A   11 
 0.45333 -0.68617  0.68296 B   12 
 0.09368 -0.53205  0.50550 M   12 
 0.59996 -0.74656  0.94240 B   13 
 0.46807 -0.90500  1.32411 K   13 
 0.86682 -0.85586  0.84277 B   14 
 0.94619 -1.15300  0.50810 R   14 
 0.90136 -0.57160  0.67907 B   15 
 0.87624 -0.76473  0.34193 H   15 
 0.82453 -0.34920  0.92424 B   16 
 0.51670 -0.21275  0.94224 B   17 
 0.46107 -0.20072  0.62285 L   17 
 0.48033 -0.24028  1.22942 B   18 
 0.31759 -0.41876  1.41918 D   18 
 0.46642  0.07762  1.34985 B   19 
 0.39287 -0.10225  1.60649 N   19 
 0.51511  0.24053  1.11543 B   20 
 0.83638  0.26882  0.81344 Y   20 
 0.50736  0.55825  1.19107 B   21 
 0.86891  0.75470  0.95393 R   21 
 0.26477  0.45259  1.40530 B   22 
 0.13835  0.20960  1.23214 B   23 
-0.00259  0.60265  1.01546 Y   23 
-0.03816 -0.03362  1.27529 B   24 
-0.19217 -0.04695  1.45137 S   24 
-0.08583 -0.32051  1.11142 B   25 
 0.07804 -0.58828  1.11336 L   25 
-0.39834 -0.28644  1.06707 B   26 
-0.37685 -0.04477  0.87523 B   27 
-0.37794  0.19339  1.11436 N   27 
-0.22964 -0.18342  0.64287 B   28 
 0.14768  0.04850  0.69648 W   28 
-0.43592 -0.40698  0.59625 B   29 
-0.38808 -0.61930  0.73841 V   29 
-0.67614 -0.22305  0.55202 B   30 
-0.85285 -0.09383  0.72247 X   30 
-0.56582 -0.07576  0.30628 B   31 
-0.41932  0.06761  0.38265 A   31 
-0.51603 -0.31806  0.12045 B   32 
-0.33572 -0.41336  0.18919 A   32 
-0.80869 -0.40941  0.11519 B   33 
-1.05579 -0.61749  0.22494 K   33 
-0.93142 -0.12137 -0.00895 B   34 
-1.18057 -0.13740  0.31767 F   34 
-0.72607 -0.09185 -0.25270 B   35 
-0.58365  0.20829 -0.13645 E   35 
-0.68648 -0.42992 -0.35636 B   36 
-0.46701 -0.43089 -0.32537 S   36 
-0.78298 -0.68497 -0.20429 B   37 
-1.05885 -0.75815 -0.23285 N   37 
-0.49188 -0.82985 -0.18736 B   38 
-0.63975 -0.83877  0.19843 F   38 
-0.39135 -0.74497 -0.49091 B   39 
-0.51850 -0.88527 -0.72441 N   39 
-0.09084 -0.71516 -0.66129 B   40 
 0.04796 -0.89687 -0.56200 T   40 
-0.23457 -0.67098 -0.96522 B   41 
-0.15239 -1.02586 -1.12858 Q   41 
-0.35953 -0.40854 -0.90828 B   42 
-0.51031 -0.43221 -0.76199 A   42 
-0.51583 -0.17035 -1.13670 B   43 
-0.34534 -0.24014 -1.29781 T   43 
-0.56637  0.19994 -1.16248 B   44 
-0.78395  0.03375 -0.96500 N   44 
-0.70533  0.44580 -1.32738 B   45 
-0.46896  0.53121 -1.76770 R   45 
-0.65945  0.78862 -1.34612 B   46 
-0.52127  0.71644 -1.04112 N   46 
-0.77311  1.09402 -1.43296 B   47 
-1.00047  1.16329 -1.33162 T   47 
-0.45812  1.20211 -1.46219 B   48 
-0.35036  1.17902 -1.22095 D   48 
-0.32639  0.92048 -1.60628 B   49 
-0.25120  0.76294 -1.39729 B   50 
-0.17579  0.88027 -1.19492 S   50 
-0.14665  0.47202 -1.18261 B   51 
-0.22694  0.33129 -1.40140 T   51 
-0.23683  0.21519 -0.97488 B   52 
-0.36325  0.45009 -0.75864 D   52 
-0.02647 -0.01487 -0.77615 B   53 
 0.09134  0.07363 -1.23334 Y   53 
-0.10646 -0.28188 -0.61419 B   54 
-0.17338 -0.35068 -0.27474 B   55 
-0.08290 -0.57491 -0.15039 I   55 
-0.12513 -0.00439 -0.23517 B   56 
-0.00610 -0.07765  0.05428 L   56 
-0.17649  0.18140 -0.47024 B   57 
-0.44869  0.03288 -0.62292 Q   57 
 0.07045  0.29242 -0.62482 B   58 
 0.29697  0.23442 -0.42135 I   58 
 0.15563  0.58535 -0.78376 B   59 
-0.03582  0.81180 -0.85363 N   59 
 0.28690  0.70238 -1.10628 B   60 
 0.15503  0.60535 -1.26667 S   60 
 0.33999  1.01865 -1.04884 B   61 
 0.04972  1.26525 -1.24770 R   61 
 0.55533  0.95314 -0.78958 B   62 
 0.32599  1.33077 -0.67711 W   62 
 0.67169  0.63322 -0.74210 B   63 
 0.50907  0.81202 -0.37658 W   63 
 0.64161  0.50818 -1.04105 B   64 
 0.49815  0.29926 -0.98242 X   64 
 0.71950  0.35315 -1.35789 B   65 
 0.88136  0.49296 -1.56399 N   65 
 0.50416  0.31366 -1.67512 B   66 
 0.27698  0.41442 -1.57068 D   66 
 0.55435  0.50223 -1.94393 B   67 
 0.24212  0.68436 -1.91353 B   68 
-0.09635  0.35348 -1.89128 R   68 
 0.33270  0.94037 -1.70599 B   69 
 0.19655  0.82555 -1.52293 T   69 
 0.33708  1.24905 -1.72005 B   70 
 0.20028  1.24195 -1.88437 P   70 
 0.53136  1.39751 -1.48441 B   71 
 0.68656  1.18431 -1.34342 B   72 
 0.62011  0.97346 -1.43058 S   72 
 0.90578  1.05845 -1.05736 B   73 
 0.97361  1.38465 -0.92826 R   73 
 1.00290  0.78872 -0.91955 B   74 
 1.06991  0.56238 -1.06865 N   74 
 1.07932  0.77383 -0.59562 B   75 
 0.95111  1.06447 -0.53349 L   75 
 1.11855  0.44411 -0.57677 B   76 
 0.86707  0.42721 -0.39518 X   76 
 1.27384  0.34598 -0.81384 B   77 
 1.52752  0.41776 -0.88409 N   77 
 1.03719  0.19210 -1.00420 B   78 
 1.04106 -0.00508 -0.78559 I   78 
 0.86936 -0.02442 -1.16396 B   79 
 1.03283 -0.11946 -1.25298 P   79 
 0.53863 -0.06673 -1.13784 B   80 
 0.43635  0.22591 -1.19843 X   80 
 0.54921 -0.38120 -1.18125 B   81 
 0.66604 -0.39588 -1.39005 S   81 
 0.69054 -0.44789 -0.90913 B   82 
 0.88295 -0.36418 -0.92611 A   82 
 0.40648 -0.38566 -0.75666 B   83 
 0.47265 -0.07415 -0.68106 L   83 
 0.28793 -0.68846 -0.87360 B   84 
 0.13591 -0.48636 -1.08406 L   84 
 0.42559 -0.88039 -0.72085 B   85 
 0.67375 -0.95182 -0.74251 S   85 
 0.43558 -1.14162 -0.48955 B   86 
 0.46685 -1.34641 -0.60973 S   86 
 0.66519 -0.96292 -0.39365 B   87 
 0.94110 -1.01809 -0.31435 D   87 
 0.62588 -0.69868 -0.15149 B   88 
 0.42666 -0.77783  0.00893 I   88 
 0.89149 -0.54367 -0.11252 B   89 
 1.08649 -0.72140 -0.08315 T   89 
 0.84786 -0.29933 -0.29998 B   90 
 0.88322 -0.37204 -0.50173 A   90 
 0.58571 -0.18952 -0.17196 B   91 
 0.39697 -0.31846 -0.32386 S   91 
 0.69477 -0.15195  0.11170 B   92 
 0.68339 -0.37150  0.25449 V   92 
 0.92913  0.03852  0.05725 B   93 
 1.17701 -0.18856  0.04372 N   93 
 0.74268  0.24744 -0.07347 B   94 
 0.68247  0.28702 -0.34915 X   94 
 0.54150  0.28727  0.15759 B   95 
 0.41615  0.11225  0.15823 A   95 
 0.74679  0.39552  0.36143 B   96 
 0.94376  0.00739  0.52714 K   96 
 0.78706  0.65692  0.19660 B   97 
 1.07577  0.60872 -0.05372 K   97 
 0.49559  0.75824  0.18736 B   98 
 0.35983  0.61578 -0.05234 I   98 
 0.43580  0.77457  0.50221 B   99 
 0.39265  0.57930  0.61977 V   99 
 0.69777  0.98118  0.52889 B   100 
 0.84520  0.77474  0.59580 S   100 
 0.59227  1.24448  0.35960 B   101 
 0.55132  1.26604  0.08527 D   101 
 0.35015  1.38106  0.59450 B   102 
 0.03775  1.24297  0.57038 B   103 
-0.01234  1.48851  0.36430 N   103 
 0.07593  0.96945  0.59804 B   104 
-0.19785  0.75217  0.54461 B   105 
-0.14948  0.40070  0.71172 M   105 
-0.35813  0.97399  0.37576 B   106 
-0.43430  1.13526  0.65424 N   106 
-0.24360  0.87836  0.09930 B   107 
-0.03695  0.89736  0.12520 A   107 
-0.47488  0.66830  0.15276 B   108 
-0.08006  0.41926  0.13444 W   108 
-0.79476  0.69695  0.06933 B   109 
-0.82711  0.83680 -0.14269 V   109 
-0.90452  0.42854  0.18714 B   110 
-0.87626  0.28205  0.03310 A   110 
-0.79626  0.46883  0.46892 B   111 
-0.52247  0.52626  0.73974 W   111 
-0.93084  0.73980  0.53676 B   112 
-0.90974  1.10241  0.32137 R   112 
-1.23793  0.64434  0.44909 B   113 
-1.24512  0.86518  0.21145 N   113 
-1.20945  0.32209  0.59750 B   114 
-1.39528  0.12450  0.17465 R   114 
-0.98423  0.32315  0.85122 B   115 
-0.85065  0.12693  0.63852 X   115 
-0.98864  0.57590  0.98677 B   116 
-0.77252  0.96310  0.94875 K   116 
-1.10775  0.55212  1.32069 B   117 
-1.09773  0.25435  1.33564 B   118 
-1.20467  0.19922  1.10561 T   118 
-1.08154 -0.09305  1.41239 B   119 
-1.11968 -0.23292  1.65973 D   119 
-0.78652 -0.21209  1.28896 B   120 
-0.69446  0.00844  1.21576 V   120 
-0.73367 -0.46595  1.46455 B   121 
-0.65953 -0.29407  1.83671 Q   121 
-0.94014 -0.64930  1.31367 B   122 
-1.12341 -0.55878  1.34783 A   122 
-0.72776 -0.71660  1.07470 B   123 
-0.96438 -0.48600  0.80201 W   123 
-0.55551 -0.92166  1.29369 B   124 
-0.35296 -0.74689  1.32005 I   124 
-0.73828 -1.11975  1.37492 B   125 
-0.99727 -0.78146  1.66963 R   125 
-0.62676 -1.45273  1.42284 B   126 
-0.33404 -1.38205  1.39763 B   127 
-0.40482 -1.24414  1.11417 X   127 
 0.00552 -1.51469  1.38795 B   128 
 0.13605 -1.68963  1.72976 R   128 
 0.22878 -1.27895  1.57933 B   129 
 0.12444 -1.13768  1.38790 L   129 
