246 
 0.39126 -0.52667  1.16466 B   1 
 0.80295 -0.44662  1.14625 K   1 
 0.46266 -0.21215  1.32072 B   2 
 0.23852 -0.16514  1.44204 V   2 
 0.54778  0.06660  1.18570 B   3 
 0.73877 -0.14555  0.85946 F   3 
 0.72336  0.32804  1.15682 B   4 
 0.74221  0.59851  0.98580 B   5 
 0.66048  1.02267  1.04064 R   5 
 1.05562  0.62157  0.92995 B   6 
 1.11225  0.90024  1.06227 X   6 
 1.07906  0.31610  0.87752 B   7 
 1.05680  0.02630  1.13814 E   7 
 0.89594  0.29595  0.62893 B   8 
 0.60109  0.21222  0.61645 L   8 
 1.02880  0.50714  0.45234 B   9 
 0.97905  0.69990  0.53911 A   9 
 1.29647  0.36102  0.43028 B   10 
 1.39535  0.38621  0.62371 A   10 
 1.18845  0.10049  0.30146 B   11 
 1.11370 -0.02102  0.46457 A   11 
 1.04175  0.23166  0.06223 B   12 
 0.64261  0.30517  0.20323 M   12 
 1.29479  0.35524 -0.05246 B   13 
 1.50465  0.72556  0.03132 K   13 
 1.47414  0.11169 -0.09253 B   14 
 1.54615 -0.23866  0.18793 R   14 
 1.23336 -0.01186 -0.28108 B   15 
 1.17580 -0.29436 -0.01942 H   15 
 1.16649  0.25584 -0.47945 B   16 
 0.90539  0.45844 -0.41247 B   17 
 0.70782  0.22936 -0.29530 L   17 
 1.04231  0.71134 -0.45552 B   18 
 1.15232  0.93964 -0.28197 D   18 
 0.89083  0.85146 -0.72603 B   19 
 1.08761  1.08417 -0.62235 N   19 
 0.70096  0.64917 -0.80907 B   20 
 0.72573  0.22371 -0.92561 Y   20 
 0.53126  0.74910 -1.06972 B   21 
 0.50478  0.37185 -1.35702 R   21 
 0.55945  1.05015 -0.91326 B   22 
 0.55390  0.95380 -0.60390 B   23 
 0.11349  0.89722 -0.75926 Y   23 
 0.62495  1.06290 -0.32962 B   24 
 0.62830  1.29253 -0.28320 S   24 
 0.69874  0.92516 -0.03464 B   25 
 0.96760  0.80611  0.07536 L   25 
 0.46943  1.06849  0.13166 B   26 
 0.23417  0.92473 -0.00855 B   27 
 0.19935  1.14647 -0.26059 N   27 
 0.29587  0.63675  0.08167 B   28 
 0.39896  0.49260 -0.32774 W   28 
 0.29260  0.69114  0.38455 B   29 
 0.52602  0.75822  0.47727 V   29 
 0.01095  0.80969  0.39489 B   30 
-0.09270  1.06257  0.34709 X   30 
-0.13787  0.56175  0.29178 B   31 
-0.10450  0.55694  0.07565 A   31 
-0.04527  0.35581  0.50329 B   32 
 0.15637  0.30047  0.45237 A   32 
-0.16376  0.50673  0.74247 B   33 
-0.12436  0.71389  1.01069 K   33 
-0.48106  0.50461  0.62952 B   34 
-0.45864  0.91092  0.68805 F   34 
-0.49742  0.19231  0.56131 B   35 
-0.54669  0.23905  0.21595 E   35 
-0.30958  0.04933  0.82753 B   36 
-0.16323 -0.04904  0.69324 S   36 
-0.12994  0.20134  1.03274 B   37 
-0.26145  0.32563  1.25530 N   37 
 0.14371  0.03589  0.97148 B   38 
 0.25089  0.43437  0.94898 F   38 
 0.00041 -0.26050  0.93876 B   39 
-0.10056 -0.39502  1.18792 N   39 
 0.07648 -0.56627  0.79404 B   40 
 0.32345 -0.58233  0.82389 T   40 
-0.18637 -0.72966  0.93260 B   41 
 0.00818 -0.94733  1.20491 Q   41 
-0.39977 -0.58485  0.78694 B   42 
-0.40254 -0.38254  0.84822 A   42 
-0.75652 -0.65877  0.76217 B   43 
-0.68980 -0.89422  0.76536 T   43 
-1.03494 -0.61227  0.51589 B   44 
-0.96157 -0.34544  0.70922 N   44 
-1.35505 -0.64310  0.45652 B   45 
-1.48507 -1.12804  0.38595 R   45 
-1.55519 -0.64808  0.17386 B   46 
-1.27730 -0.48365  0.05954 N   46 
-1.85983 -0.62291  0.03141 B   47 
-1.98937 -0.40445  0.07890 T   47 
-1.75566 -0.81290 -0.22317 B   48 
-1.55841 -0.67839 -0.33867 D   48 
-1.56880 -1.03495 -0.04094 B   49 
-1.32118 -0.92273 -0.02552 B   50 
-1.25165 -0.78700 -0.21826 S   50 
-0.96840 -0.83649  0.07328 B   51 
-1.03401 -0.98540  0.29155 T   51 
-0.75654 -0.64262  0.25977 B   52 
-0.87506 -0.36937  0.08885 D   52 
-0.38741 -0.62262  0.25610 B   53 
-0.59819 -1.05425  0.25615 Y   53 
-0.18548 -0.47307  0.45805 B   54 
-0.01480 -0.16450  0.44860 B   55 
 0.24281 -0.13729  0.53123 I   55 
-0.18710 -0.12266  0.14466 B   56 
 0.07246  0.03970  0.04676 L   56 
-0.45134 -0.26669  0.10172 B   57 
-0.59366 -0.25413  0.41644 Q   57 
-0.45106 -0.52075 -0.07899 B   58 
-0.17951 -0.48779 -0.22477 I   58 
-0.66491 -0.66800 -0.30462 B   59 
-0.95723 -0.59345 -0.34716 N   59 
-0.81972 -0.99385 -0.37392 B   60 
-0.91514 -1.06124 -0.17672 S   60 
-0.96126 -0.94327 -0.66297 B   61 
-1.38850 -0.91660 -0.62608 R   61 
-0.66418 -0.85909 -0.81310 B   62 
-0.98573 -0.59780 -1.00334 W   62 
-0.36802 -0.91956 -0.64947 B   63 
-0.39906 -0.50954 -0.80091 W   63 
-0.45312 -1.16079 -0.44827 B   64 
-0.37666 -1.05401 -0.22373 X   64 
-0.46370 -1.48067 -0.28079 B   65 
-0.55764 -1.72596 -0.41946 N   65 
-0.72241 -1.62346 -0.03330 B   66 
-0.87037 -1.39923 -0.01088 D   66 
-0.94459 -1.85206 -0.12664 B   67 
-1.23128 -1.63198 -0.09571 B   68 
-1.21102 -1.45803  0.34460 R   68 
-1.23846 -1.48590 -0.40462 B   69 
-1.15645 -1.27132 -0.29296 T   69 
-1.43925 -1.46725 -0.63879 B   70 
-1.59678 -1.52556 -0.50631 P   70 
-1.30250 -1.36794 -0.93332 B   71 
-1.00525 -1.36239 -0.90115 B   72 
-0.95336 -1.41866 -0.67619 S   72 
-0.65430 -1.26482 -1.01532 B   73 
-0.75821 -1.16277 -1.34161 R   73 
-0.35718 -1.23513 -0.90572 B   74 
-0.24646 -1.41899 -0.72713 N   74 
-0.14318 -1.01434 -1.03399 B   75 
-0.37393 -0.86048 -1.20087 L   75 
 0.09929 -1.05585 -0.81016 B   76 
 0.04966 -0.76716 -0.70674 X   76 
 0.13769 -1.34797 -0.75414 B   77 
 0.20837 -1.54088 -0.93367 N   77 
 0.00143 -1.38689 -0.44456 B   78 
 0.23659 -1.23079 -0.36080 I   78 
-0.03901 -1.44612 -0.13564 B   79 
 0.07499 -1.62121 -0.13046 P   79 
-0.19594 -1.24285  0.07862 B   80 
-0.47280 -1.20393 -0.06837 X   80 
-0.01078 -1.31763  0.32564 B   81 
-0.03450 -1.55609  0.33161 S   81 
 0.24934 -1.18134  0.21505 B   82 
 0.30214 -1.29480  0.04578 A   82 
 0.11567 -0.88978  0.28532 B   83 
-0.00615 -0.83218 -0.01297 L   83 
 0.18049 -0.95082  0.61922 B   84 
-0.14192 -1.01625  0.61425 L   84 
 0.45953 -0.92351  0.64172 B   85 
 0.64195 -1.08862  0.56038 S   85 
 0.74534 -0.76723  0.76715 B   86 
 0.83529 -0.90497  0.94121 S   86 
 0.81524 -0.79912  0.47059 B   87 
 1.05338 -0.89543  0.33105 D   87 
 0.74257 -0.55062  0.21964 B   88 
 0.75325 -0.31530  0.34691 I   88 
 0.82100 -0.65195 -0.06263 B   89 
 1.06452 -0.75654 -0.04737 T   89 
 0.54746 -0.75513 -0.16883 B   90 
 0.51570 -0.94806 -0.07389 A   90 
 0.38452 -0.49093 -0.14025 B   91 
 0.27976 -0.52269  0.11142 S   91 
 0.56476 -0.31598 -0.31540 B   92 
 0.76786 -0.21578 -0.18337 V   92 
 0.55616 -0.47251 -0.57920 B   93 
 0.84147 -0.64725 -0.54388 N   93 
 0.24809 -0.45248 -0.59322 B   94 
 0.05172 -0.64026 -0.50739 X   94 
 0.21655 -0.14559 -0.57662 B   95 
 0.25374 -0.09295 -0.37121 A   95 
 0.36983 -0.08279 -0.83734 B   96 
 0.81540 -0.09902 -0.70279 K   96 
 0.14646 -0.21291 -1.01138 B   97 
 0.22591 -0.58577 -1.06608 K   97 
-0.09592 -0.04554 -0.91889 B   98 
-0.20368 -0.18052 -0.66130 I   98 
 0.01274  0.24784 -0.99020 B   99 
 0.16910  0.34784 -0.85105 V   99 
 0.05011  0.14395 -1.30617 B   100 
 0.30206  0.09389 -1.25280 S   100 
-0.26336  0.09251 -1.39675 B   101 
-0.43615 -0.10691 -1.30859 D   101 
-0.37894  0.43583 -1.43171 B   102 
-0.48867  0.57749 -1.13993 B   103 
-0.77595  0.46280 -1.23784 N   103 
-0.27828  0.54973 -0.96105 B   104 
-0.32902  0.63723 -0.62225 B   105 
 0.00553  0.70975 -0.43090 M   105 
-0.64845  0.61263 -0.64984 B   106 
-0.65966  0.90078 -0.81174 N   106 
-0.65522  0.31147 -0.56070 B   107 
-0.53170  0.21826 -0.70139 A   107 
-0.63280  0.46337 -0.28340 B   108 
-0.24848  0.19959 -0.31415 W   108 
-0.88225  0.57826 -0.09716 B   109 
-1.09462  0.43755 -0.12274 V   109 
-0.71881  0.70826  0.13599 B   110 
-0.68440  0.55064  0.27726 A   110 
-0.54171  0.88241 -0.04022 B   111 
-0.28245  0.95613 -0.32121 W   111 
-0.76092  1.04247 -0.19011 B   112 
-1.08496  0.89243 -0.41553 R   112 
-0.92583  1.13356  0.08486 B   113 
-1.18737  0.96624 -0.00945 N   113 
-0.63089  1.20505  0.27081 B   114 
-0.82327  0.94239  0.65340 R   114 
-0.37303  1.28616  0.06580 B   115 
-0.27314  1.01588  0.20201 X   115 
-0.46998  1.42644 -0.16485 B   116 
-0.60659  1.31445 -0.57335 K   116 
-0.36171  1.76464 -0.17714 B   117 
-0.15886  1.73977  0.04018 B   118 
-0.30032  1.60571  0.21165 T   118 
 0.10959  1.75681  0.27359 B   119 
 0.29740  1.96618  0.32916 D   119 
 0.30020  1.47687  0.23185 B   120 
 0.17864  1.38833  0.03222 V   120 
 0.57946  1.56413  0.34354 B   121 
 0.69689  1.84547  0.05964 Q   121 
 0.49929  1.53744  0.64665 B   122 
 0.34945  1.67826  0.67250 A   122 
 0.55108  1.21486  0.64694 B   123 
 0.12967  1.14912  0.68713 W   123 
 0.89159  1.27557  0.64005 B   124 
 0.91374  1.20152  0.38258 I   124 
 0.94887  1.42417  0.87217 B   125 
 0.72423  1.84734  0.67509 R   125 
 1.25069  1.36540  1.04843 B   126 
 1.36739  1.18730  0.83402 B   127 
 1.09832  1.00949  0.85309 X   127 
 1.64901  0.97402  0.74348 B   128 
 2.00584  1.16206  0.70118 R   128 
 1.72570  1.02997  0.37875 B   129 
 1.47973  0.94684  0.38727 L   129 
