246 
-0.57499 -0.76610 -0.93241 B   1 
-0.45975 -1.14599 -0.79588 K   1 
-0.82604 -0.90011 -0.71472 B   2 
-1.02223 -0.73665 -0.75896 V   2 
-0.81770 -0.94063 -0.39618 B   3 
-0.38767 -0.99341 -0.41047 F   3 
-0.85781 -1.10314 -0.12786 B   4 
-0.83832 -1.06861  0.19025 B   5 
-1.10914 -1.02729  0.52869 R   5 
-0.69862 -1.34138  0.27949 B   6 
-0.91841 -1.45178  0.47411 X   6 
-0.50485 -1.33346  0.03660 B   7 
-0.58972 -1.39644 -0.33921 E   7 
-0.35335 -1.07240  0.10464 B   8 
-0.40253 -0.79013 -0.00494 L   8 
-0.26341 -1.14002  0.38886 B   9 
-0.44128 -1.13180  0.51317 A   9 
-0.08743 -1.37634  0.30719 B   10 
-0.22434 -1.53917  0.25654 A   10 
 0.10382 -1.21994  0.11983 B   11 
 0.00234 -1.20480 -0.07103 A   11 
 0.18899 -1.00157  0.32236 B   12 
-0.09423 -0.68306  0.26821 M   12 
 0.30952 -1.20041  0.51829 B   13 
 0.13775 -1.43938  0.83702 K   13 
 0.51634 -1.34446  0.34633 B   14 
 0.47512 -1.50031 -0.07864 R   14 
 0.64787 -1.04765  0.28811 B   15 
 0.54693 -1.07837 -0.08667 H   15 
 0.66237 -0.92327  0.60402 B   16 
 0.42540 -0.71129  0.71634 B   17 
 0.37079 -0.56129  0.43392 L   17 
 0.38796 -0.83235  0.97806 B   18 
 0.17589 -1.00560  1.11719 D   18 
 0.49290 -0.59856  1.20185 B   19 
 0.36493 -0.82762  1.38834 N   19 
 0.59207 -0.38447  1.03393 B   20 
 0.89491 -0.35040  0.71403 Y   20 
 0.70168 -0.13582  1.21528 B   21 
 1.10445  0.00590  1.00733 R   21 
 0.44215 -0.22923  1.41484 B   22 
 0.23242 -0.33224  1.19031 B   23 
 0.23870  0.13627  1.14840 Y   23 
-0.01922 -0.50127  1.17359 B   24 
-0.16361 -0.52931  1.35598 S   24 
-0.17128 -0.67157  0.93006 B   25 
-0.11559 -0.95760  0.81325 L   25 
-0.45110 -0.52294  0.94995 B   26 
-0.34778 -0.24800  0.85299 B   27 
-0.25714 -0.13250  1.15688 N   27 
-0.26606 -0.32782  0.56692 B   28 
 0.17075 -0.27108  0.63765 W   28 
-0.54033 -0.43598  0.47869 B   29 
-0.56952 -0.68935  0.52900 V   29 
-0.69849 -0.18141  0.53931 B   30 
-0.81249 -0.07656  0.76949 X   30 
-0.54781  0.00328  0.34582 B   31 
-0.35764  0.05033  0.44315 A   31 
-0.59338 -0.15201  0.08214 B   32 
-0.45839 -0.31960  0.08433 A   32 
-0.89929 -0.13322  0.09156 B   33 
-1.20249 -0.27405  0.15970 K   33 
-0.91204  0.20332  0.09594 B   34 
-1.14269  0.14688  0.43154 F   34 
-0.71546  0.25427 -0.15148 B   35 
-0.47138  0.42311  0.03774 E   35 
-0.80340 -0.01176 -0.37079 B   36 
-0.59857 -0.09622 -0.37694 S   36 
-0.98235 -0.25861 -0.30346 B   37 
-1.26655 -0.22075 -0.31192 N   37 
-0.76325 -0.48567 -0.38377 B   38 
-0.89563 -0.59160 -0.00690 F   38 
-0.64561 -0.32979 -0.65082 B   39 
-0.82014 -0.32079 -0.89542 N   39 
-0.35861 -0.33762 -0.84524 B   40 
-0.29291 -0.57799 -0.83824 T   40 
-0.48331 -0.13684 -1.08838 B   41 
-0.53901 -0.40865 -1.37542 Q   41 
-0.50336  0.10946 -0.92508 B   42 
-0.64916  0.08275 -0.77434 A   42 
-0.56778  0.45350 -1.02915 B   43 
-0.43782  0.39854 -1.22911 T   43 
-0.48125  0.80019 -0.91663 B   44 
-0.73979  0.65258 -0.75748 N   44 
-0.52531  1.12104 -0.96202 B   45 
-0.28396  1.28489 -1.37670 R   45 
-0.35874  1.40971 -0.86768 B   46 
-0.24933  1.18612 -0.63238 N   46 
-0.35590  1.74413 -0.82421 B   47 
-0.54038  1.83996 -0.67077 T   47 
-0.02389  1.74562 -0.86323 B   48 
 0.07354  1.59868 -0.66510 D   48 
-0.00644  1.51362 -1.11483 B   49 
 0.01119  1.27330 -0.98802 B   50 
 0.12851  1.27320 -0.77205 S   50 
 0.00798  0.90580 -0.90682 B   51 
-0.12273  0.89350 -1.14533 T   51 
-0.16448  0.63419 -0.78964 B   52 
-0.19230  0.79661 -0.48836 D   52 
-0.04741  0.29078 -0.71870 B   53 
 0.08421  0.50254 -1.12928 Y   53 
-0.21508  0.02442 -0.64897 B   54 
-0.29478 -0.14220 -0.34843 B   55 
-0.28896 -0.41306 -0.32541 I   55 
-0.12343  0.12654 -0.19932 B   56 
-0.03261 -0.08581  0.02422 L   56 
-0.10922  0.39342 -0.34420 B   57 
-0.42008  0.41207 -0.49413 Q   57 
 0.15765  0.46737 -0.48743 B   58 
 0.35224  0.26571 -0.35498 I   58 
 0.33961  0.75330 -0.54619 B   59 
 0.24174  1.03844 -0.50220 N   59 
 0.49713  0.93415 -0.82445 B   60 
 0.33551  0.95434 -0.98570 S   60 
 0.66250  1.16855 -0.66999 B   61 
 0.47697  1.55248 -0.72277 R   61 
 0.84521  0.94285 -0.48681 B   62 
 0.77089  1.30187 -0.21582 W   62 
 0.83874  0.60995 -0.57212 B   63 
 0.76019  0.67894 -0.14658 W   63 
 0.75871  0.62524 -0.88720 B   64 
 0.55064  0.46919 -0.88291 X   64 
 0.76802  0.58604 -1.24618 B   65 
 0.96488  0.73233 -1.41370 N   65 
 0.54596  0.74294 -1.51940 B   66 
 0.37314  0.86479 -1.35219 D   66 
 0.65506  0.99180 -1.71045 B   67 
 0.43083  1.24002 -1.57013 B   68 
-0.00396  1.05612 -1.61114 R   68 
 0.61264  1.35296 -1.30367 B   69 
 0.44827  1.22863 -1.15282 T   69 
 0.72828  1.62391 -1.21031 B   70 
 0.59456  1.72500 -1.34323 P   70 
 0.96838  1.59919 -0.97145 B   71 
 1.03887  1.31035 -0.93939 B   72 
 0.89859  1.18284 -1.08267 S   72 
 1.20390  1.02099 -0.75295 B   73 
 1.38821  1.23192 -0.53111 R   73 
 1.19973  0.70349 -0.73431 B   74 
 1.17680  0.54241 -0.96121 N   74 
 1.27278  0.54248 -0.45194 B   75 
 1.26004  0.81227 -0.27357 L   75 
 1.19026  0.23723 -0.55502 B   76 
 0.95389  0.23592 -0.35346 X   76 
 1.29409  0.19160 -0.83266 B   77 
 1.55490  0.19735 -0.91258 N   77 
 1.01357  0.20830 -1.02488 B   78 
 0.95060 -0.04663 -0.89172 I   78 
 0.77515  0.13665 -1.22133 B   79 
 0.89103  0.03475 -1.36229 P   79 
 0.45224  0.19838 -1.15990 B   80 
 0.46165  0.50806 -1.09837 X   80 
 0.34716 -0.06063 -1.31077 B   81 
 0.44603 -0.03222 -1.52729 S   81 
 0.46076 -0.26801 -1.10447 B   82 
 0.66999 -0.25212 -1.12135 A   82 
 0.22205 -0.17913 -0.89727 B   83 
 0.39829  0.03996 -0.72973 L   83 
-0.00076 -0.35783 -1.09179 B   84 
-0.07387 -0.05323 -1.19244 L   84 
 0.06137 -0.62698 -1.03874 B   85 
 0.26622 -0.76179 -1.12251 S   85 
-0.01884 -0.94415 -0.91702 B   86 
-0.06660 -1.08588 -1.10407 S   86 
 0.26202 -0.90117 -0.80243 B   87 
 0.50088 -1.06936 -0.79157 D   87 
 0.32657 -0.75174 -0.48069 B   88 
 0.11585 -0.81597 -0.32852 I   88 
 0.63110 -0.71941 -0.43262 B   89 
 0.74903 -0.94816 -0.49773 T   89 
 0.67480 -0.42250 -0.51437 B   90 
 0.67689 -0.42030 -0.73170 A   90 
 0.47320 -0.29034 -0.31674 B   91 
 0.24722 -0.28237 -0.47227 S   91 
 0.59479 -0.40134 -0.05854 B   92 
 0.50780 -0.64182 -0.00086 V   92 
 0.88096 -0.29260 -0.07965 B   93 
 1.02932 -0.56505 -0.20985 N   93 
 0.78002 -0.00114 -0.09879 B   94 
 0.73210  0.15758 -0.33052 X   94 
 0.61217  0.01136  0.16029 B   95 
 0.43197 -0.09926  0.11987 A   95 
 0.84724 -0.03967  0.35407 B   96 
 0.89381 -0.50290  0.34176 K   96 
 0.97582  0.23592  0.28598 B   97 
 1.22175  0.19485 -0.00755 K   97 
 0.74075  0.42250  0.35836 B   98 
 0.55726  0.43480  0.10863 I   98 
 0.69800  0.33654  0.66455 B   99 
 0.58965  0.13706  0.71232 V   99 
 1.01756  0.41939  0.71972 B   100 
 1.08161  0.16710  0.68684 S   100 
 1.01090  0.74604  0.67106 B   101 
 0.97442  0.88236  0.43130 D   101 
 0.84006  0.85418  0.97367 B   102 
 0.49840  0.84616  0.95255 B   103 
 0.53610  1.15329  0.85501 N   103 
 0.43546  0.58653  0.87728 B   104 
 0.10043  0.50849  0.79553 B   105 
 0.02186  0.12509  0.82056 M   105 
 0.02770  0.81702  0.74149 B   106 
 0.02140  0.87564  1.06690 N   106 
 0.09357  0.80187  0.43470 B   107 
 0.29359  0.74082  0.43277 A   107 
-0.19686  0.67554  0.44761 B   108 
 0.08035  0.33782  0.28229 W   108 
-0.48639  0.83676  0.43064 B   109 
-0.47058  1.04891  0.28817 V   109 
-0.68329  0.59571  0.46374 B   110 
-0.71350  0.51827  0.26606 A   110 
-0.56152  0.48804  0.72127 B   111 
-0.27954  0.34516  0.94860 W   111 
-0.58719  0.74073  0.89911 B   112 
-0.44094  1.12937  0.82239 R   112 
-0.90988  0.79199  0.83318 B   113 
-0.84186  1.07571  0.69115 N   113 
-0.99681  0.44749  0.85419 B   114 
-1.25102  0.49809  0.42385 R   114 
-0.78091  0.27825  1.05378 B   115 
-0.73231  0.14561  0.76807 X   115 
-0.69039  0.44683  1.26748 B   116 
-0.34954  0.72549  1.33265 K   116 
-0.80252  0.33834  1.58671 B   117 
-0.90077  0.07178  1.49570 B   118 
-1.02553  0.14652  1.28067 T   118 
-1.00987 -0.26322  1.44365 B   119 
-1.09056 -0.46574  1.62985 D   119 
-0.78088 -0.41587  1.24189 B   120 
-0.61681 -0.22742  1.23622 V   120 
-0.81971 -0.71953  1.30792 B   121 
-0.68002 -0.73655  1.70001 Q   121 
-1.08191 -0.75321  1.13724 B   122 
-1.21910 -0.62788  1.22901 A   122 
-0.91376 -0.79013  0.85957 B   123 
-1.05676 -0.40954  0.72456 W   123 
-0.82269 -1.10715  0.96390 B   124 
-0.57003 -1.03227  1.01706 I   124 
-1.06295 -1.24955  0.99903 B   125 
-1.17508 -0.98412  1.42955 R   125 
-1.07865 -1.59233  0.91035 B   126 
-0.78086 -1.61743  0.86557 B   127 
-0.80317 -1.36722  0.66239 X   127 
-0.51276 -1.83966  0.75728 B   128 
-0.44690 -2.16363  0.99217 R   128 
-0.21503 -1.78154  0.98093 B   129 
-0.26532 -1.55242  0.86930 L   129 
