246 
 0.99585  0.25337  0.85498 B   1 
 0.94762 -0.06824  1.12047 K   1 
 1.19905 -0.02309  0.75174 B   2 
 1.35086  0.09042  0.57500 V   2 
 1.10989 -0.30302  0.62186 B   3 
 0.73084 -0.28364  0.83130 F   3 
 1.11119 -0.61800  0.59365 B   4 
 0.99262 -0.85276  0.41037 B   5 
 1.13425 -1.12606  0.10240 R   5 
 0.90799 -1.07147  0.62689 B   6 
 1.08294 -1.31272  0.52910 X   6 
 0.79724 -0.85344  0.81875 B   7 
 1.00007 -0.59461  1.02917 E   7 
 0.57089 -0.74231  0.63946 B   8 
 0.57545 -0.49351  0.46006 L   8 
 0.42330 -1.00303  0.57877 B   9 
 0.54943 -1.11452  0.44159 A   9 
 0.34513 -1.05930  0.86896 B   10 
 0.52781 -1.12580  0.96910 A   10 
 0.18261 -0.79962  0.91687 B   11 
 0.32739 -0.64590  0.96552 A   11 
-0.01038 -0.82789  0.67622 B   12 
 0.18481 -0.62368  0.35249 M   12 
-0.12707 -1.09123  0.77362 B   13 
 0.00078 -1.50337  0.72888 K   13 
-0.23132 -1.01800  1.05086 B   14 
-0.03076 -0.76980  1.37452 R   14 
-0.41201 -0.78591  0.90161 B   15 
-0.20293 -0.51052  1.08061 H   15 
-0.54839 -0.96689  0.64839 B   16 
-0.41655 -0.95505  0.33825 B   17 
-0.32320 -0.64450  0.34781 L   17 
-0.42643 -1.24027  0.28251 B   18 
-0.22647 -1.47274  0.26462 D   18 
-0.64775 -1.27491  0.02644 B   19 
-0.52472 -1.57062  0.05870 N   19 
-0.74573 -1.00551 -0.01467 B   20 
-0.94160 -0.70028  0.23769 Y   20 
-0.96293 -0.99681 -0.25854 B   21 
-1.31088 -0.71007 -0.10931 R   21 
-0.75710 -1.23569 -0.38689 B   22 
-0.47245 -1.13352 -0.27051 B   23 
-0.58633 -0.82559 -0.60743 Y   23 
-0.19212 -1.24133 -0.22615 B   24 
-0.10432 -1.41784 -0.35279 S   24 
 0.06207 -1.15793 -0.02649 B   25 
 0.11775 -1.22567  0.27495 L   25 
 0.27635 -1.11235 -0.25627 B   26 
 0.13846 -0.86430 -0.37928 B   27 
-0.06242 -1.03392 -0.59089 N   27 
 0.16605 -0.67274 -0.13963 B   28 
-0.27187 -0.65743 -0.05585 W   28 
 0.47225 -0.68935 -0.11378 B   29 
 0.54967 -0.88050  0.04448 V   29 
 0.53538 -0.60385 -0.40049 B   30 
 0.54727 -0.73860 -0.64272 X   30 
 0.40479 -0.32636 -0.38644 B   31 
 0.18922 -0.36032 -0.40148 A   31 
 0.56271 -0.20836 -0.14799 B   32 
 0.48053 -0.29584  0.03064 A   32 
 0.83738 -0.23249 -0.28214 B   33 
 1.13356 -0.39695 -0.32260 K   33 
 0.76154 -0.04068 -0.54841 B   34 
 0.89202 -0.36515 -0.76453 F   34 
 0.63847  0.20637 -0.38631 B   35 
 0.31543  0.17422 -0.52230 E   35 
 0.85109  0.22010 -0.10134 B   36 
 0.68557  0.19417  0.04377 S   36 
 1.06009  0.00557 -0.01308 B   37 
 1.31499  0.00896 -0.14456 N   37 
 0.93937 -0.04250  0.28546 B   38 
 0.97998 -0.42034  0.12307 F   38 
 0.86786  0.27456  0.34723 B   39 
 1.09710  0.46148  0.40089 N   39 
 0.66118  0.45265  0.56122 B   40 
 0.66022  0.31257  0.76742 T   40 
 0.79483  0.75485  0.48510 B   41 
 0.99872  0.82275  0.82156 Q   41 
 0.70306  0.76509  0.20368 B   42 
 0.80093  0.61476  0.09181 A   42 
 0.70424  1.04414 -0.03186 B   43 
 0.65611  1.18507  0.16235 T   43 
 0.50304  1.16354 -0.32442 B   44 
 0.73351  0.92571 -0.38983 N   44 
 0.47446  1.38353 -0.56470 B   45 
 0.32937  1.83548 -0.38654 R   45 
 0.21954  1.49092 -0.77317 B   46 
 0.10811  1.18036 -0.68119 N   46 
 0.11860  1.65135 -1.05211 B   47 
 0.21995  1.56692 -1.27428 T   47 
-0.17682  1.71355 -0.90852 B   48 
-0.28614  1.47665 -0.86092 D   48 
-0.06085  1.78267 -0.59356 B   49 
-0.05203  1.54163 -0.46720 B   50 
-0.22251  1.37786 -0.53444 S   50 
 0.02179  1.26126 -0.22720 B   51 
 0.21430  1.43477 -0.14382 T   51 
 0.21677  0.99263 -0.14314 B   52 
 0.11389  0.84186 -0.43401 D   52 
 0.17640  0.74541  0.12875 B   53 
 0.11907  1.21215  0.22672 Y   53 
 0.37930  0.51856  0.23503 B   54 
 0.40890  0.17162  0.17852 B   55 
 0.46637 -0.00457  0.37747 I   55 
 0.13889  0.22362 -0.04104 B   56 
 0.04511 -0.07257  0.04137 L   56 
 0.09910  0.49761 -0.16658 B   57 
 0.42432  0.60153 -0.22034 Q   57 
-0.12476  0.68034 -0.04953 B   58 
-0.29074  0.47322  0.11056 I   58 
-0.34903  0.91104 -0.17118 B   59 
-0.34457  1.03323 -0.45023 N   59 
-0.46049  1.25531 -0.10790 B   60 
-0.27006  1.38268 -0.10098 S   60 
-0.71772  1.28240 -0.30600 B   61 
-0.62983  1.53246 -0.64416 R   61 
-0.88119  1.01924 -0.15802 B   62 
-0.98288  1.00353 -0.60216 W   62 
-0.76522  0.89313  0.13996 B   63 
-0.83318  0.58300 -0.16206 W   63 
-0.60446  1.14910  0.26058 B   64 
-0.37372  1.03582  0.30047 X   64 
-0.49946  1.41669  0.47935 B   65 
-0.67030  1.65496  0.52692 N   65 
-0.25607  1.70879  0.41600 B   66 
-0.17612  1.62949  0.17107 D   66 
-0.36546  2.01805  0.36375 B   67 
-0.26274  2.02960  0.01606 B   68 
 0.19736  1.91624  0.01565 R   68 
-0.53629  1.89688 -0.14007 B   69 
-0.39625  1.68780 -0.18377 T   69 
-0.73939  1.99014 -0.35350 B   70 
-0.60364  2.14439 -0.41304 P   70 
-1.02342  1.80456 -0.36748 B   71 
-1.02361  1.61639 -0.13508 B   72 
-0.82017  1.64494 -0.01564 S   72 
-1.15539  1.31185  0.05364 B   73 
-1.44350  1.27256 -0.15402 R   73 
-1.07547  1.11106  0.28703 B   74 
-0.94756  1.19802  0.51947 N   74 
-1.18299  0.79578  0.29289 B   75 
-1.29188  0.80823 -0.01166 L   75 
-0.99883  0.69331  0.55018 B   76 
-0.83856  0.50868  0.35855 X   76 
-1.00284  0.90003  0.76744 B   77 
-1.22187  0.99131  0.90212 N   77 
-0.69291  1.03966  0.74838 B   78 
-0.60782  0.77772  0.85246 I   78 
-0.39793  1.13491  0.81536 B   79 
-0.43804  1.19956  1.01002 P   79 
-0.13360  1.09237  0.61494 B   80 
-0.23945  1.22437  0.34821 X   80 
 0.07329  1.05342  0.85278 B   81 
 0.03724  1.25360  0.97963 S   81 
-0.03780  0.77609  0.94880 B   82 
-0.23003  0.81780  1.02381 A   82 
 0.09986  0.63936  0.68392 B   83 
-0.16723  0.64793  0.49493 L   83 
 0.40734  0.67195  0.83822 B   84 
 0.42568  0.92442  0.62804 L   84 
 0.40378  0.47758  1.04150 B   85 
 0.27354  0.48488  1.26542 S   85 
 0.52403  0.18698  1.19295 B   86 
 0.65839  0.25087  1.38063 S   86 
 0.22086  0.14486  1.20619 B   87 
 0.04053  0.05937  1.41980 D   87 
 0.03020 -0.02170  0.94945 B   88 
 0.19718 -0.20092  0.84136 I   88 
-0.27289 -0.01424  1.01407 B   89 
-0.30423 -0.08466  1.26810 T   89 
-0.36580  0.22901  0.84392 B   90 
-0.30561  0.40584  0.95505 A   90 
-0.27072  0.12858  0.56455 B   91 
-0.01944  0.23842  0.55377 S   91 
-0.42886 -0.13363  0.56258 B   92 
-0.30357 -0.32839  0.68542 V   92 
-0.71467 -0.02739  0.59712 B   93 
-0.74410 -0.06807  0.92978 N   93 
-0.69080  0.14915  0.34460 B   94 
-0.62048  0.42449  0.32382 X   94 
-0.61388 -0.06768  0.13839 B   95 
-0.40760 -0.11585  0.17680 A   95 
-0.87353 -0.23270  0.16603 B   96 
-0.79410 -0.48904  0.54667 K   96 
-1.04320 -0.00530  0.03712 B   97 
-1.17489  0.22966  0.31240 K   97 
-0.89508  0.02411 -0.23215 B   98 
-0.65695  0.21629 -0.18175 I   98 
-0.92189 -0.27698 -0.33984 B   99 
-0.78454 -0.44173 -0.25149 V   99 
-1.25385 -0.24441 -0.31215 B   100 
-1.23874 -0.35942 -0.07683 S   100 
-1.31747 -0.01503 -0.54117 B   101 
-1.24964  0.25474 -0.53626 D   101 
-1.27487 -0.21141 -0.84461 B   102 
-0.95153 -0.22976 -0.95578 B   103 
-1.03698  0.03166 -1.12792 N   103 
-0.80516 -0.32627 -0.74062 B   104 
-0.45250 -0.33598 -0.76412 B   105 
-0.28889 -0.58709 -0.51120 M   105 
-0.44897 -0.11877 -1.00121 B   106 
-0.55204 -0.34768 -1.21649 N   106 
-0.41738  0.12584 -0.80664 B   107 
-0.58568  0.10972 -0.68355 A   107 
-0.12077  0.01556 -0.82501 B   108 
-0.24219 -0.02331 -0.37559 W   108 
 0.10986  0.09735 -1.04912 B   109 
 0.08194  0.33759 -1.13315 V   109 
 0.34380 -0.08779 -0.95442 B   110 
 0.44853  0.02379 -0.80419 A   110 
 0.18481 -0.34750 -0.95854 B   111 
-0.10422 -0.58900 -0.85985 W   111 
 0.09239 -0.34577 -1.25451 B   112 
-0.12010 -0.04381 -1.45941 R   112 
 0.39594 -0.29164 -1.38112 B   113 
 0.30137 -0.00528 -1.50090 N   113 
 0.55845 -0.51754 -1.15922 B   114 
 0.90408 -0.16362 -1.07176 R   114 
 0.34513 -0.75800 -1.05073 B   115 
 0.41672 -0.60054 -0.78301 X   115 
 0.15676 -0.82386 -1.25677 B   116 
-0.24796 -0.68311 -1.37708 K   116 
 0.19597 -1.15486 -1.37988 B   117 
 0.38122 -1.24589 -1.16451 B   118 
 0.53916 -1.03996 -1.15805 T   118 
 0.58282 -1.40929 -0.92059 B   119 
 0.65552 -1.68502 -0.89087 D   119 
 0.46892 -1.31503 -0.61304 B   120 
 0.27085 -1.18569 -0.69369 V   120 
 0.56359 -1.54909 -0.42776 B   121 
 0.32601 -1.86284 -0.56436 Q   121 
 0.86333 -1.45461 -0.41224 B   122 
 0.93128 -1.46781 -0.60758 A   122 
 0.79776 -1.23701 -0.17753 B   123 
 0.87098 -0.91872 -0.45475 W   123 
 0.76498 -1.49809  0.04706 B   124 
 0.49736 -1.47457  0.05681 I   124 
 1.01303 -1.63117  0.04845 B   125 
 0.92422 -1.83365 -0.42005 R   125 
 1.14102 -1.76117  0.35231 B   126 
 0.88565 -1.71292  0.50651 B   127 
 0.90063 -1.40491  0.41015 X   127 
 0.72656 -1.73119  0.83415 B   128 
 0.68117 -2.10396  0.98731 R   128 
 0.37249 -1.85096  0.78583 B   129 
 0.39231 -1.63164  0.64802 L   129 
