246 
 0.82459  0.46999  0.94131 B   1 
 0.56912  0.74283  1.13243 K   1 
 0.65665  0.31066  1.21477 B   2 
 0.79304  0.09125  1.23548 V   2 
 0.34857  0.22347  1.24054 B   3 
 0.23124  0.54657  0.97643 F   3 
 0.06894  0.20277  1.38680 B   4 
-0.22251  0.07410  1.35126 B   5 
-0.45206 -0.25787  1.51465 R   5 
-0.41330  0.31080  1.44847 B   6 
-0.56230  0.16529  1.68299 X   6 
-0.23875  0.52414  1.30484 B   7 
 0.11671  0.64990  1.40602 E   7 
-0.27609  0.42810  1.01310 B   8 
-0.08864  0.25242  0.84545 L   8 
-0.58150  0.42518  1.00065 B   9 
-0.64627  0.25615  1.12061 A   9 
-0.61432  0.72593  1.04497 B   10 
-0.57187  0.76096  1.25662 A   10 
-0.45248  0.81991  0.79775 B   11 
-0.24397  0.81455  0.85650 A   11 
-0.60744  0.65772  0.58411 B   12 
-0.39838  0.28348  0.55526 M   12 
-0.87298  0.79365  0.64299 B   13 
-1.18315  0.71726  0.93653 K   13 
-0.80678  1.08825  0.59914 B   14 
-0.44144  1.32177  0.73548 R   14 
-0.71241  1.00293  0.29482 B   15 
-0.34525  1.09665  0.38429 H   15 
-0.97741  0.81314  0.19872 B   16 
-0.96266  0.47665  0.21479 B   17 
-0.64738  0.44838  0.14375 L   17 
-1.22626  0.43311  0.32959 B   18 
-1.34203  0.35445  0.60300 D   18 
-1.40236  0.26594  0.09127 B   19 
-1.59927  0.26141  0.34589 N   19 
-1.21868  0.25432 -0.13232 B   20 
-0.99570  0.55125 -0.37175 Y   20 
-1.35288  0.09641 -0.38487 B   21 
-1.23329  0.34703 -0.77015 R   21 
-1.49129 -0.08823 -0.13455 B   22 
-1.25241 -0.07519  0.08404 B   23 
-1.09500 -0.36120 -0.25467 Y   23 
-1.21179 -0.12438  0.38086 B   24 
-1.34883 -0.26942  0.50368 S   24 
-0.98826 -0.02231  0.60680 B   25 
-0.96850  0.24477  0.77060 L   25 
-0.89240 -0.31112  0.69728 B   26 
-0.76003 -0.38626  0.42801 B   27 
-1.03689 -0.51560  0.28473 N   27 
-0.53747 -0.17333  0.42513 B   28 
-0.70740  0.05096  0.07894 W   28 
-0.40875 -0.25042  0.69382 B   29 
-0.51249 -0.12307  0.89532 V   29 
-0.35658 -0.54345  0.62382 B   30 
-0.51211 -0.77310  0.63102 X   30 
-0.17076 -0.49238  0.38484 B   31 
-0.30071 -0.43421  0.21877 A   31 
 0.04633 -0.32242  0.52522 B   32 
-0.03546 -0.12491  0.55001 A   32 
 0.12567 -0.53974  0.72646 B   33 
 0.10886 -0.67305  1.04007 K   33 
 0.21145 -0.76945  0.49556 B   34 
-0.05148 -1.01009  0.70044 F   34 
 0.40047 -0.58067  0.31925 B   35 
 0.20190 -0.60086  0.02934 E   35 
 0.55952 -0.38293  0.56866 B   36 
 0.48780 -0.19055  0.48514 S   36 
 0.48244 -0.36488  0.87069 B   37 
 0.57735 -0.57366  1.04295 N   37 
 0.43901 -0.04228  0.87817 B   38 
 0.09835 -0.20130  1.04976 F   38 
 0.69465  0.03335  0.68226 B   39 
 0.97130  0.00398  0.79616 N   39 
 0.79482  0.30026  0.48489 B   40 
 0.70876  0.49782  0.61020 T   40 
 1.10578  0.17797  0.42715 B   41 
 1.31738  0.42606  0.65749 Q   41 
 1.02301 -0.05709  0.26706 B   42 
 0.91604 -0.19208  0.38965 A   42 
 1.22536 -0.28518  0.06613 B   43 
 1.36131 -0.08889  0.01243 T   43 
 1.18643 -0.49655 -0.24070 B   44 
 1.07132 -0.63006  0.04720 N   44 
 1.32286 -0.71804 -0.43888 B   45 
 1.68378 -0.51091 -0.72850 R   45 
 1.26411 -0.83202 -0.76065 B   46 
 0.95874 -0.70199 -0.67600 N   46 
 1.30886 -1.06470 -1.00063 B   47 
 1.24136 -1.30618 -0.93824 T   47 
 1.25506 -0.83236 -1.23489 B   48 
 1.00708 -0.74636 -1.19679 D   48 
 1.42409 -0.57532 -1.08393 B   49 
 1.24002 -0.45425 -0.92391 B   50 
 1.00777 -0.45768 -1.00426 S   50 
 1.07127 -0.24685 -0.65902 B   51 
 1.32488 -0.23573 -0.56063 T   51 
 0.93983 -0.22701 -0.34346 B   52 
 0.70969 -0.46403 -0.43712 D   52 
 0.75404  0.04776 -0.18019 B   53 
 1.15333  0.14980 -0.42696 Y   53 
 0.66665  0.08508  0.12786 B   54 
 0.36687  0.02893  0.30511 B   55 
 0.27443  0.20097  0.49428 I   55 
 0.25092 -0.08937 -0.00534 B   56 
-0.03561  0.02547  0.08424 L   56 
 0.44990 -0.20003 -0.20677 B   57 
 0.67835 -0.36093 -0.00334 Q   57 
 0.52907 -0.01892 -0.44788 B   58 
 0.30152  0.19137 -0.43948 I   58 
 0.60742 -0.06371 -0.77981 B   59 
 0.66644 -0.33076 -0.91403 N   59 
 0.86902  0.02609 -1.02158 B   60 
 1.06774 -0.03326 -0.92400 S   60 
 0.74092 -0.07574 -1.30331 B   61 
 0.93889 -0.42884 -1.44729 R   61 
 0.46338  0.12345 -1.26900 B   62 
 0.32444 -0.26122 -1.47045 W   62 
 0.45882  0.36840 -1.02791 B   63 
 0.10327  0.11246 -1.01835 W   63 
 0.77673  0.42353 -0.98540 B   64 
 0.78933  0.38671 -0.72820 X   64 
 1.09705  0.58951 -0.96706 B   65 
 1.23636  0.68637 -1.21085 N   65 
 1.45113  0.44298 -0.92551 B   66 
 1.37438  0.18706 -0.88971 D   66 
 1.66249  0.42387 -1.18105 B   67 
 1.65710  0.06164 -1.19950 B   68 
 1.76628 -0.08943 -0.76384 R   68 
 1.38948  0.00804 -1.40523 B   69 
 1.26242 -0.07552 -1.20003 T   69 
 1.34096 -0.12756 -1.67865 B   70 
 1.52657 -0.23193 -1.65807 P   70 
 1.04775 -0.04258 -1.82737 B   71 
 0.92470  0.18041 -1.67066 B   72 
 1.06303  0.22482 -1.48262 S   72 
 0.63262  0.40829 -1.57856 B   73 
 0.43085  0.30905 -1.85625 R   73 
 0.53498  0.60582 -1.34916 B   74 
 0.71031  0.78072 -1.22022 N   74 
 0.21191  0.65344 -1.28321 B   75 
 0.11920  0.40222 -1.46504 L   75 
 0.25163  0.83688 -1.00864 B   76 
 0.12871  0.60663 -0.84020 X   76 
 0.46913  1.03891 -1.05133 B   77 
 0.47374  1.23687 -1.23903 N   77 
 0.72804  0.91509 -0.86814 B   78 
 0.55626  0.99021 -0.64113 I   78 
 0.95673  0.87826 -0.65154 B   79 
 1.02975  1.07384 -0.66139 P   79 
 1.00350  0.60225 -0.46855 B   80 
 1.02335  0.38329 -0.69534 X   80 
 1.10553  0.75852 -0.21153 B   81 
 1.28671  0.88609 -0.30298 S   81 
 0.83007  0.89158 -0.14161 B   82 
 0.79286  1.02536 -0.29983 A   82 
 0.72571  0.59880 -0.03577 B   83 
 0.57859  0.50923 -0.31409 L   83 
 0.92088  0.64141  0.24620 B   84 
 1.11230  0.43206  0.07950 L   84 
 0.78570  0.83819  0.39493 B   85 
 0.77303  1.09248  0.34662 S   85 
 0.61324  0.94686  0.67829 B   86 
 0.76334  1.07787  0.81120 S   86 
 0.44156  1.06098  0.45167 B   87 
 0.32331  1.32406  0.40412 D   87 
 0.16397  0.88563  0.30265 B   88 
 0.06371  0.73182  0.49752 I   88 
 0.04480  1.04718  0.06644 B   89 
 0.01437  1.29854  0.14621 T   89 
 0.18492  0.91273 -0.17655 B   90 
 0.38646  0.99395 -0.18144 A   90 
 0.09042  0.61973 -0.12766 B   91 
 0.29821  0.52382  0.02382 S   91 
-0.21061  0.67572 -0.13159 B   92 
-0.30214  0.75382  0.10131 V   92 
-0.24102  0.80117 -0.40998 B   93 
-0.23058  1.12544 -0.32096 N   93 
-0.12099  0.55158 -0.54710 B   94 
 0.14769  0.50307 -0.62862 X   94 
-0.31236  0.33594 -0.43607 B   95 
-0.25422  0.30455 -0.23118 A   95 
-0.56915  0.45164 -0.56289 B   96 
-0.68929  0.78930 -0.26549 K   96 
-0.47027  0.38192 -0.85009 B   97 
-0.27554  0.68053 -0.99582 K   97 
-0.42553  0.07819 -0.81759 B   98 
-0.14083  0.04268 -0.69981 I   98 
-0.71991 -0.00838 -0.72371 B   99 
-0.78591  0.03259 -0.50512 V   99 
-0.83680  0.12744 -1.00641 B   100 
-0.88849  0.34661 -0.87179 S   100 
-0.70602 -0.07198 -1.23498 B   101 
-0.43876 -0.09532 -1.30862 D   101 
-0.91240 -0.36829 -1.18964 B   102 
-0.80188 -0.58025 -0.94448 B   103 
-0.64286 -0.71941 -1.19068 N   103 
-0.78157 -0.42409 -0.71593 B   104 
-0.63460 -0.56329 -0.42603 B   105 
-0.73482 -0.37415 -0.09744 M   105 
-0.48550 -0.79239 -0.59541 B   106 
-0.77052 -0.95651 -0.62997 N   106 
-0.22280 -0.62436 -0.63344 B   107 
-0.29113 -0.45202 -0.73022 A   107 
-0.18815 -0.73807 -0.33960 B   108 
-0.19696 -0.27315 -0.29472 W   108 
-0.05223 -1.02770 -0.25159 B   109 
 0.13004 -1.10249 -0.41511 V   109 
-0.09120 -1.01246  0.05861 B   110 
 0.08048 -0.90787  0.13329 A   110 
-0.39080 -0.95826  0.05216 B   111 
-0.71505 -0.76426 -0.04181 W   111 
-0.48389 -1.20664 -0.10841 B   112 
-0.35280 -1.33528 -0.48866 R   112 
-0.32176 -1.42803  0.08080 B   113 
-0.13574 -1.51529 -0.17036 N   113 
-0.40599 -1.26828  0.38750 B   114 
 0.07528 -1.30784  0.52602 R   114 
-0.69330 -1.09022  0.35842 B   115 
-0.47560 -0.86476  0.41642 X   115 
-0.87285 -1.22055  0.17661 B   116 
-0.95454 -1.20227 -0.26050 K   116 
-1.16622 -1.34300  0.33532 B   117 
-1.12349 -1.19969  0.59344 B   118 
-0.87094 -1.25024  0.62582 T   118 
-1.13150 -1.03342  0.90829 B   119 
-1.33419 -1.02402  1.11083 D   119 
-1.04589 -0.70746  0.85476 B   120 
-1.03693 -0.72027  0.60532 V   120 
-1.17449 -0.55952  1.09900 B   121 
-1.58051 -0.60303  1.01652 Q   121 
-0.95349 -0.64644  1.30543 B   122 
-0.96908 -0.85296  1.31311 A   122 
-0.75122 -0.40771  1.21142 B   123 
-0.48942 -0.69986  1.03929 W   123 
-0.95412 -0.17980  1.37441 B   124 
-1.05298 -0.08210  1.14430 I   124 
-0.95785 -0.25827  1.64472 B   125 
-1.25847 -0.66642  1.53787 R   125 
-0.95931 -0.01169  1.89930 B   126 
-1.00528  0.21763  1.70794 B   127 
-0.74657  0.11559  1.54350 X   127 
-1.03486  0.57982  1.67738 B   128 
-1.35377  0.74683  1.86413 R   128 
-1.30840  0.65438  1.42907 B   129 
-1.13238  0.51343  1.30007 L   129 
