246 
 0.22440  0.28437  1.28674 B   1 
 0.26490 -0.10387  1.44123 K   1 
 0.56877  0.18555  1.28274 B   2 
 0.68473  0.41232  1.23482 V   2 
 0.71625 -0.02836  1.09388 B   3 
 0.34870 -0.25534  1.05775 F   3 
 0.90736 -0.27334  1.03493 B   4 
 1.02971 -0.44151  0.79098 B   5 
 1.41098 -0.48204  0.58462 R   5 
 1.00554 -0.74166  0.89684 B   6 
 1.30747 -0.82582  0.88571 X   6 
 0.72476 -0.68693  1.01841 B   7 
 0.63818 -0.47454  1.33432 E   7 
 0.57192 -0.62002  0.75785 B   8 
 0.50658 -0.34379  0.64152 L   8 
 0.63860 -0.87040  0.59567 B   9 
 0.84783 -0.85361  0.53998 A   9 
 0.49706 -1.06477  0.78454 B   10 
 0.62529 -1.08211  0.96085 A   10 
 0.21377 -0.94048  0.76367 B   11 
 0.21067 -0.77371  0.90199 A   11 
 0.18879 -0.94873  0.45502 B   12 
 0.34385 -0.57122  0.32072 M   12 
 0.21516 -1.25127  0.43983 B   13 
 0.55883 -1.51568  0.42640 K   13 
-0.01333 -1.34587  0.61854 B   14 
-0.14133 -1.18823  1.02518 R   14 
-0.21424 -1.17314  0.42209 B   15 
-0.29302 -0.93210  0.71753 H   15 
-0.10687 -1.27708  0.11689 B   16 
 0.10643 -1.08842 -0.06370 B   17 
-0.00673 -0.79984  0.03200 L   17 
 0.28377 -1.30287 -0.14808 B   18 
 0.56632 -1.40121 -0.07853 D   18 
 0.24833 -1.32208 -0.48591 B   19 
 0.49132 -1.52429 -0.42517 N   19 
 0.04181 -1.12726 -0.54305 B   20 
-0.37397 -1.06133 -0.40892 Y   20 
-0.02020 -1.11427 -0.86354 B   21 
-0.49282 -1.08624 -0.90098 R   21 
 0.31490 -1.17135 -0.88239 B   22 
 0.41395 -1.01480 -0.61650 B   23 
 0.29385 -0.67738 -0.92150 Y   23 
 0.65821 -1.00255 -0.43660 B   24 
 0.87257 -1.05907 -0.51245 S   24 
 0.71237 -0.90729 -0.12129 B   25 
 0.66877 -1.05924  0.14995 L   25 
 0.93313 -0.68851 -0.18600 B   26 
 0.74325 -0.49523 -0.33521 B   27 
 0.78108 -0.63360 -0.64070 N   27 
 0.55736 -0.42298 -0.10046 B   28 
 0.20074 -0.62794 -0.27320 W   28 
 0.77590 -0.31812  0.08915 B   29 
 0.87586 -0.50448  0.24034 V   29 
 0.88864 -0.10764 -0.10184 B   30 
 1.07166 -0.11596 -0.31020 X   30 
 0.63184  0.05809 -0.13078 B   31 
 0.50262 -0.05421 -0.26694 A   31 
 0.58164  0.12563  0.16695 B   32 
 0.50008 -0.05141  0.25816 A   32 
 0.84657  0.27486  0.20645 B   33 
 1.16866  0.28140  0.31879 K   33 
 0.79107  0.50546 -0.03268 B   34 
 1.15622  0.38192 -0.17558 F   34 
 0.49703  0.59053  0.06090 B   35 
 0.33865  0.48274 -0.23436 E   35 
 0.52641  0.57752  0.41526 B   36 
 0.36371  0.42898  0.43967 S   36 
 0.76231  0.45530  0.57928 B   37 
 0.99638  0.61759  0.61318 N   37 
 0.58223  0.24640  0.75233 B   38 
 0.89149  0.02018  0.59752 F   38 
 0.32603  0.45020  0.80010 B   39 
 0.36263  0.67754  0.99335 N   39 
-0.00983  0.42323  0.88193 B   40 
-0.01445  0.22646  1.03490 T   40 
-0.05470  0.75609  0.92856 B   41 
-0.08315  0.76305  1.32670 Q   41 
-0.01245  0.83802  0.64708 B   42 
 0.18831  0.80119  0.59202 A   42 
-0.07467  1.15986  0.48616 B   43 
-0.26774  1.17712  0.63556 T   43 
-0.16833  1.28922  0.14730 B   44 
 0.15837  1.21827  0.19408 N   44 
-0.21645  1.55230 -0.04091 B   45 
-0.64907  1.78874  0.07737 R   45 
-0.37585  1.61578 -0.34181 B   46 
-0.31673  1.27912 -0.36399 N   46 
-0.42642  1.81530 -0.60895 B   47 
-0.21594  1.87760 -0.74524 T   47 
-0.73166  1.68462 -0.64782 B   48 
-0.69487  1.42658 -0.69684 D   48 
-0.81516  1.66419 -0.31610 B   49 
-0.72317  1.42104 -0.23509 B   50 
-0.72527  1.24268 -0.40417 S   50 
-0.60823  1.12787 -0.02894 B   51 
-0.60238  1.31700  0.16680 T   51 
-0.34997  0.95733  0.11757 B   52 
-0.22049  0.90710 -0.19649 D   52 
-0.34863  0.63048  0.29031 B   53 
-0.69426  0.94783  0.39308 Y   53 
-0.11739  0.48848  0.46435 B   54 
 0.12359  0.24062  0.39415 B   55 
 0.18429  0.04186  0.56946 I   55 
-0.01070  0.25702  0.06932 B   56 
 0.05679 -0.05669  0.05073 L   56 
-0.14393  0.51368 -0.02443 B   57 
 0.05205  0.75651  0.12417 Q   57 
-0.45552  0.52191 -0.03141 B   58 
-0.52177  0.21951 -0.01589 I   58 
-0.69805  0.66420 -0.22953 B   59 
-0.65129  0.87688 -0.44259 N   59 
-0.99896  0.87278 -0.19958 B   60 
-0.93749  1.05389 -0.07327 S   60 
-1.11863  0.86570 -0.50252 B   61 
-1.06070  1.24125 -0.70306 R   61 
-1.14639  0.52349 -0.50206 B   62 
-1.03069  0.64494 -0.92599 W   62 
-1.11223  0.35068 -0.20691 B   63 
-0.86276  0.18966 -0.52917 W   63 
-1.19102  0.57884  0.01138 B   64 
-0.97740  0.56758  0.15939 X   64 
-1.35610  0.75393  0.28078 B   65 
-1.63307  0.85741  0.25253 N   65 
-1.32170  1.11959  0.39776 B   66 
-1.12026  1.18615  0.23144 D   66 
-1.55451  1.34654  0.32973 B   67 
-1.34673  1.53769  0.10199 B   68 
-0.95230  1.63882  0.34435 R   68 
-1.40440  1.37675 -0.19396 B   69 
-1.16764  1.28258 -0.17627 T   69 
-1.51661  1.45246 -0.47177 B   70 
-1.48271  1.65899 -0.42745 P   70 
-1.60931  1.18737 -0.66267 B   71 
-1.59669  0.94128 -0.49326 B   72 
-1.51533  1.00246 -0.27854 S   72 
-1.59471  0.56243 -0.44644 B   73 
-1.69500  0.49207 -0.78210 R   73 
-1.51788  0.33933 -0.23314 B   74 
-1.56957  0.37135  0.03937 N   74 
-1.41843  0.03479 -0.32457 B   75 
-1.38036  0.12054 -0.63436 L   75 
-1.33232 -0.07387 -0.02227 B   76 
-1.03508 -0.08066 -0.11225 X   76 
-1.54042  0.00637  0.17825 B   77 
-1.80378 -0.06494  0.17788 N   77 
-1.38970  0.25806  0.35104 B   78 
-1.22215  0.03881  0.45370 I   78 
-1.25933  0.43299  0.58120 B   79 
-1.40354  0.39126  0.72660 P   79 
-0.96454  0.58928  0.55827 B   80 
-1.00744  0.75869  0.29515 X   80 
-0.89031  0.54970  0.86457 B   81 
-1.08110  0.64718  0.97209 S   81 
-0.85144  0.23867  0.84974 B   82 
-1.04330  0.16199  0.80943 A   82 
-0.56795  0.29062  0.69243 B   83 
-0.68788  0.26066  0.38937 L   83 
-0.42838  0.38493  0.99417 B   84 
-0.47348  0.68221  0.86059 L   84 
-0.40289  0.14397  1.13702 B   85 
-0.59102  0.00595  1.24976 S   85 
-0.21302 -0.10274  1.29490 B   86 
-0.22886 -0.06898  1.53147 S   86 
-0.41186 -0.26977  1.13237 B   87 
-0.57909 -0.50038  1.19802 D   87 
-0.35018 -0.38336  0.79576 B   88 
-0.08500 -0.41621  0.77890 I   88 
-0.59791 -0.53042  0.68130 B   89 
-0.68320 -0.70223  0.86481 T   89 
-0.73373 -0.30337  0.51774 B   90 
-0.83589 -0.17821  0.66314 A   90 
-0.49552 -0.23394  0.32904 B   91 
-0.37331 -0.03450  0.47259 S   91 
-0.45932 -0.51338  0.20914 B   92 
-0.30864 -0.66844  0.35738 V   92 
-0.73854 -0.56066  0.09096 B   93 
-0.87115 -0.73876  0.34370 N   93 
-0.71944 -0.30608 -0.08319 B   94 
-0.81687 -0.04379 -0.02933 X   94 
-0.45780 -0.36833 -0.23523 B   95 
-0.29808 -0.33621 -0.09451 A   95 
-0.56151 -0.62300 -0.37595 B   96 
-0.51310 -0.95027 -0.04815 K   96 
-0.76008 -0.45756 -0.55008 B   97 
-1.09924 -0.43107 -0.36952 K   97 
-0.56160 -0.26403 -0.68595 B   98 
-0.52031 -0.02736 -0.48983 I   98 
-0.36639 -0.47782 -0.82434 B   99 
-0.21015 -0.58961 -0.69431 V   99 
-0.63413 -0.60183 -0.98235 B   100 
-0.65323 -0.78301 -0.79356 S   100 
-0.71726 -0.35031 -1.17968 B   101 
-0.82370 -0.10385 -1.10671 D   101 
-0.45249 -0.37157 -1.42847 B   102 
-0.16523 -0.20633 -1.34233 B   103 
-0.30521  0.03946 -1.50127 N   103 
-0.09256 -0.30923 -1.09502 B   104 
 0.17536 -0.15956 -0.91941 B   105 
 0.33286 -0.39629 -0.64932 M   105 
 0.15055  0.11347 -1.08745 B   106 
 0.29365 -0.03066 -1.34844 N   106 
-0.04434  0.24862 -0.88144 B   107 
-0.20569  0.11569 -0.87556 A   107 
 0.23837  0.29070 -0.74441 B   108 
-0.00848  0.02888 -0.44650 W   108 
 0.44801  0.54362 -0.79117 B   109 
 0.32565  0.76122 -0.84806 V   109 
 0.68252  0.45328 -0.60458 B   110 
 0.63352  0.52839 -0.40979 A   110 
 0.71757  0.17639 -0.72642 B   111 
 0.60743 -0.18129 -0.83384 W   111 
 0.77007  0.25690 -1.02121 B   112 
 0.52923  0.49541 -1.27307 R   112 
 1.00825  0.47906 -0.95039 B   113 
 0.82638  0.72049 -1.06843 N   113 
 1.16320  0.27478 -0.70354 B   114 
 1.17481  0.67371 -0.39842 R   114 
 1.10280 -0.05413 -0.76067 B   115 
 0.95646 -0.00237 -0.48229 X   115 
 1.08846 -0.10488 -1.04262 B   116 
 0.76704 -0.11230 -1.35037 K   116 
 1.35423 -0.30917 -1.16045 B   117 
 1.45160 -0.39134 -0.89071 B   118 
 1.44537 -0.15967 -0.77375 T   118 
 1.59020 -0.53702 -0.59676 B   119 
 1.78679 -0.74308 -0.56379 D   119 
 1.33060 -0.63062 -0.39604 B   120 
 1.14779 -0.57628 -0.55758 V   120 
 1.45635 -0.85547 -0.21798 B   121 
 1.51931 -1.15665 -0.49882 Q   121 
 1.61139 -0.65865 -0.02762 B   122 
 1.74665 -0.56301 -0.15215 A   122 
 1.34591 -0.60236  0.15428 B   123 
 1.32995 -0.20164  0.00365 W   123 
 1.37970 -0.91847  0.29071 B   124 
 1.17050 -1.01566  0.15266 I   124 
 1.63254 -0.92326  0.41437 B   125 
 1.87333 -0.93894 -0.04406 R   125 
 1.67515 -1.09653  0.72059 B   126 
 1.40226 -1.22598  0.71111 B   127 
 1.27719 -0.93019  0.67577 X   127 
 1.16598 -1.43831  0.89022 B   128 
 1.28301 -1.82230  0.94791 R   128 
 0.99960 -1.66550  0.63973 B   129 
 0.94510 -1.42346  0.56269 L   129 
