246 
-0.38262  0.40680  1.21451 B   1 
-0.49163  0.03843  1.38380 K   1 
-0.10336  0.26304  1.38690 B   2 
 0.05928  0.46469  1.39434 V   2 
 0.07681  0.00987  1.30552 B   3 
-0.26042 -0.16858  1.09973 F   3 
 0.22572 -0.26383  1.35961 B   4 
 0.41922 -0.47538  1.21621 B   5 
 0.83868 -0.59147  1.22955 R   5 
 0.29404 -0.75440  1.30763 B   6 
 0.54304 -0.87893  1.45208 X   6 
 0.00431 -0.64816  1.27051 B   7 
-0.18570 -0.38911  1.49231 E   7 
 0.01186 -0.59373  0.96602 B   8 
 0.06127 -0.32753  0.82178 L   8 
 0.10345 -0.86869  0.86885 B   9 
 0.31258 -0.88698  0.92444 A   9 
-0.14382 -1.01784  0.96935 B   10 
-0.12275 -1.03052  1.18665 A   10 
-0.35422 -0.86025  0.80492 B   11 
-0.39457 -0.67893  0.91650 A   11 
-0.22714 -0.90272  0.52563 B   12 
 0.03758 -0.56861  0.47187 M   12 
-0.25068 -1.20563  0.53762 B   13 
 0.00329 -1.51330  0.70804 K   13 
-0.54981 -1.24626  0.58196 B   14 
-0.82902 -1.02444  0.86377 R   14 
-0.59583 -1.07350  0.30478 B   15 
-0.76416 -0.78982  0.51163 H   15 
-0.37406 -1.22737  0.09834 B   16 
-0.07038 -1.09243  0.04106 B   17 
-0.16273 -0.78179  0.05598 L   17 
 0.08449 -1.33737  0.06505 B   18 
 0.27520 -1.46340  0.27022 D   18 
 0.21485 -1.39278 -0.24429 B   19 
 0.35761 -1.61674 -0.06239 N   19 
 0.10026 -1.18053 -0.40456 B   20 
-0.30916 -1.04367 -0.49866 Y   20 
 0.20514 -1.19860 -0.71343 B   21 
-0.17630 -1.11236 -0.98292 R   21 
 0.49106 -1.30188 -0.56018 B   22 
 0.47439 -1.12870 -0.28678 B   23 
 0.57938 -0.81804 -0.62409 Y   23 
 0.59827 -1.12736 -0.00960 B   24 
 0.80862 -1.22090  0.03401 S   24 
 0.50832 -1.00241  0.28659 B   25 
 0.31239 -1.11289  0.50560 L   25 
 0.76741 -0.82470  0.33214 B   26 
 0.71152 -0.62743  0.10055 B   27 
 0.86782 -0.80589 -0.13951 N   27 
 0.45113 -0.50283  0.20806 B   28 
 0.19352 -0.67778 -0.11140 W   28 
 0.56466 -0.40579  0.47714 B   29 
 0.54384 -0.58398  0.66528 V   29 
 0.79116 -0.23721  0.35979 B   30 
 1.04756 -0.29533  0.27115 X   30 
 0.61468 -0.04339  0.19997 B   31 
 0.55034 -0.15317  0.02205 A   31 
 0.43903  0.06611  0.42993 B   32 
 0.29361 -0.08595  0.47516 A   32 
 0.67303  0.18224  0.59049 B   33 
 0.89534  0.15930  0.84828 K   33 
 0.78243  0.38725  0.34668 B   34 
 1.14259  0.19943  0.41020 F   34 
 0.50031  0.52169  0.27751 B   35 
 0.48909  0.40081 -0.05287 E   35 
 0.35103  0.54824  0.59940 B   36 
 0.17364  0.42691  0.54518 S   36 
 0.45170  0.41651  0.86398 B   37 
 0.66430  0.54893  1.00377 N   37 
 0.17656  0.25630  0.93212 B   38 
 0.47650 -0.02647  0.96148 F   38 
-0.02993  0.49685  0.83749 B   39 
-0.05228  0.73913  1.01403 N   39 
-0.36196  0.52526  0.74169 B   40 
-0.47501  0.35105  0.87957 T   40 
-0.36416  0.86431  0.74648 B   41 
-0.58068  0.92359  1.07661 Q   41 
-0.17679  0.90485  0.52070 B   42 
 0.01530  0.83504  0.57474 A   42 
-0.09499  1.21004  0.33763 B   43 
-0.32978  1.27109  0.36985 T   43 
 0.01229  1.30840 -0.00756 B   44 
 0.25670  1.20062  0.19886 N   44 
 0.10903  1.55058 -0.20488 B   45 
-0.27696  1.85544 -0.32787 R   45 
 0.12995  1.59759 -0.54742 B   46 
 0.13182  1.25588 -0.52378 N   46 
 0.25170  1.76794 -0.81179 B   47 
 0.50909  1.78440 -0.82713 T   47 
-0.01382  1.67552 -0.99266 B   48 
-0.00415  1.41084 -1.00651 D   48 
-0.25004  1.70712 -0.74642 B   49 
-0.25364  1.46558 -0.62076 B   50 
-0.20484  1.26980 -0.76110 S   50 
-0.30720  1.18706 -0.37335 B   51 
-0.36384  1.39619 -0.20849 T   51 
-0.18744  1.00268 -0.11084 B   52 
 0.06707  0.89759 -0.31604 D   52 
-0.32798  0.70216  0.05227 B   53 
-0.61767  1.07306 -0.04390 Y   53 
-0.23967  0.55282  0.32398 B   54 
-0.04310  0.26824  0.39334 B   55 
-0.11144  0.08606  0.58325 I   55 
 0.00261  0.26267  0.04448 B   56 
 0.01396 -0.05716  0.07451 L   56 
-0.02053  0.52146 -0.11333 B   57 
 0.11800  0.75219  0.10354 Q   57 
-0.28241  0.57039 -0.27526 B   58 
-0.40013  0.28376 -0.28295 I   58 
-0.36864  0.71858 -0.57347 B   59 
-0.18752  0.89546 -0.74295 N   59 
-0.60391  0.96764 -0.70603 B   60 
-0.58061  1.15295 -0.57318 S   60 
-0.56046  0.93969 -1.02771 B   61 
-0.34706  1.27677 -1.18721 R   61 
-0.64495  0.60691 -1.02763 B   62 
-0.31852  0.65909 -1.34159 W   62 
-0.78962  0.46844 -0.74827 B   63 
-0.44800  0.23734 -0.89628 W   63 
-0.92275  0.73003 -0.60770 B   64 
-0.81377  0.70845 -0.37249 X   64 
-1.16396  0.95721 -0.46387 B   65 
-1.36905  1.09259 -0.63070 N   65 
-1.12669  1.32651 -0.35991 B   66 
-0.86170  1.34470 -0.40593 D   66 
-1.25282  1.57255 -0.54401 B   67 
-0.93053  1.70491 -0.64495 B   68 
-0.69272  1.78119 -0.24225 R   68 
-0.86460  1.51820 -0.92354 B   69 
-0.68717  1.39607 -0.78629 T   69 
-0.81233  1.57374 -1.22301 B   70 
-0.76833  1.77774 -1.17589 P   70 
-0.84583  1.30213 -1.42404 B   71 
-0.96083  1.07912 -1.26136 B   72 
-0.98466  1.15462 -1.03731 S   72 
-1.04886  0.71199 -1.20487 B   73 
-0.98411  0.61522 -1.54268 R   73 
-1.12614  0.50835 -0.97306 B   74 
-1.29708  0.58004 -0.76427 N   74 
-1.05044  0.18438 -0.99050 B   75 
-0.85222  0.22578 -1.24301 L   75 
-1.14277  0.10292 -0.68155 B   76 
-0.84581  0.04547 -0.61076 X   76 
-1.40412  0.23417 -0.61507 B   77 
-1.64200  0.19923 -0.74406 N   77 
-1.31453  0.48263 -0.40022 B   78 
-1.25972  0.25712 -0.21903 I   78 
-1.28379  0.66533 -0.14283 B   79 
-1.48524  0.66135 -0.08734 P   79 
-0.99267  0.77679 -0.02168 B   80 
-0.87164  0.91700 -0.27754 X   80 
-1.08490  0.76534  0.28205 B   81 
-1.28321  0.89987  0.27601 S   81 
-1.09941  0.45244  0.30093 B   82 
-1.25763  0.39778  0.17328 A   82 
-0.77114  0.44638  0.30426 B   83 
-0.73190  0.39595 -0.01674 L   83 
-0.78155  0.55731  0.63138 B   84 
-0.70271  0.83939  0.48148 L   84 
-0.87171  0.33438  0.77728 B   85 
-1.11192  0.23758  0.78639 S   85 
-0.82948  0.08562  1.01849 B   86 
-0.95198  0.14984  1.21401 S   86 
-0.95028 -0.07188  0.78514 B   87 
-1.16610 -0.26828  0.76760 D   87 
-0.75407 -0.23296  0.52909 B   88 
-0.52468 -0.30281  0.64820 I   88 
-0.93654 -0.35842  0.31215 B   89 
-1.12907 -0.49356  0.43520 T   89 
-0.93322 -0.13693  0.09379 B   90 
-1.06917  0.01759  0.16368 A   90 
-0.62537 -0.12357  0.04665 B   91 
-0.55521  0.07375  0.22402 S   91 
-0.58555 -0.41788 -0.02800 B   92 
-0.55598 -0.57243  0.18167 V   92 
-0.77553 -0.44144 -0.26782 B   93 
-1.04331 -0.56798 -0.10823 N   93 
-0.62958 -0.21490 -0.41909 B   94 
-0.69277  0.06266 -0.43150 X   94 
-0.34276 -0.32971 -0.41760 B   95 
-0.26871 -0.30230 -0.21732 A   95 
-0.40822 -0.58347 -0.58110 B   96 
-0.58386 -0.87176 -0.26026 K   96 
-0.46438 -0.41546 -0.83750 B   97 
-0.83773 -0.32198 -0.85161 K   97 
-0.19426 -0.26829 -0.86367 B   98 
-0.21232 -0.01711 -0.68266 I   98 
 0.00227 -0.52157 -0.87752 B   99 
 0.05310 -0.63653 -0.68255 V   99 
-0.17210 -0.62700 -1.14306 B   100 
-0.31218 -0.77957 -0.98203 S   100 
-0.10294 -0.39262 -1.36531 B   101 
-0.18593 -0.12708 -1.36505 D   101 
 0.24079 -0.47935 -1.44762 B   102 
 0.47408 -0.34476 -1.23617 B   103 
 0.47490 -0.10372 -1.45336 N   103 
 0.39797 -0.42547 -0.98176 B   104 
 0.56848 -0.29268 -0.70192 B   105 
 0.53026 -0.51358 -0.38014 M   105 
 0.67714 -0.04138 -0.87056 B   106 
 0.90093 -0.23415 -1.01930 N   106 
 0.43414  0.14278 -0.79489 B   107 
 0.26965  0.03436 -0.86510 A   107 
 0.61703  0.16307 -0.53680 B   108 
 0.21472 -0.02500 -0.39184 W   108 
 0.86392  0.37804 -0.48261 B   109 
 0.82528  0.60146 -0.60155 V   109 
 0.95807  0.28060 -0.20045 B   110 
 0.83479  0.38482 -0.05929 A   110 
 0.99830 -0.01128 -0.27746 B   111 
 0.89295 -0.36142 -0.41127 W   111 
 1.20066  0.02487 -0.50958 B   112 
 1.15900  0.26090 -0.85726 R   112 
 1.40943  0.22013 -0.33816 B   113 
 1.35377  0.46749 -0.54068 N   113 
 1.38606  0.02865 -0.03905 B   114 
 1.31833  0.45669  0.21505 R   114 
 1.30395 -0.29371 -0.10564 B   115 
 1.05261 -0.18923  0.06019 X   115 
 1.41965 -0.37614 -0.35483 B   116 
 1.29267 -0.37802 -0.78139 K   116 
 1.66828 -0.62701 -0.31604 B   117 
 1.60609 -0.68790 -0.03071 B   118 
 1.58490 -0.44495  0.05825 T   118 
 1.55619 -0.81381  0.29868 B   119 
 1.67204 -1.03874  0.43352 D   119 
 1.21992 -0.84661  0.34650 B   120 
 1.15150 -0.78844  0.11326 V   120 
 1.20133 -1.06282  0.57230 B   121 
 1.33839 -1.40174  0.37257 Q   121 
 1.27639 -0.86675  0.80668 B   122 
 1.46957 -0.80600  0.76264 A   122 
 0.97072 -0.75365  0.82935 B   123 
 1.10108 -0.37582  0.67515 W   123 
 0.87750 -1.05239  0.97681 B   124 
 0.74828 -1.13684  0.75672 I   124 
 1.03303 -1.07583  1.21027 B   125 
 1.45905 -1.17946  0.93432 R   125 
 0.89012 -1.21453  1.50344 B   126 
 0.63824 -1.30648  1.36411 B   127 
 0.60063 -1.00316  1.25938 X   127 
 0.31143 -1.46180  1.40957 B   128 
 0.31570 -1.84805  1.53313 R   128 
 0.25051 -1.69356  1.11868 B   129 
 0.28407 -1.45764  1.01521 L   129 
