246 
-0.71405  0.90683  0.67432 B   1 
-1.07196  0.69372  0.72647 K   1 
-0.70743  0.72926  0.98544 B   2 
-0.50182  0.83780  1.09996 V   2 
-0.67903  0.41371  1.03834 B   3 
-0.87282  0.32912  0.65992 F   3 
-0.75749  0.13856  1.17308 B   4 
-0.66390 -0.16766  1.18828 B   5 
-0.46369 -0.43143  1.47101 R   5 
-0.94161 -0.32418  1.17208 B   6 
-0.92859 -0.48250  1.44252 X   6 
-1.05057 -0.12912  0.95600 B   7 
-1.16108  0.24234  1.00302 E   7 
-0.84617 -0.18757  0.73121 B   8 
-0.59403 -0.02903  0.65776 L   8 
-0.87703 -0.49120  0.71398 B   9 
-0.78396 -0.57264  0.89249 A   9 
-1.16994 -0.48479  0.62653 B   10 
-1.28517 -0.43147  0.80459 A   10 
-1.12970 -0.32058  0.36661 B   11 
-1.12320 -0.11257  0.42702 A   11 
-0.91370 -0.50140  0.23775 B   12 
-0.53896 -0.34171  0.37436 M   12 
-1.09424 -0.74585  0.22754 B   13 
-1.18858 -1.05346  0.51854 K   13 
-1.33194 -0.64486  0.06509 B   14 
-1.55277 -0.24902  0.09875 R   14 
-1.11518 -0.57178 -0.17253 B   15 
-1.19049 -0.19310 -0.12235 H   15 
-0.93785 -0.86136 -0.18581 B   16 
-0.64055 -0.88820 -0.02897 B   17 
-0.54528 -0.58138 -0.07403 L   17 
-0.68322 -1.15131  0.08725 B   18 
-0.74241 -1.26708  0.36553 D   18 
-0.45503 -1.35452 -0.06238 B   19 
-0.58316 -1.54211  0.16570 N   19 
-0.32714 -1.18106 -0.25583 B   20 
-0.46468 -0.93064 -0.59285 Y   20 
-0.09595 -1.34202 -0.42127 B   21 
-0.14358 -1.20463 -0.87339 R   21 
-0.05311 -1.49421 -0.11976 B   22 
-0.12662 -1.24862  0.07847 B   23 
 0.29286 -1.13918 -0.10419 Y   23 
-0.20231 -1.20487  0.36921 B   24 
-0.14115 -1.35489  0.53849 S   24 
-0.36081 -0.96315  0.53619 B   25 
-0.66716 -0.90493  0.57248 L   25 
-0.12740 -0.90120  0.74228 B   26 
 0.07027 -0.78803  0.53301 B   27 
 0.21168 -1.08335  0.45120 N   27 
-0.09154 -0.54085  0.44582 B   28 
-0.16868 -0.69258  0.03345 W   28 
-0.11916 -0.41412  0.72490 B   29 
-0.33154 -0.49458  0.85138 V   29 
 0.18010 -0.40123  0.78628 B   30 
 0.36359 -0.58388  0.88601 X   30 
 0.25845 -0.21832  0.55248 B   31 
 0.25969 -0.34530  0.37437 A   31 
 0.07420  0.02271  0.61314 B   32 
-0.12398 -0.03294  0.55038 A   32 
 0.19467  0.08079  0.88906 B   33 
 0.18016  0.05764  1.22915 K   33 
 0.50909  0.12972  0.77868 B   34 
 0.60557 -0.15442  1.05971 F   34 
 0.43777  0.33501  0.54369 B   35 
 0.55284  0.12619  0.28477 E   35 
 0.17530  0.52548  0.69008 B   36 
 0.02861  0.47566  0.53156 S   36 
 0.02209  0.46107  0.95442 B   37 
 0.14907  0.53472  1.20084 N   37 
-0.27628  0.45850  0.82411 B   38 
-0.24892  0.10639  1.03871 F   38 
-0.22927  0.71510  0.62064 B   39 
-0.21580  0.98947  0.74276 N   39 
-0.37314  0.84135  0.33152 B   40 
-0.61426  0.78472  0.35975 T   40 
-0.19959  1.13259  0.33806 B   41 
-0.49259  1.38083  0.44717 Q   41 
 0.06845  1.01600  0.29017 B   42 
 0.12449  0.89705  0.45570 A   42 
 0.38357  1.18169  0.20900 B   43 
 0.24714  1.33927  0.08073 T   43 
 0.69770  1.10678  0.01914 B   44 
 0.68174  0.98529  0.33369 N   44 
 0.99738  1.20802 -0.06386 B   45 
 0.97910  1.58240 -0.40527 R   45 
 1.22783  1.12512 -0.30882 B   46 
 1.03669  0.84126 -0.29410 N   46 
 1.54354  1.13269 -0.42714 B   47 
 1.72557  1.03765 -0.27032 T   47 
 1.42673  1.10075 -0.73873 B   48 
 1.30202  0.86681 -0.74629 D   48 
 1.15373  1.30534 -0.70635 B   49 
 0.95428  1.14308 -0.61670 B   50 
 0.96176  0.90975 -0.69354 S   50 
 0.63506  1.01020 -0.46805 B   51 
 0.61577  1.26626 -0.37760 T   51 
 0.46766  0.89255 -0.19349 B   52 
 0.69080  0.63171 -0.18381 D   52 
 0.12858  0.74788 -0.16575 B   53 
 0.19149  1.14858 -0.42309 Y   53 
-0.04576  0.67585  0.09566 B   54 
-0.10799  0.37730  0.27296 B   55 
-0.35389  0.31321  0.36969 I   55 
 0.11432  0.23751  0.03875 B   56 
-0.06287 -0.02941  0.06477 L   56 
 0.32376  0.41450 -0.09248 B   57 
 0.41153  0.62754  0.16514 Q   57 
 0.27270  0.50780 -0.38555 B   58 
 0.05146  0.30866 -0.47198 I   58 
 0.46267  0.56916 -0.66568 B   59 
 0.76651  0.59002 -0.67330 N   59 
 0.51701  0.83195 -0.91654 B   60 
 0.55440  1.02476 -0.79840 S   60 
 0.71089  0.68310 -1.13196 B   61 
 1.11374  0.83070 -1.10887 R   61 
 0.48238  0.43384 -1.19139 B   62 
 0.89507  0.24154 -1.21500 W   62 
 0.16027  0.46769 -1.07630 B   63 
 0.34103  0.08348 -0.96803 W   63 
 0.13314  0.79120 -1.05356 B   64 
 0.05948  0.80743 -0.80461 X   64 
 0.01696  1.13015 -1.09942 B   65 
 0.05032  1.27249 -1.35797 N   65 
 0.17593  1.46434 -0.99164 B   66 
 0.38096  1.35745 -0.85305 D   66 
 0.32753  1.66327 -1.21023 B   67 
 0.65991  1.61213 -1.07429 B   68 
 0.62592  1.71565 -0.61313 R   68 
 0.76079  1.33340 -1.24444 B   69 
 0.73329  1.20362 -1.02619 T   69 
 0.99158  1.25951 -1.43621 B   70 
 1.10017  1.43122 -1.36918 P   70 
 0.94074  0.97454 -1.61374 B   71 
 0.65888  0.88541 -1.56864 B   72 
 0.55732  1.03422 -1.41369 S   72 
 0.37841  0.62719 -1.58814 B   73 
 0.55892  0.40573 -1.80273 R   73 
 0.09202  0.56244 -1.46583 B   74 
-0.09715  0.76229 -1.41861 N   74 
-0.01948  0.25014 -1.43372 B   75 
 0.27096  0.12096 -1.49475 L   75 
-0.29483  0.32130 -1.26130 B   76 
-0.17458  0.17613 -1.01439 X   76 
-0.43072  0.56082 -1.38010 B   77 
-0.52886  0.58401 -1.63362 N   77 
-0.36387  0.80804 -1.15575 B   78 
-0.54872  0.65442 -0.98571 I   78 
-0.39304  1.03724 -0.93852 B   79 
-0.55527  1.13374 -1.02823 P   79 
-0.21631  1.05511 -0.65515 B   80 
 0.07837  1.04013 -0.76789 X   80 
-0.45198  1.18411 -0.48570 B   81 
-0.50506  1.37673 -0.61815 S   81 
-0.63583  0.92981 -0.48492 B   82 
-0.69406  0.90448 -0.68563 A   82 
-0.43071  0.79321 -0.26795 B   83 
-0.25169  0.62713 -0.48589 L   83 
-0.56301  1.00121 -0.02576 B   84 
-0.28052  1.15950 -0.08406 L   84 
-0.81951  0.89651  0.02287 B   85 
-1.02913  0.91412 -0.12847 S   85 
-1.05831  0.74823  0.22982 B   86 
-1.21292  0.91773  0.29855 S   86 
-1.08711  0.58489 -0.02776 B   87 
-1.31833  0.49891 -0.18460 D   87 
-0.90205  0.28291 -0.09538 B   88 
-0.85870  0.17060  0.14377 I   88 
-0.96274  0.17724 -0.38042 B   89 
-1.22594  0.18101 -0.41486 T   89 
-0.72189  0.29155 -0.54066 B   90 
-0.76722  0.50139 -0.57463 A   90 
-0.49133  0.16287 -0.37498 B   91 
-0.44266  0.36186 -0.19235 S   91 
-0.57811 -0.12880 -0.40923 B   92 
-0.75795 -0.20228 -0.23322 V   92 
-0.57737 -0.15231 -0.71519 B   93 
-0.90476 -0.09861 -0.77104 N   93 
-0.28025 -0.06887 -0.73138 B   94 
-0.16830  0.18888 -0.77849 X   94 
-0.15762 -0.28195 -0.54428 B   95 
-0.20835 -0.22158 -0.34396 A   95 
-0.24065 -0.52627 -0.71406 B   96 
-0.68439 -0.59365 -0.58974 K   96 
-0.04453 -0.44621 -0.94264 B   97 
-0.22665 -0.22056 -1.19611 K   97 
 0.22021 -0.43869 -0.78403 B   98 
 0.23858 -0.15699 -0.65561 I   98 
 0.22110 -0.73837 -0.66933 B   99 
 0.08388 -0.79164 -0.49004 V   99 
 0.20339 -0.84649 -0.98560 B   100 
-0.05670 -0.86605 -0.95724 S   100 
 0.49533 -0.74909 -1.10559 B   101 
 0.58118 -0.48936 -1.15621 D   101 
 0.71618 -0.98925 -0.94436 B   102 
 0.81728 -0.89816 -0.63015 B   103 
 1.06611 -0.76580 -0.79087 N   103 
 0.58334 -0.85114 -0.48839 B   104 
 0.60489 -0.71338 -0.16346 B   105 
 0.28391 -0.77853  0.05224 M   105 
 0.90087 -0.59960 -0.21685 B   106 
 1.02669 -0.90384 -0.18565 N   106 
 0.79928 -0.31936 -0.31602 B   107 
 0.67661 -0.36874 -0.47804 A   107 
 0.78202 -0.28967 -0.00091 B   108 
 0.34448 -0.23894 -0.15654 W   108 
 1.02229 -0.18818  0.20421 B   109 
 1.18144 -0.02205  0.09182 V   109 
 0.87301 -0.21487  0.47802 B   110 
 0.76939 -0.02916  0.50563 A   110 
 0.78908 -0.50542  0.44229 B   111 
 0.61333 -0.80580  0.26767 W   111 
 1.06797 -0.63393  0.39932 B   112 
 1.36028 -0.53229  0.11201 R   112 
 1.20765 -0.49464  0.66801 B   113 
 1.41538 -0.32920  0.48154 N   113 
 0.92432 -0.54831  0.87664 B   114 
 0.96251 -0.07151  1.03018 R   114 
 0.74025 -0.81195  0.76843 B   115 
 0.54093 -0.56606  0.73102 X   115 
 0.91111 -1.01214  0.65440 B   116 
 1.06845 -1.10503  0.24857 K   116 
 0.91704 -1.31321  0.84301 B   117 
 0.68504 -1.24460  1.01752 B   118 
 0.74881 -0.99941  1.07413 T   118 
 0.40209 -1.22160  1.23258 B   119 
 0.28264 -1.41487  1.40744 D   119 
 0.14275 -1.09777  1.04859 B   120 
 0.26045 -1.09856  0.82811 V   120 
-0.10928 -1.19893  1.20454 B   121 
-0.08694 -1.60966  1.13860 Q   121 
-0.09016 -0.98393  1.43350 B   122 
 0.09009 -1.02492  1.52720 A   122 
-0.23932 -0.75661  1.25235 B   123 
 0.12873 -0.53901  1.22570 W   123 
-0.53837 -0.92410  1.29918 B   124 
-0.54172 -1.01740  1.04708 I   124 
-0.58223 -0.92884  1.57720 B   125 
-0.20878 -1.28134  1.64545 R   125 
-0.91109 -0.89128  1.70390 B   126 
-1.04226 -0.91445  1.43266 B   127 
-0.84857 -0.67595  1.33272 X   127 
-1.35840 -0.89958  1.25149 B   128 
-1.62747 -1.18894  1.34282 R   128 
-1.35545 -1.16956  0.98855 B   129 
-1.15222 -1.01678  0.93521 L   129 
