246 
 1.26303 -0.43551  0.04474 B   1 
 1.26633 -0.61054  0.42631 K   1 
 1.17889 -0.78302  0.02156 B   2 
 1.19753 -0.82145 -0.23406 V   2 
 0.90960 -0.93299  0.11193 B   3 
 0.84659 -0.63932  0.42450 F   3 
 0.74429 -1.16217  0.25392 B   4 
 0.44310 -1.26389  0.29521 B   5 
 0.18638 -1.58370  0.14889 R   5 
 0.44049 -1.34404  0.60415 B   6 
 0.36050 -1.64630  0.57938 X   6 
 0.60996 -1.09497  0.68067 B   7 
 0.98849 -1.03200  0.60888 E   7 
 0.41177 -0.87371  0.59407 B   8 
 0.40836 -0.71347  0.33251 L   8 
 0.16543 -0.96369  0.75111 B   9 
 0.09152 -1.14241  0.65234 A   9 
 0.29230 -0.92563  1.02668 B   10 
 0.43277 -1.09131  1.05211 A   10 
 0.35401 -0.62294  1.00001 B   11 
 0.54068 -0.60877  0.89088 A   11 
 0.06798 -0.52989  0.92594 B   12 
 0.05348 -0.54560  0.49683 M   12 
-0.05460 -0.62987  1.18562 B   13 
-0.20484 -1.01766  1.30912 K   13 
 0.10909 -0.48199  1.39640 B   14 
 0.55841 -0.41557  1.41362 R   14 
 0.01358 -0.20304  1.24856 B   15 
 0.38200 -0.13515  1.14251 H   15 
-0.32018 -0.25972  1.21904 B   16 
-0.45096 -0.36844  0.92786 B   17 
-0.24685 -0.20949  0.73212 L   17 
-0.62744 -0.57085  1.03941 B   18 
-0.63486 -0.87740  1.05707 D   18 
-0.94296 -0.46405  0.97013 B   19 
-0.98929 -0.75855  1.09158 N   19 
-0.90074 -0.20650  0.84462 B   20 
-0.69764  0.16907  0.95823 Y   20 
-1.18543 -0.07046  0.75993 B   21 
-1.14713  0.38842  0.87623 R   21 
-1.26763 -0.39494  0.69782 B   22 
-0.97979 -0.50882  0.60197 B   23 
-1.12977 -0.23744  0.24819 Y   23 
-0.84127 -0.77636  0.56435 B   24 
-0.96001 -0.97431  0.52414 S   24 
-0.52279 -0.87564  0.55254 B   25 
-0.31787 -0.93747  0.78220 L   25 
-0.53655 -1.01046  0.26544 B   26 
-0.58256 -0.74748  0.10924 B   27 
-0.91922 -0.74791  0.13308 N   27 
-0.31467 -0.60908  0.17221 B   28 
-0.49833 -0.28812  0.42177 W   28 
-0.13158 -0.83065  0.06226 B   29 
-0.06927 -1.00803  0.24180 V   29 
-0.25097 -0.83704 -0.21916 B   30 
-0.47180 -0.96222 -0.33114 X   30 
-0.18592 -0.54650 -0.29406 B   31 
-0.33396 -0.42300 -0.19070 A   31 
 0.12061 -0.55112 -0.25234 B   32 
 0.15480 -0.54204 -0.04006 A   32 
 0.17353 -0.76969 -0.46078 B   33 
 0.23693 -1.09593 -0.53795 K   33 
 0.03899 -0.60199 -0.72003 B   34 
-0.18545 -0.94309 -0.76794 F   34 
 0.19477 -0.32607 -0.67470 B   35 
-0.09548 -0.13706 -0.61217 E   35 
 0.51527 -0.43942 -0.56963 B   36 
 0.50821 -0.33134 -0.37625 S   36 
 0.59351 -0.73046 -0.48801 B   37 
 0.64991 -0.91540 -0.69988 N   37 
 0.70582 -0.65639 -0.19150 B   38 
 0.44220 -0.96909 -0.13233 F   38 
 0.85519 -0.37435 -0.27864 B   39 
 1.10855 -0.39437 -0.43921 N   39 
 0.96681 -0.08570 -0.12228 B   40 
 1.04117 -0.16821  0.10088 T   40 
 1.13157  0.03221 -0.39419 B   41 
 1.50739 -0.03193 -0.27577 Q   41 
 0.89304  0.07944 -0.56330 B   42 
 0.80225 -0.10547 -0.61084 A   42 
 0.86365  0.25901 -0.87990 B   43 
 1.03419  0.40967 -0.78984 T   43 
 0.60651  0.45931 -1.06457 B   44 
 0.58155  0.12381 -1.09243 N   44 
 0.52952  0.61670 -1.34069 B   45 
 0.77930  1.05616 -1.37988 R   45 
 0.29358  0.85260 -1.43378 B   46 
 0.14828  0.71466 -1.15595 N   46 
 0.12158  1.01410 -1.67475 B   47 
-0.01153  0.86481 -1.83831 T   47 
 0.08107  1.27512 -1.46984 B   48 
-0.05887  1.18483 -1.26343 D   48 
 0.39311  1.27088 -1.32826 B   49 
 0.37164  1.10249 -1.11534 B   50 
 0.15309  1.09733 -1.00302 S   50 
 0.44589  0.87047 -0.82845 B   51 
 0.69242  0.86872 -0.94395 T   51 
 0.48813  0.54997 -0.71558 B   52 
 0.16182  0.48861 -0.80320 D   52 
 0.53492  0.42338 -0.37140 B   53 
 0.78672  0.80602 -0.51605 Y   53 
 0.61623  0.12923 -0.26754 B   54 
 0.43278 -0.14482 -0.14230 B   55 
 0.51845 -0.29425  0.06807 I   55 
 0.15494  0.06086 -0.20801 B   56 
 0.01981 -0.07979  0.04748 L   56 
 0.17480  0.27437 -0.42350 B   57 
 0.37072  0.11941 -0.66238 Q   57 
 0.21294  0.57010 -0.33245 B   58 
 0.13132  0.54979 -0.03412 I   58 
 0.11088  0.88051 -0.43992 B   59 
-0.01939  0.94166 -0.70844 N   59 
 0.25137  1.20984 -0.52211 B   60 
 0.42321  1.17004 -0.66847 S   60 
-0.01627  1.39060 -0.56503 B   61 
-0.07991  1.48079 -0.98027 R   61 
-0.13082  1.32736 -0.24761 B   62 
-0.49773  1.34919 -0.51735 W   62 
 0.07863  1.18168 -0.01729 B   63 
-0.30981  0.98093 -0.04617 W   63 
 0.37097  1.26416 -0.13413 B   64 
 0.47584  1.02663 -0.14993 X   64 
 0.70391  1.40179 -0.16048 B   65 
 0.75070  1.69485 -0.17258 N   65 
 0.93474  1.43760 -0.46709 B   66 
 0.77644  1.30487 -0.64028 D   66 
 0.98151  1.73070 -0.61623 B   67 
 0.80857  1.63876 -0.92154 B   68 
 1.01577  1.23914 -1.06955 R   68 
 0.48574  1.71972 -0.84381 B   69 
 0.43777  1.46923 -0.83018 T   69 
 0.26915  1.90921 -0.95643 B   70 
 0.37740  1.92094 -1.14059 P   70 
 0.01241  1.97143 -0.74308 B   71 
 0.08262  1.85609 -0.47627 B   72 
 0.29226  1.74584 -0.49533 S   72 
-0.00561  1.74466 -0.12197 B   73 
-0.32816  1.89838 -0.12363 R   73 
 0.10471  1.56493  0.11615 B   74 
 0.37570  1.55831  0.18303 N   74 
-0.09914  1.41368  0.33194 B   75 
-0.36206  1.47241  0.15252 L   75 
 0.13225  1.23437  0.48978 B   76 
 0.00653  0.97500  0.37393 X   76 
 0.37411  1.40362  0.54277 B   77 
 0.38433  1.63190  0.69185 N   77 
 0.60162  1.28776  0.31753 B   78 
 0.59841  1.04976  0.49082 I   78 
 0.85848  1.15762  0.18465 B   79 
 0.99831  1.24806  0.31094 P   79 
 0.85191  0.92744 -0.05790 B   80 
 0.67218  1.07298 -0.27304 X   80 
 1.11256  0.77633  0.04269 B   81 
 1.27176  0.95548  0.04759 S   81 
 0.98570  0.66233  0.30610 B   82 
 0.94738  0.83152  0.42537 A   82 
 0.81970  0.44682  0.12222 B   83 
 0.54405  0.62189  0.09996 L   83 
 1.11381  0.27042  0.07978 B   84 
 1.09897  0.42119 -0.21228 L   84 
 1.15940  0.15053  0.33011 B   85 
 1.24139  0.26464  0.54785 S   85 
 1.19494 -0.12838  0.53697 B   86 
 1.42838 -0.15977  0.58030 S   86 
 1.01277  0.05224  0.70444 B   87 
 1.01613  0.13360  0.98520 D   87 
 0.65264  0.04316  0.68923 B   88 
 0.59005 -0.20996  0.62841 I   88 
 0.52856  0.26361  0.86841 B   89 
 0.65075  0.25608  1.10397 T   89 
 0.47370  0.48807  0.66019 B   90 
 0.66578  0.58257  0.62255 A   90 
 0.29070  0.32684  0.46606 B   91 
 0.47675  0.23088  0.28859 S   91 
 0.07761  0.24801  0.67137 B   92 
 0.14124  0.03195  0.80550 V   92 
-0.01108  0.52482  0.76973 B   93 
 0.17953  0.54390  1.04630 N   93 
-0.08698  0.61376  0.48367 B   94 
 0.06706  0.76085  0.29439 X   94 
-0.28478  0.38774  0.41126 B   95 
-0.16441  0.21371  0.37164 A   95 
-0.48985  0.45132  0.63334 B   96 
-0.30558  0.24445  1.00770 K   96 
-0.56749  0.72098  0.49780 B   97 
-0.34525  1.00369  0.63569 K   97 
-0.65308  0.61703  0.21999 B   98 
-0.39446  0.59436  0.05034 I   98 
-0.88187  0.41061  0.30951 B   99 
-0.82089  0.20484  0.39757 V   99 
-1.03568  0.66594  0.46175 B   100 
-0.92073  0.59273  0.68592 S   100 
-1.12048  0.85526  0.20468 B   101 
-0.95297  1.00223  0.03812 D   101 
-1.39428  0.65950  0.06626 B   102 
-1.29549  0.41333 -0.15027 B   103 
-1.33901  0.64550 -0.37270 N   103 
-1.11135  0.26090 -0.00924 B   104 
-0.93232  0.00799 -0.17954 B   105 
-0.78483 -0.26408  0.06132 M   105 
-0.99028  0.14146 -0.46630 B   106 
-1.30172  0.03053 -0.45831 N   106 
-0.72604  0.31135 -0.46545 B   107 
-0.74507  0.42655 -0.29193 A   107 
-0.62212  0.02553 -0.55478 B   108 
-0.40332  0.11933 -0.15283 W   108 
-0.60589 -0.09415 -0.86384 B   109 
-0.56682  0.09042 -1.03694 V   109 
-0.49545 -0.38083 -0.80394 B   110 
-0.28201 -0.36066 -0.79929 A   110 
-0.70930 -0.45746 -0.60111 B   111 
-0.91833 -0.42244 -0.27449 W   111 
-0.96206 -0.41710 -0.77611 B   112 
-1.08084 -0.07071 -0.98642 R   112 
-0.85117 -0.59889 -1.03255 B   113 
-0.85262 -0.33812 -1.22567 N   113 
-0.71365 -0.85472 -0.82684 B   114 
-0.29358 -0.83266 -1.10150 R   114 
-0.87268 -0.87051 -0.52759 B   115 
-0.57670 -0.78466 -0.44626 X   115 
-1.15009 -0.80471 -0.55904 B   116 
-1.39528 -0.43387 -0.53799 K   116 
-1.36595 -1.07955 -0.49488 B   117 
-1.15712 -1.25494 -0.37398 B   118 
-0.96735 -1.21596 -0.54678 T   118 
-0.95336 -1.49114 -0.20214 B   119 
-1.02058 -1.73670 -0.07031 D   119 
-0.76471 -1.31896  0.02416 B   120 
-0.87132 -1.09593 -0.01272 V   120 
-0.69427 -1.53679  0.23785 B   121 
-1.06788 -1.60891  0.40743 Q   121 
-0.47007 -1.67508  0.06575 B   122 
-0.57062 -1.74793 -0.10018 A   122 
-0.24610 -1.45396  0.15343 B   123 
-0.24479 -1.29958 -0.24618 W   123 
-0.23365 -1.59971  0.46693 B   124 
-0.36747 -1.39688  0.58191 I   124 
-0.15440 -1.86664  0.42558 B   125 
-0.61766 -1.98971  0.22904 R   125 
 0.06404 -2.02293  0.65680 B   126 
 0.04690 -1.79874  0.85869 B   127 
 0.13347 -1.59627  0.62227 X   127 
 0.17118 -1.67432  1.17817 B   128 
 0.07585 -1.89743  1.50315 R   128 
-0.11786 -1.51933  1.36385 B   129 
-0.09811 -1.38729  1.14100 L   129 
