246 
 0.21558  0.57392  1.18788 B   1 
-0.01173  0.32056  1.43360 K   1 
 0.42087  0.30944  1.31548 B   2 
 0.65725  0.39663  1.25473 V   2 
 0.42138 -0.00231  1.23807 B   3 
-0.00101  0.01696  1.14252 F   3 
 0.42258 -0.31219  1.30117 B   4 
 0.43802 -0.59681  1.15449 B   5 
 0.72959 -0.91447  1.09383 R   5 
 0.22076 -0.76730  1.31454 B   6 
 0.40311 -1.00022  1.41881 X   6 
 0.02478 -0.52629  1.32541 B   7 
 0.05706 -0.20124  1.53920 E   7 
-0.02428 -0.49068  1.02201 B   8 
 0.10986 -0.29276  0.82981 L   8 
-0.11188 -0.77512  0.95231 B   9 
 0.06642 -0.89864  0.96285 A   9 
-0.36269 -0.77093  1.12713 B   10 
-0.29285 -0.78785  1.33368 A   10 
-0.50218 -0.53043  0.98987 B   11 
-0.41505 -0.35225  1.07715 A   11 
-0.49413 -0.63926  0.69996 B   12 
-0.12427 -0.49380  0.53675 M   12 
-0.66100 -0.88497  0.76507 B   13 
-0.55864 -1.27604  0.92251 K   13 
-0.91575 -0.76246  0.87988 B   14 
-0.95928 -0.42122  1.17695 R   14 
-0.94272 -0.59737  0.59561 B   15 
-0.88436 -0.26297  0.78631 H   15 
-0.89233 -0.84898  0.37283 B   16 
-0.59040 -0.89376  0.22951 B   17 
-0.50793 -0.58036  0.21450 L   17 
-0.57812 -1.18290  0.25774 B   18 
-0.42814 -1.38530  0.43348 D   18 
-0.58194 -1.30516 -0.05974 B   19 
-0.52649 -1.56655  0.11978 N   19 
-0.61414 -1.06798 -0.22276 B   20 
-0.90895 -0.73967 -0.24534 Y   20 
-0.62024 -1.14509 -0.54016 B   21 
-0.96462 -0.87850 -0.72960 R   21 
-0.39451 -1.37897 -0.43891 B   22 
-0.24814 -1.21645 -0.19979 B   23 
-0.09830 -1.01399 -0.59710 Y   23 
-0.07039 -1.27375  0.03958 B   24 
 0.06825 -1.46233  0.05035 S   24 
-0.00224 -1.11360  0.32443 B   25 
-0.15943 -1.10057  0.59586 L   25 
 0.31205 -1.09631  0.28302 B   26 
 0.30147 -0.90415  0.04087 B   27 
 0.27657 -1.14331 -0.19596 N   27 
 0.17794 -0.65956  0.18158 B   28 
-0.20784 -0.68142 -0.04139 W   28 
 0.39258 -0.63003  0.40014 B   29 
 0.33766 -0.76685  0.61425 V   29 
 0.63138 -0.60718  0.21056 B   30 
 0.78981 -0.79259  0.07826 X   30 
 0.53912 -0.35340  0.06450 B   31 
 0.38334 -0.41741 -0.07508 A   31 
 0.51104 -0.16316  0.30687 B   32 
 0.32777 -0.21587  0.40662 A   32 
 0.80511 -0.18269  0.39150 B   33 
 1.04666 -0.31251  0.59449 K   33 
 0.93132 -0.07050  0.10008 B   34 
 1.15190 -0.41722  0.11219 F   34 
 0.74697  0.18985  0.07394 B   35 
 0.58821  0.08521 -0.22225 E   35 
 0.72423  0.29767  0.41226 B   36 
 0.50299  0.28561  0.41839 S   36 
 0.81324  0.13875  0.66587 B   37 
 1.09216  0.14381  0.73259 N   37 
 0.52519  0.14732  0.81742 B   38 
 0.63966 -0.24969  0.82504 F   38 
 0.44908  0.45809  0.73323 B   39 
 0.59896  0.68030  0.86934 N   39 
 0.16364  0.65349  0.70935 B   40 
 0.02110  0.56708  0.89470 T   40 
 0.33180  0.94383  0.66028 B   41 
 0.27215  1.11484  1.01605 Q   41 
 0.44533  0.87550  0.39538 B   42 
 0.58354  0.71691  0.41639 A   42 
 0.61506  1.08888  0.15247 B   43 
 0.46064  1.26424  0.22525 T   43 
 0.65904  1.10897 -0.21902 B   44 
 0.86269  0.89413 -0.05676 N   44 
 0.80587  1.26052 -0.46886 B   45 
 0.60615  1.71919 -0.55122 R   45 
 0.75384  1.28197 -0.81063 B   46 
 0.59177  0.99018 -0.73370 N   46 
 0.86742  1.35771 -1.11901 B   47 
 1.08360  1.23702 -1.19289 T   47 
 0.55367  1.41346 -1.22005 B   48 
 0.42622  1.18242 -1.19322 D   48 
 0.44131  1.56926 -0.93627 B   49 
 0.35218  1.36802 -0.77594 B   50 
 0.25702  1.17247 -0.89044 S   50 
 0.23639  1.16408 -0.48157 B   51 
 0.33835  1.37566 -0.34388 T   51 
 0.31438  0.95026 -0.22575 B   52 
 0.41635  0.72318 -0.46230 D   52 
 0.09316  0.77107  0.01010 B   53 
 0.01291  1.23638 -0.07815 Y   53 
 0.16514  0.60376  0.27608 B   54 
 0.20434  0.26006  0.34517 B   55 
 0.10875  0.14468  0.57206 I   55 
 0.14487  0.22359  0.00027 B   56 
 0.00322 -0.05434  0.07778 L   56 
 0.21186  0.45277 -0.18789 B   57 
 0.49949  0.58206 -0.04643 Q   57 
-0.02345  0.62757 -0.29408 B   58 
-0.26516  0.44446 -0.22985 I   58 
-0.10146  0.79222 -0.58585 B   59 
 0.08997  0.84466 -0.81697 N   59 
-0.20732  1.12441 -0.70159 B   60 
-0.05999  1.27324 -0.60845 S   60 
-0.27243  1.07065 -1.01626 B   61 
 0.02801  1.24307 -1.27046 R   61 
-0.50761  0.83104 -0.94447 B   62 
-0.29754  0.69804 -1.32662 W   62 
-0.62017  0.79478 -0.62173 B   63 
-0.49362  0.41607 -0.80223 W   63 
-0.56172  1.09048 -0.49902 B   64 
-0.41901  1.02048 -0.29311 X   64 
-0.60859  1.41335 -0.34395 B   65 
-0.75540  1.63209 -0.48114 N   65 
-0.36602  1.71110 -0.31108 B   66 
-0.15101  1.58723 -0.41642 D   66 
-0.39737  1.98258 -0.49990 B   67 
-0.09319  1.92491 -0.68892 B   68 
 0.24970  1.87485 -0.36571 R   68 
-0.20710  1.72503 -0.94168 B   69 
-0.08450  1.53136 -0.82901 T   69 
-0.21741  1.73836 -1.25026 B   70 
-0.06691  1.89038 -1.24715 P   70 
-0.43453  1.51975 -1.39299 B   71 
-0.59626  1.39329 -1.17555 B   72 
-0.51773  1.47516 -0.96675 S   72 
-0.83618  1.12751 -1.04320 B   73 
-0.92235  1.00359 -1.36708 R   73 
-0.93848  0.99944 -0.77061 B   74 
-0.98722  1.15451 -0.54359 N   74 
-1.04199  0.68330 -0.75224 B   75 
-0.92632  0.60944 -1.04539 L   75 
-1.07504  0.66901 -0.42162 B   76 
-0.83971  0.46659 -0.40947 X   76 
-1.20716  0.91885 -0.32125 B   77 
-1.45549  1.01034 -0.38761 N   77 
-0.95158  1.08875 -0.17382 B   78 
-0.96959  0.87194  0.02456 I   78 
-0.76572  1.23427  0.03796 B   79 
-0.91873  1.33729  0.13622 P   79 
-0.43756  1.18004  0.07287 B   80 
-0.33726  1.23064 -0.22234 X   80 
-0.43710  1.22526  0.38727 B   81 
-0.53525  1.44336  0.40348 S   81 
-0.59962  0.96649  0.45862 B   82 
-0.79175  0.99961  0.37921 A   82 
-0.33118  0.79002  0.39075 B   83 
-0.41076  0.71931  0.08124 L   83 
-0.19608  0.89739  0.69014 B   84 
-0.03131  1.09336  0.48350 L   84 
-0.34183  0.75766  0.88597 B   85 
-0.58551  0.80075  0.96292 S   85 
-0.36553  0.52895  1.14860 B   86 
-0.38166  0.65206  1.35340 S   86 
-0.60659  0.45248  0.97569 B   87 
-0.88692  0.39730  1.03755 D   87 
-0.59428  0.20695  0.71193 B   88 
-0.40774  0.03032  0.78738 I   88 
-0.86577  0.19036  0.56322 B   89 
-1.05839  0.17841  0.74549 T   89 
-0.81191  0.37256  0.31694 B   90 
-0.82817  0.57684  0.38935 A   90 
-0.56429  0.22217  0.20188 B   91 
-0.36031  0.35777  0.32567 S   91 
-0.69808 -0.05123  0.16832 B   92 
-0.69388 -0.19372  0.38832 V   92 
-0.93127  0.02246 -0.01704 B   93 
-1.17175  0.05796  0.21554 N   93 
-0.73919  0.13602 -0.23086 B   94 
-0.65653  0.40538 -0.27327 X   94 
-0.55950 -0.11157 -0.27402 B   95 
-0.43066 -0.12236 -0.10189 A   95 
-0.78394 -0.29743 -0.37647 B   96 
-0.98534 -0.44433  0.01692 K   96 
-0.81600 -0.13065 -0.63777 B   97 
-1.08102  0.14366 -0.58435 K   97 
-0.52723 -0.14677 -0.74574 B   98 
-0.36818  0.08090 -0.60770 I   98 
-0.49500 -0.46563 -0.76174 B   99 
-0.45757 -0.58580 -0.56688 V   99 
-0.76301 -0.47046 -0.96219 B   100 
-0.91080 -0.52379 -0.75209 S   100 
-0.64952 -0.31173 -1.22873 B   101 
-0.58574 -0.04200 -1.25268 D   101 
-0.43163 -0.56698 -1.36952 B   102 
-0.11520 -0.56926 -1.23871 B   103 
-0.05335 -0.36906 -1.48643 N   103 
-0.14926 -0.59262 -0.96425 B   104 
 0.13304 -0.56212 -0.75355 B   105 
 0.07869 -0.72327 -0.40018 M   105 
 0.30201 -0.40837 -0.97986 B   106 
 0.35030 -0.69291 -1.14133 N   106 
 0.21381 -0.12279 -0.88313 B   107 
 0.00531 -0.13095 -0.89729 A   107 
 0.44447 -0.19517 -0.67811 B   108 
 0.05853 -0.14223 -0.42025 W   108 
 0.76956 -0.13955 -0.71448 B   109 
 0.81670  0.06844 -0.85617 V   109 
 0.87501 -0.26543 -0.44801 B   110 
 0.86345 -0.10904 -0.30174 A   110 
 0.74213 -0.53703 -0.48432 B   111 
 0.44490 -0.78358 -0.53404 W   111 
 0.86410 -0.61707 -0.75791 B   112 
 0.85313 -0.40190 -1.12110 R   112 
 1.17969 -0.55572 -0.66994 B   113 
 1.20209 -0.32032 -0.89216 N   113 
 1.14607 -0.70005 -0.34633 B   114 
 1.37195 -0.29402 -0.15530 R   114 
 0.90000 -0.93353 -0.34090 B   115 
 0.78970 -0.70950 -0.14284 X   115 
 0.88694 -1.06982 -0.59296 B   116 
 0.66596 -1.01473 -0.97533 K   116 
 0.97755 -1.41264 -0.57010 B   117 
 0.97318 -1.42567 -0.27211 B   118 
 1.10066 -1.20547 -0.22066 T   118 
 0.95852 -1.49957  0.07597 B   119 
 0.97857 -1.74879  0.21627 D   119 
 0.67799 -1.35090  0.20103 B   120 
 0.58744 -1.27083 -0.01773 V   120 
 0.61618 -1.52046  0.45698 B   121 
 0.50649 -1.88547  0.28883 Q   121 
 0.83900 -1.38720  0.63477 B   122 
 1.01653 -1.43725  0.54028 A   122 
 0.64947 -1.13068  0.70559 B   123 
 0.90317 -0.88007  0.46821 W   123 
 0.46390 -1.33341  0.91570 B   124 
 0.25584 -1.34290  0.74573 I   124 
 0.64358 -1.42933  1.11001 B   125 
 0.86849 -1.74631  0.76749 R   125 
 0.53610 -1.46639  1.44570 B   126 
 0.24506 -1.41643  1.38156 B   127 
 0.33664 -1.14054  1.24055 X   127 
-0.08927 -1.37722  1.52185 B   128 
-0.24449 -1.70599  1.70154 R   128 
-0.33348 -1.54956  1.29228 B   129 
-0.21644 -1.36826  1.14764 L   129 
