246 
 1.18623  0.48257  0.38327 B   1 
 1.44131  0.20963  0.19177 K   1 
 1.27779  0.60586  0.05955 B   2 
 1.19697  0.85158  0.07555 V   2 
 1.18495  0.50321 -0.23032 B   3 
 1.13561  0.10107 -0.07616 F   3 
 1.23168  0.41369 -0.53001 B   4 
 1.06986  0.32771 -0.79303 B   5 
 0.96264  0.50029 -1.17816 R   5 
 1.24302  0.08270 -0.90196 B   6 
 1.31545  0.19206 -1.18686 X   6 
 1.28680 -0.02731 -0.61458 B   7 
 1.51230  0.12207 -0.33307 E   7 
 0.99249 -0.08844 -0.54130 B   8 
 0.79756  0.08363 -0.37851 L   8 
 0.91800 -0.26542 -0.77914 B   9 
 0.90335 -0.13394 -0.95135 A   9 
 1.11829 -0.48684 -0.71325 B   10 
 1.31518 -0.40845 -0.76723 A   10 
 1.00897 -0.55606 -0.43147 B   11 
 1.09555 -0.41095 -0.29581 A   11 
 0.71465 -0.60670 -0.51376 B   12 
 0.52096 -0.22520 -0.47462 M   12 
 0.78438 -0.83534 -0.70170 B   13 
 0.90998 -0.84621 -1.11680 K   13 
 0.93153 -1.02892 -0.51741 B   14 
 1.24856 -0.93926 -0.20429 R   14 
 0.66049 -1.02739 -0.32946 B   15 
 0.86078 -0.85237 -0.04512 H   15 
 0.42109 -1.07648 -0.56558 B   16 
 0.24461 -0.81657 -0.68806 B   17 
 0.23700 -0.64264 -0.41431 L   17 
 0.25660 -0.89212 -0.96860 B   18 
 0.40498 -0.79790 -1.22050 D   18 
-0.06453 -0.96050 -1.05780 B   19 
 0.09456 -0.97376 -1.33734 N   19 
-0.21092 -0.93132 -0.80964 B   20 
-0.18549 -1.11072 -0.40667 Y   20 
-0.52942 -0.98788 -0.85528 B   21 
-0.66762 -1.24747 -0.48236 R   21 
-0.46463 -0.83799 -1.15401 B   22 
-0.23431 -0.62877 -1.06349 B   23 
-0.63436 -0.45779 -0.88452 Y   23 
-0.01827 -0.45791 -1.19120 B   24 
-0.03183 -0.38413 -1.41317 S   24 
 0.26560 -0.31962 -1.08289 B   25 
 0.55241 -0.44147 -1.04483 L   25 
 0.19219 -0.02014 -1.15846 B   26 
-0.03736  0.00886 -0.95319 B   27 
-0.28214 -0.10887 -1.15351 N   27 
 0.12790 -0.02043 -0.69489 B   28 
-0.05395 -0.41144 -0.58056 W   28 
 0.32380  0.21049 -0.74968 B   29 
 0.53526  0.13424 -0.88027 V   29 
 0.11150  0.42767 -0.78506 B   30 
-0.04606  0.50906 -0.99843 X   30 
-0.01086  0.40654 -0.50429 B   31 
-0.13632  0.22736 -0.50650 A   31 
 0.24251  0.45942 -0.33479 B   32 
 0.35822  0.27797 -0.33732 A   32 
 0.29453  0.73902 -0.44939 B   33 
 0.46400  0.94475 -0.66237 K   33 
-0.00248  0.86862 -0.35755 B   34 
-0.03142  0.97113 -0.75463 F   34 
 0.00430  0.77248 -0.05232 B   35 
-0.27844  0.56462 -0.07951 E   35 
 0.34820  0.81300  0.02953 B   36 
 0.37701  0.60026  0.08469 S   36 
 0.58255  0.86954 -0.16890 B   37 
 0.61964  1.14090 -0.25410 N   37 
 0.76389  0.61224 -0.08566 B   38 
 0.73911  0.59830 -0.49794 F   38 
 0.70416  0.62931  0.23930 B   39 
 0.83486  0.85162  0.39378 N   39 
 0.72055  0.41751  0.51334 B   40 
 0.91525  0.27144  0.45952 T   40 
 0.66888  0.66255  0.74196 B   41 
 1.03723  0.68917  0.89360 Q   41 
 0.39034  0.72645  0.66411 B   42 
 0.38853  0.80999  0.46992 A   42 
 0.14208  0.93272  0.83490 B   43 
 0.23962  0.84697  1.04233 T   43 
-0.23045  0.94913  0.87073 B   44 
-0.10177  1.08918  0.59183 N   44 
-0.48633  1.11397  0.99031 B   45 
-0.52365  1.05994  1.49305 R   45 
-0.81917  1.04239  1.05415 B   46 
-0.74055  0.80502  0.82005 N   46 
-1.13354  1.14730  1.11659 B   47 
-1.23588  1.30838  0.94241 T   47 
-1.19793  0.85888  1.27288 B   48 
-1.16962  0.66888  1.09002 D   48 
-0.89630  0.82478  1.43189 B   49 
-0.73794  0.69160  1.25488 B   50 
-0.85159  0.53121  1.10735 S   50 
-0.44379  0.54370  1.07253 B   51 
-0.30701  0.71747  1.23132 T   51 
-0.20887  0.57299  0.82513 B   52 
-0.46614  0.57917  0.59777 D   52 
 0.03955  0.32795  0.70300 B   53 
-0.01588  0.38863  1.17627 Y   53 
 0.28757  0.36682  0.50076 B   54 
 0.33450  0.30331  0.15696 B   55 
 0.56402  0.19626  0.05802 I   55 
-0.00360  0.20648  0.16832 B   56 
 0.07413 -0.00720 -0.05887 L   56 
-0.18584  0.32498  0.38083 B   57 
-0.06911  0.64942  0.40487 Q   57 
-0.25756  0.14730  0.62677 B   58 
-0.17760 -0.13289  0.52104 I   58 
-0.53067  0.09972  0.83040 B   59 
-0.77773  0.27768  0.84085 N   59 
-0.61750  0.09258  1.18728 B   60 
-0.53294  0.28610  1.27634 S   60 
-0.92587 -0.01240  1.18149 B   61 
-1.20122  0.30401  1.27464 R   61 
-0.84199 -0.30326  1.01951 B   62 
-1.25046 -0.17789  0.86048 W   62 
-0.51145 -0.39375  0.99308 B   63 
-0.72338 -0.40652  0.60976 W   63 
-0.38066 -0.23640  1.24616 B   64 
-0.19480 -0.10550  1.11973 X   64 
-0.20524 -0.16763  1.55436 B   65 
-0.31483 -0.25052  1.81768 N   65 
-0.18299  0.15711  1.76080 B   66 
-0.31662  0.31343  1.58651 D   66 
-0.35335  0.19553  2.04336 B   67 
-0.57610  0.44972  1.91166 B   68 
-0.29386  0.78632  1.73393 R   68 
-0.82530  0.25851  1.77692 B   69 
-0.73623  0.32416  1.54672 T   69 
-1.12998  0.22675  1.81770 B   70 
-1.13502  0.41663  1.91613 P   70 
-1.25998 -0.05869  1.68756 B   71 
-1.03343 -0.23260  1.59895 B   72 
-0.83018 -0.11519  1.63593 S   72 
-0.89024 -0.53095  1.40866 B   73 
-1.20912 -0.67837  1.34338 R   73 
-0.61526 -0.64441  1.29601 B   74 
-0.37676 -0.62330  1.43963 N   74 
-0.60224 -0.83882  1.02577 B   75 
-0.90934 -0.77700  0.94430 L   75 
-0.27113 -0.84654  0.99543 B   76 
-0.29424 -0.68536  0.73089 X   76 
-0.14477 -0.88576  1.26459 B   77 
-0.17979 -1.09821  1.43216 N   77 
-0.01665 -0.57861  1.33643 B   78 
 0.17120 -0.64602  1.11997 I   78 
 0.18149 -0.33957  1.40105 B   79 
 0.30047 -0.44423  1.53731 P   79 
 0.17876 -0.04263  1.24719 B   80 
-0.12242  0.04302  1.28873 X   80 
 0.49325 -0.00156  1.26452 B   81 
 0.53084 -0.02558  1.50005 S   81 
 0.56805 -0.22960  1.06235 B   82 
 0.51116 -0.40802  1.15851 A   82 
 0.46332 -0.03579  0.81887 B   83 
 0.16073 -0.15928  0.80095 L   83 
 0.75187  0.15077  0.85558 B   84 
 0.53927  0.35002  1.00840 L   84 
 0.95460 -0.01396  0.75126 B   85 
 1.05893 -0.22486  0.85985 S   85 
 1.20625 -0.08501  0.52003 B   86 
 1.41762 -0.04480  0.62521 S   86 
 1.05606 -0.35163  0.53455 B   87 
 1.14426 -0.62897  0.56219 D   87 
 0.78029 -0.43838  0.31907 B   88 
 0.82653 -0.31006  0.08867 I   88 
 0.66041 -0.71323  0.39772 B   89 
 0.86114 -0.88391  0.43004 T   89 
 0.41944 -0.62663  0.57432 B   90 
 0.50350 -0.57262  0.76735 A   90 
 0.27137 -0.44847  0.36575 B   91 
 0.37971 -0.20280  0.42259 S   91 
 0.23821 -0.66271  0.14948 B   92 
 0.44897 -0.68425 -0.00490 V   92 
 0.08248 -0.87642  0.30520 B   93 
 0.34065 -1.07346  0.39300 N   93 
-0.14433 -0.67745  0.37207 B   94 
-0.18143 -0.51931  0.60618 X   94 
-0.21879 -0.58764  0.08599 B   95 
-0.06199 -0.45438  0.02272 A   95 
-0.30634 -0.86644 -0.01409 B   96 
 0.09810 -1.06935 -0.12434 K   96 
-0.55393 -0.86726  0.17515 B   97 
-0.45892 -1.02874  0.51165 K   97 
-0.69246 -0.60793  0.08100 B   98 
-0.56053 -0.37509  0.23772 I   98 
-0.72802 -0.67755 -0.23022 B   99 
-0.54458 -0.66282 -0.37145 V   99 
-0.89906 -0.94983 -0.13727 B   100 
-0.67753 -1.08852 -0.16009 S   100 
-1.16763 -0.81576  0.00061 B   101 
-1.18438 -0.67383  0.23929 D   101 
-1.34347 -0.70041 -0.29642 B   102 
-1.24707 -0.39037 -0.40517 B   103 
-1.48939 -0.29076 -0.21379 N   103 
-0.97210 -0.40662 -0.43925 B   104 
-0.79108 -0.11197 -0.51300 B   105 
-0.44264 -0.18344 -0.67814 M   105 
-1.02581  0.07650 -0.39994 B   106 
-1.20579  0.02042 -0.67166 N   106 
-0.90587  0.08964 -0.10989 B   107 
-0.89834 -0.11154 -0.05324 A   107 
-0.73029  0.30302 -0.26518 B   108 
-0.43079 -0.02422 -0.11874 W   108 
-0.79788  0.62505 -0.30805 B   109 
-0.93295  0.72212 -0.11339 V   109 
-0.55080  0.70848 -0.48114 B   110 
-0.39634  0.75837 -0.34099 A   110 
-0.58669  0.49542 -0.69575 B   111 
-0.61729  0.13335 -0.83564 W   111 
-0.87536  0.56296 -0.78658 B   112 
-1.22390  0.58847 -0.54954 R   112 
-0.81816  0.88829 -0.83119 B   113 
-1.02919  0.96360 -0.59648 N   113 
-0.50060  0.83915 -0.98424 B   114 
-0.31400  1.19503 -0.68273 R   114 
-0.48116  0.53424 -1.13171 B   115 
-0.26139  0.51596 -0.90160 X   115 
-0.73706  0.45830 -1.23673 B   116 
-1.09067  0.23371 -1.08641 K   116 
-0.74141  0.43984 -1.59154 B   117 
-0.44568  0.45691 -1.62673 B   118 
-0.39680  0.65021 -1.46050 T   118 
-0.10222  0.44962 -1.72065 B   119 
 0.02227  0.40328 -1.97472 D   119 
 0.05917  0.24059 -1.50454 B   120 
-0.14445  0.16112 -1.38333 V   120 
 0.31122  0.15121 -1.66751 B   121 
 0.13717 -0.07999 -1.96717 Q   121 
 0.47107  0.41857 -1.62298 B   122 
 0.35595  0.56318 -1.71670 A   122 
 0.57450  0.32455 -1.32768 B   123 
 0.32477  0.62234 -1.14746 W   123 
 0.79239  0.10380 -1.48088 B   124 
 0.64506 -0.11057 -1.41302 I   124 
 0.96150  0.26070 -1.64221 B   125 
 0.58144  0.34649 -1.98363 R   125 
 1.30433  0.17587 -1.67199 B   126 
 1.27390 -0.08971 -1.53107 B   127 
 1.13828  0.07054 -1.28549 X   127 
 1.45049 -0.38230 -1.40380 B   128 
 1.62855 -0.61592 -1.68342 R   128 
 1.23948 -0.68640 -1.47475 B   129 
 1.09274 -0.53165 -1.32640 L   129 
