246 
 0.23704 -1.28108  0.29927 B   1 
 0.53190 -1.23368  0.59431 K   1 
 0.08559 -1.26769  0.62371 B   2 
-0.15494 -1.34741  0.56932 V   2 
 0.05070 -1.01668  0.82108 B   3 
 0.41104 -0.83629  0.66129 F   3 
 0.06562 -0.86862  1.10013 B   4 
-0.00746 -0.58888  1.23857 B   5 
-0.30808 -0.43130  1.51132 R   5 
 0.24906 -0.53437  1.42053 B   6 
 0.11133 -0.51717  1.70179 X   6 
 0.44099 -0.63589  1.19812 B   7 
 0.49446 -1.00340  1.07777 E   7 
 0.37873 -0.42452  0.98092 B   8 
 0.18883 -0.44868  0.74121 L   8 
 0.42943 -0.17044  1.14314 B   9 
 0.26418 -0.15281  1.28293 A   9 
 0.72628 -0.22619  1.19066 B   10 
 0.73482 -0.38532  1.34043 A   10 
 0.81235 -0.23680  0.89297 B   11 
 0.76613 -0.43691  0.82386 A   11 
 0.69855  0.03857  0.80828 B   12 
 0.29795 -0.04255  0.67587 M   12 
 0.87239  0.19410  1.00333 B   13 
 0.82500  0.29524  1.42253 K   13 
 1.15392  0.10880  0.92236 B   14 
 1.30835 -0.30691  0.82273 R   14 
 1.08066  0.21881  0.62017 B   15 
 1.10171 -0.14547  0.48436 H   15 
 0.94838  0.52269  0.69526 B   16 
 0.61426  0.56615  0.70866 B   17 
 0.53858  0.35668  0.47278 L   17 
 0.60677  0.72320  0.95328 B   18 
 0.52551  0.67907  1.24619 D   18 
 0.49387  1.03038  0.86028 B   19 
 0.50093  1.04807  1.18162 N   19 
 0.47050  1.00913  0.57241 B   20 
 0.74452  0.90600  0.24152 Y   20 
 0.36073  1.28865  0.44379 B   21 
 0.61986  1.35927  0.05210 R   21 
 0.18140  1.29596  0.73308 B   22 
 0.13402  0.97858  0.77825 B   23 
-0.14400  1.09527  0.41714 Y   23 
 0.05276  0.78949  1.00144 B   24 
-0.07678  0.85929  1.18378 S   24 
 0.09472  0.46338  1.05909 B   25 
 0.33904  0.30491  1.17636 L   25 
-0.21306  0.39069  1.08689 B   26 
-0.28594  0.44852  0.79190 B   27 
-0.35273  0.77675  0.83324 N   27 
-0.11499  0.22972  0.65853 B   28 
 0.16461  0.51730  0.46319 W   28 
-0.23629 -0.00946  0.80947 B   29 
-0.11117 -0.06254  1.03108 V   29 
-0.52665  0.04354  0.72965 B   30 
-0.72590  0.20899  0.82917 X   30 
-0.48752  0.01717  0.42630 B   31 
-0.39357  0.20366  0.36117 A   31 
-0.37035 -0.26896  0.41528 B   32 
-0.16466 -0.25454  0.47694 A   32 
-0.61485 -0.40381  0.54199 B   33 
-0.77024 -0.53983  0.81357 K   33 
-0.83476 -0.30025  0.30884 B   34 
-1.04365 -0.15633  0.63237 F   34 
-0.66654 -0.39052  0.05192 B   35 
-0.62683 -0.06450 -0.07464 E   35 
-0.52169 -0.69597  0.16293 B   36 
-0.31328 -0.62822  0.12968 S   36 
-0.51719 -0.80580  0.45518 B   37 
-0.75345 -0.93867  0.54897 N   37 
-0.19384 -0.83659  0.47775 B   38 
-0.30639 -0.62695  0.81563 F   38 
-0.14639 -0.94807  0.16989 B   39 
-0.23271 -1.22939  0.10842 N   39 
 0.11559 -0.96979 -0.05621 B   40 
 0.31325 -1.00804  0.09079 T   40 
-0.05276 -1.16522 -0.27632 B   41 
 0.13415 -1.51208 -0.21197 Q   41 
-0.25516 -0.96409 -0.35575 B   42 
-0.37998 -0.92035 -0.19083 A   42 
-0.49613 -0.97167 -0.63002 B   43 
-0.32218 -1.08898 -0.75601 T   43 
-0.66996 -0.72854 -0.85586 B   44 
-0.80641 -0.77080 -0.54999 N   44 
-0.89337 -0.68570 -1.09081 B   45 
-0.72675 -0.85501 -1.53872 R   45 
-0.96693 -0.43685 -1.32025 B   46 
-0.79429 -0.26243 -1.08129 N   46 
-1.18190 -0.29452 -1.53764 B   47 
-1.41272 -0.22869 -1.44199 T   47 
-0.92415 -0.16473 -1.70639 B   48 
-0.80050 -0.00224 -1.53712 D   48 
-0.71420 -0.43462 -1.68373 B   49 
-0.57780 -0.39848 -1.45084 B   50 
-0.53423 -0.16547 -1.38594 S   50 
-0.36852 -0.44978 -1.14226 B   51 
-0.40979 -0.71158 -1.20453 T   51 
-0.35411 -0.52362 -0.80822 B   52 
-0.53894 -0.24021 -0.74960 D   52 
-0.06689 -0.51731 -0.57554 B   53 
-0.01374 -0.72141 -1.00711 Y   53 
-0.04225 -0.62586 -0.27300 B   54 
-0.06137 -0.47205  0.04389 B   55 
 0.10674 -0.53591  0.24781 I   55 
-0.13033 -0.18251 -0.14381 B   56 
 0.02373 -0.02314  0.08896 L   56 
-0.25545 -0.20955 -0.41954 B   57 
-0.47040 -0.47678 -0.37661 Q   57 
-0.07022 -0.17349 -0.66772 B   58 
 0.17449 -0.03468 -0.53762 I   58 
-0.09854 -0.04288 -0.98467 B   59 
-0.35896  0.03546 -1.12200 N   59 
-0.03418 -0.13628 -1.33408 B   60 
-0.13511 -0.33984 -1.36426 S   60 
-0.08741  0.14389 -1.49163 B   61 
-0.45528  0.13194 -1.71329 R   61 
 0.15271  0.31072 -1.31166 B   62 
-0.18322  0.60889 -1.38975 W   62 
 0.37272  0.13298 -1.11635 B   63 
 0.18183  0.46362 -0.90130 W   63 
 0.36848 -0.15796 -1.26213 B   64 
 0.30765 -0.30468 -1.05612 X   64 
 0.47471 -0.45853 -1.43201 B   65 
 0.56718 -0.45343 -1.71422 N   65 
 0.26647 -0.73958 -1.59393 B   66 
 0.02539 -0.64867 -1.51463 D   66 
 0.23378 -0.76390 -1.92359 B   67 
-0.11910 -0.68000 -1.92665 B   68 
-0.32426 -0.98247 -1.62505 R   68 
-0.10770 -0.33884 -1.94396 B   69 
-0.18583 -0.33484 -1.70083 T   69 
-0.20846 -0.12110 -2.13874 B   70 
-0.34456 -0.26249 -2.22391 P   70 
-0.06167  0.18239 -2.09804 B   71 
 0.16454  0.15162 -1.90490 B   72 
 0.16788 -0.07353 -1.82897 S   72 
 0.43025  0.29244 -1.66976 B   73 
 0.39187  0.62933 -1.78247 R   73 
 0.62075  0.20543 -1.43036 B   74 
 0.75095 -0.04153 -1.42735 N   74 
 0.71720  0.42034 -1.19476 B   75 
 0.50256  0.64473 -1.28611 L   75 
 0.86631  0.19993 -0.99527 B   76 
 0.64674  0.24915 -0.78112 X   76 
 1.03093  0.00953 -1.15836 B   77 
 1.24083  0.07274 -1.32080 N   77 
 0.84890 -0.27809 -1.15027 B   78 
 0.93223 -0.28050 -0.86790 I   78 
 0.75450 -0.57660 -1.09975 B   79 
 0.93473 -0.66745 -1.15402 P   79 
 0.45961 -0.66374 -0.96823 B   80 
 0.26122 -0.51130 -1.16104 X   80 
 0.57290 -0.91948 -0.81771 B   81 
 0.67496 -1.03909 -0.99866 S   81 
 0.74465 -0.76155 -0.60787 B   82 
 0.89618 -0.66877 -0.72077 A   82 
 0.46602 -0.68041 -0.45426 B   83 
 0.42780 -0.38914 -0.59858 L   83 
 0.44960 -1.00354 -0.33289 B   84 
 0.22590 -1.02499 -0.57320 L   84 
 0.65288 -1.01505 -0.13882 B   85 
 0.90880 -1.02648 -0.17792 S   85 
 0.76431 -1.05479  0.18959 B   86 
 0.85543 -1.27522  0.21121 S   86 
 0.92564 -0.81149  0.09666 B   87 
 1.20826 -0.73978  0.11756 D   87 
 0.81432 -0.47066  0.13484 B   88 
 0.66354 -0.46910  0.35608 I   88 
 1.01401 -0.27347  0.00317 B   89 
 1.25889 -0.34150  0.07983 T   89 
 0.87930 -0.22524 -0.27302 B   90 
 0.92480 -0.40075 -0.39288 A   90 
 0.60375 -0.12023 -0.17197 B   91 
 0.46067 -0.35421 -0.16189 S   91 
 0.71075  0.11430 -0.00668 B   92 
 0.78270  0.04325  0.23518 V   92 
 0.86346  0.27028 -0.22235 B   93 
 1.17205  0.15016 -0.16296 N   93 
 0.60995  0.29764 -0.39695 B   94 
 0.52333  0.13551 -0.61467 X   94 
 0.42150  0.43139 -0.19189 B   95 
 0.36276  0.27607 -0.05488 A   95 
 0.59026  0.68739 -0.15447 B   96 
 0.91616  0.55379  0.15023 K   96 
 0.53002  0.78121 -0.44548 B   97 
 0.80234  0.64826 -0.68316 K   97 
 0.22146  0.78502 -0.43628 B   98 
 0.12739  0.49622 -0.49894 I   98 
 0.17886  0.98682 -0.19046 B   99 
 0.21125  0.91026  0.02611 V   99 
 0.35698  1.21304 -0.36112 B   100 
 0.56912  1.13772 -0.22640 S   100 
 0.15887  1.27320 -0.61851 B   101 
 0.09650  1.10299 -0.82955 D   101 
-0.10041  1.47115 -0.45714 B   102 
-0.34885  1.28559 -0.31193 B   103 
-0.49115  1.32125 -0.60133 N   103 
-0.21913  1.11175 -0.13877 B   104 
-0.40637  0.85787  0.02094 B   105 
-0.23236  0.71918  0.34386 M   105 
-0.64194  0.87585 -0.19721 B   106 
-0.75099  1.15664 -0.06069 N   106 
-0.51887  0.65287 -0.38111 B   107 
-0.32954  0.72911 -0.42672 A   107 
-0.66214  0.48260 -0.15538 B   108 
-0.20837  0.37577 -0.12508 W   108 
-0.97739  0.37911 -0.15221 B   109 
-1.06776  0.33754 -0.38814 V   109 
-0.98292  0.23449  0.12532 B   110 
-0.91634  0.03420  0.08738 A   110 
-0.87771  0.46961  0.28777 B   111 
-0.62341  0.74675  0.38841 W   111 
-1.09136  0.68189  0.21410 B   112 
-1.20679  0.81293 -0.17039 R   112 
-1.35302  0.48769  0.28424 B   113 
-1.44861  0.49441 -0.02578 N   113 
-1.20867  0.35394  0.58081 B   114 
-1.34231 -0.10437  0.42440 R   114 
-0.98205  0.56808  0.71453 B   115 
-0.80331  0.31684  0.63382 X   115 
-1.06316  0.83945  0.66917 B   116 
-0.99290  1.14594  0.35420 K   116 
-1.14682  1.01111  0.96882 B   117 
-1.03616  0.80512  1.15405 B   118 
-1.13199  0.59281  1.03946 T   118 
-0.89922  0.60403  1.41414 B   119 
-0.87293  0.65280  1.69543 D   119 
-0.58940  0.50248  1.31345 B   120 
-0.58165  0.63694  1.10291 V   120 
-0.44354  0.44167  1.58382 B   121 
-0.40925  0.82382  1.74608 Q   121 
-0.58488  0.16462  1.63156 B   122 
-0.78551  0.21241  1.65190 A   122 
-0.37715  0.00816  1.43381 B   123 
-0.69370 -0.05126  1.15135 W   123 
-0.13293  0.03740  1.67708 B   124 
 0.00008  0.22700  1.54059 I   124 
-0.23297 -0.09549  1.90418 B   125 
-0.57246  0.28490  1.99600 R   125 
-0.01308 -0.28357  2.10883 B   126 
 0.23660 -0.18348  1.97114 B   127 
 0.10644 -0.28103  1.69199 X   127 
 0.59975 -0.21178  1.95350 B   128 
 0.80205 -0.09050  2.28341 R   128 
 0.74166  0.13342  1.90118 B   129 
 0.58442  0.09028  1.69893 L   129 
