246 
-1.31032  0.02781 -0.26303 B   1 
-1.39759 -0.38230 -0.24225 K   1 
-1.41246 -0.05969  0.06907 B   2 
-1.45026  0.17488  0.17259 V   2 
-1.25419 -0.22797  0.29225 B   3 
-1.04921 -0.45223 -0.01696 F   3 
-1.22514 -0.45150  0.51407 B   4 
-1.01551 -0.56463  0.72859 B   5 
-0.95567 -0.55380  1.15975 R   5 
-1.05065 -0.88035  0.69756 B   6 
-1.13364 -0.95311  0.99115 X   6 
-1.07126 -0.85790  0.38824 B   7 
-1.36752 -0.71490  0.17803 E   7 
-0.78954 -0.74422  0.32956 B   8 
-0.70849 -0.45206  0.28291 L   8 
-0.62034 -0.95555  0.47151 B   9 
-0.64719 -0.92284  0.68451 A   9 
-0.70833 -1.18709  0.29225 B   10 
-0.91278 -1.23603  0.35248 A   10 
-0.60979 -1.06818  0.02338 B   11 
-0.76506 -0.93243 -0.04311 A   11 
-0.31645 -1.01539  0.10776 B   12 
-0.31581 -0.61498  0.26353 M   12 
-0.25831 -1.30810  0.16607 B   13 
-0.32217 -1.55595  0.51635 K   13 
-0.32353 -1.44202 -0.10020 B   14 
-0.67842 -1.37176 -0.37536 R   14 
-0.10214 -1.23864 -0.23591 B   15 
-0.38751 -1.06331 -0.43444 H   15 
 0.15762 -1.27701 -0.02020 B   16 
 0.21332 -1.05095  0.22372 B   17 
 0.11493 -0.79010  0.05781 L   17 
 0.26521 -1.23984  0.43862 B   18 
 0.11771 -1.34304  0.68750 D   18 
 0.59099 -1.19224  0.52438 B   19 
 0.48416 -1.39642  0.74915 N   19 
 0.68277 -0.99511  0.33311 B   20 
 0.69700 -0.96752 -0.10763 Y   20 
 0.99645 -0.92007  0.38503 B   21 
 1.19505 -0.89684 -0.04576 R   21 
 0.90386 -0.96395  0.70969 B   22 
 0.59689 -0.86110  0.69532 B   23 
 0.85965 -0.47276  0.65716 Y   23 
 0.34234 -0.87890  0.85983 B   24 
 0.34513 -0.91386  1.09149 S   24 
 0.01701 -0.84705  0.79219 B   25 
-0.18907 -1.05101  0.67183 L   25 
-0.04152 -0.61437  1.00010 B   26 
 0.12897 -0.40000  0.85639 B   27 
 0.42000 -0.47376  1.01054 N   27 
-0.03248 -0.38058  0.59478 B   28 
 0.28993 -0.55577  0.34103 W   28 
-0.30314 -0.31022  0.72322 B   29 
-0.44448 -0.52043  0.78165 V   29 
-0.20576 -0.06319  0.87482 B   30 
-0.07882 -0.02531  1.11860 X   30 
-0.11667  0.09858  0.62958 B   31 
 0.07433  0.01250  0.56669 A   31 
-0.38360  0.10420  0.47324 B   32 
-0.40661 -0.08942  0.38216 A   32 
-0.54114  0.24908  0.69281 B   33 
-0.76062  0.24107  0.95390 K   33 
-0.34296  0.52124  0.70216 B   34 
-0.32082  0.43771  1.10409 F   34 
-0.33854  0.57867  0.38730 B   35 
 0.00795  0.52797  0.35190 E   35 
-0.67159  0.49606  0.29319 B   36 
-0.60937  0.34166  0.14684 S   36 
-0.88474  0.34949  0.46804 B   37 
-1.02842  0.50751  0.65951 N   37 
-0.94184  0.10592  0.25966 B   38 
-0.87055 -0.07721  0.62320 F   38 
-0.93004  0.28972 -0.01518 B   39 
-1.16062  0.47484 -0.06934 N   39 
-0.88000  0.23869 -0.35447 B   40 
-0.98367  0.01534 -0.39328 T   40 
-0.96571  0.55438 -0.44379 B   41 
-1.32173  0.48118 -0.60893 Q   41 
-0.73734  0.69176 -0.31455 B   42 
-0.75223  0.67161 -0.10463 A   42 
-0.62463  1.03756 -0.34713 B   43 
-0.69551  1.01994 -0.58071 T   43 
-0.30340  1.22948 -0.32933 B   44 
-0.45070  1.15873 -0.03393 N   44 
-0.16031  1.52350 -0.33377 B   45 
-0.15575  1.72087 -0.80076 R   45 
 0.16134  1.64169 -0.38428 B   46 
 0.22021  1.31776 -0.28977 N   46 
 0.38895  1.88911 -0.35769 B   47 
 0.42747  1.98250 -0.11988 T   47 
 0.55706  1.76129 -0.61684 B   48 
 0.63459  1.51917 -0.54127 D   48 
 0.28650  1.67313 -0.80777 B   49 
 0.22242  1.42106 -0.72712 B   50 
 0.40980  1.27996 -0.65374 S   50 
 0.04429  1.09564 -0.66369 B   51 
-0.17078  1.24207 -0.74382 T   51 
-0.15225  0.90577 -0.45737 B   52 
 0.09819  0.92233 -0.22300 D   52 
-0.25311  0.55120 -0.48523 B   53 
-0.27983  0.83307 -0.87326 Y   53 
-0.47026  0.38314 -0.31634 B   54 
-0.44824  0.16026 -0.04380 B   55 
-0.59544 -0.06787 -0.02919 I   55 
-0.10529  0.23772 -0.05816 B   56 
-0.05679 -0.06424  0.04077 L   56 
-0.01717  0.50453 -0.17416 B   57 
-0.26664  0.71766 -0.06554 Q   57 
 0.09934  0.50628 -0.46334 B   58 
 0.16248  0.20531 -0.50213 I   58 
 0.34257  0.67914 -0.63445 B   59 
 0.48342  0.93109 -0.53700 N   59 
 0.38587  0.87007 -0.94529 B   60 
 0.21595  1.02385 -0.94870 S   60 
 0.70768  0.92052 -0.95138 B   61 
 0.80416  1.32981 -0.86314 R   61 
 0.77789  0.58450 -0.94528 B   62 
 1.10353  0.79078 -0.70185 W   62 
 0.52575  0.35726 -0.99940 B   63 
 0.76039  0.26988 -0.63978 W   63 
 0.31340  0.53534 -1.17000 B   64 
 0.10322  0.50011 -1.02084 X   64 
 0.09450  0.64912 -1.43386 B   65 
 0.20122  0.74927 -1.69232 N   65 
-0.08991  0.98489 -1.47666 B   66 
-0.02138  1.08820 -1.23728 D   66 
 0.01557  1.21501 -1.69172 B   67 
 0.11603  1.45278 -1.43685 B   68 
-0.26532  1.51332 -1.16217 R   68 
 0.43652  1.35264 -1.37303 B   69 
 0.35223  1.26272 -1.14933 T   69 
 0.71794  1.47937 -1.38864 B   70 
 0.62854  1.67371 -1.39177 P   70 
 0.97315  1.25541 -1.38412 B   71 
 0.85697  0.98090 -1.40789 B   72 
 0.62016  1.00007 -1.41209 S   72 
 0.88054  0.60048 -1.38666 B   73 
 1.23663  0.59594 -1.35737 R   73 
 0.69707  0.34133 -1.36786 B   74 
 0.46009  0.31714 -1.51351 N   74 
 0.79929  0.06366 -1.21474 B   75 
 1.05442  0.21032 -1.07995 L   75 
 0.51060 -0.10088 -1.22888 B   76 
 0.48785 -0.08225 -0.91963 X   76 
 0.38708 -0.06736 -1.50011 B   77 
 0.49437 -0.14365 -1.73909 N   77 
 0.13007  0.14852 -1.44296 B   78 
 0.01485 -0.08258 -1.30152 I   78 
-0.15862  0.27726 -1.41744 B   79 
-0.23287  0.20385 -1.59849 P   79 
-0.27089  0.44223 -1.14905 B   80 
-0.04437  0.65954 -1.11387 X   80 
-0.57122  0.34428 -1.18215 B   81 
-0.61876  0.41363 -1.40664 S   81 
-0.51639  0.04349 -1.11150 B   82 
-0.39713 -0.02834 -1.26940 A   82 
-0.48291  0.13273 -0.79729 B   83 
-0.15684  0.16078 -0.80143 L   83 
-0.82621  0.16846 -0.78041 B   84 
-0.74034  0.48519 -0.80417 L   84 
-0.92355 -0.09542 -0.78345 B   85 
-0.93505 -0.25774 -0.98513 S   85 
-1.09252 -0.36386 -0.63773 B   86 
-1.30970 -0.37830 -0.73765 S   86 
-0.84270 -0.50003 -0.75133 B   87 
-0.80210 -0.74316 -0.90848 D   87 
-0.53607 -0.54273 -0.56648 B   88 
-0.60975 -0.56500 -0.31004 I   88 
-0.31636 -0.67012 -0.74422 B   89 
-0.42357 -0.87710 -0.87125 T   89 
-0.15806 -0.41847 -0.83567 B   90 
-0.27696 -0.32735 -0.99315 A   90 
-0.08269 -0.30698 -0.55450 B   91 
-0.29342 -0.13717 -0.50890 S   91 
 0.06381 -0.55595 -0.45290 B   92 
-0.09853 -0.73366 -0.34905 V   92 
 0.28052 -0.58563 -0.66813 B   93 
 0.12791 -0.81373 -0.86272 N   93 
 0.38816 -0.30107 -0.61391 B   94 
 0.32716 -0.05726 -0.74816 X   94 
 0.44489 -0.32529 -0.31118 B   95 
 0.25300 -0.31791 -0.21387 A   95 
 0.65619 -0.54932 -0.33530 B   96 
 0.39641 -0.93402 -0.37290 K   96 
 0.85758 -0.35747 -0.47586 B   97 
 0.80882 -0.37587 -0.85746 K   97 
 0.87673 -0.13590 -0.26174 B   98 
 0.64019  0.05790 -0.31338 I   98 
 0.97161 -0.31295 -0.01150 B   99 
 0.81629 -0.44450  0.09979 V   99 
 1.23432 -0.40958 -0.19500 B   100 
 1.10024 -0.62515 -0.26120 S   100 
 1.40037 -0.12592 -0.22787 B   101 
 1.32788  0.09835 -0.37567 D   101 
 1.53740 -0.09064  0.10743 B   102 
 1.32626  0.06118  0.33018 B   103 
 1.47849  0.33016  0.23148 N   103 
 1.09178 -0.08710  0.32201 B   104 
 0.80831  0.03117  0.49716 B   105 
 0.54632 -0.25065  0.57286 M   105 
 0.92282  0.33150  0.50656 B   106 
 1.13639  0.24584  0.74408 N   106 
 0.77979  0.41805  0.24059 B   107 
 0.85575  0.28266  0.10045 A   107 
 0.54547  0.43896  0.45303 B   108 
 0.40721  0.11702  0.14404 W   108 
 0.46841  0.70123  0.64113 B   109 
 0.52578  0.92271  0.52618 V   109 
 0.22942  0.58136  0.80387 B   110 
 0.05508  0.61493  0.68360 A   110 
 0.37766  0.33525  0.90482 B   111 
 0.57901  0.00352  0.87285 W   111 
 0.61482  0.47414  1.04836 B   112 
 0.88963  0.75201  0.88841 R   112 
 0.42521  0.68356  1.22526 B   113 
 0.55571  0.93909  1.07371 N   113 
 0.17966  0.43809  1.30357 B   114 
-0.17494  0.76841  1.17121 R   114 
 0.31200  0.12577  1.29790 B   115 
 0.10003  0.11740  1.06001 X   115 
 0.58459  0.13186  1.38696 B   116 
 0.98312  0.17795  1.19427 K   116 
 0.63367 -0.03823  1.69504 B   117 
 0.36611 -0.17005  1.70021 B   118 
 0.22004  0.03345  1.63210 T   118 
 0.07286 -0.36789  1.74143 B   119 
 0.00879 -0.57147  1.93287 D   119 
-0.00158 -0.50599  1.43840 B   120 
 0.20233 -0.42510  1.31863 V   120 
-0.16995 -0.75862  1.51522 B   121 
 0.11836 -0.99618  1.69958 Q   121 
-0.43488 -0.59990  1.57549 B   122 
-0.38612 -0.47805  1.73588 A   122 
-0.51655 -0.58755  1.25939 B   123 
-0.44382 -0.16538  1.25901 W   123 
-0.59764 -0.92357  1.27339 B   124 
-0.37895 -0.99646  1.13508 I   124 
-0.80069 -0.94664  1.46699 B   125 
-0.46390 -0.86473  1.85201 R   125 
-1.06593 -1.17633  1.41696 B   126 
-0.93655 -1.30801  1.17771 B   127 
-0.91184 -1.01429  1.04542 X   127 
-0.97847 -1.55754  0.91509 B   128 
-1.00517 -1.94231  1.04043 R   128 
-0.64899 -1.73432  0.86793 B   129 
-0.60178 -1.48321  0.82100 L   129 
