246 
 0.03729  0.00066  1.33623 B   1 
 0.25812 -0.35004  1.40319 K   1 
 0.38648  0.07754  1.35941 B   2 
 0.37893  0.33570  1.38107 V   2 
 0.62219  0.01539  1.15023 B   3 
 0.41113 -0.33692  1.01148 F   3 
 0.90896 -0.08753  1.06547 B   4 
 1.10146 -0.10794  0.80996 B   5 
 1.45806  0.08932  0.65659 R   5 
 1.22386 -0.40112  0.84069 B   6 
 1.52894 -0.32958  0.85421 X   6 
 0.94971 -0.51724  0.92996 B   7 
 0.76591 -0.46211  1.26993 E   7 
 0.78793 -0.46183  0.67211 B   8 
 0.59897 -0.22749  0.61306 L   8 
 0.97017 -0.59933  0.46883 B   9 
 1.14601 -0.47345  0.44894 A   9 
 0.93731 -0.87956  0.58663 B   10 
 1.05496 -0.88196  0.77097 A   10 
 0.62965 -0.90001  0.55400 B   11 
 0.54390 -0.79740  0.72452 A   11 
 0.61691 -0.83613  0.25116 B   12 
 0.57203 -0.40940  0.22925 M   12 
 0.78670 -1.07562  0.17196 B   13 
 1.21559 -1.13652  0.14853 K   13 
 0.62964 -1.30903  0.29004 B   14 
 0.43460 -1.34358  0.69913 R   14 
 0.37351 -1.20353  0.11099 B   15 
 0.18300 -1.11511  0.43883 H   15 
 0.52283 -1.16022 -0.19118 B   16 
 0.62110 -0.85382 -0.29201 B   17 
 0.38080 -0.68780 -0.15082 L   17 
 0.88146 -0.93052 -0.39635 B   18 
 1.17510 -0.90147 -0.31106 D   18 
 0.86535 -0.87296 -0.73129 B   19 
 1.17483 -0.94767 -0.68363 N   19 
 0.59132 -0.78857 -0.77192 B   20 
 0.19343 -0.96104 -0.68736 Y   20 
 0.53610 -0.72071 -1.08668 B   21 
 0.10968 -0.90572 -1.18415 R   21 
 0.85720 -0.60887 -1.06972 B   22 
 0.86366 -0.50169 -0.76397 B   23 
 0.60029 -0.19060 -0.99884 Y   23 
 1.06843 -0.42635 -0.55286 B   24 
 1.28458 -0.35468 -0.60799 S   24 
 1.06446 -0.40495 -0.21976 B   25 
 1.09539 -0.62599  0.00102 L   25 
 1.15275 -0.10058 -0.20106 B   26 
 0.89554  0.01479 -0.32837 B   27 
 1.00069 -0.00311 -0.64857 N   27 
 0.69404 -0.07283 -0.11249 B   28 
 0.48415 -0.36499 -0.37634 W   28 
 0.83132  0.06631  0.12521 B   29 
 1.00648 -0.08534  0.24311 V   29 
 0.83123  0.34740  0.00488 B   30 
 0.99882  0.48069 -0.17154 X   30 
 0.52681  0.37639 -0.02236 B   31 
 0.47039  0.25802 -0.19744 A   31 
 0.44525  0.33077  0.27258 B   32 
 0.45810  0.11901  0.30879 A   32 
 0.60413  0.56896  0.38232 B   33 
 0.88088  0.69353  0.53819 K   33 
 0.44790  0.80206  0.19605 B   34 
 0.82953  0.90475  0.08277 F   34 
 0.14793  0.71293  0.26330 B   35 
 0.06645  0.62736 -0.06824 E   35 
 0.17404  0.62091  0.60602 B   36 
 0.10322  0.41354  0.57267 S   36 
 0.43687  0.58296  0.77025 B   37 
 0.56251  0.81940  0.87312 N   37 
 0.37759  0.27683  0.86400 B   38 
 0.76023  0.27004  0.70804 F   38 
 0.05400  0.31781  0.91936 B   39 
-0.02725  0.47532  1.16217 N   39 
-0.22812  0.11775  0.94399 B   40 
-0.13945 -0.09157  1.04627 T   40 
-0.42929  0.36591  1.05768 B   41 
-0.46417  0.25232  1.43881 Q   41 
-0.42733  0.52988  0.81102 B   42 
-0.23295  0.60634  0.77842 A   42 
-0.63490  0.81612  0.71976 B   43 
-0.81464  0.70148  0.83995 T   43 
-0.77385  0.97260  0.40905 B   44 
-0.45446  1.05131  0.48492 N   44 
-0.94018  1.22298  0.28025 B   45 
-1.43509  1.19108  0.38564 R   45 
-1.10537  1.28322 -0.01819 B   46 
-0.89030  1.03191 -0.10714 N   46 
-1.24177  1.49981 -0.23777 B   47 
-1.08553  1.68626 -0.32486 T   47 
-1.44490  1.25848 -0.34848 B   48 
-1.28698  1.07046 -0.44873 D   48 
-1.51356  1.11400 -0.04542 B   49 
-1.31672  0.92939 -0.00911 B   50 
-1.22940  0.82279 -0.21263 S   50 
-1.07765  0.67971  0.13976 B   51 
-1.16735  0.79003  0.37193 T   51 
-0.77158  0.61593  0.27941 B   52 
-0.62878  0.71724 -0.01600 D   52 
-0.61504  0.29414  0.37221 B   53 
-1.07276  0.37503  0.49340 Y   53 
-0.34689  0.23463  0.54096 B   54 
-0.01490  0.15536  0.45185 B   55 
 0.13152 -0.03138  0.58457 I   55 
-0.13494  0.19381  0.12332 B   56 
 0.07629 -0.03519  0.04421 L   56 
-0.37420  0.37415  0.07188 B   57 
-0.32276  0.63044  0.29800 Q   57 
-0.65066  0.23879  0.02237 B   58 
-0.56247 -0.05164 -0.04049 I   58 
-0.92843  0.29975 -0.17114 B   59 
-0.98695  0.55806 -0.32169 N   59 
-1.29315  0.32883 -0.13827 B   60 
-1.32915  0.47665  0.03315 S   60 
-1.38940  0.34836 -0.44892 B   61 
-1.51720  0.74617 -0.54901 R   61 
-1.24802  0.04611 -0.52976 B   62 
-1.19856  0.31550 -0.89422 W   62 
-1.13936 -0.16297 -0.27951 B   63 
-0.83782 -0.09761 -0.59066 W   63 
-1.32237 -0.06484 -0.02893 B   64 
-1.13250 -0.01503  0.14176 X   64 
-1.55603 -0.06515  0.24655 B   65 
-1.84796 -0.09829  0.20302 N   65 
-1.70490  0.22864  0.44681 B   66 
-1.55813  0.42252  0.33045 D   66 
-2.01732  0.33092  0.39916 B   67 
-1.92430  0.64946  0.25268 B   68 
-1.63221  0.85276  0.56557 R   68 
-1.89192  0.56575 -0.07711 B   69 
-1.63950  0.59098 -0.04741 T   69 
-2.02213  0.65200 -0.34377 B   70 
-2.09320  0.83044 -0.24954 P   70 
-1.97173  0.43599 -0.60088 B   71 
-1.84436  0.18857 -0.49142 B   72 
-1.80637  0.22060 -0.25905 S   72 
-1.66000 -0.14328 -0.53161 B   73 
-1.70810 -0.15954 -0.88530 R   73 
-1.48832 -0.35327 -0.36548 B   74 
-1.55356 -0.42288 -0.10307 N   74 
-1.25236 -0.54028 -0.50813 B   75 
-1.25543 -0.36746 -0.78179 L   75 
-1.12944 -0.67300 -0.22905 B   76 
-0.86462 -0.51717 -0.27469 X   76 
-1.35367 -0.75500 -0.04753 B   77 
-1.54953 -0.93705 -0.10173 N   77 
-1.34653 -0.51864  0.19742 B   78 
-1.09550 -0.65385  0.27082 I   78 
-1.32098 -0.37189  0.47739 B   79 
-1.42935 -0.51272  0.58740 P   79 
-1.13837 -0.09724  0.53284 B   80 
-1.25355  0.09637  0.31144 X   80 
-1.05935 -0.17813  0.82967 B   81 
-1.27523 -0.21272  0.92796 S   81 
-0.87452 -0.41911  0.75069 B   82 
-1.00458 -0.56195  0.66703 A   82 
-0.64905 -0.20202  0.65147 B   83 
-0.73444 -0.20192  0.33550 L   83 
-0.57762 -0.13827  0.98351 B   84 
-0.75877  0.12783  0.91549 L   84 
-0.44103 -0.36831  1.07037 B   85 
-0.54067 -0.60214  1.12087 S   85 
-0.15810 -0.53116  1.19397 B   86 
-0.19223 -0.57312  1.42728 S   86 
-0.24850 -0.72097  0.97114 B   87 
-0.28425 -1.01083  0.95834 D   87 
-0.13397 -0.69858  0.62998 B   88 
 0.11421 -0.59914  0.64431 I   88 
-0.27759 -0.90696  0.45097 B   89 
-0.27208 -1.14066  0.57676 T   89 
-0.50362 -0.73420  0.32520 B   90 
-0.65600 -0.71450  0.47894 A   90 
-0.32571 -0.51490  0.19320 B   91 
-0.31772 -0.32808  0.39408 S   91 
-0.15676 -0.70236  0.01973 B   92 
 0.04766 -0.80330  0.14913 V   92 
-0.37619 -0.83998 -0.14483 B   93 
-0.41018 -1.11938  0.03946 N   93 
-0.47984 -0.56943 -0.25239 B   94 
-0.69295 -0.40717 -0.15520 X   94 
-0.21828 -0.46039 -0.37546 B   95 
-0.09644 -0.39691 -0.20973 A   95 
-0.18339 -0.68609 -0.58344 B   96 
 0.01196 -1.02787 -0.33459 K   96 
-0.43431 -0.59163 -0.74230 B   97 
-0.74684 -0.77438 -0.61094 K   97 
-0.35211 -0.29991 -0.80107 B   98 
-0.43381 -0.13310 -0.55271 I   98 
-0.07553 -0.35336 -0.95473 B   99 
 0.11311 -0.41028 -0.83232 V   99 
-0.24711 -0.53989 -1.17336 B   100 
-0.17924 -0.75229 -1.03513 S   100 
-0.43832 -0.31305 -1.31860 B   101 
-0.65197 -0.17344 -1.20786 D   101 
-0.19227 -0.14208 -1.52519 B   102 
-0.02239  0.10753 -1.36370 B   103 
-0.26121  0.29297 -1.48138 N   103 
 0.08690 -0.01186 -1.13823 B   104 
 0.24591  0.19174 -0.89682 B   105 
 0.49382 -0.00761 -0.66748 M   105 
 0.09481  0.45593 -1.00062 B   106 
 0.29411  0.47000 -1.26415 N   106 
-0.14453  0.42500 -0.79950 B   107 
-0.22143  0.23639 -0.84699 A   107 
 0.08015  0.55480 -0.61745 B   108 
-0.01399  0.13970 -0.42491 W   108 
 0.14189  0.87809 -0.57533 B   109 
-0.06956  1.02061 -0.59852 V   109 
 0.38769  0.86042 -0.38235 B   110 
 0.30523  0.84923 -0.18471 A   110 
 0.55442  0.67511 -0.55728 B   111 
 0.63301  0.35046 -0.75737 W   111 
 0.56626  0.84616 -0.81562 B   112 
 0.24428  1.00359 -1.03893 R   112 
 0.66591  1.12527 -0.66306 B   113 
 0.39188  1.27672 -0.74832 N   113 
 0.89627  0.95837 -0.44915 B   114 
 0.70823  1.21951 -0.06337 R   114 
 1.00360  0.66764 -0.58715 B   115 
 0.84590  0.56935 -0.32820 X   115 
 1.02030  0.69338 -0.87235 B   116 
 0.74781  0.62055 -1.21662 K   116 
 1.35367  0.67513 -0.99395 B   117 
 1.47416  0.57870 -0.73866 B   118 
 1.35461  0.74043 -0.57452 T   118 
 1.66106  0.44120 -0.46847 B   119 
 1.93225  0.34918 -0.45509 D   119 
 1.47593  0.18836 -0.33341 B   120 
 1.29238  0.19284 -0.50298 V   120 
 1.69185  0.00894 -0.19462 B   121 
 1.89739 -0.14155 -0.52424 Q   121 
 1.72904  0.19623  0.05548 B   122 
 1.80313  0.37292 -0.02353 A   122 
 1.46652  0.07240  0.20543 B   123 
 1.26106  0.44398  0.14853 W   123 
 1.64685 -0.21561  0.27031 B   124 
 1.51317 -0.35771  0.08537 I   124 
 1.86831 -0.13568  0.42461 B   125 
 2.09416  0.08489  0.01386 R   125 
 1.98439 -0.34420  0.68664 B   126 
 1.80848 -0.57737  0.60915 B   127 
 1.55645 -0.37576  0.62401 X   127 
 1.70160 -0.91401  0.69991 B   128 
 1.98892 -1.19987  0.68553 R   128 
 1.67018 -1.11617  0.38339 B   129 
 1.50661 -0.91622  0.35603 L   129 
