246 
-0.25695  0.05103  1.31083 B   1 
-0.13031 -0.33261  1.42495 K   1 
 0.08682  0.05969  1.41148 B   2 
 0.12613  0.31509  1.43124 V   2 
 0.34546 -0.05595  1.26012 B   3 
 0.10426 -0.36630  1.07731 F   3 
 0.61754 -0.21607  1.24139 B   4 
 0.85335 -0.28441  1.03528 B   5 
 1.26678 -0.16682  0.96564 R   5 
 0.90532 -0.59415  1.09218 B   6 
 1.20800 -0.58259  1.17356 X   6 
 0.60082 -0.65096  1.11785 B   7 
 0.36170 -0.54663  1.40828 E   7 
 0.51376 -0.57641  0.83046 B   8 
 0.39272 -0.31265  0.73101 L   8 
 0.70507 -0.75526  0.67282 B   9 
 0.90240 -0.66684  0.69285 A   9 
 0.59222 -1.01846  0.77996 B   10 
 0.66375 -1.03567  0.98590 A   10 
 0.30140 -0.98026  0.67944 B   11 
 0.20251 -0.85572  0.82664 A   11 
 0.36826 -0.92824  0.38148 B   12 
 0.41493 -0.50226  0.35065 M   12 
 0.50023 -1.19930  0.34188 B   13 
 0.90298 -1.34314  0.41471 K   13 
 0.27798 -1.39252  0.42162 B   14 
-0.00482 -1.37092  0.77679 R   14 
 0.09348 -1.24718  0.19004 B   15 
-0.14277 -1.10945  0.46718 H   15 
 0.31091 -1.24671 -0.07112 B   16 
 0.48772 -0.96981 -0.14707 B   17 
 0.26021 -0.75442 -0.06288 L   17 
 0.74406 -1.09996 -0.19075 B   18 
 1.01167 -1.12474 -0.04202 D   18 
 0.81348 -1.05486 -0.52075 B   19 
 1.08384 -1.18603 -0.40530 N   19 
 0.57736 -0.92078 -0.62144 B   20 
 0.14449 -1.00904 -0.62806 Y   20 
 0.60703 -0.85714 -0.94049 B   21 
 0.18429 -0.95999 -1.13094 R   21 
 0.93227 -0.80905 -0.85213 B   22 
 0.89275 -0.69208 -0.55252 B   23 
 0.75440 -0.34625 -0.83986 Y   23 
 1.05709 -0.64883 -0.30092 B   24 
 1.28989 -0.62287 -0.30632 S   24 
 0.98458 -0.61272  0.02291 B   25 
 0.92186 -0.82584  0.24474 L   25 
 1.12527 -0.33072  0.06124 B   26 
 0.93037 -0.17328 -0.12013 B   27 
 1.09740 -0.22501 -0.40880 N   27 
 0.67319 -0.21079  0.04520 B   28 
 0.47245 -0.46780 -0.25922 W   28 
 0.77989 -0.09078  0.30773 B   29 
 0.89127 -0.26829  0.46157 V   29 
 0.86198  0.17954  0.19077 B   30 
 1.08720  0.27007  0.05639 X   30 
 0.58290  0.26580  0.09630 B   31 
 0.54385  0.15318 -0.08711 A   31 
 0.43133  0.24961  0.36553 B   32 
 0.39361  0.04114  0.40342 A   32 
 0.60637  0.45699  0.50827 B   33 
 0.86134  0.53215  0.72215 K   33 
 0.54422  0.70770  0.29212 B   34 
 0.95399  0.72947  0.26703 F   34 
 0.22522  0.68140  0.29060 B   35 
 0.20302  0.59903 -0.05088 E   35 
 0.15683  0.60092  0.63037 B   36 
 0.05529  0.40998  0.58179 S   36 
 0.36439  0.51986  0.84909 B   37 
 0.50884  0.73167  0.97771 N   37 
 0.22643  0.23537  0.92684 B   38 
 0.62477  0.14780  0.86024 F   38 
-0.08668  0.34065  0.90862 B   39 
-0.18621  0.52124  1.12736 N   39 
-0.40132  0.20033  0.86938 B   40 
-0.38059 -0.01760  0.98861 T   40 
-0.56912  0.48746  0.93561 B   41 
-0.70848  0.39932  1.29920 Q   41 
-0.48064  0.63714  0.69583 B   42 
-0.27263  0.67299  0.70754 A   42 
-0.60209  0.95398  0.56090 B   43 
-0.82290  0.88165  0.63778 T   43 
-0.63569  1.12089  0.22721 B   44 
-0.33157  1.13938  0.37257 N   44 
-0.71665  1.39297  0.06484 B   45 
-1.21884  1.46220  0.05704 R   45 
-0.79711  1.47117 -0.26286 B   46 
-0.62208  1.17934 -0.30187 N   46 
-0.83630  1.70043 -0.50707 B   47 
-0.63094  1.84912 -0.55685 T   47 
-1.05402  1.49851 -0.66065 B   48 
-0.91854  1.27929 -0.72335 D   48 
-1.21469  1.38328 -0.38076 B   49 
-1.07127  1.16576 -0.30165 B   50 
-0.96445  1.03558 -0.48067 S   50 
-0.92509  0.88112 -0.10349 B   51 
-1.03972  1.01664  0.10294 T   51 
-0.67596  0.76530  0.10089 B   52 
-0.45472  0.82416 -0.15506 D   52 
-0.61065  0.42356  0.22588 B   53 
-1.05839  0.59680  0.24193 Y   53 
-0.40328  0.32053  0.45016 B   54 
-0.08236  0.17463  0.43731 B   55 
-0.00865 -0.03105  0.59914 I   55 
-0.11743  0.22143  0.09033 B   56 
 0.05621 -0.04737  0.06008 L   56 
-0.29890  0.44234 -0.01300 B   57 
-0.24840  0.69330  0.21923 Q   57 
-0.57904  0.36114 -0.12315 B   58 
-0.53871  0.05669 -0.16510 I   58 
-0.78990  0.46639 -0.37371 B   59 
-0.76152  0.72441 -0.53320 N   59 
-1.13974  0.56702 -0.42306 B   60 
-1.18232  0.72627 -0.26381 S   60 
-1.15975  0.59142 -0.74733 B   61 
-1.18091  1.00178 -0.87291 R   61 
-1.06701  0.26430 -0.79495 B   62 
-0.88642  0.50303 -1.13883 W   62 
-1.05956  0.04911 -0.52703 B   63 
-0.69036  0.04130 -0.76292 W   63 
-1.26978  0.19157 -0.32350 B   64 
-1.11590  0.21093 -0.11467 X   64 
-1.55340  0.24845 -0.10714 B   65 
-1.82933  0.27068 -0.21479 N   65 
-1.68114  0.57388  0.05520 B   66 
-1.47694  0.73043 -0.02520 D   66 
-1.94883  0.73264 -0.06086 B   67 
-1.76462  1.02048 -0.18246 B   68 
-1.51376  1.17659  0.18799 R   68 
-1.67808  0.91794 -0.49681 B   69 
-1.43844  0.89501 -0.41148 T   69 
-1.72693  1.01622 -0.78570 B   70 
-1.78002  1.20895 -0.70949 P   70 
-1.66536  0.78366 -1.02534 B   71 
-1.61680  0.52119 -0.89053 B   72 
-1.62505  0.55523 -0.65550 S   72 
-1.49778  0.15848 -0.88897 B   73 
-1.46949  0.13662 -1.24450 R   73 
-1.41187 -0.07345 -0.68897 B   74 
-1.54550 -0.11771 -0.44785 N   74 
-1.19236 -0.30863 -0.77558 B   75 
-1.10102 -0.15046 -1.04281 L   75 
-1.16243 -0.45051 -0.47628 B   76 
-0.86850 -0.35109 -0.46145 X   76 
-1.43268 -0.47958 -0.34951 B   77 
-1.64407 -0.62236 -0.44630 N   77 
-1.43257 -0.23874 -0.10884 B   78 
-1.23570 -0.41677  0.01857 I   78 
-1.44034 -0.08780  0.16995 B   79 
-1.59594 -0.20007  0.25281 P   79 
-1.22350  0.14837  0.26513 B   80 
-1.24658  0.35090  0.02384 X   80 
-1.22910  0.06656  0.57200 B   81 
-1.46373  0.07876  0.61957 S   81 
-1.08310 -0.20885  0.53597 B   82 
-1.21738 -0.32724  0.42520 A   82 
-0.80286 -0.04407  0.48987 B   83 
-0.81520 -0.04105  0.16281 L   83 
-0.79469  0.01887  0.82956 B   84 
-0.90000  0.31185  0.72315 L   84 
-0.72892 -0.22932  0.94442 B   85 
-0.88161 -0.43700  0.97110 S   85 
-0.51806 -0.43845  1.12786 B   86 
-0.61011 -0.46289  1.34761 S   86 
-0.59331 -0.61656  0.89023 B   87 
-0.68222 -0.89426  0.86940 D   87 
-0.40471 -0.63153  0.58328 B   88 
-0.15102 -0.58156  0.65278 I   88 
-0.54409 -0.81563  0.37645 B   89 
-0.61279 -1.04033  0.50000 T   89 
-0.69815 -0.60792  0.20362 B   90 
-0.87348 -0.55243  0.31948 A   90 
-0.45573 -0.43317  0.11495 B   91 
-0.45500 -0.24296  0.31278 S   91 
-0.29357 -0.65713 -0.01666 B   92 
-0.14667 -0.79010  0.15497 V   92 
-0.49446 -0.75656 -0.22624 B   93 
-0.62279 -1.01586 -0.05454 N   93 
-0.51619 -0.47595 -0.35387 B   94 
-0.70883 -0.27141 -0.30650 X   94 
-0.21771 -0.42509 -0.41531 B   95 
-0.12501 -0.37935 -0.22647 A   95 
-0.18365 -0.66203 -0.61054 B   96 
-0.11942 -1.02414 -0.32479 K   96 
-0.36979 -0.52765 -0.82128 B   97 
-0.73341 -0.64051 -0.76325 K   97 
-0.22046 -0.26021 -0.85984 B   98 
-0.31978 -0.07018 -0.63578 I   98 
 0.06680 -0.37284 -0.94795 B   99 
 0.20889 -0.45992 -0.78658 V   99 
-0.08625 -0.53182 -1.19960 B   100 
-0.09388 -0.74719 -1.04998 S   100 
-0.19206 -0.27869 -1.38357 B   101 
-0.39268 -0.09567 -1.32315 D   101 
 0.12220 -0.16773 -1.52980 B   102 
 0.29869  0.05093 -1.33414 B   103 
 0.13315  0.27390 -1.50193 N   103 
 0.32999 -0.07755 -1.09011 B   104 
 0.46944  0.10158 -0.81903 B   105 
 0.61644 -0.13197 -0.54040 M   105 
 0.40031  0.38533 -0.95361 B   106 
 0.65122  0.34911 -1.16598 N   106 
 0.12147  0.41008 -0.81104 B   107 
 0.02096  0.23809 -0.87474 A   107 
 0.32201  0.50158 -0.58326 B   108 
 0.10746  0.12131 -0.41713 W   108 
 0.43596  0.80829 -0.52801 B   109 
 0.26736  0.98796 -0.59764 V   109 
 0.62499  0.75163 -0.28505 B   110 
 0.50070  0.76518 -0.11082 A   110 
 0.78578  0.53014 -0.41858 B   111 
 0.84021  0.18810 -0.59648 W   111 
 0.88765  0.68436 -0.66753 B   112 
 0.66025  0.89145 -0.95688 R   112 
 1.00486  0.94517 -0.49622 B   113 
 0.79184  1.14305 -0.64031 N   113 
 1.14491  0.74616 -0.23649 B   114 
 0.93264  1.05518  0.09790 R   114 
 1.21994  0.43445 -0.34743 B   115 
 0.99304  0.37986 -0.13034 X   115 
 1.30348  0.44415 -0.62166 B   116 
 1.10412  0.41076 -1.01817 K   116 
 1.64495  0.35639 -0.66579 B   117 
 1.68498  0.24953 -0.39017 B   118 
 1.56695  0.43829 -0.25665 T   118 
 1.77703  0.09019 -0.08525 B   119 
 2.01489 -0.05200 -0.01178 D   119 
 1.52038 -0.11590  0.00475 B   120 
 1.38307 -0.08324 -0.20152 V   120 
 1.66061 -0.32763  0.18801 B   121 
 1.89928 -0.52918 -0.08759 Q   121 
 1.67855 -0.14049  0.44034 B   122 
 1.80173  0.01490  0.38010 A   122 
 1.37032 -0.20450  0.52774 B   123 
 1.26031  0.19706  0.42688 W   123 
 1.47119 -0.51893  0.63088 B   124 
 1.35577 -0.64026  0.42057 I   124 
 1.66482 -0.47688  0.83082 B   125 
 2.01435 -0.32220  0.48114 R   125 
 1.67689 -0.69245  1.11188 B   126 
 1.47952 -0.89021  0.99679 B   127 
 1.27554 -0.64312  0.95526 X   127 
 1.29067 -1.19552  1.06096 B   128 
 1.51153 -1.53200  1.11072 R   128 
 1.28985 -1.40121  0.74516 B   129 
 1.17929 -1.17470  0.68223 L   129 
