246 
 1.14313 -0.33508  0.60654 B   1 
 1.06206 -0.19887  0.99527 K   1 
 1.00042 -0.59908  0.80227 B   2 
 1.04636 -0.80381  0.65013 V   2 
 0.69835 -0.63447  0.90562 B   3 
 0.64844 -0.20405  0.91844 F   3 
 0.47587 -0.69576  1.12185 B   4 
 0.15834 -0.72878  1.15096 B   5 
-0.13047 -1.05067  1.20170 R   5 
 0.09888 -0.57375  1.42356 B   6 
-0.03125 -0.80628  1.58898 X   6 
 0.29926 -0.34764  1.35052 B   7 
 0.68911 -0.36679  1.34294 E   7 
 0.15890 -0.23927  1.09698 B   8 
 0.22077 -0.30346  0.80345 L   8 
-0.11888 -0.18623  1.21302 B   9 
-0.21025 -0.38062  1.24498 A   9 
-0.02597  0.02612  1.41243 B   10 
 0.07678 -0.08188  1.57244 A   10 
 0.09346  0.22424  1.20597 B   11 
 0.29266  0.15177  1.16100 A   11 
-0.15772  0.25203  1.02683 B   12 
-0.11618 -0.05448  0.72864 M   12 
-0.33088  0.36359  1.25050 B   13 
-0.56537  0.17420  1.56250 K   13 
-0.17307  0.60926  1.33902 B   14 
 0.27416  0.65110  1.40846 R   14 
-0.19452  0.71303  1.02668 B   15 
 0.19107  0.67423  0.98915 H   15 
-0.52580  0.66511  0.96809 B   16 
-0.63339  0.39104  0.80371 B   17 
-0.37873  0.36293  0.60470 L   17 
-0.85766  0.32859  0.97794 B   18 
-0.92373  0.11927  1.19280 D   18 
-1.13567  0.37080  0.78641 B   19 
-1.25155  0.24330  1.05832 N   19 
-1.03003  0.46894  0.53525 B   20 
-0.77869  0.81078  0.41203 Y   20 
-1.27054  0.52046  0.32025 B   21 
-1.16464  0.93105  0.10634 R   21 
-1.40182  0.24620  0.47339 B   22 
-1.12953  0.08616  0.54589 B   23 
-1.17728  0.04473  0.07973 Y   23 
-1.03882 -0.13889  0.72837 B   24 
-1.18536 -0.30504  0.80467 S   24 
-0.74548 -0.23168  0.85787 B   25 
-0.58873 -0.12638  1.10867 L   25 
-0.74453 -0.52652  0.74016 B   26 
-0.71959 -0.44205  0.44365 B   27 
-1.05061 -0.41239  0.38495 N   27 
-0.44193 -0.30931  0.45681 B   28 
-0.59567  0.10228  0.37943 W   28 
-0.28950 -0.55276  0.56729 B   29 
-0.28601 -0.55986  0.82713 V   29 
-0.36850 -0.74652  0.34434 B   30 
-0.59122 -0.90538  0.29812 X   30 
-0.24147 -0.59056  0.11240 B   31 
-0.37693 -0.42402  0.07039 A   31 
 0.05036 -0.57748  0.21432 B   32 
 0.05635 -0.42599  0.36706 A   32 
 0.09007 -0.88139  0.22335 B   33 
 0.10224 -1.17316  0.39979 K   33 
 0.02536 -0.93332 -0.10308 B   34 
-0.24937 -1.20409  0.03914 F   34 
 0.22161 -0.70873 -0.21925 B   35 
-0.03465 -0.51721 -0.36599 E   35 
 0.49838 -0.73122  0.00323 B   36 
 0.48501 -0.51947  0.06735 S   36 
 0.50982 -0.88868  0.27262 B   37 
 0.55957 -1.17076  0.25761 N   37 
 0.59231 -0.63527  0.45967 B   38 
 0.27006 -0.81011  0.65036 F   38 
 0.80153 -0.49728  0.24371 B   39 
 1.06637 -0.63262  0.19992 N   39 
 0.94199 -0.18518  0.18811 B   40 
 0.96873 -0.09407  0.41859 T   40 
 1.16117 -0.29390 -0.04667 B   41 
 1.49903 -0.27381  0.16506 Q   41 
 0.96076 -0.36668 -0.25226 B   42 
 0.84483 -0.52956 -0.18354 A   42 
 1.00840 -0.45377 -0.60367 B   43 
 1.18986 -0.28957 -0.60134 T   43 
 0.82018 -0.42578 -0.92636 B   44 
 0.73792 -0.68670 -0.72859 N   44 
 0.81189 -0.49910 -1.24495 B   45 
 1.14128 -0.21823 -1.50888 R   45 
 0.63836 -0.38310 -1.52137 B   46 
 0.43363 -0.28557 -1.26466 N   46 
 0.53355 -0.42540 -1.83911 B   47 
 0.39881 -0.64078 -1.88620 T   47 
 0.51422 -0.09371 -1.87609 B   48 
 0.33322 -0.01115 -1.70070 D   48 
 0.79786 -0.01176 -1.70212 B   49 
 0.71690  0.01401 -1.44342 B   50 
 0.48790  0.09649 -1.40935 S   50 
 0.70732  0.04088 -1.06813 B   51 
 0.96273 -0.04991 -1.09355 T   51 
 0.67403 -0.11491 -0.76503 B   52 
 0.35706 -0.20655 -0.86018 D   52 
 0.64931  0.02882 -0.42532 B   53 
 0.98459  0.19583 -0.72603 Y   53 
 0.66013 -0.11568 -0.13735 B   54 
 0.41402 -0.22026  0.09272 B   55 
 0.44119 -0.18684  0.36118 I   55 
 0.19040 -0.10556 -0.15357 B   56 
-0.00188 -0.02580  0.09134 L   56 
 0.27844 -0.10040 -0.44449 B   57 
 0.47321 -0.38502 -0.46719 Q   57 
 0.35759  0.17477 -0.56786 B   58 
 0.23370  0.36897 -0.36045 I   58 
 0.33006  0.32939 -0.87389 B   59 
 0.25116  0.19382 -1.13505 N   59 
 0.53866  0.50535 -1.11980 B   60 
 0.71857  0.36878 -1.15871 S   60 
 0.31729  0.61732 -1.33099 B   61 
 0.32860  0.39896 -1.70086 R   61 
 0.15082  0.79493 -1.08887 B   62 
-0.16549  0.63960 -1.37813 W   62 
 0.29646  0.83983 -0.78079 B   63 
-0.11466  0.69033 -0.75540 W   63 
 0.61214  0.80723 -0.85286 B   64 
 0.67264  0.62027 -0.68241 X   64 
 0.96516  0.87524 -0.88807 B   65 
 1.06631  1.07704 -1.08112 N   65 
 1.23827  0.68055 -1.07802 B   66 
 1.08338  0.47154 -1.14867 D   66 
 1.35811  0.78794 -1.36861 B   67 
 1.21450  0.51797 -1.56373 B   68 
 1.36280  0.11851 -1.35643 R   68 
 0.90456  0.64311 -1.63511 B   69 
 0.80989  0.47320 -1.46957 T   69 
 0.74399  0.71130 -1.89020 B   70 
 0.87665  0.58851 -2.00463 P   70 
 0.47643  0.91368 -1.83768 B   71 
 0.48713  1.01129 -1.55523 B   72 
 0.67349  0.90995 -1.44815 S   72 
 0.33240  1.17839 -1.24886 B   73 
 0.04695  1.30145 -1.42508 R   73 
 0.37420  1.20803 -0.93494 B   74 
 0.62764  1.23843 -0.82180 N   74 
 0.11849  1.25552 -0.72673 B   75 
-0.10215  1.18494 -0.95280 L   75 
 0.28917  1.22526 -0.44289 B   76 
 0.13485  0.96283 -0.38114 X   76 
 0.54852  1.37450 -0.46323 B   77 
 0.58016  1.64199 -0.50672 N   77 
 0.77938  1.12629 -0.49512 B   78 
 0.70879  1.07366 -0.21417 I   78 
 1.02358  0.93022 -0.44515 B   79 
 1.15910  1.07707 -0.38390 P   79 
 1.00790  0.59680 -0.46608 B   80 
 0.88909  0.56106 -0.75657 X   80 
 1.22006  0.54631 -0.23515 B   81 
 1.40734  0.67289 -0.31495 S   81 
 1.03965  0.65047 -0.00048 B   82 
 1.01723  0.85661 -0.03681 A   82 
 0.86348  0.37451 -0.02539 B   83 
 0.63043  0.49692 -0.21990 L   83 
 1.12307  0.20580  0.12812 B   84 
 1.17624  0.11420 -0.18338 L   84 
 1.11123  0.28975  0.39632 B   85 
 1.18234  0.51906  0.49385 S   85 
 1.06624  0.22909  0.73712 B   86 
 1.28178  0.22685  0.84150 S   86 
 0.89933  0.48252  0.69502 B   87 
 0.87927  0.73473  0.84145 D   87 
 0.54918  0.47996  0.60899 B   88 
 0.44996  0.25743  0.72001 I   88 
 0.44455  0.76793  0.56185 B   89 
 0.52996  0.91990  0.76205 T   89 
 0.46088  0.78902  0.25195 B   90 
 0.67038  0.82373  0.20561 A   90 
 0.27955  0.54596  0.17978 B   91 
 0.46720  0.34674  0.15931 S   91 
 0.02961  0.63900  0.33027 B   92 
 0.03346  0.57256  0.58383 V   92 
-0.01918  0.91062  0.19608 B   93 
 0.13214  1.10736  0.42321 N   93 
-0.03766  0.78087 -0.08378 B   94 
 0.16519  0.75065 -0.28160 X   94 
-0.26193  0.57541 -0.02956 B   95 
-0.17139  0.41736  0.08519 A   95 
-0.48013  0.78271  0.03992 B   96 
-0.38993  0.88363  0.48554 K   96 
-0.48756  0.88752 -0.25347 B   97 
-0.23800  1.17815 -0.29330 K   97 
-0.55212  0.62430 -0.40131 B   98 
-0.28140  0.48057 -0.44862 I   98 
-0.82503  0.54586 -0.25188 B   99 
-0.81557  0.45523 -0.03855 V   99 
-0.94852  0.84169 -0.34813 B   100 
-0.88069  0.93860 -0.11395 S   100 
-0.96112  0.80491 -0.67615 B   101 
-0.74830  0.78971 -0.85468 D   101 
-1.24480  0.57891 -0.70618 B   102 
-1.16442  0.24761 -0.67420 B   103 
-1.13369  0.26404 -0.99678 N   103 
-1.03248  0.22711 -0.43088 B   104 
-0.88154 -0.08043 -0.34341 B   105 
-0.82093 -0.11722  0.04229 M   105 
-0.87426 -0.17917 -0.64936 B   106 
-1.19893 -0.24138 -0.64013 N   106 
-0.58589 -0.06630 -0.70218 B   107 
-0.60688  0.13739 -0.65964 A   107 
-0.52517 -0.33883 -0.55214 B   108 
-0.34977 -0.00276 -0.27915 W   108 
-0.48924 -0.63907 -0.68879 B   109 
-0.39361 -0.62640 -0.92596 V   109 
-0.44269 -0.80963 -0.43050 B   110 
-0.23185 -0.80044 -0.39246 A   110 
-0.69263 -0.71669 -0.28342 B   111 
-0.93422 -0.45784 -0.12144 W   111 
-0.90736 -0.79792 -0.49183 B   112 
-0.93051 -0.68747 -0.89875 R   112 
-0.79790 -1.11063 -0.52835 B   113 
-0.72496 -1.05501 -0.83961 N   113 
-0.73921 -1.15949 -0.18072 B   114 
-0.28879 -1.34972 -0.29610 R   114 
-0.93774 -0.95827  0.00686 B   115 
-0.64493 -0.85202  0.07439 X   115 
-1.19137 -0.92118 -0.12188 B   116 
-1.36463 -0.62851 -0.40895 K   116 
-1.46084 -1.06712  0.05795 B   117 
-1.30635 -1.11910  0.30779 B   118 
-1.09088 -1.21762  0.20170 T   118 
-1.17494 -1.17975  0.63320 B   119 
-1.30357 -1.26385  0.87522 D   119 
-0.99049 -0.90682  0.72223 B   120 
-1.04817 -0.76658  0.52355 V   120 
-0.99119 -0.91997  1.03513 B   121 
-1.39127 -0.84025  1.11951 Q   121 
-0.77493 -1.14766  1.05524 B   122 
-0.86358 -1.31067  0.96295 A   122 
-0.52818 -0.93627  1.02105 B   123 
-0.44396 -1.10003  0.63425 W   123 
-0.58566 -0.82616  1.34393 B   124 
-0.69427 -0.59479  1.26062 I   124 
-0.55203 -1.05096  1.50998 B   125 
-0.99880 -1.25681  1.34749 R   125 
-0.39972 -1.01348  1.82779 B   126 
-0.40267 -0.71145  1.81844 B   127 
-0.24887 -0.73139  1.53501 X   127 
-0.30239 -0.40626  1.99104 B   128 
-0.48059 -0.33988  2.34924 R   128 
-0.58053 -0.15453  1.95485 B   129 
-0.50659 -0.21338  1.71287 L   129 
