246 
 1.14690  0.00636  0.68665 B   1 
 1.00102 -0.06919  1.07297 K   1 
 1.14811 -0.34592  0.75203 B   2 
 1.29196 -0.43237  0.55455 V   2 
 0.90024 -0.54907  0.77361 B   3 
 0.64505 -0.22847  0.91506 F   3 
 0.73196 -0.78103  0.90736 B   4 
 0.47107 -0.96064  0.85800 B   5 
 0.37662 -1.36918  0.74063 R   5 
 0.33726 -0.96668  1.14772 B   6 
 0.33461 -1.27627  1.19796 X   6 
 0.40223 -0.66645  1.19514 B   7 
 0.75126 -0.50499  1.26233 E   7 
 0.23224 -0.54407  0.96742 B   8 
 0.32398 -0.45550  0.68841 L   8 
-0.03819 -0.66981  1.03447 B   9 
-0.02295 -0.87997  0.98192 A   9 
-0.06591 -0.53340  1.30670 B   10 
 0.07316 -0.63631  1.44046 A   10 
-0.05479 -0.24063  1.20519 B   11 
 0.15523 -0.19298  1.18121 A   11 
-0.28330 -0.26143  0.99708 B   12 
-0.09011 -0.37596  0.63081 M   12 
-0.49370 -0.33455  1.20406 B   13 
-0.61157 -0.71220  1.38208 K   13 
-0.47888 -0.09962  1.39817 B   14 
-0.11151  0.10714  1.56810 R   14 
-0.54180  0.09473  1.13921 B   15 
-0.18618  0.24991  1.17150 H   15 
-0.80546 -0.06936  1.00122 B   16 
-0.76096 -0.27567  0.73823 B   17 
-0.52112 -0.10822  0.59795 L   17 
-0.92932 -0.49322  0.83248 B   18 
-0.88865 -0.77445  0.94911 D   18 
-1.18800 -0.50958  0.61209 B   19 
-1.23214 -0.76886  0.79770 N   19 
-1.13881 -0.28659  0.43398 B   20 
-1.08523  0.14920  0.48322 Y   20 
-1.36890 -0.26967  0.20269 B   21 
-1.47379  0.19161  0.16059 R   21 
-1.35179 -0.60876  0.22780 B   22 
-1.03764 -0.64440  0.29885 B   23 
-1.04881 -0.52002 -0.15470 Y   23 
-0.85203 -0.85591  0.41281 B   24 
-0.89965 -1.08491  0.39900 S   24 
-0.55381 -0.84973  0.56268 B   25 
-0.47447 -0.79108  0.86071 L   25 
-0.40560 -1.04231  0.35839 B   26 
-0.41899 -0.84895  0.11733 B   27 
-0.72053 -0.95018  0.00452 N   27 
-0.24271 -0.62281  0.22990 B   28 
-0.57710 -0.32909  0.26057 W   28 
 0.00722 -0.79396  0.28417 B   29 
 0.00815 -0.89801  0.52239 V   29 
 0.03844 -0.90009 -0.00088 B   30 
-0.07646 -1.11012 -0.14111 X   30 
 0.07743 -0.62821 -0.13804 B   31 
-0.12143 -0.53795 -0.15062 A   31 
 0.32292 -0.52656  0.02046 B   32 
 0.25042 -0.46017  0.21191 A   32 
 0.50661 -0.75788 -0.06180 B   33 
 0.65673 -1.05604  0.00871 K   33 
 0.48280 -0.70326 -0.39330 B   34 
 0.37353 -1.09936 -0.40672 F   34 
 0.54586 -0.38951 -0.38703 B   35 
 0.23180 -0.29273 -0.51305 E   35 
 0.79311 -0.36966 -0.13192 B   36 
 0.67606 -0.22916 -0.00666 S   36 
 0.87461 -0.59534  0.06787 B   37 
 1.05684 -0.79531 -0.02741 N   37 
 0.81792 -0.42564  0.33991 B   38 
 0.61910 -0.78408  0.39259 F   38 
 0.93697 -0.13773  0.22859 B   39 
 1.23500 -0.11205  0.19881 N   39 
 0.90715  0.19854  0.30770 B   40 
 0.88070  0.19551  0.55556 T   40 
 1.15648  0.29877  0.10089 B   41 
 1.43623  0.38443  0.37252 Q   41 
 1.02215  0.22952 -0.15385 B   42 
 0.99974  0.01973 -0.16729 A   42 
 1.11400  0.31549 -0.49666 B   43 
 1.19129  0.52828 -0.40370 T   43 
 0.94332  0.37812 -0.82419 B   44 
 0.99560  0.05454 -0.74346 N   44 
 0.97899  0.43763 -1.14377 B   45 
 1.13352  0.91309 -1.22812 R   45 
 0.77687  0.56016 -1.39697 B   46 
 0.54515  0.44891 -1.17058 N   46 
 0.71324  0.60133 -1.72559 B   47 
 0.70273  0.38524 -1.86686 T   47 
 0.53426  0.87494 -1.65589 B   48 
 0.33231  0.79345 -1.50451 D   48 
 0.73722  1.00090 -1.41019 B   49 
 0.64849  0.88616 -1.17974 B   50 
 0.40784  0.83748 -1.16872 S   50 
 0.61886  0.75933 -0.82662 B   51 
 0.88640  0.80975 -0.82691 T   51 
 0.65986  0.50208 -0.60439 B   52 
 0.43093  0.32311 -0.78737 D   52 
 0.56040  0.47661 -0.24924 B   53 
 0.77679  0.87682 -0.40333 Y   53 
 0.63460  0.25398 -0.02821 B   54 
 0.46671 -0.02882  0.09937 B   55 
 0.46816 -0.09287  0.36361 I   55 
 0.22096  0.05872 -0.13677 B   56 
 0.00907 -0.05680  0.07553 L   56 
 0.30136  0.21401 -0.38544 B   57 
 0.61127  0.07968 -0.45873 Q   57 
 0.23776  0.51912 -0.39352 B   58 
 0.03001  0.54103 -0.16453 I   58 
 0.14444  0.74942 -0.63138 B   59 
 0.14796  0.70502 -0.93276 N   59 
 0.24493  1.07925 -0.75811 B   60 
 0.46952  1.06414 -0.80131 S   60 
 0.00172  1.15209 -0.96229 B   61 
 0.12682  1.12285 -1.37229 R   61 
-0.23570  1.12824 -0.71543 B   62 
-0.42858  0.97270 -1.09813 W   62 
-0.13759  1.11111 -0.38645 B   63 
-0.42268  0.79703 -0.49642 W   63 
 0.15486  1.25338 -0.39846 B   64 
 0.29571  1.06379 -0.28944 X   64 
 0.42960  1.47945 -0.33603 B   65 
 0.42271  1.76188 -0.42774 N   65 
 0.76715  1.51705 -0.51830 B   66 
 0.73648  1.30617 -0.68340 D   66 
 0.82501  1.76902 -0.72687 B   67 
 0.83680  1.56176 -1.02433 B   68 
 1.15770  1.22548 -0.93227 R   68 
 0.50698  1.55197 -1.11345 B   69 
 0.50444  1.30878 -1.03543 T   69 
 0.33917  1.63345 -1.35983 B   70 
 0.51747  1.63743 -1.47799 P   70 
 0.00563  1.65737 -1.30076 B   71 
-0.03909  1.63245 -1.00614 B   72 
 0.17066  1.59259 -0.90181 S   72 
-0.26252  1.58065 -0.70098 B   73 
-0.56772  1.62041 -0.88249 R   73 
-0.24745  1.50259 -0.39300 B   74 
-0.04415  1.59680 -0.22643 N   74 
-0.49794  1.34680 -0.23814 B   75 
-0.65050  1.27816 -0.51524 L   75 
-0.34057  1.28943  0.04918 B   76 
-0.34735  0.98474 -0.01096 X   76 
-0.18762  1.53362  0.13242 B   77 
-0.29054  1.78060  0.18576 N   77 
 0.13603  1.44835  0.06992 B   78 
 0.09436  1.26631  0.29755 I   78 
 0.44390  1.37971  0.10268 B   79 
 0.48845  1.53532  0.23489 P   79 
 0.59449  1.11132 -0.02827 B   80 
 0.51487  1.14107 -0.33248 X   80 
 0.79906  1.07646  0.21221 B   81 
 0.90167  1.29302  0.21834 S   81 
 0.58573  0.98990  0.42544 B   82 
 0.46573  1.16043  0.45430 A   82 
 0.56844  0.69783  0.27641 B   83 
 0.30957  0.76749  0.08862 L   83 
 0.87405  0.61837  0.41679 B   84 
 0.97206  0.68782  0.11048 L   84 
 0.81671  0.57783  0.68916 B   85 
 0.76387  0.75739  0.86838 S   85 
 0.79998  0.37774  0.97469 B   86 
 0.98651  0.43202  1.11476 S   86 
 0.53106  0.52420  0.98379 B   87 
 0.38653  0.66277  1.19679 D   87 
 0.22928  0.39890  0.83135 B   88 
 0.24980  0.13212  0.84100 I   88 
-0.00228  0.60302  0.85986 B   89 
-0.00689  0.68700  1.11165 T   89 
 0.00826  0.74648  0.58408 B   90 
 0.17463  0.88585  0.59581 A   90 
-0.02867  0.49686  0.40106 B   91 
 0.23304  0.42751  0.35611 S   91 
-0.29526  0.40263  0.51864 B   92 
-0.26473  0.25320  0.73185 V   92 
-0.46828  0.65193  0.47303 B   93 
-0.43807  0.79115  0.77781 N   93 
-0.41459  0.64640  0.16874 B   94 
-0.21885  0.78856  0.01819 X   94 
-0.51011  0.35942  0.10574 B   95 
-0.35611  0.22801  0.17894 A   95 
-0.80345  0.40283  0.19225 B   96 
-0.78409  0.35336  0.65493 K   96 
-0.85508  0.59698 -0.04599 B   97 
-0.77968  0.95854  0.06320 K   97 
-0.77879  0.41229 -0.28132 B   98 
-0.47144  0.43517 -0.31586 I   98 
-0.98112  0.16964 -0.22519 B   99 
-0.93296  0.01862 -0.05582 V   99 
-1.23190  0.39057 -0.24332 B   100 
-1.22549  0.40914  0.01829 S   100 
-1.21773  0.48131 -0.56062 B   101 
-1.02109  0.63265 -0.68644 D   101 
-1.35307  0.18360 -0.72031 B   102 
-1.12101 -0.06053 -0.78192 B   103 
-1.09537  0.09045 -1.06795 N   103 
-1.00131 -0.11173 -0.53680 B   104 
-0.72068 -0.32650 -0.52492 B   105 
-0.65815 -0.47742 -0.16840 M   105 
-0.65924 -0.28544 -0.83787 B   106 
-0.91158 -0.48418 -0.91655 N   106 
-0.46245 -0.04520 -0.79045 B   107 
-0.58170  0.09367 -0.68931 A   107 
-0.27893 -0.29600 -0.72804 B   108 
-0.29718 -0.05106 -0.33067 W   108 
-0.09720 -0.47005 -0.94435 B   109 
-0.01504 -0.32596 -1.13940 V   109 
 0.02155 -0.68638 -0.75182 B   110 
 0.19980 -0.59946 -0.67023 A   110 
-0.24492 -0.77938 -0.63741 B   111 
-0.58593 -0.74031 -0.45360 W   111 
-0.38749 -0.86076 -0.90045 B   112 
-0.45313 -0.62543 -1.24488 R   112 
-0.13777 -1.05056 -1.01324 B   113 
-0.09486 -0.85341 -1.26738 N   113 
-0.07016 -1.19746 -0.69618 B   114 
 0.41798 -1.10578 -0.77159 R   114 
-0.34593 -1.19559 -0.49859 B   115 
-0.14462 -1.00498 -0.34134 X   115 
-0.58222 -1.22934 -0.65767 B   116 
-0.87066 -0.95984 -0.86320 K   116 
-0.74905 -1.53669 -0.59472 B   117 
-0.59438 -1.60576 -0.34917 B   118 
-0.35607 -1.54841 -0.43466 T   118 
-0.45718 -1.72119 -0.04145 B   119 
-0.53309 -1.93960  0.12805 D   119 
-0.43257 -1.45253  0.16749 B   120 
-0.54740 -1.28859  0.01781 V   120 
-0.43346 -1.58374  0.45185 B   121 
-0.82282 -1.73034  0.47312 Q   121 
-0.13374 -1.67893  0.44100 B   122 
-0.12886 -1.81476  0.28455 A   122 
-0.02199 -1.38482  0.52905 B   123 
 0.14014 -1.33088  0.13621 W   123 
-0.13310 -1.44561  0.85098 B   124 
-0.33953 -1.27511  0.82690 I   124 
 0.00304 -1.67609  0.93809 B   125 
-0.28135 -1.97940  0.62907 R   125 
 0.11040 -1.69997  1.27501 B   126 
-0.04034 -1.45363  1.36395 B   127 
 0.10948 -1.29215  1.12761 X   127 
-0.10667 -1.22859  1.64314 B   128 
-0.30218 -1.39218  1.95856 R   128 
-0.47175 -1.13542  1.63421 B   129 
-0.37323 -1.05696  1.40699 L   129 
