246 
 1.28589  0.28433  0.22924 B   1 
 1.44490 -0.10392  0.24406 K   1 
 1.39993  0.18547 -0.09572 B   2 
 1.39457  0.41222 -0.22110 V   2 
 1.27289 -0.02846 -0.29888 B   3 
 1.11321 -0.25540  0.03417 F   3 
 1.28285 -0.27346 -0.49860 B   4 
 1.09547 -0.44164 -0.69700 B   5 
 1.03196 -0.48221 -1.12585 R   5 
 1.18665 -0.74179 -0.63804 B   6 
 1.27946 -0.82598 -0.92556 X   6 
 1.20485 -0.68703 -0.33262 B   7 
 1.47210 -0.47463 -0.14323 E   7 
 0.90773 -0.62010 -0.27813 B   8 
 0.77608 -0.34386 -0.25656 L   8 
 0.77813 -0.87048 -0.39624 B   9 
 0.79737 -0.85371 -0.61190 A   9 
 0.90719 -1.06484 -0.19862 B   10 
 1.11672 -1.08220 -0.25880 A   10 
 0.79067 -0.94052  0.06044 B   11 
 0.91961 -0.77375  0.11065 A   11 
 0.49210 -0.94876 -0.02167 B   12 
 0.41896 -0.57126 -0.21335 M   12 
 0.48683 -1.25130 -0.05160 B   13 
 0.59175 -1.51575 -0.37911 K   13 
 0.57660 -1.34588  0.22424 B   14 
 0.91493 -1.18823  0.48359 R   14 
 0.32329 -1.17312  0.34581 B   15 
 0.57397 -0.93208  0.52087 H   15 
 0.07322 -1.27707  0.14054 B   16 
-0.02351 -1.08843 -0.12169 B   17 
 0.02773 -0.79984  0.01736 L   17 
-0.04215 -1.30290 -0.31717 B   18 
 0.11985 -1.40127 -0.55888 D   18 
-0.37173 -1.32210 -0.39942 B   19 
-0.23155 -1.52434 -0.60696 N   19 
-0.49605 -1.12726 -0.22493 B   20 
-0.51223 -1.06128  0.21164 Y   20 
-0.81842 -1.11425 -0.27628 B   21 
-1.01527 -1.08617  0.15502 R   21 
-0.72151 -1.17137 -0.59761 B   22 
-0.43778 -1.01484 -0.59975 B   23 
-0.76544 -0.67740 -0.59126 Y   23 
-0.18518 -1.00262 -0.76774 B   24 
-0.18312 -1.05916 -0.99512 S   24 
 0.12965 -0.90737 -0.71079 B   25 
 0.36961 -1.05932 -0.57703 L   25 
 0.14436 -0.68861 -0.94039 B   26 
-0.06078 -0.49531 -0.81303 B   27 
-0.33492 -0.63368 -0.95306 N   27 
 0.09623 -0.42304 -0.55806 B   28 
-0.18809 -0.62796 -0.28201 W   28 
 0.34915 -0.31821 -0.69857 B   29 
 0.52541 -0.50458 -0.74076 V   29 
 0.20826 -0.10774 -0.86987 B   30 
 0.07507 -0.11608 -1.11311 X   30 
 0.09324  0.05802 -0.63847 B   31 
-0.07892 -0.05426 -0.56360 A   31 
 0.35583  0.12556 -0.48946 B   32 
 0.41364 -0.05147 -0.38161 A   32 
 0.48358  0.27476 -0.72492 B   33 
 0.69932  0.28126 -0.98916 K   33 
 0.23990  0.50537 -0.75458 B   34 
 0.23053  0.38179 -1.14657 F   34 
 0.22727  0.59047 -0.44628 B   35 
-0.10436  0.48270 -0.39844 E   35 
 0.57030  0.57745 -0.35267 B   36 
 0.53758  0.42893 -0.19143 S   36 
 0.80511  0.45520 -0.51823 B   37 
 0.91704  0.61747 -0.72660 N   37 
 0.90611  0.24632 -0.28980 B   38 
 0.86642  0.02007 -0.63333 F   38 
 0.86338  0.45015 -0.03274 B   39 
 1.05751  0.67748 -0.00104 N   39 
 0.82539  0.42322  0.31086 B   40 
 0.96754  0.22645  0.36755 T   40 
 0.85388  0.75608  0.36894 B   41 
 1.21828  0.76304  0.53186 Q   41 
 0.60383  0.83801  0.23295 B   42 
 0.62077  0.80116  0.02547 A   42 
 0.43136  1.15986  0.23634 B   43 
 0.50570  1.17714  0.46886 T   43 
 0.08090  1.28924  0.20843 B   44 
 0.23661  1.21825 -0.08256 N   44 
-0.11239  1.55233  0.18924 B   45 
-0.14922  1.78881  0.63620 R   45 
-0.44966  1.61583  0.23610 B   46 
-0.45030  1.27916  0.17299 N   46 
-0.71798  1.81536  0.19222 B   47 
-0.77405  1.87764 -0.05219 T   47 
-0.85892  1.68471  0.46576 B   48 
-0.89241  1.42667  0.41446 D   48 
-0.57577  1.66429  0.65770 B   49 
-0.46819  1.42113  0.59899 B   50 
-0.62780  1.24277  0.54315 S   50 
-0.23518  1.12794  0.56153 B   51 
-0.04924  1.31707  0.62297 T   51 
-0.00918  0.95737  0.36898 B   52 
-0.26001  0.90713  0.13989 D   52 
 0.15358  0.63052  0.42683 B   53 
 0.13194  0.94790  0.78674 Y   53 
 0.39621  0.48849  0.26909 B   54 
 0.41266  0.24060  0.01866 B   55 
 0.59816  0.04183  0.02161 I   55 
 0.06149  0.25702  0.03374 B   56 
 0.06709 -0.05670 -0.03601 L   56 
-0.07217  0.51370  0.12684 B   57 
 0.13453  0.75650 -0.00652 Q   57 
-0.18530  0.52196  0.41725 B   58 
-0.19340  0.21957  0.48484 I   58 
-0.45443  0.66428  0.57736 B   59 
-0.63863  0.87696  0.46053 N   59 
-0.52919  0.87290  0.87035 B   60 
-0.38946  1.05400  0.85577 S   60 
-0.85480  0.86584  0.87918 B   61 
-1.02340  1.24138  0.75611 R   61 
-0.86387  0.52363  0.90546 B   62 
-1.22265  0.64507  0.65171 W   62 
-0.57485  0.35081  0.97433 B   63 
-0.79235  0.18977  0.62969 W   63 
-0.39667  0.57898  1.12301 B   64 
-0.18452  0.56769  0.97291 X   64 
-0.19998  0.75408  1.37026 B   65 
-0.32126  0.85759  1.62086 N   65 
-0.07827  1.11973  1.37792 B   66 
-0.16564  1.18627  1.13173 D   66 
-0.22182  1.34671  1.57339 B   67 
-0.36473  1.53784  1.30022 B   68 
-0.00207  1.63892  1.01247 R   68 
-0.66257  1.37691  1.25320 B   69 
-0.56497  1.28272  1.03678 T   69 
-0.96200  1.45264  1.26361 B   70 
-0.90874  1.65917  1.24690 P   70 
-1.17311  1.18756  1.28544 B   71 
-1.00961  0.94147  1.33156 B   72 
-0.78001  1.00264  1.32855 S   72 
-0.96496  0.56262  1.34576 B   73 
-1.31468  0.49228  1.32519 R   73 
-0.73825  0.33951  1.34654 B   74 
-0.49986  0.37153  1.48832 N   74 
-0.79017  0.03496  1.22185 B   75 
-1.06824  0.12071  1.08010 L   75 
-0.47665 -0.07372  1.24435 B   76 
-0.45954 -0.08054  0.93426 X   76 
-0.35941  0.00654  1.50847 B   77 
-0.44984 -0.06474  1.75582 N   77 
-0.14547  0.25821  1.42593 B   78 
 0.00830  0.03894  1.30361 I   78 
 0.11541  0.43312  1.38212 B   79 
 0.20270  0.39141  1.56738 P   79 
 0.19471  0.58938  1.09726 B   80 
-0.06721  0.75880  1.04756 X   80 
 0.50791  0.54979  1.13228 B   81 
 0.54370  0.64729  1.34833 S   81 
 0.50726  0.23875  1.09072 B   82 
 0.40374  0.16210  1.25722 A   82 
 0.45641  0.29067  0.77051 B   83 
 0.13060  0.26073  0.77955 L   83 
 0.78769  0.38496  0.74256 B   84 
 0.64675  0.68225  0.73922 L   84 
 0.93063  0.14400  0.76749 B   85 
 0.97221  0.00600  0.98285 S   85 
 1.14392 -0.10274  0.64310 B   86 
 1.36081 -0.06898  0.73891 S   86 
 0.92317 -0.26974  0.77438 B   87 
 0.92765 -0.50033  0.95400 D   87 
 0.62796 -0.38333  0.60129 B   88 
 0.70282 -0.41621  0.34634 I   88 
 0.43565 -0.53036  0.79494 B   89 
 0.57892 -0.70217  0.93788 T   89 
 0.23552 -0.30329  0.86660 B   90 
 0.33721 -0.17812  1.01232 A   90 
 0.13968 -0.23389  0.57821 B   91 
 0.31639 -0.03446  0.51244 S   91 
 0.03939 -0.51333  0.50320 B   92 
 0.23022 -0.66841  0.41234 V   92 
-0.16717 -0.56058  0.72516 B   93 
 0.02495 -0.73867  0.93625 N   93 
-0.32427 -0.30600  0.64762 B   94 
-0.30697 -0.04370  0.75757 X   94 
-0.37765 -0.36827  0.34976 B   95 
-0.19078 -0.33617  0.24781 A   95 
-0.54537 -0.62293  0.39911 B   96 
-0.22081 -0.95021  0.46578 K   96 
-0.77691 -0.45747  0.52612 B   97 
-0.72326 -0.43094  0.90658 K   97 
-0.83669 -0.26396  0.29312 B   98 
-0.63825 -0.02729  0.32138 I   98 
-0.89996 -0.47777  0.06237 B   99 
-0.72435 -0.58958 -0.03996 V   99 
-1.14003 -0.60174  0.25992 B   100 
-0.96918 -0.78292  0.34247 S   100 
-1.35388 -0.35021  0.27051 B   101 
-1.32171 -0.10374  0.39547 D   101 
-1.49710 -0.37150 -0.06338 B   102 
-1.31789 -0.20629 -0.30387 B   103 
-1.51511  0.03952 -0.22672 N   103 
-1.06064 -0.30920 -0.28755 B   104 
-0.80397 -0.15957 -0.47925 B   105 
-0.49632 -0.39632 -0.53484 M   105 
-0.97036  0.11347 -0.51345 B   106 
-1.16666 -0.03067 -0.73717 N   106 
-0.84342  0.24864 -0.25986 B   107 
-0.89310  0.11573 -0.10622 A   107 
-0.61795  0.29068 -0.47865 B   108 
-0.42246  0.02889 -0.14476 W   108 
-0.59017  0.54358 -0.69167 B   109 
-0.68547  0.76120 -0.59617 V   109 
-0.33463  0.45321 -0.84820 B   110 
-0.16834  0.52832 -0.73554 A   110 
-0.43715  0.17632 -0.92278 B   111 
-0.57578 -0.18135 -0.85599 W   111 
-0.69620  0.25683 -1.07295 B   112 
-1.01523  0.49537 -0.93282 R   112 
-0.54817  0.47896 -1.27257 B   113 
-0.72128  0.72041 -1.14207 N   113 
-0.26321  0.27466 -1.33371 B   114 
 0.02749  0.67358 -1.24030 R   114 
-0.33757 -0.05424 -1.29646 B   115 
-0.12604 -0.00247 -1.06373 X   115 
-0.60742 -0.10499 -1.37942 B   116 
-1.00655 -0.11237 -1.18266 K   116 
-0.62724 -0.30931 -1.66945 B   117 
-0.34048 -0.39149 -1.66867 B   118 
-0.23269 -0.15982 -1.62284 T   118 
-0.01686 -0.53719 -1.69835 B   119 
 0.08135 -0.74328 -1.87178 D   119 
 0.08295 -0.63077 -1.38574 B   120 
-0.13137 -0.57640 -1.26922 V   120 
 0.29327 -0.85563 -1.44298 B   121 
 0.05090 -1.15682 -1.59817 Q   121 
 0.52519 -0.65883 -1.52358 B   122 
 0.45444 -0.56321 -1.69328 A   122 
 0.60532 -0.60252 -1.21189 B   123 
 0.45833 -0.20179 -1.24846 W   123 
 0.74506 -0.91863 -1.19695 B   124 
 0.54377 -1.01580 -1.04757 I   124 
 0.94774 -0.92345 -1.39224 B   125 
 0.59933 -0.93915 -1.77530 R   125 
 1.25006 -1.09673 -1.32751 B   126 
 1.14780 -1.22615 -1.07431 B   127 
 1.07183 -0.93035 -0.96890 X   127 
 1.23527 -1.43846 -0.79100 B   128 
 1.32950 -1.82246 -0.88120 R   128 
 0.94297 -1.66562 -0.72031 B   129 
 0.85195 -1.42358 -0.69548 L   129 
