246 
-0.37671  0.64789  1.10690 B   1 
-0.62745  0.35850  1.27902 K   1 
-0.18963  0.44078  1.33158 B   2 
 0.03001  0.57670  1.35283 V   2 
-0.09864  0.13466  1.29712 B   3 
-0.44619  0.05530  1.05047 F   3 
-0.06176 -0.16470  1.39218 B   4 
 0.06420 -0.44342  1.29621 B   5 
 0.41222 -0.68937  1.38559 R   5 
-0.16043 -0.65278  1.38334 B   6 
 0.00886 -0.83510  1.57432 X   6 
-0.38813 -0.46171  1.29248 B   7 
-0.50490 -0.13061  1.46318 E   7 
-0.32191 -0.44841  0.99054 B   8 
-0.16510 -0.23210  0.83978 L   8 
-0.31865 -0.74747  0.92735 B   9 
-0.13800 -0.82735  1.01759 A   9 
-0.61318 -0.79374  0.99513 B   10 
-0.62684 -0.78748  1.21331 A   10 
-0.73256 -0.59554  0.78873 B   11 
-0.72239 -0.39947  0.88044 A   11 
-0.59200 -0.70962  0.53736 B   12 
-0.22371 -0.49047  0.50673 M   12 
-0.71986 -0.98415  0.56450 B   13 
-0.61251 -1.33664  0.79349 K   13 
-1.01773 -0.91813  0.56160 B   14 
-1.23819 -0.58544  0.77910 R   14 
-0.96414 -0.77312  0.27024 B   15 
-1.05028 -0.42785  0.42823 H   15 
-0.78365 -1.01445  0.11320 B   16 
-0.44733 -0.99514  0.09814 B   17 
-0.42808 -0.67193  0.07796 L   17 
-0.39101 -1.27301  0.16272 B   18 
-0.28447 -1.43044  0.40399 D   18 
-0.24787 -1.40377 -0.11687 B   19 
-0.21655 -1.63975  0.09983 N   19 
-0.25992 -1.18559 -0.30691 B   20 
-0.58073 -0.93283 -0.47546 Y   20 
-0.12766 -1.27289 -0.59259 B   21 
-0.41661 -1.09707 -0.92598 R   21 
 0.08210 -1.44650 -0.38822 B   22 
 0.08997 -1.24720 -0.13282 B   23 
 0.33940 -1.02994 -0.46731 Y   23 
 0.16873 -1.25491  0.16029 B   24 
 0.32618 -1.40706  0.24370 S   24 
 0.08886 -1.07391  0.42916 B   25 
-0.16038 -1.08726  0.61957 L   25 
 0.38482 -0.98791  0.50528 B   26 
 0.43163 -0.81142  0.25561 B   27 
 0.54727 -1.05800  0.05629 N   27 
 0.21831 -0.59616  0.31079 B   28 
-0.03894 -0.71169 -0.03490 W   28 
 0.32151 -0.51174  0.58815 B   29 
 0.21576 -0.65001  0.78123 V   29 
 0.60568 -0.44233  0.49914 B   30 
 0.83570 -0.59183  0.45768 X   30 
 0.52970 -0.22089  0.30055 B   31 
 0.45571 -0.32298  0.12180 A   31 
 0.37366 -0.03365  0.49112 B   32 
 0.18011 -0.12273  0.52141 A   32 
 0.60981  0.01626  0.68024 B   33 
 0.77425 -0.04900  0.97197 K   33 
 0.81451  0.14390  0.44521 B   34 
 1.07604 -0.14380  0.57879 F   34 
 0.60785  0.35516  0.32226 B   35 
 0.59966  0.20749  0.00287 E   35 
 0.43553  0.46660  0.61292 B   36 
 0.23607  0.40538  0.53811 S   36 
 0.44854  0.34048  0.89826 B   37 
 0.67317  0.41033  1.06238 N   37 
 0.12858  0.28932  0.93030 B   38 
 0.30596 -0.07135  1.02640 F   38 
 0.03216  0.57200  0.78798 B   39 
 0.07144  0.82671  0.94274 N   39 
-0.25387  0.69738  0.63736 B   40 
-0.43728  0.58754  0.76556 T   40 
-0.13972  1.01622  0.62021 B   41 
-0.36435  1.18151  0.90586 Q   41 
 0.07837  0.96612  0.42615 B   42 
 0.22565  0.84343  0.51533 A   42 
 0.28388  1.20375  0.24002 B   43 
 0.08245  1.34233  0.22931 T   43 
 0.46333  1.22051 -0.08839 B   44 
 0.62589  1.06255  0.16178 N   44 
 0.66290  1.39253 -0.28211 B   45 
 0.42560  1.79155 -0.48589 R   45 
 0.74404  1.39006 -0.61884 B   46 
 0.62487  1.07213 -0.57359 N   46 
 0.95101  1.47880 -0.86988 B   47 
 1.19791  1.40729 -0.84376 T   47 
 0.69644  1.45919 -1.08567 B   48 
 0.61605  1.20649 -1.08094 D   48 
 0.45510  1.59537 -0.88408 B   49 
 0.35183  1.38485 -0.74565 B   50 
 0.34834  1.16913 -0.86337 S   50 
 0.17320  1.17029 -0.49324 B   51 
 0.17074  1.40394 -0.35352 T   51 
 0.18608  0.98831 -0.20348 B   52 
 0.41364  0.78199 -0.35701 D   52 
-0.06976  0.77218 -0.04693 B   53 
-0.19837  1.20429 -0.21270 Y   53 
-0.07525  0.63449  0.24450 B   54 
 0.00014  0.31093  0.36310 B   55 
-0.15138  0.18485  0.55038 I   55 
 0.08704  0.25029  0.02756 B   56 
-0.01663 -0.04954  0.07926 L   56 
 0.17568  0.48209 -0.14800 B   57 
 0.35513  0.67742  0.07360 Q   57 
-0.02931  0.59585 -0.35352 B   58 
-0.23646  0.36545 -0.36224 I   58 
-0.01876  0.72872 -0.67062 B   59 
 0.23302  0.81489 -0.81893 N   59 
-0.13395  1.02450 -0.85554 B   60 
-0.06609  1.20571 -0.73269 S   60 
-0.06048  0.94679 -1.16329 B   61 
 0.27519  1.17348 -1.30663 R   61 
-0.25369  0.66307 -1.15598 B   62 
 0.10935  0.56768 -1.41474 W   62 
-0.47295  0.61351 -0.89597 B   63 
-0.21547  0.26695 -0.97090 W   63 
-0.52520  0.91879 -0.79605 B   64 
-0.46261  0.88970 -0.54524 X   64 
-0.69017  1.22799 -0.70848 B   65 
-0.81194  1.40336 -0.91498 N   65 
-0.54208  1.57355 -0.62345 B   66 
-0.28344  1.49761 -0.62637 D   66 
-0.55004  1.82445 -0.84099 B   67 
-0.19152  1.83014 -0.89581 B   68 
 0.00227  1.86943 -0.46518 R   68 
-0.15758  1.60128 -1.14738 B   69 
-0.05302  1.44405 -0.97539 T   69 
-0.05009  1.60141 -1.43711 B   70 
 0.05484  1.78335 -1.39644 P   70 
-0.14812  1.33487 -1.62328 B   71 
-0.35345  1.18283 -1.46789 B   72 
-0.37934  1.28732 -1.25604 S   72 
-0.56928  0.87463 -1.40345 B   73 
-0.49759  0.72355 -1.71922 R   73 
-0.74207  0.73625 -1.17504 B   74 
-0.90396  0.88407 -1.00213 N   74 
-0.78105  0.40576 -1.15924 B   75 
-0.54903  0.34979 -1.37787 L   75 
-0.93597  0.39570 -0.86511 B   76 
-0.68921  0.25184 -0.74301 X   76 
-1.14244  0.61277 -0.85091 B   77 
-1.35840  0.64384 -1.01473 N   77 
-1.00210  0.84066 -0.64046 B   78 
-1.05295  0.63225 -0.43880 I   78 
-0.94476  1.03134 -0.39363 B   79 
-1.14072  1.10067 -0.37183 P   79 
-0.65191  1.05342 -0.23362 B   80 
-0.45713  1.11514 -0.47451 X   80 
-0.78191  1.10830  0.05094 B   81 
-0.91904  1.29921  0.00390 S   81 
-0.90573  0.82223  0.08699 B   82 
-1.05465  0.80862 -0.06119 A   82 
-0.60320  0.70834  0.14456 B   83 
-0.54147  0.61104 -0.16179 L   83 
-0.61810  0.85347  0.45782 B   84 
-0.42771  1.07426  0.30533 L   84 
-0.79809  0.69134  0.60078 B   85 
-1.05589  0.68121  0.57643 S   85 
-0.87662  0.47226  0.86093 B   86 
-0.99430  0.59552  1.02921 S   86 
-1.01217  0.33775  0.62138 B   87 
-1.27808  0.22317  0.58112 D   87 
-0.85132  0.09239  0.41176 B   88 
-0.67804 -0.03516  0.57111 I   88 
-1.03531  0.01019  0.17619 B   89 
-1.27714 -0.03848  0.27428 T   89 
-0.92688  0.19131 -0.05226 B   90 
-1.00925  0.38908 -0.01558 A   90 
-0.62994  0.09654 -0.04895 B   91 
-0.52030  0.27862  0.12467 S   91 
-0.68444 -0.20091 -0.09723 B   92 
-0.73808 -0.33122  0.12382 V   92 
-0.83725 -0.18784 -0.36301 B   93 
-1.15090 -0.19933 -0.24187 N   93 
-0.60346 -0.04142 -0.50232 B   94 
-0.56488  0.23802 -0.54251 X   94 
-0.37667 -0.24366 -0.44646 B   95 
-0.32502 -0.21935 -0.23889 A   95 
-0.50324 -0.47856 -0.60207 B   96 
-0.80843 -0.65341 -0.29680 K   96 
-0.46347 -0.33225 -0.87434 B   97 
-0.77633 -0.12281 -0.95547 K   97 
-0.15825 -0.28679 -0.86507 B   98 
-0.11252 -0.02465 -0.70578 I   98 
-0.06106 -0.59063 -0.83037 B   99 
-0.07935 -0.69260 -0.62281 V   99 
-0.22417 -0.66236 -1.11371 B   100 
-0.42831 -0.74032 -0.96852 S   100 
-0.04960 -0.49140 -1.33600 B   101 
-0.03525 -0.21521 -1.36620 D   101 
 0.25088 -0.69585 -1.35506 B   102 
 0.48596 -0.62254 -1.11715 B   103 
 0.59865 -0.42215 -1.34609 N   103 
 0.35362 -0.64357 -0.87409 B   104 
 0.52066 -0.54328 -0.57903 B   105 
 0.36628 -0.70035 -0.25455 M   105 
 0.73065 -0.36333 -0.74313 B   106 
 0.89194 -0.63510 -0.84058 N   106 
 0.55824 -0.10172 -0.72023 B   107 
 0.37735 -0.15697 -0.80949 A   107 
 0.70091 -0.11341 -0.43742 B   108 
 0.24297 -0.13971 -0.34887 W   108 
 0.99723  0.01252 -0.35716 B   109 
 1.05412  0.22082 -0.49476 V   109 
 1.01366 -0.07729 -0.05777 B   110 
 0.91626  0.07741  0.05433 A   110 
 0.96069 -0.37287 -0.10846 B   111 
 0.75990 -0.68142 -0.23528 W   111 
 1.19203 -0.43277 -0.30602 B   112 
 1.28084 -0.23809 -0.67007 R   112 
 1.43056 -0.29915 -0.11536 B   113 
 1.49098 -0.07246 -0.33955 N   113 
 1.30312 -0.43621  0.18738 B   114 
 1.35394  0.01646  0.39924 R   114 
 1.12456 -0.71866  0.12878 B   115 
 0.90498 -0.51849  0.24412 X   115 
 1.23678 -0.86293 -0.09229 B   116 
 1.17480 -0.87196 -0.53292 K   116 
 1.37623 -1.17566  0.00264 B   117 
 1.25954 -1.17915  0.27716 B   118 
 1.31177 -0.93432  0.34584 T   118 
 1.12603 -1.24252  0.60119 B   119 
 1.13826 -1.47594  0.76722 D   119 
 0.79588 -1.15647  0.59512 B   120 
 0.78333 -1.10630  0.35060 V   120 
 0.67410 -1.32674  0.82805 B   121 
 0.71120 -1.71258  0.67544 Q   121 
 0.78029 -1.14085  1.05867 B   122 
 0.98659 -1.15295  1.04319 A   122 
 0.53220 -0.93118  1.02361 B   123 
 0.80402 -0.63825  0.86927 W   123 
 0.32302 -1.16311  1.17240 B   124 
 0.20307 -1.22488  0.93988 I   124 
 0.42846 -1.20954  1.42924 B   125 
 0.82530 -1.47942  1.23414 R   125 
 0.20892 -1.25831  1.70316 B   126 
-0.03833 -1.27719  1.53047 B   127 
 0.04516 -0.99277  1.40196 X   127 
-0.40160 -1.30931  1.53139 B   128 
-0.54715 -1.65820  1.67822 R   128 
-0.49945 -1.53982  1.24974 B   129 
-0.37321 -1.34192  1.13844 L   129 
