246 
-0.17621  1.31087  0.19359 B   1 
-0.54623  1.36372  0.00245 K   1 
-0.44318  1.27372  0.42965 B   2 
-0.31259  1.28023  0.65341 V   2 
-0.65497  1.03417  0.46032 B   3 
-0.62989  0.95269  0.03529 F   3 
-0.94433  0.91169  0.49615 B   4 
-1.09329  0.63072  0.53649 B   5 
-1.28866  0.41094  0.85761 R   5 
-1.34606  0.65985  0.34378 B   6 
-1.57644  0.62049  0.55295 X   6 
-1.17537  0.79839  0.12406 B   7 
-1.02605  1.15906  0.12913 E   7 
-0.98043  0.56643  0.06144 B   8 
-0.69582  0.52356  0.16758 L   8 
-1.18348  0.34583  0.00192 B   9 
-1.27183  0.29061  0.19245 A   9 
-1.30499  0.48451 -0.24198 B   10 
-1.42786  0.64772 -0.16391 A   10 
-1.04529  0.50228 -0.41045 B   11 
-0.93927  0.67750 -0.33965 A   11 
-0.97029  0.20189 -0.40068 B   12 
-0.72014  0.16089 -0.05378 M   12 
-1.22591  0.11187 -0.53856 B   13 
-1.62428  0.02474 -0.39051 K   13 
-1.21707  0.26756 -0.80080 B   14 
-1.10940  0.70369 -0.87000 R   14 
-0.92448  0.12506 -0.85441 B   15 
-0.75174  0.47277 -0.82516 H   15 
-0.99983 -0.19902 -0.78533 B   16 
-0.92393 -0.33295 -0.48532 B   17 
-0.64997 -0.16612 -0.43675 L   17 
-1.17549 -0.47218 -0.44181 B   18 
-1.42453 -0.43637 -0.26564 D   18 
-1.09721 -0.80328 -0.44335 B   19 
-1.40669 -0.80060 -0.35481 N   19 
-0.81440 -0.80523 -0.50568 B   20 
-0.56374 -0.64827 -0.83392 Y   20 
-0.69941 -1.11089 -0.51423 B   21 
-0.41054 -1.12803 -0.89082 R   21 
-0.92430 -1.15190 -0.26195 B   22 
-0.91041 -0.85827 -0.12556 B   23 
-0.50486 -1.06740 -0.01113 Y   23 
-1.07348 -0.68729  0.06510 B   24 
-1.21945 -0.78025  0.22305 S   24 
-1.09553 -0.35973  0.12551 B   25 
-1.25436 -0.13333 -0.02305 L   25 
-1.02490 -0.37417  0.43469 B   26 
-0.73212 -0.46612  0.39593 B   27 
-0.79729 -0.79718  0.38841 N   27 
-0.62400 -0.21608  0.25216 B   28 
-0.55697 -0.42475 -0.13641 W   28 
-0.70031 -0.01218  0.46967 B   29 
-0.93884  0.08573  0.43660 V   29 
-0.54959 -0.14820  0.69831 B   30 
-0.61028 -0.35684  0.87083 X   30 
-0.26907 -0.12871  0.57510 B   31 
-0.25931 -0.28497  0.42234 A   31 
-0.25270  0.17767  0.53529 B   32 
-0.37141  0.22448  0.36199 A   32 
-0.28537  0.24589  0.83244 B   33 
-0.48064  0.34801  1.09291 K   33 
-0.01595  0.07256  0.93639 B   34 
-0.28362 -0.10579  1.19244 F   34 
 0.19268  0.19181  0.72495 B   35 
 0.25707 -0.11672  0.56828 E   35 
 0.08802  0.53113  0.70230 B   36 
 0.05136  0.52234  0.48388 S   36 
-0.17569  0.65377  0.81591 B   37 
-0.17972  0.72059  1.09482 N   37 
-0.28442  0.77454  0.53376 B   38 
-0.60197  0.56076  0.68947 F   38 
 0.00964  0.87772  0.42268 B   39 
 0.13085  1.12007  0.55285 N   39 
 0.15311  0.95903  0.11767 B   40 
-0.03715  1.05880 -0.00876 T   40 
 0.43641  1.08747  0.25268 B   41 
 0.36980  1.47563  0.18729 Q   41 
 0.54162  0.83390  0.36386 B   42 
 0.41441  0.76628  0.51858 A   42 
 0.87123  0.75901  0.50206 B   43 
 0.95763  0.91299  0.33260 T   43 
 1.10162  0.46507  0.53129 B   44 
 0.85564  0.48444  0.76167 N   44 
 1.38204  0.34889  0.65299 B   45 
 1.78323  0.53298  0.40358 R   45 
 1.58668  0.07717  0.58764 B   46 
 1.28715 -0.02889  0.45975 N   46 
 1.83446 -0.13110  0.68230 B   47 
 1.79999 -0.25321  0.90738 T   47 
 1.90398 -0.19309  0.36124 B   48 
 1.68611 -0.30518  0.25971 D   48 
 1.85993  0.12538  0.24266 B   49 
 1.59530  0.14151  0.18054 B   50 
 1.48953 -0.06624  0.10268 S   50 
 1.25013  0.26592  0.09667 B   51 
 1.35668  0.50204  0.18039 T   51 
 0.93901  0.35910  0.20516 B   52 
 0.89696  0.03911  0.32247 D   52 
 0.63597  0.44578  0.01196 B   53 
 1.05852  0.63257 -0.11959 Y   53 
 0.35661  0.57337  0.10994 B   54 
 0.04018  0.43799  0.18729 B   55 
-0.19227  0.55723  0.11196 I   55 
 0.19834  0.13083  0.12052 B   56 
-0.08801  0.03369  0.01150 L   56 
 0.49921  0.10677  0.15677 B   57 
 0.55579  0.30556  0.43379 Q   57 
 0.67746  0.11010 -0.09900 B   58 
 0.46574  0.05225 -0.31787 I   58 
 0.96853 -0.04046 -0.20355 B   59 
 1.16191 -0.19561 -0.02649 N   59 
 1.29478  0.04780 -0.34749 B   60 
 1.37980  0.21324 -0.21358 S   60 
 1.42115 -0.24433 -0.41706 B   61 
 1.73733 -0.34746 -0.14502 R   61 
 1.15955 -0.32758 -0.62325 B   62 
 1.28803 -0.71130 -0.41323 W   62 
 0.93615 -0.08516 -0.72056 B   63 
 0.74086 -0.44353 -0.56103 W   63 
 1.11548  0.18462 -0.68943 B   64 
 0.95717  0.31971 -0.53338 X   64 
 1.28775  0.49307 -0.76475 B   65 
 1.52880  0.49839 -0.93820 N   65 
 1.53879  0.69570 -0.55382 B   66 
 1.51931  0.54579 -0.33062 D   66 
 1.86432  0.69180 -0.61977 B   67 
 1.95564  0.51296 -0.31769 B   68 
 1.76869  0.76248  0.03914 R   68 
 1.92224  0.18804 -0.41835 B   69 
 1.71299  0.17583 -0.27240 T   69 
 2.10593 -0.05951 -0.44027 B   70 
 2.24462  0.03350 -0.30654 P   70 
 1.98430 -0.30744 -0.63788 B   71 
 1.74113 -0.20435 -0.77809 B   72 
 1.69886  0.01665 -0.70168 S   72 
 1.42347 -0.25250 -0.98424 B   73 
 1.49531 -0.59243 -1.06766 R   73 
 1.15416 -0.10288 -1.06338 B   74 
 1.14819  0.17034 -1.12055 N   74 
 0.87385 -0.26915 -1.13246 B   75 
 0.99067 -0.54909 -1.01951 L   75 
 0.67237 -0.00532 -1.15279 B   76 
 0.52448 -0.10186 -0.89724 X   76 
 0.80662  0.21410 -1.30699 B   77 
 0.89279  0.20297 -1.56563 N   77 
 0.88974  0.43968 -1.06590 B   78 
 0.59841  0.48071 -1.05442 I   78 
 0.90926  0.70243 -0.88939 B   79 
 0.92219  0.83672 -1.04901 P   79 
 0.87977  0.71114 -0.55637 B   80 
 1.09813  0.49915 -0.47184 X   80 
 0.73974  0.99618 -0.55019 B   81 
 0.89898  1.12933 -0.67010 S   81 
 0.47036  0.90409 -0.68217 B   82 
 0.52197  0.85108 -0.87926 A   82 
 0.39230  0.75718 -0.39909 B   83 
 0.50034  0.45930 -0.48108 L   83 
 0.32586  1.06914 -0.26611 B   84 
 0.62024  1.01423 -0.12981 L   84 
 0.08566  1.14742 -0.38978 B   85 
 0.05192  1.22746 -0.63393 S   85 
-0.25222  1.23460 -0.38057 B   86 
-0.26842  1.47252 -0.40270 S   86 
-0.24289  1.04109 -0.61789 B   87 
-0.35251  1.05214 -0.88867 D   87 
-0.29418  0.68539 -0.58867 B   88 
-0.46176  0.65409 -0.38221 I   88 
-0.25263  0.54463 -0.86172 B   89 
-0.38542  0.68224 -1.04585 T   89 
 0.04110  0.44571 -0.83552 B   90 
 0.16599  0.62008 -0.87073 A   90 
 0.00881  0.27387 -0.57746 B   91 
 0.07169  0.45897 -0.38483 S   91 
-0.21042  0.08785 -0.68285 B   92 
-0.45069  0.18931 -0.65638 V   92 
-0.07020 -0.03107 -0.92853 B   93 
-0.19750  0.17327 -1.16352 N   93 
 0.16357 -0.13748 -0.75667 B   94 
 0.41691 -0.01808 -0.70421 X   94 
 0.00396 -0.30690 -0.55351 B   95 
-0.08827 -0.16678 -0.41858 A   95 
-0.11430 -0.50335 -0.76048 B   96 
-0.47754 -0.26778 -0.93212 K   96 
 0.16621 -0.62609 -0.81856 B   97 
 0.33294 -0.43587 -1.10899 K   97 
 0.24428 -0.71512 -0.53346 B   98 
 0.36983 -0.46781 -0.39468 I   98 
-0.00460 -0.90697 -0.46848 B   99 
-0.20890 -0.81262 -0.41216 V   99 
 0.07612 -1.08370 -0.74102 B   100 
-0.10154 -0.94502 -0.87532 S   100 
 0.36831 -1.21068 -0.65378 B   101 
 0.60956 -1.07643 -0.61951 D   101 
 0.26146 -1.46379 -0.41510 B   102 
 0.21926 -1.34701 -0.09600 B   103 
 0.52940 -1.43673 -0.06380 N   103 
 0.04190 -1.13469 -0.11826 B   104 
-0.02204 -0.93457  0.16614 B   105 
-0.35891 -0.73539  0.14082 M   105 
 0.24926 -1.02938  0.31040 B   106 
 0.11217 -1.32147  0.38290 N   106 
 0.41947 -0.79142  0.19598 B   107 
 0.39878 -0.81434 -0.01087 A   107 
 0.26898 -0.65560  0.43966 B   108 
 0.12639 -0.42520  0.05911 W   108 
 0.36933 -0.64394  0.75573 B   109 
 0.62456 -0.64221  0.77602 V   109 
 0.12718 -0.49154  0.88263 B   110 
 0.17170 -0.28303  0.85959 A   110 
-0.08894 -0.67878  0.77786 B   111 
-0.29430 -0.86822  0.50667 W   111 
 0.01247 -0.94585  0.89838 B   112 
 0.39225 -1.12478  0.85279 R   112 
 0.04646 -0.82861  1.20854 B   113 
 0.36691 -0.87870  1.19868 N   113 
-0.25767 -0.64386  1.20106 B   114 
-0.00876 -0.25018  1.38929 R   114 
-0.47800 -0.77878  0.98118 B   115 
-0.41764 -0.49255  0.85463 X   115 
-0.44905 -1.06407  0.97412 B   116 
-0.21178 -1.35572  0.73596 K   116 
-0.73329 -1.23548  1.10093 B   117 
-0.91231 -0.99697  1.10788 B   118 
-0.74741 -0.82635  1.21318 T   118 
-1.17052 -0.75172  1.11267 B   119 
-1.45167 -0.77570  1.16344 D   119 
-1.14874 -0.57365  0.82240 B   120 
-0.96943 -0.71201  0.71671 V   120 
-1.43839 -0.45987  0.78730 B   121 
-1.65433 -0.80785  0.71101 Q   121 
-1.40586 -0.23092  1.00070 B   122 
-1.37492 -0.33147  1.17925 A   122 
-1.25555 -0.03395  0.78775 B   123 
-0.88970 -0.08061  1.00568 W   123 
-1.55961  0.01936  0.63159 B   124 
-1.49357 -0.13293  0.42014 I   124 
-1.72874  0.13144  0.82672 B   125 
-1.77179 -0.32276  1.07214 R   125 
-1.95957  0.38425  0.73498 B   126 
-1.91318  0.35019  0.43832 B   127 
-1.59801  0.39216  0.49568 X   127 
-1.99535  0.47744  0.10659 B   128 
-2.38236  0.43558 -0.00718 R   128 
-2.03299  0.18304 -0.12569 B   129 
-1.79060  0.16952 -0.03322 L   129 
