246 
-1.08407 -0.47879  0.61843 B   1 
-0.93664 -0.85028  0.74688 K   1 
-0.94885 -0.45000  0.94897 B   2 
-1.03842 -0.21708  1.01892 V   2 
-0.64206 -0.45650  1.04391 B   3 
-0.54039 -0.71370  0.71010 F   3 
-0.40167 -0.55022  1.22679 B   4 
-0.08923 -0.49718  1.27505 B   5 
 0.16370 -0.29439  1.56575 R   5 
 0.02376 -0.79261  1.31783 B   6 
 0.14630 -0.76100  1.60481 X   6 
-0.15641 -0.90530  1.09100 B   7 
-0.54333 -0.95700  1.09628 E   7 
-0.03912 -0.74607  0.85306 B   8 
-0.14652 -0.48867  0.72532 L   8 
 0.25590 -0.81942  0.88504 B   9 
 0.32710 -0.71269  1.06025 A   9 
 0.21601 -1.11853  0.83578 B   10 
 0.12336 -1.19798  1.01725 A   10 
 0.09449 -1.09561  0.55144 B   11 
-0.11607 -1.05252  0.57907 A   11 
 0.32120 -0.92718  0.42420 B   12 
 0.20455 -0.51841  0.48662 M   12 
 0.53445 -1.13826  0.47345 B   13 
 0.78423 -1.22876  0.81641 K   13 
 0.41991 -1.38173  0.32959 B   14 
-0.00606 -1.54026  0.33227 R   14 
 0.41184 -1.19471  0.05802 B   15 
 0.02282 -1.21050  0.06084 H   15 
 0.72442 -1.06160  0.06517 B   16 
 0.77613 -0.75065  0.18494 B   17 
 0.49580 -0.62296  0.08316 L   17 
 1.01256 -0.81042  0.34331 B   18 
 1.08136 -0.84272  0.64091 D   18 
 1.26573 -0.63610  0.19745 B   19 
 1.40078 -0.75298  0.46526 N   19 
 1.14005 -0.51622 -0.03429 B   20 
 0.91674 -0.66740 -0.38426 Y   20 
 1.35430 -0.33566 -0.20229 B   21 
 1.27021 -0.43087 -0.65991 R   21 
 1.47141 -0.26940  0.11044 B   22 
 1.19416 -0.27929  0.27791 B   23 
 1.17442  0.11936  0.02893 Y   23 
 1.10252 -0.30461  0.56624 B   24 
 1.23722 -0.23967  0.74663 S   24 
 0.82006 -0.40292  0.71450 B   25 
 0.71151 -0.68998  0.78065 L   25 
 0.76868 -0.13544  0.87759 B   26 
 0.71478  0.04243  0.63034 B   27 
 1.03626  0.12945  0.57572 N   27 
 0.45897 -0.09600  0.52895 B   28 
 0.64861 -0.25288  0.15685 W   28 
 0.29486 -0.06485  0.78741 B   29 
 0.32505 -0.26501  0.95053 V   29 
 0.32014  0.23921  0.80743 B   30 
 0.51442  0.40937  0.90880 X   30 
 0.18279  0.30584  0.54107 B   31 
 0.33019  0.26373  0.38502 A   31 
-0.08934  0.16646  0.58844 B   32 
-0.05708 -0.04447  0.56048 A   32 
-0.16313  0.33309  0.83504 B   33 
-0.18616  0.36609  1.17384 K   33 
-0.14887  0.63141  0.67934 B   34 
 0.10837  0.72957  0.98465 F   34 
-0.33089  0.55418  0.42763 B   35 
-0.07554  0.60073  0.18990 E   35 
-0.57640  0.34408  0.57658 B   36 
-0.52973  0.17023  0.44725 S   36 
-0.57052  0.22446  0.86493 B   37 
-0.65480  0.39518  1.07947 N   37 
-0.59696 -0.08755  0.77568 B   38 
-0.27519 -0.07603  1.03474 F   38 
-0.81520 -0.03731  0.53216 B   39 
-1.09762  0.03062  0.60960 N   39 
-0.92393 -0.20420  0.24834 B   40 
-0.90891 -0.44386  0.31524 T   40 
-1.18362  0.00576  0.18947 B   41 
-1.48564 -0.23206  0.29720 Q   41 
-1.02225  0.24575  0.12547 B   42 
-0.91829  0.30926  0.29824 A   42 
-1.12605  0.56468 -0.01895 B   43 
-1.28491  0.43306 -0.15061 T   43 
-0.98032  0.83441 -0.23423 B   44 
-0.90395  0.84907  0.09427 N   44 
-1.02308  1.12932 -0.36894 B   45 
-1.34907  1.11091 -0.75681 R   45 
-0.87528  1.30782 -0.62637 B   46 
-0.62823  1.08477 -0.54549 N   46 
-0.81928  1.60070 -0.78390 B   47 
-0.71837  1.78958 -0.63932 T   47 
-0.76598  1.43587 -1.06981 B   48 
-0.55484  1.28128 -1.02666 D   48 
-1.01235  1.20048 -1.03341 B   49 
-0.89532  0.99661 -0.89597 B   50 
-0.65570  0.96140 -0.93776 S   50 
-0.83294  0.68803 -0.68971 B   51 
-1.09838  0.71673 -0.63643 T   51 
-0.77837  0.54890 -0.38163 B   52 
-0.48988  0.73414 -0.36208 D   52 
-0.69200  0.20140 -0.28966 B   53 
-1.04212  0.27851 -0.60936 Y   53 
-0.68151  0.05961 -0.00034 B   54 
-0.42115 -0.01503  0.22567 B   55 
-0.40833 -0.25024  0.36146 I   55 
-0.22021  0.14949 -0.01176 B   56 
 0.01092 -0.05595  0.07591 L   56 
-0.34484  0.35896 -0.19343 B   57 
-0.57314  0.51154  0.01647 Q   57 
-0.40659  0.27803 -0.48812 B   58 
-0.23422  0.02184 -0.51512 I   58 
-0.40183  0.43094 -0.79621 B   59 
-0.37484  0.73034 -0.84563 N   59 
-0.61895  0.48219 -1.08807 B   60 
-0.81729  0.56206 -1.00552 S   60 
-0.41588  0.62041 -1.30209 B   61 
-0.50187  1.03831 -1.35281 R   61 
-0.19897  0.35439 -1.29427 B   62 
 0.05560  0.72962 -1.34174 W   62 
-0.29612  0.06031 -1.14521 B   63 
 0.09417  0.20212 -1.00530 W   63 
-0.62019  0.08031 -1.16731 B   64 
-0.67920  0.04712 -0.91615 X   64 
-0.96423  0.00496 -1.24759 B   65 
-1.06555  0.01841 -1.52647 N   65 
-1.28119  0.22134 -1.21167 B   66 
-1.16283  0.42848 -1.08616 D   66 
-1.42499  0.36412 -1.47486 B   67 
-1.34144  0.70312 -1.37649 B   68 
-1.50707  0.75187 -0.93521 R   68 
-1.03111  0.73956 -1.51501 B   69 
-0.93606  0.72756 -1.27825 T   69 
-0.89888  0.92747 -1.72166 B   70 
-1.05911  1.06674 -1.69521 P   70 
-0.60470  0.81331 -1.84709 B   71 
-0.56623  0.53187 -1.75363 B   72 
-0.74740  0.47516 -1.61070 S   72 
-0.35358  0.21965 -1.69867 B   73 
-0.08152  0.33520 -1.89943 R   73 
-0.34957 -0.05155 -1.53251 B   74 
-0.58039 -0.20323 -1.49159 N   74 
-0.06470 -0.19779 -1.44056 B   75 
 0.11410  0.06054 -1.51843 L   75 
-0.19859 -0.43260 -1.24678 B   76 
-0.06953 -0.29762 -0.99854 X   76 
-0.43889 -0.55133 -1.38135 B   77 
-0.44419 -0.68191 -1.62085 N   77 
-0.69963 -0.41960 -1.20647 B   78 
-0.59911 -0.59611 -0.99334 I   78 
-0.95647 -0.38542 -1.02362 B   79 
-1.06437 -0.54478 -1.10512 P   79 
-0.98320 -0.16793 -0.77096 B   80 
-0.90904  0.10216 -0.91699 X   80 
-1.16732 -0.35656 -0.59374 B   81 
-1.34726 -0.40243 -0.74534 S   81 
-0.94634 -0.57059 -0.53183 B   82 
-0.90475 -0.66072 -0.71747 A   82 
-0.80888 -0.35573 -0.32506 B   83 
-0.59088 -0.23474 -0.53712 L   83 
-1.06391 -0.42175 -0.10142 B   84 
-1.16837 -0.13241 -0.21813 L   84 
-1.00676 -0.67990 -0.00543 B   85 
-1.03671 -0.90535 -0.12964 S   85 
-0.92444 -0.90310  0.25001 B   86 
-1.12297 -1.02179  0.31211 S   86 
-0.73583 -0.99125  0.02526 B   87 
-0.66688 -1.25252 -0.08626 D   87 
-0.40297 -0.86026 -0.02004 B   88 
-0.31688 -0.79740  0.22557 I   88 
-0.27224 -0.97602 -0.27618 B   89 
-0.31178 -1.23852 -0.27685 T   89 
-0.32693 -0.74844 -0.48104 B   90 
-0.53514 -0.76985 -0.53960 A   90 
-0.18676 -0.51518 -0.32900 B   91 
-0.39768 -0.41388 -0.18557 S   91 
 0.09015 -0.64426 -0.30834 B   92 
 0.11215 -0.80427 -0.10185 V   92 
 0.15245 -0.69194 -0.60500 B   93 
 0.05691 -1.01385 -0.62585 N   93 
 0.11818 -0.39203 -0.67122 B   94 
-0.11125 -0.25486 -0.76989 X   94 
 0.32181 -0.27265 -0.47189 B   95 
 0.22927 -0.28466 -0.27789 A   95 
 0.57025 -0.41178 -0.59162 B   96 
 0.55251 -0.83722 -0.40298 K   96 
 0.55102 -0.24272 -0.85272 B   97 
 0.33447 -0.42853 -1.11139 K   97 
 0.56385  0.04119 -0.73213 B   98 
 0.27418  0.11582 -0.65023 I   98 
 0.84298  0.01899 -0.57542 B   99 
 0.85126 -0.09607 -0.37416 V   99 
 0.98668 -0.05961 -0.86732 B   100 
 0.96244 -0.31289 -0.80335 S   100 
 0.95122  0.22173 -1.03674 B   101 
 0.71630  0.33308 -1.13580 D   101 
 1.19971  0.42992 -0.87133 B   102 
 1.08572  0.58764 -0.58960 B   103 
 1.01462  0.82539 -0.79863 N   103 
 0.98573  0.38566 -0.42761 B   104 
 0.81247  0.47325 -0.13210 B   105 
 0.79964  0.18193  0.13012 M   105 
 0.75306  0.77059 -0.23915 B   106 
 1.06644  0.85785 -0.17962 N   106 
 0.47559  0.69382 -0.36488 B   107 
 0.52595  0.54304 -0.50078 A   107 
 0.40356  0.72749 -0.05804 B   108 
 0.30685  0.28248 -0.16221 W   108 
 0.31460  1.00684  0.09737 B   109 
 0.19053  1.16836 -0.05778 V   109 
 0.28291  0.89750  0.38894 B   110 
 0.08155  0.82486  0.40179 A   110 
 0.55937  0.77115  0.40762 B   111 
 0.84917  0.53296  0.30330 W   111 
 0.73343  1.02092  0.34883 B   112 
 0.71529  1.27843  0.01465 R   112 
 0.58394  1.21615  0.57386 B   113 
 0.47743  1.41423  0.33994 N   113 
 0.56652  0.96221  0.82263 B   114 
 0.08549  1.08605  0.89777 R   114 
 0.81055  0.73059  0.77907 B   115 
 0.54390  0.56260  0.73149 X   115 
 1.04744  0.85441  0.67501 B   116 
 1.21444  0.93614  0.27064 K   116 
 1.31925  0.84791  0.90377 B   117 
 1.19422  0.65554  1.09443 B   118 
 0.95646  0.75917  1.10550 T   118 
 1.10090  0.41316  1.33812 B   119 
 1.24966  0.29616  1.55347 D   119 
 0.96343  0.14835  1.17252 B   120 
 1.01040  0.23097  0.94136 V   120 
 1.00408 -0.08907  1.37266 B   121 
 1.41840 -0.13180  1.36591 Q   121 
 0.76703 -0.00773  1.56294 B   122 
 0.82277  0.17729  1.63784 A   122 
 0.54463 -0.15032  1.37073 B   123 
 0.39109  0.23547  1.26532 W   123 
 0.65704 -0.45882  1.47968 B   124 
 0.78020 -0.51186  1.24669 I   124 
 0.61941 -0.46130  1.75864 B   125 
 1.01321 -0.13234  1.82997 R   125 
 0.51611 -0.75979  1.91940 B   126 
 0.55345 -0.93155  1.67360 B   127 
 0.36215 -0.72467  1.51553 X   127 
 0.51371 -1.26617  1.53416 B   128 
 0.74444 -1.55499  1.70096 R   128 
 0.81236 -1.33825  1.31587 B   129 
 0.70055 -1.12658  1.21496 L   129 
