246 
-1.04517 -0.80336 -0.22166 B   1 
-0.89273 -1.16449 -0.07136 K   1 
-1.13269 -0.83966  0.12388 B   2 
-1.30984 -0.65229  0.14996 V   2 
-0.94538 -0.81807  0.38393 B   3 
-0.60477 -0.95707  0.15463 F   3 
-0.83290 -0.91381  0.66357 B   4 
-0.63276 -0.82245  0.89671 B   5 
-0.65795 -0.66285  1.30106 R   5 
-0.48178 -1.09478  0.96687 B   6 
-0.55572 -1.11912  1.27070 X   6 
-0.46219 -1.17311  0.66672 B   7 
-0.75038 -1.29006  0.43076 E   7 
-0.28553 -0.93925  0.56758 B   8 
-0.37366 -0.67975  0.42974 L   8 
-0.05261 -0.96660  0.76364 B   9 
-0.12632 -0.89908  0.95642 A   9 
 0.03198 -1.24450  0.66822 B   10 
-0.11761 -1.38354  0.74644 A   10 
 0.08918 -1.16889  0.37300 B   11 
-0.10243 -1.17142  0.27182 A   11 
 0.28646 -0.93658  0.42840 B   12 
 0.04066 -0.58493  0.45121 M   12 
 0.48685 -1.11329  0.57357 B   13 
 0.51653 -1.24643  0.98539 K   13 
 0.54974 -1.32632  0.36440 B   14 
 0.26415 -1.55073  0.09114 R   14 
 0.63958 -1.07878  0.16579 B   15 
 0.34054 -1.16135 -0.06948 H   15 
 0.83913 -0.90057  0.37531 B   16 
 0.72097 -0.62794  0.53474 B   17 
 0.52231 -0.52813  0.29848 L   17 
 0.83402 -0.68568  0.79635 B   18 
 0.73126 -0.78274  1.06905 D   18 
 1.06048 -0.43835  0.85376 B   19 
 1.05068 -0.59649  1.13397 N   19 
 1.05658 -0.28522  0.60799 B   20 
 1.12258 -0.37516  0.18047 Y   20 
 1.26331 -0.03283  0.62504 B   21 
 1.48087 -0.01741  0.20315 R   21 
 1.16061 -0.03199  0.94962 B   22 
 0.85496 -0.13303  0.91247 B   23 
 0.86080  0.30751  0.74755 Y   23 
 0.63070 -0.24858  1.08138 B   24 
 0.61574 -0.21119  1.31220 S   24 
 0.35776 -0.42942  1.01635 B   25 
 0.32121 -0.73799  0.97156 L   25 
 0.14823 -0.22715  1.14272 B   26 
 0.19163 -0.00256  0.93451 B   27 
 0.44607  0.14965  1.09575 N   27 
 0.09021 -0.15130  0.68456 B   28 
 0.49090 -0.16987  0.48929 W   28 
-0.19034 -0.21784  0.79214 B   29 
-0.19873 -0.44556  0.91726 V   29 
-0.27145  0.06992  0.85620 B   30 
-0.22715  0.23822  1.07228 X   30 
-0.24944  0.17958  0.57029 B   31 
-0.03567  0.20594  0.53211 A   31 
-0.44608 -0.01195  0.42758 B   32 
-0.34330 -0.19932  0.40222 A   32 
-0.68980  0.06877  0.59523 B   33 
-0.90606  0.00711  0.85182 K   33 
-0.67994  0.39537  0.51353 B   34 
-0.67908  0.45253  0.92066 F   34 
-0.65838  0.35693  0.19650 B   35 
-0.34142  0.50747  0.16899 E   35 
-0.87008  0.07612  0.14229 B   36 
-0.71059 -0.04693  0.04981 S   36 
-0.99082 -0.11222  0.36009 B   37 
-1.22603 -0.02099  0.49657 N   37 
-0.86972 -0.38954  0.23991 B   38 
-0.76746 -0.39140  0.64031 F   38 
-0.91842 -0.31534 -0.07880 B   39 
-1.20088 -0.31972 -0.18159 N   39 
-0.79565 -0.41788 -0.38644 B   40 
-0.75061 -0.66042 -0.35061 T   40 
-1.02641 -0.24769 -0.56746 B   41 
-1.25088 -0.55368 -0.69141 Q   41 
-0.93618  0.02471 -0.49407 B   42 
-0.97036  0.05747 -0.28803 A   42 
-1.03035  0.34763 -0.63619 B   43 
-1.04164  0.22997 -0.85049 T   43 
-0.87678  0.68533 -0.68826 B   44 
-1.00470  0.62605 -0.38153 N   44 
-0.92188  0.99338 -0.78834 B   45 
-0.95366  1.02183 -1.29355 R   45 
-0.71636  1.25591 -0.88225 B   46 
-0.50380  1.06533 -0.69297 N   46 
-0.67146  1.58500 -0.94069 B   47 
-0.72925  1.74367 -0.74513 T   47 
-0.42230  1.51279 -1.15155 B   48 
-0.23680  1.39096 -1.00634 D   48 
-0.56453  1.23741 -1.29771 B   49 
-0.49010  1.02784 -1.14059 B   50 
-0.27036  1.04657 -1.03210 S   50 
-0.46558  0.69138 -0.97370 B   51 
-0.70984  0.65902 -1.08949 T   51 
-0.55374  0.48770 -0.71296 B   52 
-0.39517  0.70800 -0.50262 D   52 
-0.43548  0.14844 -0.62582 B   53 
-0.55209  0.24552 -1.08158 Y   53 
-0.54665 -0.06041 -0.40686 B   54 
-0.44830 -0.14594 -0.07907 B   55 
-0.44464 -0.40274  0.01020 I   55 
-0.20852  0.10718 -0.12653 B   56 
-0.01730 -0.07120  0.06037 L   56 
-0.26587  0.33239 -0.32250 B   57 
-0.60501  0.38287 -0.27893 Q   57 
-0.12590  0.32239 -0.60091 B   58 
 0.09849  0.11587 -0.54549 I   58 
 0.00429  0.54935 -0.82421 B   59 
-0.03546  0.85124 -0.81433 N   59 
-0.01692  0.63740 -1.18022 B   60 
-0.24046  0.65747 -1.22673 S   60 
 0.21922  0.85977 -1.21080 B   61 
 0.05754  1.25510 -1.25757 R   61 
 0.46171  0.64242 -1.10201 B   62 
 0.57528  1.05489 -0.94445 W   62 
 0.38993  0.30734 -1.07533 B   63 
 0.57334  0.47227 -0.71315 W   63 
 0.14466  0.27646 -1.28699 B   64 
-0.03124  0.16880 -1.12845 X   64 
-0.05563  0.16691 -1.56694 B   65 
 0.01701  0.23556 -1.84664 N   65 
-0.38555  0.30844 -1.70728 B   66 
-0.42454  0.49246 -1.51418 D   66 
-0.39275  0.48847 -1.98634 B   67 
-0.48253  0.79883 -1.82143 B   68 
-0.87123  0.70068 -1.56882 R   68 
-0.17513  0.92314 -1.73854 B   69 
-0.22960  0.86586 -1.49567 T   69 
-0.01274  1.17858 -1.80086 B   70 
-0.19295  1.27633 -1.86203 P   70 
 0.31920  1.15370 -1.73377 B   71 
 0.37997  0.86854 -1.66733 B   72 
 0.17640  0.74601 -1.67066 S   72 
 0.60652  0.59420 -1.52899 B   73 
 0.89554  0.80341 -1.50976 R   73 
 0.59703  0.29374 -1.42504 B   74 
 0.43968  0.09932 -1.54913 N   74 
 0.81015  0.17968 -1.19578 B   75 
 0.91625  0.47613 -1.12076 L   75 
 0.66746 -0.11719 -1.14970 B   76 
 0.58970 -0.03210 -0.86123 X   76 
 0.59076 -0.23584 -1.41425 B   77 
 0.75847 -0.29778 -1.62034 N   77 
 0.25207 -0.20152 -1.42019 B   78 
 0.26348 -0.40785 -1.21047 I   78 
-0.05928 -0.26126 -1.42808 B   79 
-0.05073 -0.40968 -1.57498 P   79 
-0.28481 -0.12576 -1.22161 B   80 
-0.22549  0.18179 -1.26245 X   80 
-0.47090 -0.38306 -1.21401 B   81 
-0.51271 -0.41769 -1.44750 S   81 
-0.27069 -0.56456 -1.05450 B   82 
-0.10846 -0.59421 -1.18535 A   82 
-0.34237 -0.39129 -0.78496 B   83 
-0.09065 -0.18323 -0.80681 L   83 
-0.64550 -0.55657 -0.77046 B   84 
-0.74690 -0.26913 -0.89438 L   84 
-0.57850 -0.81706 -0.68818 B   85 
-0.46617 -1.00362 -0.82865 S   85 
-0.59103 -1.08197 -0.46122 B   86 
-0.74481 -1.24509 -0.54548 S   86 
-0.29344 -1.07419 -0.53355 B   87 
-0.10080 -1.28109 -0.60797 D   87 
-0.04830 -0.88072 -0.35330 B   88 
-0.13673 -0.87080 -0.10078 I   88 
 0.22996 -0.90086 -0.48845 B   89 
 0.27697 -1.15670 -0.54140 T   89 
 0.23449 -0.64035 -0.65834 B   90 
 0.11170 -0.68106 -0.83301 A   90 
 0.18996 -0.43476 -0.42830 B   91 
-0.08356 -0.41251 -0.43213 S   91 
 0.43154 -0.51516 -0.25817 B   92 
 0.38080 -0.71756 -0.09949 V   92 
 0.65916 -0.47176 -0.45935 B   93 
 0.69142 -0.78832 -0.56859 N   93 
 0.58105 -0.17550 -0.49978 B   94 
 0.41738 -0.05876 -0.70171 X   94 
 0.59302 -0.07956 -0.20635 B   95 
 0.41667 -0.15785 -0.11087 A   95 
 0.89362 -0.13750 -0.16521 B   96 
 0.90018 -0.59405 -0.07344 K   96 
 0.97426  0.08832 -0.36426 B   97 
 1.00486 -0.05732 -0.71948 K   97 
 0.83342  0.32839 -0.23069 B   98 
 0.54086  0.32796 -0.33363 I   98 
 0.96948  0.31409  0.05956 B   99 
 0.89775  0.15338  0.21069 V   99 
 1.26677  0.34086 -0.09187 B   100 
 1.28696  0.07942 -0.08362 S   100 
 1.25067  0.64641 -0.21635 B   101 
 1.09057  0.73779 -0.42472 D   101 
 1.29019  0.84329  0.08716 B   102 
 0.99832  0.89942  0.25717 B   103 
 0.98944  1.16786  0.07515 N   103 
 0.88999  0.64790  0.30231 B   104 
 0.56508  0.62363  0.43965 B   105 
 0.49495  0.27592  0.60691 M   105 
 0.49093  0.92386  0.35153 B   106 
 0.67545  1.04491  0.59784 N   106 
 0.36808  0.83634  0.07597 B   107 
 0.52729  0.73755 -0.01694 A   107 
 0.13136  0.77529  0.27773 B   108 
 0.24539  0.36355  0.08879 W   108 
-0.10657  0.98439  0.37658 B   109 
-0.16414  1.15720  0.19663 V   109 
-0.26132  0.79851  0.57526 B   110 
-0.40344  0.69157  0.45546 A   110 
-0.01978  0.72114  0.74383 B   111 
 0.33356  0.57220  0.81145 W   111 
 0.07453  1.00363  0.83009 B   112 
 0.17064  1.33283  0.58369 R   112 
-0.22439  1.10417  0.93796 B   113 
-0.23523  1.33541  0.71057 N   113 
-0.30161  0.79470  1.09590 B   114 
-0.75352  0.80988  0.87699 R   114 
-0.01959  0.62817  1.18436 B   115 
-0.15067  0.43536  0.96704 X   115 
 0.18584  0.81378  1.25937 B   116 
 0.51660  1.02634  1.05082 K   116 
 0.27147  0.79418  1.60367 B   117 
 0.12489  0.53996  1.65726 B   118 
-0.09645  0.59458  1.53312 T   118 
-0.01184  0.22976  1.76644 B   119 
 0.01824  0.08764  2.01361 D   119 
 0.05163 -0.00176  1.52392 B   120 
 0.19248  0.14550  1.37920 V   120 
 0.04171 -0.27278  1.68052 B   121 
 0.37984 -0.24039  1.92169 Q   121 
-0.27230 -0.28629  1.69560 B   122 
-0.32524 -0.12073  1.80847 A   122 
-0.29597 -0.40937  1.39389 B   123 
-0.47020 -0.04177  1.25961 W   123 
-0.17843 -0.71159  1.51442 B   124 
 0.06258 -0.67956  1.39972 I   124 
-0.36225 -0.79372  1.71116 B   125 
-0.19307 -0.43248  2.04171 R   125 
-0.44403 -1.13711  1.74286 B   126 
-0.22756 -1.22917  1.55318 B   127 
-0.34907 -1.02408  1.33511 X   127 
-0.08218 -1.51705  1.38294 B   128 
 0.08924 -1.79546  1.62290 R   128 
 0.29254 -1.47681  1.38413 B   129 
 0.19952 -1.26854  1.25980 L   129 
