246 
-0.68312  0.57568  0.99441 B   1 
-0.90476  0.24629  1.13086 K   1 
-0.50604  0.40842  1.25717 B   2 
-0.32213  0.58273  1.31160 V   2 
-0.35663  0.12411  1.25211 B   3 
-0.63316 -0.01996  0.95097 F   3 
-0.28441 -0.16254  1.36447 B   4 
-0.09491 -0.41394  1.30405 B   5 
 0.26945 -0.59068  1.46408 R   5 
-0.29021 -0.66050  1.35831 B   6 
-0.12863 -0.80694  1.58374 X   6 
-0.52811 -0.51548  1.22053 B   7 
-0.73182 -0.21033  1.35391 E   7 
-0.41133 -0.49250  0.93494 B   8 
-0.27120 -0.25212  0.80576 L   8 
-0.34273 -0.78629  0.88572 B   9 
-0.17023 -0.83074  1.00992 A   9 
-0.63145 -0.88565  0.90178 B   10 
-0.68565 -0.88034  1.11359 A   10 
-0.74483 -0.71449  0.66942 B   11 
-0.78710 -0.51922  0.75332 A   11 
-0.54248 -0.80259  0.45204 B   12 
-0.22043 -0.51944  0.47852 M   12 
-0.62155 -1.09580  0.46725 B   13 
-0.49612 -1.42062  0.72602 K   13 
-0.92081 -1.08595  0.40860 B   14 
-1.23359 -0.79804  0.56943 R   14 
-0.84191 -0.93579  0.12573 B   15 
-1.01625 -0.61116  0.25147 H   15 
-0.59528 -1.14083  0.01344 B   16 
-0.27095 -1.05985  0.05777 B   17 
-0.30690 -0.73881  0.02804 L   17 
-0.17824 -1.32203  0.14275 B   18 
-0.09099 -1.45521  0.40542 D   18 
 0.03475 -1.42626 -0.10123 B   19 
 0.06796 -1.65071  0.12712 N   19 
 0.01852 -1.21552 -0.29921 B   20 
-0.30629 -1.02768 -0.53250 Y   20 
 0.21429 -1.27909 -0.55290 B   21 
-0.03575 -1.16224 -0.93940 R   21 
 0.41096 -1.40940 -0.30745 B   22 
 0.33598 -1.21011 -0.06317 B   23 
 0.59903 -0.95311 -0.35652 Y   23 
 0.35993 -1.20088  0.23935 B   24 
 0.52429 -1.32069  0.35568 S   24 
 0.20098 -1.03568  0.48199 B   25 
-0.07230 -1.09337  0.62534 L   25 
 0.45763 -0.89592  0.60603 B   26 
 0.51668 -0.71574  0.36164 B   27 
 0.70931 -0.93825  0.19645 N   27 
 0.26164 -0.54317  0.36901 B   28 
 0.09699 -0.70689 -0.01193 W   28 
 0.29549 -0.43901  0.65660 B   29 
 0.18291 -0.59293  0.83328 V   29 
 0.57389 -0.31900  0.61688 B   30 
 0.83072 -0.42376  0.62326 X   30 
 0.49684 -0.11693  0.39897 B   31 
 0.47639 -0.23230  0.21425 A   31 
 0.27747  0.03973  0.55081 B   32 
 0.10091 -0.08333  0.54977 A   32 
 0.46215  0.13385  0.77676 B   33 
 0.57953  0.10234  1.09556 K   33 
 0.67995  0.29529  0.57691 B   34 
 0.96015  0.06187  0.76670 F   34 
 0.46461  0.46379  0.41051 B   35 
 0.54166  0.31469  0.10113 E   35 
 0.22485  0.54372  0.66097 B   36 
 0.05678  0.44614  0.55440 S   36 
 0.20801  0.42438  0.94901 B   37 
 0.38254  0.53578  1.14751 N   37 
-0.09786  0.31526  0.92560 B   38 
 0.12102 -0.00570  1.06654 F   38 
-0.21599  0.57415  0.75686 B   39 
-0.25221  0.83292  0.90551 N   39 
-0.48751  0.64339  0.55264 B   40 
-0.66841  0.50255  0.65052 T   40 
-0.43150  0.97768  0.54298 B   41 
-0.73060  1.10083  0.77698 Q   41 
-0.17623  0.96723  0.39313 B   42 
-0.02807  0.87454  0.51209 A   42 
 0.01359  1.23728  0.23697 B   43 
-0.20411  1.33619  0.18484 T   43 
 0.24402  1.28436 -0.05462 B   44 
 0.38388  1.16109  0.22680 N   44 
 0.44130  1.48879 -0.21659 B   45 
 0.17728  1.83553 -0.47566 R   45 
 0.58171  1.49876 -0.53308 B   46 
 0.51555  1.16465 -0.49674 N   46 
 0.81162  1.62226 -0.74667 B   47 
 1.05837  1.59779 -0.67404 T   47 
 0.60854  1.55430 -1.00338 B   48 
 0.57553  1.29115 -1.00263 D   48 
 0.31391  1.64512 -0.85380 B   49 
 0.22674  1.42022 -0.72743 B   50 
 0.28376  1.20667 -0.83490 S   50 
 0.04663  1.17831 -0.50227 B   51 
-0.02338  1.40855 -0.37497 T   51 
 0.03893  1.00408 -0.20760 B   52 
 0.32410  0.84216 -0.30950 D   52 
-0.19799  0.74562 -0.09039 B   53 
-0.36988  1.14525 -0.29408 Y   53 
-0.23175  0.61154  0.20083 B   54 
-0.12225  0.30840  0.34419 B   55 
-0.28019  0.15795  0.50651 I   55 
 0.03398  0.26226  0.03230 B   56 
-0.02162 -0.05115  0.07700 L   56 
 0.10997  0.50509 -0.13406 B   57 
 0.20771  0.73191  0.10773 Q   57 
-0.07111  0.57745 -0.37732 B   58 
-0.22821  0.31268 -0.41332 I   58 
-0.02691  0.70753 -0.69268 B   59 
 0.22801  0.83758 -0.79716 N   59 
-0.15775  0.97551 -0.90719 B   60 
-0.14727  1.16708 -0.78178 S   60 
-0.01650  0.91034 -1.19345 B   61 
 0.29327  1.19402 -1.28390 R   61 
-0.15344  0.59588 -1.20901 B   62 
 0.26191  0.56719 -1.39478 W   62 
-0.40395  0.50868 -0.99041 B   63 
-0.07895  0.21507 -1.00392 W   63 
-0.52772  0.79982 -0.91406 B   64 
-0.50781  0.78473 -0.65513 X   64 
-0.75888  1.07390 -0.87011 B   65 
-0.87044  1.22216 -1.10204 N   65 
-0.69356  1.44151 -0.77435 B   66 
-0.42937  1.41462 -0.72801 D   66 
-0.70672  1.68493 -0.99998 B   67 
-0.35121  1.75632 -0.99022 B   68 
-0.24968  1.83405 -0.53394 R   68 
-0.23120  1.53573 -1.22207 B   69 
-0.13324  1.40185 -1.02788 T   69 
-0.07439  1.55348 -1.48777 B   70 
-0.01320  1.75199 -1.43658 P   70 
-0.08709  1.27200 -1.67729 B   71 
-0.28653  1.08586 -1.55484 B   72 
-0.36910  1.18539 -1.35549 S   72 
-0.45137  0.74360 -1.51726 B   73 
-0.29715  0.60593 -1.80870 R   73 
-0.63517  0.57745 -1.31779 B   74 
-0.84987  0.69415 -1.18273 N   74 
-0.61618  0.24558 -1.29558 B   75 
-0.34190  0.23174 -1.46688 L   75 
-0.81785  0.20935 -1.03360 B   76 
-0.57573  0.11448 -0.86367 X   76 
-1.05911  0.38465 -1.06538 B   77 
-1.24350  0.37403 -1.26620 N   77 
-1.00300  0.63615 -0.84286 B   78 
-1.05143  0.42350 -0.64508 I   78 
-1.02704  0.83604 -0.59783 B   79 
-1.23291  0.86815 -0.61418 P   79 
-0.77721  0.91306 -0.38925 B   80 
-0.55607  1.00784 -0.59390 X   80 
-0.96475  0.94518 -0.13491 B   81 
-1.12309  1.10710 -0.21346 S   81 
-1.03946  0.64144 -0.10975 B   82 
-1.15386  0.59943 -0.28140 A   82 
-0.73706  0.58584  0.00545 B   83 
-0.60389  0.49925 -0.28072 L   83 
-0.83486  0.72812  0.30480 B   84 
-0.66277  0.97910  0.17970 L   84 
-1.00573  0.53665  0.41995 B   85 
-1.24862  0.47889  0.35049 S   85 
-1.08968  0.30885  0.67075 B   86 
-1.25639  0.40954  0.81013 S   86 
-1.15267  0.14977  0.41662 B   87 
-1.38168 -0.01225  0.33437 D   87 
-0.91470 -0.06326  0.24930 B   88 
-0.75336 -0.15538  0.44210 I   88 
-1.03466 -0.17985 -0.01168 B   89 
-1.27755 -0.27158  0.04365 T   89 
-0.92077  0.01642 -0.22442 B   90 
-1.04272  0.19585 -0.21119 A   90 
-0.61729 -0.02185 -0.16435 B   91 
-0.57587  0.17869  0.01837 S   91 
-0.60754 -0.32461 -0.20927 B   92 
-0.67630 -0.46087  0.00386 V   92 
-0.70902 -0.34204 -0.49835 B   93 
-1.03224 -0.41033 -0.43466 N   93 
-0.48399 -0.15603 -0.59967 B   94 
-0.48972  0.12541 -0.64382 X   94 
-0.23857 -0.31247 -0.49601 B   95 
-0.23095 -0.27744 -0.28374 A   95 
-0.29013 -0.56790 -0.66187 B   96 
-0.60937 -0.79375 -0.40894 K   96 
-0.22830 -0.41887 -0.92849 B   97 
-0.55360 -0.27144 -1.07263 K   97 
 0.05681 -0.31775 -0.86686 B   98 
 0.02466 -0.05045 -0.71291 I   98 
 0.19916 -0.59813 -0.80291 B   99 
 0.16193 -0.70011 -0.59791 V   99 
 0.10622 -0.70093 -1.10758 B   100 
-0.10358 -0.81413 -0.99801 S   100 
 0.28474 -0.50239 -1.30206 B   101 
 0.25436 -0.22854 -1.34057 D   101 
 0.61549 -0.64796 -1.25884 B   102 
 0.78601 -0.53067 -0.98606 B   103 
 0.90064 -0.31468 -1.19931 N   103 
 0.61747 -0.57390 -0.76982 B   104 
 0.70693 -0.44221 -0.45410 B   105 
 0.52673 -0.62260 -0.15614 M   105 
 0.90744 -0.22785 -0.58543 B   106 
 1.13011 -0.46589 -0.64130 N   106 
 0.68948 -0.00242 -0.60442 B   107 
 0.54092 -0.09081 -0.72212 A   107 
 0.77780  0.01463 -0.30047 B   108 
 0.32376 -0.09512 -0.29393 W   108 
 1.02684  0.19373 -0.17395 B   109 
 1.06943  0.40789 -0.30767 V   109 
 1.00419  0.11082  0.12701 B   110 
 0.86169  0.24572  0.21350 A   110 
 1.01552 -0.18984  0.07992 B   111 
 0.90023 -0.53114 -0.06782 W   111 
 1.28601 -0.20751 -0.07061 B   112 
 1.40329 -0.00259 -0.42072 R   112 
 1.45764 -0.03067  0.15383 B   113 
 1.51614  0.20155 -0.06515 N   113 
 1.30384 -0.18657  0.43440 B   114 
 1.23267  0.26932  0.63310 R   114 
 1.19287 -0.49758  0.35661 B   115 
 0.92349 -0.34053  0.42263 X   115 
 1.36773 -0.62034  0.16521 B   116 
 1.38997 -0.64406 -0.27866 K   116 
 1.54151 -0.90119  0.29626 B   117 
 1.37920 -0.92406  0.54551 B   118 
 1.37301 -0.67327  0.61225 T   118 
 1.20237 -1.00850  0.84289 B   119 
 1.22591 -1.23436  1.01791 D   119 
 0.86888 -0.98496  0.77455 B   120 
 0.89239 -0.93985  0.52985 V   120 
 0.73930 -1.17299  0.98886 B   121 
 0.87257 -1.54651  0.86134 Q   121 
 0.76629 -0.96892  1.22686 B   122 
 0.97069 -0.94282  1.24890 A   122 
 0.49513 -0.80895  1.13954 B   123 
 0.73327 -0.47205  1.02417 W   123 
 0.30757 -1.07437  1.25810 B   124 
 0.24526 -1.15902  1.01068 I   124 
 0.37091 -1.09855  1.53131 B   125 
 0.83874 -1.29198  1.42134 R   125 
 0.11746 -1.18491  1.76350 B   126 
-0.08656 -1.25047  1.55044 B   127 
-0.03363 -0.95651  1.42726 X   127 
-0.43204 -1.34911  1.48794 B   128 
-0.53667 -1.71775  1.62073 R   128 
-0.43360 -1.59590  1.20310 B   129 
-0.32692 -1.37895  1.10802 L   129 
