246 
 0.74859  0.12257  1.10068 B   1 
 1.11420 -0.02556  0.95708 K   1 
 0.94920  0.39120  0.97434 B   2 
 0.82000  0.59653  1.06555 V   2 
 1.02281  0.46374  0.67021 B   3 
 0.99505  0.04545  0.55987 F   3 
 1.21878  0.54271  0.43489 B   4 
 1.21699  0.62008  0.12381 B   5 
 1.26331  0.97689 -0.12142 R   5 
 1.46823  0.45785  0.01227 B   6 
 1.63756  0.69558 -0.10256 X   6 
 1.39838  0.21004  0.18640 B   7 
 1.43336  0.17209  0.57337 E   7 
 1.12348  0.14044  0.06263 B   8 
 0.84432  0.21405  0.16634 L   8 
 1.20498  0.12130 -0.23136 B   9 
 1.24297  0.32449 -0.29793 A   9 
 1.39499 -0.11508 -0.19254 B   10 
 1.57321 -0.03416 -0.09498 A   10 
 1.18669 -0.31457 -0.07870 B   11 
 1.16897 -0.26938  0.13248 A   11 
 0.98050 -0.29324 -0.30889 B   12 
 0.71442  0.02282 -0.19097 M   12 
 1.17486 -0.39262 -0.52055 B   13 
 1.47497 -0.19178 -0.76097 K   13 
 1.25906 -0.66412 -0.40969 B   14 
 1.37141 -0.77577  0.01634 R   14 
 0.93875 -0.74279 -0.40907 B   15 
 0.94522 -0.75873 -0.02010 H   15 
 0.84982 -0.64289 -0.72147 B   16 
 0.69804 -0.34575 -0.77022 B   17 
 0.52984 -0.34234 -0.49283 L   17 
 0.85229 -0.26261 -1.00228 B   18 
 1.07544 -0.06048 -1.06304 D   18 
 0.62982 -0.25076 -1.25941 B   19 
 0.89758 -0.12580 -1.38714 N   19 
 0.38396 -0.34659 -1.14010 B   20 
 0.26024 -0.71280 -0.92611 Y   20 
 0.14139 -0.34788 -1.35893 B   21 
-0.09309 -0.75458 -1.28705 R   21 
 0.30184 -0.06800 -1.46768 B   22 
 0.41538  0.04511 -1.18603 B   23 
-0.04825  0.12376 -1.17333 Y   23 
 0.62418  0.24185 -1.08668 B   24 
 0.69802  0.42235 -1.21655 S   24 
 0.79093  0.28174 -0.80026 B   25 
 1.04734  0.13823 -0.68972 L   25 
 0.69850  0.58034 -0.74476 B   26 
 0.40033  0.51287 -0.69767 B   27 
 0.30497  0.53615 -1.02058 N   27 
 0.43166  0.34015 -0.44454 B   28 
 0.30513 -0.03834 -0.64394 W   28 
 0.57709  0.55071 -0.27360 B   29 
 0.83557  0.54008 -0.29923 V   29 
 0.36369  0.76826 -0.29860 B   30 
 0.30750  0.96084 -0.49025 X   30 
 0.13439  0.61094 -0.16850 B   31 
 0.06489  0.46927 -0.31999 A   31 
 0.26497  0.54840  0.10493 B   32 
 0.40458  0.38793  0.07212 A   32 
 0.30297  0.84189  0.18515 B   33 
 0.50300  1.11642  0.21722 K   33 
-0.02310  0.92418  0.16646 B   34 
 0.11117  1.22244 -0.08260 F   34 
-0.13602  0.68132  0.34173 B   35 
-0.32403  0.53967  0.08007 E   35 
 0.11538  0.64814  0.59133 B   36 
 0.16020  0.43690  0.54137 S   36 
 0.39646  0.78410  0.59329 B   37 
 0.40990  1.05616  0.68313 N   37 
 0.56977  0.50953  0.61761 B   38 
 0.73924  0.71692  0.30288 F   38 
 0.36640  0.35681  0.82920 B   39 
 0.36189  0.45432  1.11353 N   39 
 0.30049  0.03180  0.93044 B   40 
 0.52427 -0.07725  0.91743 T   40 
 0.09972  0.12234  1.18826 B   41 
 0.34339  0.03886  1.49328 Q   41 
-0.11912  0.23720  1.02503 B   42 
-0.04986  0.41047  0.92568 A   42 
-0.45528  0.33931  1.12463 B   43 
-0.44736  0.15041  1.28003 T   43 
-0.79714  0.36065  0.97294 B   44 
-0.58842  0.61722  0.90539 N   44 
-1.10777  0.45524  1.01182 B   45 
-1.35776  0.14698  1.32731 R   45 
-1.40945  0.38450  0.85701 B   46 
-1.18450  0.30144  0.61241 N   46 
-1.73190  0.46261  0.79655 B   47 
-1.77509  0.69809  0.69938 T   47 
-1.79773  0.14054  0.73576 B   48 
-1.64967  0.07412  0.52599 D   48 
-1.60224  0.00648  0.98322 B   49 
-1.35644 -0.02412  0.87010 B   50 
-1.35348 -0.07407  0.62947 S   50 
-0.98770 -0.07396  0.81354 B   51 
-0.97864 -0.02025  1.08029 T   51 
-0.67804  0.06470  0.76737 B   52 
-0.79812  0.20804  0.47935 D   52 
-0.35572 -0.09591  0.68381 B   53 
-0.63222 -0.29023  1.02516 Y   53 
-0.05735  0.02613  0.68121 B   54 
 0.15339  0.15037  0.42706 B   55 
 0.41958  0.09569  0.41809 I   55 
-0.12357  0.08630  0.21968 B   56 
 0.09244  0.01972 -0.00883 L   56 
-0.40308  0.08743  0.33921 B   57 
-0.38183  0.34119  0.57292 Q   57 
-0.53956 -0.18765  0.39311 B   58 
-0.36291 -0.37475  0.22031 I   58 
-0.85842 -0.31602  0.37997 B   59 
-1.11444 -0.15339  0.35139 N   59 
-1.09464 -0.50415  0.58914 B   60 
-1.10313 -0.39325  0.78955 S   60 
-1.33637 -0.56817  0.38029 B   61 
-1.68388 -0.32994  0.46451 R   61 
-1.12841 -0.73494  0.16390 B   62 
-1.43559 -0.51603 -0.09218 W   62 
-0.81146 -0.82098  0.26527 B   63 
-0.81723 -0.61464 -0.12126 W   63 
-0.84707 -0.83048  0.58862 B   64 
-0.65648 -0.66611  0.65437 X   64 
-0.85047 -0.94721  0.93045 B   65 
-1.04770 -1.14852  1.02424 N   65 
-0.99412 -0.78272  1.24807 B   66 
-1.06330 -0.54899  1.13292 D   66 
-1.27833 -0.88716  1.38463 B   67 
-1.46470 -0.58674  1.30344 B   68 
-1.21097 -0.22798  1.48080 R   68 
-1.57822 -0.65995  0.98948 B   69 
-1.41019 -0.48925  0.90082 T   69 
-1.85348 -0.68681  0.85160 B   70 
-1.94292 -0.57760  1.01235 P   70 
-1.84609 -0.85065  0.55426 B   71 
-1.57302 -0.96718  0.51856 B   72 
-1.43903 -0.90164  0.70355 S   72 
-1.29930 -1.12954  0.30774 B   73 
-1.51400 -1.19738  0.03029 R   73 
-0.98621 -1.18563  0.30843 B   74 
-0.84996 -1.26037  0.54039 N   74 
-0.81059 -1.20862  0.02625 B   75 
-1.05203 -1.09160 -0.15480 L   75 
-0.50889 -1.22257  0.16550 B   76 
-0.44240 -0.94495  0.04302 X   76 
-0.51403 -1.40667  0.40221 B   77 
-0.57571 -1.67244  0.40121 N   77 
-0.50107 -1.19356  0.66742 B   78 
-0.22573 -1.14975  0.57281 I   78 
-0.40986 -1.03927  0.92905 B   79 
-0.34695 -1.20816  1.03486 P   79 
-0.40496 -0.70652  0.96234 B   80 
-0.70241 -0.63462  0.88405 X   80 
-0.14968 -0.70312  1.15131 B   81 
-0.21947 -0.85033  1.32716 S   81 
 0.05544 -0.79485  0.93226 B   82 
 0.00020 -0.99260  0.88579 A   82 
 0.03484 -0.49494  0.80019 B   83 
-0.19243 -0.56866  0.57649 L   83 
 0.22805 -0.37675  1.06118 B   84 
-0.06760 -0.27362  1.16222 L   84 
 0.48575 -0.47553  1.00686 B   85 
 0.57110 -0.71874  1.03367 S   85 
 0.82375 -0.43153  0.93162 B   86 
 0.95002 -0.46790  1.13185 S   86 
 0.74376 -0.65431  0.73713 B   87 
 0.86614 -0.90993  0.66545 D   87 
 0.62195 -0.59461  0.40305 B   88 
 0.73977 -0.36772  0.32352 I   88 
 0.54066 -0.86031  0.26561 B   89 
 0.73561 -1.03607  0.30536 T   89 
 0.23351 -0.86311  0.31459 B   90 
 0.20674 -0.92512  0.52118 A   90 
 0.16284 -0.59179  0.17834 B   91 
 0.17857 -0.42143  0.39293 S   91 
 0.27813 -0.65677 -0.09781 B   92 
 0.53527 -0.60848 -0.11412 V   92 
 0.11778 -0.90882 -0.16798 B   93 
 0.34267 -1.14022 -0.07275 N   93 
-0.15091 -0.75960 -0.13578 B   94 
-0.32319 -0.74656  0.09080 X   94 
-0.10390 -0.52741 -0.33410 B   95 
 0.03227 -0.39230 -0.23638 A   95 
-0.07492 -0.70449 -0.58553 B   96 
 0.36795 -0.84674 -0.56236 K   96 
-0.37506 -0.78749 -0.57346 B   97 
-0.41211 -1.10840 -0.36375 K   97 
-0.50681 -0.50847 -0.58330 B   98 
-0.51351 -0.40332 -0.29161 I   98 
-0.38094 -0.40076 -0.85811 B   99 
-0.16110 -0.32677 -0.86090 V   99 
-0.51351 -0.66822 -1.00951 B   100 
-0.28223 -0.78927 -0.98334 S   100 
-0.83693 -0.60844 -0.97886 B   101 
-0.99028 -0.61297 -0.74678 D   101 
-0.87798 -0.34169 -1.22301 B   102 
-0.81073 -0.02865 -1.10165 B   103 
-1.12855 -0.02812 -1.03640 N   103 
-0.55404 -0.04387 -0.99718 B   104 
-0.42633  0.23169 -0.81614 B   105 
-0.03468  0.23364 -0.79603 M   105 
-0.72070  0.34823 -0.75988 B   106 
-0.74055  0.45678 -1.07164 N   106 
-0.75201  0.19790 -0.48582 B   107 
-0.72873 -0.00284 -0.53967 A   107 
-0.57463  0.44805 -0.40562 B   108 
-0.31316  0.07258 -0.31134 W   108 
-0.68171  0.74808 -0.31278 B   109 
-0.90777  0.73715 -0.19305 V   109 
-0.40688  0.89255 -0.27319 B   110 
-0.34779  0.84995 -0.07150 A   110 
-0.29496  0.82788 -0.54893 B   111 
-0.18097  0.59727 -0.84122 W   111 
-0.51741  0.95338 -0.72474 B   112 
-0.93218  0.87460 -0.71578 R   112 
-0.51651  1.24831 -0.56944 B   113 
-0.82190  1.20320 -0.46941 N   113 
-0.16182  1.26497 -0.54513 B   114 
-0.21330  1.39407 -0.06237 R   114 
-0.01321  1.08322 -0.79004 B   115 
 0.07576  0.93084 -0.52461 X   115 
-0.17048  1.09241 -1.02974 B   116 
-0.49714  0.84798 -1.20758 K   116 
-0.00860  1.26422 -1.29532 B   117 
 0.25949  1.27632 -1.16505 B   118 
 0.18504  1.34885 -0.92717 T   118 
 0.60077  1.29540 -1.06502 B   119 
 0.83402  1.38136 -1.20785 D   119 
 0.68604  0.99303 -0.93180 B   120 
 0.47159  0.87622 -0.98502 V   120 
 0.99715  0.98549 -0.96685 B   121 
 1.03225  0.96009 -1.38118 Q   121 
 1.05843  1.17706 -0.72486 B   122 
 0.97100  1.35707 -0.77874 A   122 
 1.03314  0.93440 -0.50757 B   123 
 0.67204  1.10913 -0.35726 W   123 
 1.33810  0.81290 -0.61674 B   124 
 1.22519  0.60602 -0.74605 I   124 
 1.52460  1.01887 -0.57165 B   125 
 1.33351  1.29845 -0.96369 R   125 
 1.85251  0.93851 -0.46382 B   126 
 1.81821  0.64149 -0.50757 B   127 
 1.55508  0.65723 -0.32076 X   127 
 1.97482  0.31416 -0.47128 B   128 
 2.30569  0.25124 -0.69720 R   128 
 1.88915  0.10902 -0.77561 B   129 
 1.66190  0.17218 -0.66673 L   129 
