246 
-1.26298 -0.12891  0.41854 B   1 
-1.26624 -0.53728  0.51582 K   1 
-1.17881 -0.17391  0.76389 B   2 
-1.19746  0.06931  0.85143 V   2 
-0.90950 -0.29177  0.89335 B   3 
-0.84649 -0.54107  0.54436 F   3 
-0.74415 -0.47570  1.09043 B   4 
-0.44296 -0.53599  1.18211 B   5 
-0.18621 -0.45481  1.52430 R   5 
-0.44031 -0.85464  1.20050 B   6 
-0.36029 -0.88926  1.50178 X   6 
-0.60980 -0.88114  0.94131 B   7 
-0.98834 -0.79849  0.89357 E   7 
-0.41164 -0.75305  0.74116 B   8 
-0.40826 -0.46527  0.63498 L   8 
-0.16528 -0.92459  0.79877 B   9 
-0.09136 -0.86256  0.99332 A   9 
-0.29213 -1.18747  0.70773 B   10 
-0.43258 -1.24472  0.86529 A   10 
-0.35387 -1.10230  0.41605 B   11 
-0.54055 -0.99252  0.42345 A   11 
-0.06786 -1.01149  0.33920 B   12 
-0.05339 -0.59367  0.43828 M   12 
 0.05475 -1.28567  0.38663 B   13 
 0.20504 -1.48239  0.74288 K   13 
-0.10894 -1.46358  0.20050 B   14 
-0.55826 -1.46757  0.13204 R   14 
-0.01347 -1.26419 -0.04428 B   15 
-0.38191 -1.14697 -0.09016 H   15 
 0.32029 -1.24625  0.01705 B   16 
 0.45107 -0.98185  0.18044 B   17 
 0.24692 -0.75889  0.06271 L   17 
 0.62758 -1.13070  0.35719 B   18 
 0.63503 -1.20779  0.65442 D   18 
 0.94308 -1.04190  0.26593 B   19 
 0.98944 -1.21843  0.53109 N   19 
 0.90083 -0.86859  0.03779 B   20 
 0.69770 -0.90681 -0.35270 Y   20 
 1.18549 -0.75898 -0.07916 B   21 
 1.14716 -0.78359 -0.55189 R   21 
 1.26772 -0.76131  0.25120 B   22 
 0.97988 -0.68953  0.38161 B   23 
 1.12981 -0.28962  0.18440 Y   23 
 0.84139 -0.70480  0.65136 B   24 
 0.96015 -0.70394  0.85334 S   24 
 0.52291 -0.71261  0.75107 B   25 
 0.31802 -0.94993  0.76695 L   25 
 0.53667 -0.45730  0.93927 B   26 
 0.58265 -0.25282  0.71179 B   27 
 0.91931 -0.27625  0.70753 N   27 
 0.31475 -0.28762  0.56379 B   28 
 0.49839 -0.46981  0.20032 W   28 
 0.13167 -0.22300  0.80256 B   29 
 0.06939 -0.43368  0.94154 V   29 
 0.25104  0.05179  0.86368 B   30 
 0.47187  0.13723  1.00828 X   30 
 0.18596  0.18188  0.59333 B   31 
 0.33399  0.10461  0.45203 A   31 
-0.12057  0.14004  0.58975 B   32 
-0.15475 -0.06640  0.53946 A   32 
-0.17349  0.30186  0.84477 B   33 
-0.23685  0.31394  1.17980 K   33 
-0.03898  0.58884  0.73082 B   34 
 0.18549  0.56936  1.07469 F   34 
-0.19479  0.59816  0.45137 B   35 
 0.09545  0.57371  0.25377 E   35 
-0.51527  0.47299  0.54209 B   36 
-0.50820  0.30438  0.39838 S   36 
-0.59348  0.33618  0.81164 B   37 
-0.64987  0.50792  1.03434 N   37 
-0.70577  0.05979  0.68119 B   38 
-0.44211 -0.05919  0.97634 F   38 
-0.85518  0.20023  0.42156 B   39 
-1.10854  0.35379  0.47253 N   39 
-0.96681  0.10314  0.10797 B   40 
-1.04115 -0.13184  0.14540 T   40 
-1.13161  0.39280  0.04536 B   41 
-1.50741  0.26411  0.08521 Q   41 
-0.89309  0.56790  0.03198 B   42 
-0.80228  0.57848  0.22260 A   42 
-0.86374  0.91344 -0.08242 B   43 
-1.03429  0.85446 -0.24773 T   43 
-0.60664  1.13363 -0.24289 B   44 
-0.58164  1.09555  0.09160 N   44 
-0.52968  1.43515 -0.34344 B   45 
-0.77951  1.55925 -0.76680 R   45 
-0.29377  1.57247 -0.55668 B   46 
-0.14844  1.27309 -0.47557 N   46 
-0.12181  1.84031 -0.66812 B   47 
 0.01131  1.97164 -0.48981 T   47 
-0.08131  1.69023 -0.96408 B   48 
 0.05866  1.47019 -0.91578 D   48 
-0.39333  1.55051 -0.98749 B   49 
-0.37183  1.30885 -0.86386 B   50 
-0.15327  1.19770 -0.88071 S   50 
-0.44604  0.98222 -0.69221 B   51 
-0.69258  1.09515 -0.66796 T   51 
-0.48824  0.80902 -0.39986 B   52 
-0.16192  0.88303 -0.32263 D   52 
-0.53499  0.44677 -0.34280 B   53 
-0.78684  0.66321 -0.68987 Y   53 
-0.61626  0.28754 -0.07454 B   54 
-0.43278  0.11130  0.16982 B   55 
-0.51841 -0.12418  0.27538 I   55 
-0.15496  0.21587 -0.01912 B   56 
-0.01980 -0.06213  0.06900 L   56 
-0.17486  0.46885 -0.18652 B   57 
-0.37078  0.67291  0.01206 Q   57 
-0.21302  0.43720 -0.49433 B   58 
-0.13138  0.14064 -0.53258 I   58 
-0.11100  0.60313 -0.77784 B   59 
 0.01924  0.87844 -0.78547 N   59 
-0.25153  0.74794 -1.08481 B   60 
-0.42338  0.88372 -1.01722 S   60 
 0.01608  0.82531 -1.25376 B   61 
 0.07969  1.25017 -1.26127 R   61 
 0.13067  0.50166 -1.25362 B   62 
 0.49755  0.77052 -1.22248 W   62 
-0.07875  0.24734 -1.15562 B   63 
 0.30970  0.23656 -0.95313 W   63 
-0.37110  0.37798 -1.21372 B   64 
-0.47595  0.34716 -0.97766 X   64 
-0.70406  0.43063 -1.34354 B   65 
-0.75088  0.49964 -1.62861 N   65 
-0.93492  0.73832 -1.31887 B   66 
-0.77662  0.88233 -1.15493 D   66 
-0.98173  0.94174 -1.57726 B   67 
-0.80880  1.22328 -1.42758 B   68 
-1.01597  1.29052 -1.00675 R   68 
-0.48597  1.16285 -1.52217 B   69 
-0.43798  1.10065 -1.27914 T   69 
-0.26942  1.31028 -1.68609 B   70 
-0.37768  1.49318 -1.66168 P   70 
-0.01266  1.11318 -1.78873 B   71 
-0.08284  0.82899 -1.72761 B   72 
-0.29247  0.82617 -1.61575 S   72 
 0.00542  0.45978 -1.68740 B   73 
 0.32796  0.49140 -1.83788 R   73 
-0.10486  0.19118 -1.55754 B   74 
-0.37585  0.12426 -1.56406 N   74 
 0.09902 -0.04994 -1.45128 B   75 
 0.36192  0.13751 -1.47392 L   75 
-0.13234 -0.23974 -1.30616 B   76 
-0.00660 -0.17666 -1.02919 X   76 
-0.37421 -0.25874 -1.48247 B   77 
-0.38444 -0.36045 -1.73544 N   77 
-0.60173 -0.06042 -1.32491 B   78 
-0.59848 -0.27679 -1.12526 I   78 
-0.85859  0.04451 -1.17134 B   79 
-0.99841 -0.06174 -1.28465 P   79 
-0.85201  0.23752 -0.89829 B   80 
-0.67231  0.47693 -0.99910 X   80 
-1.11264  0.10938 -0.76966 B   81 
-1.27185  0.13949 -0.94632 S   81 
-0.98574 -0.17118 -0.70922 B   82 
-0.94744 -0.25517 -0.89841 A   82 
-0.81974 -0.03284 -0.46200 B   83 
-0.54411  0.02315 -0.62940 L   83 
-1.11383 -0.02563 -0.28069 B   84 
-1.09903  0.29023 -0.37163 L   84 
-1.15940 -0.29453 -0.21190 B   85 
-1.24138 -0.48586 -0.36626 S   85 
-1.19489 -0.55180  0.02133 B   86 
-1.42832 -0.60045  0.04369 S   86 
-1.01272 -0.68083 -0.18849 B   87 
-1.01607 -0.94034 -0.32302 D   87 
-0.65259 -0.66765 -0.17665 B   88 
-0.58998 -0.65734  0.08347 I   88 
-0.52853 -0.80040 -0.42781 B   89 
-0.65069 -1.03291 -0.46634 T   89 
-0.47370 -0.55241 -0.60737 B   90 
-0.66579 -0.49708 -0.69271 A   90 
-0.29069 -0.39342 -0.41141 B   91 
-0.47676 -0.23809 -0.28267 S   91 
-0.07759 -0.61014 -0.37414 B   92 
-0.14118 -0.78382 -0.18837 V   92 
 0.01108 -0.65264 -0.66482 B   93 
-0.17951 -0.92020 -0.73744 N   93 
 0.08696 -0.35472 -0.69628 B   94 
-0.06711 -0.14041 -0.80364 X   94 
 0.28477 -0.32775 -0.46051 B   95 
 0.16442 -0.32283 -0.28208 A   95 
 0.48985 -0.53315 -0.56618 B   96 
 0.30563 -0.94068 -0.43625 K   96 
 0.56745 -0.34763 -0.80425 B   97 
 0.34519 -0.42778 -1.10840 K   97 
 0.65304 -0.09541 -0.64813 B   98 
 0.39440  0.06654 -0.59280 I   98 
 0.88185 -0.22344 -0.46314 B   99 
 0.82089 -0.34993 -0.27849 V   99 
 1.03565 -0.32296 -0.74327 B   100 
 0.92072 -0.55712 -0.71516 S   100 
 1.12040 -0.03391 -0.87885 B   101 
 0.95288  0.15810 -0.99051 D   101 
 1.39422  0.06372 -0.65988 B   102 
 1.29544  0.22809 -0.37621 B   103 
 1.33892  0.49152 -0.56056 N   103 
 1.11132  0.06003 -0.25419 B   104 
 0.93230  0.17774  0.02709 B   105 
 0.78486 -0.11156  0.24700 M   105 
 0.99023  0.48502 -0.04791 B   106 
 1.30169  0.45559  0.05930 N   106 
 0.72597  0.51728 -0.21469 B   107 
 0.74500  0.36956 -0.36151 A   107 
 0.62208  0.54917  0.08307 B   108 
 0.40330  0.17320 -0.08728 W   108 
 0.60584  0.82896  0.26071 B   109 
 0.56673  1.03473  0.11343 V   109 
 0.49543  0.71431  0.53022 B   110 
 0.28198  0.71367  0.50955 A   110 
 0.70930  0.50046  0.56581 B   111 
 0.91835  0.18694  0.46777 W   111 
 0.96204  0.67999  0.56033 B   112 
 1.08078  0.95380  0.26158 R   112 
 0.85115  0.89605  0.78863 B   113 
 0.85256  1.13631  0.57052 N   113 
 0.71367  0.64440  0.99946 B   114 
 0.29359  0.91805  1.03140 R   114 
 0.87273  0.34783  0.95659 B   115 
 0.57675  0.28477  0.85656 X   115 
 1.15013  0.39153  0.89816 B   116 
 1.39528  0.44320  0.53032 K   116 
 1.36603  0.27503  1.15520 B   117 
 1.15722  0.12225  1.30368 B   118 
 0.96743  0.29930  1.29915 T   118 
 0.95349 -0.09237  1.50185 B   119 
 1.02075 -0.26954  1.71699 D   119 
 0.76485 -0.28077  1.28887 B   120 
 0.87143 -0.20111  1.07731 V   120 
 0.69445 -0.53284  1.46086 B   121 
 1.06807 -0.71319  1.49851 Q   121 
 0.47024 -0.39102  1.63008 B   122 
 0.57079 -0.24247  1.73388 A   122 
 0.24626 -0.43393  1.39613 B   123 
 0.24490 -0.01189  1.32262 W   123 
 0.23385 -0.76983  1.47796 B   124 
 0.36766 -0.84305  1.25660 I   124 
 0.15462 -0.78132  1.74783 B   125 
 0.61788 -0.61251  1.90682 R   125 
-0.06379 -1.03860  1.85607 B   126 
-0.04666 -1.19291  1.59681 B   127 
-0.13326 -0.92156  1.44433 X   127 
-0.17092 -1.48201  1.41250 B   128 
-0.07555 -1.84424  1.56796 R   128 
 0.11811 -1.63389  1.22426 B   129 
 0.09833 -1.38957  1.13821 L   129 
