246 
-0.30660 -1.29513  0.12470 B   1 
 0.00286 -1.41908  0.37988 K   1 
-0.41176 -1.27134  0.46639 B   2 
-0.66685 -1.23602  0.43727 V   2 
-0.32095 -1.06201  0.69247 B   3 
 0.06796 -1.02271  0.50506 F   3 
-0.22247 -0.97828  0.98110 B   4 
-0.15857 -0.71834  1.15747 B   5 
-0.34112 -0.49580  1.48420 R   5 
 0.11035 -0.80265  1.30731 B   6 
 0.01575 -0.77436  1.60501 X   6 
 0.22267 -0.93807  1.05108 B   7 
 0.10526 -1.27168  0.88579 E   7 
 0.23907 -0.68887  0.86842 B   8 
 0.03854 -0.59562  0.65583 L   8 
 0.40558 -0.50640  1.04847 B   9 
 0.27513 -0.44451  1.21068 A   9 
 0.65338 -0.68550  1.04857 B   10 
 0.60538 -0.85527  1.17780 A   10 
 0.70288 -0.68416  0.74248 B   11 
 0.57072 -0.83439  0.65929 A   11 
 0.71049 -0.37685  0.70424 B   12 
 0.30425 -0.26511  0.62011 M   12 
 0.94880 -0.33852  0.88917 B   13 
 0.98227 -0.29317  1.31931 K   13 
 1.16004 -0.51799  0.76166 B   14 
 1.11484 -0.93951  0.59775 R   14 
 1.11672 -0.34222  0.48594 B   15 
 0.97020 -0.65726  0.31022 H   15 
 1.13245 -0.02650  0.61064 B   16 
 0.85064  0.14739  0.67433 B   17 
 0.67471  0.02666  0.42996 L   17 
 0.93000  0.25371  0.93309 B   18 
 0.86122  0.20192  1.22793 D   18 
 0.95127  0.59052  0.88996 B   19 
 0.99066  0.55371  1.20733 N   19 
 0.89834  0.62562  0.60742 B   20 
 1.07541  0.47195  0.23293 Y   20 
 0.90786  0.94181  0.52582 B   21 
 1.14047  0.95985  0.11214 R   21 
 0.77219  0.97700  0.83607 B   22 
 0.59824  0.70411  0.85299 B   23 
 0.36843  0.97890  0.54806 Y   23 
 0.46235  0.53282  1.06363 B   24 
 0.38964  0.62037  1.26844 S   24 
 0.36626  0.21354  1.07964 B   25 
 0.52860 -0.04720  1.14459 L   25 
 0.06002  0.26999  1.14143 B   26 
-0.00455  0.39757  0.86715 B   27 
 0.07790  0.71359  0.95224 N   27 
 0.04612  0.15152  0.68889 B   28 
 0.40491  0.32576  0.48905 W   28 
-0.15289 -0.03719  0.82850 B   29 
-0.04501 -0.17053  1.02386 V   29 
-0.39857  0.14179  0.79541 B   30 
-0.50009  0.35673  0.93850 X   30 
-0.39855  0.14909  0.48850 B   31 
-0.23978  0.28834  0.43150 A   31 
-0.41528 -0.15443  0.43087 B   32 
-0.21877 -0.23529  0.46492 A   32 
-0.68301 -0.19511  0.57471 B   33 
-0.85937 -0.29582  0.84886 K   33 
-0.85584  0.02423  0.38641 B   34 
-0.95743  0.18903  0.74908 F   34 
-0.76286 -0.08600  0.10065 B   35 
-0.59862  0.21042  0.00556 E   35 
-0.75315 -0.43714  0.15731 B   36 
-0.53907 -0.45648  0.10325 S   36 
-0.77256 -0.58302  0.43269 B   37 
-1.03462 -0.62021  0.54320 N   37 
-0.49224 -0.74669  0.40726 B   38 
-0.47789 -0.56451  0.77791 F   38 
-0.52121 -0.81862  0.08564 B   39 
-0.72343 -1.02661  0.00676 N   39 
-0.31211 -0.91043 -0.17528 B   40 
-0.13844 -1.04859 -0.06175 T   40 
-0.56441 -0.98301 -0.38990 B   41 
-0.53806 -1.38136 -0.38940 Q   41 
-0.66781 -0.70696 -0.41877 B   42 
-0.74872 -0.64207 -0.23456 A   42 
-0.91011 -0.57252 -0.65661 B   43 
-0.81305 -0.72971 -0.81712 T   43 
-0.98153 -0.24772 -0.82907 B   44 
-1.09827 -0.27723 -0.51369 N   44 
-1.18345 -0.08125 -1.02518 B   45 
-1.14063 -0.23227 -1.50727 R   45 
-1.16230  0.20816 -1.21432 B   46 
-0.91357  0.25718 -0.98397 N   46 
-1.31296  0.45790 -1.38363 B   47 
-1.48557  0.59682 -1.25071 T   47 
-1.03877  0.49512 -1.57122 B   48 
-0.84482  0.56428 -1.40407 D   48 
-0.96227  0.16298 -1.60668 B   49 
-0.80544  0.10347 -1.39218 B   50 
-0.66203  0.28501 -1.30924 S   50 
-0.61400 -0.07624 -1.12253 B   51 
-0.76736 -0.28501 -1.20628 T   51 
-0.60587 -0.20031 -0.80348 B   52 
-0.64753  0.12110 -0.68999 D   52 
-0.32570 -0.34839 -0.61308 B   53 
-0.39870 -0.48674 -1.06725 Y   53 
-0.32558 -0.50298 -0.33019 B   54 
-0.25236 -0.40600  0.00097 B   55 
-0.11169 -0.56391  0.17187 I   55 
-0.20647 -0.08837 -0.14332 B   56 
 0.01863 -0.04432  0.08186 L   56 
-0.35266 -0.01866 -0.40058 B   57 
-0.65661 -0.17747 -0.35750 Q   57 
-0.18998 -0.02367 -0.66650 B   58 
 0.09998 -0.01931 -0.55706 I   58 
-0.18520  0.15449 -0.96071 B   59 
-0.39768  0.35290 -1.05181 N   59 
-0.19455  0.09834 -1.32362 B   60 
-0.37442 -0.03862 -1.36134 S   60 
-0.13606  0.39642 -1.44140 B   61 
-0.49048  0.57078 -1.61050 R   61 
 0.16563  0.42011 -1.27922 B   62 
-0.01688  0.83789 -1.27803 W   62 
 0.30404  0.13990 -1.13614 B   63 
 0.28939  0.48201 -0.86271 W   63 
 0.16509 -0.09729 -1.31034 B   64 
 0.06426 -0.23620 -1.11488 X   64 
 0.11975 -0.38467 -1.52445 B   65 
 0.18292 -0.37422 -1.81448 N   65 
-0.20027 -0.52689 -1.68549 B   66 
-0.37277 -0.35869 -1.56457 D   66 
-0.26623 -0.48425 -2.00824 B   67 
-0.54908 -0.26377 -1.95384 B   68 
-0.83864 -0.49837 -1.66117 R   68 
-0.39527  0.04092 -1.93584 B   69 
-0.44474  0.03884 -1.68528 T   69 
-0.40911  0.30814 -2.09045 B   70 
-0.59866  0.25001 -2.17083 P   70 
-0.14460  0.51451 -2.03795 B   71 
 0.06165  0.36421 -1.88209 B   72 
-0.02494  0.14868 -1.83194 S   72 
 0.37975  0.34548 -1.67188 B   73 
 0.47929  0.68153 -1.74145 R   73 
 0.53359  0.15210 -1.47160 B   74 
 0.54635 -0.12372 -1.51300 N   74 
 0.73054  0.26924 -1.22977 B   75 
 0.62503  0.57306 -1.26620 L   75 
 0.78723 -0.02092 -1.07744 B   76 
 0.62711  0.08009 -0.83115 X   76 
 0.84187 -0.23424 -1.28105 B   77 
 1.04513 -0.23823 -1.46301 N   77 
 0.55620 -0.41946 -1.27898 B   78 
 0.65273 -0.49955 -1.01261 I   78 
 0.34829 -0.65696 -1.24831 B   79 
 0.46793 -0.80405 -1.33623 P   79 
 0.05577 -0.63486 -1.08770 B   80 
-0.07370 -0.38665 -1.23399 X   80 
 0.06126 -0.93450 -0.98247 B   81 
 0.08814 -1.05579 -1.18749 S   81 
 0.29987 -0.89545 -0.78245 B   82 
 0.46698 -0.85662 -0.90445 A   82 
 0.09525 -0.73216 -0.58426 B   83 
 0.17303 -0.43228 -0.68987 L   83 
-0.04718 -1.03472 -0.49717 B   84 
-0.27709 -0.92509 -0.70543 L   84 
 0.14665 -1.15845 -0.33518 B   85 
 0.36950 -1.26751 -0.41002 S   85 
 0.25632 -1.29074 -0.03135 B   86 
 0.24659 -1.52958 -0.04621 S   86 
 0.49778 -1.12372 -0.11887 B   87 
 0.78478 -1.17829 -0.12936 D   87 
 0.54518 -0.77765 -0.02943 B   88 
 0.42742 -0.74877  0.20928 I   88 
 0.79857 -0.66179 -0.16532 B   89 
 0.99660 -0.83516 -0.13072 T   89 
 0.67566 -0.52042 -0.41363 B   90 
 0.63264 -0.67825 -0.55674 A   90 
 0.47978 -0.32878 -0.26506 B   91 
 0.25216 -0.48206 -0.26061 S   91 
 0.68900 -0.18743 -0.09180 B   92 
 0.74289 -0.31828  0.12887 V   92 
 0.87585 -0.07634 -0.30839 B   93 
 1.10785 -0.31997 -0.30513 N   93 
 0.64500  0.07920 -0.44261 B   94 
 0.48075  0.00269 -0.66251 X   94 
 0.54812  0.24484 -0.20048 B   95 
 0.44005  0.10805 -0.07417 A   95 
 0.81201  0.40002 -0.15930 B   96 
 1.07336  0.09916  0.08169 K   96 
 0.77445  0.55417 -0.42753 B   97 
 0.94472  0.35992 -0.71321 K   97 
 0.49853  0.68259 -0.37574 B   98 
 0.28606  0.47123 -0.45553 I   98 
 0.56532  0.84334 -0.10618 B   99 
 0.57919  0.72766  0.09442 V   99 
 0.80850  1.00018 -0.27440 B   100 
 0.97852  0.82466 -0.17891 S   100 
 0.63497  1.17533 -0.49422 B   101 
 0.48969  1.08060 -0.71175 D   101 
 0.49802  1.43449 -0.27851 B   102 
 0.20667  1.34696 -0.12135 B   103 
 0.07053  1.48219 -0.38298 N   103 
 0.26356  1.11069  0.01272 B   104 
-0.00046  0.93443  0.16842 B   105 
 0.12319  0.68839  0.44765 M   105 
-0.22257  1.08093 -0.01215 B   106 
-0.19082  1.35685  0.16737 N   106 
-0.22088  0.85857 -0.23405 B   107 
-0.02137  0.85661 -0.29676 A   107 
-0.40449  0.72921 -0.01039 B   108 
-0.03824  0.44256 -0.05427 W   108 
-0.73250  0.76486  0.02486 B   109 
-0.85038  0.80110 -0.19952 V   109 
-0.77690  0.59409  0.28339 B   110 
-0.80493  0.39264  0.21541 A   110 
-0.56926  0.73715  0.45416 B   111 
-0.21423  0.86649  0.54812 W   111 
-0.67762  1.02694  0.43370 B   112 
-0.75657  1.25164  0.08499 R   112 
-0.99052  0.94870  0.51783 B   113 
-1.09846  1.04197  0.22637 N   113 
-0.89362  0.72334  0.77571 B   114 
-1.22121  0.39035  0.59084 R   114 
-0.58768  0.80226  0.89928 B   115 
-0.53960  0.51569  0.76832 X   115 
-0.54917  1.08647  0.89487 B   116 
-0.38062  1.38202  0.60796 K   116 
-0.52793  1.22861  1.21983 B   117 
-0.50093  0.96937  1.36494 B   118 
-0.68662  0.83555  1.24246 T   118 
-0.44221  0.69217  1.58069 B   119 
-0.37546  0.68163  1.85932 D   119 
-0.21392  0.48955  1.42814 B   120 
-0.16652  0.63989  1.23419 V   120 
-0.08676  0.33321  1.66786 B   121 
 0.11935  0.63753  1.86394 Q   121 
-0.32811  0.13467  1.70452 B   122 
-0.48713  0.25667  1.75720 A   122 
-0.22290 -0.06044  1.46451 B   123 
-0.55603  0.05965  1.22340 W   123 
 0.02906 -0.17193  1.67370 B   124 
 0.21871 -0.03483  1.54139 I   124 
-0.09959 -0.28561  1.89679 B   125 
-0.23690  0.18120  2.07460 R   125 
 0.03507 -0.57651  2.04796 B   126 
 0.29183 -0.56748  1.88887 B   127 
 0.11087 -0.55857  1.62137 X   127 
 0.60591 -0.73898  1.81865 B   128 
 0.86604 -0.76399  2.12878 R   128 
 0.87636 -0.47870  1.78471 B   129 
 0.70019 -0.42170  1.60249 L   129 
