246 
 0.91822  0.28846  0.92768 B   1 
 0.79530  0.02997  1.23479 K   1 
 1.09075 -0.02448  0.90168 B   2 
 1.27611  0.03531  0.73070 V   2 
 0.97829 -0.31114  0.81026 B   3 
 0.58449 -0.20832  0.95948 F   3 
 0.93833 -0.62376  0.83639 B   4 
 0.80937 -0.87283  0.68116 B   5 
 0.94501 -1.21354  0.44640 R   5 
 0.67072 -1.03578  0.91803 B   6 
 0.81983 -1.31001  0.88751 X   6 
 0.57082 -0.77426  1.05309 B   7 
 0.78296 -0.50664  1.24224 E   7 
 0.38422 -0.67247  0.82826 B   8 
 0.44415 -0.46377  0.61156 L   8 
 0.20916 -0.92058  0.79311 B   9 
 0.33302 -1.06982  0.69543 A   9 
 0.09143 -0.91213  1.07516 B   10 
 0.25036 -0.97997  1.20920 A   10 
-0.03719 -0.63068  1.05558 B   11 
 0.12137 -0.48884  1.09677 A   11 
-0.20369 -0.68023  0.79911 B   12 
 0.05379 -0.56450  0.47521 M   12 
-0.36666 -0.90511  0.92291 B   13 
-0.29401 -1.33055  0.96674 K   13 
-0.49028 -0.76968  1.16677 B   14 
-0.29471 -0.49105  1.46795 R   14 
-0.61832 -0.54972  0.95698 B   15 
-0.39413 -0.27254  1.11351 H   15 
-0.74928 -0.75726  0.72191 B   16 
-0.58278 -0.81911  0.43528 B   17 
-0.44824 -0.52550  0.40465 L   17 
-0.62643 -1.10651  0.42797 B   18 
-0.46055 -1.36026  0.47735 D   18 
-0.81995 -1.16179  0.15365 B   19 
-0.74433 -1.45877  0.25219 N   19 
-0.87363 -0.89509  0.05437 B   20 
-1.05180 -0.52717  0.22200 Y   20 
-1.05836 -0.90632 -0.21484 B   21 
-1.37703 -0.55764 -0.16552 R   21 
-0.87509 -1.18760 -0.27136 B   22 
-0.59392 -1.09999 -0.13617 B   23 
-0.62427 -0.84894 -0.53286 Y   23 
-0.33846 -1.23008 -0.03620 B   24 
-0.26266 -1.43623 -0.11779 S   24 
-0.09934 -1.14164  0.17928 B   25 
-0.08831 -1.15814  0.49259 L   25 
 0.14388 -1.16538 -0.02337 B   26 
 0.05722 -0.93004 -0.20442 B   27 
-0.14028 -1.11111 -0.40963 N   27 
 0.08421 -0.70183  0.00070 B   28 
-0.35381 -0.61940  0.01993 W   28 
 0.38008 -0.74947  0.07066 B   29 
 0.41130 -0.91559  0.26817 V   29 
 0.48673 -0.72698 -0.21502 B   30 
 0.50688 -0.90496 -0.42691 X   30 
 0.39587 -0.43826 -0.26631 B   31 
 0.18077 -0.44865 -0.30472 A   31 
 0.54079 -0.29744 -0.03202 B   32 
 0.42738 -0.33975  0.14591 A   32 
 0.82273 -0.37851 -0.12126 B   33 
 1.09540 -0.58153 -0.09227 K   33 
 0.80540 -0.23206 -0.42406 B   34 
 0.91244 -0.60425 -0.56202 F   34 
 0.70085  0.05367 -0.32467 B   35 
 0.39402  0.03523 -0.49614 E   35 
 0.87958  0.09497 -0.01979 B   36 
 0.69668  0.11632  0.10358 S   36 
 1.04484 -0.12258  0.13138 B   37 
 1.31092 -0.17397  0.03739 N   37 
 0.88549 -0.09954  0.41438 B   38 
 0.89053 -0.50312  0.32562 F   38 
 0.85290  0.22968  0.41103 B   39 
 1.09864  0.39483  0.46303 N   39 
 0.65050  0.46773  0.56134 B   40 
 0.60641  0.36964  0.78623 T   40 
 0.83321  0.73246  0.45403 B   41 
 1.00517  0.83722  0.79876 Q   41 
 0.77631  0.70088  0.16508 B   42 
 0.86404  0.52182  0.09482 A   42 
 0.84355  0.92902 -0.11201 B   43 
 0.79408  1.10836  0.04700 T   43 
 0.69569  1.01479 -0.44535 B   44 
 0.89621  0.74334 -0.43725 N   44 
 0.72587  1.18796 -0.72112 B   45 
 0.62675  1.67914 -0.64385 R   45 
 0.51395  1.28406 -0.97770 B   46 
 0.35011  1.01150 -0.85044 N   46 
 0.46894  1.40052 -1.29098 B   47 
 0.58189  1.26476 -1.47959 T   47 
 0.17090  1.52292 -1.20184 B   48 
 0.02456  1.31369 -1.13012 D   48 
 0.25900  1.63529 -0.89033 B   49 
 0.21933  1.42269 -0.72487 B   50 
 0.03618  1.27063 -0.78601 S   50 
 0.22516  1.18522 -0.43293 B   51 
 0.42952  1.34718 -0.35468 T   51 
 0.36948  0.91578 -0.27859 B   52 
 0.28000  0.72672 -0.55093 D   52 
 0.26407  0.73011  0.02321 B   53 
 0.26243  1.21038  0.03171 Y   53 
 0.41956  0.50463  0.19323 B   54 
 0.40612  0.15221  0.20104 B   55 
 0.41522  0.01063  0.43299 I   55 
 0.17280  0.19400 -0.05902 B   56 
 0.02943 -0.06842  0.05887 L   56 
 0.18656  0.44255 -0.23351 B   57 
 0.52717  0.49537 -0.25911 Q   57 
-0.02108  0.66909 -0.18095 B   58 
-0.23169  0.51657 -0.01226 I   58 
-0.19530  0.89801 -0.36955 B   59 
-0.14204  0.96466 -0.66201 N   59 
-0.26352  1.25877 -0.38150 B   60 
-0.05905  1.36173 -0.37032 S   60 
-0.49021  1.27875 -0.61465 B   61 
-0.33015  1.44922 -0.97510 R   61 
-0.70490  1.06902 -0.44791 B   62 
-0.75677  0.98299 -0.89261 W   62 
-0.64242  0.98781 -0.11982 B   63 
-0.71878  0.63711 -0.37120 W   63 
-0.46188  1.24089 -0.02356 B   64 
-0.25545  1.11051  0.06619 X   64 
-0.34566  1.53021  0.15886 B   65 
-0.48544  1.79170  0.14145 N   65 
-0.05789  1.77447  0.08074 B   66 
 0.03732  1.64201 -0.13387 D   66 
-0.11591  2.07931 -0.03773 B   67 
 0.02617  2.01363 -0.36496 B   68 
 0.46271  1.84849 -0.28313 R   68 
-0.24389  1.88750 -0.53223 B   69 
-0.13071  1.65885 -0.52021 T   69 
-0.40628  1.96274 -0.78416 B   70 
-0.24425  2.08601 -0.84987 P   70 
-0.71022  1.81278 -0.80516 B   71 
-0.76330  1.67258 -0.54642 B   72 
-0.57274  1.69858 -0.40686 S   72 
-0.95728  1.42633 -0.32857 B   73 
-1.22263  1.38345 -0.56400 R   73 
-0.93347  1.26451 -0.05576 B   74 
-0.82176  1.37749  0.17383 N   74 
-1.08436  0.97084 -0.01122 B   75 
-1.15517  0.93914 -0.32546 L   75 
-0.94688  0.89703  0.28249 B   76 
-0.79358  0.66226  0.14876 X   76 
-0.94629  1.13960  0.45886 B   77 
-1.16409  1.27967  0.54481 N   77 
-0.61961  1.23553  0.45897 B   78 
-0.58469  0.98936  0.61667 I   78 
-0.32366  1.30596  0.54854 B   79 
-0.37606  1.41004  0.72204 P   79 
-0.04697  1.19581  0.39634 B   80 
-0.10221  1.28740  0.09913 X   80 
 0.12404  1.17764  0.66339 B   81 
 0.10244  1.40078  0.74826 S   81 
-0.03524  0.93821  0.78899 B   82 
-0.22691  1.01563  0.82879 A   82 
 0.11089  0.73918  0.57255 B   83 
-0.12916  0.74397  0.35010 L   83 
 0.40040  0.76330  0.75968 B   84 
 0.47788  0.96821  0.51420 L   84 
 0.34641  0.61202  0.99059 B   85 
 0.19397  0.67629  1.19006 S   85 
 0.40650  0.34257  1.20420 B   86 
 0.52637  0.42393  1.39490 S   86 
 0.10090  0.33986  1.18278 B   87 
-0.11274  0.31765  1.38108 D   87 
-0.08101  0.15217  0.93440 B   88 
 0.07018 -0.06255  0.88222 I   88 
-0.38537  0.20739  0.95472 B   89 
-0.45492  0.18975  1.21030 T   89 
-0.42312  0.42393  0.73464 B   90 
-0.35158  0.60997  0.82131 A   90 
-0.31211  0.26267  0.49207 B   91 
-0.04826  0.33802  0.49729 S   91 
-0.50442  0.02529  0.51303 B   92 
-0.42260 -0.15662  0.68314 V   92 
-0.77443  0.16920  0.48958 B   93 
-0.84683  0.19499  0.81711 N   93 
-0.69741  0.29151  0.21642 B   94 
-0.58705  0.54785  0.15901 X   94 
-0.62898  0.03250  0.06253 B   95 
-0.43726 -0.03177  0.13643 A   95 
-0.91076 -0.09255  0.08199 B   96 
-0.91197 -0.28104  0.50786 K   96 
-1.03092  0.12532 -0.10566 B   97 
-1.15849  0.42137  0.10506 K   97 
-0.85057  0.08628 -0.35317 B   98 
-0.59497  0.25491 -0.30402 I   98 
-0.90721 -0.22426 -0.41081 B   99 
-0.80540 -0.38475 -0.27780 V   99 
-1.23224 -0.14801 -0.43475 B   100 
-1.26028 -0.21813 -0.18350 S   100 
-1.23647  0.04057 -0.70592 B   101 
-1.13225  0.29656 -0.73765 D   101 
-1.18788 -0.21255 -0.96286 B   102 
-0.85987 -0.28946 -1.02399 B   103 
-0.88750 -0.05645 -1.24807 N   103 
-0.75393 -0.36084 -0.77758 B   104 
-0.40580 -0.41646 -0.75060 B   105 
-0.30900 -0.63363 -0.43873 M   105 
-0.34480 -0.24921 -1.01838 B   106 
-0.45406 -0.50037 -1.20371 N   106 
-0.30127  0.02187 -0.86572 B   107 
-0.48302  0.04903 -0.76588 A   107 
-0.02305 -0.12424 -0.82432 B   108 
-0.19890 -0.06403 -0.39573 W   108 
 0.24073 -0.11354 -1.02535 B   109 
 0.25670  0.10842 -1.15198 V   109 
 0.43394 -0.30418 -0.86948 B   110 
 0.53566 -0.17977 -0.72748 A   110 
 0.24141 -0.53942 -0.85116 B   111 
-0.08812 -0.72233 -0.75339 W   111 
 0.18431 -0.58193 -1.15294 B   112 
 0.04117 -0.30043 -1.43328 R   112 
 0.50484 -0.58869 -1.24415 B   113 
 0.46581 -0.32050 -1.42262 N   113 
 0.60763 -0.78692 -0.96699 B   114 
 0.98757 -0.46637 -0.89443 R   114 
 0.35160 -0.97595 -0.84947 B   115 
 0.41387 -0.78098 -0.60514 X   115 
 0.18041 -1.05627 -1.06515 B   116 
-0.18412 -0.89347 -1.26186 K   116 
 0.18622 -1.40668 -1.12372 B   117 
 0.33116 -1.47728 -0.87272 B   118 
 0.51480 -1.29394 -0.87977 T   118 
 0.47871 -1.61507 -0.57933 B   119 
 0.50793 -1.88707 -0.49356 D   119 
 0.34512 -1.45235 -0.31078 B   120 
 0.17772 -1.31776 -0.43857 V   120 
 0.38419 -1.65733 -0.07725 B   121 
 0.12176 -1.96064 -0.18980 Q   121 
 0.69056 -1.59779 -0.03713 B   122 
 0.77767 -1.65511 -0.21622 A   122 
 0.63016 -1.33405  0.14600 B   123 
 0.77852 -1.08395 -0.16857 W   123 
 0.53562 -1.54296  0.40504 B   124 
 0.27463 -1.48650  0.37393 I   124 
 0.76063 -1.70189  0.46294 B   125 
 0.69784 -1.97614  0.02795 R   125 
 0.83371 -1.78721  0.79908 B   126 
 0.57189 -1.68118  0.90642 B   127 
 0.64101 -1.40050  0.76213 X   127 
 0.37570 -1.61911  1.20750 B   128 
 0.26110 -1.94876  1.41407 R   128 
 0.01606 -1.70298  1.13223 B   129 
 0.08212 -1.51710  0.96319 L   129 
