246 
 1.16189  0.66063  0.02197 B   1 
 1.37382  0.44514 -0.26939 K   1 
 1.11914  0.81318 -0.29940 B   2 
 1.01357  1.04028 -0.23268 V   2 
 0.94950  0.71008 -0.55193 B   3 
 1.01469  0.29854 -0.43233 F   3 
 0.90431  0.64438 -0.85796 B   4 
 0.67724  0.54452 -1.06101 B   5 
 0.42173  0.71429 -1.37002 R   5 
 0.83698  0.33846 -1.24514 B   6 
 0.79165  0.47216 -1.52522 X   6 
 0.99125  0.22401 -1.00078 B   7 
 1.27449  0.39632 -0.79466 E   7 
 0.75154  0.10970 -0.84203 B   8 
 0.60050  0.23766 -0.60768 L   8 
 0.62746 -0.06588 -1.05933 B   9 
 0.53622  0.06921 -1.20280 A   9 
 0.86829 -0.25242 -1.08567 B   10 
 1.02149 -0.13881 -1.19267 A   10 
 0.87242 -0.35282 -0.79234 B   11 
 0.97771 -0.20164 -0.67826 A   11 
 0.57840 -0.44937 -0.77865 B   12 
 0.35596 -0.10921 -0.63933 M   12 
 0.61281 -0.65333 -1.00152 B   13 
 0.59027 -0.62255 -1.43367 K   13 
 0.84036 -0.82729 -0.89640 B   14 
 1.22811 -0.69949 -0.69664 R   14 
 0.65204 -0.88142 -0.63107 B   15 
 0.90908 -0.68836 -0.41142 H   15 
 0.35662 -0.95963 -0.77970 B   16 
 0.11310 -0.72841 -0.81035 B   17 
 0.17351 -0.57169 -0.53280 L   17 
 0.04009 -0.78727 -1.08560 B   18 
 0.07874 -0.65697 -1.36105 D   18 
-0.27860 -0.90555 -1.07147 B   19 
-0.22367 -0.87784 -1.38744 N   19 
-0.33470 -0.91391 -0.78748 B   20 
-0.14814 -1.10532 -0.43567 Y   20 
-0.63790 -1.02219 -0.73207 B   21 
-0.60187 -1.31923 -0.36325 R   21 
-0.70093 -0.84926 -1.01847 B   22 
-0.48675 -0.60809 -0.98719 B   23 
-0.82275 -0.51729 -0.67071 Y   23 
-0.35427 -0.39669 -1.16021 B   24 
-0.45297 -0.31581 -1.35672 S   24 
-0.07394 -0.21696 -1.13702 B   25 
 0.22330 -0.28930 -1.20755 L   25 
-0.21153  0.06869 -1.15322 B   26 
-0.35943  0.04789 -0.88236 B   27 
-0.63768 -0.10048 -1.00265 N   27 
-0.11394  0.03516 -0.69673 B   28 
-0.18703 -0.38633 -0.57010 W   28 
 0.01579  0.29870 -0.78848 B   29 
 0.17911  0.26632 -0.98812 V   29 
-0.22522  0.47754 -0.72999 B   30 
-0.45593  0.54071 -0.87057 X   30 
-0.24058  0.42226 -0.42839 B   31 
-0.33174  0.22448 -0.40790 A   31 
 0.04466  0.50978 -0.34653 B   32 
 0.17783  0.35129 -0.40539 A   32 
 0.01328  0.79933 -0.44244 B   33 
 0.06846  1.04111 -0.67675 K   33 
-0.25048  0.87133 -0.24575 B   34 
-0.42708  0.98621 -0.59878 F   34 
-0.12657  0.76329  0.02889 B   35 
-0.36819  0.51143  0.07439 E   35 
 0.21485  0.85843 -0.00245 B   36 
 0.29141  0.65144  0.01808 S   36 
 0.35704  0.96389 -0.25965 B   37 
 0.32296  1.24135 -0.32390 N   37 
 0.59137  0.73797 -0.26718 B   38 
 0.43050  0.73971 -0.64784 F   38 
 0.64364  0.72893  0.05938 B   39 
 0.78505  0.96276  0.18466 N   39 
 0.78278  0.51024  0.28969 B   40 
 0.96678  0.40261  0.16046 T   40 
 0.77656  0.73151  0.54656 B   41 
 1.16641  0.81384  0.57136 Q   41 
 0.48197  0.75017  0.57104 B   42 
 0.40219  0.84134  0.39779 A   42 
 0.27910  0.90222  0.83385 B   43 
 0.45264  0.82471  0.98803 T   43 
-0.05733  0.85254  0.99097 B   44 
-0.05284  1.02583  0.70130 N   44 
-0.27861  0.96497  1.20390 B   45 
-0.13482  0.88133  1.68284 R   45 
-0.55579  0.83420  1.36530 B   46 
-0.52750  0.62538  1.09526 N   46 
-0.84206  0.88033  1.53751 B   47 
-1.01979  1.02954  1.42390 T   47 
-0.80675  0.57799  1.67572 B   48 
-0.81474  0.40467  1.47513 D   48 
-0.46752  0.58874  1.72301 B   49 
-0.36097  0.49343  1.49125 B   50 
-0.49321  0.32312  1.37330 S   50 
-0.12789  0.40726  1.20858 B   51 
 0.02771  0.59418  1.33092 T   51 
 0.00219  0.48834  0.90239 B   52 
-0.31493  0.46102  0.77352 D   52 
 0.22739  0.29584  0.68125 B   53 
 0.32760  0.32336  1.15022 Y   53 
 0.38357  0.38645  0.41418 B   54 
 0.31980  0.34849  0.06932 B   55 
 0.51515  0.28740 -0.10966 I   55 
 0.02361  0.19449  0.18054 B   56 
 0.04996  0.00850 -0.08028 L   56 
-0.09094  0.26955  0.45194 B   57 
-0.02169  0.60770  0.46975 Q   57 
-0.04819  0.07061  0.68816 B   58 
 0.03116 -0.18625  0.53388 I   58 
-0.22594 -0.03295  0.96384 B   59 
-0.47797  0.09913  1.07271 N   59 
-0.18449 -0.07200  1.32675 B   60 
-0.10396  0.12870  1.40270 S   60 
-0.45769 -0.22808  1.41132 B   61 
-0.72817  0.03139  1.62138 R   61 
-0.39222 -0.49208  1.20180 B   62 
-0.84406 -0.43142  1.19881 W   62 
-0.08081 -0.52296  1.05963 B   63 
-0.40595 -0.55366  0.76747 W   63 
 0.10362 -0.35774  1.27082 B   64 
 0.21432 -0.19090  1.10476 X   64 
 0.36116 -0.27463  1.51010 B   65 
 0.36078 -0.38765  1.78477 N   65 
 0.40445  0.03884  1.73018 B   66 
 0.19831  0.17799  1.62619 D   66 
 0.33641  0.03381  2.05526 B   67 
 0.04760  0.25187  2.03048 B   68 
 0.20041  0.64013  1.80589 R   68 
-0.20177  0.02729  1.96569 B   69 
-0.20669  0.11823  1.72707 T   69 
-0.46642 -0.05835  2.10032 B   70 
-0.46544  0.12290  2.21397 P   70 
-0.58969 -0.35534  1.99120 B   71 
-0.38384 -0.48323  1.81601 B   72 
-0.19956 -0.33449  1.79639 S   72 
-0.27177 -0.74302  1.55974 B   73 
-0.56870 -0.93983  1.58749 R   73 
-0.03789 -0.80195  1.35237 B   74 
 0.22939 -0.74700  1.41151 N   74 
-0.08909 -0.97805  1.07424 B   75 
-0.41113 -0.96618  1.10444 L   75 
 0.20944 -0.92722  0.93672 B   76 
 0.07467 -0.75995  0.71232 X   76 
 0.42392 -0.95694  1.14424 B   77 
 0.47925 -1.18001  1.29126 N   77 
 0.52249 -0.63611  1.20145 B   78 
 0.63345 -0.65975  0.92976 I   78 
 0.69363 -0.36991  1.22198 B   79 
 0.86571 -0.45893  1.30034 P   79 
 0.59552 -0.07085  1.10887 B   80 
 0.31723 -0.04040  1.25515 X   80 
 0.88765  0.02285  1.02658 B   81 
 1.00600 -0.00557  1.23309 S   81 
 0.92186 -0.17897  0.78874 B   82 
 0.92768 -0.36891  0.87932 A   82 
 0.71362  0.00535  0.61417 B   83 
 0.44440 -0.16738  0.68354 L   83 
 0.96697  0.23682  0.57353 B   84 
 0.79216  0.38896  0.80709 L   84 
 1.14403  0.11462  0.39232 B   85 
 1.30862 -0.08013  0.43854 S   85 
 1.30979  0.09908  0.08553 B   86 
 1.53603  0.16999  0.11939 S   86 
 1.21410 -0.18980  0.12083 B   87 
 1.34594 -0.44881  0.08945 D   87 
 0.89738 -0.31230 -0.00038 B   88 
 0.84344 -0.16706 -0.21874 I   88 
 0.85281 -0.60712  0.08442 B   89 
 1.07524 -0.74206  0.03162 T   89 
 0.67616 -0.57185  0.33800 B   90 
 0.81188 -0.51347  0.49742 A   90 
 0.44177 -0.41205  0.20878 B   91 
 0.52585 -0.15441  0.25204 S   91 
 0.36887 -0.61821 -0.00559 B   92 
 0.51549 -0.59573 -0.22174 V   92 
 0.30820 -0.86272  0.16961 B   93 
 0.60668 -1.01637  0.14745 N   93 
 0.09107 -0.70919  0.32703 B   94 
 0.11293 -0.57119  0.57536 X   94 
-0.08831 -0.61995  0.09185 B   95 
 0.01646 -0.45883 -0.00513 A   95 
-0.16291 -0.90455 -0.00223 B   96 
 0.20515 -1.02932 -0.25887 K   96 
-0.32866 -0.95703  0.25640 B   97 
-0.10261 -1.11566  0.52486 K   97 
-0.52721 -0.72120  0.23990 B   98 
-0.38544 -0.47690  0.36796 I   98 
-0.65568 -0.78093 -0.04801 B   99 
-0.53529 -0.72811 -0.23914 V   99 
-0.74332 -1.08272  0.06721 B   100 
-0.52495 -1.17996 -0.04090 S   100 
-0.96569 -1.00363  0.29831 B   101 
-0.92101 -0.87828  0.54262 D   101 
-1.24673 -0.90618  0.08861 B   102 
-1.23933 -0.57934 -0.01318 B   103 
-1.41412 -0.53219  0.25607 N   103 
-0.99300 -0.54637 -0.13674 B   104 
-0.89284 -0.22178 -0.23488 B   105 
-0.61463 -0.22422 -0.51127 M   105 
-1.10013 -0.08215 -0.03256 B   106 
-1.35138 -0.15530 -0.23477 N   106 
-0.89218 -0.06245  0.20207 B   107 
-0.83658 -0.26181  0.23214 A   107 
-0.81287  0.18515  0.02074 B   108 
-0.43707 -0.09229  0.02676 W   108 
-0.93726  0.49241  0.03569 B   109 
-1.01090  0.55536  0.27269 V   109 
-0.77857  0.62531 -0.19910 B   110 
-0.59476  0.69427 -0.11280 A   110 
-0.85362  0.41977 -0.41090 B   111 
-0.87665  0.06494 -0.56957 W   111 
-1.16255  0.44088 -0.39493 B   112 
-1.40974  0.39466 -0.05569 R   112 
-1.17205  0.77296 -0.42208 B   113 
-1.29952  0.79951 -0.12485 N   113 
-0.92171  0.78659 -0.67471 B   114 
-0.69798  1.15443 -0.41585 R   114 
-0.90915  0.49699 -0.85097 B   115 
-0.62417  0.50581 -0.70851 X   115 
-1.17149  0.38325 -0.87380 B   116 
-1.41628  0.09422 -0.64011 K   116 
-1.29323  0.38131 -1.20761 B   117 
-1.03285  0.45069 -1.33558 B   118 
-0.95925  0.64134 -1.17550 T   118 
-0.74448  0.50712 -1.53682 B   119 
-0.70823  0.49511 -1.82096 D   119 
-0.49065  0.31889 -1.40804 B   120 
-0.62713  0.19986 -1.23579 V   120 
-0.29867  0.28213 -1.65272 B   121 
-0.52832  0.03903 -1.90114 Q   121 
-0.17407  0.57056 -1.63564 B   122 
-0.33397  0.69752 -1.67118 A   122 
 0.03597  0.48173 -1.40170 B   123 
-0.17843  0.72312 -1.12013 W   123 
 0.21872  0.30936 -1.63955 B   124 
 0.13614  0.06983 -1.54969 I   124 
 0.29821  0.50056 -1.83025 B   125 
-0.18334  0.53590 -2.01795 R   125 
 0.61907  0.47753 -1.97900 B   126 
 0.67740  0.20424 -1.86399 B   127 
 0.61129  0.32682 -1.57246 X   127 
 0.92742 -0.05934 -1.83224 B   128 
 1.03213 -0.24518 -2.17716 R   128 
 0.75168 -0.39148 -1.86120 B   129 
 0.64305 -0.27156 -1.65796 L   129 
