246 
-1.07419 -0.64235 -0.46948 B   1 
-0.98044 -1.03502 -0.35434 K   1 
-1.21389 -0.71286 -0.14716 B   2 
-1.37417 -0.51135 -0.11759 V   2 
-1.06501 -0.74686  0.13543 B   3 
-0.70969 -0.89315 -0.06523 F   3 
-1.00391 -0.89034  0.41055 B   4 
-0.83181 -0.85360  0.67849 B   5 
-0.89987 -0.74598  1.09488 R   5 
-0.71938 -1.14826  0.72764 B   6 
-0.83853 -1.20315  1.01254 X   6 
-0.66414 -1.18872  0.42446 B   7 
-0.92499 -1.24018  0.13860 E   7 
-0.45339 -0.96584  0.38397 B   8 
-0.49536 -0.68227  0.27476 L   8 
-0.25502 -1.04498  0.60266 B   9 
-0.34906 -0.99502  0.79192 A   9 
-0.18454 -1.31602  0.47995 B   10 
-0.35650 -1.44591  0.51713 A   10 
-0.07821 -1.20984  0.20873 B   11 
-0.25250 -1.17718  0.08417 A   11 
 0.13031 -1.01090  0.32229 B   12 
-0.08135 -0.63928  0.36344 M   12 
 0.28970 -1.22679  0.46527 B   13 
 0.24655 -1.41475  0.85387 K   13 
 0.36151 -1.41670  0.23751 B   14 
 0.09832 -1.56945 -0.10011 R   14 
 0.50246 -1.15746  0.09014 B   15 
 0.23413 -1.17390 -0.19150 H   15 
 0.68572 -1.03206  0.34736 B   16 
 0.57240 -0.77065  0.52773 B   17 
 0.42054 -0.61888  0.28453 L   17 
 0.64033 -0.87445  0.79073 B   18 
 0.49033 -0.99360  1.03083 D   18 
 0.87874 -0.66432  0.91223 B   19 
 0.81336 -0.85530  1.16299 N   19 
 0.92516 -0.48119  0.69275 B   20 
 1.04344 -0.52189  0.26900 Y   20 
 1.15047 -0.25859  0.77283 B   21 
 1.42729 -0.21367  0.38954 R   21 
 1.00241 -0.28805  1.07797 B   22 
 0.69710 -0.34762  0.98715 B   23 
 0.76895  0.10697  0.88974 Y   23 
 0.44071 -0.45756  1.10696 B   24 
 0.39614 -0.44896  1.33683 S   24 
 0.16400 -0.59587  0.98153 B   25 
 0.10492 -0.88976  0.88828 L   25 
-0.04126 -0.38897  1.10742 B   26 
 0.05315 -0.14575  0.94126 B   27 
 0.29497 -0.04601  1.15452 N   27 
-0.02479 -0.24817  0.66140 B   28 
 0.39631 -0.28718  0.51934 W   28 
-0.32302 -0.29542  0.72080 B   29 
-0.37124 -0.53496  0.80957 V   29 
-0.38460 -0.01100  0.81462 B   30 
-0.35613  0.12163  1.05665 X   30 
-0.31101  0.13156  0.55287 B   31 
-0.09244  0.13790  0.54705 A   31 
-0.50237 -0.01597  0.35963 B   32 
-0.41543 -0.20903  0.32108 A   32 
-0.75892  0.06979  0.50401 B   33 
-1.01496  0.00063  0.71864 K   33 
-0.70608  0.40091  0.47231 B   34 
-0.75870  0.40430  0.88003 F   34 
-0.64263  0.40170  0.15858 B   35 
-0.31207  0.51711  0.19459 E   35 
-0.87017  0.15650  0.03730 B   36 
-0.71151  0.02898 -0.05041 S   36 
-1.03866 -0.04337  0.20804 B   37 
-1.28132  0.05581  0.32446 N   37 
-0.92858 -0.31482  0.06587 B   38 
-0.88603 -0.38034  0.47168 F   38 
-0.92327 -0.19480 -0.24238 B   39 
-1.18699 -0.15333 -0.38061 N   39 
-0.76766 -0.27000 -0.54298 B   40 
-0.75174 -0.51870 -0.53699 T   40 
-0.95239 -0.05239 -0.72601 B   41 
-1.18482 -0.31188 -0.92099 Q   41 
-0.84805  0.19600 -0.60294 B   42 
-0.90840  0.20547 -0.40056 A   42 
-0.88926  0.54329 -0.70799 B   43 
-0.88062  0.45651 -0.93666 T   43 
-0.69812  0.86499 -0.69032 B   44 
-0.87419  0.78152 -0.41465 N   44 
-0.69852  1.18655 -0.74989 B   45 
-0.65394  1.28374 -1.24549 R   45 
-0.45736  1.43366 -0.77735 B   46 
-0.29371  1.19699 -0.59152 N   46 
-0.37314  1.76020 -0.78131 B   47 
-0.44316  1.89774 -0.57409 T   47 
-0.10416  1.68780 -0.96613 B   48 
 0.04583  1.52766 -0.81713 D   48 
-0.24946  1.45189 -1.16778 B   49 
-0.21899  1.21656 -1.03423 B   50 
-0.01651  1.19568 -0.89650 S   50 
-0.25125  0.86072 -0.91591 B   51 
-0.47814  0.87194 -1.06596 T   51 
-0.39535  0.63643 -0.70103 B   52 
-0.24853  0.80790 -0.44225 D   52 
-0.32402  0.27742 -0.64914 B   53 
-0.36356  0.44554 -1.09737 Y   53 
-0.48522  0.05609 -0.47899 B   54 
-0.44403 -0.08196 -0.15699 B   55 
-0.47796 -0.34687 -0.10602 I   55 
-0.17676  0.14594 -0.13578 B   56 
-0.03260 -0.07596  0.04669 L   56 
-0.18328  0.39975 -0.30297 B   57 
-0.51874  0.48279 -0.29709 Q   57 
-0.00608  0.40993 -0.55928 B   58 
 0.18709  0.17355 -0.50553 I   58 
 0.17621  0.64745 -0.72861 B   59 
 0.16458  0.94806 -0.68051 N   59 
 0.21532  0.78279 -1.06788 B   60 
 0.00383  0.83427 -1.13970 S   60 
 0.47361  0.97863 -1.03503 B   61 
 0.35905  1.39261 -1.04488 R   61 
 0.67584  0.72259 -0.92813 B   62 
 0.80439  1.09532 -0.69924 W   62 
 0.56917  0.39736 -0.95968 B   63 
 0.71316  0.49174 -0.55672 W   63 
 0.35531  0.42259 -1.20369 B   64 
 0.14881  0.31621 -1.08662 X   64 
 0.18810  0.37402 -1.52019 B   65 
 0.30672  0.46957 -1.77518 N   65 
-0.10292  0.56953 -1.68037 B   66 
-0.15165  0.73020 -1.46946 D   66 
-0.05235  0.78386 -1.92905 B   67 
-0.13490  1.07845 -1.73416 B   68 
-0.56368  0.99369 -1.55114 R   68 
 0.16775  1.15481 -1.59489 B   69 
 0.07344  1.07315 -1.37202 T   69 
 0.36117  1.39580 -1.59800 B   70 
 0.20193  1.52071 -1.66735 P   70 
 0.67597  1.32445 -1.49257 B   71 
 0.69887  1.02801 -1.46065 B   72 
 0.48712  0.93116 -1.50811 S   72 
 0.87565  0.71384 -1.33507 B   73 
 1.17755  0.88418 -1.24838 R   73 
 0.82245  0.40553 -1.27772 B   74 
 0.66683  0.24823 -1.44800 N   74 
 0.98821  0.23896 -1.04156 B   75 
 1.11025  0.50901 -0.91136 L   75 
 0.81256 -0.04299 -1.05779 B   76 
 0.70237  0.01233 -0.77267 X   76 
 0.76396 -0.11672 -1.34441 B   77 
 0.95304 -0.17026 -1.53369 N   77 
 0.43457 -0.04323 -1.38938 B   78 
 0.39566 -0.27494 -1.21196 I   78 
 0.12336 -0.06526 -1.44627 B   79 
 0.13883 -0.19336 -1.61068 P   79 
-0.11565  0.06733 -1.25354 B   80 
-0.02184  0.36870 -1.24147 X   80 
-0.32467 -0.16568 -1.30746 B   81 
-0.33535 -0.16469 -1.54693 S   81 
-0.16799 -0.38813 -1.15113 B   82 
 0.00788 -0.41900 -1.26264 A   82 
-0.26100 -0.24421 -0.87105 B   83 
 0.01000 -0.06539 -0.82967 L   83 
-0.57747 -0.37403 -0.92015 B   84 
-0.63184 -0.06322 -1.01340 L   84 
-0.54837 -0.64896 -0.86833 B   85 
-0.43528 -0.82738 -1.01843 S   85 
-0.61896 -0.93785 -0.68557 B   86 
-0.77384 -1.06990 -0.81180 S   86 
-0.31467 -0.95500 -0.71667 B   87 
-0.13401 -1.17127 -0.79446 D   87 
-0.08082 -0.81602 -0.48001 B   88 
-0.20351 -0.82884 -0.24238 I   88 
 0.21085 -0.85030 -0.57926 B   89 
 0.24030 -1.10081 -0.66202 T   89 
 0.26489 -0.57221 -0.70771 B   90 
 0.16535 -0.57554 -0.90091 A   90 
 0.20742 -0.39445 -0.45817 B   91 
-0.05925 -0.34062 -0.49432 S   91 
 0.41300 -0.52347 -0.27145 B   92 
 0.32065 -0.73756 -0.15162 V   92 
 0.67044 -0.48079 -0.43290 B   93 
 0.68770 -0.78210 -0.58155 N   93 
 0.62777 -0.17479 -0.43995 B   94 
 0.50702 -0.01481 -0.64247 X   94 
 0.60626 -0.11973 -0.13670 B   95 
 0.41126 -0.18896 -0.07731 A   95 
 0.89079 -0.21668 -0.06558 B   96 
 0.84020 -0.67898 -0.04063 K   96 
 1.02067  0.02228 -0.21773 B   97 
 1.08829 -0.07860 -0.58322 K   97 
 0.88563  0.25757 -0.07039 B   98 
 0.61239  0.30412 -0.20950 I   98 
 0.97623  0.19020  0.22998 B   99 
 0.86830  0.02056  0.34569 V   99 
 1.29349  0.20205  0.12400 B   100 
 1.28713 -0.05883  0.09697 S   100 
 1.32495  0.52097  0.04391 B   101 
 1.20621  0.65640 -0.16813 D   101 
 1.33879  0.67096  0.37521 B   102 
 1.03211  0.73773  0.51208 B   103 
 1.07546  1.02674  0.37114 N   103 
 0.89479  0.49661  0.50595 B   104 
 0.55260  0.49223  0.59486 B   105 
 0.42599  0.13615  0.69960 M   105 
 0.52111  0.80787  0.54212 B   106 
 0.67876  0.87393  0.82522 N   106 
 0.43164  0.77153  0.24318 B   107 
 0.59242  0.66799  0.15851 A   107 
 0.16345  0.71244  0.40147 B   108 
 0.26365  0.31833  0.17153 W   108 
-0.06514  0.93290  0.49764 B   109 
-0.07921  1.13305  0.33859 V   109 
-0.26411  0.74184  0.64555 B   110 
-0.39699  0.66839  0.49410 A   110 
-0.05808  0.61601  0.83118 B   111 
 0.26583  0.41996  0.92201 W   111 
 0.04939  0.87221  0.96886 B   112 
 0.21127  1.21734  0.78720 R   112 
-0.25098  0.99158  1.05028 B   113 
-0.20657  1.25007  0.85920 N   113 
-0.37955  0.67518  1.15047 B   114 
-0.79144  0.77046  0.87910 R   114 
-0.13058  0.46730  1.24991 B   115 
-0.24669  0.32065  0.99184 X   115 
 0.07866  0.61675  1.37703 B   116 
 0.45496  0.81514  1.24621 K   116 
 0.11125  0.54296  1.72308 B   117 
-0.06523  0.30247  1.71986 B   118 
-0.26000  0.39781  1.57716 T   118 
-0.24542 -0.00148  1.76437 B   119 
-0.26520 -0.17697  1.99022 D   119 
-0.16998 -0.20533  1.50132 B   120 
 0.00379 -0.05772  1.39896 V   120 
-0.22840 -0.49143  1.61451 B   121 
 0.07277 -0.52967  1.89977 Q   121 
-0.54112 -0.47060  1.58647 B   122 
-0.59373 -0.31611  1.71420 A   122 
-0.53254 -0.54997  1.26966 B   123 
-0.64945 -0.15049  1.16834 W   123 
-0.46321 -0.87676  1.35956 B   124 
-0.20618 -0.85803  1.28305 I   124 
-0.68060 -0.96204  1.51676 B   125 
-0.52723 -0.66858  1.91519 R   125 
-0.79863 -1.29495  1.48763 B   126 
-0.56680 -1.38589  1.31646 B   127 
-0.63524 -1.14165  1.11634 X   127 
-0.42657 -1.66404  1.12682 B   128 
-0.31919 -1.98906  1.34433 R   128 
-0.05386 -1.66762  1.18258 B   129 
-0.10751 -1.43568  1.07858 L   129 
