246 
 0.13201 -0.43471  1.25718 B   1 
 0.53536 -0.55101  1.25215 K   1 
 0.33980 -0.16319  1.36428 B   2 
 0.16280 -0.00098  1.46189 V   2 
 0.53891  0.02028  1.19145 B   3 
 0.60864 -0.30776  0.91678 F   3 
 0.81279  0.16667  1.13167 B   4 
 0.94840  0.36615  0.92053 B   5 
 1.06706  0.78462  0.90044 R   5 
 1.23772  0.23708  0.88166 B   6 
 1.41581  0.47958  0.97027 X   6 
 1.12042 -0.05075  0.88114 B   7 
 0.97457 -0.25013  1.18344 E   7 
 0.94368 -0.03003  0.62803 B   8 
 0.64250  0.02562  0.61065 L   8 
 1.15435  0.06563  0.42826 B   9 
 1.19805  0.27215  0.47923 A   9 
 1.32732 -0.18578  0.44725 B   10 
 1.43017 -0.17414  0.63989 A   10 
 1.11155 -0.38885  0.35587 B   11 
 0.99288 -0.43396  0.53148 A   11 
 1.03553 -0.24982  0.08969 B   12 
 0.71449  0.01703  0.19129 M   12 
 1.31516 -0.27392 -0.02727 B   13 
 1.67050 -0.02761  0.00838 K   13 
 1.36515 -0.57468 -0.01579 B   14 
 1.27659 -0.86579  0.32186 R   14 
 1.09142 -0.60865 -0.19665 B   15 
 0.91734 -0.78571  0.10325 H   15 
 1.14876 -0.37818 -0.43970 B   16 
 1.00782 -0.07229 -0.42322 B   17 
 0.73032 -0.16514 -0.28315 L   17 
 1.24310  0.08136 -0.49801 B   18 
 1.44689  0.26299 -0.35723 D   18 
 1.16631  0.22496 -0.79674 B   19 
 1.44841  0.35968 -0.71998 N   19 
 0.90440  0.11745 -0.85769 B   20 
 0.73326 -0.28749 -0.90176 Y   20 
 0.79344  0.23558 -1.14134 B   21 
 0.59536 -0.13383 -1.36462 R   21 
 0.95659  0.51459 -1.03439 B   22 
 0.91348  0.48614 -0.71447 B   23 
 0.49214  0.60567 -0.88618 Y   23 
 1.03056  0.59792 -0.45762 B   24 
 1.13759  0.80617 -0.44899 S   24 
 1.03944  0.49527 -0.14010 B   25 
 1.22784  0.29003  0.00461 L   25 
 0.90188  0.75218 -0.01416 B   26 
 0.62480  0.70639 -0.14379 B   27 
 0.68921  0.87290 -0.43020 N   27 
 0.55191  0.44162 -0.00426 B   28 
 0.57233  0.19803 -0.37745 W   28 
 0.57850  0.54342  0.28494 B   29 
 0.81867  0.51446  0.38014 V   29 
 0.38045  0.77482  0.25800 B   30 
 0.40081  1.03480  0.16328 X   30 
 0.13435  0.60545  0.18731 B   31 
 0.15837  0.54884 -0.02261 A   31 
 0.12796  0.42004  0.43491 B   32 
 0.28230  0.27277  0.40654 A   32 
 0.09400  0.64690  0.63839 B   33 
 0.22681  0.85785  0.87134 K   33 
-0.19220  0.76678  0.50740 B   34 
 0.01151  1.12381  0.50045 F   34 
-0.34838  0.48793  0.48993 B   35 
-0.37712  0.49099  0.13914 E   35 
-0.24048  0.32488  0.78721 B   36 
-0.15626  0.14998  0.68023 S   36 
-0.00828  0.41400  0.97597 B   37 
-0.06612  0.62037  1.16659 N   37 
 0.16068  0.13614  0.95987 B   38 
 0.43521  0.43447  0.87979 F   38 
-0.10112 -0.06603  0.96672 B   39 
-0.24762 -0.09595  1.22751 N   39 
-0.17309 -0.39360  0.87872 B   40 
 0.04074 -0.51253  0.92637 T   40 
-0.47898 -0.39595  1.02503 B   41 
-0.39858 -0.62653  1.34086 Q   41 
-0.60687 -0.19898  0.84454 B   42 
-0.51735 -0.00941  0.87184 A   42 
-0.95912 -0.10928  0.80954 B   43 
-1.00536 -0.34524  0.85516 T   43 
-1.19096  0.01285  0.54183 B   44 
-1.00222  0.24808  0.69350 N   44 
-1.49168  0.11807  0.46808 B   45 
-1.82703 -0.26218  0.46912 R   45 
-1.67736  0.15379  0.17786 B   46 
-1.35717  0.15457  0.05621 N   46 
-1.94048  0.28689  0.01419 B   47 
-1.95714  0.54471  0.01726 T   47 
-1.93713  0.02942 -0.19901 B   48 
-1.70242  0.03964 -0.32209 D   48 
-1.86707 -0.21722  0.02834 B   49 
-1.59521 -0.22629  0.04100 B   50 
-1.47530 -0.17151 -0.16643 S   50 
-1.23974 -0.29056  0.14664 B   51 
-1.36165 -0.35422  0.38159 T   51 
-0.96025 -0.18229  0.31221 B   52 
-0.94607  0.08083  0.09201 D   52 
-0.62167 -0.32980  0.32876 B   53 
-1.00400 -0.61500  0.38556 Y   53 
-0.37073 -0.25336  0.51613 B   54 
-0.07970 -0.06002  0.46751 B   55 
 0.16396 -0.13654  0.56079 I   55 
-0.21983  0.00073  0.15051 B   56 
 0.08334  0.01071  0.04419 L   56 
-0.52129 -0.01551  0.11487 B   57 
-0.63749  0.11355  0.41370 Q   57 
-0.63830 -0.27014 -0.02179 B   58 
-0.38340 -0.38747 -0.15347 I   58 
-0.89925 -0.34337 -0.23359 B   59 
-1.12749 -0.15506 -0.30613 N   59 
-1.18518 -0.57263 -0.25871 B   60 
-1.29741 -0.55507 -0.05964 S   60 
-1.29366 -0.51532 -0.56053 B   61 
-1.66260 -0.29516 -0.55563 R   61 
-0.99301 -0.59980 -0.70320 B   62 
-1.16584 -0.26008 -0.95335 W   62 
-0.75299 -0.75643 -0.51347 B   63 
-0.59886 -0.40878 -0.73117 W   63 
-0.93410 -0.89547 -0.28157 B   64 
-0.81406 -0.79677 -0.07297 X   64 
-1.08460 -1.14264 -0.06536 B   65 
-1.28110 -1.34030 -0.16801 N   65 
-1.37572 -1.10983  0.18514 B   66 
-1.40664 -0.84309  0.16140 D   66 
-1.67848 -1.22783  0.11628 B   67 
-1.83503 -0.90146  0.09280 B   68 
-1.73137 -0.68127  0.49939 R   68 
-1.78091 -0.82358 -0.23556 B   69 
-1.60932 -0.65227 -0.15528 T   69 
-1.95574 -0.75840 -0.48191 B   70 
-2.12043 -0.71644 -0.35197 P   70 
-1.79387 -0.78323 -0.77939 B   71 
-1.52539 -0.90519 -0.72976 B   72 
-1.50060 -0.93867 -0.49582 S   72 
-1.17000 -0.99565 -0.83578 B   73 
-1.22235 -0.91637 -1.18024 R   73 
-0.88948 -1.08292 -0.71385 B   74 
-0.87030 -1.26272 -0.50111 N   74 
-0.60123 -1.00659 -0.86244 B   75 
-0.74089 -0.79763 -1.06639 L   75 
-0.39963 -1.11221 -0.61993 B   76 
-0.31241 -0.81860 -0.56814 X   76 
-0.49576 -1.37617 -0.51487 B   77 
-0.52238 -1.60825 -0.65584 N   77 
-0.62978 -1.29591 -0.21236 B   78 
-0.34818 -1.24903 -0.14033 I   78 
-0.68738 -1.27629  0.09888 B   79 
-0.66421 -1.47996  0.13966 P   79 
-0.73254 -0.99066  0.26689 B   80 
-0.96474 -0.85866  0.09828 X   80 
-0.59669 -1.09594  0.53401 B   81 
-0.72500 -1.29379  0.57713 S   81 
-0.30495 -1.11132  0.41947 B   82 
-0.31165 -1.26388  0.27457 A   82 
-0.29205 -0.78349  0.43282 B   83 
-0.37991 -0.73042  0.12203 L   83 
-0.25604 -0.80802  0.77563 B   84 
-0.57347 -0.72272  0.76093 L   84 
 0.00581 -0.90444  0.81105 B   85 
 0.09312 -1.14485  0.76934 S   85 
 0.33341 -0.87273  0.92729 B   86 
 0.35471 -1.00356  1.12676 S   86 
 0.37655 -0.98336  0.64488 B   87 
 0.54358 -1.19826  0.53822 D   87 
 0.41921 -0.77629  0.35280 B   88 
 0.53668 -0.55228  0.44057 I   88 
 0.43898 -0.94923  0.09629 B   89 
 0.60967 -1.14692  0.14375 T   89 
 0.14653 -0.93643 -0.00886 B   90 
 0.03299 -1.07524  0.11395 A   90 
 0.12029 -0.62683 -0.03397 B   91 
 0.01666 -0.56437  0.21236 S   91 
 0.35700 -0.58387 -0.22343 B   92 
 0.58564 -0.56343 -0.09682 V   92 
 0.27454 -0.76330 -0.45831 B   93 
 0.45134 -1.03775 -0.37704 N   93 
 0.00819 -0.61091 -0.49489 B   94 
-0.25018 -0.67345 -0.39233 X   94 
 0.11830 -0.32444 -0.53040 B   95 
 0.17861 -0.25911 -0.33433 A   95 
 0.27908 -0.38282 -0.78761 B   96 
 0.67194 -0.57222 -0.62423 K   96 
 0.01818 -0.42780 -0.95201 B   97 
-0.07944 -0.80017 -0.94027 K   97 
-0.12146 -0.15678 -0.90350 B   98 
-0.27410 -0.18261 -0.63476 I   98 
 0.10630  0.04012 -1.01448 B   99 
 0.29323  0.08245 -0.88379 V   99 
 0.08770 -0.12262 -1.30637 B   100 
 0.29107 -0.26957 -1.22970 S   100 
-0.21689 -0.04388 -1.40707 B   101 
-0.45940 -0.12675 -1.29883 D   101 
-0.16631  0.30308 -1.50460 B   102 
-0.19574  0.52703 -1.24726 B   103 
-0.50550  0.53729 -1.34325 N   103 
-0.01735  0.43997 -1.05327 B   104 
-0.01767  0.59825 -0.73709 B   105 
 0.31690  0.54611 -0.53925 M   105 
-0.31445  0.71414 -0.78052 B   106 
-0.19759  0.94412 -0.98746 N   106 
-0.45444  0.46813 -0.64425 B   107 
-0.38839  0.30682 -0.75981 A   107 
-0.36148  0.63969 -0.39445 B   108 
-0.13739  0.23146 -0.35751 W   108 
-0.52948  0.88405 -0.24555 B   109 
-0.78283  0.85063 -0.26135 V   109 
-0.32118  0.96589 -0.02673 B   110 
-0.35897  0.83664  0.14017 A   110 
-0.08765  1.00936 -0.21730 B   111 
 0.17234  0.90984 -0.48952 W   111 
-0.21393  1.22158 -0.40480 B   112 
-0.57454  1.19503 -0.62293 R   112 
-0.31566  1.42278 -0.15929 B   113 
-0.62604  1.37597 -0.24155 N   113 
-0.01701  1.38646  0.03090 B   114 
-0.30055  1.30788  0.43810 R   114 
 0.24631  1.30724 -0.16779 B   115 
 0.21626  1.04899  0.01657 X   115 
 0.21896  1.43360 -0.42385 B   116 
 0.03980  1.32519 -0.81656 K   116 
 0.46753  1.68027 -0.48402 B   117 
 0.64112  1.60579 -0.25314 B   118 
 0.45737  1.58082 -0.07148 T   118 
 0.89241  1.54167 -0.00905 B   119 
 1.15521  1.65154  0.02357 D   119 
 0.93606  1.20364  0.00742 B   120 
 0.78436  1.14539 -0.18248 V   120 
 1.22655  1.17527  0.12093 B   121 
 1.45320  1.32077 -0.19688 Q   121 
 1.14801  1.24015  0.41865 B   122 
 1.07795  1.43507  0.41172 A   122 
 1.04921  0.93381  0.47462 B   123 
 0.64399  1.07078  0.49815 W   123 
 1.38048  0.83425  0.47956 B   124 
 1.36267  0.71465  0.23946 I   124 
 1.50233  0.97953  0.68762 B   125 
 1.48871  1.41706  0.41057 R   125 
 1.74838  0.82406  0.88986 B   126 
 1.76894  0.57841  0.71506 B   127 
 1.44900  0.54543  0.74567 X   127 
 1.92302  0.24992  0.67842 B   128 
 2.32553  0.24877  0.62884 R   128 
 2.01059  0.20159  0.31505 B   129 
 1.75368  0.23963  0.32135 L   129 
