246 
-0.02777  0.00151 -1.33646 B   1 
-0.00701 -0.41124 -1.41029 K   1 
-0.35773 -0.13565 -1.36271 B   2 
-0.49975  0.08036 -1.38110 V   2 
-0.51550 -0.32536 -1.15706 B   3 
-0.14073 -0.49490 -1.02025 F   3 
-0.69137 -0.57568 -1.07689 B   4 
-0.83785 -0.70718 -0.82389 B   5 
-1.24343 -0.75301 -0.67222 R   5 
-0.76963 -1.01694 -0.85965 B   6 
-1.06044 -1.13330 -0.87580 X   6 
-0.47830 -0.95310 -0.94718 B   7 
-0.35868 -0.79674 -1.28430 E   7 
-0.37828 -0.81917 -0.68682 B   8 
-0.35828 -0.51985 -0.62269 L   8 
-0.44900 -1.03976 -0.48737 B   9 
-0.66528 -1.03801 -0.46796 A   9 
-0.26090 -1.24832 -0.60824 B   10 
-0.35540 -1.31474 -0.79393 A   10 
 0.00265 -1.08896 -0.57231 B   11 
 0.01433 -0.95288 -0.74055 A   11 
-0.02432 -1.03443 -0.26858 B   12 
-0.23268 -0.65971 -0.24088 M   12 
-0.02597 -1.32928 -0.19431 B   13 
-0.34218 -1.62577 -0.17658 K   13 
 0.23692 -1.42820 -0.31345 B   14 
 0.41740 -1.33764 -0.72065 R   14 
 0.38560 -1.19779 -0.13016 B   15 
 0.49156 -1.01053 -0.45466 H   15 
 0.23778 -1.25312  0.17078 B   16 
-0.01886 -1.06041  0.27425 B   17 
 0.08286 -0.78418  0.13790 L   17 
-0.18821 -1.27442  0.37462 B   18 
-0.44509 -1.41781  0.28632 D   18 
-0.20887 -1.22367  0.71041 B   19 
-0.41922 -1.46171  0.65826 N   19 
-0.03308 -0.99794  0.75524 B   20 
 0.39190 -0.90927  0.67316 Y   20 
-0.02758 -0.91596  1.07143 B   21 
 0.42753 -0.82421  1.17152 R   21 
-0.35464 -1.00848  1.05215 B   22 
-0.42075 -0.91933  0.74769 B   23 
-0.38434 -0.51740  0.98941 Y   23 
-0.63117 -0.97168  0.53518 B   24 
-0.84942 -1.03805  0.58870 S   24 
-0.63943 -0.94631  0.20244 B   25 
-0.53729 -1.14131 -0.02140 L   25 
-0.88645 -0.74753  0.18648 B   26 
-0.74242 -0.50756  0.31817 B   27 
-0.81899 -0.58794  0.63689 N   27 
-0.52664 -0.45998  0.10356 B   28 
-0.18765 -0.58304  0.36618 W   28 
-0.71837 -0.42091 -0.13397 B   29 
-0.77440 -0.64365 -0.25575 V   29 
-0.87999 -0.19278 -0.01018 B   30 
-1.09415 -0.18285  0.16593 X   30 
-0.64748  0.00528  0.02093 B   31 
-0.53373 -0.06216  0.19517 A   31 
-0.55382  0.01969 -0.27359 B   32 
-0.44265 -0.16042 -0.31257 A   32 
-0.82041  0.12529 -0.38220 B   33 
-1.11815  0.07099 -0.53971 K   33 
-0.82681  0.40268 -0.19127 B   34 
-1.19847  0.26574 -0.08115 F   34 
-0.52988  0.50307 -0.25616 B   35 
-0.41482  0.47425  0.07522 E   35 
-0.49762  0.41849 -0.60027 B   36 
-0.32063  0.28885 -0.56867 S   36 
-0.69061  0.23927 -0.76798 B   37 
-0.92900  0.36241 -0.86936 N   37 
-0.46607  0.02429 -0.86481 B   38 
-0.77579 -0.20357 -0.71337 F   38 
-0.22455  0.24454 -0.91592 B   39 
-0.24791  0.42420 -1.15582 N   39 
 0.12136  0.24317 -0.93977 B   40 
 0.16921  0.02262 -1.04564 T   40 
 0.14382  0.56372 -1.04806 B   41 
 0.23849  0.49714 -1.43013 Q   41 
 0.04747  0.69268 -0.79943 B   42 
-0.15565  0.64312 -0.76813 A   42 
 0.05282  1.04463 -0.70225 B   43 
 0.26608  1.05600 -0.82176 T   43 
 0.07598  1.24731 -0.38804 B   44 
-0.23052  1.12963 -0.46661 N   44 
 0.06807  1.54560 -0.25424 B   45 
 0.49180  1.80540 -0.35430 R   45 
 0.16801  1.68476  0.04680 B   46 
 0.13604  1.35407  0.13015 N   46 
 0.15479  1.93669  0.27060 B   47 
-0.08040  1.99816  0.35818 T   47 
 0.45940  1.85391  0.38066 B   48 
 0.43786  1.60765  0.47675 D   48 
 0.59930  1.78014  0.07665 B   49 
 0.54424  1.51661  0.03580 B   50 
 0.53350  1.37581  0.23695 S   50 
 0.49226  1.17746 -0.11890 B   51 
 0.50288  1.32316 -0.34864 T   51 
 0.27864  0.95187 -0.26285 B   52 
 0.10286  0.94786  0.03212 D   52 
 0.33549  0.60012 -0.36142 B   53 
 0.66405  0.93116 -0.47631 Y   53 
 0.15053  0.40028 -0.53398 B   54 
-0.07595  0.14330 -0.44969 B   55 
-0.08827 -0.09141 -0.58639 I   55 
-0.00053  0.23819 -0.11935 B   56 
-0.04215 -0.07186 -0.04552 L   56 
 0.09166  0.52232 -0.06292 B   57 
-0.09709  0.70637 -0.28645 Q   57 
 0.39560  0.56941 -0.01191 B   58 
 0.49004  0.27999  0.04633 I   58 
 0.58755  0.77555  0.18554 B   59 
 0.48677  1.01808  0.33993 N   59 
 0.86952  1.00931  0.15724 B   60 
 0.81451  1.15385 -0.01192 S   60 
 0.93637  1.07535  0.46920 B   61 
 0.81231  1.47270  0.57566 R   61 
 0.99400  0.74540  0.54466 B   62 
 0.79795  0.93143  0.91183 W   62 
 1.02570  0.51606  0.29061 B   63 
 0.74056  0.39123  0.59904 W   63 
 1.11976  0.70566  0.04339 B   64 
 0.93612  0.64028 -0.12885 X   64 
 1.31188  0.84417 -0.22937 B   65 
 1.56981  0.98392 -0.18288 N   65 
 1.26552  1.17349 -0.42424 B   66 
 1.03375  1.24599 -0.30720 D   66 
 1.46244  1.43579 -0.37173 B   67 
 1.20302  1.64068 -0.22241 B   68 
 0.84789  1.64464 -0.53611 R   68 
 1.22381  1.54805  0.10592 B   69 
 1.00275  1.42427  0.07363 T   69 
 1.28026  1.68895  0.37511 B   70 
 1.23619  1.87739  0.28393 P   70 
 1.36243  1.47888  0.62894 B   71 
 1.40050  1.20505  0.51497 B   72 
 1.35155  1.21334  0.28258 S   72 
 1.44003  0.82688  0.54892 B   73 
 1.48792  0.83527  0.90292 R   73 
 1.42046  0.55920  0.37823 B   74 
 1.51446  0.54407  0.11576 N   74 
 1.33434  0.26826  0.51583 B   75 
 1.23697  0.40690  0.79163 L   75 
 1.31058  0.09371  0.23373 B   76 
 1.00419  0.06846  0.27824 X   76 
 1.54167  0.15836  0.05382 B   77 
 1.80643  0.12089  0.10802 N   77 
 1.40066  0.35185 -0.18826 B   78 
 1.27297  0.09827 -0.26622 I   78 
 1.29613  0.46200 -0.46667 B   79 
 1.46599  0.41078 -0.57715 P   79 
 0.98905  0.58290 -0.52083 B   80 
 0.97165  0.80381 -0.29574 X   80 
 0.97151  0.47629 -0.81952 B   81 
 1.16834  0.57357 -0.91574 S   81 
 0.95839  0.17159 -0.74567 B   82 
 1.14669  0.12793 -0.66228 A   82 
 0.64890  0.21819 -0.64638 B   83 
 0.71801  0.26200 -0.32947 L   83 
 0.55460  0.23491 -0.97841 B   84 
 0.54994  0.55561 -0.90502 L   84 
 0.57507 -0.03036 -1.06968 B   85 
 0.79104 -0.16372 -1.12191 S   85 
 0.43726 -0.32403 -1.19854 B   86 
 0.48984 -0.33488 -1.43194 S   86 
 0.61974 -0.43124 -0.97704 B   87 
 0.81542 -0.64820 -0.96742 D   87 
 0.51231 -0.48438 -0.63698 B   88 
 0.25207 -0.54523 -0.65294 I   88 
 0.74914 -0.57550 -0.45891 B   89 
 0.87912 -0.76786 -0.58764 T   89 
 0.83468 -0.30642 -0.32842 B   90 
 0.94848 -0.20022 -0.48013 A   90 
 0.56279 -0.23126 -0.19577 B   91 
 0.44944 -0.07955 -0.39441 S   91 
 0.53171 -0.48461 -0.02660 B   92 
 0.42262 -0.68244 -0.15958 V   92 
 0.78999 -0.47404  0.13877 B   93 
 0.97870 -0.68015 -0.04856 N   93 
 0.71924 -0.19487  0.25085 B   94 
 0.80075  0.06194  0.15814 X   94 
 0.44220 -0.25783  0.37224 B   95 
 0.30638 -0.27305  0.20590 A   95 
 0.54275 -0.46611  0.57700 B   96 
 0.57967 -0.85387  0.32170 K   96 
 0.69356 -0.24738  0.73990 B   97 
 1.05467 -0.21534  0.60991 K   97 
 0.45861 -0.05676  0.80131 B   98 
 0.43029  0.13086  0.55599 I   98 
 0.26251 -0.26187  0.95110 B   99 
 0.14104 -0.41473  0.82582 V   99 
 0.50957 -0.31972  1.16937 B   100 
 0.57631 -0.53024  1.02775 S   100 
 0.53551 -0.02668  1.31960 B   101 
 0.63052  0.21212  1.21307 D   101 
 0.23541 -0.03145  1.52543 B   102 
-0.04663  0.07804  1.36509 B   103 
 0.04212  0.36498  1.48780 N   103 
-0.06701 -0.07866  1.13692 B   104 
-0.31354  0.00076  0.89622 B   105 
-0.40148 -0.30093  0.66159 M   105 
-0.34179  0.30203  1.00501 B   106 
-0.51365  0.19471  1.26638 N   106 
-0.12761  0.41749  0.80631 B   107 
 0.04354  0.30646  0.85234 A   107 
-0.38566  0.39779  0.62329 B   108 
-0.06977  0.11528  0.42674 W   108 
-0.62176  0.62770  0.58447 B   109 
-0.53055  0.86537  0.61185 V   109 
-0.81239  0.47534  0.38846 B   110 
-0.73799  0.51683  0.19166 A   110 
-0.84288  0.22499  0.55915 B   111 
-0.72127 -0.08923  0.75428 W   111 
-0.95141  0.35389  0.81942 B   112 
-0.77874  0.66388  1.04836 R   112 
-1.19290  0.52771  0.66919 B   113 
-1.05573  0.80758  0.75947 N   113 
-1.28515  0.26241  0.45059 B   114 
-1.28026  0.59059  0.07026 R   114 
-1.20639 -0.03952  0.58374 B   115 
-1.02024 -0.02510  0.32543 X   115 
-1.23552 -0.03281  0.86902 B   116 
-0.97143  0.05826  1.21548 K   116 
-1.49825 -0.24118  0.98653 B   117 
-1.54092 -0.38502  0.72869 B   118 
-1.53553 -0.18124  0.56796 T   118 
-1.61433 -0.60036  0.45469 B   119 
-1.78348 -0.83117  0.43704 D   119 
-1.31726 -0.69878  0.31866 B   120 
-1.16996 -0.59257  0.49038 V   120 
-1.39067 -0.96730  0.17518 B   121 
-1.47330 -1.21401  0.50051 Q   121 
-1.52808 -0.83115 -0.07300 B   122 
-1.69039 -0.73038  0.00732 A   122 
-1.24170 -0.77928 -0.22143 B   123 
-1.28700 -0.35810 -0.15757 W   123 
-1.22379 -1.11749 -0.29195 B   124 
-1.03319 -1.16016 -0.10724 I   124 
-1.45063 -1.17662 -0.44779 B   125 
-1.76316 -1.13262 -0.03697 R   125 
-1.42531 -1.40957 -0.71369 B   126 
-1.14758 -1.50074 -0.63707 B   127 
-1.05698 -1.19076 -0.64652 X   127 
-0.86654 -1.71343 -0.73075 B   128 
-0.93765 -2.11263 -0.72322 R   128 
-0.72548 -1.86618 -0.41641 B   129 
-0.70645 -1.60904 -0.38469 L   129 
