246 
 0.16467 -1.27011 -0.38290 B   1 
 0.38654 -1.41610 -0.05778 K   1 
-0.05514 -1.40780 -0.13571 B   2 
-0.27754 -1.41938 -0.26827 V   2 
-0.13307 -1.29194  0.15356 B   3 
 0.25376 -1.09874  0.18443 F   3 
-0.18060 -1.31137  0.46561 B   4 
-0.28265 -1.13631  0.71401 B   5 
-0.63642 -1.10743  0.96623 R   5 
-0.07303 -1.21362  0.94196 B   6 
-0.26986 -1.32748  1.15797 X   6 
 0.16357 -1.20801  0.74046 B   7 
 0.24250 -1.46464  0.45706 E   7 
 0.15114 -0.90944  0.66025 B   8 
 0.01931 -0.78446  0.41305 L   8 
 0.16448 -0.78292  0.93819 B   9 
-0.02772 -0.82045  1.03206 A   9 
 0.44333 -0.88951  1.00426 B   10 
 0.41836 -1.10272  1.04602 A   10 
 0.59345 -0.75555  0.76834 B   11 
 0.56378 -0.88462  0.59683 A   11 
 0.50131 -0.46469  0.82190 B   12 
 0.14019 -0.41859  0.59373 M   12 
 0.62740 -0.45323  1.09835 B   13 
 0.48797 -0.57728  1.48998 K   13 
 0.91990 -0.51706  1.03951 B   14 
 1.09266 -0.83713  0.76692 R   14 
 0.91566 -0.25962  0.83335 B   15 
 0.96642 -0.50176  0.53272 H   15 
 0.76997 -0.02454  1.03081 B   16 
 0.44123  0.04465  1.00168 B   17 
 0.41992 -0.00317  0.68152 L   17 
 0.37951  0.05319  1.28572 B   18 
 0.23516 -0.12539  1.48972 D   18 
 0.29009  0.37523  1.34934 B   19 
 0.22552  0.22421  1.62619 N   19 
 0.33133  0.50793  1.09526 B   20 
 0.67208  0.55833  0.81857 Y   20 
 0.25289  0.82442  1.11538 B   21 
 0.59262  1.05546  0.87714 R   21 
 0.01371  0.70290  1.32498 B   22 
-0.04250  0.41557  1.18606 B   23 
-0.23326  0.73297  0.89593 Y   23 
-0.17134  0.14967  1.25587 B   24 
-0.33819  0.13041  1.41924 S   24 
-0.14322 -0.16196  1.13957 B   25 
 0.06892 -0.38553  1.19931 L   25 
-0.44947 -0.20194  1.06610 B   26 
-0.45493  0.00741  0.83846 B   27 
-0.52928  0.27286  1.03318 N   27 
-0.25858 -0.12994  0.64491 B   28 
 0.05743  0.18206  0.68760 W   28 
-0.41038 -0.39656  0.62089 B   29 
-0.33767 -0.57027  0.80010 V   29 
-0.67573 -0.27646  0.52783 B   30 
-0.89213 -0.16370  0.65987 X   30 
-0.57012 -0.14747  0.27004 B   31 
-0.46405  0.03346  0.33220 A   31 
-0.45340 -0.39865  0.13216 B   32 
-0.26658 -0.44220  0.22972 A   32 
-0.71994 -0.54971  0.11979 B   33 
-0.93183 -0.78671  0.24366 K   33 
-0.88251 -0.31607 -0.06027 B   34 
-1.15813 -0.33566  0.24413 F   34 
-0.66136 -0.28038 -0.28891 B   35 
-0.59453  0.05704 -0.21431 E   35 
-0.54479 -0.61395 -0.33066 B   36 
-0.33422 -0.56372 -0.28309 S   36 
-0.60539 -0.85806 -0.14565 B   37 
-0.85658 -0.99150 -0.18268 N   37 
-0.29515 -0.93373 -0.08208 B   38 
-0.48004 -0.91615  0.28709 F   38 
-0.18041 -0.87572 -0.38692 B   39 
-0.25088 -1.07301 -0.60251 N   39 
 0.12529 -0.80862 -0.53615 B   40 
 0.28532 -0.93986 -0.39720 T   40 
 0.01012 -0.84176 -0.85336 B   41 
 0.17807 -1.19145 -0.94766 Q   41 
-0.16956 -0.60631 -0.85134 B   42 
-0.32794 -0.63931 -0.71525 A   42 
-0.34350 -0.44348 -1.12807 B   43 
-0.14588 -0.49876 -1.26142 T   43 
-0.46279 -0.10041 -1.21978 B   44 
-0.66383 -0.27760 -1.01449 N   44 
-0.62835  0.08298 -1.43403 B   45 
-0.36628  0.14991 -1.86286 R   45 
-0.64907  0.42100 -1.50675 B   46 
-0.53392  0.42609 -1.18420 N   46 
-0.81033  0.67891 -1.65240 B   47 
-1.05664  0.71271 -1.58207 T   47 
-0.52152  0.84574 -1.67502 B   48 
-0.43862  0.88227 -1.42575 D   48 
-0.32184  0.58018 -1.75890 B   49 
-0.24065  0.47515 -1.52116 B   50 
-0.21262  0.63464 -1.33628 S   50 
-0.10522  0.24837 -1.25304 B   51 
-0.13159  0.06279 -1.45049 T   51 
-0.16546  0.01218 -1.01255 B   52 
-0.35872  0.24450 -0.84947 D   52 
 0.06282 -0.13575 -0.76220 B   53 
 0.21064 -0.09350 -1.21729 Y   53 
 0.01958 -0.38643 -0.56418 B   54 
-0.06955 -0.41644 -0.22419 B   55 
 0.04901 -0.59526 -0.05717 I   55 
-0.09507 -0.06585 -0.24001 B   56 
 0.00335 -0.06819  0.06597 L   56 
-0.15573  0.06762 -0.50632 B   57 
-0.37482 -0.15632 -0.65231 Q   57 
 0.08005  0.20415 -0.65787 B   58 
 0.28968  0.22652 -0.43065 I   58 
 0.12291  0.48142 -0.85689 B   59 
-0.10046  0.64910 -0.97855 N   59 
 0.26336  0.57418 -1.18341 B   60 
 0.17170  0.42857 -1.33484 S   60 
 0.24648  0.89946 -1.17623 B   61 
-0.06289  1.04640 -1.43567 R   61 
 0.44055  0.92053 -0.89379 B   62 
 0.13037  1.25339 -0.86471 W   62 
 0.61163  0.64330 -0.78416 B   63 
 0.37766  0.83603 -0.46773 W   63 
 0.63995  0.47157 -1.05915 B   64 
 0.53484  0.24812 -0.97737 X   64 
 0.78132  0.29109 -1.33830 B   65 
 0.93423  0.42970 -1.55191 N   65 
 0.61433  0.15996 -1.66000 B   66 
 0.36165  0.22468 -1.59193 D   66 
 0.65578  0.31263 -1.95208 B   67 
 0.31240  0.42685 -1.97706 B   68 
 0.04534  0.03883 -1.92552 R   68 
 0.32734  0.72428 -1.80933 B   69 
 0.19709  0.61182 -1.62059 T   69 
 0.27239  1.02123 -1.87489 B   70 
 0.15866  0.96085 -2.04572 P   70 
 0.40643  1.24097 -1.65338 B   71 
 0.58402  1.08900 -1.46687 B   72 
 0.57041  0.85827 -1.52208 S   72 
 0.79078  1.05660 -1.14761 B   73 
 0.77839  1.40529 -1.07056 R   73 
 0.92327  0.83726 -0.95918 B   74 
 1.04957  0.61062 -1.06232 N   74 
 0.96490  0.88740 -0.63246 B   75 
 0.77592  1.15018 -0.63036 L   75 
 1.06593  0.58008 -0.55527 B   76 
 0.80423  0.53752 -0.39341 X   76 
 1.26271  0.48288 -0.75967 B   77 
 1.50347  0.59551 -0.82121 N   77 
 1.08348  0.25568 -0.93905 B   78 
 1.10192  0.09868 -0.69066 I   78 
 0.98023 -0.01286 -1.07246 B   79 
 1.16802 -0.08326 -1.13126 P   79 
 0.66348 -0.11996 -1.06520 B   80 
 0.51292  0.13195 -1.18202 X   80 
 0.74049 -0.42791 -1.05398 B   81 
 0.88024 -0.44846 -1.24765 S   81 
 0.86126 -0.42176 -0.76442 B   82 
 1.03409 -0.30264 -0.78036 A   82 
 0.55544 -0.39915 -0.64704 B   83 
 0.55024 -0.07298 -0.62020 L   83 
 0.51247 -0.73418 -0.72001 B   84 
 0.34782 -0.60262 -0.97267 L   84 
 0.66750 -0.86757 -0.52690 B   85 
 0.92571 -0.88716 -0.51695 S   85 
 0.70311 -1.08325 -0.25477 B   86 
 0.78716 -1.29232 -0.33588 S   86 
 0.88104 -0.84766 -0.17294 B   87 
 1.15193 -0.83060 -0.06439 D   87 
 0.76399 -0.56466  0.01738 B   88 
 0.56779 -0.65943  0.17298 I   88 
 0.98794 -0.35282  0.05005 B   89 
 1.20964 -0.47874  0.12396 T   89 
 0.91802 -0.15405 -0.17876 B   90 
 0.98905 -0.24687 -0.36201 A   90 
 0.62688 -0.08449 -0.09175 B   91 
 0.48517 -0.27170 -0.23383 S   91 
 0.69443  0.01725  0.18908 B   92 
 0.71079 -0.17591  0.36555 V   92 
 0.89126  0.24277  0.12154 B   93 
 1.17893  0.07401  0.16571 N   93 
 0.68292  0.38551 -0.05657 B   94 
 0.64691  0.36985 -0.33879 X   94 
 0.45358  0.41579  0.14821 B   95 
 0.36585  0.22026  0.16869 A   95 
 0.60976  0.59428  0.34611 B   96 
 0.85976  0.28591  0.58964 K   96 
 0.61574  0.83069  0.14315 B   97 
 0.93411  0.80802 -0.07239 K   97 
 0.31286  0.86535  0.09446 B   98 
 0.23511  0.66322 -0.12753 I   98 
 0.21664  0.91541  0.39645 B   99 
 0.20006  0.73521  0.54159 V   99 
 0.42823  1.17449  0.40805 B   100 
 0.60511  1.01636  0.52002 S   100 
 0.29231  1.38116  0.18912 B   101 
 0.27846  1.35238 -0.08724 D   101 
 0.00363  1.49677  0.37819 B   102 
-0.27087  1.29356  0.35366 B   103 
-0.34525  1.48934  0.10585 N   103 
-0.18289  1.04161  0.42994 B   104 
-0.40094  0.76574  0.39295 B   105 
-0.30307  0.46147  0.62019 M   105 
-0.58210  0.92079  0.17722 B   106 
-0.71880  1.10194  0.41777 N   106 
-0.42118  0.81148 -0.06945 B   107 
-0.22646  0.87752 -0.03125 A   107 
-0.61105  0.56753  0.00065 B   108 
-0.17537  0.40800  0.05517 W   108 
-0.91910  0.51492 -0.11088 B   109 
-0.95474  0.61151 -0.34531 V   109 
-0.98620  0.24999  0.04170 B   110 
-0.91283  0.09152 -0.08276 A   110 
-0.91977  0.35390  0.32015 B   111 
-0.69424  0.50782  0.59773 W   111 
-1.11171  0.59718  0.33069 B   112 
-1.13876  0.91974  0.05949 R   112 
-1.38240  0.42678  0.23693 B   113 
-1.40664  0.60310 -0.03440 N   113 
-1.30761  0.14373  0.43934 B   114 
-1.40307 -0.14958  0.04282 R   114 
-1.11642  0.23036  0.70587 B   115 
-0.92418  0.03745  0.54029 X   115 
-1.18544  0.49375  0.79608 B   116 
-1.04691  0.90787  0.71008 K   116 
-1.33365  0.49534  1.11901 B   117 
-1.26693  0.21211  1.18472 B   118 
-1.33486  0.10187  0.95972 T   118 
-1.19124 -0.10853  1.32000 B   119 
-1.22817 -0.21481  1.58370 D   119 
-0.86678 -0.17935  1.24159 B   120 
-0.81241  0.04224  1.13957 V   120 
-0.78469 -0.38713  1.46106 B   121 
-0.78738 -0.14989  1.80347 Q   121 
-0.93309 -0.63050  1.32778 B   122 
-1.13322 -0.57684  1.33191 A   122 
-0.68656 -0.68610  1.12072 B   123 
-0.93236 -0.55425  0.79558 W   123 
-0.50256 -0.81497  1.38381 B   124 
-0.34255 -0.59928  1.39587 I   124 
-0.65059 -1.03292  1.48294 B   125 
-1.00203 -0.71715  1.69545 R   125 
-0.48169 -1.32372  1.59483 B   126 
-0.20766 -1.19714  1.58075 B   127 
-0.27247 -1.12124  1.27347 X   127 
 0.15033 -1.25468  1.61985 B   128 
 0.27418 -1.34497  1.99532 R   128 
 0.30029 -0.95111  1.78537 B   129 
 0.19196 -0.86535  1.56537 L   129 
