246 
 0.89367  0.07291  0.99144 B   1 
 1.10636  0.41488  0.87288 K   1 
 0.75142  0.36497  1.14260 B   2 
 0.59566  0.25796  1.31996 V   2 
 0.57938  0.60006  1.00729 B   3 
 0.78548  0.53919  0.63081 F   3 
 0.50335  0.90167  0.95012 B   4 
 0.28515  1.07936  0.79659 B   5 
-0.05955  1.32616  0.89598 R   5 
 0.46482  1.30726  0.66370 B   6 
 0.33306  1.56052  0.79359 X   6 
 0.68663  1.10284  0.58873 B   7 
 0.93618  0.92205  0.82841 E   7 
 0.52417  0.92484  0.39469 B   8 
 0.38498  0.65781  0.45325 L   8 
 0.42284  1.14028  0.20297 B   9 
 0.27151  1.25243  0.31103 A   9 
 0.70021  1.22277  0.10423 B   10 
 0.79085  1.33733  0.26697 A   10 
 0.78562  0.94664 -0.00801 B   11 
 0.85866  0.83266  0.16119 A   11 
 0.54154  0.90119 -0.19326 B   12 
 0.25483  0.69281  0.04957 M   12 
 0.59635  1.14856 -0.36137 B   13 
 0.49042  1.56636 -0.31210 K   13 
 0.88046  1.09849 -0.46070 B   14 
 1.24028  0.94435 -0.22970 R   14 
 0.76665  0.81641 -0.58825 B   15 
 0.98774  0.61612 -0.33807 H   15 
 0.48736  0.92815 -0.74634 B   16 
 0.18403  0.89616 -0.60256 B   17 
 0.24191  0.61435 -0.45263 L   17 
 0.08524  1.16266 -0.66400 B   18 
 0.03404  1.42406 -0.51105 D   18 
-0.17533  1.11565 -0.87765 B   19 
-0.18743  1.43099 -0.81411 N   19 
-0.17576  0.82935 -0.92123 B   20 
 0.11831  0.53289 -1.06561 Y   20 
-0.41761  0.74290 -1.12312 B   21 
-0.22981  0.41978 -1.41617 R   21 
-0.57890  0.99530 -0.96129 B   22 
-0.44540  0.96832 -0.66725 B   23 
-0.73240  0.59777 -0.70754 Y   23 
-0.41521  1.13353 -0.41432 B   24 
-0.56646  1.30292 -0.35658 S   24 
-0.20260  1.13122 -0.15699 B   25 
 0.08549  1.25232 -0.12700 L   25 
-0.42053  1.09430  0.07090 B   26 
-0.50555  0.80889 -0.01266 B   27 
-0.74263  0.90333 -0.23352 N   27 
-0.23917  0.66389  0.04121 B   28 
-0.15845  0.57700 -0.38886 W   28 
-0.21308  0.74287  0.33750 B   29 
-0.08512  0.96666  0.37110 V   29 
-0.48268  0.62965  0.42685 B   30 
-0.74254  0.72678  0.42256 X   30 
-0.42770  0.33738  0.35064 B   31 
-0.44992  0.32653  0.13330 A   31 
-0.17242  0.28870  0.51854 B   32 
-0.01011  0.38416  0.41435 A   32 
-0.30591  0.34520  0.78874 B   33 
-0.36805  0.55585  1.04984 K   33 
-0.54047  0.10508  0.76105 B   34 
-0.80234  0.41297  0.83621 F   34 
-0.34376 -0.13427  0.68065 B   35 
-0.48632 -0.18552  0.36294 E   35 
-0.05791 -0.06438  0.88067 B   36 
 0.07986 -0.04965  0.70766 S   36 
-0.00139  0.19709  1.04170 B   37 
-0.12822  0.22349  1.29761 N   37 
 0.28506  0.26466  0.90244 B   38 
 0.06723  0.61493  0.87723 F   38 
 0.39386 -0.04753  0.88980 B   39 
 0.47778 -0.17669  1.14796 N   39 
 0.63047 -0.22843  0.71228 B   40 
 0.81280 -0.06220  0.67675 T   40 
 0.60281 -0.50707  0.90354 B   41 
 0.94772 -0.48378  1.10322 Q   41 
 0.32534 -0.57638  0.82648 B   42 
 0.19280 -0.42826  0.89849 A   42 
 0.13527 -0.88171  0.88965 B   43 
 0.34825 -0.99893  0.86145 T   43 
-0.13762 -1.07966  0.72630 B   44 
-0.23629 -0.81421  0.91003 N   44 
-0.34171 -1.33415  0.74929 B   45 
-0.09801 -1.77413  0.68538 R   45 
-0.53387 -1.51836  0.52765 B   46 
-0.49158 -1.22498  0.35599 N   46 
-0.78600 -1.73475  0.46990 B   47 
-1.01743 -1.66621  0.56210 T   47 
-0.63758 -1.83078  0.18617 B   48 
-0.62786 -1.61503  0.03224 D   48 
-0.31459 -1.82882  0.30066 B   49 
-0.22649 -1.57459  0.25877 B   50 
-0.31970 -1.45857  0.06317 S   50 
-0.03145 -1.25286  0.26876 B   51 
 0.07941 -1.37168  0.48719 T   51 
 0.01251 -0.94223  0.40598 B   52 
-0.29901 -0.85891  0.28795 D   52 
 0.24298 -0.66995  0.30896 B   53 
 0.41058 -1.11923  0.33710 Y   53 
 0.31537 -0.39504  0.46098 B   54 
 0.20678 -0.06117  0.42664 B   55 
 0.37702  0.15028  0.44191 I   55 
-0.00497 -0.19620  0.18017 B   56 
 0.03024  0.08522  0.02891 L   56 
-0.08753 -0.48823  0.19785 B   57 
-0.12148 -0.53428  0.53872 Q   57 
 0.05382 -0.69131  0.00817 B   58 
 0.17867 -0.49870 -0.20013 I   58 
-0.03338 -0.97636 -0.16349 B   59 
-0.29040 -1.13535 -0.12506 N   59 
 0.08067 -1.32242 -0.21024 B   60 
 0.10890 -1.40822  0.00041 S   60 
-0.11355 -1.42764 -0.44973 B   61 
-0.40860 -1.70333 -0.30294 R   61 
-0.00920 -1.18198 -0.66569 B   62 
-0.45153 -1.25213 -0.75100 W   62 
 0.26715 -0.99316 -0.58745 B   63 
-0.07940 -0.75018 -0.70091 W   63 
 0.42711 -1.19258 -0.38606 B   64 
 0.45153 -1.03229 -0.18264 X   64 
 0.68526 -1.39949 -0.24103 B   65 
 0.76698 -1.65651 -0.36547 N   65 
 0.66977 -1.64527  0.05549 B   66 
 0.41642 -1.58920  0.12856 D   66 
 0.66433 -1.97408  0.00869 B   67 
 0.32354 -2.01697  0.12531 B   68 
 0.31044 -1.81835  0.55533 R   68 
 0.14620 -1.96412 -0.16205 B   69 
 0.07246 -1.74078 -0.06247 T   69 
-0.05250 -2.12535 -0.33532 B   70 
-0.08637 -2.25762 -0.17062 P   70 
-0.09755 -2.00218 -0.64855 B   71 
 0.10334 -1.78527 -0.69343 B   72 
 0.22778 -1.75604 -0.49311 S   72 
 0.24193 -1.48734 -0.88772 B   73 
 0.02781 -1.53555 -1.16968 R   73 
 0.44267 -1.24259 -0.85643 B   74 
 0.68696 -1.26785 -0.72361 N   74 
 0.39918 -0.95664 -1.02177 B   75 
 0.09902 -1.03482 -1.11430 L   75 
 0.63962 -0.78363 -0.87055 B   76 
 0.42364 -0.60201 -0.74068 X   76 
 0.88588 -0.95273 -0.84394 B   77 
 1.03071 -1.06357 -1.04687 N   77 
 0.89152 -1.03123 -0.51269 B   78 
 0.95518 -0.74533 -0.48281 I   78 
 0.97525 -1.05682 -0.20788 B   79 
 1.17709 -1.09843 -0.24266 P   79 
 0.77335 -0.99426  0.05131 B   80 
 0.52889 -1.18222 -0.01713 X   80 
 1.00452 -0.88136  0.23760 B   81 
 1.16011 -1.06370  0.23509 S   81 
 1.05588 -0.61956  0.07239 B   82 
 1.13444 -0.68598 -0.11128 A   82 
 0.77460 -0.49961  0.19201 B   83 
 0.58647 -0.58742 -0.06102 L   83 
 0.93517 -0.44908  0.49381 B   84 
 0.76626 -0.72157  0.56779 L   84 
 1.10630 -0.23112  0.44558 B   85 
 1.32738 -0.23015  0.31038 S   85 
 1.21274  0.09638  0.50267 B   86 
 1.40932  0.08812  0.63921 S   86 
 1.21632  0.08074  0.19673 B   87 
 1.41251  0.16052 -0.00476 D   87 
 0.93522  0.16750 -0.01175 B   88 
 0.80270  0.35753  0.12245 I   88 
 0.99716  0.11138 -0.31027 B   89 
 1.23711  0.21127 -0.36430 T   89 
 0.86527 -0.16768 -0.34875 B   90 
 1.00274 -0.31113 -0.26063 A   90 
 0.57481 -0.09331 -0.26348 B   91 
 0.58349 -0.15299  0.00426 S   91 
 0.53118  0.13025 -0.46815 B   92 
 0.62405  0.36152 -0.38686 V   92 
 0.57867 -0.02281 -0.72984 B   93 
 0.90089  0.06025 -0.77947 N   93 
 0.35637 -0.22685 -0.66313 B   94 
 0.37865 -0.48344 -0.54126 X   94 
 0.12022 -0.03224 -0.62055 B   95 
 0.15289  0.05996 -0.42878 A   95 
 0.11968  0.08186 -0.90760 B   96 
 0.45743  0.40219 -0.89309 K   96 
 0.02535 -0.19053 -1.02602 B   97 
 0.33197 -0.40307 -1.12162 K   97 
-0.23475 -0.23037 -0.86456 B   98 
-0.15316 -0.36341 -0.59655 I   98 
-0.38748  0.04055 -0.94356 B   99 
-0.32397  0.23993 -0.84342 V   99 
-0.35848 -0.05096 -1.26421 B   100 
-0.14337  0.09837 -1.28036 S   100 
-0.55037 -0.31964 -1.27426 B   101 
-0.50358 -0.56750 -1.15690 D   101 
-0.87981 -0.16588 -1.25768 B   102 
-0.98922 -0.10220 -0.93954 B   103 
-1.12022 -0.39774 -0.96719 N   103 
-0.78988  0.05151 -0.82262 B   104 
-0.81103  0.12546 -0.47750 B   105 
-0.59784  0.43804 -0.37438 M   105 
-1.01207 -0.11966 -0.42367 B   106 
-1.26085  0.05061 -0.55962 N   106 
-0.78208 -0.32202 -0.35406 B   107 
-0.66460 -0.32062 -0.52707 A   107 
-0.81411 -0.16058 -0.08316 B   108 
-0.37716 -0.07972 -0.22729 W   108 
-1.02073 -0.22863  0.16739 B   109 
-1.06732 -0.47950  0.18873 V   109 
-0.95310  0.01009  0.35820 B   110 
-0.78654 -0.05569  0.47617 A   110 
-0.99849  0.23073  0.15327 B   111 
-0.94081  0.42387 -0.17986 W   111 
-1.29163  0.16740  0.07454 B   112 
-1.45009 -0.19683 -0.06881 R   112 
-1.40541  0.15468  0.38758 B   113 
-1.48095 -0.15907  0.35363 N   113 
-1.21903  0.43800  0.49561 B   114 
-1.07500  0.17431  0.89822 R   114 
-1.15073  0.64618  0.23658 B   115 
-0.86139  0.54690  0.32608 X   115 
-1.36632  0.64322  0.04739 B   116 
-1.46776  0.41083 -0.31837 K   116 
-1.53818  0.95361  0.02811 B   117 
-1.33741  1.10953  0.18422 B   118 
-1.29795  0.94120  0.37785 T   118 
-1.11932  1.34303  0.34154 B   119 
-1.13138  1.62890  0.35957 D   119 
-0.80214  1.27519  0.23553 B   120 
-0.86406  1.09959  0.06882 V   120 
-0.65387  1.54793  0.27689 B   121 
-0.83923  1.78621 -0.01017 Q   121 
-0.62107  1.51638  0.58825 B   122 
-0.81544  1.51336  0.66009 A   122 
-0.35653  1.32743  0.55583 B   123 
-0.58107  0.99175  0.69874 W   123 
-0.17484  1.60762  0.46549 B   124 
-0.16430  1.53464  0.20697 I   124 
-0.19131  1.78474  0.68365 B   125 
-0.68613  1.89463  0.57663 R   125 
 0.09038  1.98052  0.77272 B   126 
 0.24755  1.90732  0.52523 B   127 
 0.19958  1.59717  0.60195 X   127 
 0.56693  1.94290  0.35281 B   128 
 0.66083  2.31841  0.23179 R   128 
 0.49730  1.98363 -0.01533 B   129 
 0.39484  1.75430  0.05099 L   129 
