246 
 0.77640  0.24804  1.05953 B   1 
 0.98835 -0.11370  1.08089 K   1 
 1.08088  0.27247  0.87226 B   2 
 1.09303  0.52800  0.83075 V   2 
 1.15820  0.13579  0.59204 B   3 
 0.89708 -0.19909  0.67915 F   3 
 1.34629 -0.02479  0.39494 B   4 
 1.36294 -0.12303  0.09026 B   5 
 1.57804 -0.01651 -0.27304 R   5 
 1.47445 -0.42052  0.12107 B   6 
 1.73682 -0.39621 -0.04905 X   6 
 1.29398 -0.47338  0.36856 B   7 
 1.33251 -0.32683  0.72834 E   7 
 1.01728 -0.44329  0.23342 B   8 
 0.83332 -0.19783  0.22978 L   8 
 1.05169 -0.64354  0.00504 B   9 
 1.18955 -0.55272 -0.13605 A   9 
 1.08329 -0.88774  0.18629 B   10 
 1.28367 -0.87350  0.27274 A   10 
 0.80936 -0.86574  0.32988 B   11 
 0.83587 -0.72058  0.48857 A   11 
 0.63141 -0.85922  0.07640 B   12 
 0.59241 -0.44269 -0.02146 M   12 
 0.72221 -1.13288 -0.02012 B   13 
 1.06344 -1.26329 -0.25413 K   13 
 0.65208 -1.31227  0.21651 B   14 
 0.71765 -1.23780  0.66007 R   14 
 0.34230 -1.20396  0.18339 B   15 
 0.36931 -1.02639  0.52883 H   15 
 0.29866 -1.24254 -0.15140 B   16 
 0.33143 -0.97995 -0.36040 B   17 
 0.21492 -0.75475 -0.15803 L   17 
 0.48733 -1.11470 -0.56557 B   18 
 0.77922 -1.11621 -0.66119 D   18 
 0.28853 -1.11986 -0.84163 B   19 
 0.57002 -1.23154 -0.95079 N   19 
 0.04060 -1.00299 -0.74815 B   20 
-0.24652 -1.09208 -0.42436 Y   20 
-0.17914 -0.98824 -0.98944 B   21 
-0.59179 -1.11951 -0.79438 R   21 
 0.09943 -0.92672 -1.17521 B   22 
 0.27798 -0.76589 -0.95781 B   23 
-0.06390 -0.46772 -1.08236 Y   23 
 0.56747 -0.68479 -0.91542 B   24 
 0.71779 -0.65950 -1.09337 S   24 
 0.75053 -0.60031 -0.64937 B   25 
 0.89394 -0.77757 -0.43357 L   25 
 0.84166 -0.31548 -0.75594 B   26 
 0.56009 -0.18764 -0.74909 B   27 
 0.46825 -0.28207 -1.05982 N   27 
 0.51122 -0.20022 -0.44522 B   28 
 0.18275 -0.50069 -0.47451 W   28 
 0.76111 -0.04172 -0.36075 B   29 
 0.96848 -0.19372 -0.32235 V   29 
 0.70079  0.20799 -0.52658 B   30 
 0.74466  0.27761 -0.79154 X   30 
 0.43377  0.27843 -0.39245 B   31 
 0.28639  0.13931 -0.47476 A   31 
 0.52953  0.30282 -0.09927 B   32 
 0.55520  0.10240 -0.02518 A   32 
 0.72838  0.52973 -0.15397 B   33 
 1.04797  0.63684 -0.20683 K   33 
 0.50057  0.74478 -0.27765 B   34 
 0.75648  0.76330 -0.59887 F   34 
 0.28706  0.71792 -0.04070 B   35 
 0.03242  0.58486 -0.24401 E   35 
 0.49766  0.68959  0.24469 B   36 
 0.41523  0.49330  0.30637 S   36 
 0.80639  0.64291  0.24574 B   37 
 0.97379  0.87201  0.20374 N   37 
 0.80202  0.37317  0.42804 B   38 
 1.03227  0.27732  0.09854 F   38 
 0.56546  0.47387  0.63627 B   39 
 0.63737  0.68526  0.83755 N   39 
 0.34026  0.32863  0.85630 B   40 
 0.46576  0.13126  0.94252 T   40 
 0.24288  0.62214  0.99541 B   41 
 0.42379  0.58969  1.34980 Q   41 
 0.11092  0.73404  0.75500 B   42 
 0.25586  0.77165  0.60576 A   42 
-0.10518  1.02661  0.72264 B   43 
-0.19004  0.96631  0.94412 T   43 
-0.38995  1.14111  0.50786 B   44 
-0.08074  1.18195  0.37869 N   44 
-0.59366  1.38538  0.43181 B   45 
-0.94620  1.45166  0.79010 R   45 
-0.89571  1.41300  0.26453 B   46 
-0.77307  1.11896  0.13872 N   46 
-1.12606  1.60264  0.10733 B   47 
-1.04046  1.74250 -0.09235 T   47 
-1.36223  1.37941  0.18573 B   48 
-1.29176  1.15350  0.06598 D   48 
-1.25367  1.30749  0.50270 B   49 
-1.07463  1.10470  0.47159 B   50 
-1.11834  0.94917  0.28638 S   50 
-0.79938  0.85356  0.52469 B   51 
-0.74156  1.01850  0.73343 T   51 
-0.46913  0.77044  0.48901 B   52 
-0.51298  0.79038  0.14901 D   52 
-0.29537  0.45164  0.55866 B   53 
-0.60549  0.62445  0.88223 Y   53 
 0.01976  0.38409  0.56577 B   54 
 0.24351  0.23855  0.33514 B   55 
 0.43445  0.05983  0.40949 I   55 
-0.03840  0.23230  0.12465 B   56 
 0.08709 -0.03764  0.00341 L   56 
-0.26116  0.43472  0.16732 B   57 
-0.08607  0.71799  0.25985 Q   57 
-0.52144  0.33726  0.30860 B   58 
-0.49046  0.03005  0.28147 I   58 
-0.85833  0.40303  0.28629 B   59 
-0.98454  0.63404  0.13292 N   59 
-1.14185  0.49436  0.50129 B   60 
-1.07246  0.67576  0.62300 S   60 
-1.39451  0.46944  0.29712 B   61 
-1.54662  0.85606  0.18760 R   61 
-1.32972  0.13906  0.22982 B   62 
-1.48542  0.32343 -0.15699 W   62 
-1.10510 -0.03316  0.42484 B   63 
-1.02693 -0.07581 -0.00421 W   63 
-1.11472  0.13801  0.70146 B   64 
-0.86077  0.18901  0.72541 X   64 
-1.15488  0.22638  1.04941 B   65 
-1.42216  0.23156  1.17885 N   65 
-1.15948  0.57236  1.21927 B   66 
-1.09789  0.71536  0.99921 D   66 
-1.44272  0.71124  1.32330 B   67 
-1.43947  0.97776  1.07726 B   68 
-1.01764  1.18854  1.12382 R   68 
-1.59864  0.82906  0.81388 B   69 
-1.37206  0.81975  0.69638 T   69 
-1.85331  0.88246  0.64716 B   70 
-1.85533  1.08438  0.71782 P   70 
-1.96022  0.61647  0.46515 B   71 
-1.79956  0.37748  0.54574 B   72 
-1.63762  0.44664  0.70531 S   72 
-1.67716  0.01941  0.49547 B   73 
-1.91478 -0.05587  0.23945 R   73 
-1.44720 -0.17947  0.58896 B   74 
-1.35664 -0.18704  0.85296 N   74 
-1.33562 -0.42461  0.39286 B   75 
-1.48660 -0.30846  0.13117 L   75 
-1.08121 -0.51957  0.58488 B   76 
-0.88317 -0.41848  0.36794 X   76 
-1.16796 -0.52967  0.87179 B   77 
-1.36514 -0.68585  0.97748 N   77 
-1.01960 -0.25523  1.00815 B   78 
-0.77372 -0.41158  0.96589 I   78 
-0.83863 -0.06391  1.18482 B   79 
-0.87061 -0.16267  1.36621 P   79 
-0.64948  0.18435  1.06464 B   80 
-0.86380  0.34805  0.90021 X   80 
-0.42032  0.14985  1.28187 B   81 
-0.54542  0.16863  1.48548 S   81 
-0.31695 -0.12757  1.17781 B   82 
-0.47501 -0.26159  1.21484 A   82 
-0.17994  0.02890  0.92373 B   83 
-0.42705 -0.01756  0.71418 L   83 
 0.06611  0.14247  1.13815 B   84 
-0.11560  0.41580  1.11532 L   84 
 0.22225 -0.08538  1.19129 B   85 
 0.16203 -0.28694  1.34262 S   85 
 0.52192 -0.26398  1.17924 B   86 
 0.62273 -0.25511  1.39630 S   86 
 0.31796 -0.47610  1.09402 B   87 
 0.27408 -0.75393  1.17365 D   87 
 0.22320 -0.53692  0.75149 B   88 
 0.43952 -0.47653  0.60571 I   88 
-0.00091 -0.75043  0.73475 B   89 
 0.06812 -0.95401  0.89052 T   89 
-0.25435 -0.57152  0.71212 B   90 
-0.29451 -0.49951  0.91322 A   90 
-0.17503 -0.41171  0.45650 B   91 
-0.05176 -0.19379  0.56891 S   91 
-0.13624 -0.65267  0.27155 B   92 
 0.10306 -0.75789  0.29115 V   92 
-0.41344 -0.78302  0.28984 B   93 
-0.34566 -1.01364  0.52522 N   93 
-0.55280 -0.52496  0.19243 B   94 
-0.67140 -0.31599  0.34558 X   94 
-0.40181 -0.48339 -0.07389 B   95 
-0.20672 -0.40946 -0.02081 A   95 
-0.49442 -0.74704 -0.20552 B   96 
-0.20190 -1.06169 -0.02570 K   96 
-0.78888 -0.64642 -0.22242 B   97 
-0.97934 -0.74992  0.09593 K   97 
-0.74633 -0.38759 -0.38522 B   98 
-0.67147 -0.16607 -0.18149 I   98 
-0.60393 -0.51168 -0.64462 B   99 
-0.38053 -0.57310 -0.63295 V   99 
-0.87279 -0.70716 -0.68372 B   100 
-0.74457 -0.89746 -0.55654 S   100 
-1.10689 -0.48494 -0.75396 B   101 
-1.21893 -0.29529 -0.58403 D   101 
-1.01383 -0.39675 -1.09457 B   102 
-0.77670 -0.15068 -1.11613 B   103 
-1.03593  0.04405 -1.12847 N   103 
-0.56318 -0.24075 -0.96339 B   104 
-0.29161 -0.02244 -0.90331 B   105 
 0.03711 -0.21092 -0.80224 M   105 
-0.46839  0.23757 -0.97070 B   106 
-0.44973  0.17017 -1.29393 N   106 
-0.55551  0.28304 -0.67232 B   107 
-0.65041  0.10321 -0.62339 A   107 
-0.26438  0.40831 -0.67739 B   108 
-0.24523  0.05709 -0.36996 W   108 
-0.18175  0.72006 -0.75543 B   109 
-0.36661  0.88681 -0.69561 V   109 
 0.12938  0.70114 -0.72697 B   110 
 0.17096  0.74061 -0.52033 A   110 
 0.16557  0.46233 -0.91244 B   111 
 0.11120  0.09744 -1.03695 W   111 
 0.03546  0.57735 -1.16931 B   112 
-0.35236  0.73789 -1.21556 R   112 
 0.21007  0.86127 -1.16764 B   113 
-0.06111  1.03470 -1.12660 N   113 
 0.51641  0.70408 -1.07755 B   114 
 0.58203  1.05967 -0.72880 R   114 
 0.52135  0.37933 -1.17559 B   115 
 0.53258  0.35773 -0.85779 X   115 
 0.37674  0.34764 -1.42127 B   116 
-0.04316  0.25432 -1.53555 K   116 
 0.58500  0.25488 -1.69381 B   117 
 0.82501  0.19098 -1.52858 B   118 
 0.82137  0.39752 -1.37136 T   118 
 1.12742  0.07972 -1.37689 B   119 
 1.35761 -0.04927 -1.48900 D   119 
 1.04300 -0.11090 -1.10674 B   120 
 0.79624 -0.11005 -1.14644 V   120 
 1.29515 -0.29223 -1.06653 B   121 
 1.27810 -0.53264 -1.40632 Q   121 
 1.47011 -0.06907 -0.93014 B   122 
 1.49183  0.07567 -1.07686 A   122 
 1.33295 -0.11973 -0.63798 B   123 
 1.13986  0.26175 -0.66456 W   123 
 1.51170 -0.41477 -0.61189 B   124 
 1.29415 -0.56672 -0.65495 I   124 
 1.78345 -0.34261 -0.62548 B   125 
 1.74706 -0.24187 -1.13234 R   125 
 2.02081 -0.51321 -0.42507 B   126 
 1.82595 -0.72648 -0.33641 B   127 
 1.63010 -0.48890 -0.23852 X   127 
 1.77967 -1.01894 -0.12354 B   128 
 2.00300 -1.34361 -0.21939 R   128 
 1.57208 -1.26999 -0.31307 B   129 
 1.42602 -1.05582 -0.29631 L   129 
