246 
 0.19973 -0.06158 -1.32031 B   1 
 0.24838 -0.47589 -1.36745 K   1 
-0.11552 -0.21498 -1.39420 B   2 
-0.26044 -0.00687 -1.44767 V   2 
-0.29864 -0.40210 -1.20810 B   3 
 0.05359 -0.54754 -1.00148 F   3 
-0.47595 -0.65633 -1.14534 B   4 
-0.65820 -0.78266 -0.91385 B   5 
-1.08162 -0.84021 -0.83017 R   5 
-0.57319 -1.09023 -0.92105 B   6 
-0.85239 -1.22060 -0.97955 X   6 
-0.27385 -1.01705 -0.96173 B   7 
-0.10470 -0.87107 -1.28186 E   7 
-0.22469 -0.86673 -0.69580 B   8 
-0.22726 -0.56416 -0.64532 L   8 
-0.31986 -1.08091 -0.49956 B   9 
-0.53620 -1.08830 -0.51684 A   9 
-0.10617 -1.28587 -0.57582 B   10 
-0.16515 -1.36513 -0.77093 A   10 
 0.14119 -1.11296 -0.50475 B   11 
 0.17612 -0.98441 -0.67566 A   11 
 0.06095 -1.04575 -0.21320 B   12 
-0.16315 -0.68024 -0.24092 M   12 
 0.05788 -1.33662 -0.12462 B   13 
-0.24525 -1.64633 -0.14440 K   13 
 0.34076 -1.42862 -0.19249 B   14 
 0.58425 -1.34871 -0.56788 R   14 
 0.44727 -1.18333  0.00058 B   15 
 0.59967 -1.00656 -0.31107 H   15 
 0.25267 -1.23149  0.27497 B   16 
-0.02495 -1.04633  0.32345 B   17 
 0.08791 -0.77227  0.19154 L   17 
-0.20065 -1.26310  0.40526 B   18 
-0.43316 -1.42219  0.28288 D   18 
-0.27999 -1.19789  0.72962 B   19 
-0.46922 -1.44759  0.65570 N   19 
-0.12307 -0.96241  0.79120 B   20 
 0.30601 -0.85799  0.77698 Y   20 
-0.17449 -0.86573  1.09899 B   21 
 0.25317 -0.74842  1.26899 R   21 
-0.48977 -0.97413  1.03006 B   22 
-0.50652 -0.90232  0.71450 B   23 
-0.52699 -0.48838  0.93708 Y   23 
-0.67561 -0.97415  0.47280 B   24 
-0.89710 -1.04803  0.49239 S   24 
-0.62816 -0.96461  0.14251 B   25 
-0.48214 -1.16479 -0.05027 L   25 
-0.87623 -0.77846  0.07473 B   26 
-0.76590 -0.52622  0.21571 B   27 
-0.89241 -0.59525  0.52089 N   27 
-0.51874 -0.47865  0.03813 B   28 
-0.22489 -0.57357  0.36011 W   28 
-0.66865 -0.45956 -0.22995 B   29 
-0.69469 -0.69004 -0.34734 V   29 
-0.85750 -0.23369 -0.14741 B   30 
-1.09869 -0.22558 -0.01053 X   30 
-0.64135 -0.02383 -0.08835 B   31 
-0.55639 -0.07778  0.10586 A   31 
-0.49961 -0.01872 -0.36332 B   32 
-0.37668 -0.19508 -0.37340 A   32 
-0.74768  0.06926 -0.52061 B   33 
-1.01203 -0.00604 -0.72273 K   33 
-0.79695  0.35459 -0.34856 B   34 
-1.17645  0.20577 -0.29522 F   34 
-0.49734  0.46554 -0.36797 B   35 
-0.43926  0.45745 -0.02091 E   35 
-0.40387  0.36673 -0.69676 B   36 
-0.23005  0.24704 -0.62902 S   36 
-0.55862  0.17119 -0.88466 B   37 
-0.78081  0.27831 -1.03104 N   37 
-0.31289 -0.03739 -0.93081 B   38 
-0.63497 -0.27214 -0.82155 F   38 
-0.07473  0.19124 -0.95235 B   39 
-0.06378  0.35833 -1.20202 N   39 
 0.27000  0.20483 -0.91770 B   40 
 0.34347 -0.01792 -1.00211 T   40 
 0.29835  0.52072 -1.03765 B   41 
 0.45904  0.44102 -1.39431 Q   41 
 0.15633  0.65643 -0.81597 B   42 
-0.04713  0.59900 -0.81660 A   42 
 0.13172  1.01237 -0.73821 B   43 
 0.36161  1.02809 -0.82067 T   43 
 0.09344  1.23021 -0.43586 B   44 
-0.19055  1.09493 -0.55835 N   44 
 0.05160  1.53369 -0.32141 B   45 
 0.47600  1.80797 -0.36267 R   45 
 0.09357  1.69111 -0.01574 B   46 
 0.06047  1.36349  0.07861 N   46 
 0.03295  1.95223  0.18889 B   47 
-0.21586  2.00669  0.23234 T   47 
 0.31735  1.88886  0.35277 B   48 
 0.28914  1.64657  0.45689 D   48 
 0.50957  1.80768  0.08094 B   49 
 0.47230  1.54028  0.04556 B   50 
 0.43287  1.40858  0.24929 S   50 
 0.46027  1.19229 -0.09733 B   51 
 0.50425  1.32754 -0.32947 T   51 
 0.28294  0.95061 -0.26283 B   52 
 0.05987  0.95209 -0.00176 D   52 
 0.36901  0.59770 -0.33152 B   53 
 0.69952  0.93797 -0.40716 Y   53 
 0.22379  0.38172 -0.52175 B   54 
-0.00380  0.11867 -0.46306 B   55 
 0.01620 -0.12243 -0.58716 I   55 
 0.01072  0.23213 -0.13030 B   56 
-0.03104 -0.07577 -0.04804 L   56 
 0.08114  0.52255 -0.07446 B   57 
-0.07372  0.68710 -0.33600 Q   57 
 0.36998  0.58601  0.02426 B   58 
 0.46406  0.30428  0.11290 I   58 
 0.51762  0.80974  0.23981 B   59 
 0.38294  1.05421  0.36193 N   59 
 0.79122  1.05478  0.24680 B   60 
 0.76031  1.18864  0.06333 S   60 
 0.80152  1.13821  0.56157 B   61 
 0.64619  1.53386  0.62432 R   61 
 0.85796  0.81514  0.66315 B   62 
 0.59545  1.00864  0.98173 W   62 
 0.94106  0.57601  0.43064 B   63 
 0.61260  0.45247  0.69306 W   63 
 1.06850  0.75814  0.19294 B   64 
 0.91942  0.67640 -0.00393 X   64 
 1.29878  0.89266 -0.05070 B   65 
 1.53957  1.04623  0.03088 N   65 
 1.27376  1.21011 -0.26790 B   66 
 1.02289  1.27710 -0.19546 D   66 
 1.44879  1.48341 -0.19718 B   67 
 1.16019  1.68273 -0.10468 B   68 
 0.86365  1.65568 -0.47329 R   68 
 1.12838  1.60644  0.22696 B   69 
 0.92087  1.47117  0.16468 T   69 
 1.13286  1.76210  0.49389 B   70 
 1.09782  1.94388  0.38667 P   70 
 1.17862  1.56804  0.76876 B   71 
 1.24586  1.29129  0.67759 B   72 
 1.23683  1.28655  0.44018 S   72 
 1.29337  0.91735  0.73785 B   73 
 1.28004  0.94430  1.09390 R   73 
 1.31326  0.64143  0.58085 B   74 
 1.45100  0.61856  0.33906 N   74 
 1.21611  0.35348  0.71738 B   75 
 1.06809  0.50006  0.96512 L   75 
 1.24728  0.16516  0.44503 B   76 
 0.93896  0.12780  0.43877 X   76 
 1.50296  0.23208  0.30326 B   77 
 1.75589  0.20949  0.40305 N   77 
 1.39791  0.40742  0.03096 B   78 
 1.29504  0.14485 -0.05366 I   78 
 1.33811  0.49960 -0.26652 B   79 
 1.52609  0.45127 -0.34404 P   79 
 1.04034  0.60349 -0.37784 B   80 
 0.97656  0.83352 -0.17098 X   80 
 1.07788  0.48248 -0.66911 B   81 
 1.28436  0.58424 -0.73598 S   81 
 1.06397  0.18124 -0.58233 B   82 
 1.23688  0.15027 -0.46631 A   82 
 0.74056  0.21796 -0.53903 B   83 
 0.75309  0.27954 -0.21781 L   83 
 0.70350  0.21491 -0.88259 B   84 
 0.67427  0.53810 -0.82826 L   84 
 0.74923 -0.05306 -0.95482 B   85 
 0.97584 -0.17851 -0.96286 S   85 
 0.64657 -0.35846 -1.08911 B   86 
 0.73843 -0.37763 -1.30945 S   86 
 0.79269 -0.44672 -0.83472 B   87 
 0.99198 -0.65368 -0.78081 D   87 
 0.63112 -0.48901 -0.51516 B   88 
 0.37987 -0.56255 -0.57130 I   88 
 0.83752 -0.56070 -0.29526 B   89 
 0.99470 -0.75257 -0.38988 T   89 
 0.88937 -0.28219 -0.16683 B   90 
 1.02318 -0.17796 -0.30274 A   90 
 0.59624 -0.21368 -0.08590 B   91 
 0.51262 -0.07675 -0.30857 S   91 
 0.54650 -0.46011  0.08894 B   92 
 0.46918 -0.66873 -0.04970 V   92 
 0.77232 -0.42992  0.29451 B   93 
 0.99780 -0.63549  0.15279 N   93 
 0.67301 -0.14946  0.37805 B   94 
 0.75929  0.10630  0.28675 X   94 
 0.38196 -0.21954  0.45441 B   95 
 0.27707 -0.24871  0.26869 A   95 
 0.45409 -0.41323  0.68397 B   96 
 0.54854 -0.81025  0.45958 K   96 
 0.56660 -0.18043  0.85795 B   97 
 0.94308 -0.13771  0.78888 K   97 
 0.31757  0.00171  0.86878 B   98 
 0.32426  0.17626  0.61252 I   98 
 0.10679 -0.20515  0.99428 B   99 
 0.01427 -0.36910  0.85874 V   99 
 0.31518 -0.24131  1.25370 B   100 
 0.41295 -0.45483  1.13673 S   100 
 0.30407  0.05926  1.39027 B   101 
 0.40667  0.29702  1.28859 D   101 
-0.02624  0.05008  1.54277 B   102 
-0.28087  0.13883  1.33175 B   103 
-0.22522  0.43495  1.45211 N   103 
-0.25622 -0.02903  1.11210 B   104 
-0.46109  0.02764  0.82955 B   105 
-0.49637 -0.28833  0.59995 M   105 
-0.51884  0.33198  0.91580 B   106 
-0.72841  0.22899  1.14998 N   106 
-0.27854  0.44795  0.74998 B   107 
-0.11361  0.34723  0.82995 A   107 
-0.50079  0.40785  0.52757 B   108 
-0.14560  0.13152  0.40220 W   108 
-0.73541  0.62451  0.43744 B   109 
-0.65926  0.86717  0.46701 V   109 
-0.88403  0.45456  0.22065 B   110 
-0.77890  0.49032  0.03719 A   110 
-0.93357  0.21122  0.39692 B   111 
-0.83505 -0.08765  0.62621 W   111 
-1.08956  0.34685  0.62803 B   112 
-0.97020  0.67477  0.86581 R   112 
-1.30843  0.50213  0.43033 B   113 
-1.19932  0.79195  0.52726 N   113 
-1.35205  0.22301  0.21383 B   114 
-1.29505  0.53313 -0.17726 R   114 
-1.28567 -0.06845  0.37425 B   115 
-1.05900 -0.05736  0.15045 X   115 
-1.36309 -0.04992  0.64982 B   116 
-1.16537  0.06923  1.03033 K   116 
-1.63387 -0.26461  0.73254 B   117 
-1.62661 -0.42204  0.47925 B   118 
-1.60172 -0.22589  0.31105 T   118 
-1.64416 -0.65299  0.20872 B   119 
-1.79897 -0.89198  0.17529 D   119 
-1.32478 -0.74370  0.12993 B   120 
-1.21295 -0.62294  0.31801 V   120 
-1.36249 -1.02168 -0.00928 B   121 
-1.48980 -1.25666  0.31028 Q   121 
-1.46079 -0.90368 -0.28392 B   122 
-1.63809 -0.80695 -0.23748 A   122 
-1.15553 -0.84549 -0.38474 B   123 
-1.22697 -0.42437 -0.35198 W   123 
-1.11308 -1.18540 -0.43308 B   124 
-0.95516 -1.21059 -0.21699 I   124 
-1.30772 -1.26215 -0.62139 B   125 
-1.68696 -1.21375 -0.27180 R   125 
-1.22875 -1.50572 -0.86645 B   126 
-0.96483 -1.58025 -0.73954 B   127 
-0.88578 -1.26717 -0.75020 X   127 
-0.66410 -1.78377 -0.77322 B   128 
-0.72026 -2.18506 -0.75642 R   128 
-0.57282 -1.91511 -0.43196 B   129 
-0.56923 -1.65617 -0.41128 L   129 
