246 
-0.47378 -0.72935  1.01514 B   1 
-0.12710 -0.94126  1.12070 K   1 
-0.29397 -0.55240  1.26957 B   2 
-0.47039 -0.37683  1.34178 V   2 
-0.01657 -0.39195  1.24759 B   3 
 0.11467 -0.65514  0.92913 F   3 
 0.27483 -0.31139  1.34037 B   4 
 0.51379 -0.11079  1.26674 B   5 
 0.68841  0.25612  1.42320 R   5 
 0.77080 -0.29761  1.29722 B   6 
 0.92764 -0.13604  1.51556 X   6 
 0.62477 -0.53752  1.16407 B   7 
 0.33824 -0.75620  1.31401 E   7 
 0.57613 -0.41472  0.88428 B   8 
 0.32171 -0.28093  0.77713 L   8 
 0.86266 -0.33353  0.81536 B   9 
 0.90987 -0.16253  0.94062 A   9 
 0.97357 -0.61846  0.81608 B   10 
 0.98616 -0.67802  1.02613 A   10 
 0.78979 -0.73266  0.59399 B   11 
 0.60306 -0.78457  0.69092 A   11 
 0.85377 -0.52174  0.37633 B   12 
 0.56167 -0.21173  0.43253 M   12 
 1.15003 -0.58967  0.36763 B   13 
 1.48847 -0.45807  0.60501 K   13 
 1.14691 -0.88754  0.30167 B   14 
 0.88366 -1.21518  0.47471 R   14 
 0.97313 -0.80761  0.03296 B   15 
 0.66553 -0.99753  0.17754 H   15 
 1.15990 -0.55048 -0.08737 B   16 
 1.07051 -0.23075 -0.02828 B   17 
 0.74970 -0.27845 -0.03515 L   17 
 1.33471 -0.13001  0.03958 B   18 
 1.48388 -0.04412  0.29397 D   18 
 1.41238  0.09284 -0.20550 B   19 
 1.65194  0.12913  0.00644 N   19 
 1.18814  0.07328 -0.38771 B   20 
 0.99550 -0.25276 -0.61529 Y   20 
 1.22521  0.27757 -0.63994 B   21 
 1.08905  0.03277 -1.02346 R   21 
 1.36618  0.47307 -0.39949 B   22 
 1.18869  0.38438 -0.14328 B   23 
 0.90083  0.64435 -0.40947 Y   23 
 1.20129  0.40049  0.15963 B   24 
 1.32331  0.56647  0.27126 S   24 
 1.06075  0.22929  0.40938 B   25 
 1.13911 -0.04499  0.54050 L   25 
 0.92126  0.47715  0.55042 B   26 
 0.72121  0.53514  0.32175 B   27 
 0.92341  0.74031  0.14590 N   27 
 0.55924  0.27345  0.33486 B   28 
 0.69992  0.12475 -0.06153 W   28 
 0.47576  0.29611  0.63019 B   29 
 0.64656  0.18531  0.79184 V   29 
 0.34287  0.57052  0.60712 B   30 
 0.43822  0.83101  0.61279 X   30 
 0.12803  0.49104  0.40272 B   31 
 0.22990  0.47967  0.20949 A   31 
-0.00856  0.26205  0.55965 B   32 
 0.12053  0.09051  0.54466 A   32 
-0.09226  0.43730  0.79694 B   33 
-0.04130  0.54793  1.11564 K   33 
-0.27619  0.65349  0.61565 B   34 
-0.03974  0.93782  0.79527 F   34 
-0.44860  0.43591  0.45631 B   35 
-0.32608  0.52632  0.13898 E   35 
-0.50058  0.18712  0.70532 B   36 
-0.40511  0.02566  0.58724 S   36 
-0.35944  0.16786  0.98316 B   37 
-0.46202  0.33297  1.19408 N   37 
-0.24112 -0.13286  0.94335 B   38 
 0.08117  0.09483  1.06612 F   38 
-0.50738 -0.25680  0.79105 B   39 
-0.75275 -0.30673  0.95739 N   39 
-0.58162 -0.52570  0.58512 B   40 
-0.42724 -0.70333  0.66731 T   40 
-0.91755 -0.48255  0.60178 B   41 
-1.01164 -0.79190  0.83594 Q   41 
-0.92783 -0.22345  0.45863 B   42 
-0.83204 -0.07477  0.57444 A   42 
-1.21568 -0.04052  0.32815 B   43 
-1.31008 -0.26056  0.27752 T   43 
-1.29300  0.19501  0.04729 B   44 
-1.15424  0.33260  0.32256 N   44 
-1.51617  0.38810 -0.09363 B   45 
-1.87134  0.11723 -0.33349 R   45 
-1.55504  0.53577 -0.40453 B   46 
-1.21692  0.48182 -0.39484 N   46 
-1.70264  0.76588 -0.60200 B   47 
-1.68195  1.01154 -0.52462 T   47 
-1.64664  0.57200 -0.86851 B   48 
-1.38313  0.54926 -0.88815 D   48 
-1.71501  0.27045 -0.72078 B   49 
-1.47819  0.18903 -0.61384 B   50 
-1.27556  0.25697 -0.73521 S   50 
-1.21358  0.01300 -0.41224 B   51 
-1.43087 -0.06905 -0.27022 T   51 
-1.01757  0.00485 -0.13159 B   52 
-0.87442  0.29854 -0.23731 D   52 
-0.74245 -0.22464 -0.04037 B   53 
-1.14959 -0.40690 -0.21858 Y   53 
-0.58575 -0.26030  0.23908 B   54 
-0.27698 -0.14263  0.36258 B   55 
-0.10903 -0.29853  0.50892 I   55 
-0.26018  0.02292  0.05253 B   56 
 0.05754 -0.02150  0.07238 L   56 
-0.51745  0.09346 -0.09325 B   57 
-0.72896  0.17628  0.16726 Q   57 
-0.60108 -0.08426 -0.33537 B   58 
-0.33413 -0.22998 -0.39516 I   58 
-0.75600 -0.03741 -0.63890 B   59 
-0.90287  0.21475 -0.72643 N   59 
-1.03428 -0.17328 -0.83651 B   60 
-1.21615 -0.17337 -0.69703 S   60 
-0.99603 -0.02258 -1.12282 B   61 
-1.29698  0.27802 -1.18348 R   61 
-0.67877 -0.14673 -1.16536 B   62 
-0.67950  0.27388 -1.34126 W   62 
-0.56620 -0.39895 -0.96078 B   63 
-0.28668 -0.06251 -0.98704 W   63 
-0.84601 -0.53583 -0.86652 B   64 
-0.81229 -0.52173 -0.60898 X   64 
-1.10726 -0.77852 -0.80878 B   65 
-1.26826 -0.89003 -1.03209 N   65 
-1.46882 -0.72997 -0.68433 B   66 
-1.44834 -0.46614 -0.63286 D   66 
-1.72783 -0.74704 -0.89160 B   67 
-1.81141 -0.39494 -0.86682 B   68 
-1.85841 -0.30779 -0.40343 R   68 
-1.61342 -0.26074 -1.11098 B   69 
-1.46908 -0.16244 -0.92460 T   69 
-1.65685 -0.09824 -1.37022 B   70 
-1.85308 -0.04611 -1.30282 P   70 
-1.39009 -0.09528 -1.58032 B   71 
-1.18803 -0.29027 -1.47752 B   72 
-1.26921 -0.38154 -1.27369 S   72 
-0.83804 -0.44251 -1.46990 B   73 
-0.72843 -0.27590 -1.76638 R   73 
-0.65071 -0.62455 -1.28840 B   74 
-0.74892 -0.84690 -1.15103 N   74 
-0.31904 -0.59318 -1.29030 B   75 
-0.32825 -0.31443 -1.45455 L   75 
-0.25581 -0.79967 -1.03736 B   76 
-0.15751 -0.55830 -0.86832 X   76 
-0.42394 -1.04673 -1.06270 B   77 
-0.42159 -1.22557 -1.26874 N   77 
-0.65996 -1.00597 -0.82072 B   78 
-0.43143 -1.05094 -0.64062 I   78 
-0.83988 -1.04383 -0.56232 B   79 
-0.86547 -1.25032 -0.58190 P   79 
-0.91025 -0.80241 -0.34183 B   80 
-1.02824 -0.58015 -0.53275 X   80 
-0.91623 -0.99726 -0.09106 B   81 
-1.07761 -1.15982 -0.16174 S   81 
-0.60890 -1.06067 -0.09051 B   82 
-0.57567 -1.16908 -0.26788 A   82 
-0.55606 -0.75926  0.02853 B   83 
-0.49618 -0.61580 -0.25950 L   83 
-0.67178 -0.86988  0.33478 B   84 
-0.93764 -0.70468  0.23338 L   84 
-0.46601 -1.03594  0.43071 B   85 
-0.40466 -1.27460  0.35052 S   85 
-0.21709 -1.11709  0.66156 B   86 
-0.30080 -1.29098  0.80338 S   86 
-0.07529 -1.16755  0.39473 B   87 
 0.08848 -1.38797  0.29446 D   87 
 0.11563 -0.91740  0.21871 B   88 
 0.21591 -0.75739  0.40852 I   88 
 0.21668 -1.02626 -0.05339 B   89 
 0.32124 -1.26667 -0.01168 T   89 
 0.00093 -0.91490 -0.24781 B   90 
-0.17236 -1.04404 -0.22469 A   90 
 0.03233 -0.61173 -0.18242 B   91 
-0.15534 -0.58267  0.01571 S   91 
 0.33029 -0.58908 -0.24933 B   92 
 0.48461 -0.65770 -0.04884 V   92 
 0.32974 -0.68265 -0.54158 B   93 
 0.41455 -1.00442 -0.49203 N   93 
 0.12845 -0.46262 -0.62264 B   94 
-0.15510 -0.47822 -0.64599 X   94 
 0.28302 -0.21390 -0.52414 B   95 
 0.26375 -0.21289 -0.30973 A   95 
 0.52703 -0.25136 -0.70980 B   96 
 0.78288 -0.56769 -0.48314 K   96 
 0.35623 -0.18884 -0.96286 B   97 
 0.21057 -0.51599 -1.10458 K   97 
 0.24952  0.09050 -0.88611 B   98 
-0.00410  0.04416 -0.71374 I   98 
 0.52844  0.24205 -0.83919 B   99 
 0.64682  0.20379 -0.64340 V   99 
 0.61149  0.16073 -1.15307 B   100 
 0.74027 -0.04712 -1.05799 S   100 
 0.39244  0.33612 -1.32734 B   101 
 0.11779  0.29604 -1.34631 D   101 
 0.52849  0.67112 -1.28594 B   102 
 0.42574  0.83017 -1.00065 B   103 
 0.19027  0.94151 -1.19411 N   103 
 0.49128  0.65817 -0.79291 B   104 
 0.38041  0.73462 -0.46598 B   105 
 0.58919  0.55430 -0.18725 M   105 
 0.14952  0.92979 -0.57553 B   106 
 0.37429  1.16288 -0.64272 N   106 
-0.06847  0.70373 -0.58377 B   107 
 0.01629  0.56167 -0.71173 A   107 
-0.06594  0.78380 -0.27708 B   108 
 0.06075  0.33437 -0.29116 W   108 
-0.24415  1.02247 -0.13086 B   109 
-0.46916  1.05996 -0.24714 V   109 
-0.13812  0.99567  0.16241 B   110 
-0.26078  0.84593  0.25470 A   110 
 0.15754  1.01988  0.09353 B   111 
 0.49083  0.92166 -0.08218 W   111 
 0.15383  1.29448 -0.05041 B   112 
-0.08097  1.41226 -0.38104 R   112 
-0.01192  1.45349  0.19113 B   113 
-0.26191  1.50827 -0.00837 N   113 
 0.17017  1.29903  0.45507 B   114 
-0.26658  1.20525  0.68492 R   114 
 0.47837  1.20222  0.35145 B   115 
 0.33681  0.92538  0.42149 X   115 
 0.57987  1.38639  0.15637 B   116 
 0.56939  1.42047 -0.28726 K   116 
 0.86313  1.56772  0.27101 B   117 
 0.91062  1.40033  0.51333 B   118 
 0.66594  1.38272  0.59825 T   118 
 1.02362  1.21965  0.79868 B   119 
 1.26093  1.24767  0.95709 D   119 
 1.00739  0.88728  0.72312 B   120 
 0.94322  0.91504  0.48317 V   120 
 1.21563  0.75989  0.91929 B   121 
 1.57334  0.91073  0.76819 Q   121 
 1.02913  0.77303  1.17239 B   122 
 0.99720  0.97566  1.20191 A   122 
 0.87322  0.49807  1.08973 B   123 
 0.52003  0.72566  1.00620 W   123 
 1.15355  0.31814  1.18313 B   124 
 1.22166  0.26529  0.92850 I   124 
 1.19578  0.37563  1.45544 B   125 
 1.36295  0.85322  1.34435 R   125 
 1.30864  0.12009  1.67355 B   126 
 1.36556 -0.07590  1.45069 B   127 
 1.06144 -0.03146  1.35111 X   127 
 1.47197 -0.41562  1.37160 B   128 
 1.85315 -0.50904  1.47382 R   128 
 1.69659 -0.40054  1.06934 B   129 
 1.46932 -0.30009  0.99354 L   129 
