246 
 0.48330  0.98820 -0.75947 B   1 
 0.45500  0.80953 -1.13830 K   1 
 0.16910  1.06996 -0.91102 B   2 
 0.08667  1.25956 -0.75474 V   2 
-0.08673  0.88236 -0.96140 B   3 
 0.17019  0.53485 -0.99529 F   3 
-0.32228  0.76103 -1.13404 B   4 
-0.57527  0.56576 -1.10899 B   5 
-1.00906  0.59856 -1.09020 R   5 
-0.55625  0.39547 -1.37829 B   6 
-0.83500  0.46488 -1.50419 X   6 
-0.24717  0.37305 -1.35427 B   7 
 0.01798  0.65438 -1.40867 E   7 
-0.23108  0.21408 -1.08932 B   8 
-0.18280  0.32137 -0.80602 L   8 
-0.41124 -0.02188 -1.16217 B   9 
-0.61441  0.05471 -1.16557 A   9 
-0.23271 -0.12490 -1.38801 B   10 
-0.25989  0.01389 -1.55481 A   10 
 0.02163 -0.17409 -1.21763 B   11 
 0.12099  0.01774 -1.20069 A   11 
-0.10838 -0.35509 -1.00247 B   12 
-0.23958 -0.08546 -0.69475 M   12 
-0.19185 -0.56862 -1.20220 B   13 
-0.53932 -0.61114 -1.45844 K   13 
 0.07381 -0.64446 -1.33167 B   14 
 0.40881 -0.37293 -1.47535 R   14 
 0.18091 -0.71501 -1.02779 B   15 
 0.43451 -0.42046 -1.05069 H   15 
-0.07764 -0.90339 -0.91317 B   16 
-0.31459 -0.76781 -0.71523 B   17 
-0.12017 -0.56060 -0.55866 L   17 
-0.54531 -0.88690 -0.84615 B   18 
-0.77078 -0.79356 -1.03268 D   18 
-0.68248 -1.09596 -0.61543 B   19 
-0.89675 -1.09970 -0.85564 N   19 
-0.49901 -1.07921 -0.39200 B   20 
-0.06628 -1.14763 -0.33473 Y   20 
-0.59931 -1.26789 -0.14488 B   21 
-0.20799 -1.48016  0.02053 R   21 
-0.90541 -1.16820 -0.25567 B   22 
-0.83334 -0.87007 -0.36024 B   23 
-0.81901 -0.84359  0.10922 Y   23 
-0.95286 -0.65594 -0.53923 B   24 
-1.18320 -0.64040 -0.57927 S   24 
-0.82919 -0.39578 -0.70792 B   25 
-0.68699 -0.38056 -0.98740 L   25 
-1.01090 -0.17370 -0.57209 B   26 
-0.88666 -0.19944 -0.29000 B   27 
-1.09193 -0.44399 -0.18060 N   27 
-0.60072 -0.10653 -0.35699 B   28 
-0.41563 -0.50582 -0.28397 W   28 
-0.67713  0.16772 -0.47385 B   29 
-0.72221  0.15905 -0.72973 V   29 
-0.82919  0.26823 -0.22836 B   30 
-1.08853  0.23396 -0.13594 X   30 
-0.59411  0.25644 -0.03126 B   31 
-0.56950  0.04539  0.02070 A   31 
-0.39455  0.44042 -0.17976 B   32 
-0.31175  0.32499 -0.34142 A   32 
-0.57575  0.68773 -0.17436 B   33 
-0.79572  0.89690 -0.33013 K   33 
-0.60361  0.70148  0.16101 B   34 
-1.00745  0.70110  0.08398 F   34 
-0.29141  0.68004  0.22826 B   35 
-0.31834  0.37466  0.40117 E   35 
-0.14671  0.87200 -0.03407 B   36 
-0.02186  0.70510 -0.10947 S   36 
-0.29058  0.97736 -0.29038 B   37 
-0.44576  1.21719 -0.26443 N   37 
-0.08933  0.83817 -0.50517 B   38 
-0.46927  0.73256 -0.62875 F   38 
 0.18924  0.89471 -0.33588 B   39 
 0.29201  1.17706 -0.32645 N   39 
 0.51171  0.76774 -0.32518 B   40 
 0.55517  0.70551 -0.56262 T   40 
 0.63165  1.01142 -0.12216 B   41 
 0.85066  1.21497 -0.38671 Q   41 
 0.47324  0.93986  0.11766 B   42 
 0.26813  0.97446  0.07991 A   42 
 0.50526  1.05766  0.46182 B   43 
 0.74615  1.06254  0.41893 T   43 
 0.44370  0.92859  0.80807 B   44 
 0.17422  1.04937  0.64451 N   44 
 0.44000  0.99603  1.12804 B   45 
 0.90960  1.03411  1.31534 R   45 
 0.44150  0.81023  1.42037 B   46 
 0.32056  0.58321  1.19418 N   46 
 0.39031  0.78901  1.75302 B   47 
 0.15495  0.85607  1.83590 T   47 
 0.60959  0.53724  1.76995 B   48 
 0.50864  0.34241  1.62099 D   48 
 0.83860  0.66110  1.54714 B   49 
 0.75620  0.57080  1.30382 B   50 
 0.64431  0.35198  1.30177 S   50 
 0.70609  0.52132  0.93410 B   51 
 0.82963  0.76371  0.92392 T   51 
 0.52603  0.59272  0.65174 B   52 
 0.25375  0.44815  0.80301 D   52 
 0.55098  0.45023  0.31152 B   53 
 0.95290  0.57731  0.54184 Y   53 
 0.41247  0.54459  0.03614 B   54 
 0.12824  0.43764 -0.14334 B   55 
 0.12629  0.41522 -0.41430 I   55 
 0.08830  0.21661  0.12752 B   56 
-0.03400  0.01174 -0.08786 L   56 
 0.20220  0.29130  0.39930 B   57 
 0.14959  0.63275  0.40949 Q   57 
 0.46699  0.15339  0.48915 B   58 
 0.47774 -0.08539  0.29181 I   58 
 0.60351  0.04137  0.78434 B   59 
 0.49761  0.10208  1.06346 N   59 
 0.91254  0.07179  0.98062 B   60 
 0.95332  0.29658  0.99908 S   60 
 0.86656 -0.14792  1.21676 B   61 
 0.78598  0.04146  1.59392 R   61 
 0.83001 -0.40598  0.99327 B   62 
 0.54651 -0.49173  1.33987 W   62 
 0.91358 -0.35808  0.66332 B   63 
 0.51500 -0.53262  0.71514 W   63 
 1.12742 -0.11375  0.68534 B   64 
 1.01448  0.05279  0.52049 X   64 
 1.43057  0.08079  0.65817 B   65 
 1.67224  0.01558  0.81806 N   65 
 1.52264  0.42102  0.81419 B   66 
 1.28119  0.47114  0.92309 D   66 
 1.72902  0.44325  1.07351 B   67 
 1.47434  0.55311  1.30727 B   68 
 1.27234  0.93178  1.10641 R   68 
 1.35146  0.25447  1.41922 B   69 
 1.14074  0.30268  1.28319 T   69 
 1.32595  0.11093  1.69170 B   70 
 1.35500  0.29806  1.79123 P   70 
 1.26567 -0.22251  1.66956 B   71 
 1.29363 -0.30369  1.38311 B   72 
 1.33913 -0.10917  1.25441 S   72 
 1.24767 -0.55009  1.09520 B   73 
 1.15801 -0.82390  1.30653 R   73 
 1.24606 -0.56258  0.77737 B   74 
 1.42834 -0.41817  0.62286 N   74 
 1.06264 -0.78516  0.61060 B   75 
 0.89473 -0.87087  0.87371 L   75 
 1.11657 -0.66402  0.30559 B   76 
 0.81722 -0.58299  0.28769 X   76 
 1.40630 -0.59353  0.27341 B   77 
 1.61894 -0.76337  0.29286 N   77 
 1.40575 -0.25323  0.28432 B   78 
 1.27341 -0.28088  0.02277 I   78 
 1.43691  0.05323  0.20893 B   79 
 1.62360  0.03558  0.11666 P   79 
 1.20108  0.28590  0.25481 B   80 
 1.13995  0.24863  0.56246 X   80 
 1.27933  0.45343 -0.00345 B   81 
 1.51212  0.49473  0.03613 S   81 
 1.18384  0.23961 -0.21234 B   82 
 1.31492  0.07685 -0.18700 A   82 
 0.87394  0.32091 -0.14045 B   83 
 0.82408  0.08459  0.08044 L   83 
 0.91774  0.61159 -0.32213 B   84 
 0.94404  0.73395 -0.01785 L   84 
 0.92268  0.52579 -0.58996 B   85 
 1.11408  0.40188 -0.71313 S   85 
 0.79321  0.51775 -0.91402 B   86 
 0.92767  0.66045 -1.05155 S   86 
 0.85492  0.22207 -0.86282 B   87 
 0.98917  0.01607 -1.02092 D   87 
 0.61851 -0.01046 -0.72122 B   88 
 0.37752  0.07625 -0.79926 I   88 
 0.74894 -0.28826 -0.67749 B   89 
 0.88071 -0.35262 -0.89878 T   89 
 0.82591 -0.27306 -0.37650 B   90 
 1.00613 -0.15191 -0.36721 A   90 
 0.54262 -0.21622 -0.25951 B   91 
 0.54302  0.05820 -0.25618 S   91 
 0.40396 -0.46432 -0.37350 B   92 
 0.31957 -0.42926 -0.61920 V   92 
 0.57719 -0.68658 -0.25202 B   93 
 0.78198 -0.73999 -0.51354 N   93 
 0.52128 -0.58755  0.03533 B   94 
 0.67724 -0.41436  0.19926 X   94 
 0.21244 -0.59532  0.03230 B   95 
 0.14977 -0.42572 -0.08455 A   95 
 0.18781 -0.89959 -0.01487 B   96 
 0.24772 -0.93892 -0.47505 K   96 
 0.30246 -0.96247  0.26801 B   97 
 0.68517 -1.00012  0.24696 K   97 
 0.10080 -0.80632  0.44195 B   98 
 0.20258 -0.51364  0.45446 I   98 
-0.17135 -0.94557  0.34442 B   99 
-0.26170 -0.88659  0.13906 V   99 
-0.04087 -1.23892  0.43900 B   100 
 0.03514 -1.27746  0.19087 S   100 
-0.02108 -1.20038  0.76647 B   101 
 0.14908 -1.03247  0.90877 D   101 
-0.37234 -1.22865  0.85740 B   102 
-0.54715 -0.93504  0.83549 B   103 
-0.46106 -0.90580  1.14694 N   103 
-0.50742 -0.84500  0.57598 B   104 
-0.62497 -0.52379  0.48639 B   105 
-0.67045 -0.47965  0.09938 M   105 
-0.63707 -0.42802  0.79312 B   106 
-0.91184 -0.60574  0.84089 N   106 
-0.34626 -0.30922  0.79069 B   107 
-0.22880 -0.47415  0.73833 A   107 
-0.51424 -0.07912  0.65174 B   108 
-0.20454 -0.22007  0.33166 W   108 
-0.67167  0.17201  0.80091 B   109 
-0.55608  0.24310  1.01803 V   109 
-0.79775  0.31162  0.55074 B   110 
-0.64789  0.44694  0.47850 A   110 
-0.93592  0.06380  0.44011 B   111 
-0.95710 -0.29968  0.30214 W   111 
-1.10982 -0.01124  0.68560 B   112 
-0.98383 -0.08190  1.08241 R   112 
-1.24000  0.29305  0.72515 B   113 
-1.09896  0.32204  1.01595 N   113 
-1.28885  0.34702  0.37675 B   114 
-1.08000  0.80077  0.43032 R   114 
-1.32308  0.05327  0.21053 B   115 
-1.05343  0.17240  0.08937 X   115 
-1.45675 -0.13930  0.37584 B   116 
-1.33244 -0.45253  0.66655 K   116 
-1.77763 -0.22908  0.25243 B   117 
-1.74448 -0.10114 -0.01501 B   118 
-1.64135  0.12456  0.06123 T   118 
-1.74609  0.01257 -0.35251 B   119 
-1.93480 -0.02955 -0.56419 D   119 
-1.44292 -0.06486 -0.48866 B   120 
-1.35531 -0.19378 -0.29329 V   120 
-1.50384 -0.07532 -0.79567 B   121 
-1.74744 -0.41242 -0.81935 Q   121 
-1.50927  0.23683 -0.83498 B   122 
-1.66862  0.30026 -0.71865 A   122 
-1.18369  0.25444 -0.85572 B   123 
-1.17232  0.45516 -0.47743 W   123 
-1.20226  0.11498 -1.17176 B   124 
-1.10744 -0.12219 -1.08793 I   124 
-1.35946  0.29088 -1.32535 B   125 
-1.79104  0.14456 -1.07897 R   125 
-1.27782  0.34812 -1.66545 B   126 
-1.07174  0.12738 -1.67636 B   127 
-0.92952  0.26485 -1.42090 X   127 
-0.82004 -0.03633 -1.88333 B   128 
-0.96011 -0.22891 -2.21161 R   128 
-0.83949 -0.40731 -1.81981 B   129 
-0.78745 -0.29884 -1.58956 L   129 
