246 
-0.63584 -1.17065 -0.11046 B   1 
-0.37814 -1.41501  0.11341 K   1 
-0.74307 -1.18227  0.23122 B   2 
-0.97912 -1.07692  0.21257 V   2 
-0.60904 -1.04824  0.49055 B   3 
-0.21696 -1.07870  0.30818 F   3 
-0.50234 -1.04661  0.78825 B   4 
-0.37945 -0.84860  1.00836 B   5 
-0.50936 -0.64884  1.37280 R   5 
-0.14694 -1.02579  1.13651 B   6 
-0.24127 -1.02797  1.43562 X   6 
-0.06469 -1.13731  0.85829 B   7 
-0.25871 -1.39322  0.63631 E   7 
 0.02205 -0.87233  0.72417 B   8 
-0.13995 -0.69319  0.53503 L   8 
 0.22379 -0.77523  0.93229 B   9 
 0.10827 -0.71174  1.10487 A   9 
 0.41656 -1.00979  0.89617 B   10 
 0.32175 -1.18156  0.99276 A   10 
 0.47534 -0.96622  0.59486 B   11 
 0.31174 -1.05919  0.48738 A   11 
 0.56364 -0.66989  0.61346 B   12 
 0.20341 -0.44269  0.55681 M   12 
 0.79716 -0.72910  0.79898 B   13 
 0.82625 -0.77243  1.22966 K   13 
 0.95899 -0.93145  0.63787 B   14 
 0.81185 -1.28982  0.40015 R   14 
 0.97231 -0.70372  0.39964 B   15 
 0.75537 -0.93253  0.17121 H   15 
 1.06495 -0.43092  0.57983 B   16 
 0.83579 -0.20394  0.67817 B   17 
 0.64320 -0.22841  0.41825 L   17 
 0.93093 -0.17050  0.95091 B   18 
 0.84086 -0.25484  1.23219 D   18 
 1.04023  0.15113  0.96992 B   19 
 1.05766  0.04869  1.27460 N   19 
 1.00806  0.24920  0.69934 B   20 
 1.15218  0.12479  0.30064 Y   20 
 1.10202  0.56128  0.67692 B   21 
 1.34560  0.59228  0.27040 R   21 
 0.96939  0.57411  0.99021 B   22 
 0.73019  0.35769  0.95923 B   23 
 0.59018  0.73327  0.71299 Y   23 
 0.54732  0.19273  1.13678 B   24 
 0.49270  0.25779  1.35514 S   24 
 0.37128 -0.08786  1.09535 B   25 
 0.45816 -0.38922  1.10920 L   25 
 0.08817  0.03448  1.17064 B   26 
 0.06845  0.22179  0.92529 B   27 
 0.22695  0.48461  1.06569 N   27 
 0.05980  0.00739  0.70429 B   28 
 0.45822  0.11500  0.53484 W   28 
-0.18603 -0.14480  0.80969 B   29 
-0.12325 -0.33465  0.97581 V   29 
-0.37565  0.09504  0.81333 B   30 
-0.42292  0.29957  0.99475 X   30 
-0.36306  0.15732  0.51297 B   31 
-0.17174  0.25820  0.48027 A   31 
-0.45584 -0.11575  0.40096 B   32 
-0.28830 -0.24988  0.41691 A   32 
-0.72980 -0.11038  0.53857 B   33 
-0.93566 -0.20930  0.79203 K   33 
-0.83324  0.17671  0.39603 B   34 
-0.90122  0.29410  0.78412 F   34 
-0.76211  0.09944  0.09367 B   35 
-0.52347  0.35482  0.05223 E   35 
-0.84569 -0.24631  0.08491 B   36 
-0.64218 -0.31078  0.02528 S   36 
-0.91181 -0.42926  0.32914 B   37 
-1.17824 -0.41604  0.43456 N   37 
-0.68275 -0.65306  0.27031 B   38 
-0.63460 -0.55089  0.66783 F   38 
-0.71817 -0.65569 -0.05862 B   39 
-0.96450 -0.78591 -0.17148 N   39 
-0.53105 -0.75028 -0.33478 B   40 
-0.40316 -0.94712 -0.25088 T   40 
-0.78591 -0.71453 -0.55558 B   41 
-0.86371 -1.09926 -0.62843 Q   41 
-0.81319 -0.42054 -0.53198 B   42 
-0.88089 -0.37111 -0.33790 A   42 
-1.00395 -0.18690 -0.73781 B   43 
-0.94542 -0.33235 -0.92572 T   43 
-0.98274  0.17087 -0.84685 B   44 
-1.11403  0.11648 -0.54064 N   44 
-1.12768  0.41683 -1.00636 B   45 
-1.10871  0.34939 -1.50850 R   45 
-1.02569  0.71988 -1.13955 B   46 
-0.78093  0.65987 -0.90756 N   46 
-1.10052  1.02658 -1.25816 B   47 
-1.23576  1.17940 -1.09968 T   47 
-0.81970  1.02413 -1.43951 B   48 
-0.62039  1.00894 -1.26520 D   48 
-0.83068  0.69558 -1.53626 B   49 
-0.70218  0.55951 -1.33846 B   50 
-0.51960  0.67927 -1.22565 S   50 
-0.57335  0.29047 -1.10895 B   51 
-0.77255  0.14763 -1.22742 T   51 
-0.60874  0.11314 -0.81818 B   52 
-0.56963  0.40835 -0.64717 D   52 
-0.38331 -0.13477 -0.66199 B   53 
-0.47381 -0.16499 -1.13277 Y   53 
-0.43309 -0.33242 -0.41224 B   54 
-0.34881 -0.31932 -0.06995 B   55 
-0.25989 -0.53661  0.06718 I   55 
-0.21720 -0.00405 -0.15423 B   56 
 0.00365 -0.06166  0.07209 L   56 
-0.33129  0.14663 -0.39233 B   57 
-0.66732  0.06760 -0.37490 Q   57 
-0.16632  0.14738 -0.65688 B   58 
 0.11088  0.05607 -0.55249 I   58 
-0.10530  0.36815 -0.91351 B   59 
-0.25582  0.62821 -0.96380 N   59 
-0.11625  0.38280 -1.28041 B   60 
-0.32404  0.30668 -1.34011 S   60 
 0.02154  0.67145 -1.34239 B   61 
-0.26950  0.95982 -1.47179 R   61 
 0.31322  0.58590 -1.18276 B   62 
 0.24527  1.02952 -1.10256 W   62 
 0.36925  0.25823 -1.09536 B   63 
 0.43423  0.53716 -0.76371 W   63 
 0.17973  0.10099 -1.30813 B   64 
 0.03962 -0.03967 -1.14006 X   64 
 0.06896 -0.12108 -1.57062 B   65 
 0.14273 -0.07534 -1.85467 N   65 
-0.27118 -0.14335 -1.75057 B   66 
-0.39831  0.03938 -1.59853 D   66 
-0.31257 -0.02748 -2.05911 B   67 
-0.53035  0.24564 -1.96137 B   68 
-0.88080  0.04596 -1.71267 R   68 
-0.30357  0.49118 -1.88997 B   69 
-0.36058  0.45692 -1.64337 T   69 
-0.24231  0.77609 -1.99281 B   70 
-0.43754  0.78495 -2.07986 P   70 
 0.06464  0.89327 -1.90703 B   71 
 0.21936  0.66878 -1.78419 B   72 
 0.07819  0.47795 -1.77319 S   72 
 0.51422  0.53006 -1.58536 B   73 
 0.69979  0.83530 -1.59355 R   73 
 0.60564  0.27038 -1.42603 B   74 
 0.54794  0.01295 -1.51743 N   74 
 0.81768  0.28643 -1.16956 B   75 
 0.79582  0.60867 -1.14827 L   75 
 0.79192 -0.03101 -1.07375 B   76 
 0.65497  0.06216 -0.81096 X   76 
 0.79648 -0.21084 -1.31373 B   77 
 0.99796 -0.23487 -1.49612 N   77 
 0.47267 -0.31229 -1.34170 B   78 
 0.53583 -0.46149 -1.09586 I   78 
 0.20939 -0.48876 -1.35220 B   79 
 0.28982 -0.64363 -1.46721 P   79 
-0.07282 -0.42041 -1.18626 B   80 
-0.12838 -0.12484 -1.28281 X   80 
-0.14882 -0.72498 -1.13778 B   81 
-0.14716 -0.81004 -1.36190 S   81 
 0.08466 -0.78632 -0.93729 B   82 
 0.26026 -0.77112 -1.05240 A   82 
-0.07744 -0.61380 -0.70975 B   83 
 0.07902 -0.33068 -0.75970 L   83 
-0.29633 -0.87926 -0.67761 B   84 
-0.48260 -0.67770 -0.85908 L   84 
-0.14694 -1.07640 -0.54370 B   85 
 0.04250 -1.22451 -0.64031 S   85 
-0.08593 -1.28530 -0.27078 B   86 
-0.15669 -1.50657 -0.32901 S   86 
 0.19345 -1.17416 -0.32954 B   87 
 0.45669 -1.29894 -0.35379 D   87 
 0.32576 -0.87448 -0.17888 B   88 
 0.21126 -0.85941  0.06268 I   88 
 0.60508 -0.80624 -0.29471 B   89 
 0.75010 -1.02860 -0.29518 T   89 
 0.53171 -0.59531 -0.51121 B   90 
 0.45427 -0.70794 -0.68021 A   90 
 0.38712 -0.38923 -0.32737 B   91 
 0.12756 -0.47597 -0.34795 S   91 
 0.61967 -0.34106 -0.13404 B   92 
 0.63011 -0.51902  0.05816 V   92 
 0.83634 -0.24543 -0.32916 B   93 
 0.99703 -0.53762 -0.37377 N   93 
 0.65849 -0.01345 -0.42943 B   94 
 0.48778 -0.00346 -0.65735 X   94 
 0.59948  0.12525 -0.15975 B   95 
 0.45532  0.00096 -0.05917 A   95 
 0.89296  0.19610 -0.09447 B   96 
 1.05888 -0.20092  0.08372 K   96 
 0.90598  0.40046 -0.32938 B   97 
 1.02993  0.22333 -0.64812 K   97 
 0.67112  0.58494 -0.25116 B   98 
 0.41405  0.45436 -0.36539 I   98 
 0.76787  0.67132  0.04235 B   99 
 0.74430  0.52182  0.21815 V   99 
 1.04908  0.78691 -0.09762 B   100 
 1.16438  0.55885 -0.03824 S   100 
 0.93461  1.03796 -0.27923 B   101 
 0.77740  1.02530 -0.50841 D   101 
 0.86207  1.28057 -0.01783 B   102 
 0.55270  1.24528  0.12462 B   103 
 0.46544  1.45626 -0.10591 N   103 
 0.54173  0.98219  0.21235 B   104 
 0.23580  0.85587  0.33673 B   105 
 0.28170  0.53991  0.56445 M   105 
 0.06566  1.08536  0.18913 B   106 
 0.16155  1.30635  0.41571 N   106 
 0.01740  0.91408 -0.06975 B   107 
 0.21165  0.87144 -0.13449 A   107 
-0.20113  0.79900  0.12892 B   108 
 0.07965  0.43946  0.02825 W   108 
-0.50972  0.91208  0.17462 B   109 
-0.60630  1.01769 -0.03769 V   109 
-0.60581  0.71509  0.39807 B   110 
-0.68270  0.54363  0.29473 A   110 
-0.37427  0.76575  0.58929 B   111 
-0.00135  0.77877  0.70046 W   111 
-0.40307  1.07254  0.62375 B   112 
-0.40892  1.36914  0.32323 R   112 
-0.72828  1.06486  0.69642 B   113 
-0.79817  1.23405  0.42849 N   113 
-0.70211  0.77933  0.90730 B   114 
-1.09815  0.58242  0.66907 R   114 
-0.39067  0.75201  1.03902 B   115 
-0.41395  0.49132  0.85713 X   115 
-0.27970  1.01227  1.08621 B   116 
-0.03045  1.30030  0.85601 K   116 
-0.23368  1.08290  1.43139 B   117 
-0.27983  0.80384  1.52617 B   118 
-0.48948  0.74750  1.38381 T   118 
-0.30248  0.48672  1.68667 B   119 
-0.25049  0.40904  1.95770 D   119 
-0.12933  0.26249  1.49646 B   120 
-0.03788  0.42767  1.33270 V   120 
-0.05543  0.03779  1.70170 B   121 
 0.21553  0.23721  1.94737 Q   121 
-0.34111 -0.09409  1.70469 B   122 
-0.46483  0.05362  1.78100 A   122 
-0.28177 -0.26329  1.43157 B   123 
-0.56380 -0.01895  1.22115 W   123 
-0.07473 -0.47253  1.61332 B   124 
 0.14845 -0.36816  1.50578 I   124 
-0.23612 -0.58699  1.81356 B   125 
-0.25390 -0.14053  2.07574 R   125 
-0.18677 -0.92528  1.90702 B   126 
 0.06893 -0.95505  1.74876 B   127 
-0.09412 -0.85110  1.48993 X   127 
 0.33010 -1.18702  1.64400 B   128 
 0.56391 -1.33459  1.94070 R   128 
 0.65976 -1.00467  1.65460 B   129 
 0.51082 -0.87176  1.48835 L   129 
