246 
-0.46443 -1.23362 -0.22224 B   1 
-0.20750 -1.45408  0.02601 K   1 
-0.61061 -1.27280  0.10253 B   2 
-0.85397 -1.19631  0.05677 V   2 
-0.52757 -1.13463  0.38036 B   3 
-0.11532 -1.10926  0.24875 F   3 
-0.45943 -1.13272  0.68918 B   4 
-0.39060 -0.93077  0.92843 B   5 
-0.58860 -0.76407  1.27858 R   5 
-0.15515 -1.08361  1.08037 B   6 
-0.28459 -1.11004  1.36483 X   6 
-0.02582 -1.17230  0.81200 B   7 
-0.15714 -1.44024  0.56027 E   7 
 0.04263 -0.89324  0.69725 B   8 
-0.11615 -0.72728  0.49389 L   8 
 0.20328 -0.78126  0.93196 B   9 
 0.06030 -0.73975  1.09004 A   9 
 0.42711 -0.98881  0.91441 B   10 
 0.34357 -1.17483  0.99344 A   10 
 0.51659 -0.92559  0.62434 B   11 
 0.38054 -1.03313  0.49440 A   11 
 0.56379 -0.62177  0.66205 B   12 
 0.18750 -0.43796  0.56605 M   12 
 0.77826 -0.65995  0.87418 B   13 
 0.75930 -0.71775  1.30372 K   13 
 0.98296 -0.83400  0.72963 B   14 
 0.91267 -1.19716  0.46550 R   14 
 0.99667 -0.59639  0.50128 B   15 
 0.84018 -0.83998  0.24095 H   15 
 1.03121 -0.32227  0.69912 B   16 
 0.76486 -0.12931  0.77351 B   17 
 0.61041 -0.16596  0.49058 L   17 
 0.82068 -0.09620  1.05695 B   18 
 0.70801 -0.20282  1.32207 D   18 
 0.88531  0.23524  1.09844 B   19 
 0.87786  0.12279  1.39997 N   19 
 0.87460  0.34012  0.82871 B   20 
 1.08130  0.25133  0.44844 Y   20 
 0.93044  0.66200  0.82689 B   21 
 1.21638  0.73978  0.45575 R   21 
 0.75966  0.64518  1.12093 B   22 
 0.55536  0.40274  1.05386 B   23 
 0.40047  0.76863  0.80199 Y   23 
 0.37431  0.20930  1.20210 B   24 
 0.28542  0.25784  1.41339 S   24 
 0.24158 -0.08862  1.13099 B   25 
 0.36344 -0.37746  1.14768 L   25 
-0.06182 -0.00503  1.17283 B   26 
-0.07465  0.18879  0.93211 B   27 
 0.03088  0.46272  1.09862 N   27 
-0.02885 -0.01544  0.70610 B   28 
 0.37060  0.14706  0.59184 W   28 
-0.26460 -0.20081  0.77513 B   29 
-0.19931 -0.38851  0.94272 V   29 
-0.48198  0.01375  0.76102 B   30 
-0.57670  0.20306  0.94038 X   30 
-0.44044  0.08986  0.46652 B   31 
-0.26084  0.21461  0.46122 A   31 
-0.48348 -0.18745  0.33625 B   32 
-0.30360 -0.30072  0.36982 A   32 
-0.77078 -0.22139  0.43788 B   33 
-0.99215 -0.35538  0.66024 K   33 
-0.89128  0.05678  0.29111 B   34 
-1.02085  0.14833  0.67038 F   34 
-0.77425  0.00173 -0.00168 B   35 
-0.56650  0.28582 -0.00542 E   35 
-0.81179 -0.35093 -0.03036 B   36 
-0.59598 -0.38752 -0.06526 S   36 
-0.88385 -0.55083  0.19841 B   37 
-1.16077 -0.57470  0.26929 N   37 
-0.62289 -0.74234  0.16326 B   38 
-0.63737 -0.65212  0.56629 F   38 
-0.61688 -0.73522 -0.16745 B   39 
-0.82899 -0.88956 -0.31428 N   39 
-0.38672 -0.79443 -0.41993 B   40 
-0.24632 -0.97761 -0.32574 T   40 
-0.61489 -0.78061 -0.67040 B   41 
-0.63391 -1.16850 -0.76293 Q   41 
-0.68178 -0.49342 -0.64254 B   42 
-0.77857 -0.46094 -0.45741 A   42 
-0.87368 -0.27619 -0.86464 B   43 
-0.77454 -0.40528 -1.04741 T   43 
-0.88454  0.08582 -0.96039 B   44 
-1.04464  0.00281 -0.67501 N   44 
-1.03861  0.31886 -1.13039 B   45 
-0.94955  0.27573 -1.62764 R   45 
-0.96008  0.63748 -1.24125 B   46 
-0.74017  0.59791 -0.98163 N   46 
-1.05785  0.93756 -1.36011 B   47 
-1.22979  1.06586 -1.21612 T   47 
-0.75878  0.97710 -1.50415 B   48 
-0.58215  0.97888 -1.30631 D   48 
-0.71617  0.65408 -1.61034 B   49 
-0.59688  0.52637 -1.40152 B   50 
-0.44620  0.66257 -1.26314 S   50 
-0.46438  0.26550 -1.16479 B   51 
-0.62782  0.10463 -1.31151 T   51 
-0.51266  0.07293 -0.88580 B   52 
-0.53251  0.36313 -0.70330 D   52 
-0.27871 -0.15210 -0.70888 B   53 
-0.30596 -0.17300 -1.18801 Y   53 
-0.33352 -0.36483 -0.47295 B   54 
-0.29440 -0.35617 -0.12247 B   55 
-0.19634 -0.56666  0.01897 I   55 
-0.19427 -0.02390 -0.18073 B   56 
 0.00249 -0.06378  0.07028 L   56 
-0.29627  0.12177 -0.42729 B   57 
-0.61919  0.00171 -0.45502 Q   57 
-0.10138  0.15391 -0.66851 B   58 
 0.17014  0.09269 -0.53211 I   58 
-0.03757  0.39122 -0.90921 B   59 
-0.21237  0.63290 -0.97125 N   59 
-0.00499  0.42007 -1.27397 B   60 
-0.19255  0.32182 -1.36173 S   60 
 0.10183  0.72575 -1.31005 B   61 
-0.20511  0.98176 -1.46770 R   61 
 0.38007  0.66965 -1.11689 B   62 
 0.24729  1.09785 -1.03406 W   62 
 0.46582  0.34782 -1.03192 B   63 
 0.45369  0.61818 -0.68729 W   63 
 0.32535  0.17788 -1.27130 B   64 
 0.18449  0.01415 -1.12634 X   64 
 0.27671 -0.04463 -1.55167 B   65 
 0.37854  0.02184 -1.82266 N   65 
-0.03311 -0.10049 -1.77409 B   66 
-0.20005  0.05873 -1.63464 D   66 
-0.05046  0.02254 -2.08215 B   67 
-0.31135  0.26266 -2.00565 B   68 
-0.66174  0.01132 -1.80918 R   68 
-0.12793  0.53073 -1.89930 B   69 
-0.21012  0.47929 -1.66301 T   69 
-0.09095  0.82511 -1.98576 B   70 
-0.27350  0.81382 -2.09673 P   70 
 0.18582  0.97506 -1.85838 B   71 
 0.35133  0.76607 -1.72291 B   72 
 0.23511  0.55916 -1.73517 S   72 
 0.63458  0.65595 -1.49191 B   73 
 0.77970  0.98160 -1.46811 R   73 
 0.73772  0.40279 -1.32928 B   74 
 0.72469  0.14438 -1.43421 N   74 
 0.91280  0.43360 -1.04751 B   75 
 0.84797  0.74957 -1.02050 L   75 
 0.91572  0.11159 -0.96438 B   76 
 0.73677  0.17607 -0.71879 X   76 
 0.97249 -0.05594 -1.20658 B   77 
 1.19633 -0.04742 -1.36236 N   77 
 0.67003 -0.19481 -1.27836 B   78 
 0.72074 -0.34555 -1.03059 I   78 
 0.43445 -0.40144 -1.32713 B   79 
 0.54735 -0.54030 -1.43508 P   79 
 0.12759 -0.37514 -1.19677 B   80 
 0.04747 -0.08469 -1.29160 X   80 
 0.08527 -0.68849 -1.16662 B   81 
 0.12526 -0.76307 -1.39091 S   81 
 0.29812 -0.72941 -0.93971 B   82 
 0.48323 -0.68803 -1.03102 A   82 
 0.08875 -0.58781 -0.73014 B   83 
 0.21315 -0.28586 -0.75206 L   83 
-0.09716 -0.87909 -0.73336 B   84 
-0.28359 -0.69418 -0.93161 L   84 
 0.05829 -1.06209 -0.58686 B   85 
 0.27536 -1.18175 -0.66247 S   85 
 0.11109 -1.27345 -0.31413 B   86 
 0.07656 -1.49901 -0.38686 S   86 
 0.37929 -1.12669 -0.33374 B   87 
 0.65715 -1.21731 -0.32756 D   87 
 0.45311 -0.81982 -0.15939 B   88 
 0.30875 -0.82914  0.06590 I   88 
 0.73372 -0.71317 -0.23676 B   89 
 0.90459 -0.91597 -0.22472 T   89 
 0.66154 -0.50370 -0.45508 B   90 
 0.62036 -0.61761 -0.63555 A   90 
 0.47054 -0.32482 -0.28569 B   91 
 0.22854 -0.44159 -0.34155 S   91 
 0.66953 -0.25696 -0.06304 B   92 
 0.67859 -0.44036  0.12405 V   92 
 0.89478 -0.12740 -0.22627 B   93 
 1.09534 -0.39565 -0.25789 N   93 
 0.70277  0.08525 -0.34212 B   94 
 0.56156  0.08408 -0.58960 X   94 
 0.59394  0.20408 -0.07852 B   95 
 0.45535  0.05897 -0.00054 A   95 
 0.86583  0.30732  0.02556 B   96 
 1.05732 -0.07376  0.21268 K   96 
 0.88179  0.52158 -0.20017 B   97 
 1.06544  0.37465 -0.50515 K   97 
 0.61768  0.67255 -0.14760 B   98 
 0.39521  0.51662 -0.29718 I   98 
 0.66583  0.75748  0.15807 B   99 
 0.63985  0.59885  0.32533 V   99 
 0.94528  0.91234  0.05831 B   100 
 1.08026  0.69771  0.12572 S   100 
 0.82328  1.15509 -0.12958 B   101 
 0.69839  1.13316 -0.37721 D   101 
 0.68903  1.37567  0.12688 B   102 
 0.37143  1.29689  0.22768 B   103 
 0.28730  1.50531 -0.00632 N   103 
 0.38304  1.03092  0.30616 B   104 
 0.08253  0.86308  0.38705 B   105 
 0.13954  0.54563  0.61014 M   105 
-0.09574  1.07621  0.22519 B   106 
-0.05718  1.29736  0.46803 N   106 
-0.08970  0.91153 -0.04226 B   107 
 0.11486  0.89568 -0.08282 A   107 
-0.31475  0.76229  0.12373 B   108 
 0.01942  0.44428  0.05004 W   108 
-0.63842  0.83487  0.13271 B   109 
-0.72065  0.93689 -0.08725 V   109 
-0.73566  0.61828  0.33668 B   110 
-0.77695  0.44330  0.21979 A   110 
-0.53771  0.68857  0.55718 B   111 
-0.18598  0.74219  0.71533 W   111 
-0.60904  0.98782  0.59595 B   112 
-0.61523  1.29404  0.30525 R   112 
-0.93714  0.93746  0.62630 B   113 
-0.99428  1.10816  0.35631 N   113 
-0.90131  0.64852  0.83101 B   114 
-1.23692  0.41515  0.53897 R   114 
-0.60754  0.65376  1.00060 B   115 
-0.57512  0.40017  0.81026 X   115 
-0.53699  0.92335  1.06857 B   116 
-0.29965  1.24917  0.87992 K   116 
-0.54315  0.98427  1.41858 B   117 
-0.56502  0.69787  1.49913 B   118 
-0.74671  0.62253  1.32972 T   118 
-0.56704  0.37379  1.64681 B   119 
-0.53945  0.29153  1.92006 D   119 
-0.34485  0.18066  1.47426 B   120 
-0.25551  0.36260  1.32803 V   120 
-0.26903 -0.04191  1.68112 B   121 
-0.05777  0.17838  1.96464 Q   121 
-0.53394 -0.20763  1.64407 B   122 
-0.68377 -0.07949  1.70794 A   122 
-0.42051 -0.35652  1.37629 B   123 
-0.70304 -0.13963  1.13828 W   123 
-0.21269 -0.54654  1.57726 B   124 
 0.00706 -0.41125  1.50192 I   124 
-0.38177 -0.68825  1.75210 B   125 
-0.48795 -0.25889  2.02183 R   125 
-0.30200 -1.02168  1.84193 B   126 
-0.02705 -1.01329  1.71684 B   127 
-0.16877 -0.91904  1.44222 X   127 
 0.27222 -1.20702  1.64004 B   128 
 0.48444 -1.33752  1.96005 R   128 
 0.57238 -0.98647  1.69753 B   129 
 0.42948 -0.86573  1.51728 L   129 
