246 
-1.14305 -0.29332  0.62795 B   1 
-1.06193 -0.68776  0.74658 K   1 
-1.00031 -0.29619  0.95657 B   2 
-1.04626 -0.05271  1.03257 V   2 
-0.69823 -0.35890  1.04597 B   3 
-0.64832 -0.62255  0.70551 F   3 
-0.47572 -0.49763  1.22276 B   4 
-0.15818 -0.50170  1.26656 B   5 
 0.13063 -0.35328  1.55665 R   5 
-0.09869 -0.81333  1.30163 B   6 
 0.03146 -0.81022  1.58697 X   6 
-0.29908 -0.88736  1.07585 B   7 
-0.68893 -0.87000  1.08690 E   7 
-0.15876 -0.74613  0.83901 B   8 
-0.22066 -0.47104  0.71818 L   8 
 0.11903 -0.87114  0.86440 B   9 
 0.21041 -0.78257  1.04036 A   9 
 0.02615 -1.15733  0.81007 B   10 
-0.07658 -1.22316  0.99156 A   10 
-0.09331 -1.10701  0.52840 B   11 
-0.29251 -1.02802  0.56054 A   11 
 0.15785 -0.97850  0.40048 B   12 
 0.11627 -0.55704  0.47283 M   12 
 0.33103 -1.22498  0.44190 B   13 
 0.56557 -1.36576  0.77861 K   13 
 0.17323 -1.44114  0.29538 B   14 
-0.27399 -1.52194  0.30246 R   14 
 0.19464 -1.24967  0.02767 B   15 
-0.19095 -1.19653  0.03699 H   15 
 0.52591 -1.17406  0.03191 B   16 
 0.63349 -0.87987  0.15675 B   17 
 0.37881 -0.70244  0.06239 L   17 
 0.85778 -0.98396  0.30976 B   18 
 0.92388 -1.03449  0.60544 D   18 
 1.13576 -0.85392  0.16289 B   19 
 1.25169 -0.99872  0.42599 N   19 
 1.03010 -0.70862 -0.06424 B   20 
 0.77873 -0.81019 -0.41311 Y   20 
 1.27057 -0.56508 -0.23244 B   21 
 1.16465 -0.63378 -0.69028 R   21 
 1.40188 -0.52749  0.07941 B   22 
 1.12959 -0.49195  0.25148 B   23 
 1.17729 -0.09067  0.01065 Y   23 
 1.03892 -0.50706  0.54084 B   24 
 1.18547 -0.47096  0.72006 S   24 
 0.74559 -0.55719  0.69209 B   25 
 0.58888 -0.82195  0.75456 L   25 
 0.74463 -0.28851  0.86120 B   26 
 0.71965 -0.09848  0.61842 B   27 
 1.05067 -0.06845  0.55987 N   27 
 0.44200 -0.18727  0.51887 B   28 
 0.59571 -0.36690  0.14054 W   28 
 0.28958 -0.13334  0.78072 B   29 
 0.28612 -0.33925  0.93938 V   29 
 0.36855  0.16095  0.80617 B   30 
 0.59127  0.29182  0.90739 X   30 
 0.24150  0.25667  0.54360 B   31 
 0.37694  0.19266  0.38421 A   31 
-0.05032  0.16655  0.59303 B   32 
-0.05629 -0.04609  0.56043 A   32 
-0.09004  0.33810  0.84406 B   33 
-0.10218  0.36714  1.18379 K   33 
-0.02536  0.63258  0.69394 B   34 
 0.24939  0.67696  0.99653 F   34 
-0.22163  0.59432  0.44401 B   35 
 0.03461  0.60028  0.20279 E   35 
-0.49837  0.42765  0.59314 B   36 
-0.48500  0.25120  0.45967 S   36 
-0.50977  0.30251  0.87898 B   37 
-0.55953  0.48064  1.09822 N   37 
-0.59225  0.00214  0.78418 B   38 
-0.26997 -0.04911  1.03774 F   38 
-0.80150  0.09552  0.54554 B   39 
-1.06633  0.21054  0.62922 N   39 
-0.94196 -0.04320  0.26050 B   40 
-0.96868 -0.28317  0.32247 T   40 
-1.16118  0.21058  0.21026 B   41 
-1.49900  0.02754  0.31864 Q   41 
-0.96078  0.41964  0.14809 B   42 
-0.84484  0.45995  0.32022 A   42 
-1.00847  0.75501  0.01172 B   43 
-1.18993  0.65648 -0.11966 T   43 
-0.82030  0.99945 -0.20083 B   44 
-0.73800  0.99312  0.12651 N   44 
-0.81204  1.30019 -0.32903 B   45 
-1.14148  1.34826 -0.71141 R   45 
-0.63855  1.45543 -0.58551 B   46 
-0.43379  1.19050 -0.51330 N   46 
-0.53378  1.73723 -0.73830 B   47 
-0.39904  1.90206 -0.59189 T   47 
-0.51446  1.57194 -1.02823 B   48 
-0.33344  1.38157 -0.99179 D   48 
-0.79807  1.38303 -0.99209 B   49 
-0.71709  1.15870 -0.86069 B   50 
-0.48808  1.08265 -0.90735 S   50 
-0.70746  0.83947 -0.66156 B   51 
-0.96287  0.91342 -0.60310 T   51 
-0.67412  0.68609 -0.35724 B   52 
-0.35716  0.81698 -0.33917 D   52 
-0.64936  0.32685 -0.27354 B   53 
-0.98469  0.47167 -0.58550 Y   53 
-0.66014  0.17906  0.01276 B   54 
-0.41401  0.05462  0.23268 B   55 
-0.44114 -0.18211  0.36365 I   55 
-0.19042  0.18626 -0.00501 B   56 
 0.00189 -0.05867  0.07461 L   56 
-0.27850  0.41843 -0.18038 B   57 
-0.47326  0.60426  0.03640 Q   57 
-0.35766  0.35623 -0.47545 B   58 
-0.23375  0.07428 -0.51042 I   58 
-0.33018  0.51268 -0.78056 B   59 
-0.25130  0.80362 -0.82464 N   59 
-0.53881  0.60793 -1.06752 B   60 
-0.71872  0.71974 -0.97998 S   60 
-0.31746  0.71281 -1.28235 B   61 
-0.32882  1.14035 -1.32346 R   61 
-0.15097  0.41255 -1.28348 B   62 
 0.16531  0.73785 -1.32814 W   62 
-0.29657  0.13702 -1.13847 B   63 
 0.11456  0.20451 -1.00269 W   63 
-0.61226  0.21445 -1.15449 B   64 
-0.67274  0.18665 -0.90303 X   64 
-0.96528  0.20286 -1.23017 B   65 
-1.06646  0.24017 -1.50692 N   65 
-1.23842  0.47098 -1.18452 B   66 
-1.08353  0.65112 -1.05712 D   66 
-1.35829  0.64272 -1.44234 B   67 
-1.21471  0.95936 -1.33891 B   68 
-1.36298  1.02682 -0.89393 R   68 
-0.90478  0.94346 -1.48211 B   69 
-0.81008  0.90961 -1.24733 T   69 
-0.74424  1.10958 -1.68737 B   70 
-0.87691  1.27435 -1.65543 P   70 
-0.47667  0.94805 -1.82012 B   71 
-0.48734  0.66224 -1.73282 B   72 
-0.67369  0.63528 -1.58786 S   72 
-0.33257  0.31622 -1.68764 B   73 
-0.04715  0.38631 -1.89086 R   73 
-0.37433  0.04497 -1.52686 B   74 
-0.62776 -0.06442 -1.48484 N   74 
-0.11859 -0.15130 -1.44276 B   75 
 0.10201  0.07304 -1.51874 L   75 
-0.28924 -0.36299 -1.25125 B   76 
-0.13491 -0.25847 -1.00274 X   76 
-0.54860 -0.43439 -1.38385 B   77 
-0.58024 -0.55664 -1.62571 N   77 
-0.77946 -0.26257 -1.20192 B   78 
-0.70883 -0.45874 -0.99403 I   78 
-1.02365 -0.18761 -1.01397 B   79 
-1.15916 -0.32356 -1.09664 P   79 
-1.00796  0.02553 -0.75672 B   80 
-0.88920  0.28143 -0.89877 X   80 
-1.22010 -0.13149 -0.57998 B   81 
-1.40739 -0.14148 -0.72926 S   81 
-1.03965 -0.38250 -0.52611 B   82 
-1.01725 -0.47443 -0.71416 A   82 
-0.86348 -0.19995 -0.31766 B   83 
-0.63047 -0.11470 -0.53112 L   83 
-1.12306 -0.22481 -0.09090 B   84 
-1.17626  0.08095 -0.20015 L   84 
-1.11118 -0.49105 -0.00094 B   85 
-1.18228 -0.70486 -0.12895 S   85 
-1.06615 -0.73089  0.24865 B   86 
-1.28167 -0.81398  0.31191 S   86 
-0.89924 -0.84597  0.01896 B   87 
-0.87917 -1.11278 -0.09879 D   87 
-0.54911 -0.77488 -0.02962 B   88 
-0.44987 -0.73367  0.21561 I   88 
-0.44448 -0.90621 -0.29020 B   89 
-0.52987 -1.15752 -0.29526 T   89 
-0.46086 -0.66807 -0.48963 B   90 
-0.67036 -0.65106 -0.54494 A   90 
-0.27953 -0.46667 -0.33559 B   91 
-0.46718 -0.33290 -0.18655 S   91 
-0.02957 -0.64307 -0.32228 B   92 
-0.03339 -0.80897 -0.11934 V   92 
 0.01919 -0.69442 -0.62086 B   93 
-0.13210 -0.99384 -0.64625 N   93 
 0.03764 -0.39178 -0.68065 B   94 
-0.16523 -0.21408 -0.77261 X   94 
 0.26192 -0.31470 -0.48264 B   95 
 0.17140 -0.31447 -0.28732 A   95 
 0.48013 -0.49284 -0.60938 B   96 
 0.38998 -0.91253 -0.42873 K   96 
 0.48752 -0.31731 -0.86678 B   97 
 0.23795 -0.45616 -1.12516 K   97 
 0.55206 -0.04287 -0.74097 B   98 
 0.28134  0.07993 -0.65258 I   98 
 0.82499 -0.11750 -0.58963 B   99 
 0.81556 -0.23664 -0.39081 V   99 
 0.94846 -0.21377 -0.88547 B   100 
 0.88066 -0.46013 -0.82600 S   100 
 0.96103  0.07309 -1.04877 B   101 
 0.74818  0.22636 -1.14152 D   101 
 1.24470  0.23040 -0.88373 B   102 
 1.16433  0.39950 -0.59705 B   103 
 1.13356  0.65063 -0.80016 N   103 
 1.03242  0.21482 -0.43728 B   104 
 0.88150  0.32507 -0.13714 B   105 
 0.82094  0.03487  0.11959 M   105 
 0.87418  0.63053 -0.23735 B   106 
 1.19885  0.65972 -0.18165 N   106 
 0.58580  0.60679 -0.35966 B   107 
 0.60679  0.45253 -0.49932 A   107 
 0.52511  0.64585 -0.05102 B   108 
 0.34973  0.22735 -0.16207 W   108 
 0.48916  0.93302  0.11131 B   109 
 0.39350  1.11731 -0.03849 V   109 
 0.44265  0.82456  0.40122 B   110 
 0.23181  0.78837  0.41618 A   110 
 0.69261  0.65097  0.41260 B   111 
 0.93421  0.36770  0.29863 W   111 
 0.90730  0.86730  0.35562 B   112 
 0.93041  1.13131  0.02685 R   112 
 0.79785  1.08084  0.58696 B   113 
 0.72486  1.29976  0.35883 N   113 
 0.73920  0.82853  0.83104 B   114 
 0.28877  1.03371  0.91699 R   114 
 0.93776  0.55847  0.77873 B   115 
 0.64495  0.44132  0.73259 X   115 
 1.19136  0.64076  0.67296 B   116 
 1.36458  0.70064  0.26739 K   116 
 1.46086  0.58127  0.89675 B   117 
 1.30640  0.40985  1.08582 B   118 
 1.09092  0.55358  1.10306 T   118 
 1.17504  0.18243  1.32636 B   119 
 1.30370  0.03625  1.53678 D   119 
 0.99060 -0.05019  1.15811 B   120 
 1.04825  0.02792  0.92780 V   120 
 0.99134 -0.29543  1.35288 B   121 
 1.39143 -0.41053  1.33804 Q   121 
 0.77508 -0.17772  1.54882 B   122 
 0.86372 -0.00717  1.62630 A   122 
 0.52832 -0.27450  1.35781 B   123 
 0.44405  0.13459  1.26260 W   123 
 0.58585 -0.60034  1.45879 B   124 
 0.69444 -0.66913  1.22268 I   124 
 0.55224 -0.60231  1.73826 B   125 
 0.99899 -0.34976  1.80903 R   125 
 0.39997 -0.88134  1.89500 B   126 
 0.40291 -1.05151  1.64530 B   127 
 0.24908 -0.81064  1.49464 X   127 
 0.30265 -1.37067  1.50013 B   128 
 0.48090 -1.69933  1.65724 R   128 
 0.58078 -1.48953  1.27529 B   129 
 0.50681 -1.25925  1.18047 L   129 
