246 
 0.75689  0.21030  1.08158 B   1 
 1.03501 -0.10108  1.03761 K   1 
 1.04314  0.32564  0.89955 B   2 
 1.00432  0.58186  0.90355 V   2 
 1.13376  0.25682  0.59917 B   3 
 0.94553 -0.13263  0.62771 F   3 
 1.34098  0.17239  0.37569 B   4 
 1.36375  0.13296  0.05837 B   5 
 1.53942  0.34018 -0.28192 R   5 
 1.53142 -0.13768  0.03566 B   6 
 1.77711 -0.03364 -0.12923 X   6 
 1.37469 -0.26648  0.27115 B   7 
 1.39901 -0.17903  0.65084 E   7 
 1.09209 -0.26853  0.14521 B   8 
 0.86445 -0.06698  0.18599 L   8 
 1.15495 -0.41603 -0.11504 B   9 
 1.26695 -0.27716 -0.23885 A   9 
 1.24018 -0.67666  0.02022 B   10 
 1.43745 -0.63842  0.10653 A   10 
 0.97320 -0.73370  0.16722 B   11 
 0.97780 -0.61552  0.34878 A   11 
 0.78713 -0.71889 -0.08000 B   12 
 0.66497 -0.30761 -0.10283 M   12 
 0.92474 -0.94880 -0.22374 B   13 
 1.27483 -0.96774 -0.47924 K   13 
 0.90004 -1.17626 -0.02190 B   14 
 0.96811 -1.16745  0.42741 R   14 
 0.57414 -1.12675 -0.03344 B   15 
 0.58063 -1.00915  0.33766 H   15 
 0.52511 -1.11523 -0.36951 B   16 
 0.49834 -0.81949 -0.52928 B   17 
 0.34913 -0.65954 -0.28970 L   17 
 0.66871 -0.88390 -0.75595 B   18 
 0.95132 -0.81176 -0.85224 D   18 
 0.46352 -0.88059 -1.02732 B   19 
 0.75652 -0.91455 -1.15625 N   19 
 0.20179 -0.83237 -0.91314 B   20 
-0.04947 -1.03011 -0.60821 Y   20 
-0.02635 -0.81989 -1.14664 B   21 
-0.39785 -1.06094 -0.97504 R   21 
 0.22744 -0.67407 -1.32050 B   22 
 0.38052 -0.52100 -1.07936 B   23 
-0.01701 -0.27881 -1.14732 Y   23 
 0.65055 -0.39320 -1.02525 B   24 
 0.78584 -0.30884 -1.19695 S   24 
 0.82468 -0.32129 -0.74969 B   25 
 1.00811 -0.50128 -0.56936 L   25 
 0.85504 -0.01017 -0.80509 B   26 
 0.55469  0.05689 -0.77403 B   27 
 0.47010  0.00091 -1.09592 N   27 
 0.52157 -0.01687 -0.47680 B   28 
 0.25594 -0.36636 -0.55635 W   28 
 0.73963  0.17070 -0.36739 B   29 
 0.97370  0.05802 -0.35767 V   29 
 0.62581  0.42837 -0.48633 B   30 
 0.64467  0.54956 -0.73519 X   30 
 0.35592  0.42107 -0.34017 B   31 
 0.23475  0.27194 -0.44470 A   31 
 0.45709  0.41319 -0.04790 B   32 
 0.52374  0.21203 -0.01037 A   32 
 0.60631  0.68063 -0.06312 B   33 
 0.89699  0.85576 -0.09839 K   33 
 0.33662  0.86478 -0.14557 B   34 
 0.57092  0.98784 -0.46018 F   34 
 0.14207  0.75642  0.08434 B   35 
-0.09038  0.61283 -0.13754 E   35 
 0.36565  0.72149  0.35893 B   36 
 0.32499  0.50525  0.38565 S   36 
 0.67737  0.73677  0.34975 B   37 
 0.79585  0.99798  0.34761 N   37 
 0.73227  0.44425  0.48179 B   38 
 0.96302  0.45327  0.13907 F   38 
 0.48947  0.45946  0.70601 B   39 
 0.52762  0.64319  0.94086 N   39 
 0.30548  0.23740  0.89852 B   40 
 0.46992  0.05667  0.94788 T   40 
 0.15934  0.47788  1.08771 B   41 
 0.35740  0.42134  1.42970 Q   41 
-0.00132  0.60121  0.87160 B   42 
 0.12750  0.69150  0.73036 A   42 
-0.27068  0.84688  0.89260 B   43 
-0.33330  0.73409  1.10057 T   43 
-0.58064  0.93838  0.70316 B   44 
-0.29054  1.06054  0.58118 N   44 
-0.83036  1.14730  0.67257 B   45 
-1.17418  1.08084  1.03922 R   45 
-1.13866  1.14340  0.51472 B   46 
-0.96710  0.90508  0.33837 N   46 
-1.40732  1.30825  0.39483 B   47 
-1.35836  1.49426  0.22231 T   47 
-1.59288  1.03299  0.43427 B   48 
-1.48531  0.84919  0.27621 D   48 
-1.45971  0.93057  0.73295 B   49 
-1.24651  0.77519  0.66549 B   50 
-1.26708  0.64816  0.45610 S   50 
-0.92625  0.57758  0.67181 B   51 
-0.89270  0.71243  0.90592 T   51 
-0.58792  0.56818  0.61992 B   52 
-0.64861  0.63705  0.28902 D   52 
-0.35353  0.28252  0.63129 B   53 
-0.67760  0.33317  0.98222 Y   53 
-0.03127  0.27786  0.62437 B   54 
 0.20666  0.22069  0.37028 B   55 
 0.43121  0.07283  0.41080 I   55 
-0.07715  0.19543  0.16381 B   56 
 0.09276 -0.01985 -0.00382 L   56 
-0.33269  0.33988  0.24286 B   57 
-0.21158  0.63187  0.38263 Q   57 
-0.56345  0.17057  0.36648 B   58 
-0.47523 -0.11534  0.28555 I   58 
-0.90733  0.17184  0.35827 B   59 
-1.08166  0.39640  0.24875 N   59 
-1.19410  0.16763  0.58782 B   60 
-1.15590  0.33554  0.73908 S   60 
-1.44539  0.12899  0.38409 B   61 
-1.67319  0.49121  0.34526 R   61 
-1.32121 -0.16578  0.25932 B   62 
-1.52501  0.04794 -0.08802 W   62 
-1.05996 -0.32141  0.41954 B   63 
-0.99260 -0.27381 -0.01082 W   63 
-1.09097 -0.20539  0.72202 B   64 
-0.85076 -0.11046  0.75291 X   64 
-1.13312 -0.18751  1.08033 B   65 
-1.39093 -0.25708  1.21040 N   65 
-1.19709  0.11655  1.30843 B   66 
-1.17311  0.30438  1.11655 D   66 
-1.49724  0.17730  1.43709 B   67 
-1.55522  0.47740  1.24175 B   68 
-1.18014  0.75565  1.32191 R   68 
-1.69350  0.34771  0.95736 B   69 
-1.47432  0.40327  0.83858 T   69 
-1.96026  0.37789  0.80429 B   70 
-1.99811  0.56036  0.90937 P   70 
-2.02147  0.13127  0.57903 B   71 
-1.81479 -0.08178  0.61528 B   72 
-1.66277 -0.01058  0.78347 S   72 
-1.62811 -0.39491  0.50203 B   73 
-1.85710 -0.47034  0.23831 R   73 
-1.36065 -0.55785  0.55759 B   74 
-1.25964 -0.59261  0.81555 N   74 
-1.21219 -0.73909  0.32072 B   75 
-1.39318 -0.61174  0.08452 L   75 
-0.93667 -0.81377  0.49138 B   76 
-0.77072 -0.64020  0.29433 X   76 
-1.00812 -0.88966  0.77260 B   77 
-1.16719 -1.09721  0.85045 N   77 
-0.90974 -0.61894  0.95414 B   78 
-0.64036 -0.71445  0.88345 I   78 
-0.76180 -0.42898  1.16053 B   79 
-0.76682 -0.56166  1.32193 P   79 
-0.62885 -0.13162  1.08466 B   80 
-0.87713  0.01257  0.95297 X   80 
-0.38868 -0.15720  1.29094 B   81 
-0.50666 -0.19845  1.49549 S   81 
-0.23833 -0.38697  1.13905 B   82 
-0.36609 -0.55370  1.15295 A   82 
-0.14436 -0.16553  0.91556 B   83 
-0.38628 -0.22295  0.70272 L   83 
 0.08386 -0.04435  1.14501 B   84 
-0.14770  0.18785  1.17179 L   84 
 0.28285 -0.24283  1.15623 B   85 
 0.26865 -0.47516  1.27015 S   85 
 0.61048 -0.35446  1.11102 B   86 
 0.71648 -0.36330  1.32560 S   86 
 0.44772 -0.58467  0.99115 B   87 
 0.46124 -0.87516  1.02095 D   87 
 0.35251 -0.60332  0.64388 B   88 
 0.54709 -0.47764  0.50960 I   88 
 0.17304 -0.85054  0.59130 B   89 
 0.28614 -1.06024  0.70839 T   89 
-0.11073 -0.72361  0.60213 B   90 
-0.15573 -0.69639  0.81303 A   90 
-0.07403 -0.51000  0.37810 B   91 
 0.00961 -0.29466  0.52628 S   91 
 0.00271 -0.70337  0.15340 B   92 
 0.25835 -0.76141  0.15264 V   92 
-0.24335 -0.88671  0.15028 B   93 
-0.12305 -1.13639  0.34099 N   93 
-0.43349 -0.64819  0.10068 B   94 
-0.58364 -0.49590  0.28897 X   94 
-0.30426 -0.53285 -0.15515 B   95 
-0.12498 -0.43231 -0.09115 A   95 
-0.34984 -0.78304 -0.33049 B   96 
 0.00469 -1.06027 -0.21072 K   96 
-0.65858 -0.74072 -0.32752 B   97 
-0.81251 -0.93250 -0.03111 K   97 
-0.67316 -0.45460 -0.44254 B   98 
-0.63396 -0.26092 -0.20351 I   98 
-0.52028 -0.50207 -0.72064 B   99 
-0.28896 -0.51958 -0.72140 V   99 
-0.74800 -0.73683 -0.79176 B   100 
-0.58058 -0.91721 -0.70086 S   100 
-1.02305 -0.55615 -0.82030 B   101 
-1.16238 -0.42409 -0.61894 D   101 
-0.96261 -0.39443 -1.14068 B   102 
-0.77818 -0.10667 -1.12018 B   103 
-1.07023  0.03264 -1.09639 N   103 
-0.54530 -0.17792 -0.98704 B   104 
-0.31844  0.07582 -0.89127 B   105 
 0.04417 -0.05902 -0.82705 M   105 
-0.54443  0.30375 -0.91073 B   106 
-0.52637  0.29767 -1.24089 N   106 
-0.62642  0.27949 -0.60844 B   107 
-0.68297  0.07887 -0.59129 A   107 
-0.36519  0.45838 -0.59329 B   108 
-0.26650  0.07039 -0.35255 W   108 
-0.34717  0.78895 -0.61582 B   109 
-0.55799  0.90347 -0.52640 V   109 
-0.03729  0.82680 -0.59315 B   110 
 0.00433  0.83769 -0.38306 A   110 
 0.03647  0.63508 -0.81796 B   111 
 0.04809  0.29342 -1.00435 W   111 
-0.12365  0.76460 -1.04975 B   112 
-0.53663  0.85149 -1.06453 R   112 
-0.00685  1.07269 -0.99930 B   113 
-0.30437  1.17994 -0.92664 N   113 
 0.32738  0.96554 -0.94025 B   114 
 0.33770  1.26203 -0.53483 R   114 
 0.39053  0.66975 -1.09390 B   115 
 0.41864  0.59668 -0.78494 X   115 
 0.24480  0.65286 -1.34039 B   116 
-0.15368  0.50000 -1.46658 K   116 
 0.45571  0.65079 -1.62633 B   117 
 0.71005  0.60786 -1.47648 B   118 
 0.67326  0.77965 -1.28537 T   118 
 1.03411  0.53375 -1.34869 B   119 
 1.28002  0.47353 -1.48323 D   119 
 0.99892  0.28690 -1.11573 B   120 
 0.75518  0.24614 -1.15306 V   120 
 1.28260  0.15437 -1.10968 B   121 
 1.29817 -0.02292 -1.48633 Q   121 
 1.41691  0.38078 -0.93731 B   122 
 1.40445  0.54992 -1.05642 A   122 
 1.30404  0.25496 -0.65773 B   123 
 1.04042  0.58999 -0.61554 W   123 
 1.53698  0.00066 -0.68510 B   124 
 1.35106 -0.18132 -0.75279 I   124 
 1.78905  0.12594 -0.68754 B   125 
 1.71339  0.30285 -1.16854 R   125 
 2.06271 -0.02655 -0.52180 B   126 
 1.91617 -0.28585 -0.47077 B   127 
 1.68252 -0.11162 -0.33136 X   127 
 1.93558 -0.61376 -0.31236 B   128 
 2.21296 -0.86704 -0.46527 R   128 
 1.77248 -0.86440 -0.54174 B   129 
 1.58883 -0.68911 -0.48663 L   129 
