246 
-0.63446 -0.84578  0.81794 B   1 
-0.30901 -1.07307  0.95453 K   1 
-0.50342 -0.70417  1.11985 B   2 
-0.69162 -0.53712  1.18186 V   2 
-0.22820 -0.54529  1.16661 B   3 
-0.04087 -0.76784  0.84521 F   3 
 0.04181 -0.48023  1.31785 B   4 
 0.28769 -0.27461  1.31252 B   5 
 0.42850  0.06781  1.54169 R   5 
 0.53756 -0.46659  1.36338 B   6 
 0.65241 -0.33546  1.62412 X   6 
 0.41947 -0.68626  1.17788 B   7 
 0.11372 -0.91888  1.24724 E   7 
 0.41870 -0.52878  0.91156 B   8 
 0.18524 -0.37980  0.77961 L   8 
 0.71193 -0.44273  0.90409 B   9 
 0.73483 -0.28935  1.05610 A   9 
 0.82417 -0.72670  0.88824 B   10 
 0.80083 -0.81231  1.08812 A   10 
 0.68292 -0.81009  0.62511 B   11 
 0.48281 -0.87170  0.68091 A   11 
 0.78133 -0.57423  0.45006 B   12 
 0.48051 -0.27053  0.49326 M   12 
 1.07534 -0.64377  0.48437 B   13 
 1.36606 -0.54676  0.79142 K   13 
 1.08698 -0.93096  0.38199 B   14 
 0.80135 -1.27481  0.46427 R   14 
 0.96153 -0.81602  0.09943 B   15 
 0.63564 -1.01919  0.16351 H   15 
 1.16348 -0.54788  0.04654 B   16 
 1.06169 -0.23714  0.12891 B   17 
 0.74746 -0.28006  0.06063 L   17 
 1.30901 -0.14862  0.25364 B   18 
 1.41088 -0.09701  0.53877 D   18 
 1.42551  0.10236  0.05568 B   19 
 1.62431  0.10912  0.30878 N   19 
 1.23647  0.10831 -0.16363 B   20 
 1.08978 -0.18444 -0.46026 Y   20 
 1.31444  0.34223 -0.37794 B   21 
 1.24950  0.14903 -0.80691 R   21 
 1.40944  0.50443 -0.09409 B   22 
 1.19122  0.38622  0.11429 B   23 
 0.95101  0.68071 -0.16297 Y   23 
 1.15096  0.36404  0.41440 B   24 
 1.24996  0.51334  0.56542 S   24 
 0.97117  0.16439  0.61250 B   25 
 1.02864 -0.12502  0.71973 L   25 
 0.80663  0.39410  0.75723 B   26 
 0.64860  0.48254  0.50647 B   27 
 0.87595  0.70593  0.39550 N   27 
 0.48970  0.22308  0.45835 B   28 
 0.69858  0.12378  0.07685 W   28 
 0.35606  0.20939  0.73522 B   29 
 0.49748  0.07730  0.90881 V   29 
 0.22617  0.48597  0.72410 B   30 
 0.31622  0.74262  0.77887 X   30 
 0.05088  0.43515  0.47724 B   31 
 0.18483  0.44701  0.30470 A   31 
-0.10831  0.18978  0.57811 B   32 
 0.02331  0.02008  0.56429 A   32 
-0.23378  0.33476  0.81740 B   33 
-0.24004  0.40393  1.15144 K   33 
-0.38588  0.57402  0.63557 B   34 
-0.18728  0.83093  0.88771 F   34 
-0.52566  0.38007  0.42273 B   35 
-0.35100  0.50826  0.14534 E   35 
-0.61727  0.10258  0.62573 B   36 
-0.50100 -0.04382  0.50665 S   36 
-0.52620  0.04703  0.91918 B   37 
-0.66560  0.18546  1.12816 N   37 
-0.39947 -0.24759  0.86303 B   38 
-0.10586 -0.04068  1.06739 F   38 
-0.63393 -0.34849  0.65255 B   39 
-0.90385 -0.41622  0.76625 N   39 
-0.66840 -0.58858  0.40477 B   40 
-0.52865 -0.77681  0.48950 T   40 
-1.00258 -0.54417  0.36824 B   41 
-1.13241 -0.87941  0.54183 Q   41 
-0.99075 -0.26905  0.25916 B   42 
-0.91812 -0.13715  0.40755 A   42 
-1.25363 -0.06803  0.10479 B   43 
-1.33540 -0.27892  0.01135 T   43 
-1.28370  0.20174 -0.15339 B   44 
-1.19626  0.30215  0.15683 N   44 
-1.48119  0.41344 -0.30547 B   45 
-1.78641  0.17875 -0.63533 R   45 
-1.46721  0.59940 -0.59737 B   46 
-1.13532  0.54094 -0.53608 N   46 
-1.58089  0.85409 -0.78695 B   47 
-1.57663  1.08784 -0.67694 T   47 
-1.47742  0.69460 -1.06193 B   48 
-1.21426  0.67161 -1.03830 D   48 
-1.56703  0.37766 -0.96733 B   49 
-1.35144  0.28086 -0.83205 B   50 
-1.13161  0.36126 -0.90696 S   50 
-1.12385  0.07801 -0.61136 B   51 
-1.36155 -0.01883 -0.52059 T   51 
-0.97936  0.03252 -0.30427 B   52 
-0.82330  0.33557 -0.34586 D   52 
-0.72170 -0.20961 -0.19630 B   53 
-1.08976 -0.36357 -0.46382 Y   53 
-0.61541 -0.28180  0.09935 B   54 
-0.33403 -0.18397  0.28828 B   55 
-0.19228 -0.35885  0.44075 I   55 
-0.26558  0.01901  0.00911 B   56 
 0.04436 -0.03105  0.07798 L   56 
-0.49446  0.11011 -0.16902 B   57 
-0.74881  0.16190  0.05919 Q   57 
-0.53291 -0.03486 -0.44235 B   58 
-0.25804 -0.17485 -0.47279 I   58 
-0.63338  0.05143 -0.75981 B   59 
-0.76563  0.31418 -0.83910 N   59 
-0.87169 -0.05549 -1.01812 B   60 
-1.07498 -0.07109 -0.91340 S   60 
-0.78607  0.12954 -1.27225 B   61 
-1.07524  0.43867 -1.34592 R   61 
-0.46489  0.00823 -1.27441 B   62 
-0.43976  0.44758 -1.39355 W   62 
-0.38670 -0.26891 -1.08673 B   63 
-0.11058  0.06507 -1.02170 W   63 
-0.67709 -0.41345 -1.06034 B   64 
-0.68867 -0.43217 -0.80114 X   64 
-0.94171 -0.65858 -1.07968 B   65 
-1.06034 -0.73939 -1.33971 N   65 
-1.31988 -0.62206 -1.01467 B   66 
-1.31154 -0.36703 -0.92772 D   66 
-1.53884 -0.61013 -1.26417 B   67 
-1.62933 -0.26302 -1.21024 B   68 
-1.75688 -0.23424 -0.75478 R   68 
-1.39352 -0.10142 -1.39758 B   69 
-1.28475 -0.02889 -1.17816 T   69 
-1.39315  0.09281 -1.63794 B   70 
-1.59865  0.13822 -1.59956 P   70 
-1.09407  0.11920 -1.79657 B   71 
-0.91074 -0.08937 -1.68561 B   72 
-1.02500 -0.20461 -1.51203 S   72 
-0.56572 -0.24520 -1.63664 B   73 
-0.40822 -0.04390 -1.88633 R   73 
-0.41068 -0.45064 -1.44974 B   74 
-0.52875 -0.68738 -1.36048 N   74 
-0.08406 -0.42293 -1.39017 B   75 
-0.06774 -0.12568 -1.51722 L   75 
-0.06335 -0.66023 -1.15807 B   76 
 0.00151 -0.44309 -0.94560 X   76 
-0.22182 -0.90029 -1.24297 B   77 
-0.18183 -1.05185 -1.46629 N   77 
-0.49663 -0.88764 -1.04238 B   78 
-0.30228 -0.95738 -0.83249 I   78 
-0.71818 -0.95566 -0.82590 B   79 
-0.73772 -1.15777 -0.87539 P   79 
-0.82835 -0.74307 -0.59240 B   80 
-0.91391 -0.49732 -0.77144 X   80 
-0.87555 -0.96780 -0.37294 B   81 
-1.02044 -1.11840 -0.49036 S   81 
-0.57229 -1.03415 -0.32711 B   82 
-0.50763 -1.11979 -0.50822 A   82 
-0.54420 -0.75067 -0.16382 B   83 
-0.43689 -0.57285 -0.41679 L   83 
-0.71001 -0.89759  0.10139 B   84 
-0.95608 -0.71805 -0.02299 L   84 
-0.52217 -1.07663  0.20990 B   85 
-0.44522 -1.30400  0.11224 S   85 
-0.31613 -1.18886  0.46836 B   86 
-0.42124 -1.37825  0.57055 S   86 
-0.12969 -1.20698  0.22594 B   87 
 0.05140 -1.41484  0.12870 D   87 
 0.08608 -0.93882  0.11849 B   88 
 0.15017 -0.80502  0.34137 I   88 
 0.23394 -1.01375 -0.14346 B   89 
 0.33234 -1.25864 -0.11478 T   89 
 0.05393 -0.87650 -0.35678 B   90 
-0.11931 -1.00561 -0.38045 A   90 
 0.07018 -0.58430 -0.24940 B   91 
-0.14929 -0.57829 -0.08473 S   91 
 0.37497 -0.55671 -0.26028 B   92 
 0.49295 -0.65165 -0.04631 V   92 
 0.42610 -0.61283 -0.55761 B   93 
 0.50457 -0.93919 -0.53491 N   93 
 0.23950 -0.38216 -0.64404 B   94 
-0.03553 -0.39159 -0.71795 X   94 
 0.37190 -0.14950 -0.48981 B   95 
 0.31576 -0.17521 -0.28358 A   95 
 0.64480 -0.16603 -0.63359 B   96 
 0.86097 -0.51111 -0.40756 K   96 
 0.51976 -0.07036 -0.90253 B   97 
 0.40447 -0.37550 -1.10729 K   97 
 0.39829  0.19829 -0.81098 B   98 
 0.11916  0.13347 -0.69237 I   98 
 0.66318  0.33968 -0.69778 B   99 
 0.74625  0.27584 -0.49082 V   99 
 0.80025  0.29750 -1.00021 B   100 
 0.91289  0.07795 -0.91111 S   100 
 0.61279  0.49578 -1.18638 B   101 
 0.34605  0.46142 -1.25754 D   101 
 0.73591  0.82141 -1.08030 B   102 
 0.58353  0.94450 -0.79946 B   103 
 0.38394  1.08184 -1.01526 N   103 
 0.61398  0.74707 -0.60677 B   104 
 0.44729  0.78308 -0.29703 B   105 
 0.60658  0.56691 -0.01121 M   105 
 0.23675  0.99299 -0.41954 B   106 
 0.46718  1.23019 -0.41695 N   106 
 0.02599  0.77217 -0.49375 B   107 
 0.13320  0.64638 -0.62189 A   107 
-0.02555  0.81307 -0.18368 B   108 
 0.10660  0.36759 -0.23190 W   108 
-0.22902  1.03344 -0.04176 B   109 
-0.43088  1.08770 -0.18964 V   109 
-0.17513  0.96886  0.25973 B   110 
-0.31028  0.81007  0.30982 A   110 
 0.12771  0.99827  0.24672 B   111 
 0.48747  0.91923  0.12051 W   111 
 0.14597  1.28879  0.13995 B   112 
-0.02926  1.44973 -0.20892 R   112 
-0.06087  1.41803  0.36713 B   113 
-0.27309  1.50018  0.13581 N   113 
 0.07442  1.22966  0.63712 B   114 
-0.39449  1.11257  0.77419 R   114 
 0.39696  1.14324  0.57716 B   115 
 0.24846  0.86137  0.58628 X   115 
 0.52869  1.34933  0.42731 B   116 
 0.59488  1.43895 -0.00358 K   116 
 0.78578  1.51169  0.61115 B   117 
 0.79241  1.31469  0.83506 B   118 
 0.53693  1.28925  0.87341 T   118 
 0.85623  1.09839  1.11070 B   119 
 1.06218  1.10367  1.31008 D   119 
 0.85700  0.77833  0.99235 B   120 
 0.83509  0.83670  0.75032 V   120 
 1.02949  0.62503  1.20407 B   121 
 1.40629  0.78971  1.13740 Q   121 
 0.80181  0.60834  1.42063 B   122 
 0.76303  0.80600  1.46938 A   122 
 0.66563  0.34767  1.27835 B   123 
 0.32977  0.58781  1.16412 W   123 
 0.92749  0.15436  1.39557 B   124 
 1.03927  0.13316  1.15201 I   124 
 0.92126  0.17674  1.67611 B   125 
 1.09989  0.66262  1.65653 R   125 
 0.99743 -0.10539  1.87664 B   126 
 1.09425 -0.27246  1.64420 B   127 
 0.81152 -0.21253  1.49980 X   127 
 1.21650 -0.60072  1.54272 B   128 
 1.57520 -0.71042  1.69690 R   128 
 1.48992 -0.55028  1.28829 B   129 
 1.27813 -0.43861  1.18747 L   129 
