246 
 0.73299 -1.00005  0.49953 B   1 
 0.92446 -0.79968  0.81485 K   1 
 0.54197 -1.03361  0.80080 B   2 
 0.37444 -1.21926  0.73270 V   2 
 0.36775 -0.81296  0.95616 B   3 
 0.62995 -0.49923  0.81214 F   3 
 0.27033 -0.65411  1.21167 B   4 
 0.05904 -0.43016  1.30091 B   5 
-0.31946 -0.40908  1.51513 R   5 
 0.23158 -0.24976  1.49982 B   6 
 0.05783 -0.27689  1.75953 X   6 
 0.48134 -0.26768  1.31567 B   7 
 0.71166 -0.57688  1.25444 E   7 
 0.36674 -0.12606  1.06558 B   8 
 0.24851 -0.25324  0.81269 L   8 
 0.27211  0.13417  1.19507 B   9 
 0.09647  0.08402  1.31251 A   9 
 0.55081  0.22558  1.28142 B   10 
 0.60551  0.10023  1.45206 A   10 
 0.67876  0.23343  0.99909 B   11 
 0.73841  0.03000  0.95418 A   11 
 0.46910  0.41783  0.86495 B   12 
 0.17368  0.15113  0.70312 M   12 
 0.52166  0.65031  1.05375 B   13 
 0.36800  0.74953  1.44713 K   13 
 0.82053  0.69881  1.01613 B   14 
 1.15798  0.39520  0.99285 R   14 
 0.75504  0.73934  0.69541 B   15 
 0.95785  0.41685  0.61505 H   15 
 0.49094  0.95249  0.71257 B   16 
 0.17520  0.83762  0.68392 B   17 
 0.23967  0.59970  0.47300 L   17 
 0.05953  0.99146  0.90188 B   18 
-0.03898  0.93710  1.18769 D   18 
-0.16221  1.20376  0.75520 B   19 
-0.21508  1.24697  1.06978 N   19 
-0.12744  1.15241  0.47232 B   20 
 0.21259  1.16277  0.19039 Y   20 
-0.32840  1.33901  0.29478 B   21 
-0.06937  1.49145 -0.07294 R   21 
-0.53565  1.28454  0.55933 B   22 
-0.44287  0.98559  0.64321 B   23 
-0.68223  0.93301  0.24166 Y   23 
-0.46555  0.79785  0.88072 B   24 
-0.63982  0.81351  1.03655 S   24 
-0.29219  0.53338  0.98766 B   25 
-0.02499  0.51504  1.15145 L   25 
-0.53517  0.32912  0.99229 B   26 
-0.57817  0.32425  0.68602 B   27 
-0.79011  0.58661  0.67355 N   27 
-0.30871  0.19974  0.60370 B   28 
-0.15980  0.56823  0.40103 W   28 
-0.33278 -0.05623  0.77283 B   29 
-0.23421 -0.02859  1.01179 V   29 
-0.59939 -0.14952  0.65576 B   30 
-0.86455 -0.08778  0.70920 X   30 
-0.50484 -0.17771  0.36504 B   31 
-0.49500  0.02557  0.28485 A   31 
-0.27217 -0.37730  0.40685 B   32 
-0.10732 -0.26490  0.48752 A   32 
-0.44743 -0.59980  0.52431 B   33 
-0.56679 -0.77121  0.79408 K   33 
-0.65016 -0.62746  0.25677 B   34 
-0.94988 -0.57227  0.53270 F   34 
-0.42082 -0.64900  0.03453 B   35 
-0.51124 -0.35212 -0.13151 E   35 
-0.17459 -0.84365  0.20212 B   36 
-0.01603 -0.69005  0.18219 S   36 
-0.16815 -0.91652  0.50566 B   37 
-0.33179 -1.13596  0.59133 N   37 
 0.12672 -0.79271  0.56680 B   38 
-0.11980 -0.63385  0.85795 F   38 
 0.26732 -0.89261  0.28447 B   39 
 0.32669 -1.18574  0.25416 N   39 
 0.54371 -0.80793  0.09299 B   40 
 0.71141 -0.73933  0.26419 T   40 
 0.51779 -1.07504 -0.11428 B   41 
 0.82697 -1.29040  0.01767 Q   41 
 0.26243 -0.99677 -0.24233 B   42 
 0.10672 -1.00328 -0.09948 A   42 
 0.09733 -1.13549 -0.53702 B   43 
 0.32294 -1.16837 -0.62597 T   43 
-0.12831 -1.01799 -0.81201 B   44 
-0.27831 -1.09521 -0.51961 N   44 
-0.30672 -1.10107 -1.07318 B   45 
-0.01306 -1.20764 -1.47251 R   45 
-0.44604 -0.93248 -1.34178 B   46 
-0.40997 -0.68053 -1.11254 N   46 
-0.66424 -0.92241 -1.59872 B   47 
-0.91210 -0.96359 -1.53849 T   47 
-0.46835 -0.70145 -1.75544 B   48 
-0.45898 -0.48795 -1.59837 D   48 
-0.16660 -0.84130 -1.67284 B   49 
-0.09973 -0.72876 -1.43407 B   50 
-0.17574 -0.49780 -1.39819 S   50 
 0.05829 -0.65410 -1.10074 B   51 
 0.14875 -0.90924 -1.12975 T   51 
 0.05073 -0.68743 -0.76004 B   52 
-0.24789 -0.51788 -0.76184 D   52 
 0.26374 -0.53161 -0.50116 B   53 
 0.47042 -0.72010 -0.89166 Y   53 
 0.28571 -0.59327 -0.18550 B   54 
 0.14972 -0.44220  0.10280 B   55 
 0.29377 -0.40557  0.33048 I   55 
-0.01037 -0.23236 -0.12992 B   56 
 0.01706 -0.00277  0.09335 L   56 
-0.06454 -0.33490 -0.41093 B   57 
-0.14133 -0.66708 -0.35421 Q   57 
 0.12200 -0.23627 -0.64044 B   58 
 0.25476  0.00926 -0.50566 I   58 
 0.08924 -0.15790 -0.97377 B   59 
-0.15316 -0.21932 -1.14779 N   59 
 0.24326 -0.23716 -1.29772 B   60 
 0.25009 -0.46594 -1.30969 S   60 
 0.09641 -0.02606 -1.49778 B   61 
-0.18686 -0.22327 -1.75365 R   61 
 0.20469  0.24588 -1.31832 B   62 
-0.21179  0.34836 -1.47293 W   62 
 0.44665  0.20517 -1.07761 B   63 
 0.09669  0.42550 -0.93271 W   63 
 0.59603 -0.06493 -1.18078 B   64 
 0.57516 -0.20709 -0.96394 X   64 
 0.85082 -0.29436 -1.29449 B   65 
 0.97492 -0.26850 -1.56310 N   65 
 0.81873 -0.65115 -1.43676 B   66 
 0.55324 -0.67613 -1.39724 D   66 
 0.85333 -0.71268 -1.76134 B   67 
 0.50564 -0.80172 -1.81387 B   68 
 0.41199 -1.14095 -1.49655 R   68 
 0.36613 -0.49627 -1.87752 B   69 
 0.25681 -0.51042 -1.64712 T   69 
 0.21122 -0.36511 -2.11054 B   70 
 0.16807 -0.55935 -2.18913 P   70 
 0.19849 -0.02603 -2.09733 B   71 
 0.38064  0.06585 -1.87870 B   72 
 0.47200 -0.12584 -1.77204 S   72 
 0.51427  0.33079 -1.63855 B   73 
 0.34802  0.60228 -1.80082 R   73 
 0.68271  0.35999 -1.37032 B   74 
 0.90714  0.20209 -1.31880 N   74 
 0.63416  0.61228 -1.15821 B   75 
 0.35954  0.70455 -1.30256 L   75 
 0.83209  0.50144 -0.91500 B   76 
 0.58266  0.45975 -0.73460 X   76 
 1.08802  0.39685 -1.03123 B   77 
 1.27049  0.53736 -1.17753 N   77 
 1.05486  0.05923 -1.00243 B   78 
 1.08433  0.11694 -0.71522 I   78 
 1.09696 -0.24435 -0.92095 B   79 
 1.30486 -0.24552 -0.94235 P   79 
 0.85526 -0.44760 -0.81083 B   80 
 0.64323 -0.41908 -1.04321 X   80 
 1.04521 -0.60990 -0.61470 B   81 
 1.21730 -0.68216 -0.76512 S   81 
 1.09251 -0.37514 -0.41191 B   82 
 1.20249 -0.23171 -0.51983 A   82 
 0.78648 -0.42048 -0.30189 B   83 
 0.64577 -0.19164 -0.48887 L   83 
 0.89695 -0.70445 -0.13888 B   84 
 0.74784 -0.84489 -0.39636 L   84 
 1.05016 -0.60606  0.07551 B   85 
 1.28683 -0.50094  0.06601 S   85 
 1.11370 -0.56488  0.41626 B   86 
 1.28890 -0.71597  0.47819 S   86 
 1.16193 -0.28239  0.30795 B   87 
 1.37544 -0.08692  0.34871 D   87 
 0.90567 -0.02970  0.28584 B   88 
 0.73697 -0.08121  0.48727 I   88 
 1.01443  0.22682  0.14996 B   89 
 1.24821  0.28559  0.26116 T   89 
 0.91829  0.18634 -0.14308 B   90 
 1.05580  0.04317 -0.23159 A   90 
 0.61268  0.15954 -0.08781 B   91 
 0.58955 -0.11255 -0.06040 S   91 
 0.57586  0.42873  0.05346 B   92 
 0.63240  0.41746  0.30919 V   92 
 0.67504  0.62078 -0.16436 B   93 
 0.99092  0.66162 -0.05604 N   93 
 0.46741  0.51468 -0.36719 B   94 
 0.49822  0.31492 -0.56803 X   94 
 0.20911  0.56137 -0.20425 B   95 
 0.20490  0.40734 -0.05390 A   95 
 0.23744  0.86837 -0.18525 B   96 
 0.53551  0.92386  0.16827 K   96 
 0.18887  0.90146 -0.49129 B   97 
 0.52588  0.89173 -0.67747 K   97 
-0.08598  0.76302 -0.51579 B   98 
-0.02989  0.45961 -0.54705 I   98 
-0.25275  0.94029 -0.30667 B   99 
-0.22455  0.90397 -0.07930 V   99 
-0.16972  1.20956 -0.48732 B   100 
 0.02924  1.25115 -0.32144 S   100 
-0.33002  1.15176 -0.77030 B   101 
-0.27533  0.95657 -0.96085 D   101 
-0.67240  1.21918 -0.66695 B   102 
-0.83144  0.95145 -0.52459 B   103 
-0.92655  0.89536 -0.82968 N   103 
-0.66719  0.87082 -0.31589 B   104 
-0.74415  0.57207 -0.14314 B   105 
-0.58045  0.55430  0.21279 M   105 
-0.92486  0.46267 -0.38558 B   106 
-1.16797  0.67079 -0.30224 N   106 
-0.68764  0.30853 -0.52218 B   107 
-0.54770  0.45989 -0.55751 A   107 
-0.77372  0.10897 -0.29145 B   108 
-0.33131  0.22640 -0.19810 W   108 
-1.00561 -0.12783 -0.30756 B   109 
-1.02904 -0.22415 -0.54363 V   109 
-0.99012 -0.23719 -0.01469 B   110 
-0.83603 -0.38632 -0.01683 A   110 
-1.02833  0.03147  0.12351 B   111 
-0.94418  0.40144  0.21093 W   111 
-1.29949  0.11484 -0.00163 B   112 
-1.39839  0.14825 -0.41081 R   112 
-1.45437 -0.17231  0.06664 B   113 
-1.49214 -0.23397 -0.24969 N   113 
-1.31479 -0.20142  0.39276 B   114 
-1.20293 -0.68000  0.28875 R   114 
-1.23216  0.10260  0.51861 B   115 
-0.94974 -0.04300  0.49351 X   115 
-1.41751  0.30154  0.42725 B   116 
-1.44229  0.58101  0.08177 K   116 
-1.61554  0.43728  0.68918 B   117 
-1.45564  0.32035  0.91222 B   118 
-1.42698  0.07980  0.81894 T   118 
-1.28672  0.22556  1.21108 B   119 
-1.33015  0.30208  1.48394 D   119 
-0.95254  0.27126  1.15935 B   120 
-0.97221  0.37775  0.93410 V   120 
-0.84003  0.30534  1.44963 B   121 
-1.00630  0.67117  1.55944 Q   121 
-0.84840 -0.00117  1.52033 B   122 
-1.04963 -0.05005  1.51218 A   122 
-0.56413 -0.05847  1.36984 B   123 
-0.77134 -0.27853  1.06626 W   123 
-0.40090  0.09856  1.63133 B   124 
-0.34670  0.31721  1.48463 I   124 
-0.46584 -0.04790  1.86279 B   125 
-0.94922  0.13844  1.86353 R   125 
-0.22085 -0.09709  2.11413 B   126 
-0.02376  0.09625  1.99128 B   127 
-0.05034 -0.07119  1.71625 X   127 
 0.31145  0.23760  2.01675 B   128 
 0.38287  0.46317  2.34613 R   128 
 0.29062  0.60425  1.93204 B   129 
 0.20364  0.47821  1.72219 L   129 
