246 
 0.76143  0.07868  1.09588 B   1 
 1.14199  0.03835  0.92330 K   1 
 0.89660  0.40146  1.01897 B   2 
 0.73296  0.55560  1.14792 V   2 
 0.93875  0.54074  0.73261 B   3 
 0.99137  0.15237  0.54736 F   3 
 1.10264  0.69957  0.51369 B   4 
 1.06974  0.82895  0.22224 B   5 
 1.03020  1.22537  0.04650 R   5 
 1.34293  0.74541  0.07988 B   6 
 1.45438  1.02988  0.00894 X   6 
 1.33373  0.46153  0.20611 B   7 
 1.39480  0.36350  0.57903 E   7 
 1.07300  0.35909  0.07475 B   8 
 0.79017  0.35296  0.19340 L   8 
 1.14205  0.41007 -0.21864 B   9 
 1.13450  0.62523 -0.24703 A   9 
 1.37791  0.21566 -0.22621 B   10 
 1.54051  0.31341 -0.11743 A   10 
 1.22051 -0.04002 -0.14876 B   11 
 1.20442 -0.03787  0.06733 A   11 
 1.00317 -0.02171 -0.36872 B   12 
 0.68444  0.20549 -0.19156 M   12 
 1.20299 -0.03891 -0.59726 B   13 
 1.44362  0.25982 -0.79991 K   13 
 1.34612 -0.30206 -0.53932 B   14 
 1.49979 -0.46172 -0.14247 R   14 
 1.04898 -0.44487 -0.54959 B   15 
 1.07780 -0.52807 -0.17033 H   15 
 0.92622 -0.31184 -0.83719 B   16 
 0.71487 -0.04924 -0.82860 B   17 
 0.56343 -0.13053 -0.55346 L   17 
 0.83727  0.10429 -1.04308 B   18 
 1.01127  0.35618 -1.06806 D   18 
 0.60461  0.11488 -1.29109 B   19 
 0.83465  0.31381 -1.39661 N   19 
 0.38964 -0.04997 -1.18872 B   20 
 0.35387 -0.46607 -1.04453 Y   20 
 0.14191 -0.06304 -1.40128 B   21 
-0.00096 -0.51597 -1.40297 R   21 
 0.23639  0.25901 -1.45838 B   22 
 0.33829  0.34141 -1.16200 B   23 
-0.13043  0.31772 -1.12978 Y   23 
 0.50729  0.55661 -1.03044 B   24 
 0.53628  0.76873 -1.12564 S   24 
 0.67637  0.57890 -0.74348 B   25 
 0.96178  0.47491 -0.66421 L   25 
 0.52790  0.83678 -0.63285 B   26 
 0.25243  0.70110 -0.59563 B   27 
 0.13848  0.76099 -0.90761 N   27 
 0.33078  0.49654 -0.37906 B   28 
 0.27431  0.14162 -0.64338 W   28 
 0.43853  0.69902 -0.17388 B   29 
 0.69216  0.74746 -0.20395 V   29 
 0.18432  0.86796 -0.15593 B   30 
 0.08066  1.07548 -0.30814 X   30 
-0.00140  0.64555 -0.05448 B   31 
-0.04799  0.52174 -0.22869 A   31 
 0.15254  0.56409  0.20123 B   32 
 0.32012  0.44486  0.13782 A   32 
 0.13387  0.83996  0.33376 B   33 
 0.27511  1.14009  0.41363 K   33 
-0.20264  0.85415  0.33425 B   34 
-0.14443  1.21336  0.14295 F   34 
-0.25490  0.56580  0.46300 B   35 
-0.42282  0.43681  0.18185 E   35 
 0.01002  0.54211  0.69935 B   36 
 0.09441  0.35727  0.61079 S   36 
 0.25725  0.73133  0.72316 B   37 
 0.21940  0.97975  0.86147 N   37 
 0.48385  0.49929  0.69448 B   38 
 0.59174  0.79018  0.42149 F   38 
 0.32658  0.27221  0.87657 B   39 
 0.31637  0.31442  1.17404 N   39 
 0.33336 -0.07210  0.91689 B   40 
 0.57374 -0.12779  0.88147 T   40 
 0.13135 -0.07297  1.18924 B   41 
 0.40171 -0.15650  1.47086 Q   41 
-0.11410  0.02071  1.05247 B   42 
-0.08659  0.21950  0.98599 A   42 
-0.45866  0.03079  1.17298 B   43 
-0.40474 -0.17683  1.29079 T   43 
-0.80478  0.00673  1.03170 B   44 
-0.65631  0.30915  1.01026 N   44 
-1.12584  0.02573  1.09086 B   45 
-1.29187 -0.37914  1.34692 R   45 
-1.41406 -0.07789  0.92908 B   46 
-1.18929 -0.06713  0.67084 N   46 
-1.74826 -0.05953  0.88771 B   47 
-1.84327  0.17514  0.83612 T   47 
-1.75002 -0.37216  0.76933 B   48 
-1.60209 -0.36770  0.54925 D   48 
-1.51931 -0.50418  0.98561 B   49 
-1.27834 -0.46201  0.86601 B   50 
-1.27717 -0.46659  0.62029 S   50 
-0.91044 -0.42267  0.79707 B   51 
-0.89933 -0.41661  1.06903 T   51 
-0.63820 -0.21630  0.77376 B   52 
-0.79906 -0.05236  0.51848 D   52 
-0.29445 -0.28838  0.65838 B   53 
-0.50833 -0.59386  0.96116 Y   53 
-0.02770 -0.10812  0.67495 B   54 
 0.14047  0.10069  0.44570 B   55 
 0.41144  0.10544  0.42380 I   55 
-0.12754  0.01801  0.23321 B   56 
 0.08594  0.03988 -0.00609 L   56 
-0.39516 -0.06068  0.35405 B   57 
-0.41451  0.14616  0.63028 Q   57 
-0.46990 -0.36334  0.35785 B   58 
-0.26760 -0.47551  0.15153 I   58 
-0.75616 -0.55119  0.32487 B   59 
-1.04104 -0.44333  0.32966 N   59 
-0.93846 -0.81875  0.49843 B   60 
-0.95944 -0.74957  0.71593 S   60 
-1.17210 -0.89374  0.28410 B   61 
-1.55625 -0.75243  0.41472 R   61 
-0.94550 -0.97205  0.03833 B   62 
-1.30311 -0.78030 -0.16951 W   62 
-0.61304 -1.00647  0.11851 B   63 
-0.67984 -0.74048 -0.22326 W   63 
-0.62993 -1.08061  0.43495 B   64 
-0.47382 -0.89436  0.52772 X   64 
-0.59257 -1.25439  0.74942 B   65 
-0.73976 -1.50593  0.80671 N   65 
-0.75083 -1.18282  1.09352 B   66 
-0.87178 -0.95208  1.02423 D   66 
-1.00069 -1.36705  1.21169 B   67 
-1.24813 -1.10276  1.18939 B   68 
-1.06436 -0.73625  1.42697 R   68 
-1.35975 -1.14104  0.86862 B   69 
-1.23461 -0.92596  0.81105 T   69 
-1.63024 -1.19995  0.73127 B   70 
-1.73198 -1.14228  0.91040 P   70 
-1.60434 -1.30303  0.40875 B   71 
-1.31536 -1.35155  0.34910 B   72 
-1.18855 -1.29341  0.54147 S   72 
-1.02508 -1.41283  0.10888 B   73 
-1.23490 -1.47364 -0.17388 R   73 
-0.70748 -1.40135  0.09568 B   74 
-0.54756 -1.48597  0.30833 N   74 
-0.54504 -1.33647 -0.18787 B   75 
-0.81391 -1.24227 -0.34150 L   75 
-0.24031 -1.31150 -0.05700 B   76 
-0.23792 -1.00885 -0.12694 X   76 
-0.19612 -1.53172  0.14175 B   77 
-0.20233 -1.79999  0.09247 N   77 
-0.21375 -1.37129  0.44155 B   78 
 0.04187 -1.25469  0.35352 I   78 
-0.14306 -1.25041  0.72608 B   79 
-0.04191 -1.41846  0.79823 P   79 
-0.20442 -0.93537  0.82010 B   80 
-0.51377 -0.91457  0.75978 X   80 
 0.05385 -0.91229  1.00356 B   81 
 0.02430 -1.09974  1.15003 S   81 
 0.26226 -0.91857  0.76905 B   82 
 0.24624 -1.11200  0.68754 A   82 
 0.17448 -0.61101  0.69478 B   83 
-0.04378 -0.68965  0.46390 L   83 
 0.35223 -0.50336  0.97088 B   84 
 0.04714 -0.48408  1.09254 L   84 
 0.62164 -0.53473  0.89637 B   85 
 0.75597 -0.75548  0.87692 S   85 
 0.93944 -0.40827  0.82672 B   86 
 1.08022 -0.45244  1.01536 S   86 
 0.89700 -0.60461  0.59540 B   87 
 1.06519 -0.81201  0.47644 D   87 
 0.74920 -0.51325  0.27946 B   88 
 0.81425 -0.25627  0.24180 I   88 
 0.71706 -0.76129  0.09631 B   89 
 0.94544 -0.89653  0.10077 T   89 
 0.41972 -0.83699  0.14740 B   90 
 0.41641 -0.93898  0.33931 A   90 
 0.28861 -0.56666  0.06432 B   91 
 0.27989 -0.43776  0.30646 S   91 
 0.40092 -0.55586 -0.22036 B   92 
 0.64170 -0.45269 -0.23039 V   92 
 0.29202 -0.81929 -0.33398 B   93 
 0.56376 -1.01164 -0.28559 N   93 
 0.00048 -0.73779 -0.27178 B   94 
-0.15942 -0.80165 -0.04475 X   94 
-0.01066 -0.46940 -0.42441 B   95 
 0.09979 -0.32838 -0.30500 A   95 
 0.04131 -0.58885 -0.70449 B   96 
 0.50446 -0.63703 -0.71296 K   96 
-0.23465 -0.73364 -0.70454 B   97 
-0.19513 -1.08727 -0.55719 K   97 
-0.42081 -0.49119 -0.66128 B   98 
-0.43435 -0.44340 -0.35515 I   98 
-0.33328 -0.31237 -0.91293 B   99 
-0.13353 -0.19471 -0.90451 V   99 
-0.41590 -0.57034 -1.10953 B   100 
-0.16380 -0.64298 -1.10874 S   100 
-0.74279 -0.58602 -1.06473 B   101 
-0.88033 -0.66379 -0.83575 D   101 
-0.84935 -0.29468 -1.25504 B   102 
-0.84137 -0.00121 -1.07881 B   103 
-1.14901 -0.07885 -1.01099 N   103 
-0.58211  0.01930 -0.98185 B   104 
-0.50443  0.27877 -0.75456 B   105 
-0.12089  0.35906 -0.73886 M   105 
-0.81322  0.31919 -0.67446 B   106 
-0.87017  0.47488 -0.96061 N   106 
-0.79965  0.11931 -0.43247 B   107 
-0.73865 -0.05924 -0.52267 A   107 
-0.67320  0.38269 -0.30954 B   108 
-0.33639  0.05963 -0.28906 W   108 
-0.83444  0.63224 -0.16177 B   109 
-1.04733  0.55310 -0.04356 V   109 
-0.59319  0.82163 -0.09933 B   110 
-0.51676  0.75715  0.09037 A   110 
-0.48422  0.83196 -0.38352 B   111 
-0.34024  0.68611 -0.71458 W   111 
-0.73599  0.93734 -0.53064 B   112 
-1.12505  0.77318 -0.53168 R   112 
-0.78752  1.19347 -0.32365 B   113 
-1.07198  1.06837 -0.23021 N   113 
-0.44290  1.27942 -0.30070 B   114 
-0.49566  1.30685  0.19814 R   114 
-0.27269  1.17936 -0.57658 B   115 
-0.14152  1.00424 -0.34482 X   115 
-0.44019  1.19793 -0.80869 B   116 
-0.71858  0.92618 -1.02484 K   116 
-0.33004  1.44428 -1.03985 B   117 
-0.06393  1.48886 -0.91262 B   118 
-0.13975  1.50068 -0.66462 T   118 
 0.27082  1.56085 -0.81465 B   119 
 0.47431  1.71775 -0.94181 D   119 
 0.42239  1.26426 -0.74044 B   120 
 0.23387  1.11652 -0.81186 V   120 
 0.72639  1.32838 -0.77979 B   121 
 0.74538  1.38504 -1.19207 Q   121 
 0.75924  1.48234 -0.50734 B   122 
 0.63442  1.64670 -0.52612 A   122 
 0.79470  1.20505 -0.33824 B   123 
 0.41346  1.27071 -0.15422 W   123 
 1.11224  1.17150 -0.47138 B   124 
 1.03759  0.97196 -0.63533 I   124 
 1.25487  1.40056 -0.39120 B   125 
 0.99166  1.69914 -0.72279 R   125 
 1.59719  1.37276 -0.30374 B   126 
 1.62200  1.08777 -0.40112 B   127 
 1.37076  1.01457 -0.21164 X   127 
 1.84362  0.79936 -0.42757 B   128 
 2.16878  0.84834 -0.66495 R   128 
 1.78659  0.63834 -0.76352 B   129 
 1.55690  0.63212 -0.64230 L   129 
