246 
-1.17214 -0.62399 -0.15374 B   1 
-1.06556 -1.01082 -0.03028 K   1 
-1.23491 -0.66304  0.19684 B   2 
-1.37798 -0.45242  0.24521 V   2 
-1.02535 -0.68256  0.43950 B   3 
-0.73093 -0.86052  0.17574 F   3 
-0.90603 -0.80748  0.70439 B   4 
-0.67526 -0.75878  0.92150 B   5 
-0.64132 -0.61670  1.33169 R   5 
-0.56306 -1.05390  0.96837 B   6 
-0.61411 -1.08122  1.27662 X   6 
-0.58115 -1.11988  0.66517 B   7 
-0.90279 -1.18035  0.45234 E   7 
-0.37927 -0.91106  0.55855 B   8 
-0.43729 -0.63492  0.43820 L   8 
-0.13779 -0.98277  0.73172 B   9 
-0.18368 -0.91412  0.93257 A   9 
-0.10571 -1.26540  0.61959 B   10 
-0.26797 -1.38371  0.70619 A   10 
-0.06245 -1.18535  0.32318 B   11 
-0.25994 -1.15394  0.23969 A   11 
 0.17246 -0.98857  0.36846 B   12 
-0.01294 -0.60519  0.42540 M   12 
 0.35444 -1.20036  0.48880 B   13 
 0.39757 -1.35596  0.89146 K   13 
 0.36570 -1.41024  0.26763 B   14 
 0.02680 -1.57542  0.01376 R   14 
 0.47590 -1.17000  0.07032 B   15 
 0.14898 -1.19491 -0.13968 H   15 
 0.71758 -1.03433  0.26694 B   16 
 0.65701 -0.75485  0.44563 B   17 
 0.45714 -0.61489  0.23183 L   17 
 0.78129 -0.84150  0.69383 B   18 
 0.68796 -0.93474  0.97121 D   18 
 1.04742 -0.63441  0.73899 B   19 
 1.03674 -0.80243  1.01336 N   19 
 1.04673 -0.47091  0.49996 B   20 
 1.06183 -0.54930  0.06541 Y   20 
 1.29084 -0.25391  0.50690 B   21 
 1.47196 -0.25155  0.06787 R   21 
 1.21714 -0.25299  0.83928 B   22 
 0.89748 -0.30459  0.82644 B   23 
 0.95780  0.13732  0.67685 Y   23 
 0.67298 -0.39272  1.01086 B   24 
 0.68344 -0.36455  1.24323 S   24 
 0.37077 -0.52674  0.96458 B   25 
 0.28312 -0.82370  0.91274 L   25 
 0.20656 -0.30128  1.11621 B   26 
 0.26668 -0.07620  0.91275 B   27 
 0.55431  0.02777  1.05547 N   27 
 0.12277 -0.19573  0.66804 B   28 
 0.49788 -0.26554  0.43686 W   28 
-0.15467 -0.22400  0.79817 B   29 
-0.18780 -0.45352  0.91567 V   29 
-0.18444  0.06935  0.87910 B   30 
-0.09655  0.21847  1.09594 X   30 
-0.16974  0.18792  0.59630 B   31 
 0.04155  0.18333  0.53989 A   31 
-0.40503  0.03547  0.46545 B   32 
-0.33510 -0.16390  0.42452 A   32 
-0.61830  0.14414  0.65710 B   33 
-0.81920  0.10382  0.92990 K   33 
-0.56473  0.46898  0.58608 B   34 
-0.52083  0.50585  0.99317 F   34 
-0.57610  0.44289  0.26726 B   35 
-0.24305  0.54474  0.21641 E   35 
-0.83264  0.20037  0.22280 B   36 
-0.70253  0.05910  0.11215 S   36 
-0.96245  0.02234  0.44404 B   37 
-1.16834  0.14158  0.60425 N   37 
-0.89641 -0.26408  0.30399 B   38 
-0.76243 -0.30054  0.69322 F   38 
-0.95958 -0.16823 -0.00629 B   39 
-1.24692 -0.12479 -0.08324 N   39 
-0.88050 -0.27340 -0.32709 B   40 
-0.87084 -0.52140 -0.30380 T   40 
-1.09640 -0.06173 -0.48060 B   41 
-1.37528 -0.32386 -0.59417 Q   41 
-0.95911  0.19001 -0.40637 B   42 
-0.97037  0.21770 -0.19708 A   42 
-1.01359  0.52989 -0.52827 B   43 
-1.06096  0.42567 -0.74457 T   43 
-0.81435  0.84248 -0.58239 B   44 
-0.92372  0.78872 -0.26758 N   44 
-0.81931  1.15823 -0.66739 B   45 
-0.88858  1.21524 -1.16639 R   45 
-0.58412  1.39071 -0.77043 B   46 
-0.38861  1.16128 -0.60776 N   46 
-0.49372  1.71159 -0.82138 B   47 
-0.50953  1.86768 -0.61608 T   47 
-0.27739  1.61257 -1.05623 B   48 
-0.10153  1.45721 -0.93262 D   48 
-0.47244  1.36925 -1.19829 B   49 
-0.41853  1.14355 -1.05580 B   50 
-0.19023  1.12353 -0.96702 S   50 
-0.43264  0.79969 -0.90343 B   51 
-0.68781  0.81032 -0.99773 T   51 
-0.52915  0.59953 -0.64292 B   52 
-0.32120  0.78293 -0.44034 D   52 
-0.45813  0.24249 -0.57848 B   53 
-0.59610  0.37778 -1.01826 Y   53 
-0.58161  0.04271 -0.35766 B   54 
-0.47056 -0.07229 -0.04321 B   55 
-0.49935 -0.33064  0.03652 I   55 
-0.19922  0.14349 -0.10344 B   56 
-0.02302 -0.07055  0.05921 L   56 
-0.23715  0.38389 -0.28560 B   57 
-0.55946  0.48310 -0.20988 Q   57 
-0.12430  0.36607 -0.57569 B   58 
 0.06914  0.12548 -0.54786 I   58 
 0.02034  0.58104 -0.80193 B   59 
 0.02894  0.88465 -0.77817 N   59 
-0.01675  0.68819 -1.15135 B   60 
-0.23757  0.74413 -1.17676 S   60 
 0.24765  0.87336 -1.19550 B   61 
 0.14598  1.29041 -1.21391 R   61 
 0.46171  0.61679 -1.11656 B   62 
 0.65078  0.99926 -0.95586 W   62 
 0.34125  0.29560 -1.09499 B   63 
 0.57781  0.41331 -0.74542 W   63 
 0.07726  0.31242 -1.28457 B   64 
-0.09928  0.22526 -1.11457 X   64 
-0.16040  0.24801 -1.54887 B   65 
-0.10172  0.31812 -1.83147 N   65 
-0.47493  0.44450 -1.65392 B   66 
-0.46852  0.62287 -1.45190 D   66 
-0.47749  0.63665 -1.92486 B   67 
-0.50381  0.94880 -1.74199 B   68 
-0.88044  0.89882 -1.45881 R   68 
-0.17497  1.02094 -1.68299 B   69 
-0.21709  0.96106 -1.43830 T   69 
 0.01930  1.25147 -1.75093 B   70 
-0.14802  1.37823 -1.79220 P   70 
 0.34780  1.17334 -1.71498 B   71 
 0.36891  0.87942 -1.66411 B   72 
 0.14922  0.78950 -1.65323 S   72 
 0.56090  0.56760 -1.55627 B   73 
 0.87949  0.72938 -1.55606 R   73 
 0.51362  0.26744 -1.46224 B   74 
 0.31813  0.10529 -1.57819 N   74 
 0.72493  0.11155 -1.25720 B   75 
 0.88171  0.38455 -1.18196 L   75 
 0.54224 -0.16208 -1.20861 B   76 
 0.50313 -0.08005 -0.91156 X   76 
 0.42610 -0.25496 -1.46906 B   77 
 0.56426 -0.33173 -1.69146 N   77 
 0.09757 -0.16941 -1.44322 B   78 
 0.09436 -0.38485 -1.24257 I   78 
-0.21883 -0.18078 -1.42500 B   79 
-0.24581 -0.32159 -1.57706 P   79 
-0.40244 -0.02264 -1.19448 B   80 
-0.29971  0.27394 -1.22996 X   80 
-0.62493 -0.24880 -1.17893 B   81 
-0.69106 -0.26550 -1.40873 S   81 
-0.44266 -0.46598 -1.04446 B   82 
-0.29857 -0.51361 -1.19036 A   82 
-0.46367 -0.29690 -0.76377 B   83 
-0.18542 -0.12864 -0.80113 L   83 
-0.78649 -0.41478 -0.72763 B   84 
-0.85206 -0.10970 -0.83196 L   84 
-0.75410 -0.68605 -0.66070 B   85 
-0.68430 -0.88057 -0.81705 S   85 
-0.78852 -0.95651 -0.44274 B   86 
-0.97230 -1.09020 -0.51830 S   86 
-0.50046 -0.99053 -0.54134 B   87 
-0.34924 -1.22048 -0.63989 D   87 
-0.21400 -0.84532 -0.37745 B   88 
-0.27829 -0.83416 -0.11778 I   88 
 0.04541 -0.90096 -0.53778 B   89 
 0.04750 -1.15816 -0.60349 T   89 
 0.07608 -0.63635 -0.69837 B   90 
-0.06577 -0.64958 -0.86252 A   90 
 0.08349 -0.43760 -0.45834 B   91 
-0.18260 -0.37396 -0.43669 S   91 
 0.32307 -0.56175 -0.31358 B   92 
 0.25502 -0.76145 -0.15798 V   92 
 0.53696 -0.54383 -0.53289 B   93 
 0.51038 -0.85605 -0.65536 N   93 
 0.50270 -0.23757 -0.55593 B   94 
 0.34278 -0.08784 -0.73813 X   94 
 0.55402 -0.15866 -0.26166 B   95 
 0.37629 -0.21376 -0.15339 A   95 
 0.84436 -0.26344 -0.24984 B   96 
 0.78761 -0.71955 -0.17473 K   96 
 0.94208 -0.04322 -0.44752 B   97 
 0.91977 -0.17470 -0.80883 K   97 
 0.85196  0.20878 -0.29363 B   98 
 0.55529  0.25765 -0.36968 I   98 
 1.00803  0.16016 -0.01751 B   99 
 0.92516  0.00516  0.13389 V   99 
 1.29209  0.14872 -0.19417 B   100 
 1.27205 -0.11285 -0.19673 S   100 
 1.31325  0.45876 -0.30615 B   101 
 1.15237  0.58322 -0.49596 D   101 
 1.40822  0.63266 -0.00088 B   102 
 1.14392  0.72423  0.19661 B   103 
 1.16159  0.99929  0.02544 N   103 
 1.00202  0.49020  0.24271 B   104 
 0.68998  0.50897  0.40792 B   105 
 0.58099  0.16835  0.56883 M   105 
 0.65622  0.82084  0.33719 B   106 
 0.87732  0.90060  0.56982 N   106 
 0.49857  0.76622  0.07101 B   107 
 0.63214  0.64897 -0.03923 A   107 
 0.27303  0.73224  0.29112 B   108 
 0.30545  0.31745  0.07866 W   108 
 0.07961  0.97005  0.41815 B   109 
 0.03468  1.15798  0.25016 V   109 
-0.08489  0.80053  0.62351 B   110 
-0.25145  0.72223  0.51345 A   110 
 0.15498  0.67945  0.76683 B   111 
 0.48532  0.47558  0.79713 W   111 
 0.29894  0.93993  0.85385 B   112 
 0.42397  1.26211  0.61119 R   112 
 0.02938  1.07939  0.99165 B   113 
 0.03553  1.32018  0.77422 N   113 
-0.08143  0.77803  1.14523 B   114 
-0.54226  0.87203  0.96867 R   114 
 0.17773  0.56662  1.20210 B   115 
 0.00051  0.40652  0.99104 X   115 
 0.41506  0.71511  1.26457 B   116 
 0.75612  0.88474  1.03440 K   116 
 0.52521  0.66634  1.59885 B   117 
 0.34594  0.43503  1.65672 B   118 
 0.12613  0.52847  1.55502 T   118 
 0.17234  0.14432  1.76712 B   119 
 0.20064 -0.01235  2.00555 D   119 
 0.17850 -0.08230  1.51208 B   120 
 0.32786  0.04862  1.36036 V   120 
 0.13979 -0.35585  1.65956 B   121 
 0.49789 -0.38668  1.87017 Q   121 
-0.17012 -0.32226  1.70246 B   122 
-0.18703 -0.15617  1.82525 A   122 
-0.23787 -0.42579  1.40009 B   123 
-0.36354 -0.03002  1.29475 W   123 
-0.15900 -0.74775  1.49909 B   124 
 0.07357 -0.74721  1.36426 I   124 
-0.33617 -0.81033  1.70870 B   125 
-0.08578 -0.49514  2.03479 R   125 
-0.46733 -1.13846  1.73587 B   126 
-0.28448 -1.25314  1.52438 B   127 
-0.39055 -1.02181  1.32533 X   127 
-0.20040 -1.55128  1.33195 B   128 
-0.05476 -1.86360  1.54577 R   128 
 0.17479 -1.56846  1.30067 B   129 
 0.10514 -1.34279  1.19245 L   129 
