246 
 1.06584  0.58387  0.55677 B   1 
 1.33844  0.55650  0.23869 K   1 
 1.05024  0.87981  0.35539 B   2 
 0.91157  1.03646  0.50837 V   2 
 0.92930  0.91823  0.06030 B   3 
 1.02374  0.50625 -0.03600 F   3 
 0.93391  1.01965 -0.23920 B   4 
 0.74935  1.03365 -0.50094 B   5 
 0.52072  1.33226 -0.72038 R   5 
 0.95494  0.95733 -0.73287 B   6 
 0.93331  1.21567 -0.90941 X   6 
 1.08646  0.73684 -0.55767 B   7 
 1.31769  0.78465 -0.24678 E   7 
 0.84186  0.55046 -0.52357 B   8 
 0.64684  0.53423 -0.28733 L   8 
 0.76917  0.50988 -0.81770 B   9 
 0.68361  0.69732 -0.88626 A   9 
 1.03088  0.37052 -0.89236 B   10 
 1.18338  0.52716 -0.89828 A   10 
 1.00638  0.13266 -0.69497 B   11 
 1.07739  0.20545 -0.50362 A   11 
 0.72606  0.03528 -0.78381 B   12 
 0.44970  0.24778 -0.53269 M   12 
 0.81333 -0.02247 -1.06930 B   13 
 0.84647  0.22742 -1.42238 K   13 
 1.04266 -0.21963 -1.02896 B   14 
 1.38266 -0.20380 -0.72772 R   14 
 0.82733 -0.40852 -0.86542 B   15 
 1.02858 -0.35070 -0.53717 H   15 
 0.56565 -0.40607 -1.08220 B   16 
 0.30399 -0.19904 -1.03345 B   17 
 0.30795 -0.20751 -0.70917 L   17 
 0.27625 -0.10847 -1.30837 B   18 
 0.33703  0.14679 -1.46804 D   18 
-0.02596 -0.22531 -1.41217 B   19 
 0.06796 -0.03626 -1.65520 N   19 
-0.11888 -0.38127 -1.18654 B   20 
 0.03852 -0.72240 -0.95402 Y   20 
-0.41259 -0.51056 -1.24772 B   21 
-0.39371 -0.95477 -1.08073 R   21 
-0.45521 -0.21588 -1.41280 B   22 
-0.27594 -0.02037 -1.22666 B   23 
-0.65998 -0.11585 -0.97230 Y   23 
-0.14592  0.25354 -1.24233 B   24 
-0.22547  0.42199 -1.38445 S   24 
 0.10650  0.40252 -1.08259 B   25 
 0.41683  0.38516 -1.12678 L   25 
-0.05902  0.65136 -0.97551 B   26 
-0.23910  0.48916 -0.78332 B   27 
-0.47980  0.41741 -1.00876 N   27 
-0.02131  0.38847 -0.59016 B   28 
-0.06280 -0.03931 -0.70976 W   28 
 0.08905  0.66470 -0.51128 B   29 
 0.28063  0.74493 -0.66762 V   29 
-0.17635  0.78079 -0.41341 B   30 
-0.39142  0.90160 -0.54040 X   30 
-0.22625  0.57669 -0.18957 B   31 
-0.29639  0.39464 -0.28850 A   31 
 0.03345  0.61656 -0.02621 B   32 
 0.19045  0.51520 -0.13294 A   32 
-0.01714  0.91290  0.03416 B   33 
 0.04171  1.24252 -0.03137 K   33 
-0.31164  0.86541  0.19052 B   34 
-0.45041  1.14204 -0.08011 F   34 
-0.21485  0.63389  0.38922 B   35 
-0.43035  0.38867  0.25765 E   35 
 0.11469  0.74049  0.47074 B   36 
 0.21066  0.55499  0.39652 S   36 
 0.27771  0.96780  0.33201 B   37 
 0.22153  1.23732  0.41248 N   37 
 0.53493  0.78486  0.25211 B   38 
 0.42820  0.97956 -0.09643 F   38 
 0.54295  0.60910  0.53229 B   39 
 0.63863  0.74767  0.78132 N   39 
 0.67329  0.30644  0.64015 B   40 
 0.88415  0.28638  0.50870 T   40 
 0.60718  0.36209  0.96804 B   41 
 0.97819  0.42990  1.09892 Q   41 
 0.31180  0.35753  0.94662 B   42 
 0.24655  0.52321  0.83266 A   42 
 0.05916  0.34575  1.21002 B   43 
 0.21775  0.20413  1.33122 T   43 
-0.28771  0.21288  1.25858 B   44 
-0.26347  0.51135  1.10274 N   44 
-0.54720  0.19263  1.45658 B   45 
-0.46139 -0.12349  1.84357 R   45 
-0.82718 -0.01018  1.47801 B   46 
-0.73896 -0.04777  1.14918 N   46 
-1.13758 -0.06769  1.59665 B   47 
-1.31392  0.11405  1.54532 T   47 
-1.08743 -0.39680  1.56620 B   48 
-1.04840 -0.44105  1.30763 D   48 
-0.76121 -0.40316  1.67092 B   49 
-0.61402 -0.36155  1.44563 B   50 
-0.70886 -0.44940  1.23660 S   50 
-0.33641 -0.28237  1.20415 B   51 
-0.22106 -0.18200  1.42940 T   51 
-0.17588 -0.05080  1.00959 B   52 
-0.46738 -0.01568  0.83149 D   52 
 0.09763 -0.09460  0.76475 B   53 
 0.12933 -0.31173  1.19206 Y   53 
 0.27743  0.12551  0.61261 B   54 
 0.26590  0.27029  0.29114 B   55 
 0.48943  0.31611  0.14329 I   55 
-0.02333  0.07315  0.25511 B   56 
 0.05914  0.05023 -0.05471 L   56 
-0.18150 -0.00654  0.50219 B   57 
-0.15402  0.27501  0.70077 Q   57 
-0.14906 -0.29794  0.60818 B   58 
-0.02092 -0.43529  0.36162 I   58 
-0.34981 -0.53416  0.75725 B   59 
-0.62762 -0.48445  0.87201 N   59 
-0.35399 -0.75470  1.05101 B   60 
-0.30777 -0.62047  1.23095 S   60 
-0.61672 -0.93917  0.99545 B   61 
-0.94087 -0.83359  1.25696 R   61 
-0.49392 -1.05434  0.69623 B   62 
-0.94509 -1.01291  0.64540 W   62 
-0.16458 -0.99872  0.61506 B   63 
-0.44136 -0.88200  0.29603 W   63 
-0.03049 -0.96222  0.90934 B   64 
 0.08219 -0.73058  0.87314 X   64 
 0.18103 -1.00852  1.19849 B   65 
 0.15605 -1.24760  1.37295 N   65 
 0.15823 -0.85368  1.55074 B   66 
-0.04625 -0.68629  1.49745 D   66 
 0.04759 -1.02843  1.81065 B   67 
-0.25796 -0.83689  1.84977 B   68 
-0.12091 -0.38456  1.88379 R   68 
-0.46917 -1.00178  1.63759 B   69 
-0.45183 -0.80041  1.48144 T   69 
-0.73828 -1.15181  1.66150 B   70 
-0.77329 -1.05587  1.84948 P   70 
-0.81116 -1.35224  1.39725 B   71 
-0.57025 -1.36519  1.22057 B   72 
-0.40303 -1.22304  1.31167 S   72 
-0.39569 -1.45127  0.89218 B   73 
-0.66945 -1.64170  0.76386 R   73 
-0.13062 -1.38785  0.72820 B   74 
 0.11818 -1.36450  0.85274 N   74 
-0.12324 -1.39540  0.39521 B   75 
-0.44565 -1.40945  0.37037 L   75 
 0.18354 -1.27271  0.35715 B   76 
 0.06251 -1.01693  0.22898 X   76 
 0.36976 -1.40008  0.55476 B   77 
 0.42945 -1.66551  0.57543 N   77 
 0.42269 -1.15301  0.78295 B   78 
 0.57156 -1.02932  0.56107 I   78 
 0.55823 -0.93166  0.96518 B   79 
 0.72701 -1.04382  1.01629 P   79 
 0.44324 -0.62004  1.00417 B   80 
 0.14598 -0.67727  1.09437 X   80 
 0.73135 -0.48954  1.03333 B   81 
 0.82295 -0.61783  1.21393 S   81 
 0.82022 -0.53771  0.73626 B   82 
 0.83510 -0.74685  0.71743 A   82 
 0.61817 -0.29516  0.64594 B   83 
 0.36330 -0.48587  0.56981 L   83 
 0.84688 -0.06958  0.77331 B   84 
 0.62583 -0.06537  1.01699 L   84 
 1.05962 -0.07530  0.58940 B   85 
 1.23735 -0.26133  0.55847 S   85 
 1.26628  0.07497  0.35159 B   86 
 1.47631  0.12399  0.45570 S   86 
 1.19996 -0.19272  0.21819 B   87 
 1.36329 -0.39428  0.08344 D   87 
 0.91860 -0.24290 -0.00165 B   88 
 0.87879 -0.00694 -0.12175 I   88 
 0.89654 -0.54000 -0.08734 B   89 
 1.13791 -0.62202 -0.16140 T   89 
 0.68418 -0.64609  0.11366 B   90 
 0.78945 -0.67531  0.30155 A   90 
 0.45300 -0.44871  0.04460 B   91 
 0.50072 -0.24877  0.22644 S   91 
 0.43373 -0.51559 -0.25361 B   92 
 0.60492 -0.38037 -0.39898 V   92 
 0.37785 -0.81703 -0.24032 B   93 
 0.69201 -0.92892 -0.28469 N   93 
 0.12535 -0.77325 -0.06760 B   94 
 0.09746 -0.78358  0.21578 X   94 
-0.02929 -0.57974 -0.25224 B   95 
 0.06880 -0.38897 -0.23407 A   95 
-0.05772 -0.77609 -0.48899 B   96 
 0.35357 -0.73982 -0.70445 K   96 
-0.25011 -0.95950 -0.32630 B   97 
-0.04622 -1.22833 -0.14059 K   97 
-0.46996 -0.75468 -0.25541 B   98 
-0.37549 -0.60861  0.00134 I   98 
-0.55047 -0.65976 -0.55117 B   99 
-0.41194 -0.51228 -0.66464 V   99 
-0.61827 -0.97973 -0.62226 B   100 
-0.37763 -1.00095 -0.72460 S   100 
-0.87753 -1.03792 -0.42602 B   101 
-0.88097 -1.05637 -0.14845 D   101 
-1.13661 -0.85331 -0.60278 B   102 
-1.15244 -0.52102 -0.52168 B   103 
-1.36645 -0.62504 -0.30111 N   103 
-0.89691 -0.42222 -0.56615 B   104 
-0.82170 -0.09130 -0.46690 B   105 
-0.50999  0.05737 -0.65274 M   105 
-1.06905 -0.08243 -0.26162 B   106 
-1.28054 -0.04669 -0.51333 N   106 
-0.89853 -0.18181 -0.01721 B   107 
-0.82535 -0.36629 -0.08317 A   107 
-0.82381  0.12592 -0.03085 B   108 
-0.42338 -0.10432 -0.10068 W   108 
-0.98302  0.37743  0.11578 B   109 
-1.09488  0.30632  0.33484 V   109 
-0.80992  0.61700  0.01276 B   110 
-0.64856  0.63602  0.15272 A   110 
-0.83171  0.54926 -0.28334 B   111 
-0.79265  0.32776 -0.60117 W   111 
-1.14033  0.55084 -0.31321 B   112 
-1.42456  0.32880 -0.09358 R   112 
-1.18355  0.84843 -0.16942 B   113 
-1.35246  0.71355  0.07260 N   113 
-0.90432  0.99776 -0.33194 B   114 
-0.76095  1.18371  0.11218 R   114 
-0.83521  0.84207 -0.62533 B   115 
-0.57512  0.78325 -0.45075 X   115 
-1.07744  0.74978 -0.74816 B   116 
-1.31748  0.37509 -0.74029 K   116 
-1.15162  0.91808 -1.05218 B   117 
-0.88577  1.05064 -1.07946 B   118 
-0.85669  1.13246 -0.83482 T   118 
-0.58095  1.21089 -1.17024 B   119 
-0.50525  1.34900 -1.40981 D   119 
-0.32736  0.98997 -1.11257 B   120 
-0.47167  0.79528 -1.05142 V   120 
-0.10096  1.09057 -1.30413 B   121 
-0.26568  1.00563 -1.67722 Q   121 
-0.01327  1.33148 -1.12168 B   122 
-0.18017  1.45417 -1.11528 A   122 
 0.17167  1.13976 -0.93252 B   123 
-0.10498  1.19429 -0.61000 W   123 
 0.40339  1.12071 -1.18868 B   124 
 0.33698  0.86722 -1.24872 I   124 
 0.48596  1.38512 -1.23878 B   125 
 0.03354  1.49994 -1.46354 R   125 
 0.82460  1.45110 -1.31988 B   126 
 0.89726  1.15946 -1.35115 B   127 
 0.77867  1.11122 -1.05452 X   127 
 1.16883  0.92438 -1.41424 B   128 
 1.33985  0.94728 -1.78126 R   128 
 1.03738  0.65094 -1.63783 B   129 
 0.88924  0.64509 -1.42450 L   129 
