246 
-1.31909  0.06461  0.20671 B   1 
-1.40317 -0.34198  0.26879 K   1 
-1.30152 -0.01283  0.55610 B   2 
-1.29558  0.22488  0.65919 V   2 
-1.07954 -0.18157  0.71555 B   3 
-0.99995 -0.41850  0.36137 F   3 
-0.98043 -0.40139  0.92018 B   4 
-0.71202 -0.51684  1.05204 B   5 
-0.50593 -0.49923  1.43521 R   5 
-0.76305 -0.83184  1.04465 B   6 
-0.74057 -0.89594  1.35085 X   6 
-0.88928 -0.81498  0.76111 B   7 
-1.23671 -0.66681  0.66241 E   7 
-0.64293 -0.71164  0.60503 B   8 
-0.57639 -0.42323  0.52441 L   8 
-0.43990 -0.92539  0.68584 B   9 
-0.39034 -0.88753  0.89385 A   9 
-0.59000 -1.15755  0.55524 B   10 
-0.76189 -1.19866  0.68405 A   10 
-0.58826 -1.04732  0.26543 B   11 
-0.75377 -0.90803  0.25283 A   11 
-0.28273 -1.00231  0.24129 B   12 
-0.21877 -0.59905  0.37504 M   12 
-0.21475 -1.29549  0.28462 B   13 
-0.15869 -1.53404  0.64261 K   13 
-0.37147 -1.43260  0.06161 B   14 
-0.79810 -1.35654 -0.07547 R   14 
-0.20635 -1.23923 -0.14847 B   15 
-0.53877 -1.05886 -0.24097 H   15 
 0.11119 -1.28157 -0.03511 B   16 
 0.25336 -1.05253  0.16746 B   17 
 0.10954 -0.79206  0.03816 L   17 
 0.37227 -1.23861  0.35664 B   18 
 0.31805 -1.33197  0.64420 D   18 
 0.70856 -1.19978  0.32269 B   19 
 0.68176 -1.39584  0.57659 N   19 
 0.73273 -1.00961  0.10563 B   20 
 0.59365 -0.99141 -0.31334 Y   20 
 1.04657 -0.94367  0.04332 B   21 
 1.08367 -0.93555 -0.43009 R   21 
 1.07151 -0.97798  0.38111 B   22 
 0.78113 -0.86562  0.47094 B   23 
 1.02319 -0.48678  0.33240 Y   23 
 0.59922 -0.87190  0.71393 B   24 
 0.68149 -0.90224  0.93121 S   24 
 0.27148 -0.83097  0.76232 B   25 
 0.03176 -1.03060  0.72704 L   25 
 0.29420 -0.59238  0.97051 B   26 
 0.40908 -0.38655  0.77024 B   27 
 0.73375 -0.46650  0.81611 N   27 
 0.16732 -0.36724  0.58034 B   28 
 0.37738 -0.55780  0.23597 W   28 
-0.04018 -0.28563  0.79245 B   29 
-0.15725 -0.48997  0.90255 V   29 
 0.10948 -0.03885  0.89339 B   30 
 0.31403 -0.00015  1.07681 X   30 
 0.11156  0.11499  0.62772 B   31 
 0.26679  0.02155  0.50515 A   31 
-0.19284  0.12602  0.57349 B   32 
-0.25052 -0.06856  0.50191 A   32 
-0.26092  0.28030  0.82958 B   33 
-0.37618  0.28463  1.15068 K   33 
-0.06558  0.54609  0.76147 B   34 
 0.09284  0.47003  1.13314 F   34 
-0.16947  0.59697  0.46302 B   35 
 0.14189  0.53445  0.31126 E   35 
-0.51629  0.52322  0.49270 B   36 
-0.51235  0.36398  0.33858 S   36 
-0.65877  0.38715  0.73493 B   37 
-0.72331  0.55354  0.95947 N   37 
-0.79031  0.14137  0.56668 B   38 
-0.60145 -0.03657  0.88832 F   38 
-0.87044  0.31911  0.29939 B   39 
-1.10113  0.51042  0.32295 N   39 
-0.94255  0.25965 -0.03451 B   40 
-1.05839  0.03901 -0.02824 T   40 
-1.04662  0.57606 -0.09805 B   41 
-1.43943  0.51103 -0.12728 Q   41 
-0.78447  0.70861 -0.06017 B   42 
-0.72598  0.69320  0.14240 A   42 
-0.68212  1.04988 -0.14020 B   43 
-0.83010  1.02983 -0.33409 T   43 
-0.37036  1.23169 -0.24062 B   44 
-0.40748  1.17170  0.08950 N   44 
-0.23095  1.52081 -0.30324 B   45 
-0.38430  1.70846 -0.74858 R   45 
 0.05578  1.62755 -0.46563 B   46 
 0.13630  1.30387 -0.38767 N   46 
 0.28412  1.86801 -0.52704 B   47 
 0.40498  1.96490 -0.32025 T   47 
 0.34875  1.72964 -0.82442 B   48 
 0.44207  1.48673 -0.77315 D   48 
 0.02676  1.64638 -0.90699 B   49 
-0.01114  1.39819 -0.80158 B   50 
 0.18675  1.25265 -0.79348 S   50 
-0.16363  1.08001 -0.67058 B   51 
-0.38969  1.23164 -0.67557 T   51 
-0.28061  0.90077 -0.40330 B   52 
 0.03595  0.91400 -0.27088 D   52 
-0.39305  0.54913 -0.38379 B   53 
-0.54635  0.82382 -0.74681 Y   53 
-0.54186  0.39159 -0.14513 B   54 
-0.43171  0.17368  0.10947 B   55 
-0.56991 -0.04927  0.18105 I   55 
-0.11341  0.23976 -0.02519 B   56 
-0.04056 -0.06154  0.05983 L   56 
-0.06491  0.50120 -0.17253 B   57 
-0.25612  0.72440  0.00936 Q   57 
-0.05608  0.49336 -0.48408 B   58 
-0.01733  0.18979 -0.53326 I   58 
 0.11651  0.65482 -0.73401 B   59 
 0.28823  0.90402 -0.69904 N   59 
 0.05356  0.83793 -1.04618 B   60 
-0.10335  0.99700 -0.99511 S   60 
 0.35431  0.87788 -1.16495 B   61 
 0.48487  1.28555 -1.12798 R   61 
 0.41447  0.53996 -1.17345 B   62 
 0.80906  0.74055 -1.06430 W   62 
 0.15404  0.31990 -1.12995 B   63 
 0.49688  0.23230 -0.87149 W   63 
-0.10017  0.50123 -1.22165 B   64 
-0.24621  0.47580 -1.00790 X   64 
-0.39439  0.61664 -1.39659 B   65 
-0.38178  0.70806 -1.67891 N   65 
-0.57435  0.95722 -1.38291 B   66 
-0.42458  1.06310 -1.18535 D   66 
-0.54483  1.17945 -1.62802 B   67 
-0.35664  1.41896 -1.43106 B   68 
-0.61734  1.49727 -1.04319 R   68 
-0.03634  1.30988 -1.47929 B   69 
-0.03975  1.22725 -1.23764 T   69 
 0.22499  1.42716 -1.59528 B   70 
 0.14459  1.62416 -1.57308 P   70 
 0.46063  1.19524 -1.67274 B   71 
 0.33711  0.92418 -1.64650 B   72 
 0.11408  0.95087 -1.56894 S   72 
 0.35777  0.54371 -1.62331 B   73 
 0.70166  0.52831 -1.71913 R   73 
 0.18630  0.29103 -1.53429 B   74 
-0.08700  0.27153 -1.58798 N   74 
 0.32888  0.01337 -1.41780 B   75 
 0.61827  0.15444 -1.38428 L   75 
 0.04953 -0.14206 -1.32605 B   76 
 0.13604 -0.11647 -1.02880 X   76 
-0.15969 -0.11007 -1.53854 B   77 
-0.14388 -0.19459 -1.79747 N   77 
-0.37578  0.11507 -1.40237 B   78 
-0.44002 -0.10930 -1.22288 I   78 
-0.63458  0.25352 -1.28227 B   79 
-0.76876  0.17889 -1.42407 P   79 
-0.64279  0.42740 -0.99670 B   80 
-0.41319  0.63798 -1.04877 X   80 
-0.93811  0.33850 -0.92069 B   81 
-1.05903  0.40480 -1.11676 S   81 
-0.86912  0.03760 -0.86440 B   82 
-0.81382 -0.04121 -1.05161 A   82 
-0.72655  0.13205 -0.58411 B   83 
-0.42165  0.14951 -0.70185 L   83 
-1.04169  0.17914 -0.45038 B   84 
-0.96211  0.49239 -0.51196 L   84 
-1.14011 -0.08148 -0.41154 B   85 
-1.22469 -0.24739 -0.59175 S   85 
-1.25411 -0.34136 -0.20828 B   86 
-1.49274 -0.35083 -0.22625 S   86 
-1.06251 -0.48776 -0.39726 B   87 
-1.08466 -0.73519 -0.55135 D   87 
-0.71185 -0.53655 -0.32895 B   88 
-0.69238 -0.55125 -0.06232 I   88 
-0.57055 -0.67451 -0.56790 B   89 
-0.71997 -0.88046 -0.64360 T   89 
-0.44809 -0.42998 -0.71608 B   90 
-0.61215 -0.33828 -0.82526 A   90 
-0.27721 -0.31530 -0.48195 B   91 
-0.45499 -0.13792 -0.37128 S   91 
-0.11034 -0.56675 -0.42999 B   92 
-0.23057 -0.73701 -0.27100 V   92 
 0.01737 -0.60773 -0.70598 B   93 
-0.19856 -0.83469 -0.82866 N   93 
 0.14371 -0.32574 -0.70103 B   94 
 0.04554 -0.08285 -0.81309 X   94 
 0.30147 -0.34565 -0.43614 B   95 
 0.15554 -0.33014 -0.27863 A   95 
 0.48599 -0.57680 -0.52524 B   96 
 0.22050 -0.95363 -0.45888 K   96 
 0.63040 -0.39440 -0.73260 B   97 
 0.45174 -0.41893 -1.07290 K   97 
 0.72786 -0.16928 -0.54516 B   98 
 0.49265  0.03094 -0.51743 I   98 
 0.89961 -0.34419 -0.33810 B   99 
 0.78962 -0.46841 -0.17598 V   99 
 1.07993 -0.45291 -0.59829 B   100 
 0.92625 -0.66535 -0.60739 S   100 
 1.23074 -0.17547 -0.69520 B   101 
 1.11664  0.04799 -0.81540 D   101 
 1.47647 -0.13784 -0.42940 B   102 
 1.35941  0.02516 -0.15196 B   103 
 1.47407  0.28706 -0.30535 N   103 
 1.13332 -0.11563 -0.07389 B   104 
 0.93116  0.01520  0.18501 B   105 
 0.70531 -0.25646  0.35527 M   105 
 1.04872  0.31183  0.14509 B   106 
 1.32944  0.22416  0.29633 N   106 
 0.82425  0.39753 -0.05730 B   107 
 0.84366  0.25697 -0.21093 A   107 
 0.67886  0.43026  0.22246 B   108 
 0.43448  0.10676 -0.00962 W   108 
 0.67802  0.69862  0.41762 B   109 
 0.69700  0.91577  0.28329 V   109 
 0.50772  0.58981  0.65663 B   110 
 0.30328  0.62653  0.60329 A   110 
 0.67606  0.34115  0.70730 B   111 
 0.84603  0.00254  0.61754 W   111 
 0.95145  0.47521  0.75551 B   112 
 1.15996  0.74082  0.50192 R   112 
 0.83998  0.69416  0.98076 B   113 
 0.91560  0.94224  0.78575 N   113 
 0.63131  0.45835  1.14668 B   114 
 0.26055  0.79715  1.13555 R   114 
 0.74617  0.14187  1.10490 B   115 
 0.46465  0.13552  0.95559 X   115 
 1.03279  0.14100  1.09373 B   116 
 1.34054  0.17034  0.77357 K   116 
 1.18186 -0.02432  1.37069 B   117 
 0.92978 -0.14734  1.47223 B   118 
 0.77390  0.05934  1.45288 T   118 
 0.66461 -0.33478  1.61848 B   119 
 0.66632 -0.53227  1.82629 D   119 
 0.48638 -0.47651  1.36433 B   120 
 0.63781 -0.40465  1.17893 V   120 
 0.34937 -0.72199  1.50232 B   121 
 0.67818 -0.96491  1.58239 Q   121 
 0.12562 -0.55364  1.64587 B   122 
 0.22985 -0.43021  1.77567 A   122 
-0.06044 -0.54507  1.37745 B   123 
 0.01737 -0.12554  1.33917 W   123 
-0.13938 -0.87795  1.42880 B   124 
 0.01592 -0.96061  1.22553 I   124 
-0.26302 -0.89057  1.68137 B   125 
 0.18832 -0.81176  1.92314 R   125 
-0.53436 -1.11257  1.73332 B   126 
-0.49922 -1.25315  1.46814 B   127 
-0.51520 -0.96311  1.32669 X   127 
-0.63551 -1.50646  1.24397 B   128 
-0.62590 -1.88756  1.38231 R   128 
-0.34709 -1.69466  1.09087 B   129 
-0.31333 -1.44619  1.02295 L   129 
