246 
 0.80595  0.41328  0.98313 B   1 
 0.53059  0.43392  1.29934 K   1 
 0.80088  0.10313  1.16246 B   2 
 1.01229 -0.01257  1.06712 V   2 
 0.57372 -0.12388  1.16871 B   3 
 0.26798  0.17493  1.09691 F   3 
 0.37992 -0.33010  1.30988 B   4 
 0.16593 -0.55876  1.24143 B   5 
 0.14335 -0.99356  1.24792 R   5 
-0.06580 -0.50010  1.45295 B   6 
-0.07099 -0.77549  1.60297 X   6 
-0.03882 -0.19309  1.41263 B   7 
 0.25110  0.03930  1.53241 E   7 
-0.11765 -0.17687  1.11388 B   8 
 0.06684 -0.16227  0.86923 L   8 
-0.38669 -0.32150  1.12576 B   9 
-0.34210 -0.53168  1.15729 A   9 
-0.52098 -0.11616  1.30821 B   10 
-0.43673 -0.14793  1.50750 A   10 
-0.48794  0.12945  1.12185 B   11 
-0.28690  0.20341  1.15452 A   11 
-0.62091  0.00723  0.87017 B   12 
-0.29938 -0.17724  0.65295 M   12 
-0.88925 -0.03532  1.00668 B   13 
-1.04534 -0.35591  1.25379 K   13 
-0.96009  0.24613  1.10081 B   14 
-0.69384  0.55523  1.30121 R   14 
-0.93180  0.33899  0.78559 B   15 
-0.62244  0.55609  0.87912 H   15 
-1.11609  0.09759  0.63313 B   16 
-0.96609 -0.16754  0.48851 B   17 
-0.70022 -0.01129  0.38778 L   17 
-1.14597 -0.37223  0.59002 B   18 
-1.13727 -0.59343  0.80295 D   18 
-1.30253 -0.49924  0.31596 B   19 
-1.39926 -0.69378  0.55350 N   19 
-1.20205 -0.33557  0.09921 B   20 
-1.19330  0.09705  0.00991 Y   20 
-1.32978 -0.42972 -0.18635 B   21 
-1.43508 -0.02842 -0.41750 R   21 
-1.30577 -0.73692 -0.04159 B   22 
-1.03941 -0.69414  0.13796 B   23 
-0.88699 -0.71669 -0.30652 Y   23 
-0.89906 -0.82559  0.37290 B   24 
-0.92619 -1.05266  0.42391 S   24 
-0.67903 -0.72255  0.60182 B   25 
-0.71975 -0.56364  0.86949 L   25 
-0.45557 -0.93901  0.53859 B   26 
-0.38803 -0.83304  0.25596 B   27 
-0.62005 -1.01452  0.09123 N   27 
-0.27842 -0.55638  0.33552 B   28 
-0.61481 -0.33006  0.14938 W   28 
-0.05829 -0.65685  0.52566 B   29 
-0.14092 -0.68216  0.77084 V   29 
 0.08245 -0.83709  0.32269 B   30 
 0.03919 -1.09632  0.23380 X   30 
 0.15569 -0.61699  0.12158 B   31 
-0.02849 -0.57082  0.01298 A   31 
 0.31872 -0.43105  0.30752 B   32 
 0.17670 -0.32356  0.42832 A   32 
 0.53153 -0.64074  0.37654 B   33 
 0.65970 -0.87270  0.59142 K   33 
 0.63032 -0.69395  0.05898 B   34 
 0.55458 -1.08823  0.14740 F   34 
 0.67019 -0.38705 -0.02274 B   35 
 0.42127 -0.38914 -0.27157 E   35 
 0.80303 -0.24826  0.27675 B   36 
 0.64061 -0.09908  0.29904 S   36 
 0.81565 -0.38514  0.55710 B   37 
 1.03035 -0.56963  0.60339 N   37 
 0.65288 -0.15370  0.71821 B   38 
 0.46757 -0.50828  0.82172 F   38 
 0.78981  0.10317  0.56097 B   39 
 1.07568  0.17011  0.62553 N   39 
 0.71529  0.43704  0.50436 B   40 
 0.59849  0.50455  0.71397 T   40 
 1.01824  0.51182  0.37164 B   41 
 1.17162  0.72294  0.67376 Q   41 
 0.99241  0.34650  0.12723 B   42 
 0.98751  0.14194  0.18036 A   42 
 1.20095  0.33938 -0.17244 B   43 
 1.22687  0.58036 -0.13854 T   43 
 1.16179  0.26931 -0.53836 B   44 
 1.19683 -0.00042 -0.33841 N   44 
 1.31099  0.23463 -0.82729 B   45 
 1.46103  0.68159 -1.01375 R   45 
 1.21188  0.23770 -1.15918 B   46 
 0.91851  0.16157 -0.99959 N   46 
 1.27340  0.16582 -1.48287 B   47 
 1.32754 -0.08124 -1.53572 T   47 
 1.06746  0.41216 -1.57594 B   48 
 0.82812  0.34641 -1.48249 D   48 
 1.15730  0.63984 -1.33611 B   49 
 0.99506  0.58655 -1.12401 B   50 
 0.77053  0.50238 -1.17793 S   50 
 0.84243  0.56934 -0.78041 B   51 
 1.08777  0.66307 -0.70871 T   51 
 0.81080  0.40260 -0.48301 B   52 
 0.67624  0.13969 -0.65821 D   52 
 0.58748  0.46883 -0.19593 B   53 
 0.82474  0.83495 -0.39693 Y   53 
 0.58526  0.33996  0.09955 B   54 
 0.39676  0.08429  0.25298 B   55 
 0.30283  0.10443  0.50734 I   55 
 0.25268  0.05212 -0.06643 B   56 
-0.01684 -0.02881  0.08888 L   56 
 0.41190  0.13646 -0.31128 B   57 
 0.73328  0.04235 -0.22571 Q   57 
 0.34023  0.40887 -0.44491 B   58 
 0.06122  0.46249 -0.32100 I   58 
 0.33061  0.53650 -0.76419 B   59 
 0.44861  0.40437 -1.01204 N   59 
 0.45395  0.82477 -0.95561 B   60 
 0.67889  0.83664 -0.91328 S   60 
 0.30105  0.78894 -1.24107 B   61 
 0.57141  0.65932 -1.54882 R   61 
-0.00975  0.79992 -1.09560 B   62 
-0.03762  0.50484 -1.44202 W   62 
-0.04071  0.90044 -0.76837 B   63 
-0.24755  0.52321 -0.85165 W   63 
 0.22733  1.08104 -0.73032 B   64 
 0.32693  0.96086 -0.52223 X   64 
 0.44686  1.35961 -0.66183 B   65 
 0.46009  1.59535 -0.84204 N   65 
 0.82561  1.39849 -0.72194 B   66 
 0.86970  1.14559 -0.80422 D   66 
 0.94400  1.58161 -0.97251 B   67 
 1.07660  1.29947 -1.15796 B   68 
 1.35691  1.06803 -0.85398 R   68 
 0.80483  1.20592 -1.34290 B   69 
 0.78594  1.00118 -1.19139 T   69 
 0.73708  1.17856 -1.64317 B   70 
 0.94613  1.17759 -1.68865 P   70 
 0.40483  1.16077 -1.71102 B   71 
 0.25478  1.21874 -1.45893 B   72 
 0.41222  1.24945 -1.28362 S   72 
-0.06337  1.22359 -1.24802 B   73 
-0.28043  1.15283 -1.52288 R   73 
-0.16028  1.24621 -0.94591 B   74 
-0.03895  1.42026 -0.76441 N   74 
-0.44203  1.10343 -0.83997 B   75 
-0.47644  0.92875 -1.11029 L   75 
-0.40048  1.16397 -0.51559 B   76 
-0.36858  0.85906 -0.46546 X   76 
-0.30247  1.44460 -0.47577 B   77 
-0.43047  1.67428 -0.54860 N   77 
 0.02507  1.40213 -0.39307 B   78 
-0.08905  1.29313 -0.14451 I   78 
 0.30160  1.40131 -0.23783 B   79 
 0.28550  1.59488 -0.16068 P   79 
 0.50382  1.13641 -0.20976 B   80 
 0.54202  1.05841 -0.51346 X   80 
 0.60541  1.21208  0.08152 B   81 
 0.68699  1.43474  0.04643 S   81 
 0.33272  1.15830  0.22718 B   82 
 0.20197  1.30596  0.15355 A   82 
 0.38739  0.83651  0.19147 B   83 
 0.21405  0.79994 -0.08374 L   83 
 0.62223  0.85771  0.44410 B   84 
 0.82371  0.84721  0.18420 L   84 
 0.46960  0.89211  0.67784 B   85 
 0.34451  1.10538  0.75543 S   85 
 0.35792  0.78804  0.99176 B   86 
 0.47566  0.91373  1.15818 S   86 
 0.09783  0.88123  0.85938 B   87 
-0.12267  1.05035  0.95011 D   87 
-0.11837  0.66516  0.66811 B   88 
-0.08917  0.42165  0.77550 I   88 
-0.35407  0.82477  0.54534 B   89 
-0.45661  0.97882  0.73567 T   89 
-0.24883  0.87764  0.25745 B   90 
-0.10629  1.04076  0.27521 A   90 
-0.20186  0.58193  0.17074 B   91 
 0.06093  0.54890  0.24266 S   91 
-0.48781  0.48278  0.21735 B   92 
-0.53135  0.41253  0.46613 V   92 
-0.64396  0.67249  0.03353 B   93 
-0.73688  0.90039  0.26290 N   93 
-0.48042  0.58463 -0.21354 B   94 
-0.25028  0.70639 -0.32927 X   94 
-0.53057  0.28001 -0.20166 B   95 
-0.40843  0.20580 -0.04067 A   95 
-0.83683  0.29579 -0.23874 B   96 
-0.98895  0.39272  0.19064 K   96 
-0.80581  0.39669 -0.53195 B   97 
-0.79539  0.78167 -0.53577 K   97 
-0.63780  0.16572 -0.64914 B   98 
-0.34137  0.23022 -0.58469 I   98 
-0.83363 -0.07993 -0.58375 B   99 
-0.84440 -0.16184 -0.36698 V   99 
-1.07059  0.07798 -0.75965 B   100 
-1.16322  0.17562 -0.53445 S   100 
-0.94378  0.06952 -1.06455 B   101 
-0.72251  0.20753 -1.16146 D   101 
-0.99419 -0.28133 -1.14707 B   102 
-0.74363 -0.48835 -1.03936 B   103 
-0.62096 -0.42890 -1.33379 N   103 
-0.72154 -0.44136 -0.76671 B   104 
-0.45490 -0.59018 -0.58844 B   105 
-0.52219 -0.61291 -0.20276 M   105 
-0.28335 -0.63565 -0.85659 B   106 
-0.47749 -0.88963 -0.94129 N   106 
-0.13116 -0.36192 -0.83218 B   107 
-0.28655 -0.22195 -0.83122 A   107 
 0.02852 -0.54613 -0.62960 B   108 
-0.14929 -0.19959 -0.37167 W   108 
 0.28656 -0.74302 -0.69856 B   109 
 0.42799 -0.65268 -0.89193 V   109 
 0.33592 -0.86686 -0.41537 B   110 
 0.46611 -0.72969 -0.31427 A   110 
 0.05120 -0.96580 -0.37193 B   111 
-0.33530 -0.93296 -0.33807 W   111 
 0.02147 -1.14643 -0.62218 B   112 
 0.07699 -1.04149 -1.02742 R   112 
 0.30468 -1.31494 -0.57220 B   113 
 0.42905 -1.19957 -0.84882 N   113 
 0.25662 -1.34495 -0.22082 B   114 
 0.73221 -1.19686 -0.15558 R   114 
-0.07265 -1.33145 -0.14026 B   115 
 0.04532 -1.07022 -0.00087 X   115 
-0.23045 -1.45232 -0.34706 B   116 
-0.43491 -1.31213 -0.71669 K   116 
-0.39260 -1.75035 -0.24150 B   117 
-0.33735 -1.71389  0.04937 B   118 
-0.08766 -1.64452  0.03418 T   118 
-0.31909 -1.70512  0.40494 B   119 
-0.44136 -1.87175  0.60364 D   119 
-0.38813 -1.38587  0.50371 B   120 
-0.44713 -1.29749  0.27750 V   120 
-0.48826 -1.42300  0.79811 B   121 
-0.84930 -1.62173  0.73733 Q   121 
-0.20164 -1.46330  0.92155 B   122 
-0.13173 -1.63706  0.83283 A   122 
-0.14617 -1.14160  0.93461 B   123 
 0.14779 -1.18163  0.62557 W   123 
-0.36605 -1.12055  1.20085 B   124 
-0.55712 -1.00398  1.05194 I   124 
-0.26053 -1.28649  1.40227 B   125 
-0.39302 -1.71370  1.14091 R   125 
-0.28554 -1.18829  1.74189 B   126 
-0.47109 -0.95678  1.68454 B   127 
-0.25247 -0.85084  1.47155 X   127 
-0.64832 -0.67299  1.82961 B   128 
-0.93865 -0.76494  2.09743 R   128 
-0.98800 -0.65193  1.66769 B   129 
-0.81602 -0.62997  1.47422 L   129 
