246 
-0.87644 -0.58146  0.82502 B   1 
-0.64879 -0.90996  0.95349 K   1 
-0.69915 -0.49860  1.12514 B   2 
-0.81599 -0.27715  1.19205 V   2 
-0.38501 -0.44656  1.16737 B   3 
-0.29270 -0.71626  0.84079 F   3 
-0.10681 -0.48197  1.31354 B   4 
 0.19532 -0.37521  1.30459 B   5 
 0.45077 -0.10666  1.53312 R   5 
 0.36310 -0.64306  1.34912 B   6 
 0.52087 -0.56380  1.60834 X   6 
 0.17258 -0.80513  1.16460 B   7 
-0.19401 -0.91712  1.23860 E   7 
 0.22249 -0.65379  0.89939 B   8 
 0.05370 -0.43089  0.77318 L   8 
 0.52712 -0.67556  0.88656 B   9 
 0.60474 -0.54188  1.03908 A   9 
 0.53270 -0.98061  0.86657 B   10 
 0.48423 -1.05531  1.06632 A   10 
 0.36685 -1.00589  0.60581 B   11 
 0.15878 -0.99441  0.66524 A   11 
 0.53859 -0.81699  0.43036 B   12 
 0.36372 -0.42791  0.48165 M   12 
 0.79025 -0.98536  0.45826 B   13 
 1.10161 -1.00014  0.75999 K   13 
 0.69903 -1.25711  0.35378 B   14 
 0.31260 -1.48052  0.43954 R   14 
 0.61700 -1.10185  0.07457 B   15 
 0.24175 -1.17914  0.14389 H   15 
 0.89905 -0.92052  0.01937 B   16 
 0.91374 -0.59492  0.10584 B   17 
 0.60324 -0.52441  0.04364 L   17 
 1.17843 -0.60008  0.22611 B   18 
 1.29666 -0.59111  0.50946 D   18 
 1.37203 -0.40304  0.02749 B   19 
 1.56483 -0.46954  0.27656 N   19 
 1.19338 -0.32850 -0.18790 B   20 
 0.94866 -0.54756 -0.48343 Y   20 
 1.34464 -0.13376 -0.40219 B   21 
 1.20911 -0.28638 -0.83103 R   21 
 1.49508 -0.01877 -0.11926 B   22 
 1.25280 -0.05600  0.09271 B   23 
 1.12615  0.30752 -0.17769 Y   23 
 1.21233 -0.06669  0.39341 B   24 
 1.35978  0.03658  0.54338 S   24 
 0.97740 -0.19352  0.59380 B   25 
 0.93182 -0.48616  0.69792 L   25 
 0.90601  0.07727  0.74333 B   26 
 0.78473  0.21867  0.49641 B   27 
 1.07395  0.34997  0.38234 N   27 
 0.54435  0.03177  0.44980 B   28 
 0.69894 -0.12920  0.06351 W   28 
 0.41899  0.06199  0.72923 B   29 
 0.50817 -0.11349  0.89904 V   29 
 0.39385  0.36664  0.72257 B   30 
 0.56886  0.57488  0.77719 X   30 
 0.20778  0.38356  0.47897 B   31 
 0.33451  0.35015  0.30384 A   31 
-0.02546  0.20799  0.58142 B   32 
 0.03826  0.00318  0.56382 A   32 
-0.08831  0.38449  0.82415 B   33 
-0.06443  0.44706  1.15869 K   33 
-0.15016  0.66420  0.64702 B   34 
 0.12991  0.83214  0.89678 F   34 
-0.35245  0.53418  0.43578 B   35 
-0.14865  0.59690  0.15576 E   35 
-0.53192  0.30353  0.63875 B   36 
-0.47619  0.12732  0.51639 S   36 
-0.46115  0.21578  0.92993 B   37 
-0.53984  0.39142  1.14260 N   37 
-0.44639 -0.10378  0.86929 B   38 
-0.09561 -0.01526  1.06903 F   38 
-0.70481 -0.11358  0.66294 B   39 
-0.97944 -0.08420  0.78162 N   39 
-0.82517 -0.32318  0.41432 B   40 
-0.75867 -0.54948  0.49497 T   40 
-1.12329 -0.16429  0.38486 B   41 
-1.35924 -0.43529  0.55883 Q   41 
-1.01782  0.09076  0.27738 B   42 
-0.90119  0.18699  0.42514 A   42 
-1.19635  0.37301  0.12969 B   43 
-1.34825  0.20525  0.03653 T   43 
-1.13448  0.63967 -0.12605 B   44 
-1.01230  0.69907  0.18299 N   44 
-1.24798  0.90904 -0.27270 B   45 
-1.62145  0.80021 -0.59786 R   45 
-1.17472  1.08223 -0.56359 B   46 
-0.88325  0.91066 -0.50942 N   46 
-1.19530  1.36308 -0.74915 B   47 
-1.10774  1.57912 -0.63771 T   47 
-1.15873  1.18115 -1.02721 B   48 
-0.91987  1.06733 -1.00906 D   48 
-1.35192  0.91429 -0.93291 B   49 
-1.18158  0.74646 -0.80266 B   50 
-0.94878  0.74595 -0.88148 S   50 
-1.03563  0.47395 -0.58796 B   51 
-1.29065  0.46510 -0.49304 T   51 
-0.91108  0.37678 -0.28417 B   52 
-0.65962  0.60670 -0.32691 D   52 
-0.75260  0.05846 -0.18304 B   53 
-1.15566  0.04640 -0.44406 Y   53 
-0.67335 -0.05024  0.10993 B   54 
-0.37242 -0.05943  0.29376 B   55 
-0.29825 -0.27483  0.44218 I   55 
-0.24198  0.11050  0.01461 B   56 
 0.03200 -0.04563  0.07686 L   56 
-0.42748  0.27820 -0.15825 B   57 
-0.64383  0.41259  0.07540 Q   57 
-0.51874  0.15944 -0.43169 B   58 
-0.31072 -0.06736 -0.46861 I   58 
-0.58798  0.27961 -0.74648 B   59 
-0.62130  0.57303 -0.82135 N   59 
-0.85289  0.26616 -1.00062 B   60 
-1.04703  0.32120 -0.89191 S   60 
-0.71222  0.41294 -1.25520 B   61 
-0.87623  0.80459 -1.32096 R   61 
-0.45382  0.18707 -1.26466 B   62 
-0.27864  0.59147 -1.38139 W   62 
-0.47436 -0.10238 -1.08043 B   63 
-0.09785  0.11315 -1.01881 W   63 
-0.79648 -0.13665 -1.04912 B   64 
-0.80956 -0.15358 -0.78987 X   64 
-1.13039 -0.27357 -1.06472 B   65 
-1.27410 -0.30437 -1.32283 N   65 
-1.47078 -0.10805 -0.99183 B   66 
-1.37234  0.12681 -0.90339 D   66 
-1.67587 -0.01704 -1.23676 B   67 
-1.63836  0.33905 -1.17873 B   68 
-1.74018  0.40456 -0.72060 R   68 
-1.36408  0.41052 -1.36973 B   69 
-1.23317  0.43755 -1.15209 T   69 
-1.29981  0.59554 -1.60876 B   70 
-1.47580  0.70940 -1.56594 P   70 
-1.01307  0.51784 -1.77324 B   71 
-0.91243  0.25690 -1.66739 B   72 
-1.05687  0.18657 -1.49230 S   72 
-0.64292 -0.01032 -1.62644 B   73 
-0.42915  0.12653 -1.87794 R   73 
-0.56641 -0.25944 -1.44407 B   74 
-0.75831 -0.44115 -1.35401 N   74 
-0.24978 -0.34842 -1.39094 B   75 
-0.13267 -0.07396 -1.51633 L   75 
-0.30950 -0.58105 -1.16088 B   76 
-0.16928 -0.40311 -0.94834 X   76 
-0.54329 -0.74944 -1.24414 B   77 
-0.56255 -0.90245 -1.46921 N   77 
-0.79295 -0.64420 -1.03795 B   78 
-0.63179 -0.78024 -0.83250 I   78 
-1.02066 -0.63336 -0.81749 B   79 
-1.11046 -0.81523 -0.86790 P   79 
-1.04563 -0.39880 -0.58040 B   80 
-1.04282 -0.13629 -0.75605 X   80 
-1.16477 -0.59574 -0.36152 B   81 
-1.35512 -0.68464 -0.47697 S   81 
-0.90314 -0.76450 -0.32227 B   82 
-0.87553 -0.86492 -0.50521 A   82 
-0.77498 -0.51090 -0.15772 B   83 
-0.61649 -0.37846 -0.41163 L   83 
-0.97726 -0.59410  0.10982 B   84 
-1.14705 -0.33826 -0.00837 L   84 
-0.86210 -0.82893  0.21333 B   85 
-0.87116 -1.06753  0.11263 S   85 
-0.70405 -1.00950  0.46681 B   86 
-0.86702 -1.15155  0.56986 S   86 
-0.53977 -1.08842  0.22055 B   87 
-0.44445 -1.34516  0.11830 D   87 
-0.24568 -0.91118  0.11054 B   88 
-0.13514 -0.81119  0.33295 I   88 
-0.13774 -1.02959 -0.15484 B   89 
-0.13072 -1.29378 -0.12978 T   89 
-0.26191 -0.83526 -0.36357 B   90 
-0.46973 -0.89536 -0.38458 A   90 
-0.14273 -0.56863 -0.25462 B   91 
-0.34347 -0.48847 -0.08551 S   91 
 0.15224 -0.64915 -0.27148 B   92 
 0.23312 -0.78216 -0.06057 V   92 
 0.17556 -0.71566 -0.57014 B   93 
 0.13532 -1.04914 -0.55119 N   93 
 0.07998 -0.43319 -0.65126 B   94 
-0.18217 -0.34493 -0.71965 X   94 
 0.28794 -0.26354 -0.49821 B   95 
 0.22979 -0.27074 -0.29106 A   95 
 0.53538 -0.37250 -0.64759 B   96 
 0.62098 -0.77433 -0.42826 K   96 
 0.44724 -0.23560 -0.91331 B   97 
 0.22913 -0.47847 -1.11770 K   97 
 0.42892  0.05731 -0.81755 B   98 
 0.14676  0.09257 -0.69375 I   98 
 0.72837  0.09570 -0.70881 B   99 
 0.78731  0.00411 -0.50399 V   99 
 0.83698  0.01229 -1.01422 B   100 
 0.86721 -0.23394 -0.92886 S   100 
 0.72762  0.26603 -1.19525 B   101 
 0.46456  0.32801 -1.26122 D   101 
 0.95858  0.52666 -1.08954 B   102 
 0.86357  0.69151 -0.80486 B   103 
 0.72103  0.89279 -1.01567 N   103 
 0.82626  0.49336 -0.61413 B   104 
 0.68787  0.58124 -0.30085 B   105 
 0.76625  0.31927 -0.01974 M   105 
 0.56201  0.85310 -0.41769 B   106 
 0.86084  0.99475 -0.41820 N   106 
 0.28613  0.72087 -0.48907 B   107 
 0.34044  0.56725 -0.62018 A   107 
 0.25732  0.77308 -0.17776 B   108 
 0.22453  0.31020 -0.23158 W   108 
 0.14614  1.04877 -0.03030 B   109 
-0.02643  1.17211 -0.17370 V   109 
 0.17907  0.96544  0.26960 B   110 
-0.00222  0.86325  0.32137 A   110 
 0.47280  0.88732  0.25066 B   111 
 0.78006  0.68922  0.11667 W   111 
 0.58973  1.15453  0.14546 B   112 
 0.47605  1.37117 -0.19873 R   112 
 0.44495  1.34489  0.37763 B   113 
 0.27103  1.49908  0.15120 N   113 
 0.51030  1.11755  0.64357 B   114 
 0.03241  1.16992  0.78933 R   114 
 0.78122  0.92466  0.57653 B   115 
 0.54370  0.71237  0.58680 X   115 
 0.97418  1.07368  0.42541 B   116 
 1.06035  1.14022 -0.00613 K   116 
 1.27484  1.13350  0.60508 B   117 
 1.21589  0.94366  0.82751 B   118 
 0.96832  1.00861  0.87084 T   118 
 1.20463  0.71506  1.10036 B   119 
 1.40272  0.64539  1.29557 D   119 
 1.09146  0.41651  0.97992 B   120 
 1.08732  0.48207  0.73877 V   120 
 1.20296  0.20981  1.18709 B   121 
 1.61239  0.23328  1.11389 Q   121 
 0.98746  0.27087  1.40809 B   122 
 1.02105  0.46896  1.45892 A   122 
 0.76637  0.07614  1.26688 B   123 
 0.53383  0.42002  1.16106 W   123 
 0.94602 -0.19803  1.37750 B   124 
 1.03926 -0.25373  1.13159 I   124 
 0.95268 -0.17861  1.65825 B   125 
 1.28958  0.21443  1.63827 R   125 
 0.92871 -0.47219  1.85534 B   126 
 0.95712 -0.65947  1.61989 B   127 
 0.71083 -0.50260  1.48164 X   127 
 0.95516 -1.00837  1.51380 B   128 
 1.25537 -1.23856  1.65996 R   128 
 1.22468 -1.05330  1.25422 B   129 
 1.06365 -0.87334  1.15845 L   129 
