246 
-1.28673  0.28437  0.22446 B   1 
-1.44121 -0.10387  0.26497 K   1 
-1.28272  0.18555  0.56883 B   2 
-1.23479  0.41232  0.68479 V   2 
-1.09384 -0.02836  0.71630 B   3 
-1.05774 -0.25534  0.34875 F   3 
-1.03489 -0.27334  0.90741 B   4 
-0.79094 -0.44151  1.02975 B   5 
-0.58455 -0.48204  1.41101 R   5 
-0.89679 -0.74166  1.00558 B   6 
-0.88565 -0.82582  1.30751 X   6 
-1.01838 -0.68693  0.72481 B   7 
-1.33429 -0.47454  0.63824 E   7 
-0.75782 -0.62002  0.57196 B   8 
-0.64149 -0.34379  0.50661 L   8 
-0.59564 -0.87040  0.63863 B   9 
-0.53994 -0.85361  0.84785 A   9 
-0.78452 -1.06477  0.49710 B   10 
-0.96082 -1.08211  0.62533 A   10 
-0.76366 -0.94048  0.21380 B   11 
-0.90199 -0.77371  0.21071 A   11 
-0.45501 -0.94873  0.18881 B   12 
-0.32070 -0.57122  0.34386 M   12 
-0.43982 -1.25127  0.21518 B   13 
-0.42638 -1.51568  0.55885 K   13 
-0.61854 -1.34587 -0.01330 B   14 
-1.02519 -1.18823 -0.14128 R   14 
-0.42210 -1.17314 -0.21422 B   15 
-0.71755 -0.93210 -0.29298 H   15 
-0.11690 -1.27708 -0.10687 B   16 
 0.06371 -1.08842  0.10643 B   17 
-0.03201 -0.79984 -0.00673 L   17 
 0.14809 -1.30287  0.28376 B   18 
 0.07856 -1.40121  0.56632 D   18 
 0.48592 -1.32208  0.24830 B   19 
 0.42520 -1.52429  0.49130 N   19 
 0.54305 -1.12726  0.04179 B   20 
 0.40890 -1.06133 -0.37398 Y   20 
 0.86354 -1.11427 -0.02024 B   21 
 0.90096 -1.08624 -0.49286 R   21 
 0.88240 -1.17135  0.31486 B   22 
 0.61652 -1.01480  0.41392 B   23 
 0.92152 -0.67738  0.29380 Y   23 
 0.43663 -1.00255  0.65819 B   24 
 0.51249 -1.05907  0.87255 S   24 
 0.12132 -0.90729  0.71236 B   25 
-0.14992 -1.05924  0.66878 L   25 
 0.18604 -0.68851  0.93312 B   26 
 0.33524 -0.49523  0.74323 B   27 
 0.64074 -0.63360  0.78105 N   27 
 0.10048 -0.42298  0.55735 B   28 
 0.27321 -0.62794  0.20072 W   28 
-0.08911 -0.31812  0.77590 B   29 
-0.24030 -0.50448  0.87587 V   29 
 0.10189 -0.10764  0.88864 B   30 
 0.31025 -0.11596  1.07164 X   30 
 0.13081  0.05809  0.63184 B   31 
 0.26696 -0.05421  0.50261 A   31 
-0.16692  0.12563  0.58165 B   32 
-0.25814 -0.05141  0.50009 A   32 
-0.20641  0.27486  0.84658 B   33 
-0.31874  0.28140  1.16868 K   33 
 0.03272  0.50546  0.79107 B   34 
 0.17563  0.38192  1.15621 F   34 
-0.06088  0.59053  0.49703 B   35 
 0.23438  0.48274  0.33864 E   35 
-0.41524  0.57752  0.52643 B   36 
-0.43965  0.42898  0.36373 S   36 
-0.57924  0.45530  0.76234 B   37 
-0.61313  0.61759  0.99640 N   37 
-0.75230  0.24640  0.58227 B   38 
-0.59748  0.02018  0.89152 F   38 
-0.80008  0.45020  0.32607 B   39 
-0.99334  0.67754  0.36267 N   39 
-0.88193  0.42323 -0.00979 B   40 
-1.03490  0.22646 -0.01440 T   40 
-0.92856  0.75609 -0.05465 B   41 
-1.32671  0.76305 -0.08309 Q   41 
-0.64708  0.83802 -0.01242 B   42 
-0.59201  0.80119  0.18834 A   42 
-0.48616  1.15986 -0.07464 B   43 
-0.63557  1.17712 -0.26771 T   43 
-0.14730  1.28922 -0.16833 B   44 
-0.19408  1.21827  0.15838 N   44 
 0.04090  1.55230 -0.21645 B   45 
-0.07740  1.78874 -0.64907 R   45 
 0.34179  1.61578 -0.37587 B   46 
 0.36397  1.27912 -0.31675 N   46 
 0.60893  1.81530 -0.42645 B   47 
 0.74523  1.87760 -0.21597 T   47 
 0.64779  1.68462 -0.73169 B   48 
 0.69680  1.42658 -0.69490 D   48 
 0.31606  1.66419 -0.81518 B   49 
 0.23505  1.42104 -0.72318 B   50 
 0.40413  1.24268 -0.72529 S   50 
 0.02891  1.12787 -0.60823 B   51 
-0.16683  1.31700 -0.60238 T   51 
-0.11759  0.95733 -0.34997 B   52 
 0.19648  0.90710 -0.22050 D   52 
-0.29033  0.63048 -0.34861 B   53 
-0.39311  0.94783 -0.69425 Y   53 
-0.46436  0.48848 -0.11737 B   54 
-0.39414  0.24062  0.12361 B   55 
-0.56946  0.04186  0.18432 I   55 
-0.06932  0.25702 -0.01070 B   56 
-0.05073 -0.05669  0.05680 L   56 
 0.02443  0.51368 -0.14394 B   57 
-0.12417  0.75651  0.05206 Q   57 
 0.03139  0.52191 -0.45552 B   58 
 0.01587  0.21951 -0.52177 I   58 
 0.22950  0.66420 -0.69806 B   59 
 0.44256  0.87688 -0.65131 N   59 
 0.19953  0.87278 -0.99897 B   60 
 0.07322  1.05389 -0.93749 S   60 
 0.50247  0.86570 -1.11866 B   61 
 0.70301  1.24125 -1.06073 R   61 
 0.50200  0.52349 -1.14641 B   62 
 0.92594  0.64494 -1.03073 W   62 
 0.20686  0.35068 -1.11224 B   63 
 0.52913  0.18966 -0.86278 W   63 
-0.01143  0.57884 -1.19101 B   64 
-0.15944  0.56758 -0.97740 X   64 
-0.28084  0.75393 -1.35608 B   65 
-0.25260  0.85741 -1.63306 N   65 
-0.39782  1.11959 -1.32169 B   66 
-0.23150  1.18615 -1.12025 D   66 
-0.32980  1.34654 -1.55450 B   67 
-0.10205  1.53769 -1.34672 B   68 
-0.34439  1.63882 -0.95228 R   68 
 0.19390  1.37675 -1.40441 B   69 
 0.17622  1.28258 -1.16765 T   69 
 0.47170  1.45246 -1.51663 B   70 
 0.42738  1.65899 -1.48273 P   70 
 0.66260  1.18737 -1.60934 B   71 
 0.49318  0.94128 -1.59671 B   72 
 0.27847  1.00246 -1.51534 S   72 
 0.44637  0.56243 -1.59473 B   73 
 0.78202  0.49207 -1.69503 R   73 
 0.23307  0.33933 -1.51789 B   74 
-0.03944  0.37135 -1.56956 N   74 
 0.32451  0.03479 -1.41845 B   75 
 0.63429  0.12054 -1.38039 L   75 
 0.02220 -0.07387 -1.33232 B   76 
 0.11220 -0.08066 -1.03508 X   76 
-0.17832  0.00637 -1.54041 B   77 
-0.17796 -0.06494 -1.80377 N   77 
-0.35110  0.25806 -1.38969 B   78 
-0.45376  0.03881 -1.22212 I   78 
-0.58126  0.43299 -1.25930 B   79 
-0.72666  0.39126 -1.40351 P   79 
-0.55832  0.58928 -0.96451 B   80 
-0.29520  0.75869 -1.00743 X   80 
-0.86461  0.54970 -0.89027 B   81 
-0.97214  0.64718 -1.08105 S   81 
-0.84978  0.23867 -0.85140 B   82 
-0.80947  0.16199 -1.04327 A   82 
-0.69246  0.29062 -0.56792 B   83 
-0.38940  0.26066 -0.68786 L   83 
-0.99419  0.38493 -0.42834 B   84 
-0.86061  0.68221 -0.47344 L   84 
-1.13703  0.14397 -0.40283 B   85 
-1.24978  0.00595 -0.59096 S   85 
-1.29491 -0.10274 -0.21296 B   86 
-1.53148 -0.06898 -0.22879 S   86 
-1.13239 -0.26977 -0.41181 B   87 
-1.19805 -0.50038 -0.57904 D   87 
-0.79578 -0.38336 -0.35015 B   88 
-0.77891 -0.41621 -0.08496 I   88 
-0.68132 -0.53042 -0.59788 B   89 
-0.86484 -0.70223 -0.68316 T   89 
-0.51777 -0.30337 -0.73371 B   90 
-0.66317 -0.17821 -0.83586 A   90 
-0.32906 -0.23394 -0.49551 B   91 
-0.47260 -0.03450 -0.37328 S   91 
-0.20916 -0.51338 -0.45931 B   92 
-0.35740 -0.66844 -0.30863 V   92 
-0.09100 -0.56066 -0.73853 B   93 
-0.34375 -0.73876 -0.87114 N   93 
 0.08315 -0.30608 -0.71944 B   94 
 0.02929 -0.04379 -0.81687 X   94 
 0.23521 -0.36833 -0.45781 B   95 
 0.09449 -0.33621 -0.29808 A   95 
 0.37592 -0.62300 -0.56153 B   96 
 0.04813 -0.95027 -0.51310 K   96 
 0.55004 -0.45756 -0.76010 B   97 
 0.36947 -0.43107 -1.09926 K   97 
 0.68592 -0.26403 -0.56164 B   98 
 0.48980 -0.02736 -0.52033 I   98 
 0.82432 -0.47782 -0.36643 B   99 
 0.69430 -0.58961 -0.21018 V   99 
 0.98232 -0.60183 -0.63417 B   100 
 0.79353 -0.78301 -0.65327 S   100 
 1.17965 -0.35031 -0.71731 B   101 
 1.10667 -0.10385 -0.82375 D   101 
 1.42845 -0.37157 -0.45256 B   102 
 1.34233 -0.20633 -0.16529 B   103 
 1.50126  0.03946 -0.30528 N   103 
 1.09501 -0.30923 -0.09261 B   104 
 0.91941 -0.15956  0.17531 B   105 
 0.64933 -0.39629  0.33283 M   105 
 1.08746  0.11347  0.15050 B   106 
 1.34846 -0.03066  0.29359 N   106 
 0.88144  0.24862 -0.04438 B   107 
 0.87555  0.11569 -0.20573 A   107 
 0.74442  0.29070  0.23834 B   108 
 0.44650  0.02888 -0.00850 W   108 
 0.79119  0.54362  0.44798 B   109 
 0.84807  0.76122  0.32561 V   109 
 0.60461  0.45328  0.68249 B   110 
 0.40982  0.52839  0.63351 A   110 
 0.72646  0.17639  0.71754 B   111 
 0.83387 -0.18129  0.60740 W   111 
 1.02125  0.25690  0.77002 B   112 
 1.27310  0.49541  0.52917 R   112 
 0.95044  0.47906  1.00820 B   113 
 1.06847  0.72049  0.82633 N   113 
 0.70359  0.27478  1.16317 B   114 
 0.39848  0.67371  1.17479 R   114 
 0.76072 -0.05413  1.10276 B   115 
 0.48233 -0.00237  0.95643 X   115 
 1.04267 -0.10488  1.08841 B   116 
 1.35041 -0.11230  0.76698 K   116 
 1.16051 -0.30917  1.35418 B   117 
 0.89078 -0.39134  1.45156 B   118 
 0.77382 -0.15967  1.44534 T   118 
 0.59683 -0.53702  1.59017 B   119 
 0.56387 -0.74308  1.78676 D   119 
 0.39610 -0.63062  1.33058 B   120 
 0.55764 -0.57628  1.14777 V   120 
 0.21805 -0.85547  1.45634 B   121 
 0.49889 -1.15665  1.51929 Q   121 
 0.02770 -0.65865  1.61139 B   122 
 0.15223 -0.56301  1.74664 A   122 
-0.15422 -0.60236  1.34592 B   123 
-0.00359 -0.20164  1.32995 W   123 
-0.29064 -0.91847  1.37972 B   124 
-0.15261 -1.01566  1.17051 I   124 
-0.41429 -0.92326  1.63256 B   125 
 0.04414 -0.93894  1.87333 R   125 
-0.72051 -1.09653  1.67518 B   126 
-0.71104 -1.22598  1.40229 B   127 
-0.67571 -0.93019  1.27722 X   127 
-0.89016 -1.43831  1.16602 B   128 
-0.94785 -1.82230  1.28305 R   128 
-0.63968 -1.66550  0.99963 B   129 
-0.56265 -1.42346  0.94513 L   129 
