246 
-1.26641 -0.41588 -0.10078 B   1 
-1.21780 -0.82160 -0.00452 K   1 
-1.31292 -0.46541  0.25102 B   2 
-1.41592 -0.23775  0.31981 V   2 
-1.09483 -0.53319  0.47690 B   3 
-0.85081 -0.74010  0.18440 F   3 
-0.98162 -0.69155  0.72613 B   4 
-0.73297 -0.69401  0.92844 B   5 
-0.65065 -0.58436  1.34172 R   5 
-0.66841 -1.00567  0.95254 B   6 
-0.70407 -1.04298  1.26191 X   6 
-0.71593 -1.04939  0.64850 B   7 
-1.05570 -1.04410  0.45633 E   7 
-0.48930 -0.86989  0.53827 B   8 
-0.50822 -0.58123  0.43618 L   8 
-0.25274 -0.99002  0.69008 B   9 
-0.27410 -0.92714  0.89684 A   9 
-0.27483 -1.26682  0.56210 B   10 
-0.44874 -1.36237  0.65404 A   10 
-0.23740 -1.17702  0.26769 B   11 
-0.43176 -1.10912  0.20010 A   11 
 0.02917 -1.02390  0.30585 B   12 
-0.08641 -0.61976  0.39474 M   12 
 0.18074 -1.26921  0.40232 B   13 
 0.22242 -1.45381  0.79269 K   13 
 0.14341 -1.46438  0.17079 B   14 
-0.23321 -1.55695 -0.06623 R   14 
 0.27936 -1.23361 -0.02171 B   15 
-0.05956 -1.19261 -0.20892 H   15 
 0.55187 -1.15094  0.16371 B   16 
 0.54952 -0.87667  0.35988 B   17 
 0.36267 -0.69358  0.16802 L   17 
 0.67291 -0.99712  0.59402 B   18 
 0.58283 -1.09067  0.87237 D   18 
 0.97190 -0.83889  0.63036 B   19 
 0.95062 -1.01926  0.89613 N   19 
 0.98343 -0.66327  0.40037 B   20 
 0.95839 -0.71664 -0.03750 Y   20 
 1.26001 -0.48940  0.40069 B   21 
 1.41146 -0.48979 -0.04944 R   21 
 1.20823 -0.49669  0.73710 B   22 
 0.88426 -0.49508  0.74447 B   23 
 1.00741 -0.06050  0.61304 Y   23 
 0.66015 -0.55675  0.93978 B   24 
 0.68950 -0.54476  1.17193 S   24 
 0.33767 -0.63712  0.90852 B   25 
 0.19908 -0.91233  0.84839 L   25 
 0.22271 -0.39768  1.08241 B   26 
 0.30648 -0.17338  0.88659 B   27 
 0.61562 -0.12610  1.01349 N   27 
 0.12989 -0.25305  0.64711 B   28 
 0.47324 -0.36846  0.38668 W   28 
-0.13979 -0.24393  0.79506 B   29 
-0.20306 -0.47176  0.90311 V   29 
-0.11558  0.04493  0.89234 B   30 
 0.00902  0.16449  1.10950 X   30 
-0.09904  0.17646  0.61543 B   31 
 0.10468  0.14120  0.54399 A   31 
-0.36395  0.07224  0.49424 B   32 
-0.33061 -0.13296  0.43862 A   32 
-0.54403  0.20215  0.70571 B   33 
-0.73152  0.17841  0.98976 K   33 
-0.44200  0.51776  0.64723 B   34 
-0.36745  0.52235  1.05151 F   34 
-0.47727  0.51319  0.32913 B   35 
-0.13576  0.56276  0.25985 E   35 
-0.77262  0.31845  0.29106 B   36 
-0.67478  0.16497  0.16458 S   36 
-0.91611  0.15069  0.51188 B   37 
-1.08912  0.29173  0.69201 N   37 
-0.90714 -0.13363  0.35347 B   38 
-0.75717 -0.21475  0.72991 F   38 
-0.97271 -0.01023  0.05359 B   39 
-1.25312  0.08365 -0.00050 N   39 
-0.93214 -0.10720 -0.27683 B   40 
-0.96218 -0.35445 -0.26660 T   40 
-1.11918  0.14548 -0.40393 B   41 
-1.44404 -0.06077 -0.51025 Q   41 
-0.93783  0.36676 -0.32727 B   42 
-0.93135  0.38320 -0.11660 A   42 
-0.94281  0.71772 -0.42801 B   43 
-1.02008  0.63581 -0.64530 T   43 
-0.69839  0.99669 -0.48061 B   44 
-0.79541  0.94237 -0.16187 N   44 
-0.65633  1.31365 -0.54929 B   45 
-0.74603  1.41120 -1.03867 R   45 
-0.39279  1.51087 -0.65714 B   46 
-0.22820  1.24343 -0.52034 N   46 
-0.25393  1.81540 -0.69843 B   47 
-0.23096  1.95928 -0.48505 T   47 
-0.07192  1.69711 -0.95267 B   48 
 0.08315  1.50819 -0.84972 D   48 
-0.31294  1.49756 -1.09239 B   49 
-0.28836  1.25792 -0.96545 B   50 
-0.06145  1.19592 -0.89422 S   50 
-0.34964  0.91228 -0.82968 B   51 
-0.60490  0.96970 -0.90497 T   51 
-0.46158  0.71495 -0.57321 B   52 
-0.21402  0.84974 -0.37708 D   52 
-0.44670  0.34790 -0.53174 B   53 
-0.58740  0.53006 -0.95336 Y   53 
-0.58758  0.15771 -0.31287 B   54 
-0.47780  0.00746 -0.01319 B   55 
-0.54390 -0.24718  0.05549 I   55 
-0.17878  0.17980 -0.08178 B   56 
-0.03065 -0.06935  0.05713 L   56 
-0.18767  0.43374 -0.24866 B   57 
-0.48382  0.57897 -0.14541 Q   57 
-0.09752  0.41550 -0.54656 B   58 
 0.05483  0.14557 -0.54450 I   58 
 0.06636  0.61756 -0.77158 B   59 
 0.12649  0.91378 -0.73348 N   59 
 0.02591  0.75023 -1.11175 B   60 
-0.18376  0.84256 -1.11860 S   60 
 0.31403  0.89256 -1.16534 B   61 
 0.28177  1.32090 -1.15581 R   61 
 0.48721  0.60047 -1.11462 B   62 
 0.74650  0.93692 -0.94902 W   62 
 0.31688  0.30226 -1.10049 B   63 
 0.59085  0.35882 -0.76321 W   63 
 0.04807  0.37297 -1.26976 B   64 
-0.12958  0.30536 -1.09217 X   64 
-0.21289  0.36392 -1.51937 B   65 
-0.16107  0.44060 -1.80160 N   65 
-0.49651  0.61465 -1.59194 B   66 
-0.44819  0.77709 -1.38230 D   66 
-0.48406  0.82073 -1.85216 B   67 
-0.44703  1.12139 -1.65264 B   68 
-0.80845  1.11589 -1.34624 R   68 
-0.10777  1.13573 -1.61366 B   69 
-0.14396  1.06875 -1.36986 T   69 
 0.11735  1.33551 -1.68374 B   70 
-0.02895  1.48990 -1.70668 P   70 
 0.43000  1.20328 -1.67513 B   71 
 0.40534  0.90728 -1.64051 B   72 
 0.17491  0.85356 -1.61851 S   72 
 0.54945  0.56259 -1.56216 B   73 
 0.88979  0.67043 -1.57658 R   73 
 0.45912  0.26888 -1.47999 B   74 
 0.23271  0.14777 -1.58965 N   74 
 0.65405  0.06877 -1.29846 B   75 
 0.85816  0.30779 -1.22113 L   75 
 0.43201 -0.17417 -1.25063 B   76 
 0.42549 -0.10502 -0.94785 X   76 
 0.28619 -0.23112 -1.50645 B   77 
 0.39570 -0.31561 -1.74163 N   77 
-0.02144 -0.09532 -1.45312 B   78 
-0.04777 -0.31915 -1.26366 I   78 
-0.33362 -0.05648 -1.41304 B   79 
-0.39287 -0.18162 -1.56959 P   79 
-0.47390  0.11501 -1.16252 B   80 
-0.32596  0.39269 -1.19047 X   80 
-0.72932 -0.07273 -1.14241 B   81 
-0.81142 -0.06459 -1.36748 S   81 
-0.57748 -0.32425 -1.03216 B   82 
-0.45258 -0.38563 -1.19011 A   82 
-0.55282 -0.17130 -0.74266 B   83 
-0.25344 -0.04827 -0.79131 L   83 
-0.88781 -0.23741 -0.68955 B   84 
-0.90839  0.07999 -0.77372 L   84 
-0.89662 -0.51390 -0.63861 B   85 
-0.86977 -0.70732 -0.80897 S   85 
-0.96170 -0.78793 -0.43242 B   86 
-1.16938 -0.88534 -0.50126 S   86 
-0.68991 -0.86202 -0.55281 B   87 
-0.58518 -1.10700 -0.67312 D   87 
-0.37378 -0.77522 -0.40269 B   88 
-0.41912 -0.76954 -0.13888 I   88 
-0.13758 -0.86225 -0.58361 B   89 
-0.18212 -1.11195 -0.66197 T   89 
-0.07361 -0.59684 -0.73267 B   90 
-0.22559 -0.57702 -0.88678 A   90 
-0.01858 -0.41680 -0.48423 B   91 
-0.26862 -0.31242 -0.44060 S   91 
 0.20569 -0.58657 -0.36318 B   92 
 0.11534 -0.78168 -0.21323 V   92 
 0.40559 -0.59022 -0.59598 B   93 
 0.32022 -0.88604 -0.73157 N   93 
 0.42106 -0.28162 -0.60133 B   94 
 0.27712 -0.09727 -0.76407 X   94 
 0.50287 -0.22999 -0.30791 B   95 
 0.32554 -0.26209 -0.19014 A   95 
 0.77206 -0.38084 -0.32196 B   96 
 0.64545 -0.82548 -0.26569 K   96 
 0.89240 -0.16776 -0.51492 B   97 
 0.82630 -0.27180 -0.87980 K   97 
 0.85489  0.08571 -0.34273 B   98 
 0.56624  0.18640 -0.39499 I   98 
 1.01759 -0.00410 -0.08114 B   99 
 0.91978 -0.15254  0.06790 V   99 
 1.28434 -0.05060 -0.27789 B   100 
 1.22122 -0.30485 -0.29198 S   100 
 1.34948  0.25815 -0.37560 B   101 
 1.19994  0.41822 -0.54709 D   101 
 1.49063  0.39562 -0.06961 B   102 
 1.25787  0.51658  0.15046 B   103 
 1.31012  0.79502 -0.00770 N   103 
 1.08237  0.30620  0.19488 B   104 
 0.78856  0.36514  0.38256 B   105 
 0.63495  0.03751  0.53374 M   105 
 0.80251  0.68206  0.32995 B   106 
 1.04775  0.71081  0.54995 N   106 
 0.62181  0.66985  0.07326 B   107 
 0.72706  0.53944 -0.05186 A   107 
 0.40784  0.65951  0.30689 B   108 
 0.35801  0.25856  0.07238 W   108 
 0.26465  0.91733  0.45897 B   109 
 0.24108  1.11987  0.30411 V   109 
 0.08744  0.76452  0.66685 B   110 
-0.09627  0.72097  0.56516 A   110 
 0.31241  0.59782  0.78659 B   111 
 0.60573  0.34178  0.78320 W   111 
 0.50256  0.82585  0.87595 B   112 
 0.66385  1.13767  0.64128 R   112 
 0.26883  0.99845  1.03930 B   113 
 0.30122  1.24779  0.83418 N   113 
 0.11946  0.71023  1.18525 B   114 
-0.32954  0.88798  1.04676 R   114 
 0.34313  0.45666  1.21302 B   115 
 0.12914  0.34038  1.00741 X   115 
 0.60515  0.56079  1.26574 B   116 
 0.95463  0.68667  1.02060 K   116 
 0.72623  0.47473  1.58852 B   117 
 0.51513  0.27236  1.64746 B   118 
 0.30791  0.40607  1.56639 T   118 
 0.30304  0.00738  1.75538 B   119 
 0.31977 -0.16593  1.98314 D   119 
 0.25583 -0.20140  1.48963 B   120 
 0.41507 -0.08741  1.33435 V   120 
 0.18164 -0.47351  1.62576 B   121 
 0.54207 -0.57450  1.80861 Q   121 
-0.11519 -0.39294  1.69219 B   122 
-0.09677 -0.23403  1.82395 A   122 
-0.21773 -0.46566  1.39064 B   123 
-0.28253 -0.04915  1.31423 W   123 
-0.18719 -0.80153  1.46772 B   124 
 0.03346 -0.83043  1.31689 I   124 
-0.35892 -0.84722  1.68603 B   125 
-0.04015 -0.59695  2.00872 R   125 
-0.54059 -1.15087  1.70617 B   126 
-0.39268 -1.28059  1.47680 B   127 
-0.47118 -1.02355  1.29749 X   127 
-0.37114 -1.57621  1.26434 B   128 
-0.26617 -1.92031  1.45155 R   128 
-0.00662 -1.65187  1.20567 B   129 
-0.04458 -1.41178  1.11399 L   129 
