246 
 0.97290  0.45150  0.79782 B   1 
 1.23292  0.61389  0.51101 K   1 
 0.89895  0.79836  0.74691 B   2 
 0.74205  0.84546  0.94773 V   2 
 0.76126  0.94148  0.49445 B   3 
 0.92036  0.63681  0.23030 F   3 
 0.73626  1.16352  0.27064 B   4 
 0.54145  1.25957  0.03488 B   5 
 0.25655  1.58040 -0.03931 R   5 
 0.74733  1.32946 -0.19880 B   6 
 0.67486  1.63121 -0.24422 X   6 
 0.92151  1.08040 -0.13364 B   7 
 1.15379  1.02516  0.17523 E   7 
 0.71378  0.85936 -0.19461 B   8 
 0.53422  0.70779  0.00259 L   8 
 0.63707  0.94064 -0.47913 B   9 
 0.51813  1.12147 -0.46140 A   9 
 0.91538  0.89531 -0.59733 B   10 
 1.03864  1.06202 -0.52775 A   10 
 0.93981  0.59456 -0.52597 B   11 
 1.00518  0.58662 -0.31952 A   11 
 0.67674  0.49999 -0.65940 B   12 
 0.37879  0.52963 -0.35128 M   12 
 0.76079  0.58963 -0.93753 B   13 
 0.73644  0.97098 -1.14291 K   13 
 1.02177  0.43719 -0.97928 B   14 
 1.36617  0.37656 -0.68894 R   14 
 0.84859  0.16195 -0.92411 B   15 
 1.05035  0.10278 -0.59642 H   15 
 0.58164  0.21488 -1.12762 B   16 
 0.29080  0.33129 -1.00286 B   17 
 0.30943  0.18176 -0.71556 L   17 
 0.23681  0.52741 -1.21065 B   18 
 0.24670  0.83309 -1.23911 D   18 
-0.04511  0.41854 -1.36692 B   19 
 0.00525  0.70819 -1.49802 N   19 
-0.10082  0.16588 -1.23681 B   20 
 0.12170 -0.21034 -1.17236 Y   20 
-0.37051  0.02871 -1.36000 B   21 
-0.26953 -0.43316 -1.40509 R   21 
-0.46937  0.35388 -1.37996 B   22 
-0.31849  0.47489 -1.11995 B   23 
-0.66994  0.21323 -0.94872 Y   23 
-0.23771  0.74544 -1.00835 B   24 
-0.35051  0.94292 -1.06473 S   24 
-0.00797  0.84953 -0.78968 B   25 
 0.29871  0.90663 -0.82495 L   25 
-0.20889  0.99352 -0.59047 B   26 
-0.35072  0.73521 -0.49648 B   27 
-0.58474  0.73013 -0.73962 N   27 
-0.11124  0.59859 -0.35912 B   28 
-0.08423  0.26704 -0.65638 W   28 
-0.04634  0.82622 -0.16244 B   29 
 0.12223  0.99844 -0.25993 V   29 
-0.32338  0.84020 -0.03382 B   30 
-0.56089  0.96589 -0.10286 X   30 
-0.32862  0.55323  0.07515 B   31 
-0.37077  0.42432 -0.09648 A   31 
-0.07301  0.56078  0.24930 B   32 
 0.09443  0.54519  0.11501 A   32 
-0.17075  0.78682  0.43199 B   33 
-0.17156  1.11628  0.52064 K   33 
-0.44623  0.62588  0.53991 B   34 
-0.64100  0.96518  0.41361 F   34 
-0.30340  0.35083  0.61995 B   35 
-0.47926  0.15581  0.38559 E   35 
 0.00626  0.46515  0.75278 B   36 
 0.12926  0.35067  0.60823 S   36 
 0.12241  0.75441  0.73475 B   37 
 0.02456  0.94700  0.92345 N   37 
 0.40351  0.67220  0.59248 B   38 
 0.25102  0.97905  0.36146 F   38 
 0.45279  0.39531  0.76672 B   39 
 0.53362  0.42417  1.05482 N   39 
 0.63702  0.10325  0.73523 B   40 
 0.84265  0.17940  0.61666 T   40 
 0.57590 -0.00330  1.05129 B   41 
 0.93502  0.06217  1.21292 Q   41 
 0.28497 -0.04828  1.01863 B   42 
 0.18787  0.13680  0.98684 A   42 
 0.04903 -0.21771  1.23992 B   43 
 0.23423 -0.36885  1.29241 T   43 
-0.26790 -0.41541  1.21152 B   44 
-0.30119 -0.07956  1.20411 N   44 
-0.51183 -0.56468  1.37015 B   45 
-0.35771 -0.99906  1.58139 R   45 
-0.75211 -0.80068  1.28922 B   46 
-0.67234 -0.67402  0.98112 N   46 
-1.04308 -0.95655  1.35829 B   47 
-1.24972 -0.80383  1.38544 T   47 
-0.93898 -1.22472  1.18799 B   48 
-0.90361 -1.14326  0.93808 D   48 
-0.61241 -1.22076  1.29175 B   49 
-0.48381 -1.05981  1.11370 B   50 
-0.57081 -1.06142  0.88385 S   50 
-0.23384 -0.83634  0.94272 B   51 
-0.12811 -0.82733  1.19344 T   51 
-0.12315 -0.51917  0.87640 B   52 
-0.42342 -0.45956  0.72082 D   52 
 0.14355 -0.40335  0.64809 B   53 
 0.22921 -0.77744  0.93699 Y   53 
 0.27691 -0.11167  0.61552 B   54 
 0.22775  0.15549  0.39048 B   55 
 0.43399  0.29911  0.28670 I   55 
-0.02496 -0.05179  0.26014 B   56 
 0.04744  0.07845 -0.02466 L   56 
-0.15701 -0.25778  0.44055 B   57 
-0.16970 -0.09229  0.74372 Q   57 
-0.07116 -0.55579  0.40855 B   58 
 0.06826 -0.54647  0.13187 I   58 
-0.22253 -0.86389  0.43046 B   59 
-0.49979 -0.91798  0.54452 N   59 
-0.17708 -1.18832  0.59668 B   60 
-0.14704 -1.14131  0.81898 S   60 
-0.40667 -1.37132  0.45543 B   61 
-0.73305 -1.44866  0.72394 R   61 
-0.27843 -1.32019  0.14107 B   62 
-0.73177 -1.33827  0.09625 W   62 
 0.03304 -1.17924  0.10552 B   63 
-0.27239 -0.98313 -0.13997 W   63 
 0.17092 -1.25372  0.39075 B   64 
 0.24097 -1.01435  0.46465 X   64 
 0.39890 -1.38571  0.63792 B   65 
 0.42212 -1.67753  0.68816 N   65 
 0.36455 -1.40815  1.02118 B   66 
 0.13257 -1.27202  1.03918 D   66 
 0.29599 -1.69549  1.17308 B   67 
-0.03582 -1.59598  1.28068 B   68 
 0.02357 -1.18882  1.51569 R   68 
-0.22443 -1.68399  1.00956 B   69 
-0.24800 -1.43478  0.95884 T   69 
-0.46288 -1.87269  0.95451 B   70 
-0.50597 -1.87682  1.16402 P   70 
-0.51138 -1.94550  0.62640 B   71 
-0.27922 -1.83804  0.47156 B   72 
-0.13503 -1.72429  0.62235 S   72 
-0.10617 -1.73960  0.14585 B   73 
-0.34858 -1.89770 -0.06371 R   73 
 0.13731 -1.56628  0.03696 B   74 
 0.38340 -1.55806  0.16859 N   74 
 0.13221 -1.42511 -0.26476 B   75 
-0.18386 -1.48157 -0.30572 L   75 
 0.41183 -1.24786 -0.23299 B   76 
 0.24391 -0.98661 -0.24001 X   76 
 0.62494 -1.41535 -0.10462 B   77 
 0.72970 -1.64826 -0.20065 N   77 
 0.64438 -1.28895  0.21092 B   78 
 0.76082 -1.05685  0.07214 I   78 
 0.74764 -1.15091  0.47710 B   79 
 0.93499 -1.24349  0.48010 P   79 
 0.58302 -0.91297  0.64485 B   80 
 0.30378 -1.05385  0.68904 X   80 
 0.84569 -0.76161  0.73964 B   81 
 0.96510 -0.93857  0.84868 S   81 
 0.92921 -0.65815  0.45540 B   82 
 0.97866 -0.83169  0.34699 A   82 
 0.68532 -0.43904  0.47336 B   83 
 0.46369 -0.61715  0.31122 L   83 
 0.87734 -0.25723  0.69582 B   84 
 0.66898 -0.39849  0.90768 L   84 
 1.08024 -0.14502  0.53657 B   85 
 1.28561 -0.26508  0.43379 S   85 
 1.24840  0.12739  0.39744 B   86 
 1.45113  0.16061  0.52055 S   86 
 1.22318 -0.06120  0.15733 B   87 
 1.41275 -0.15170 -0.04597 D   87 
 0.94568 -0.05668 -0.07286 B   88 
 0.86143  0.19741 -0.07822 I   88 
 0.97098 -0.28463 -0.28141 B   89 
 1.21954 -0.28316 -0.37461 T   89 
 0.78818 -0.50286 -0.15606 B   90 
 0.90450 -0.59336  0.00369 A   90 
 0.52416 -0.33791 -0.14004 B   91 
 0.54459 -0.23354  0.11296 S   91 
 0.50435 -0.26889 -0.43773 B   92 
 0.64393 -0.05649 -0.50195 V   92 
 0.50114 -0.55001 -0.56071 B   93 
 0.82767 -0.57551 -0.63762 N   93 
 0.25217 -0.63052 -0.39629 B   94 
 0.23808 -0.76912 -0.14773 X   94 
 0.05943 -0.40505 -0.48268 B   95 
 0.12431 -0.22813 -0.37858 A   95 
 0.05514 -0.47879 -0.78262 B   96 
 0.44509 -0.28180 -0.94398 K   96 
-0.09642 -0.74490 -0.72491 B   97 
 0.15766 -1.02885 -0.66882 K   97 
-0.34481 -0.63306 -0.57964 B   98 
-0.26612 -0.60118 -0.28135 I   98 
-0.45235 -0.43293 -0.80625 B   99 
-0.34569 -0.22934 -0.83772 V   99 
-0.46758 -0.69528 -1.01355 B   100 
-0.23124 -0.62789 -1.10537 S   100 
-0.70490 -0.87719 -0.87319 B   101 
-0.69378 -1.01623 -0.63247 D   101 
-0.99864 -0.68085 -0.96048 B   102 
-1.06742 -0.42631 -0.74202 B   103 
-1.25140 -0.65161 -0.59827 N   103 
-0.83446 -0.27604 -0.72851 B   104 
-0.81263 -0.01517 -0.49084 B   105 
-0.53864  0.25087 -0.57999 M   105 
-1.04926 -0.13991 -0.31238 B   106 
-1.27388 -0.03369 -0.53062 N   106 
-0.85445 -0.30601 -0.13031 B   107 
-0.75373 -0.42712 -0.26788 A   107 
-0.83378 -0.01597 -0.00413 B   108 
-0.40323 -0.11989 -0.15265 W   108 
-1.02731  0.11405  0.23198 B   109 
-1.11637 -0.06415  0.39282 V   109 
-0.90185  0.40012  0.25178 B   110 
-0.74048  0.38281  0.39195 A   110 
-0.92392  0.46701 -0.04450 B   111 
-0.86081  0.41832 -0.42561 W   111 
-1.22927  0.42890 -0.08255 B   112 
-1.46235  0.08799  0.00567 R   112 
-1.31655  0.62058  0.17580 B   113 
-1.44999  0.36632  0.32694 N   113 
-1.07369  0.87140  0.10660 B   114 
-0.94596  0.86430  0.59241 R   114 
-0.99119  0.87508 -0.22245 B   115 
-0.71795  0.79076 -0.08168 X   115 
-1.21901  0.80646 -0.38265 B   116 
-1.39130  0.43172 -0.54989 K   116 
-1.33313  1.07598 -0.58411 B   117 
-1.09506  1.25021 -0.53990 B   118 
-1.07031  1.21961 -0.28331 T   118 
-0.82592  1.48345 -0.53896 B   119 
-0.78470  1.72356 -0.69009 D   119 
-0.53630  1.30657 -0.57469 B   120 
-0.64275  1.08341 -0.61116 V   120 
-0.33835  1.51821 -0.69345 B   121 
-0.50137  1.57945 -1.07188 Q   121 
-0.28551  1.66523 -0.42030 B   122 
-0.47045  1.74210 -0.36700 A   122 
-0.06307  1.44452 -0.32789 B   123 
-0.33150  1.30342 -0.02530 W   123 
 0.15783  1.58001 -0.55708 B   124 
 0.13310  1.37165 -0.72513 I   124 
 0.19209  1.84925 -0.48238 B   125 
-0.28208  1.97221 -0.65095 R   125 
 0.51097  2.00089 -0.51294 B   126 
 0.63083  1.76995 -0.66661 B   127 
 0.53443  1.57662 -0.42638 X   127 
 0.93561  1.63682 -0.81620 B   128 
 1.08505  1.84774 -1.12870 R   128 
 0.84353  1.47175 -1.14226 B   129 
 0.70742  1.34742 -0.95922 L   129 
