246 
 0.02133 -1.32901 -0.14208 B   1 
 0.28488 -1.43130  0.16828 K   1 
-0.16228 -1.39717  0.15795 B   2 
-0.40391 -1.41287  0.06556 V   2 
-0.18386 -1.22251  0.42667 B   3 
 0.21373 -1.06335  0.35950 F   3 
-0.17994 -1.17871  0.73984 B   4 
-0.22847 -0.95160  0.96081 B   5 
-0.53297 -0.84359  1.25272 R   5 
 0.01104 -1.00379  1.16523 B   6 
-0.15369 -1.05660  1.42686 X   6 
 0.21075 -1.05779  0.93326 B   7 
 0.22575 -1.36911  0.69818 E   7 
 0.20331 -0.77968  0.79789 B   8 
 0.04006 -0.69162  0.55355 L   8 
 0.27032 -0.60511  1.03971 B   9 
 0.09448 -0.60656  1.16713 A   9 
 0.54928 -0.72262  1.08279 B   10 
 0.51871 -0.92103  1.16954 A   10 
 0.66595 -0.64960  0.80494 B   11 
 0.60040 -0.80522  0.66914 A   11 
 0.60181 -0.34664  0.81267 B   12 
 0.21127 -0.31107  0.63717 M   12 
 0.77257 -0.29524  1.05896 B   13 
 0.69290 -0.33040  1.48395 K   13 
 1.04679 -0.39558  0.97050 B   14 
 1.15209 -0.77554  0.74437 R   14 
 1.02398 -0.18203  0.72017 B   15 
 1.00927 -0.47981  0.46977 H   15 
 0.92768  0.09826  0.88644 B   16 
 0.60348  0.19070  0.89414 B   17 
 0.52639  0.08593  0.59694 L   17 
 0.59047  0.25791  1.17675 B   18 
 0.47147  0.13474  1.43173 D   18 
 0.53259  0.59300  1.18759 B   19 
 0.50589  0.50309  1.49553 N   19 
 0.53900  0.67141  0.90888 B   20 
 0.83144  0.63755  0.57942 Y   20 
 0.48434  0.99192  0.87705 B   21 
 0.79314  1.14201  0.54891 R   21 
 0.27641  0.93431  1.14039 B   22 
 0.18055  0.63246  1.07175 B   23 
-0.03616  0.90608  0.75635 Y   23 
 0.04921  0.39733  1.21189 B   24 
-0.08902  0.42442  1.39913 S   24 
 0.03864  0.06819  1.15724 B   25 
 0.24380 -0.15878  1.22763 L   25 
-0.27742  0.04348  1.14040 B   26 
-0.30792  0.20610  0.87906 B   27 
-0.33261  0.50901  1.02583 N   27 
-0.15518  0.01747  0.68940 B   28 
 0.18188  0.30154  0.62067 W   28 
-0.32477 -0.23382  0.74231 B   29 
-0.23395 -0.37683  0.93950 V   29 
-0.59410 -0.10939  0.66837 B   30 
-0.77830  0.04550  0.80641 X   30 
-0.52518 -0.04123  0.37707 B   31 
-0.39947  0.13760  0.38511 A   31 
-0.44847 -0.32344  0.27608 B   32 
-0.25102 -0.36494  0.35097 A   32 
-0.72203 -0.44899  0.33456 B   33 
-0.92437 -0.63809  0.53383 K   33 
-0.89778 -0.23926  0.13818 B   34 
-1.11964 -0.17607  0.47847 F   34 
-0.71596 -0.26751 -0.12374 B   35 
-0.61731  0.07031 -0.12898 E   35 
-0.62843 -0.61228 -0.11520 B   36 
-0.41022 -0.57360 -0.11102 S   36 
-0.67213 -0.81080  0.12180 B   37 
-0.93361 -0.92514  0.15056 N   37 
-0.36081 -0.90142  0.15154 B   38 
-0.48035 -0.79809  0.53340 F   38 
-0.29503 -0.91232 -0.17251 B   39 
-0.41220 -1.13917 -0.33120 N   39 
-0.01489 -0.90275 -0.37661 B   40 
 0.15774 -1.01980 -0.24008 T   40 
-0.18298 -0.98398 -0.65968 B   41 
-0.05458 -1.35907 -0.70657 Q   41 
-0.34521 -0.73681 -0.67756 B   42 
-0.48047 -0.72904 -0.51527 A   42 
-0.55252 -0.61340 -0.95167 B   43 
-0.38354 -0.71061 -1.09962 T   43 
-0.66434 -0.28409 -1.09090 B   44 
-0.83885 -0.40045 -0.82638 N   44 
-0.85178 -0.12964 -1.30990 B   45 
-0.66106 -0.16859 -1.77804 R   45 
-0.86374  0.18924 -1.44464 B   46 
-0.69648  0.24403 -1.15079 N   46 
-1.03101  0.42902 -1.61274 B   47 
-1.25970  0.49789 -1.51416 T   47 
-0.74039  0.56138 -1.71161 B   48 
-0.61515  0.63617 -1.49011 D   48 
-0.57393  0.26760 -1.77001 B   49 
-0.46088  0.20194 -1.53115 B   50 
-0.39288  0.38997 -1.38823 S   50 
-0.29678  0.01791 -1.24679 B   51 
-0.36682 -0.19814 -1.39691 T   51 
-0.33042 -0.16250 -0.95770 B   52 
-0.47943  0.11302 -0.81696 D   52 
-0.07311 -0.28129 -0.72032 B   53 
-0.00071 -0.33878 -1.19169 Y   53 
-0.09797 -0.48539 -0.47203 B   54 
-0.13099 -0.44287 -0.12341 B   55 
 0.00260 -0.59738  0.05606 I   55 
-0.13747 -0.10061 -0.20484 B   56 
 0.01013 -0.05464  0.07697 L   56 
-0.23334 -0.01437 -0.48013 B   57 
-0.48683 -0.24058 -0.54365 Q   57 
-0.01818  0.06909 -0.68976 B   58 
 0.22727  0.11425 -0.50594 I   58 
 0.00775  0.29905 -0.94426 B   59 
-0.22214  0.46080 -1.06175 N   59 
 0.09734  0.31570 -1.30014 B   60 
-0.02689  0.15337 -1.40381 S   60 
 0.10166  0.63672 -1.35556 B   61 
-0.23703  0.76029 -1.58929 R   61 
 0.34089  0.69238 -1.11567 B   62 
 0.06065  1.05188 -1.10706 W   62 
 0.51067  0.42606 -0.98006 B   63 
 0.34470  0.69531 -0.67681 W   63 
 0.48241  0.20400 -1.21629 B   64 
 0.37899  0.01044 -1.07663 X   64 
 0.56420 -0.03779 -1.47190 B   65 
 0.68760  0.04371 -1.72949 N   65 
 0.33840 -0.21092 -1.73193 B   66 
 0.10495 -0.11165 -1.64074 D   66 
 0.33991 -0.12012 -2.05145 B   67 
 0.00474  0.01847 -2.04651 B   68 
-0.27309 -0.32680 -1.87878 R   68 
 0.06537  0.33939 -1.94575 B   69 
-0.03827  0.27673 -1.72088 T   69 
 0.01842  0.62259 -2.06018 B   70 
-0.12559  0.54200 -2.19633 P   70 
 0.20049  0.86665 -1.90987 B   71 
 0.39707  0.73662 -1.72582 B   72 
 0.36049  0.50189 -1.73115 S   72 
 0.65166  0.74572 -1.44152 B   73 
 0.67345  1.10230 -1.43465 R   73 
 0.80008  0.55431 -1.23535 B   74 
 0.89348  0.30173 -1.30906 N   74 
 0.89840  0.66071 -0.93534 B   75 
 0.72870  0.93548 -0.95718 L   75 
 0.99202  0.36532 -0.81454 B   76 
 0.75877  0.37807 -0.60978 X   76 
 1.14581  0.21388 -1.02278 B   77 
 1.37938  0.29038 -1.14125 N   77 
 0.92580 -0.02543 -1.12399 B   78 
 0.97571 -0.13416 -0.85497 I   78 
 0.78570 -0.30355 -1.18394 B   79 
 0.95648 -0.40068 -1.25521 P   79 
 0.46866 -0.37781 -1.10764 B   80 
 0.31635 -0.13948 -1.24825 X   80 
 0.52762 -0.68397 -1.04695 B   81 
 0.63173 -0.75318 -1.25149 S   81 
 0.69500 -0.63482 -0.78610 B   82 
 0.86968 -0.53720 -0.85145 A   82 
 0.41489 -0.56261 -0.63074 B   83 
 0.43403 -0.23812 -0.66907 L   83 
 0.34013 -0.89998 -0.62801 B   84 
 0.14406 -0.80349 -0.87398 L   84 
 0.51672 -1.00852 -0.43787 B   85 
 0.77132 -1.04957 -0.46337 S   85 
 0.58391 -1.17177 -0.13674 B   86 
 0.64046 -1.39916 -0.18625 S   86 
 0.78693 -0.94240 -0.13145 B   87 
 1.07263 -0.93029 -0.07073 D   87 
 0.72055 -0.61923  0.01402 B   88 
 0.54755 -0.66472  0.21324 I   88 
 0.95925 -0.42652 -0.03050 B   89 
 1.18210 -0.55621  0.03266 T   89 
 0.86447 -0.26854 -0.28112 B   90 
 0.89828 -0.40017 -0.45075 A   90 
 0.59661 -0.15745 -0.16675 B   91 
 0.42215 -0.35412 -0.24551 S   91 
 0.71594 -0.01157  0.07461 B   92 
 0.74966 -0.16894  0.28154 V   92 
 0.91213  0.17824 -0.06555 B   93 
 1.19236 -0.00498 -0.03260 N   93 
 0.68614  0.30364 -0.23498 B   94 
 0.60283  0.23878 -0.49963 X   94 
 0.49629  0.39269 -0.00809 B   95 
 0.40149  0.21337  0.06403 A   95 
 0.69374  0.58995  0.12426 B   96 
 0.96156  0.31099  0.38379 K   96 
 0.68024  0.78260 -0.12033 B   97 
 0.95638  0.69079 -0.37261 K   97 
 0.37615  0.83523 -0.12859 B   98 
 0.25045  0.60312 -0.29140 I   98 
 0.33469  0.94959  0.16834 B   99 
 0.33156  0.80206  0.34733 V   99 
 0.56059  1.18569  0.09586 B   100 
 0.74369  1.03574  0.20909 S   100 
 0.40297  1.35931 -0.13679 B   101 
 0.34164  1.28068 -0.39651 D   101 
 0.15729  1.53432  0.06683 B   102 
-0.12929  1.35623  0.12514 B   103 
-0.23181  1.50813 -0.14260 N   103 
-0.04531  1.11603  0.23598 B   104 
-0.28281  0.85934  0.28821 B   105 
-0.16719  0.59533  0.55415 M   105 
-0.48756  0.98724  0.07579 B   106 
-0.57112  1.22202  0.29319 N   106 
-0.37683  0.81934 -0.16553 B   107 
-0.17482  0.87318 -0.17117 A   107 
-0.56685  0.61135 -0.02026 B   108 
-0.13867  0.42548 -0.00151 W   108 
-0.89177  0.56733 -0.07115 B   109 
-0.95996  0.62116 -0.31201 V   109 
-0.94853  0.34297  0.13959 B   110 
-0.90662  0.15794  0.03963 A   110 
-0.83055  0.49063  0.37838 B   111 
-0.55310  0.67242  0.58229 W   111 
-1.00294  0.74819  0.36905 B   112 
-1.05507  1.01534  0.04620 R   112 
-1.29529  0.58887  0.35322 B   113 
-1.35356  0.71272  0.05900 N   113 
-1.20521  0.34308  0.59437 B   114 
-1.38288 -0.00927  0.28346 R   114 
-0.96748  0.46013  0.80620 B   115 
-0.81750  0.22278  0.65534 X   115 
-1.00443  0.74097  0.85140 B   116 
-0.85725  1.11713  0.66454 K   116 
-1.09653  0.81663  1.18614 B   117 
-1.03712  0.54580  1.29620 B   118 
-1.14807  0.40210  1.11065 T   118 
-0.95960  0.25060  1.47973 B   119 
-0.95856  0.19943  1.76182 D   119 
-0.65759  0.13682  1.36889 B   120 
-0.60760  0.32943  1.21767 V   120 
-0.55294 -0.03284  1.61043 B   121 
-0.48426  0.26356  1.89499 Q   121 
-0.73591 -0.28217  1.55241 B   122 
-0.92894 -0.21052  1.57596 A   122 
-0.53107 -0.39799  1.32578 B   123 
-0.81904 -0.30733  1.02184 W   123 
-0.31406 -0.49167  1.57839 B   124 
-0.14148 -0.29318  1.52282 I   124 
-0.45651 -0.67265  1.74024 B   125 
-0.74791 -0.29172  1.93609 R   125 
-0.28933 -0.95162  1.88108 B   126 
-0.01427 -0.85566  1.80074 B   127 
-0.12453 -0.83302  1.49790 X   127 
 0.34107 -0.93753  1.79595 B   128 
 0.51990 -0.96691  2.15876 R   128 
 0.53460 -0.62343  1.87293 B   129 
 0.39662 -0.57080  1.65920 L   129 
