246 
 1.09032  0.30366  0.71127 B   1 
 1.26745 -0.07595  0.73885 K   1 
 1.32051  0.25524  0.44100 B   2 
 1.33991  0.49664  0.34873 V   2 
 1.29329  0.06613  0.18279 B   3 
 1.04662 -0.21089  0.40713 F   3 
 1.39512 -0.14848 -0.02599 B   4 
 1.30600 -0.29550 -0.29655 B   5 
 1.40264 -0.27939 -0.72081 R   5 
 1.39654 -0.59682 -0.24282 B   6 
 1.59239 -0.63677 -0.48453 X   6 
 1.30027 -0.58383  0.05243 B   7 
 1.46301 -0.38847  0.34867 E   7 
 0.99847 -0.53750  0.00245 B   8 
 0.84381 -0.27259  0.00580 L   8 
 0.94192 -0.77449 -0.18216 B   9 
 1.03485 -0.72746 -0.37271 A   9 
 1.00915 -0.98858  0.02552 B   10 
 1.22705 -0.98873  0.04402 A   10 
 0.79778 -0.90601  0.23682 B   11 
 0.88520 -0.74247  0.34894 A   11 
 0.54974 -0.91537  0.05150 B   12 
 0.51624 -0.51851 -0.10968 M   12 
 0.58226 -1.21088 -0.01230 B   13 
 0.81954 -1.42321 -0.30696 K   13 
 0.57633 -1.33862  0.26472 B   14 
 0.78525 -1.20409  0.64530 R   14 
 0.28213 -1.19495  0.30466 B   15 
 0.43199 -0.96997  0.58487 H   15 
 0.13141 -1.28008  0.01223 B   16 
 0.11770 -1.06142 -0.24410 B   17 
 0.09050 -0.79277 -0.06428 L   17 
 0.18870 -1.24759 -0.45589 B   18 
 0.43395 -1.30496 -0.63170 D   18 
-0.08717 -1.26907 -0.65385 B   19 
 0.13485 -1.43484 -0.81772 N   19 
-0.28204 -1.10542 -0.51562 B   20 
-0.45783 -1.10078 -0.11030 Y   20 
-0.56502 -1.09898 -0.67875 B   21 
-0.90374 -1.13867 -0.34822 R   21 
-0.35576 -1.10731 -0.94717 B   22 
-0.10478 -0.94024 -0.82839 B   23 
-0.44266 -0.62117 -0.90142 Y   23 
 0.18884 -0.89450 -0.89060 B   24 
 0.27643 -0.91914 -1.10652 S   24 
 0.45322 -0.79490 -0.71280 B   25 
 0.64256 -0.95361 -0.51910 L   25 
 0.52899 -0.54625 -0.89506 B   26 
 0.27575 -0.38103 -0.82995 B   27 
 0.08253 -0.51019 -1.07468 N   27 
 0.32502 -0.33797 -0.52895 B   28 
-0.01939 -0.59057 -0.40011 W   28 
 0.60100 -0.20434 -0.55517 B   29 
 0.79652 -0.37562 -0.55123 V   29 
 0.51199  0.02158 -0.74098 B   30 
 0.47506  0.04118 -1.01526 X   30 
 0.30815  0.14903 -0.55003 B   31 
 0.13131  0.02042 -0.55602 A   31 
 0.49372  0.20638 -0.30920 B   32 
 0.52494  0.01878 -0.20846 A   32 
 0.68294  0.39172 -0.46368 B   33 
 0.97691  0.44348 -0.62894 K   33 
 0.44624  0.61383 -0.55357 B   34 
 0.58752  0.54499 -0.93346 F   34 
 0.31756  0.65516 -0.26342 B   35 
 0.00147  0.52807 -0.35183 E   35 
 0.60478  0.64377 -0.05371 B   36 
 0.53027  0.47327  0.06674 S   36 
 0.89289  0.55535 -0.13534 B   37 
 1.05662  0.74923 -0.26904 N   37 
 0.92436  0.32147  0.08900 B   38 
 1.02933  0.14310 -0.26870 F   38 
 0.77533  0.48609  0.33424 B   39 
 0.92463  0.71483  0.45977 N   39 
 0.62045  0.41064  0.63516 B   40 
 0.75008  0.21407  0.71698 T   40 
 0.59688  0.73327  0.73684 B   41 
 0.87762  0.73301  1.02068 Q   41 
 0.40514  0.82258  0.52950 B   42 
 0.49777  0.81532  0.33961 A   42 
 0.21490  1.13341  0.50636 B   43 
 0.20007  1.12168  0.75036 T   43 
-0.11285  1.25062  0.36786 B   44 
 0.14160  1.22686  0.14730 N   44 
-0.30925  1.50554  0.30963 B   45 
-0.52305  1.67663  0.73633 R   45 
-0.64541  1.54784  0.23762 B   46 
-0.59380  1.22331  0.14098 N   46 
-0.89726  1.74011  0.12212 B   47 
-0.86825  1.83298 -0.11724 T   47 
-1.11391  1.56735  0.30913 B   48 
-1.10402  1.31763  0.22035 D   48 
-0.91665  1.53261  0.58718 B   49 
-0.77416  1.30453  0.54449 B   50 
-0.88711  1.12902  0.41471 S   50 
-0.51803  1.02927  0.56135 B   51 
-0.38351  1.21578  0.70710 T   51 
-0.22425  0.89637  0.44610 B   52 
-0.37199  0.86764  0.13745 D   52 
-0.06434  0.57177  0.52179 B   53 
-0.24028  0.83552  0.88265 Y   53 
 0.23003  0.46303  0.44800 B   54 
 0.35615  0.25280  0.19435 B   55 
 0.54536  0.06344  0.24200 I   55 
 0.02249  0.25229  0.08259 B   56 
 0.08024 -0.04836 -0.01534 L   56 
-0.15767  0.48793  0.14915 B   57 
 0.06051  0.75518  0.12834 Q   57 
-0.36673  0.45148  0.37755 B   58 
-0.37146  0.14260  0.40294 I   58 
-0.68663  0.55908  0.44395 B   59 
-0.83547  0.77790  0.29302 N   59 
-0.87864  0.72216  0.71132 B   60 
-0.75946  0.90923  0.76907 S   60 
-1.18421  0.70034  0.60041 B   61 
-1.33073  1.08185  0.46779 R   61 
-1.17166  0.35769  0.58273 B   62 
-1.42633  0.49773  0.23146 W   62 
-0.91179  0.18929  0.73189 B   63 
-0.97769  0.06816  0.31595 W   63 
-0.81890  0.40211  0.95990 B   64 
-0.56719  0.42044  0.89688 X   64 
-0.73906  0.54966  1.27981 B   65 
-0.95002  0.61260  1.47920 N   65 
-0.66089  0.91556  1.37243 B   66 
-0.66077  1.01158  1.12053 D   66 
-0.88395  1.10733  1.52671 B   67 
-0.93699  1.32803  1.24377 B   68 
-0.50631  1.48276  1.12082 R   68 
-1.18326  1.16278  1.07389 B   69 
-1.00729  1.10337  0.89856 T   69 
-1.47235  1.22377  0.98330 B   70 
-1.43515  1.43267  1.01054 P   70 
-1.65311  0.94961  0.89685 B   71 
-1.49549  0.70657  0.97108 B   72 
-1.28614  0.77712  1.05862 S   72 
-1.42541  0.33156  0.95761 B   73 
-1.73738  0.25015  0.80359 R   73 
-1.19493  0.12013  1.01547 B   74 
-1.02618  0.14232  1.23680 N   74 
-1.17203 -0.16630  0.84687 B   75 
-1.38815 -0.07360  0.62446 L   75 
-0.87858 -0.26383  0.96929 B   76 
-0.75203 -0.22727  0.68796 X   76 
-0.87028 -0.21578  1.26522 B   77 
-1.03588 -0.32408  1.45306 N   77 
-0.66416  0.05357  1.29504 B   78 
-0.45822 -0.14020  1.21300 I   78 
-0.42130  0.24359  1.36907 B   79 
-0.40208  0.18051  1.56739 P   79 
-0.26027  0.44068  1.15209 B   80 
-0.50142  0.60422  1.03013 X   80 
 0.02232  0.40978  1.29379 B   81 
-0.02965  0.47809  1.51761 S   81 
 0.06402  0.10766  1.21995 B   82 
-0.08461  0.00459  1.32767 A   82 
 0.12569  0.20090  0.91123 B   83 
-0.17810  0.15640  0.79784 L   83 
 0.43559  0.31191  1.01638 B   84 
 0.27927  0.60068  0.99569 L   84 
 0.58113  0.07599  1.06412 B   85 
 0.55565 -0.08843  1.26280 S   85 
 0.84564 -0.14218  0.99869 B   86 
 1.01052 -0.11286  1.16989 S   86 
 0.60839 -0.33472  1.02102 B   87 
 0.56927 -0.58741  1.16270 D   87 
 0.40510 -0.43570  0.74087 B   88 
 0.56814 -0.43009  0.52857 I   88 
 0.17043 -0.61585  0.83348 B   89 
 0.26828 -0.79952  0.99829 T   89 
-0.06138 -0.40935  0.85271 B   90 
-0.02952 -0.30124  1.03856 A   90 
-0.05441 -0.30505  0.55904 B   91 
 0.11573 -0.09127  0.58495 S   91 
-0.09639 -0.57549  0.42165 B   92 
 0.12719 -0.70850  0.38942 V   92 
-0.36321 -0.66138  0.54654 B   93 
-0.24351 -0.85858  0.79142 N   93 
-0.50447 -0.40535  0.44654 B   94 
-0.55061 -0.16015  0.58415 X   94 
-0.44296 -0.42830  0.14464 B   95 
-0.23571 -0.37471  0.12187 A   95 
-0.59402 -0.69411  0.10058 B   96 
-0.28659 -1.01358  0.24314 K   96 
-0.86924 -0.55749  0.15263 B   97 
-0.95663 -0.58126  0.52696 K   97 
-0.85935 -0.33648 -0.06270 B   98 
-0.70565 -0.09785  0.06227 I   98 
-0.81744 -0.51902 -0.32325 B   99 
-0.60778 -0.60827 -0.36672 V   99 
-1.09999 -0.67889 -0.24177 B   100 
-0.95421 -0.86239 -0.12385 S   100 
-1.32507 -0.44036 -0.28124 B   101 
-1.36129 -0.21227 -0.12613 D   101 
-1.33803 -0.42155 -0.64446 B   102 
-1.10054 -0.21752 -0.78309 B   103 
-1.33325  0.00689 -0.75560 N   103 
-0.85778 -0.31085 -0.68617 B   104 
-0.56413 -0.12570 -0.75331 B   105 
-0.23709 -0.33949 -0.71971 M   105 
-0.73105  0.14225 -0.81451 B   106 
-0.82162  0.02212 -1.10902 N   106 
-0.71484  0.24649 -0.51861 B   107 
-0.80381  0.09177 -0.40959 A   107 
-0.43109  0.32758 -0.63429 B   108 
-0.34441  0.03081 -0.28408 W   108 
-0.35206  0.60828 -0.79261 B   109 
-0.49392  0.80654 -0.71432 V   109 
-0.05068  0.55104 -0.85475 B   110 
 0.05747  0.61685 -0.68167 A   110 
-0.09511  0.28298 -0.99227 B   111 
-0.21615 -0.08595 -1.02128 W   111 
-0.29007  0.37245 -1.21615 B   112 
-0.65785  0.57592 -1.17549 R   112 
-0.10115  0.62589 -1.32187 B   113 
-0.32996  0.83967 -1.23678 N   113 
 0.20387  0.44402 -1.29800 B   114 
 0.40596  0.83814 -1.06091 R   114 
 0.15057  0.11030 -1.32773 B   115 
 0.26030  0.13841 -1.02981 X   115 
-0.06666  0.06020 -1.50822 B   116 
-0.50731  0.00917 -1.47208 K   116 
 0.03588 -0.10299 -1.80673 B   117 
 0.30979 -0.17244 -1.71113 B   118 
 0.37333  0.05504 -1.60340 T   118 
 0.63443 -0.29902 -1.63748 B   119 
 0.80563 -0.47503 -1.78548 D   119 
 0.62471 -0.43039 -1.32269 B   120 
 0.37908 -0.40156 -1.28665 V   120 
 0.86069 -0.63627 -1.32464 B   121 
 0.71684 -0.92315 -1.59025 Q   121 
 1.08771 -0.42074 -1.29268 B   122 
 1.07360 -0.30575 -1.46452 A   122 
 1.04672 -0.40447 -0.96896 B   123 
 0.88740 -0.00903 -1.01089 W   123 
 1.19948 -0.71352 -0.94011 B   124 
 0.96775 -0.83862 -0.88607 I   124 
 1.45784 -0.68299 -1.04763 B   125 
 1.27085 -0.66047 -1.53023 R   125 
 1.73160 -0.85072 -0.89753 B   126 
 1.55806 -1.01786 -0.71515 B   127 
 1.42375 -0.74278 -0.61183 X   127 
 1.55777 -1.26323 -0.44536 B   128 
 1.71148 -1.62692 -0.53795 R   128 
 1.28076 -1.50997 -0.51185 B   129 
 1.16579 -1.27765 -0.49459 L   129 
