246 
-0.80013 -0.36196  1.00781 B   1 
-0.61250 -0.71862  1.12540 K   1 
-0.56034 -0.29575  1.26567 B   2 
-0.62377 -0.05312  1.33106 V   2 
-0.23952 -0.29985  1.25024 B   3 
-0.25472 -0.60040  0.93823 F   3 
 0.05022 -0.37715  1.35068 B   4 
 0.35954 -0.32831  1.28212 B   5 
 0.69385 -0.09838  1.44011 R   5 
 0.48442 -0.61936  1.32182 B   6 
 0.69735 -0.55547  1.54308 X   6 
 0.23907 -0.75416  1.18676 B   7 
-0.12190 -0.79252  1.33039 E   7 
 0.26561 -0.63019  0.90452 B   8 
 0.11741 -0.38782  0.78878 L   8 
 0.55474 -0.70818  0.84319 B   9 
 0.68012 -0.58238  0.96814 A   9 
 0.50455 -1.00971  0.84984 B   10 
 0.48073 -1.06253  1.06072 A   10 
 0.29273 -1.01923  0.62359 B   11 
 0.10377 -0.96635  0.71554 A   11 
 0.45983 -0.87555  0.40590 B   12 
 0.36594 -0.45868  0.45065 M   12 
 0.67995 -1.08531  0.40644 B   13 
 1.03328 -1.13941  0.65229 K   13 
 0.52648 -1.34132  0.34324 B   14 
 0.12940 -1.48469  0.51166 R   14 
 0.42334 -1.19011  0.06886 B   15 
 0.05905 -1.19311  0.20624 H   15 
 0.71761 -1.06710 -0.04843 B   16 
 0.80287 -0.74526  0.00500 B   17 
 0.50290 -0.62273 -0.01072 L   17 
 1.08004 -0.79190  0.07955 B   18 
 1.24700 -0.78834  0.33735 D   18 
 1.26554 -0.64558 -0.16527 B   19 
 1.48572 -0.73175  0.05319 N   19 
 1.06648 -0.55216 -0.35372 B   20 
 0.73897 -0.73940 -0.58370 Y   20 
 1.20774 -0.40124 -0.60668 B   21 
 0.97341 -0.55104 -0.99166 R   21 
 1.42391 -0.29957 -0.36411 B   22 
 1.22089 -0.27937 -0.11233 B   23 
 1.11160  0.08490 -0.38922 Y   23 
 1.23385 -0.26499  0.19065 B   24 
 1.42125 -0.18198  0.30419 S   24 
 1.02060 -0.33472  0.43782 B   25 
 0.94525 -0.60749  0.57375 L   25 
 1.02445 -0.04722  0.57240 B   26 
 0.88671  0.09946  0.33748 B   27 
 1.16883  0.16863  0.16564 N   27 
 0.61359 -0.04257  0.34835 B   28 
 0.66655 -0.25130 -0.04236 W   28 
 0.54746  0.02629  0.64091 B   29 
 0.63444 -0.15240  0.80849 V   29 
 0.57384  0.32948  0.61139 B   30 
 0.78871  0.50490  0.61736 X   30 
 0.35270  0.36608  0.40160 B   31 
 0.43835  0.29988  0.21152 A   31 
 0.11520  0.24252  0.55666 B   32 
 0.13885  0.02883  0.54705 A   32 
 0.12798  0.44134  0.78975 B   33 
 0.22186  0.51777  1.10873 K   33 
 0.08394  0.71689  0.60115 B   34 
 0.42876  0.84481  0.78486 F   34 
-0.17216  0.61414  0.43894 B   35 
-0.01429  0.62206  0.12446 E   35 
-0.34891  0.43250  0.68868 B   36 
-0.34693  0.24226  0.57496 S   36 
-0.24302  0.35030  0.97068 B   37 
-0.25113  0.54944  1.17696 N   37 
-0.29409  0.03048  0.93717 B   38 
 0.09673  0.06460  1.06708 F   38 
-0.58318  0.05629  0.77838 B   39 
-0.82294  0.14239  0.93798 N   39 
-0.78017 -0.14174  0.57294 B   40 
-0.73984 -0.37133  0.66126 T   40 
-1.04721  0.06715  0.57942 B   41 
-1.29078 -0.14541  0.81367 Q   41 
-0.92085  0.29186  0.43359 B   42 
-0.76491  0.37347  0.55071 A   42 
-1.07222  0.59301  0.29308 B   43 
-1.26471  0.45084  0.24182 T   43 
-1.01274  0.82850  0.00787 B   44 
-0.82874  0.88231  0.28574 N   44 
-1.10311  1.10514 -0.14129 B   45 
-1.54190  1.04798 -0.38879 R   45 
-1.05485  1.24478 -0.45458 B   46 
-0.79198  1.02610 -0.43456 N   46 
-1.06023  1.51339 -0.65842 B   47 
-0.91856  1.71580 -0.58281 T   47 
-1.10575  1.31201 -0.92135 B   48 
-0.89047  1.15755 -0.93311 D   48 
-1.32148  1.09104 -0.77281 B   49 
-1.16166  0.90266 -0.65828 B   50 
-0.95036  0.85489 -0.77435 S   50 
-1.02817  0.62094 -0.44741 B   51 
-1.25970  0.66454 -0.31099 T   51 
-0.86951  0.52036 -0.16113 B   52 
-0.59436  0.69738 -0.26542 D   52 
-0.75207  0.18479 -0.05979 B   53 
-1.19151  0.23174 -0.24801 Y   53 
-0.64121  0.08059  0.22443 B   54 
-0.31821  0.02704  0.35572 B   55 
-0.25642 -0.18933  0.50834 I   55 
-0.21298  0.15367  0.04474 B   56 
 0.03702 -0.04619  0.07422 L   56 
-0.39516  0.34223 -0.10911 B   57 
-0.53991  0.52735  0.14434 Q   57 
-0.55293  0.22656 -0.35187 B   58 
-0.39668 -0.03630 -0.40250 I   58 
-0.65604  0.33891 -0.66020 B   59 
-0.65175  0.62862 -0.75435 N   59 
-0.96064  0.35956 -0.86451 B   60 
-1.11983  0.45549 -0.73038 S   60 
-0.84504  0.46302 -1.15101 B   61 
-0.94899  0.87362 -1.22323 R   61 
-0.63489  0.19343 -1.18314 B   62 
-0.41719  0.55136 -1.36296 W   62 
-0.67106 -0.07616 -0.97299 B   63 
-0.25846  0.06986 -0.99431 W   63 
-0.98336 -0.04889 -0.88561 B   64 
-0.95237 -0.04806 -0.62734 X   64 
-1.33302 -0.12290 -0.83319 B   65 
-1.52386 -0.14175 -1.06001 N   65 
-1.62151  0.10619 -0.71975 B   66 
-1.47021  0.32373 -0.67021 D   66 
-1.84867  0.21890 -0.93429 B   67 
-1.74120  0.56483 -0.91528 B   68 
-1.74643  0.67438 -0.45429 R   68 
-1.49758  0.57357 -1.15484 B   69 
-1.32706  0.58871 -0.96529 T   69 
-1.44670  0.72947 -1.41677 B   70 
-1.59011  0.87597 -1.35560 P   70 
-1.21167  0.59108 -1.61905 B   71 
-1.13964  0.32270 -1.50858 B   72 
-1.26013  0.29034 -1.30634 S   72 
-0.91672  0.01341 -1.48936 B   73 
-0.73144  0.09390 -1.78410 R   73 
-0.85231 -0.23451 -1.30078 B   74 
-1.05304 -0.37240 -1.16422 N   74 
-0.55117 -0.37682 -1.29334 B   75 
-0.41343 -0.13624 -1.46042 L   75 
-0.60737 -0.58079 -1.03673 B   76 
-0.40302 -0.41956 -0.86720 X   76 
-0.87755 -0.70799 -1.06460 B   77 
-0.96271 -0.86767 -1.26878 N   77 
-1.06447 -0.54696 -0.82997 B   78 
-0.89462 -0.69809 -0.64289 I   78 
-1.24365 -0.48176 -0.57656 B   79 
-1.37071 -0.64668 -0.59492 P   79 
-1.18528 -0.23324 -0.36050 B   80 
-1.16935  0.01366 -0.55687 X   80 
-1.29498 -0.39195 -0.10818 B   81 
-1.51529 -0.45097 -0.18197 S   81 
-1.06322 -0.60326 -0.09810 B   82 
-1.08644 -0.71749 -0.27340 A   82 
-0.86627 -0.36836  0.01956 B   83 
-0.73573 -0.28220 -0.26795 L   83 
-1.02839 -0.39738  0.32336 B   84 
-1.17050 -0.12203  0.21272 L   84 
-0.93826 -0.64293  0.42679 B   85 
-1.00580 -0.88126  0.35068 S   85 
-0.77040 -0.83441  0.66553 B   86 
-0.93401 -0.93794  0.80650 S   86 
-0.66891 -0.95628  0.40342 B   87 
-0.63868 -1.23164  0.31004 D   87 
-0.37351 -0.84268  0.23066 B   88 
-0.20943 -0.75192  0.42178 I   88 
-0.33677 -0.99408 -0.03735 B   89 
-0.37051 -1.25316  0.00965 T   89 
-0.46143 -0.79272 -0.23900 B   90 
-0.67680 -0.81479 -0.21970 A   90 
-0.28094 -0.54660 -0.17560 B   91 
-0.43140 -0.42131  0.01671 S   91 
-0.01192 -0.68070 -0.23404 B   92 
 0.08165 -0.81383 -0.02851 V   92 
-0.05429 -0.76758 -0.52529 B   93 
-0.14672 -1.08635 -0.47025 N   93 
-0.11331 -0.47757 -0.61424 B   94 
-0.36453 -0.34684 -0.64566 X   94 
 0.14458 -0.34035 -0.51365 B   95 
 0.12421 -0.32472 -0.29991 A   95 
 0.33892 -0.50133 -0.69178 B   96 
 0.39273 -0.89862 -0.45480 K   96 
 0.22914 -0.36624 -0.95028 B   97 
-0.06028 -0.57643 -1.09306 K   97 
 0.27853 -0.06988 -0.87931 B   98 
 0.03340  0.02366 -0.71395 I   98 
 0.59472 -0.08082 -0.82575 B   99 
 0.67299 -0.16962 -0.62624 V   99 
 0.63089 -0.20032 -1.13630 B   100 
 0.63353 -0.44255 -1.03555 S   100 
 0.53569  0.05823 -1.31851 B   101 
 0.27953  0.16347 -1.34507 D   101 
 0.82287  0.27777 -1.27635 B   102 
 0.81003  0.47348 -0.99569 B   103 
 0.66839  0.68491 -1.19695 N   103 
 0.77435  0.29694 -0.78451 B   104 
 0.71151  0.42675 -0.46168 B   105 
 0.79327  0.17161 -0.17530 M   105 
 0.61494  0.70984 -0.57973 B   106 
 0.92852  0.79400 -0.64256 N   106 
 0.31229  0.62654 -0.59215 B   107 
 0.31517  0.45822 -0.71624 A   107 
 0.34918  0.70113 -0.28629 B   108 
 0.22883  0.24978 -0.29242 W   108 
 0.31494  1.00061 -0.14758 B   109 
 0.14302  1.14498 -0.27070 V   109 
 0.38649  0.93020  0.14889 B   110 
 0.20272  0.86618  0.23899 A   110 
 0.65436  0.79857  0.08840 B   111 
 0.89422  0.54003 -0.07662 W   111 
 0.79431  1.03323 -0.05818 B   112 
 0.65929  1.24671 -0.39659 R   112 
 0.72818  1.26007  0.17692 B   113 
 0.54530  1.43014 -0.03026 N   113 
 0.80050  1.04042  0.44749 B   114 
 0.37258  1.18793  0.66544 R   114 
 1.01806  0.79755  0.35379 B   115 
 0.75359  0.63339  0.42230 X   115 
 1.20328  0.89962  0.16001 B   116 
 1.22061  0.92407 -0.28404 K   116 
 1.53704  0.91361  0.28110 B   117 
 1.48750  0.75103  0.52627 B   118 
 1.26649  0.86269  0.60421 T   118 
 1.48661  0.54460  0.81648 B   119 
 1.70171  0.45123  0.98144 D   119 
 1.30445  0.26540  0.74364 B   120 
 1.26830  0.31649  0.50167 V   120 
 1.41443  0.05413  0.94697 B   121 
 1.80197 -0.00219  0.80490 Q   121 
 1.25574  0.16641  1.19440 B   122 
 1.33118  0.35758  1.22107 A   122 
 0.98298  0.00767  1.10987 B   123 
 0.79731  0.38163  1.01396 W   123 
 1.13016 -0.28791  1.21307 B   124 
 1.16684 -0.37395  0.96103 I   124 
 1.19034 -0.25378  1.48593 B   125 
 1.58016  0.06896  1.37522 R   125 
 1.15246 -0.52605  1.70964 B   126 
 1.10578 -0.72870  1.49039 B   127 
 0.86907 -0.53761  1.38160 X   127 
 1.02534 -1.07688  1.41764 B   128 
 1.30321 -1.34935  1.53177 R   128 
 1.23220 -1.18548  1.12191 B   129 
 1.08967 -0.98489  1.03859 L   129 
