246 
-0.16142  0.39068  1.26816 B   1 
-0.24258  0.02049  1.44873 K   1 
 0.14231  0.24251  1.38719 B   2 
 0.30557  0.44296  1.36896 V   2 
 0.30324 -0.01055  1.27213 B   3 
-0.06629 -0.18366  1.12584 F   3 
 0.45682 -0.28601  1.29561 B   4 
 0.62045 -0.49660  1.11774 B   5 
 1.03474 -0.61559  1.05611 R   5 
 0.51060 -0.77616  1.22570 B   6 
 0.77983 -0.90449  1.32276 X   6 
 0.21980 -0.66749  1.24115 B   7 
 0.07371 -0.41063  1.49627 E   7 
 0.17467 -0.60847  0.94080 B   8 
 0.20059 -0.34043  0.79387 L   8 
 0.24543 -0.88251  0.82533 B   9 
 0.46087 -0.90299  0.84335 A   9 
 0.01813 -1.03156  0.96533 B   10 
 0.07662 -1.04769  1.17544 A   10 
-0.21628 -0.87012  0.84232 B   11 
-0.23493 -0.69027  0.96174 A   11 
-0.14021 -0.90914  0.54458 B   12 
 0.11410 -0.57597  0.45013 M   12 
-0.16404 -1.21205  0.55628 B   13 
 0.11296 -1.52392  0.67551 K   13 
-0.45121 -1.25142  0.65154 B   14 
-0.67503 -1.03211  0.98079 R   14 
-0.54328 -1.07415  0.38907 B   15 
-0.67041 -0.79258  0.62602 H   15 
-0.36227 -1.22628  0.14499 B   16 
-0.07202 -1.09245  0.03752 B   17 
-0.15754 -0.78149  0.07263 L   17 
 0.08245 -1.33872  0.03073 B   18 
 0.30485 -1.46910  0.19771 D   18 
 0.15639 -1.39025 -0.29735 B   19 
 0.32664 -1.61788 -0.14627 N   19 
 0.01755 -1.17484 -0.43221 B   20 
-0.40075 -1.03391 -0.45157 Y   20 
 0.06682 -1.18887 -0.75486 B   21 
-0.35495 -1.09607 -0.95248 R   21 
 0.37414 -1.29633 -0.65527 B   22 
 0.40693 -1.12724 -0.38078 B   23 
 0.45433 -0.81216 -0.72687 Y   23 
 0.57722 -1.13094 -0.12946 B   24 
 0.79111 -1.22648 -0.12450 S   24 
 0.54140 -1.00994  0.17959 B   25 
 0.38565 -1.12247  0.42785 L   25 
 0.80607 -0.83463  0.18172 B   26 
 0.71245 -0.63349 -0.03381 B   27 
 0.82291 -0.80927 -0.29990 N   27 
 0.47593 -0.50886  0.11919 B   28 
 0.16501 -0.67724 -0.15285 W   28 
 0.63548 -0.41668  0.36567 B   29 
 0.64616 -0.59757  0.55206 V   29 
 0.83958 -0.24779  0.21297 B   30 
 1.07607 -0.30622  0.08018 X   30 
 0.63970 -0.05042  0.08909 B   31 
 0.54435 -0.15705 -0.07640 A   31 
 0.50782  0.05670  0.34765 B   32 
 0.37113 -0.09509  0.41544 A   32 
 0.76725  0.16885  0.46655 B   33 
 1.03087  0.14053  0.68128 K   33 
 0.83435  0.37683  0.21027 B   34 
 1.19834  0.18575  0.20739 F   34 
 0.54571  0.51414  0.19323 B   35 
 0.47599  0.39839 -0.13177 E   35 
 0.45506  0.53674  0.53656 B   36 
 0.26985  0.41741  0.51242 S   36 
 0.59911  0.40034  0.77768 B   37 
 0.83400  0.52923  0.88007 N   37 
 0.33861  0.24089  0.89051 B   38 
 0.63651 -0.04423  0.86319 F   38 
 0.12097  0.48419  0.83670 B   39 
 0.13193  0.72389  1.01779 N   39 
-0.22240  0.51621  0.80068 B   40 
-0.31126  0.34065  0.95372 T   40 
-0.22067  0.85516  0.81049 B   41 
-0.37580  0.91079  1.17411 Q   41 
-0.07515  0.89792  0.55608 B   42 
 0.12278  0.82605  0.57482 A   42 
-0.02375  1.20533  0.36581 B   43 
-0.24878  1.26741  0.43933 T   43 
 0.02261  1.30826  0.00860 B   44 
 0.29827  1.19576  0.16772 N   44 
 0.08566  1.55279 -0.19918 B   45 
-0.31308  1.86199 -0.24872 R   45 
 0.04700  1.60488 -0.53943 B   46 
 0.04986  1.26285 -0.52123 N   46 
 0.12234  1.77846 -0.81859 B   47 
 0.37326  1.79348 -0.87835 T   47 
-0.17146  1.69053 -0.95165 B   48 
-0.16674  1.42604 -0.97065 D   48 
-0.36086  1.71990 -0.66758 B   49 
-0.34468  1.47650 -0.54658 B   50 
-0.32286  1.28257 -0.69599 S   50 
-0.35683  1.19458 -0.29752 B   51 
-0.38197  1.40153 -0.12242 T   51 
-0.19482  1.00545 -0.06251 B   52 
 0.01907  0.90186 -0.31039 D   52 
-0.30749  0.70339  0.11842 B   53 
-0.60615  1.07758  0.07941 Y   53 
-0.17454  0.54935  0.36846 B   54 
 0.02853  0.26248  0.39852 B   55 
-0.00730  0.07787  0.59489 I   55 
 0.01270  0.26193  0.04699 B   56 
 0.02621 -0.05838  0.07013 L   56 
-0.03525  0.52325 -0.10076 B   57 
 0.14103  0.74974  0.09182 Q   57 
-0.32090  0.57634 -0.21384 B   58 
-0.44074  0.29063 -0.20486 I   58 
-0.45643  0.72962 -0.49035 B   59 
-0.30603  0.90789 -0.68634 N   59 
-0.70894  0.98219 -0.57638 B   60 
-0.66118  1.16530 -0.44706 S   60 
-0.72247  0.95887 -0.90106 B   61 
-0.53710  1.29697 -1.09063 R   61 
-0.80866  0.62669 -0.89087 B   62 
-0.54148  0.68154 -1.25619 W   62 
-0.90367  0.48491 -0.59252 B   63 
-0.59518  0.25389 -0.80103 W   63 
-1.00790  0.74518 -0.42726 B   64 
-0.85980  0.71930 -0.21498 X   64 
-1.21829  0.97170 -0.24043 B   65 
-1.44808  1.11094 -0.36704 N   65 
-1.16014  1.33912 -0.13944 B   66 
-0.90706  1.35629 -0.23070 D   66 
-1.31419  1.58875 -0.29529 B   67 
-1.01324  1.72055 -0.44903 B   68 
-0.70821  1.78913 -0.09295 R   68 
-0.99856  1.53769 -0.73741 B   69 
-0.80104  1.41233 -0.63492 T   69 
-0.99879  1.59746 -1.04061 B   70 
-0.94541  1.80042 -0.99905 P   70 
-1.06926  1.32916 -1.23647 B   71 
-1.15616  1.10444 -1.05935 B   72 
-1.13990  1.17667 -0.83355 S   72 
-1.23631  0.73708 -0.99348 B   73 
-1.23230  0.64505 -1.33872 R   73 
-1.27385  0.53043 -0.75460 B   74 
-1.40513  0.60003 -0.51822 N   74 
-1.20527  0.20627 -0.78948 B   75 
-1.05373  0.25024 -1.07209 L   75 
-1.24309  0.12071 -0.47032 B   76 
-0.93886  0.06027 -0.45321 X   76 
-1.48765  0.25262 -0.35747 B   77 
-1.74467  0.22120 -0.44347 N   77 
-1.35975  0.49718 -0.15810 B   78 
-1.27624  0.26859  0.00760 I   78 
-1.28297  0.67573  0.09250 B   79 
-1.47170  0.67221  0.18221 P   79 
-0.97419  0.78344  0.16256 B   80 
-0.89835  0.92675 -0.10851 X   80 
-1.01218  0.76795  0.47754 B   81 
-1.20729  0.90384  0.50804 S   81 
-1.02601  0.45491  0.49431 B   82 
-1.20454  0.40323  0.39545 A   82 
-0.70225  0.44667  0.44026 B   83 
-0.72001  0.40089  0.11665 L   83 
-0.65449  0.55266  0.76568 B   84 
-0.60043  0.83648  0.60827 L   84 
-0.71985  0.32811  0.92196 B   85 
-0.95567  0.23275  0.97147 S   85 
-0.63848  0.07544  1.14863 B   86 
-0.72445  0.13746  1.36339 S   86 
-0.79952 -0.07770  0.93776 B   87 
-1.01686 -0.27241  0.95539 D   87 
-0.65240 -0.23612  0.64919 B   88 
-0.40640 -0.30927  0.72549 I   88 
-0.87101 -0.35707  0.46567 B   89 
-1.04036 -0.49282  0.61853 T   89 
-0.90379 -0.13230  0.25318 B   90 
-1.02408  0.02201  0.34785 A   90 
-0.60877 -0.12022  0.15327 B   91 
-0.50699  0.07391  0.31842 S   91 
-0.58522 -0.41360  0.06874 B   92 
-0.52097 -0.57152  0.26787 V   92 
-0.81430 -0.43227 -0.13459 B   93 
-1.05129 -0.55949  0.06748 N   93 
-0.69490 -0.20440 -0.30582 B   94 
-0.75678  0.07373 -0.30316 X   94 
-0.41326 -0.32107 -0.35597 B   95 
-0.30519 -0.29720 -0.17131 A   95 
-0.50850 -0.57188 -0.50906 B   96 
-0.62814 -0.86389 -0.16655 K   96 
-0.60696 -0.39962 -0.74938 B   97 
-0.97620 -0.30351 -0.69686 K   97 
-0.34422 -0.25381 -0.82020 B   98 
-0.32819 -0.00531 -0.63534 I   98 
-0.15541 -0.50812 -0.87164 B   99 
-0.07242 -0.62637 -0.69014 V   99 
-0.37433 -0.60835 -1.10413 B   100 
-0.48558 -0.76245 -0.92328 S   100 
-0.34285 -0.37106 -1.33176 B   101 
-0.42212 -0.10502 -1.31334 D   101 
-0.01952 -0.45874 -1.47395 B   102 
 0.24825 -0.32891 -1.30458 B   103 
 0.21340 -0.08460 -1.51520 N   103 
 0.21692 -0.41301 -1.04193 B   104 
 0.43478 -0.28561 -0.79430 B   105 
 0.45123 -0.51114 -0.47389 M   105 
 0.51466 -0.03247 -0.97579 B   106 
 0.70735 -0.22439 -1.16395 N   106 
 0.29023  0.15208 -0.85636 B   107 
 0.11506  0.04581 -0.89831 A   107 
 0.51548  0.16724 -0.63386 B   108 
 0.14291 -0.02040 -0.42359 W   108 
 0.76998  0.37976 -0.62057 B   109 
 0.71322  0.60522 -0.72783 V   109 
 0.91097  0.27742 -0.36054 B   110 
 0.81513  0.38026 -0.19860 A   110 
 0.93453 -0.01351 -0.44743 B   111 
 0.80431 -0.36087 -0.56567 W   111 
 1.09365  0.02487 -0.71076 B   112 
 0.99417  0.26644 -1.04253 R   112 
 1.33086  0.21614 -0.57567 B   113 
 1.24299  0.46691 -0.76192 N   113 
 1.35825  0.02026 -0.27976 B   114 
 1.33971  0.44481 -0.01182 R   114 
 1.26287 -0.30050 -0.33549 B   115 
 1.04524 -0.19694 -0.12693 X   115 
 1.33263 -0.37987 -0.60216 B   116 
 1.13325 -0.37441 -1.00002 K   116 
 1.58193 -0.63290 -0.61081 B   117 
 1.56987 -0.69774 -0.31988 B   118 
 1.56671 -0.45604 -0.22522 T   118 
 1.57701 -0.82834  0.01138 B   119 
 1.71255 -1.05605  0.12081 D   119 
 1.25394 -0.85968  0.11665 B   120 
 1.14645 -0.79752 -0.10026 V   120 
 1.27303 -1.07919  0.33920 B   121 
 1.37011 -1.41590  0.11394 Q   121 
 1.38956 -0.88721  0.55961 B   122 
 1.57265 -0.82705  0.48340 A   122 
 1.09355 -0.77249  0.63680 B   123 
 1.19845 -0.39321  0.46750 W   123 
 1.02476 -1.07284  0.79409 B   124 
 0.85840 -1.15308  0.59876 I   124 
 1.21837 -1.10084  0.99650 B   125 
 1.58883 -1.20301  0.64908 R   125 
 1.12750 -1.24308  1.30815 B   126 
 0.85437 -1.33125  1.21361 B   127 
 0.80183 -1.02614  1.12127 X   127 
 0.53910 -1.48513  1.31320 B   128 
 0.56134 -1.87324  1.42874 R   128 
 0.42631 -1.71203  1.03420 B   129 
 0.44346 -1.47478  0.92976 L   129 
