246 
 0.75428  0.30812  1.05974 B   1 
 0.78684 -0.07030  1.23856 K   1 
 1.04792  0.14066  0.94098 B   2 
 1.17182  0.33554  0.82334 V   2 
 1.07184 -0.10980  0.74128 B   3 
 0.68731 -0.25823  0.87553 F   3 
 1.18095 -0.39185  0.64878 B   4 
 1.16817 -0.59573  0.40174 B   5 
 1.42565 -0.72583  0.07559 R   5 
 1.13781 -0.87770  0.54820 B   6 
 1.39269 -1.02255  0.43673 X   6 
 0.94043 -0.75938  0.75713 B   7 
 1.02112 -0.51537  1.05099 E   7 
 0.71121 -0.67811  0.56587 B   8 
 0.65247 -0.40175  0.44635 L   8 
 0.66639 -0.94602  0.42567 B   9 
 0.83671 -0.97587  0.29431 A   9 
 0.57993 -1.09564  0.67791 B   10 
 0.76213 -1.12843  0.79434 A   10 
 0.33606 -0.91731  0.74766 B   11 
 0.41516 -0.74554  0.85347 A   11 
 0.19121 -0.93856  0.47467 B   12 
 0.34174 -0.60957  0.24294 M   12 
 0.15880 -1.24043  0.49147 B   13 
 0.42056 -1.57007  0.38651 K   13 
 0.00627 -1.27533  0.75340 B   14 
 0.07590 -1.07092  1.15335 R   14 
-0.22374 -1.07702  0.62473 B   15 
-0.13924 -0.80783  0.89305 H   15 
-0.26339 -1.21871  0.31842 B   16 
-0.10969 -1.08891  0.04780 B   17 
-0.12662 -0.77809  0.13916 L   17 
-0.01793 -1.33982 -0.06701 B   18 
 0.24865 -1.48976 -0.09527 D   18 
-0.18550 -1.37136 -0.36143 B   19 
 0.02455 -1.61518 -0.36910 N   19 
-0.36235 -1.14204 -0.36305 B   20 
-0.67512 -0.98433 -0.09378 Y   20 
-0.54182 -1.13565 -0.63596 B   21 
-0.97952 -1.01347 -0.49796 R   21 
-0.25544 -1.26131 -0.77050 B   22 
-0.03563 -1.11293 -0.58427 B   23 
-0.20763 -0.77675 -0.86481 Y   23 
 0.25790 -1.14042 -0.51176 B   24 
 0.41279 -1.24414 -0.65371 S   24 
 0.44624 -1.03976 -0.25519 B   25 
 0.48773 -1.16315  0.03049 L   25 
 0.65707 -0.87519 -0.42622 B   26 
 0.45896 -0.65625 -0.51838 B   27 
 0.35055 -0.81733 -0.79444 N   27 
 0.39469 -0.53358 -0.24324 B   28 
-0.02979 -0.67086 -0.24146 W   28 
 0.68415 -0.46475 -0.16465 B   29 
 0.80282 -0.65835 -0.03809 V   29 
 0.74641 -0.29361 -0.41027 B   30 
 0.82905 -0.35167 -0.66868 X   30 
 0.53025 -0.08071 -0.36335 B   31 
 0.34130 -0.17197 -0.42516 A   31 
 0.61264  0.01325 -0.08033 B   32 
 0.54510 -0.13755  0.05757 A   32 
 0.89269  0.10699 -0.16281 B   33 
 1.22926  0.05394 -0.18057 K   33 
 0.78718  0.32947 -0.39262 B   34 
 1.04112  0.12534 -0.64334 F   34 
 0.57189  0.47848 -0.20851 B   35 
 0.29500  0.38817 -0.40614 E   35 
 0.73508  0.48078  0.10767 B   36 
 0.57269  0.37051  0.21063 S   36 
 0.99246  0.32269  0.18674 B   37 
 1.24456  0.43520  0.10887 N   37 
 0.86251  0.16585  0.44076 B   38 
 1.04412 -0.12781  0.21370 F   38 
 0.68327  0.42037  0.55278 B   39 
 0.82988  0.64642  0.68611 N   39 
 0.40688  0.46782  0.75671 B   40 
 0.42987  0.28563  0.92528 T   40 
 0.43991  0.80497  0.77161 B   41 
 0.57124  0.84125  1.14686 Q   41 
 0.38154  0.85963  0.48641 B   42 
 0.53554  0.77917  0.36598 A   42 
 0.31577  1.17726  0.31869 B   43 
 0.20242  1.24262  0.52551 T   43 
 0.11982  1.30274  0.02510 B   44 
 0.42199  1.16915 -0.04418 N   44 
 0.04634  1.55845 -0.16506 B   45 
-0.25952  1.88525  0.07307 R   45 
-0.20519  1.63532 -0.39045 B   46 
-0.21638  1.29299 -0.38771 N   46 
-0.32238  1.82476 -0.64366 B   47 
-0.17491  1.83432 -0.85560 T   47 
-0.63557  1.75744 -0.54807 B   48 
-0.66440  1.49490 -0.57218 D   48 
-0.58463  1.77432 -0.20961 B   49 
-0.51011  1.52271 -0.13690 B   50 
-0.60790  1.33886 -0.26746 S   50 
-0.37414  1.22495  0.04886 B   51 
-0.26073  1.42013  0.20105 T   51 
-0.11141  1.01404  0.11001 B   52 
-0.12559  0.91975 -0.21989 D   52 
-0.09692  0.70471  0.31195 B   53 
-0.31668  1.09178  0.49257 Y   53 
 0.15687  0.52886  0.40462 B   54 
 0.30623  0.23309  0.28358 B   55 
 0.39675  0.03687  0.44859 I   55 
 0.06022  0.25740  0.03317 B   56 
 0.06183 -0.06403  0.03302 L   56 
-0.05437  0.52991 -0.03768 B   57 
 0.22158  0.73572 -0.00683 Q   57 
-0.33771  0.60149  0.07094 B   58 
-0.44189  0.32060  0.15043 I   58 
-0.61111  0.77852 -0.03968 B   59 
-0.61685  0.96405 -0.28126 N   59 
-0.83699  1.04583  0.07201 B   60 
-0.70177  1.21764  0.14079 S   60 
-1.06511  1.04550 -0.16061 B   61 
-1.02873  1.38858 -0.41670 R   61 
-1.14697  0.71691 -0.10395 B   62 
-1.18807  0.78665 -0.55262 W   62 
-1.02922  0.55860  0.17750 B   63 
-0.95644  0.33096 -0.18978 W   63 
-0.97708  0.81062  0.37670 B   64 
-0.72768  0.76456  0.43451 X   64 
-0.99185  1.03155  0.66212 B   65 
-1.23635  1.18781  0.72553 N   65 
-0.85408  1.38864  0.70768 B   66 
-0.72584  1.40245  0.47096 D   66 
-1.05366  1.65410  0.70154 B   67 
-0.92300  1.78467  0.38936 B   68 
-0.45432  1.81689  0.45133 R   68 
-1.11786  1.62172  0.16068 B   69 
-0.91234  1.48217  0.10132 T   69 
-1.31561  1.70222 -0.06274 B   70 
-1.23322  1.89965 -0.06237 P   70 
-1.51836  1.45095 -0.16793 B   71 
-1.48153  1.21801  0.01592 B   72 
-1.31364  1.27382  0.17456 S   72 
-1.52443  0.85028  0.10898 B   73 
-1.75834  0.78221 -0.15241 R   73 
-1.40848  0.62922  0.30612 B   74 
-1.34321  0.68729  0.57131 N   74 
-1.40496  0.30588  0.22594 B   75 
-1.47755  0.36344 -0.08420 L   75 
-1.22672  0.20000  0.48600 B   76 
-0.99409  0.12701  0.29351 X   76 
-1.32317  0.33300  0.73691 B   77 
-1.57350  0.31737  0.84429 N   77 
-1.07724  0.55820  0.80565 B   78 
-0.92187  0.31571  0.86687 I   78 
-0.84002  0.71599  0.94494 B   79 
-0.92053  0.71345  1.13779 P   79 
-0.55622  0.80680  0.79307 B   80 
-0.66991  0.96548  0.54474 X   80 
-0.37569  0.77107  1.05195 B   81 
-0.49002  0.91185  1.20872 S   81 
-0.39806  0.45837  1.06556 B   82 
-0.60023  0.42045  1.11033 A   82 
-0.19447  0.44159  0.80850 B   83 
-0.42667  0.41895  0.57894 L   83 
 0.06569  0.52298  1.02090 B   84 
 0.02202  0.81473  0.87518 L   84 
 0.10462  0.29083  1.17487 B   85 
-0.04445  0.20131  1.36701 S   85 
 0.29723  0.02022  1.28216 B   86 
 0.38115  0.07050  1.50077 S   86 
 0.02584 -0.11178  1.22943 B   87 
-0.13815 -0.29884  1.38297 D   87 
-0.06905 -0.25539  0.91260 B   88 
 0.15886 -0.34292  0.80269 I   88 
-0.36253 -0.35500  0.91954 B   89 
-0.39643 -0.49444  1.14288 T   89 
-0.51172 -0.11502  0.78953 B   90 
-0.52641  0.03685  0.94433 A   90 
-0.35850 -0.10729  0.51818 B   91 
-0.15850  0.07098  0.57769 S   91 
-0.41917 -0.39483  0.43207 B   92 
-0.25056 -0.56843  0.53282 V   92 
-0.72600 -0.39071  0.43395 B   93 
-0.77667 -0.52248  0.73933 N   93 
-0.73456 -0.15627  0.23279 B   94 
-0.75801  0.12316  0.28338 X   94 
-0.56768 -0.27982  0.00401 B   95 
-0.36269 -0.27287  0.06940 A   95 
-0.75902 -0.51567 -0.05239 B   96 
-0.64128 -0.82586  0.27445 K   96 
-0.97938 -0.32363 -0.16046 B   97 
-1.21120 -0.21741  0.12818 K   97 
-0.82078 -0.18337 -0.38514 B   98 
-0.66723  0.05100 -0.25218 I   98 
-0.73388 -0.44051 -0.55629 B   99 
-0.56017 -0.57407 -0.48014 V   99 
-1.05868 -0.51608 -0.58497 B   100 
-1.03218 -0.67794 -0.38021 S   100 
-1.16934 -0.26501 -0.76891 B   101 
-1.19610  0.00193 -0.69529 D   101 
-1.03070 -0.35490 -1.09318 B   102 
-0.70952 -0.24733 -1.14330 B   103 
-0.85755  0.01209 -1.27004 N   103 
-0.56402 -0.34809 -0.92950 B   104 
-0.22790 -0.24644 -0.88817 B   105 
-0.01898 -0.49400 -0.66712 M   105 
-0.27074  0.01540 -1.06984 B   106 
-0.26742 -0.17027 -1.34349 N   106 
-0.34394  0.19966 -0.82617 B   107 
-0.50977  0.10327 -0.74281 A   107 
-0.02744  0.19087 -0.81135 B   108 
-0.17772  0.00345 -0.41069 W   108 
 0.18604  0.39214 -0.96633 B   109 
 0.08923  0.62645 -1.00215 V   109 
 0.45631  0.26683 -0.87029 B   110 
 0.50074  0.36182 -0.68324 A   110 
 0.39425 -0.01810 -0.95810 B   111 
 0.19301 -0.35128 -0.96772 W   111 
 0.33971  0.03228 -1.25914 B   112 
 0.06281  0.29977 -1.43263 R   112 
 0.61995  0.20462 -1.31267 B   113 
 0.44930  0.47080 -1.38565 N   113 
 0.82286 -0.01209 -1.11636 B   114 
 1.01922  0.39335 -0.89402 R   114 
 0.69111 -0.32440 -1.10220 B   115 
 0.67630 -0.22727 -0.79899 X   115 
 0.55928 -0.38777 -1.34894 B   116 
 0.14665 -0.34731 -1.51074 K   116 
 0.71967 -0.64889 -1.52879 B   117 
 0.89974 -0.73314 -1.30638 B   118 
 0.97845 -0.49860 -1.22774 T   118 
 1.11604 -0.88645 -1.06859 B   119 
 1.27259 -1.12615 -1.08395 D   119 
 0.94415 -0.91269 -0.77498 B   120 
 0.72449 -0.83167 -0.86247 V   120 
 1.09027 -1.14759 -0.62820 B   121 
 0.98717 -1.47141 -0.86914 Q   121 
 1.33787 -0.97584 -0.53759 B   122 
 1.42742 -0.91757 -0.71517 A   122 
 1.17822 -0.85556 -0.27916 B   123 
 1.17145 -0.46976 -0.46527 W   123 
 1.20964 -1.16321 -0.12410 B   124 
 0.95009 -1.22341 -0.15986 I   124 
 1.48608 -1.21245 -0.10414 B   125 
 1.52185 -1.30440 -0.61271 R   125 
 1.61573 -1.37228  0.18439 B   126 
 1.34352 -1.44329  0.29475 B   127 
 1.26571 -1.13076  0.26925 X   127 
 1.16452 -1.59159  0.57574 B   128 
 1.22914 -1.98731  0.63660 R   128 
 0.87806 -1.79425  0.43821 B   129 
 0.83884 -1.55118  0.35533 L   129 
