246 
 0.23733  0.88342  0.97476 B   1 
-0.14913  0.92163  1.13422 K   1 
 0.19103  0.65008  1.24268 B   2 
 0.43493  0.57240  1.28329 V   2 
 0.01297  0.38286  1.25045 B   3 
-0.26340  0.55430  0.96385 F   3 
-0.19705  0.18325  1.37720 B   4 
-0.33040 -0.10390  1.32700 B   5 
-0.30163 -0.50708  1.48893 R   5 
-0.63659 -0.04988  1.39920 B   6 
-0.67427 -0.25996  1.62902 X   6 
-0.63140  0.22726  1.25857 B   7 
-0.45338  0.55321  1.37887 E   7 
-0.57247  0.13335  0.96972 B   8 
-0.30254  0.12420  0.82426 L   8 
-0.80010 -0.06781  0.93566 B   9 
-0.74921 -0.23954  1.05846 A   9 
-1.02419  0.13833  0.96343 B   10 
-1.03282  0.19022  1.17571 A   10 
-0.94223  0.31785  0.72427 B   11 
-0.78630  0.44905  0.79793 A   11 
-0.93569  0.09623  0.50793 B   12 
-0.53205 -0.05093  0.51158 M   12 
-1.22954  0.02555  0.54130 B   13 
-1.43884 -0.23783  0.81522 K   13 
-1.36742  0.29257  0.48858 B   14 
-1.25498  0.70627  0.63958 R   14 
-1.21497  0.29278  0.19609 B   15 
-1.00629  0.60219  0.30705 H   15 
-1.28349 -0.02280  0.09029 B   16 
-1.05489 -0.26851  0.12307 B   17 
-0.79248 -0.08363  0.07610 L   17 
-1.23529 -0.47463  0.22068 B   18 
-1.29465 -0.61279  0.48851 D   18 
-1.23939 -0.71353 -0.02153 B   19 
-1.40662 -0.84817  0.21833 N   19 
-1.07426 -0.60011 -0.23066 B   20 
-1.07876 -0.22695 -0.46718 Y   20 
-1.05153 -0.80452 -0.48448 B   21 
-1.09165 -0.53225 -0.87153 R   21 
-1.05711 -1.03754 -0.23633 B   22 
-0.90373 -0.87436 -0.00210 B   23 
-0.57027 -0.98485 -0.31499 Y   23 
-0.86617 -0.88849  0.29884 B   24 
-0.88569 -1.08916  0.41820 S   24 
-0.78289 -0.66789  0.53513 B   25 
-0.95550 -0.45432  0.68727 L   25 
-0.53035 -0.82540  0.64561 B   26 
-0.35880 -0.79309  0.39027 B   27 
-0.47159 -1.07004  0.23380 N   27 
-0.32900 -0.48652  0.39334 B   28 
-0.57387 -0.42338  0.02581 W   28 
-0.20440 -0.46405  0.67383 B   29 
-0.38256 -0.43736  0.86125 V   29 
 0.03146 -0.65146  0.62149 B   30 
 0.06277 -0.92705  0.62829 X   30 
 0.15874 -0.48895  0.39425 B   31 
 0.03685 -0.52770  0.21680 A   31 
 0.20025 -0.22012  0.54167 B   32 
 0.00796 -0.12395  0.55131 A   32 
 0.38446 -0.33542  0.75798 B   33 
 0.43194 -0.45095  1.07548 K   33 
 0.61812 -0.45111  0.54477 B   34 
 0.55877 -0.80725  0.74139 F   34 
 0.65296 -0.18279  0.37377 B   35 
 0.54068 -0.32431  0.07170 E   35 
 0.62337  0.06805  0.62439 B   36 
 0.45117  0.16810  0.52708 S   36 
 0.52789  0.02813  0.91898 B   37 
 0.72076 -0.07022  1.10713 N   37 
 0.28469  0.24435  0.90827 B   38 
 0.11641 -0.10021  1.06236 F   38 
 0.44507  0.47052  0.72777 B   39 
 0.66341  0.62732  0.86236 N   39 
 0.36382  0.74040  0.52581 B   40 
 0.15977  0.83270  0.63529 T   40 
 0.68298  0.85102  0.49617 B   41 
 0.66192  1.17451  0.72918 Q   41 
 0.78688  0.62062  0.34174 B   42 
 0.78355  0.44716  0.46255 A   42 
 1.10496  0.58181  0.16662 B   43 
 1.08450  0.81987  0.11365 T   43 
 1.23897  0.39958 -0.13199 B   44 
 1.21454  0.22010  0.15288 N   44 
 1.50275  0.32277 -0.30938 B   45 
 1.66502  0.71833 -0.58187 R   45 
 1.55972  0.20164 -0.62885 B   46 
 1.23746  0.10022 -0.57236 N   46 
 1.76510  0.05705 -0.85389 B   47 
 1.86590 -0.17075 -0.78527 T   47 
 1.59319  0.20076 -1.10198 B   48 
 1.34683  0.10390 -1.08573 D   48 
 1.54090  0.50417 -0.95152 B   49 
 1.30967  0.47419 -0.81087 B   50 
 1.14336  0.32109 -0.90734 S   50 
 1.02501  0.51850 -0.56867 B   51 
 1.20092  0.69115 -0.45306 T   51 
 0.88620  0.44435 -0.26456 B   52 
 0.87450  0.11564 -0.36323 D   52 
 0.55345  0.52976 -0.12797 B   53 
 0.80940  0.87016 -0.35012 Y   53 
 0.43716  0.49766  0.17098 B   54 
 0.23237  0.25770  0.32882 B   55 
 0.03471  0.32577  0.50267 I   55 
 0.24801  0.09586  0.01675 B   56 
-0.05057 -0.00484  0.08020 L   56 
 0.48722  0.14391 -0.16458 B   57 
 0.74712  0.16856  0.06192 Q   57 
 0.44960  0.33553 -0.40762 B   58 
 0.14034  0.34656 -0.42531 I   58 
 0.56593  0.35634 -0.73066 B   59 
 0.79550  0.19382 -0.84771 N   59 
 0.72547  0.59765 -0.95708 B   60 
 0.90584  0.68110 -0.84291 S   60 
 0.71879  0.44007 -1.24217 B   61 
 1.11005  0.30299 -1.35501 R   61 
 0.37684  0.40980 -1.23708 B   62 
 0.53912  0.02980 -1.42975 W   62 
 0.19373  0.58987 -1.00864 B   63 
 0.09092  0.16393 -1.01252 W   63 
 0.39428  0.83844 -0.94618 B   64 
 0.40600  0.81588 -0.68730 X   64 
 0.52662  1.17290 -0.91281 B   65 
 0.58943  1.33987 -1.15029 N   65 
 0.88572  1.29215 -0.83931 B   66 
 0.99118  1.04767 -0.79716 D   66 
 1.07932  1.41828 -1.07794 B   67 
 1.31237  1.14031 -1.07979 B   68 
 1.45620  1.09209 -0.63087 R   68 
 1.16257  0.92751 -1.30136 B   69 
 1.10363  0.77904 -1.10207 T   69 
 1.23723  0.79610 -1.57092 B   70 
 1.44350  0.83773 -1.53229 P   70 
 0.97318  0.67106 -1.74398 B   71 
 0.72203  0.75818 -1.60703 B   72 
 0.78169  0.87994 -1.41188 S   72 
 0.34554  0.73955 -1.54674 B   73 
 0.28122  0.53587 -1.83319 R   73 
 0.12398  0.82312 -1.33438 B   74 
 0.13171  1.06859 -1.20156 N   74 
-0.15647  0.64789 -1.29393 B   75 
-0.04773  0.39900 -1.46998 L   75 
-0.26898  0.80982 -1.02610 B   76 
-0.22629  0.55323 -0.85629 X   76 
-0.23254  1.10527 -1.06255 B   77 
-0.34193  1.26046 -1.25848 N   77 
 0.02795  1.17812 -0.85578 B   78 
-0.16977  1.12057 -0.64536 I   78 
 0.20625  1.29686 -0.62193 B   79 
 0.13503  1.49287 -0.63567 P   79 
 0.40557  1.11603 -0.42338 B   80 
 0.58212  0.96547 -0.63770 X   80 
 0.35925  1.29817 -0.16732 B   81 
 0.42081  1.51402 -0.25147 S   81 
 0.05885  1.21871 -0.12352 B   82 
-0.04287  1.29766 -0.29006 A   82 
 0.16151  0.92751 -0.01183 B   83 
 0.13221  0.76679 -0.29545 L   83 
 0.25731  1.08391  0.28104 B   84 
 0.55205  1.05180  0.13839 L   84 
 0.01471  1.14333  0.41040 B   85 
-0.15612  1.32843  0.34949 S   85 
-0.21010  1.11016  0.67535 B   86 
-0.19322  1.30586  0.81236 S   86 
-0.39477  1.08730  0.43197 B   87 
-0.65111  1.21022  0.36387 D   87 
-0.47772  0.77504  0.27189 B   88 
-0.46985  0.59089  0.46608 I   88 
-0.65277  0.82248  0.02049 B   89 
-0.84595  0.99235  0.08606 T   89 
-0.43902  0.81458 -0.20534 B   90 
-0.33926  1.00761 -0.19963 A   90 
-0.32395  0.53027 -0.14968 B   91 
-0.11751  0.59132  0.02054 S   91 
-0.58730  0.37654 -0.17769 B   92 
-0.72688  0.37349  0.04419 V   92 
-0.66830  0.45493 -0.46310 B   93 
-0.87882  0.70663 -0.38881 N   93 
-0.40378  0.34545 -0.57950 B   94 
-0.16250  0.48473 -0.63928 X   94 
-0.41742  0.05596 -0.47245 B   95 
-0.37043  0.06778 -0.26269 A   95 
-0.67580 -0.02230 -0.62254 B   96 
-1.01123  0.15210 -0.35055 K   96 
-0.53153 -0.00751 -0.89838 B   97 
-0.56638  0.34748 -1.04363 K   97 
-0.30299 -0.20900 -0.84862 B   98 
-0.07492 -0.05165 -0.70931 I   98 
-0.47687 -0.46759 -0.77204 B   99 
-0.57183 -0.48199 -0.56087 V   99 
-0.62955 -0.43765 -1.06839 B   100 
-0.82248 -0.30666 -0.94818 S   100 
-0.38182 -0.50107 -1.27749 B   101 
-0.15864 -0.34372 -1.33070 D   101 
-0.34876 -0.86078 -1.23319 B   102 
-0.14821 -0.95218 -0.97114 B   103 
 0.08315 -0.95130 -1.19861 N   103 
-0.25376 -0.82308 -0.74927 B   104 
-0.07677 -0.83605 -0.44345 B   105 
-0.30322 -0.76163 -0.13203 M   105 
 0.19909 -0.91068 -0.59087 B   106 
 0.09355 -1.22054 -0.63797 N   106 
 0.29136 -0.61161 -0.61787 B   107 
 0.13588 -0.52439 -0.72722 A   107 
 0.36662 -0.67851 -0.31731 B   108 
 0.05385 -0.33223 -0.29494 W   108 
 0.65014 -0.81050 -0.20640 B   109 
 0.85021 -0.74656 -0.35284 V   109 
 0.58459 -0.82779  0.09917 B   110 
 0.63988 -0.63741  0.18094 A   110 
 0.32370 -0.98193  0.06884 B   111 
-0.03931 -1.04515 -0.05698 W   111 
 0.42851 -1.22916 -0.08619 B   112 
 0.64328 -1.23701 -0.44969 R   112 
 0.67889 -1.29344  0.12424 B   113 
 0.89731 -1.23555 -0.10865 N   113 
 0.48549 -1.23063  0.41635 B   114 
 0.86285 -0.94845  0.59055 R   114 
 0.15525 -1.28259  0.35857 B   115 
 0.16809 -0.97037  0.42136 X   115 
 0.11982 -1.49643  0.17070 B   116 
 0.08321 -1.53096 -0.27150 K   116 
-0.03545 -1.78229  0.31363 B   117 
-0.11821 -1.64864  0.56716 B   118 
 0.10260 -1.52270  0.61980 T   118 
-0.25900 -1.53129  0.87252 B   119 
-0.43525 -1.65855  1.05943 D   119 
-0.40181 -1.22774  0.81007 B   120 
-0.36563 -1.22883  0.56278 V   120 
-0.61575 -1.20211  1.03734 B   121 
-0.88701 -1.49885  0.92823 Q   121 
-0.40982 -1.12625  1.26285 B   122 
-0.28795 -1.29309  1.27903 A   122 
-0.40442 -0.81234  1.17246 B   123 
-0.00223 -0.86127  1.03327 W   123 
-0.71959 -0.77360  1.30974 B   124 
-0.83831 -0.76141  1.06885 I   124 
-0.69423 -0.83854  1.58246 B   125 
-0.64673 -1.34280  1.47362 R   125 
-0.87720 -0.65536  1.82449 B   126 
-1.04486 -0.50932  1.61984 B   127 
-0.76929 -0.41621  1.47922 X   127 
-1.30013 -0.25363  1.57037 B   128 
-1.66530 -0.33697  1.72588 R   128 
-1.53414 -0.37264  1.29996 B   129 
-1.29869 -0.36334  1.19057 L   129 
