246 
 0.65968  0.24748  1.13600 B   1 
 0.82144 -0.13265  1.21068 K   1 
 0.98620  0.22188  0.99072 B   2 
 1.03464  0.47007  0.93392 V   2 
 1.08129  0.05441  0.73365 B   3 
 0.77230 -0.24064  0.80702 F   3 
 1.27191 -0.14217  0.57544 B   4 
 1.31508 -0.26685  0.28328 B   5 
 1.58604 -0.21591 -0.05374 R   5 
 1.38460 -0.57132  0.34923 B   6 
 1.66748 -0.59088  0.21518 X   6 
 1.16902 -0.58272  0.57285 B   7 
 1.17905 -0.41176  0.92367 E   7 
 0.91753 -0.53326  0.39954 B   8 
 0.76687 -0.26992  0.35412 L   8 
 0.95602 -0.75454  0.19218 B   9 
 1.12075 -0.69187  0.06532 A   9 
 0.93424 -0.98469  0.39229 B   10 
 1.12221 -0.98577  0.50406 A   10 
 0.64902 -0.92020  0.49538 B   11 
 0.67263 -0.76613  0.64592 A   11 
 0.50691 -0.91506  0.22018 B   12 
 0.53182 -0.50646  0.08971 M   12 
 0.57516 -1.20430  0.15583 B   13 
 0.92491 -1.39124 -0.02006 K   13 
 0.45412 -1.35423  0.39239 B   14 
 0.47131 -1.25066  0.83462 R   14 
 0.16663 -1.21508  0.31006 B   15 
 0.17094 -1.01332  0.64302 H   15 
 0.16156 -1.27645 -0.02414 B   16 
 0.25248 -1.03764 -0.24416 B   17 
 0.13953 -0.78464 -0.07539 L   17 
 0.41559 -1.20571 -0.41649 B   18 
 0.71489 -1.24790 -0.47113 D   18 
 0.25441 -1.21170 -0.71605 B   19 
 0.53174 -1.36295 -0.77797 N   19 
 0.01273 -1.06039 -0.66542 B   20 
-0.32197 -1.08931 -0.37845 Y   20 
-0.17106 -1.04140 -0.93484 B   21 
-0.61809 -1.10883 -0.78931 R   21 
 0.13430 -1.02724 -1.08469 B   22 
 0.30202 -0.86976 -0.85647 B   23 
 0.01774 -0.54669 -1.04651 Y   23 
 0.59147 -0.81832 -0.78068 B   24 
 0.76517 -0.82502 -0.93780 S   24 
 0.74813 -0.73287 -0.49857 B   25 
 0.84018 -0.90636 -0.25365 L   25 
 0.88615 -0.46997 -0.61092 B   26 
 0.62373 -0.31129 -0.65123 B   27 
 0.56135 -0.42055 -0.96440 N   27 
 0.53542 -0.29281 -0.35671 B   28 
 0.17915 -0.55600 -0.40990 W   28 
 0.79000 -0.15676 -0.25000 B   29 
 0.97068 -0.32727 -0.17342 V   29 
 0.78220  0.08335 -0.43916 B   30 
 0.86761  0.12516 -0.69980 X   30 
 0.51090  0.19424 -0.34778 B   31 
 0.35932  0.06609 -0.43971 A   31 
 0.57083  0.23223 -0.04664 B   32 
 0.56221  0.03712  0.04377 A   32 
 0.80122  0.43007 -0.08910 B   33 
 1.13561  0.49592 -0.10511 K   33 
 0.61898  0.65814 -0.25705 B   34 
 0.91401  0.62091 -0.54092 F   34 
 0.37538  0.67532 -0.05012 B   35 
 0.13436  0.55503 -0.27666 E   35 
 0.54291  0.64760  0.26257 B   36 
 0.42995  0.46764  0.32569 S   36 
 0.84096  0.56690  0.30885 B   37 
 1.03905  0.77149  0.27451 N   37 
 0.78053  0.31558  0.50684 B   38 
 1.03741  0.16728  0.21909 F   38 
 0.53348  0.45924  0.67353 B   39 
 0.60445  0.67736  0.86783 N   39 
 0.26608  0.35907  0.87022 B   40 
 0.35454  0.15682  0.98601 T   40 
 0.18835  0.67226  0.97441 B   41 
 0.31736  0.64958  1.35153 Q   41 
 0.10271  0.77768  0.71119 B   42 
 0.26896  0.78619  0.58088 A   42 
-0.07017  1.08887  0.62980 B   43 
-0.18925  1.05722  0.84125 T   43 
-0.30917  1.21612  0.37092 B   44 
 0.01662  1.21111  0.28259 N   44 
-0.47019  1.47442  0.25133 B   45 
-0.85471  1.60955  0.55288 R   45 
-0.74285  1.52157  0.04297 B   46 
-0.64201  1.20614 -0.04459 N   46 
-0.92643  1.72196 -0.15672 B   47 
-0.79970  1.83412 -0.35195 T   47 
-1.19613  1.53394 -0.09617 B   48 
-1.13910  1.29232 -0.18950 D   48 
-1.13839  1.47714  0.23680 B   49 
-0.98295  1.25368  0.24428 B   50 
-1.02139  1.08905  0.06589 S   50 
-0.74942  0.97865  0.35140 B   51 
-0.69894  1.15299  0.55432 T   51 
-0.42996  0.85638  0.36680 B   52 
-0.42742  0.85253  0.02343 D   52 
-0.30670  0.52710  0.48107 B   53 
-0.63205  0.76005  0.74682 Y   53 
-0.00566  0.42552  0.53564 B   54 
 0.22617  0.23704  0.34812 B   55 
 0.38283  0.04492  0.45981 I   55 
-0.02531  0.24477  0.10211 B   56 
 0.08070 -0.04673  0.01781 L   56 
-0.22530  0.47371  0.10011 B   57 
-0.03014  0.74235  0.19609 Q   57 
-0.51137  0.41819  0.21094 B   58 
-0.51493  0.10825  0.20932 I   58 
-0.83211  0.51916  0.13850 B   59 
-0.90863  0.74917 -0.04603 N   59 
-1.12740  0.65936  0.30614 B   60 
-1.05244  0.84141  0.42350 S   60 
-1.35316  0.64586  0.07163 B   61 
-1.44176  1.03653 -0.08373 R   61 
-1.32115  0.30583  0.03649 B   62 
-1.40268  0.47340 -0.37959 W   62 
-1.14590  0.12650  0.27159 B   63 
-1.01955  0.03956 -0.13889 W   63 
-1.16967  0.32026  0.53199 B   64 
-0.91652  0.34433  0.58677 X   64 
-1.24269  0.44141  0.86437 B   65 
-1.52162  0.48731  0.95554 N   65 
-1.22659  0.79874  1.00801 B   66 
-1.12051  0.91500  0.78914 D   66 
-1.50168  0.97669  1.06275 B   67 
-1.43464  1.21960  0.80184 B   68 
-0.99961  1.38499  0.89093 R   68 
-1.57596  1.06811  0.53000 B   69 
-1.33910  1.02368  0.44537 T   69 
-1.79890  1.13553  0.32689 B   70 
-1.78523  1.34161  0.38266 P   70 
-1.91344  0.86886  0.15060 B   71 
-1.79472  0.62099  0.26844 B   72 
-1.64719  0.68471  0.44348 S   72 
-1.71156  0.24852  0.25988 B   73 
-1.92206  0.17912 -0.02039 R   73 
-1.52137  0.03369  0.39717 B   74 
-1.46675  0.03818  0.67094 N   74 
-1.41652 -0.23797  0.23530 B   75 
-1.51765 -0.12799 -0.05183 L   75 
-1.20212 -0.34439  0.46621 B   76 
-0.96724 -0.28465  0.27189 X   76 
-1.32526 -0.32063  0.73865 B   77 
-1.55186 -0.44434  0.82690 N   77 
-1.16307 -0.05407  0.87489 B   78 
-0.93475 -0.23995  0.87730 I   78 
-0.98406  0.12992  1.06110 B   79 
-1.05068  0.05091  1.24275 P   79 
-0.75227  0.34449  0.95114 B   80 
-0.92234  0.51679  0.74826 X   80 
-0.55856  0.30288  1.19941 B   81 
-0.70532  0.35255  1.38232 S   81 
-0.47744  0.00789  1.12959 B   82 
-0.65409 -0.10401  1.15379 A   82 
-0.29114  0.12619  0.88646 B   83 
-0.51338  0.09029  0.64886 L   83 
-0.06237  0.22906  1.12414 B   84 
-0.20496  0.51814  1.05817 L   84 
 0.05675 -0.00958  1.21348 B   85 
-0.04639 -0.18973  1.36861 S   85 
 0.33145 -0.22098  1.25459 B   86 
 0.40415 -0.20530  1.48225 S   86 
 0.11565 -0.41533  1.15706 B   87 
 0.02840 -0.67884  1.24874 D   87 
 0.05854 -0.49364  0.80977 B   88 
 0.29738 -0.47029  0.69104 I   88 
-0.18600 -0.68137  0.77727 B   89 
-0.16273 -0.87762  0.95451 T   89 
-0.41075 -0.47774  0.70816 B   90 
-0.46708 -0.38508  0.89653 A   90 
-0.28064 -0.34981  0.45543 B   91 
-0.14700 -0.13841  0.56844 S   91 
-0.24833 -0.60824  0.29437 B   92 
-0.02812 -0.73758  0.35352 V   92 
-0.53943 -0.70474  0.28358 B   93 
-0.53082 -0.92096  0.54118 N   93 
-0.63271 -0.44178  0.15070 B   94 
-0.74343 -0.20875  0.27165 X   94 
-0.44512 -0.43985 -0.09477 B   95 
-0.25082 -0.38403 -0.02078 A   95 
-0.55171 -0.70157 -0.21948 B   96 
-0.32507 -1.03080  0.01956 K   96 
-0.82713 -0.57039 -0.28317 B   97 
-1.06775 -0.62486  0.01257 K   97 
-0.73293 -0.33251 -0.45594 B   98 
-0.65813 -0.10447 -0.25951 I   98 
-0.57490 -0.49306 -0.68445 B   99 
-0.36399 -0.57791 -0.63828 V   99 
-0.85843 -0.65980 -0.74638 B   100 
-0.77164 -0.85192 -0.59022 S   100 
-1.05280 -0.41944 -0.86285 B   101 
-1.16155 -0.20486 -0.72312 D   101 
-0.90709 -0.37108 -1.19282 B   102 
-0.64089 -0.15579 -1.19863 B   103 
-0.87072  0.06501 -1.25943 N   103 
-0.46115 -0.25608 -1.01243 B   104 
-0.17483 -0.06529 -0.93096 B   105 
 0.11286 -0.28024 -0.77342 M   105 
-0.30853  0.20632 -1.03939 B   106 
-0.25726  0.11039 -1.35170 N   106 
-0.42669  0.28610 -0.75947 B   107 
-0.54829  0.12277 -0.71176 A   107 
-0.12419  0.37712 -0.73337 B   108 
-0.18734  0.05298 -0.40294 W   108 
 0.00513  0.67001 -0.82051 B   109 
-0.16409  0.86084 -0.79796 V   109 
 0.30545  0.61883 -0.74871 B   110 
 0.32490  0.67058 -0.54151 A   110 
 0.33553  0.36277 -0.91079 B   111 
 0.25331 -0.00288 -1.01634 W   111 
 0.25418  0.46970 -1.19023 B   112 
-0.10208  0.66820 -1.29974 R   112 
 0.46050  0.73142 -1.18418 B   113 
 0.20952  0.93694 -1.19239 N   113 
 0.73139  0.54902 -1.04267 B   114 
 0.79501  0.92300 -0.71333 R   114 
 0.70908  0.21870 -1.11673 B   115 
 0.67706  0.22269 -0.79963 X   115 
 0.59413  0.18292 -1.37708 B   116 
 0.18397  0.12795 -1.54086 K   116 
 0.82249  0.04491 -1.61173 B   117 
 1.02991 -0.03138 -1.41137 B   118 
 1.03153  0.18671 -1.27058 T   118 
 1.29470 -0.16269 -1.21266 B   119 
 1.51980 -0.32558 -1.28329 D   119 
 1.15395 -0.31935 -0.94415 B   120 
 0.91622 -0.29420 -1.01706 V   120 
 1.37490 -0.52375 -0.85769 B   121 
 1.37201 -0.78837 -1.17942 Q   121 
 1.55701 -0.31095 -0.71429 B   122 
 1.61473 -0.18235 -0.86621 A   122 
 1.37863 -0.32127 -0.44076 B   123 
 1.23852  0.07586 -0.51938 W   123 
 1.51524 -0.63123 -0.37049 B   124 
 1.28803 -0.76093 -0.43231 I   124 
 1.79327 -0.59134 -0.35183 B   125 
 1.83425 -0.53001 -0.86460 R   125 
 1.98059 -0.77004 -0.10977 B   126 
 1.75146 -0.95197 -0.03413 B   127 
 1.57522 -0.68659  0.01971 X   127 
 1.64312 -1.21853  0.18991 B   128 
 1.83551 -1.57305  0.14776 R   128 
 1.43226 -1.45976 -0.00855 B   129 
 1.31249 -1.22993 -0.02652 L   129 
