246 
 0.08948  1.33331  0.03462 B   1 
-0.19613  1.43314 -0.25641 K   1 
-0.23030  1.38381  0.18813 B   2 
-0.16387  1.39448  0.43841 V   2 
-0.49250  1.19864  0.17630 B   3 
-0.37855  1.05607 -0.21690 F   3 
-0.80159  1.14339  0.13856 B   4 
-1.01698  0.90667  0.15685 B   5 
-1.33393  0.77732  0.42594 R   5 
-1.19773  0.95956 -0.10085 B   6 
-1.47678  0.99682  0.03740 X   6 
-0.94889  1.02910 -0.27364 B   7 
-0.72634  1.34927 -0.25453 E   7 
-0.80382  0.75611 -0.26080 B   8 
-0.57413  0.67154 -0.07588 L   8 
-1.03022  0.57513 -0.35790 B   9 
-1.17495  0.56570 -0.19627 A   9 
-1.04922  0.70063 -0.63606 B   10 
-1.14663  0.89448 -0.60854 A   10 
-0.75815  0.64210 -0.72547 B   11 
-0.63621  0.80028 -0.64140 A   11 
-0.76011  0.33701 -0.67188 B   12 
-0.62426  0.29437 -0.26652 M   12 
-0.98531  0.28249 -0.86878 B   13 
-1.41731  0.29903 -0.83259 K   13 
-0.87337  0.39557 -1.12911 B   14 
-0.65324  0.78712 -1.19857 R   14 
-0.61824  0.19080 -1.08706 B   15 
-0.38295  0.49699 -1.03724 H   15 
-0.78199 -0.09866 -1.01724 B   16 
-0.81912 -0.20259 -0.69861 B   17 
-0.53588 -0.08961 -0.58789 L   17 
-1.09861 -0.28068 -0.71708 B   18 
-1.36922 -0.17130 -0.62142 D   18 
-1.10172 -0.61776 -0.67101 B   19 
-1.41417 -0.54034 -0.67364 N   19 
-0.82087 -0.68548 -0.65089 B   20 
-0.46482 -0.62921 -0.90638 Y   20 
-0.78183 -1.00630 -0.60317 B   21 
-0.41796 -1.13321 -0.88074 R   21 
-1.06721 -0.96582 -0.42200 B   22 
-1.02106 -0.66516 -0.31025 B   23 
-0.71869 -0.93427 -0.07055 Y   23 
-1.18334 -0.44013 -0.18695 B   24 
-1.38251 -0.47898 -0.06980 S   24 
-1.14347 -0.10976 -0.16059 B   25 
-1.20161  0.12147 -0.36483 L   25 
-1.16012 -0.09550  0.15612 B   26 
-0.89690 -0.24926  0.20853 B   27 
-1.03301 -0.55809  0.20848 N   27 
-0.70039 -0.04849  0.08219 B   28 
-0.58602 -0.31786 -0.25453 W   28 
-0.78055  0.19458  0.25306 B   29 
-0.97304  0.33325  0.14675 V   29 
-0.72962  0.06366  0.52464 B   30 
-0.87941 -0.10260  0.68864 X   30 
-0.43027  0.00882  0.48425 B   31 
-0.41811 -0.16569  0.35291 A   31 
-0.33348  0.29709  0.42719 B   32 
-0.38936  0.34265  0.22442 A   32 
-0.42473  0.41074  0.69696 B   33 
-0.65119  0.58513  0.88327 K   33 
-0.23904  0.20245  0.88556 B   34 
-0.59743  0.11895  1.06886 F   34 
 0.03876  0.24674  0.73286 B   35 
 0.06778 -0.08700  0.62489 E   35 
 0.02526  0.59381  0.65561 B   36 
 0.04503  0.56265  0.43706 S   36 
-0.22283  0.78173  0.68061 B   37 
-0.28285  0.88572  0.94110 N   37 
-0.22416  0.88201  0.37084 B   38 
-0.61175  0.76044  0.44686 F   38 
 0.10421  0.90724  0.33941 B   39 
 0.24072  1.13559  0.47937 N   39 
 0.33616  0.91505  0.08179 B   40 
 0.21341  1.03290 -0.10037 T   40 
 0.59699  1.00082  0.28078 B   41 
 0.64153  1.38166  0.16960 Q   41 
 0.60816  0.74897  0.43626 B   42 
 0.43331  0.73046  0.55365 A   42 
 0.86436  0.62866  0.66698 B   43 
 1.02479  0.73715  0.51735 T   43 
 1.00465  0.30105  0.78241 B   44 
 0.71914  0.40133  0.93204 N   44 
 1.20937  0.14839  0.98670 B   45 
 1.69263  0.21135  0.84688 R   45 
 1.35500 -0.16548  1.00271 B   46 
 1.08231 -0.22528  0.80424 N   46 
 1.51467 -0.40454  1.17902 B   47 
 1.39604 -0.48498  1.39401 T   47 
 1.64809 -0.52291  0.89628 B   48 
 1.44380 -0.60146  0.74648 D   48 
 1.71127 -0.22152  0.74594 B   49 
 1.48278 -0.16087  0.61079 B   50 
 1.35534 -0.35160  0.52255 S   50 
 1.20950  0.01808  0.42385 B   51 
 1.34277  0.23698  0.51573 T   51 
 0.91142  0.18634  0.43288 B   52 
 0.76744 -0.09926  0.55789 D   52 
 0.69703  0.30513  0.15612 B   53 
 1.17061  0.38260  0.13483 Y   53 
 0.43942  0.49888  0.16138 B   54 
 0.09126  0.44230  0.15672 B   55 
-0.07968  0.59461  0.01006 I   55 
 0.18543  0.10329  0.16102 B   56 
-0.07768  0.05206 -0.01637 L   56 
 0.45271  0.02404  0.28223 B   57 
 0.48069  0.24346  0.54781 Q   57 
 0.68650 -0.04401  0.08751 B   58 
 0.53078 -0.08736 -0.17697 I   58 
 0.95144 -0.26329  0.08103 B   59 
 1.05121 -0.42850  0.31675 N   59 
 1.31500 -0.26357  0.02838 B   60 
 1.39873 -0.10194  0.16765 S   60 
 1.38356 -0.58197  0.01990 B   61 
 1.58616 -0.70852  0.37704 R   61 
 1.17190 -0.63811 -0.24453 B   62 
 1.14920 -1.00725  0.02206 W   62 
 1.04371 -0.37124 -0.41915 B   63 
 0.73621 -0.65721 -0.29394 W   63 
 1.26659 -0.14168 -0.35968 B   64 
 1.10933  0.04283 -0.26538 X   64 
 1.51922  0.11215 -0.40699 B   65 
 1.79119  0.04465 -0.50545 N   65 
 1.74750  0.28684 -0.15018 B   66 
 1.63697  0.17614  0.06936 D   66 
 2.06891  0.20808 -0.12134 B   67 
 2.03528  0.05777  0.20707 B   68 
 1.82609  0.38666  0.47653 R   68 
 1.95436 -0.26436  0.12641 B   69 
 1.71770 -0.21376  0.20805 T   69 
 2.07478 -0.54457  0.17620 B   70 
 2.19207 -0.46406  0.33598 P   70 
 1.95394 -0.78754 -0.02794 B   71 
 1.78588 -0.65766 -0.23844 B   72 
 1.77791 -0.42431 -0.19426 S   72 
 1.52977 -0.66841 -0.52131 B   73 
 1.53964 -1.02402 -0.55471 R   73 
 1.33230 -0.47972 -0.68433 B   74 
 1.40489 -0.22147 -0.76173 N   74 
 1.04851 -0.59371 -0.81649 B   75 
 1.06398 -0.87323 -0.65402 L   75 
 0.92606 -0.29992 -0.91296 B   76 
 0.69915 -0.32841 -0.70273 X   76 
 1.14264 -0.13556 -1.03957 B   77 
 1.28743 -0.19940 -1.26183 N   77 
 1.21098  0.09951 -0.80294 B   78 
 0.94431  0.19985 -0.87712 I   78 
 1.24493  0.37460 -0.64886 B   79 
 1.32933  0.48023 -0.80823 P   79 
 1.13359  0.43486 -0.33930 B   80 
 1.26741  0.19674 -0.18066 X   80 
 1.06689  0.74042 -0.39474 B   81 
 1.27804  0.82078 -0.47488 S   81 
 0.82678  0.68749 -0.58972 B   82 
 0.91359  0.59853 -0.75961 A   82 
 0.64659  0.59981 -0.32961 B   83 
 0.69981  0.27784 -0.35469 L   83 
 0.62253  0.93403 -0.24514 B   84 
 0.85082  0.83996 -0.02769 L   84 
 0.44724  1.04154 -0.43707 B   85 
 0.49701  1.09237 -0.68625 S   85 
 0.14821  1.19573 -0.53007 B   86 
 0.19398  1.42664 -0.57412 S   86 
 0.17306  0.97355 -0.73953 B   87 
 0.14247  0.96918 -1.03023 D   87 
 0.03478  0.64307 -0.69862 B   88 
-0.18280  0.67506 -0.54591 I   88 
 0.11131  0.46061 -0.93726 B   89 
 0.06611  0.59557 -1.16134 T   89 
 0.35710  0.30884 -0.82191 B   90 
 0.52382  0.44778 -0.83386 A   90 
 0.22048  0.18428 -0.57093 B   91 
 0.27291  0.37753 -0.38325 S   91 
-0.00126  0.03380 -0.71912 B   92 
-0.20986  0.18445 -0.76924 V   92 
 0.16586 -0.14371 -0.90548 B   93 
 0.15439  0.04785 -1.18181 N   93 
 0.31618 -0.27054 -0.66711 B   94 
 0.56805 -0.19884 -0.55483 X   94 
 0.07483 -0.37454 -0.50468 B   95 
-0.01384 -0.20144 -0.41237 A   95 
-0.02848 -0.56957 -0.72080 B   96 
-0.27030 -0.29126 -1.00534 K   96 
 0.22105 -0.75335 -0.68795 B   97 
 0.49637 -0.64263 -0.93345 K   97 
 0.20024 -0.81623 -0.38642 B   98 
 0.33976 -0.58276 -0.23739 I   98 
-0.09450 -0.94292 -0.37954 B   99 
-0.27870 -0.80234 -0.39045 V   99 
 0.01027 -1.16813 -0.60390 B   100 
-0.08958 -1.01618 -0.79304 S   100 
 0.23240 -1.33838 -0.42844 B   101 
 0.48106 -1.25234 -0.33809 D   101 
 0.01194 -1.52931 -0.21073 B   102 
-0.08261 -1.36363  0.07362 B   103 
 0.17916 -1.50897  0.19861 N   103 
-0.19391 -1.12493 -0.01394 B   104 
-0.28057 -0.87882  0.22468 B   105 
-0.54375 -0.62099  0.09030 M   105 
-0.08524 -1.00580  0.44631 B   106 
-0.30035 -1.25128  0.49956 N   106 
 0.15915 -0.82528  0.36646 B   107 
 0.18764 -0.87179  0.16455 A   107 
-0.01315 -0.62960  0.54672 B   108 
 0.00455 -0.42972  0.12485 W   108 
 0.00235 -0.59511  0.87637 B   109 
 0.23694 -0.64230  0.96748 V   109 
-0.22203 -0.38085  0.91786 B   110 
-0.12589 -0.19088  0.89230 A   110 
-0.44128 -0.53307  0.77124 B   111 
-0.60814 -0.71250  0.46864 W   111 
-0.43923 -0.79597  0.93562 B   112 
-0.11285 -1.05260  1.01269 R   112 
-0.45991 -0.64648  1.23282 B   113 
-0.16844 -0.76127  1.31744 N   113 
-0.70033 -0.40683  1.12585 B   114 
-0.42382 -0.04959  1.34563 R   114 
-0.88177 -0.52330  0.86391 B   115 
-0.72609 -0.27541  0.73781 X   115 
-0.91908 -0.80674  0.88727 B   116 
-0.70302 -1.17033  0.74872 K   116 
-1.25815 -0.89795  0.94176 B   117 
-1.37244 -0.62950  0.87966 B   118 
-1.20522 -0.48296  1.01365 T   118 
-1.55888 -0.33879  0.79268 B   119 
-1.84123 -0.29814  0.76396 D   119 
-1.42239 -0.21049  0.50746 B   120 
-1.25915 -0.39548  0.46749 V   120 
-1.65861 -0.04637  0.38360 B   121 
-1.92238 -0.35056  0.27664 Q   121 
-1.62981  0.19840  0.57923 B   122 
-1.67010  0.11922  0.76647 A   122 
-1.38827  0.32965  0.40269 B   123 
-1.11202  0.24034  0.71770 W   123 
-1.62090  0.42140  0.16365 B   124 
-1.53993  0.23126 -0.00829 I   124 
-1.80371  0.59115  0.29405 B   125 
-2.01277  0.19326  0.55165 R   125 
-1.93787  0.87037  0.12187 B   126 
-1.82595  0.78713 -0.14620 B   127 
-1.53533  0.77192 -0.00587 X   127 
-1.78809  0.88148 -0.49642 B   128 
-2.13155  0.90358 -0.71095 R   128 
-1.83203  0.57169 -0.70652 B   129 
-1.63161  0.52225 -0.54880 L   129 
