246 
-0.26769  0.99531  0.85125 B   1 
-0.66765  0.90698  0.94326 K   1 
-0.28396  0.78653  1.14197 B   2 
-0.04097  0.80547  1.23011 V   2 
-0.35972  0.47517  1.16413 B   3 
-0.61636  0.50911  0.81642 F   3 
-0.51077  0.22610  1.28728 B   4 
-0.52737 -0.09308  1.26258 B   5 
-0.39677 -0.44248  1.48721 R   5 
-0.84172 -0.14597  1.27894 B   6 
-0.85047 -0.33354  1.53016 X   6 
-0.90279  0.10047  1.09963 B   7 
-0.87169  0.47813  1.19349 E   7 
-0.76079  0.00780  0.84083 B   8 
-0.48070  0.08267  0.74057 L   8 
-0.89631 -0.26378  0.80453 B   9 
-0.81554 -0.39381  0.95856 A   9 
-1.17752 -0.15000  0.76633 B   10 
-1.24415 -0.08539  0.96435 A   10 
-1.11587  0.02420  0.51733 B   11 
-1.03060  0.20873  0.59237 A   11 
-0.99331 -0.19922  0.34121 B   12 
-0.57257 -0.19099  0.42786 M   12 
-1.24682 -0.36712  0.34073 B   13 
-1.40437 -0.66166  0.61754 K   13 
-1.45341 -0.17328  0.22741 B   14 
-1.51822  0.26523  0.32791 R   14 
-1.25616 -0.14532 -0.03546 B   15 
-1.18944  0.22711  0.05641 H   15 
-1.19265 -0.47278 -0.10036 B   16 
-0.90575 -0.61615  0.00375 B   17 
-0.71697 -0.35467 -0.03136 L   17 
-1.02167 -0.86332  0.10387 B   18 
-1.08196 -0.98836  0.37788 D   18 
-0.89806 -1.10899 -0.09644 B   19 
-1.05351 -1.27197  0.13356 N   19 
-0.74339 -0.96365 -0.29347 B   20 
-0.82704 -0.64028 -0.58269 Y   20 
-0.60441 -1.16872 -0.50643 B   21 
-0.65772 -0.96567 -0.93244 R   21 
-0.57943 -1.36443 -0.22898 B   22 
-0.53845 -1.13636 -0.00244 B   23 
-0.13322 -1.14826 -0.24107 Y   23 
-0.55755 -1.10839  0.29927 B   24 
-0.53127 -1.29087  0.44388 S   24 
-0.60088 -0.85191  0.50848 B   25 
-0.86131 -0.70136  0.59830 L   25 
-0.33668 -0.89761  0.67846 B   26 
-0.13983 -0.82957  0.44978 B   27 
-0.12027 -1.14166  0.32280 N   27 
-0.21604 -0.53378  0.40995 B   28 
-0.39152 -0.59660  0.00463 W   28 
-0.16326 -0.44251  0.69907 B   29 
-0.37284 -0.46434  0.85133 V   29 
 0.12726 -0.53692  0.71216 B   30 
 0.24745 -0.78112  0.76599 X   30 
 0.23407 -0.36119  0.48420 B   31 
 0.16925 -0.45716  0.29863 A   31 
 0.15330 -0.08302  0.59293 B   32 
-0.05811 -0.06168  0.55874 A   32 
 0.31979 -0.10428  0.84954 B   33 
 0.34070 -0.16545  1.18454 K   33 
 0.61543 -0.14762  0.69412 B   34 
 0.64228 -0.48171  0.93219 F   34 
 0.59056  0.09846  0.49094 B   35 
 0.59335 -0.10100  0.20095 E   35 
 0.43026  0.34391  0.69259 B   36 
 0.25685  0.36623  0.55635 S   36 
 0.29846  0.29966  0.97216 B   37 
 0.47270  0.29467  1.19995 N   37 
 0.00373  0.41242  0.89196 B   38 
-0.06544  0.04615  1.07041 F   38 
 0.11056  0.66345  0.70481 B   39 
 0.23289  0.89972  0.84474 N   39 
-0.01581  0.86652  0.45377 B   40 
-0.25615  0.88922  0.51593 T   40 
 0.24687  1.08094  0.45552 B   41 
 0.07344  1.39533  0.63005 Q   41 
 0.45009  0.88993  0.35579 B   42 
 0.48186  0.73867  0.50003 A   42 
 0.79028  0.95176  0.23834 B   43 
 0.70168  1.16074  0.14684 T   43 
 1.03306  0.80305 -0.00513 B   44 
 1.01554  0.65371  0.29711 N   44 
 1.33643  0.80993 -0.12705 B   45 
 1.40592  1.21056 -0.42991 R   45 
 1.49172  0.68846 -0.41185 B   46 
 1.21787  0.48396 -0.38926 N   46 
 1.77332  0.60705 -0.57860 B   47 
 1.92947  0.43784 -0.46137 T   47 
 1.61479  0.65620 -0.86879 B   48 
 1.41717  0.47942 -0.87484 D   48 
 1.43536  0.93316 -0.77646 B   49 
 1.20503  0.83537 -0.66907 B   50 
 1.12198  0.62468 -0.76456 S   50 
 0.88075  0.79678 -0.48196 B   51 
 0.96235  1.03084 -0.36936 T   51 
 0.71867  0.70608 -0.19430 B   52 
 0.83757  0.38743 -0.24172 D   52 
 0.35678  0.67874 -0.12386 B   53 
 0.52137  1.06632 -0.35503 Y   53 
 0.20233  0.63471  0.15565 B   54 
 0.06361  0.35287  0.31616 B   55 
-0.17520  0.36126  0.44587 I   55 
 0.19306  0.17947  0.03869 B   56 
-0.06056 -0.01525  0.07151 L   56 
 0.43258  0.29317 -0.11002 B   57 
 0.61979  0.42999  0.14628 Q   57 
 0.38071  0.43540 -0.38257 B   58 
 0.09545  0.33321 -0.44782 I   58 
 0.54369  0.46675 -0.68386 B   59 
 0.83262  0.38727 -0.73875 N   59 
 0.65357  0.72732 -0.91834 B   60 
 0.76955  0.87997 -0.79271 S   60 
 0.75578  0.55236 -1.17346 B   61 
 1.18435  0.55483 -1.20397 R   61 
 0.44985  0.40217 -1.21499 B   62 
 0.76459  0.08958 -1.32026 W   62 
 0.17618  0.52484 -1.04706 B   63 
 0.22540  0.09191 -1.00054 W   63 
 0.26530  0.83338 -0.99439 B   64 
 0.23338  0.84038 -0.73632 X   64 
 0.26833  1.19459 -0.99358 B   65 
 0.31620  1.35042 -1.24186 N   65 
 0.54487  1.44081 -0.88645 B   66 
 0.71606  1.25532 -0.79180 D   66 
 0.72724  1.60544 -1.10999 B   67 
 1.03581  1.43053 -1.03405 B   68 
 1.09735  1.47848 -0.56666 R   68 
 1.01237  1.15880 -1.24004 B   69 
 0.96924  1.01804 -1.03132 T   69 
 1.17772  1.03872 -1.47186 B   70 
 1.34630  1.15484 -1.40969 P   70 
 1.01005  0.81204 -1.66110 B   71 
 0.72271  0.81556 -1.57838 B   72 
 0.69883  0.96798 -1.39764 S   72 
 0.37032  0.66889 -1.57296 B   73 
 0.43517  0.43030 -1.83093 R   73 
 0.09678  0.68665 -1.41160 B   74 
-0.00443  0.92967 -1.31859 N   74 
-0.11061  0.42707 -1.38704 B   75 
 0.10748  0.21863 -1.50432 L   75 
-0.32077  0.56179 -1.16728 B   76 
-0.22816  0.35428 -0.95547 X   76 
-0.37944  0.84599 -1.24299 B   77 
-0.49436  0.93299 -1.47465 N   77 
-0.20405  1.02600 -1.01330 B   78 
-0.40780  0.92101 -0.82851 I   78 
-0.12510  1.22168 -0.77655 B   79 
-0.25396  1.37700 -0.83086 P   79 
 0.08080  1.14332 -0.52492 B   80 
 0.33575  1.04702 -0.68460 X   80 
-0.07287  1.31946 -0.30987 B   81 
-0.07236  1.53433 -0.41613 S   81 
-0.33149  1.14202 -0.29979 B   82 
-0.41942  1.16363 -0.48984 A   82 
-0.16069  0.91851 -0.13044 B   83 
-0.07855  0.73265 -0.38703 L   83 
-0.18189  1.12504  0.14581 B   84 
 0.12823  1.18772  0.05554 L   84 
-0.45057  1.10520  0.22667 B   85 
-0.65839  1.21036  0.11308 S   85 
-0.69807  1.01815  0.45691 B   86 
-0.77492  1.21860  0.56307 S   86 
-0.81327  0.90839  0.19511 B   87 
-1.07759  0.92450  0.07128 D   87 
-0.75363  0.57387  0.07451 B   88 
-0.72220  0.42342  0.29375 I   88 
-0.88205  0.53213 -0.20453 B   89 
-1.12991  0.62676 -0.19560 T   89 
-0.63853  0.58065 -0.39187 B   90 
-0.61261  0.79625 -0.40114 A   90 
-0.44772  0.36285 -0.27645 B   91 
-0.31108  0.50916 -0.08872 S   91 
-0.63328  0.12308 -0.31950 B   92 
-0.80399  0.09061 -0.12322 V   92 
-0.67883  0.14069 -0.62245 B   93 
-0.97188  0.30592 -0.62021 N   93 
-0.37565  0.12306 -0.67966 B   94 
-0.18851  0.33342 -0.72343 X   94 
-0.31168 -0.14095 -0.53251 B   95 
-0.31311 -0.09388 -0.32244 A   95 
-0.49432 -0.32003 -0.70568 B   96 
-0.91490 -0.25320 -0.51715 K   96 
-0.31275 -0.27992 -0.95577 B   97 
-0.43599  0.02407 -1.15759 K   97 
-0.04407 -0.38066 -0.84190 B   98 
 0.08614 -0.13996 -0.69598 I   98 
-0.13225 -0.67618 -0.75324 B   99 
-0.25594 -0.70419 -0.55900 V   99 
-0.22543 -0.73028 -1.07013 B   100 
-0.47061 -0.66667 -1.00181 S   100 
 0.06481 -0.71963 -1.22750 B   101 
 0.22792 -0.49837 -1.27034 D   101 
 0.20760 -1.03793 -1.12381 B   102 
 0.37223 -1.02692 -0.82378 B   103 
 0.62933 -0.96409 -1.01144 N   103 
 0.18845 -0.92442 -0.64279 B   104 
 0.29649 -0.84498 -0.31563 B   105 
 0.00229 -0.82838 -0.05685 M   105 
 0.60444 -0.82901 -0.40681 B   106 
 0.62051 -1.15903 -0.42083 N   106 
 0.59417 -0.52056 -0.46550 B   107 
 0.44281 -0.50528 -0.60902 A   107 
 0.62762 -0.52815 -0.15039 B   108 
 0.21862 -0.31646 -0.22875 W   108 
 0.91172 -0.53901  0.02071 B   109 
 1.10304 -0.42137 -0.10222 V   109 
 0.79775 -0.55051  0.31200 B   110 
 0.76881 -0.34632  0.37078 A   110 
 0.61505 -0.78998  0.26712 B   111 
 0.32623 -0.99034  0.09967 W   111 
 0.82488 -0.99635  0.16952 B   112 
 1.09606 -0.96007 -0.15213 R   112 
 1.03634 -0.94704  0.42242 B   113 
 1.26340 -0.83638  0.21872 N   113 
 0.78024 -0.93117  0.66908 B   114 
 0.99927 -0.51779  0.85215 R   114 
 0.50461 -1.10307  0.57124 B   115 
 0.39927 -0.80263  0.58633 X   115 
 0.58035 -1.33169  0.41544 B   116 
 0.64414 -1.41749 -0.01659 K   116 
 0.50560 -1.63979  0.57588 B   117 
 0.33514 -1.52199  0.79049 B   118 
 0.48606 -1.32103  0.85552 T   118 
 0.10662 -1.43538  1.04955 B   119 
-0.04933 -1.59960  1.22535 D   119 
-0.11491 -1.21026  0.92038 B   120 
-0.03315 -1.22101  0.68444 V   120 
-0.36483 -1.24224  1.10637 B   121 
-0.49384 -1.62514  1.00498 Q   121 
-0.24438 -1.07726  1.34572 B   122 
-0.07913 -1.18712  1.40549 A   122 
-0.32738 -0.79198  1.20984 B   123 
 0.08674 -0.70611  1.14163 W   123 
-0.65752 -0.85631  1.29077 B   124 
-0.72421 -0.90964  1.03586 I   124 
-0.66530 -0.88252  1.57093 B   125 
-0.43085 -1.34399  1.54951 R   125 
-0.94252 -0.75567  1.75167 B   126 
-1.10636 -0.69885  1.50420 B   127 
-0.85639 -0.52651  1.39374 X   127 
-1.41796 -0.55730  1.37824 B   128 
-1.75666 -0.75129  1.48833 R   128 
-1.54105 -0.77655  1.09749 B   129 
-1.30595 -0.69359  1.02446 L   129 
