246 
-0.10700  0.89955  0.98299 B   1 
-0.48574  0.79857  1.13334 K   1 
-0.07450  0.66171  1.24898 B   2 
 0.18025  0.67364  1.29513 V   2 
-0.14809  0.34905  1.25165 B   3 
-0.46082  0.41641  0.95910 F   3 
-0.27775  0.08724  1.37271 B   4 
-0.30126 -0.22782  1.31842 B   5 
-0.13686 -0.59737  1.47968 R   5 
-0.60848 -0.28496  1.38349 B   6 
-0.57523 -0.49757  1.61167 X   6 
-0.69748 -0.02188  1.24393 B   7 
-0.64716  0.34432  1.36949 E   7 
-0.60336 -0.08601  0.95625 B   8 
-0.34423  0.00135  0.81723 L   8 
-0.74557 -0.35361  0.91614 B   9 
-0.64049 -0.49813  1.03956 A   9 
-1.02811 -0.23904  0.93924 B   10 
-1.05880 -0.19585  1.15142 A   10 
-1.00899 -0.03950  0.70268 B   11 
-0.91033  0.13706  0.78045 A   11 
-0.92085 -0.24240  0.48584 B   12 
-0.49141 -0.23936  0.49861 M   12 
-1.17211 -0.41164  0.51198 B   13 
-1.28193 -0.73463  0.77998 K   13 
-1.39346 -0.20901  0.45686 B   14 
-1.43589  0.21616  0.61183 R   14 
-1.24454 -0.15225  0.16808 B   15 
-1.15953  0.20928  0.28498 H   15 
-1.19622 -0.47066  0.05966 B   16 
-0.89692 -0.62142  0.09707 B   17 
-0.71472 -0.35601  0.05696 L   17 
-0.99595 -0.87865  0.18969 B   18 
-1.00894 -1.03188  0.45558 D   18 
-0.91118 -1.10117 -0.05332 B   19 
-1.02586 -1.28845  0.18205 N   19 
-0.79170 -0.93486 -0.25809 B   20 
-0.92131 -0.58411 -0.49344 Y   20 
-0.69362 -1.11556 -0.51197 B   21 
-0.81816 -0.87007 -0.89898 R   21 
-0.62268 -1.33865 -0.26478 B   22 
-0.54097 -1.13485 -0.02644 B   23 
-0.18338 -1.11836 -0.33166 Y   23 
-0.50722 -1.13839  0.27526 B   24 
-0.45790 -1.33458  0.39347 S   24 
-0.51129 -0.90530  0.51418 B   25 
-0.75082 -0.76720  0.66287 L   25 
-0.22203 -0.96593  0.63012 B   26 
-0.06722 -0.87284  0.37904 B   27 
-0.07279 -1.16994  0.21904 N   27 
-0.14649 -0.57522  0.38382 B   28 
-0.39016 -0.59741  0.01077 W   28 
-0.04356 -0.51384  0.66727 B   29 
-0.22375 -0.55319  0.85048 V   29 
 0.24396 -0.60646  0.61995 B   30 
 0.36945 -0.85382  0.62659 X   30 
 0.31121 -0.40716  0.39632 B   31 
 0.21432 -0.48402  0.21590 A   31 
 0.25303 -0.14246  0.54556 B   32 
 0.03911 -0.11962  0.55094 A   32 
 0.46130 -0.18861  0.76582 B   33 
 0.53943 -0.28387  1.08398 K   33 
 0.72511 -0.21297  0.55786 B   34 
 0.78981 -0.56962  0.75184 F   34 
 0.66761  0.05255  0.38860 B   35 
 0.61827 -0.11584  0.08349 E   35 
 0.54693  0.27439  0.63926 B   36 
 0.35274  0.30909  0.53820 S   36 
 0.46522  0.20029  0.93136 B   37 
 0.67627  0.17337  1.12373 N   37 
 0.16208  0.31806  0.91557 B   38 
 0.12159 -0.06530  1.06449 F   38 
 0.23710  0.58804  0.73968 B   39 
 0.38398  0.80968  0.87994 N   39 
 0.07096  0.81481  0.53671 B   40 
-0.15475  0.82879  0.64161 T   40 
 0.33189  1.03027  0.51503 B   41 
 0.19420  1.32337  0.74853 Q   41 
 0.51300  0.85244  0.36237 B   42 
 0.56793  0.68738  0.48251 A   42 
 0.82822  0.92916  0.19475 B   43 
 0.72698  1.14566  0.14208 T   43 
 1.02374  0.80861 -0.10118 B   44 
 1.05754  0.62869  0.18244 N   44 
 1.30142  0.83079 -0.27249 B   45 
 1.32096  1.26118 -0.53976 R   45 
 1.40387  0.74082 -0.59090 B   46 
 1.13625  0.53260 -0.54243 N   46 
 1.65154  0.67963 -0.81147 B   47 
 1.82411  0.50062 -0.74121 T   47 
 1.44554  0.75706 -1.06311 B   48 
 1.24827  0.58007 -1.05304 D   48 
 1.28735  1.02136 -0.91295 B   49 
 1.07826  0.91092 -0.77794 B   50 
 0.97801  0.71048 -0.87883 S   50 
 0.79100  0.85027 -0.54243 B   51 
 0.89301  1.07216 -0.42212 T   51 
 0.68045  0.72886 -0.24196 B   52 
 0.78644  0.41791 -0.34195 D   52 
 0.33602  0.69111 -0.11304 B   53 
 0.46153  1.10197 -0.32794 Y   53 
 0.23199  0.61703  0.18295 B   54 
 0.12066  0.31887  0.33509 B   55 
-0.09195  0.31165  0.50441 I   55 
 0.19846  0.17625  0.02296 B   56 
-0.04738 -0.02311  0.07896 L   56 
 0.40959  0.30687 -0.15248 B   57 
 0.63963  0.41817  0.08023 Q   57 
 0.31253  0.47603 -0.39572 B   58 
 0.01936  0.37855 -0.42072 I   58 
 0.42106  0.53983 -0.71583 B   59 
 0.69537  0.46906 -0.82791 N   59 
 0.49098  0.82422 -0.93761 B   60 
 0.62836  0.96411 -0.81890 S   60 
 0.54581  0.67748 -1.22328 B   61 
 0.96260  0.68697 -1.32723 R   61 
 0.23596  0.52962 -1.22643 B   62 
 0.52484  0.23245 -1.41641 W   62 
-0.00332  0.63180 -1.00183 B   63 
 0.04931  0.19685 -1.00954 W   63 
 0.09637  0.93404 -0.93380 B   64 
 0.10976  0.91405 -0.67479 X   64 
 0.10276  1.29325 -0.89621 B   65 
 0.10827  1.47433 -1.13159 N   65 
 0.39591  1.52957 -0.81380 B   66 
 0.57924  1.33685 -0.76995 D   66 
 0.53824  1.71807 -1.04735 B   67 
 0.85370  1.53905 -1.04456 B   68 
 0.99579  1.53900 -0.59250 R   68 
 0.79244  1.28986 -1.27032 B   69 
 0.78489  1.12790 -1.07297 T   69 
 0.91399  1.19587 -1.53845 B   70 
 1.09184  1.30648 -1.49479 P   70 
 0.71401  0.98845 -1.71814 B   71 
 0.44541  0.98081 -1.58693 B   72 
 0.45462  1.11351 -1.39002 S   72 
 0.09798  0.83117 -1.53568 B   73 
 0.11496  0.62112 -1.82423 R   73 
-0.14326  0.82969 -1.32837 B   74 
-0.22461  1.06087 -1.19461 N   74 
-0.34559  0.56709 -1.29518 B   75 
-0.15303  0.37387 -1.46940 L   75 
-0.51323  0.67647 -1.02957 B   76 
-0.38717  0.44904 -0.85963 X   76 
-0.58157  0.96644 -1.06419 B   77 
-0.73412  1.07587 -1.26216 N   77 
-0.36738  1.12333 -0.85104 B   78 
-0.53694  0.99796 -0.64557 I   78 
-0.24681  1.29420 -0.61263 B   79 
-0.38172  1.45313 -0.62743 P   79 
-0.00111  1.19213 -0.40998 B   80 
 0.22141  1.11516 -0.62054 X   80 
-0.11356  1.34370 -0.15450 B   81 
-0.12954  1.56840 -0.23647 S   81 
-0.36811  1.16384 -0.11813 B   82 
-0.48746  1.20417 -0.28678 A   82 
-0.17256  0.92558 -0.00497 B   83 
-0.13784  0.76798 -0.28973 L   83 
-0.14367  1.10225  0.29060 B   84 
 0.14666  1.17673  0.15490 L   84 
-0.39441  1.07173  0.41434 B   85 
-0.61783  1.18618  0.34999 S   85 
-0.59902  0.95912  0.67376 B   86 
-0.65448  1.14683  0.81178 S   86 
-0.75886  0.87597  0.42599 B   87 
-1.04049  0.90239  0.35221 D   87 
-0.72407  0.55625  0.26296 B   88 
-0.65646  0.38424  0.45669 I   88 
-0.89930  0.54241  0.00762 B   89 
-1.14100  0.63336  0.06913 T   89 
-0.69153  0.61223 -0.21308 B   90 
-0.66566  0.82786 -0.20437 A   90 
-0.48558  0.38540 -0.15563 B   91 
-0.31713  0.51276  0.01966 S   91 
-0.67795  0.14970 -0.19039 B   92 
-0.81232  0.09557  0.02810 V   92 
-0.77518  0.19810 -0.47739 B   93 
-1.06190  0.35956 -0.40730 N   93 
-0.48669  0.18923 -0.58781 B   94 
-0.30807  0.40467 -0.64139 X   94 
-0.40056 -0.08799 -0.48206 B   95 
-0.36511 -0.06289 -0.27121 A   95 
-0.61208 -0.24986 -0.63851 B   96 
-0.99297 -0.20669 -0.37402 K   96 
-0.47627 -0.18248 -0.91079 B   97 
-0.62989  0.13961 -1.05567 K   97 
-0.19283 -0.29201 -0.85626 B   98 
-0.03712 -0.06651 -0.71105 I   98 
-0.26698 -0.59589 -0.78468 B   99 
-0.35536 -0.64495 -0.57588 V   99 
-0.41418 -0.61781 -1.08448 B   100 
-0.64322 -0.56382 -0.96847 S   100 
-0.15554 -0.58832 -1.28783 B   101 
-0.00034 -0.36235 -1.33521 D   101 
 0.00018 -0.91432 -1.24393 B   102 
 0.21443 -0.93289 -0.97748 B   103 
 0.43566 -0.84867 -1.19937 N   103 
 0.06576 -0.85131 -0.75776 B   104 
 0.22961 -0.80512 -0.44786 B   105 
-0.01510 -0.81802 -0.14168 M   105 
 0.51721 -0.77703 -0.58892 B   106 
 0.52762 -1.10367 -0.63953 N   106 
 0.49971 -0.46427 -0.61274 B   107 
 0.32590 -0.43561 -0.72548 A   107 
 0.58723 -0.50408 -0.31070 B   108 
 0.17277 -0.28913 -0.29465 W   108 
 0.89658 -0.52999 -0.19351 B   109 
 1.06475 -0.39855 -0.33493 V   109 
 0.83476 -0.57256  0.11036 B   110 
 0.81829 -0.37580  0.19404 A   110 
 0.64488 -0.80775  0.07333 B   111 
 0.32959 -0.99234 -0.06129 W   111 
 0.83273 -1.00102 -0.07996 B   112 
 1.04434 -0.92924 -0.43828 R   112 
 1.08527 -0.97620  0.13615 B   113 
 1.27457 -0.84303 -0.09129 N   113 
 0.87598 -0.98822  0.42378 B   114 
 1.12717 -0.59400  0.60783 R   114 
 0.58602 -1.15158  0.35799 B   115 
 0.48761 -0.85527  0.42209 X   115 
 0.63153 -1.36218  0.16864 B   116 
 0.61865 -1.40230 -0.27442 K   116 
 0.58294 -1.68587  0.30690 B   117 
 0.45336 -1.59243  0.55883 B   118 
 0.61507 -1.39791  0.61711 T   118 
 0.27402 -1.53512  0.86114 B   119 
 0.14943 -1.71804  1.04339 D   119 
 0.03549 -1.29987  0.79629 B   120 
 0.07499 -1.28545  0.54993 V   120 
-0.17868 -1.35317  1.01849 B   121 
-0.32678 -1.72470  0.90199 Q   121 
-0.01706 -1.21272  1.24907 B   122 
 0.15505 -1.32666  1.26761 A   122 
-0.11978 -0.91569  1.15986 B   123 
 0.27700 -0.81949  1.03012 W   123 
-0.43145 -0.99103  1.28973 B   124 
-0.54182 -1.01833  1.04612 I   124 
-0.39077 -1.04611  1.56277 B   125 
-0.16777 -1.50075  1.45344 R   125 
-0.63129 -0.94114  1.80097 B   126 
-0.83504 -0.86053  1.59287 B   127 
-0.60646 -0.67545  1.45914 X   127 
-1.16246 -0.70956  1.53816 B   128 
-1.47869 -0.91694  1.68468 R   128 
-1.33435 -0.89972  1.26188 B   129 
-1.11474 -0.80753  1.15816 L   129 
