246 
-0.16932 -0.39627  1.26539 B   1 
 0.17143 -0.63688  1.31266 K   1 
 0.10130 -0.20198  1.39725 B   2 
-0.02338  0.01303  1.47069 V   2 
 0.36866 -0.10085  1.25072 B   3 
 0.35989 -0.44597  0.98855 F   3 
 0.68042 -0.05381  1.22606 B   4 
 0.89807  0.08125  1.03332 B   5 
 1.14841  0.43746  1.02703 R   5 
 1.13183 -0.13610  1.03244 B   6 
 1.36734  0.03953  1.14226 X   6 
 0.92790 -0.37022  1.01797 B   7 
 0.68972 -0.49771  1.29979 E   7 
 0.79940 -0.30500  0.74417 B   8 
 0.53732 -0.15578  0.68802 L   8 
 1.05215 -0.29184  0.57275 B   9 
 1.15445 -0.10846  0.62811 A   9 
 1.12990 -0.58454  0.61477 B   10 
 1.20698 -0.59803  0.81898 A   10 
 0.87228 -0.71084  0.49721 B   11 
 0.72519 -0.70709  0.65630 A   11 
 0.87841 -0.56698  0.22294 B   12 
 0.65240 -0.20629  0.28143 M   12 
 1.14675 -0.68553  0.14297 B   13 
 1.55604 -0.56605  0.22302 K   13 
 1.09399 -0.98545  0.16193 B   14 
 0.87531 -1.21655  0.48652 R   14 
 0.84801 -0.93725 -0.05246 B   15 
 0.59095 -1.03463  0.22327 H   15 
 1.00626 -0.74905 -0.28702 B   16 
 0.97206 -0.41360 -0.28996 B   17 
 0.66475 -0.40521 -0.18635 L   17 
 1.25180 -0.34789 -0.33450 B   18 
 1.48527 -0.23572 -0.16940 D   18 
 1.26262 -0.20094 -0.64116 B   19 
 1.56186 -0.16136 -0.52931 N   19 
 0.98930 -0.22062 -0.73484 B   20 
 0.70188 -0.55000 -0.79897 Y   20 
 0.95794 -0.08600 -1.03085 B   21 
 0.67842 -0.38125 -1.27631 R   21 
 1.18918  0.12980 -0.90490 B   22 
 1.10102  0.13144 -0.59306 B   23 
 0.76570  0.37288 -0.81794 Y   23 
 1.21642  0.21092 -0.32373 B   24 
 1.38375  0.37352 -0.30223 S   24 
 1.15306  0.12550 -0.00731 B   25 
 1.24526 -0.12283  0.16119 L   25 
 1.09288  0.41855  0.09892 B   26 
 0.83375  0.45899 -0.06505 B   27 
 0.98294  0.58248 -0.34145 N   27 
 0.66216  0.23868  0.06498 B   28 
 0.64659 -0.01516 -0.30156 W   28 
 0.68559  0.33948  0.35480 B   29 
 0.88984  0.23875  0.48018 V   29 
 0.57874  0.62101  0.30175 B   30 
 0.69413  0.85583  0.20944 X   30 
 0.30119  0.53732  0.20069 B   31 
 0.33046  0.46648 -0.00419 A   31 
 0.20489  0.37543  0.44613 B   32 
 0.30489  0.18502  0.43838 A   32 
 0.22270  0.61010  0.64268 B   33 
 0.38811  0.77713  0.88995 K   33 
 0.00930  0.81001  0.47555 B   34 
 0.31772  1.08125  0.49345 F   34 
-0.22610  0.59618  0.43923 B   35 
-0.20989  0.59238  0.08765 E   35 
-0.21393  0.42072  0.74853 B   36 
-0.17924  0.22330  0.65394 S   36 
 0.01017  0.43844  0.96522 B   37 
 0.00045  0.66089  1.14603 N   37 
 0.07975  0.12044  0.97203 B   38 
 0.44418  0.30996  0.92673 F   38 
-0.23254  0.01436  0.94597 B   39 
-0.41100  0.04535  1.18589 N   39 
-0.39643 -0.27597  0.85071 B   40 
-0.24054 -0.45538  0.92589 T   40 
-0.70155 -0.17258  0.95652 B   41 
-0.73944 -0.40213  1.28094 Q   41 
-0.73542  0.04672  0.76034 B   42 
-0.59286  0.19818  0.79819 A   42 
-1.03213  0.24384  0.68003 B   43 
-1.15804  0.03787  0.72024 T   43 
-1.17742  0.42206  0.38428 B   44 
-0.94188  0.59025  0.55804 N   44 
-1.41611  0.61542  0.27211 B   45 
-1.85482  0.36455  0.23153 R   45 
-1.54364  0.69602 -0.03969 B   46 
-1.22858  0.58764 -0.11920 N   46 
-1.72716  0.89946 -0.23632 B   47 
-1.65893  1.14867 -0.23641 T   47 
-1.78249  0.64532 -0.44633 B   48 
-1.54433  0.57345 -0.53828 D   48 
-1.82470  0.39991 -0.21092 B   49 
-1.57432  0.30398 -0.16340 B   50 
-1.41908  0.30752 -0.35392 S   50 
-1.27476  0.13307 -0.01272 B   51 
-1.43808  0.12303  0.20486 T   51 
-0.99728  0.15254  0.18696 B   52 
-0.87158  0.38661 -0.03061 D   52 
-0.73004 -0.09565  0.24744 B   53 
-1.18844 -0.23894  0.25575 Y   53 
-0.49233 -0.09602  0.46519 B   54 
-0.15051 -0.00964  0.45363 B   55 
 0.04172 -0.15653  0.57772 I   55 
-0.22393  0.07866  0.12102 B   56 
 0.07632 -0.01482  0.05449 L   56 
-0.50757  0.15919  0.04700 B   57 
-0.61026  0.33238  0.32794 Q   57 
-0.68401 -0.04985 -0.10257 B   58 
-0.46755 -0.24919 -0.19996 I   58 
-0.92712 -0.04430 -0.34586 B   59 
-1.07086  0.20420 -0.44784 N   59 
-1.26703 -0.16965 -0.40662 B   60 
-1.39043 -0.10768 -0.22369 S   60 
-1.31374 -0.09415 -0.72009 B   61 
-1.58829  0.23349 -0.76347 R   61 
-1.04233 -0.27774 -0.82263 B   62 
-1.06333  0.08784 -1.09422 W   62 
-0.89128 -0.49478 -0.60303 B   63 
-0.60707 -0.22597 -0.80047 W   63 
-1.13436 -0.55704 -0.39579 B   64 
-1.01465 -0.49308 -0.17387 X   64 
-1.38215 -0.73212 -0.19975 B   65 
-1.61860 -0.86005 -0.32604 N   65 
-1.67446 -0.59553  0.01114 B   66 
-1.61348 -0.33450 -0.01740 D   66 
-1.98857 -0.61226 -0.09559 B   67 
-2.02590 -0.25422 -0.14024 B   68 
-1.90567 -0.06111  0.27544 R   68 
-1.91026 -0.21308 -0.45923 B   69 
-1.70310 -0.10302 -0.35822 T   69 
-2.02327 -0.10616 -0.72624 B   70 
-2.17958 -0.00731 -0.61870 P   70 
-1.84388 -0.19553 -1.00036 B   71 
-1.63798 -0.39539 -0.91619 B   72 
-1.65380 -0.42440 -0.68087 S   72 
-1.32162 -0.60067 -0.97533 B   73 
-1.30341 -0.52451 -1.32395 R   73 
-1.10180 -0.76833 -0.81803 B   74 
-1.16811 -0.93478 -0.60389 N   74 
-0.78878 -0.79620 -0.92865 B   75 
-0.82695 -0.56282 -1.14966 L   75 
-0.66343 -0.95019 -0.66185 B   76 
-0.49198 -0.69854 -0.60041 X   76 
-0.85238 -1.16379 -0.56900 B   77 
-0.93620 -1.38095 -0.71132 N   77 
-0.98817 -1.03079 -0.28652 B   78 
-0.71752 -1.07428 -0.17909 I   78 
-1.07316 -0.97944  0.01467 B   79 
-1.12287 -1.17756  0.05887 P   79 
-1.04240 -0.68721  0.17439 B   80 
-1.19670 -0.49502 -0.02317 X   80 
-0.98153 -0.81848  0.45715 B   81 
-1.17162 -0.96201  0.48418 S   81 
-0.69929 -0.93260  0.38110 B   82 
-0.73798 -1.08123  0.23712 A   82 
-0.58172 -0.62632  0.39473 B   83 
-0.60940 -0.56190  0.07502 L   83 
-0.59717 -0.64553  0.73942 B   84 
-0.86512 -0.46291  0.68373 L   84 
-0.38744 -0.81975  0.80855 B   85 
-0.37910 -1.07710  0.77933 S   85 
-0.08393 -0.89044  0.96580 B   86 
-0.13067 -1.01190  1.16685 S   86 
-0.04569 -1.02183  0.69169 B   87 
 0.05353 -1.28382  0.60821 D   87 
 0.09704 -0.85322  0.40672 B   88 
 0.26979 -0.67550  0.50799 I   88 
 0.08992 -1.03476  0.15554 B   89 
 0.17966 -1.27466  0.22530 T   89 
-0.16744 -0.93286  0.01364 B   90 
-0.33397 -1.02174  0.12138 A   90 
-0.08789 -0.63290 -0.01582 B   91 
-0.19424 -0.52912  0.21491 S   91 
 0.17082 -0.67750 -0.17346 B   92 
 0.37663 -0.72636 -0.01862 V   92 
 0.06314 -0.83112 -0.41630 B   93 
 0.12947 -1.14400 -0.31194 N   93 
-0.13239 -0.60260 -0.48738 B   94 
-0.40736 -0.57347 -0.41862 X   94 
 0.06868 -0.36908 -0.50955 B   95 
 0.12298 -0.31791 -0.30762 A   95 
 0.23124 -0.48798 -0.74375 B   96 
 0.51804 -0.78662 -0.53053 K   96 
-0.00828 -0.45360 -0.94013 B   97 
-0.22283 -0.77343 -0.93959 K   97 
-0.05650 -0.15006 -0.91100 B   98 
-0.24032 -0.11286 -0.66401 I   98 
 0.23468 -0.04269 -0.99257 B   99 
 0.40804 -0.05720 -0.83911 V   99 
 0.19916 -0.20380 -1.28379 B   100 
 0.33261 -0.40497 -1.18107 S   100 
-0.04856 -0.03544 -1.42310 B   101 
-0.31599 -0.03039 -1.34659 D   101 
 0.12390  0.27168 -1.51466 B   102 
 0.13853  0.50459 -1.26409 B   103 
-0.13697  0.61011 -1.39912 N   103 
 0.25402  0.37345 -1.04846 B   104 
 0.26743  0.53755 -0.73555 B   105 
 0.54027  0.38908 -0.49617 M   105 
 0.03227  0.74111 -0.81720 B   106 
 0.24181  0.91124 -1.00829 N   106 
-0.19570  0.56008 -0.69909 B   107 
-0.17258  0.38099 -0.80459 A   107 
-0.08253  0.70355 -0.44008 B   108 
-0.01024  0.24691 -0.37309 W   108 
-0.17810  0.99563 -0.31494 B   109 
-0.42464  1.04528 -0.36302 V   109 
 0.01761  1.01558 -0.07148 B   110 
-0.08009  0.91325  0.08967 A   110 
 0.27363  0.97244 -0.23064 B   111 
 0.51758  0.78187 -0.46682 W   111 
 0.24709  1.20532 -0.43362 B   112 
-0.07343  1.28693 -0.69617 R   112 
 0.18795  1.43957 -0.20400 B   113 
-0.10844  1.49198 -0.32527 N   113 
 0.43320  1.31731  0.02312 B   114 
 0.09279  1.35331  0.39082 R   114 
 0.67806  1.14821 -0.13979 B   115 
 0.54338  0.92225  0.04018 X   115 
 0.72447  1.26481 -0.39772 B   116 
 0.56828  1.20241 -0.80978 K   116 
 1.04530  1.41481 -0.42641 B   117 
 1.15596  1.29879 -0.17486 B   118 
 0.95371  1.34291 -0.01821 T   118 
 1.34126  1.16803  0.09974 B   119 
 1.61960  1.18835  0.16543 D   119 
 1.26979  0.83518  0.12297 B   120 
 1.13137  0.82053 -0.08461 V   120 
 1.51921  0.71957  0.27298 B   121 
 1.81741  0.76929 -0.01364 Q   121 
 1.43100  0.81987  0.55788 B   122 
 1.42982  1.02644  0.54126 A   122 
 1.23159  0.56484  0.60188 B   123 
 0.89361  0.82644  0.57263 W   123 
 1.50903  0.36381  0.64972 B   124 
 1.48213  0.24559  0.40979 I   124 
 1.64572  0.47119  0.87115 B   125 
 1.80916  0.87650  0.59296 R   125 
 1.80129  0.25387  1.10392 B   126 
 1.76134  0.00709  0.93416 B   127 
 1.44696  0.08080  0.92353 X   127 
 1.80290 -0.35489  0.91887 B   128 
 2.18583 -0.48843  0.92142 R   128 
 1.91287 -0.44546  0.56995 B   129 
 1.68369 -0.32611  0.54305 L   129 
