246 
-0.59199  1.15474 -0.32098 B   1 
-0.91446  1.01075 -0.54795 K   1 
-0.87786  1.10473 -0.11087 B   2 
-0.80307  1.22792  0.10453 V   2 
-1.01079  0.82980 -0.01125 B   3 
-0.87741  0.63026 -0.37224 F   3 
-1.25185  0.63252  0.04337 B   4 
-1.31580  0.34615  0.17246 B   5 
-1.49791  0.18768  0.53484 R   5 
-1.52149  0.22169 -0.03749 B   6 
-1.76713  0.17386  0.15158 X   6 
-1.35882  0.33261 -0.27800 B   7 
-1.32732  0.70386 -0.39457 E   7 
-1.09547  0.17631 -0.23392 B   8 
-0.83851  0.27197 -0.09634 L   8 
-1.20764 -0.10788 -0.22405 B   9 
-1.31223 -0.12610 -0.03461 A   9 
-1.31291 -0.10655 -0.51111 B   10 
-1.49173  0.01935 -0.50947 A   10 
-1.04172 -0.05442 -0.65211 B   11 
-1.00897  0.15958 -0.64275 A   11 
-0.88468 -0.28956 -0.52561 B   12 
-0.70907 -0.12691 -0.16882 M   12 
-1.06879 -0.50230 -0.64094 B   13 
-1.44474 -0.67044 -0.50460 K   13 
-1.05371 -0.44641 -0.94051 B   14 
-1.06845 -0.04713 -1.15718 R   14 
-0.72752 -0.48699 -0.91316 B   15 
-0.67520 -0.11122 -1.00063 H   15 
-0.71579 -0.77640 -0.73544 B   16 
-0.66584 -0.77143 -0.40199 B   17 
-0.46934 -0.51336 -0.39623 L   17 
-0.86820 -0.96779 -0.33094 B   18 
-1.14688 -0.96656 -0.20177 D   18 
-0.69672 -1.23245 -0.20326 B   19 
-1.00429 -1.30964 -0.14789 N   19 
-0.41955 -1.15553 -0.23686 B   20 
-0.16578 -1.03535 -0.57798 Y   20 
-0.21992 -1.38724 -0.12206 B   21 
 0.13087 -1.42253 -0.44027 R   21 
-0.46864 -1.42075  0.10798 B   22 
-0.57022 -1.11359  0.12655 B   23 
-0.15278 -1.11942  0.34337 Y   23 
-0.81161 -0.95870  0.22615 B   24 
-0.95223 -1.04073  0.39467 S   24 
-0.94145 -0.65862  0.15890 B   25 
-1.12680 -0.56246 -0.07553 L   25 
-0.93367 -0.54734  0.45613 B   26 
-0.62529 -0.53860  0.47850 B   27 
-0.58652 -0.85520  0.58878 N   27 
-0.56941 -0.32693  0.26180 B   28 
-0.36654 -0.61210 -0.01488 W   28 
-0.74497 -0.10417  0.38122 B   29 
-0.98998 -0.11183  0.29465 V   29 
-0.61015 -0.09787  0.65558 B   30 
-0.63982 -0.24729  0.88747 X   30 
-0.32918 -0.02242  0.55753 B   31 
-0.24292 -0.20566  0.47488 A   31 
-0.39663  0.24023  0.40857 B   32 
-0.48632  0.18433  0.22110 A   32 
-0.50735  0.38436  0.65553 B   33 
-0.77249  0.48981  0.84257 K   33 
-0.22548  0.35917  0.83816 B   34 
-0.47421  0.19103  1.11900 F   34 
-0.02336  0.46902  0.61559 B   35 
 0.15980  0.16953  0.59023 E   35 
-0.21702  0.72394  0.46031 B   36 
-0.20453  0.63324  0.25846 S   36 
-0.52247  0.77639  0.49821 B   37 
-0.60235  0.92343  0.73118 N   37 
-0.60278  0.75412  0.18347 B   38 
-0.86732  0.50515  0.38048 F   38 
-0.33642  0.91187  0.06676 B   39 
-0.32136  1.20934  0.10743 N   39 
-0.16498  0.93551 -0.23371 B   40 
-0.34663  0.91634 -0.40335 T   40 
 0.03416  1.19081 -0.13297 B   41 
-0.12982  1.48828 -0.34274 Q   41 
 0.18506  1.04002  0.07250 B   42 
 0.05509  0.98582  0.23019 A   42 
 0.48702  1.13350  0.25532 B   43 
 0.55628  1.24476  0.04863 T   43 
 0.78329  0.96451  0.41026 B   44 
 0.50140  0.96975  0.59592 N   44 
 1.05491  0.99917  0.58905 B   45 
 1.42525  1.22109  0.32324 R   45 
 1.33965  0.81038  0.64612 B   46 
 1.11728  0.57140  0.54235 N   46 
 1.61354  0.74389  0.83131 B   47 
 1.57209  0.69668  1.08193 T   47 
 1.76165  0.61042  0.56297 B   48 
 1.61197  0.40310  0.49256 D   48 
 1.65010  0.83732  0.33166 B   49 
 1.41084  0.73922  0.24636 B   50 
 1.38937  0.49441  0.24254 S   50 
 1.06869  0.70136  0.09418 B   51 
 1.08129  0.97331  0.09298 T   51 
 0.72874  0.70970  0.13435 B   52 
 0.76061  0.45101  0.35794 D   52 
 0.45919  0.61819 -0.10153 B   53 
 0.82486  0.88780 -0.25753 Y   53 
 0.14081  0.66452 -0.08121 B   54 
-0.13008  0.45978  0.01437 B   55 
-0.36720  0.45944 -0.11869 I   55 
 0.12205  0.22310  0.07942 B   56 
-0.09446  0.00265 -0.00911 L   56 
 0.40272  0.31854  0.14672 B   57 
 0.34070  0.60230  0.33406 Q   57 
 0.61978  0.30150 -0.07643 B   58 
 0.48348  0.10638 -0.27498 I   58 
 0.95722  0.23692 -0.09335 B   59 
 1.14795  0.22470  0.14389 N   59 
 1.26470  0.38221 -0.23228 B   60 
 1.26800  0.60055 -0.16265 S   60 
 1.48327  0.14678 -0.17800 B   61 
 1.75404  0.25371  0.13799 R   61 
 1.30537 -0.08404 -0.35954 B   62 
 1.49658 -0.30954 -0.01249 W   62 
 1.04464  0.02016 -0.55781 B   63 
 0.93630 -0.31222 -0.29361 W   63 
 1.12583  0.33024 -0.61412 B   64 
 0.90650  0.44406 -0.53285 X   64 
 1.21046  0.63768 -0.78383 B   65 
 1.46894  0.67075 -0.92637 N   65 
 1.34218  0.97144 -0.64300 B   66 
 1.32334  0.90438 -0.38258 D   66 
 1.66054  1.06040 -0.67570 B   67 
 1.73777  1.03188 -0.32243 B   68 
 1.41726  1.30097 -0.10015 R   68 
 1.82319  0.70184 -0.29796 B   69 
 1.60200  0.66497 -0.17569 T   69 
 2.07244  0.54096 -0.21139 B   70 
 2.14734  0.71420 -0.11066 P   70 
 2.07226  0.21677 -0.31242 B   71 
 1.84303  0.17762 -0.50042 B   72 
 1.72265  0.38198 -0.51507 S   72 
 1.60238 -0.04184 -0.69954 B   73 
 1.78701 -0.34283 -0.64488 R   73 
 1.32264 -0.02952 -0.85042 B   74 
 1.24765  0.19057 -1.00500 N   74 
 1.12418 -0.29590 -0.87589 B   75 
 1.29336 -0.46529 -0.65806 L   75 
 0.86203 -0.14047 -1.00906 B   76 
 0.70097 -0.19495 -0.74908 X   76 
 0.95348  0.05000 -1.22192 B   77 
 1.08945 -0.01283 -1.44997 N   77 
 0.91555  0.35505 -1.07555 B   78 
 0.62912  0.29322 -1.10418 I   78 
 0.82028  0.64989 -1.00795 B   79 
 0.82479  0.72134 -1.20430 P   79 
 0.72291  0.75427 -0.70550 B   80 
 0.97250  0.67099 -0.53074 X   80 
 0.50650  0.95833 -0.81692 B   81 
 0.63991  1.09258 -0.96404 S   81 
 0.30897  0.74086 -0.92717 B   82 
 0.41265  0.64888 -1.08562 A   82 
 0.22246  0.67524 -0.61730 B   83 
 0.42813  0.42435 -0.57390 L   83 
 0.04115  0.96942 -0.61530 B   84 
 0.30470  1.06759 -0.44455 L   84 
-0.18130  0.91479 -0.77855 B   85 
-0.18721  0.89503 -1.03687 S   85 
-0.52439  0.87661 -0.83022 B   86 
-0.60555  1.07329 -0.94016 S   86 
-0.41043  0.63325 -0.97734 B   87 
-0.46135  0.51773 -1.24101 D   87 
-0.35882  0.31160 -0.82279 B   88 
-0.54767  0.29191 -0.63402 I   88 
-0.22318  0.11445 -1.01985 B   89 
-0.35073  0.13010 -1.25214 T   89 
 0.07504  0.13827 -0.93472 B   90 
 0.14707  0.32404 -1.02156 A   90 
 0.04369  0.05864 -0.63497 B   91 
 0.00865  0.30542 -0.52012 S   91 
-0.08457 -0.21548 -0.68168 B   92 
-0.34426 -0.20149 -0.71462 V   92 
 0.13118 -0.35018 -0.85336 B   93 
-0.00075 -0.29021 -1.15697 N   93 
 0.34623 -0.30707 -0.63564 B   94 
 0.53675 -0.09671 -0.61041 X   94 
 0.20640 -0.44664 -0.39811 B   95 
 0.05154 -0.31211 -0.33279 A   95 
 0.19601 -0.72735 -0.52660 B   96 
-0.17821 -0.70185 -0.80265 K   96 
 0.50596 -0.75619 -0.51171 B   97 
 0.66389 -0.62387 -0.83710 K   97 
 0.54764 -0.71572 -0.20850 B   98 
 0.56355 -0.40960 -0.16135 I   98 
 0.35904 -0.95058 -0.09788 B   99 
 0.12899 -0.92071 -0.09759 V   99 
 0.54178 -1.16557 -0.27791 B   100 
 0.36197 -1.14862 -0.46820 S   100 
 0.83456 -1.14737 -0.12603 B   101 
 1.01307 -0.93400 -0.12413 D   101 
 0.76160 -1.33079  0.17972 B   102 
 0.62317 -1.14018  0.42821 B   103 
 0.93277 -1.10061  0.51684 N   103 
 0.39919 -1.02230  0.31433 B   104 
 0.22278 -0.77706  0.49806 B   105 
-0.14559 -0.72739  0.37303 M   105 
 0.47500 -0.71952  0.68904 B   106 
 0.41892 -1.00120  0.85298 N   106 
 0.58650 -0.48740  0.50910 B   107 
 0.61574 -0.58126  0.32450 A   107 
 0.35656 -0.34205  0.67181 B   108 
 0.23203 -0.31123  0.22262 W   108 
 0.38296 -0.19521  0.96821 B   109 
 0.61661 -0.09812  1.00741 V   109 
 0.08612 -0.10476  1.00917 B   110 
 0.07056  0.08692  0.91430 A   110 
-0.03899 -0.37867  0.96374 B   111 
-0.11980 -0.70423  0.76605 W   111 
 0.11048 -0.53969  1.18254 B   112 
 0.52722 -0.57934  1.23800 R   112 
 0.04483 -0.32496  1.42888 B   113 
 0.36081 -0.26041  1.46477 N   113 
-0.29230 -0.27084  1.32843 B   114 
-0.21460  0.22307  1.37731 R   114 
-0.41361 -0.53713  1.15677 B   115 
-0.41652 -0.30475  0.93865 X   115 
-0.30063 -0.78046  1.25829 B   116 
 0.05537 -1.03095  1.16557 K   116 
-0.54079 -0.98980  1.41563 B   117 
-0.77998 -0.84005  1.31894 B   118 
-0.69786 -0.59848  1.36679 T   118 
-1.09465 -0.71270  1.21121 B   119 
-1.36025 -0.81560  1.24385 D   119 
-1.06846 -0.64160  0.87850 B   120 
-0.83874 -0.73480  0.84677 V   120 
-1.36548 -0.65378  0.77996 B   121 
-1.44855 -1.05998  0.82043 Q   121 
-1.44604 -0.37231  0.89528 B   122 
-1.42342 -0.39266  1.10027 A   122 
-1.32109 -0.21487  0.63771 B   123 
-1.00974 -0.05828  0.88683 W   123 
-1.58919 -0.32421  0.44838 B   124 
-1.43971 -0.50318  0.31461 I   124 
-1.81968 -0.22186  0.57344 B   125 
-1.77486 -0.55789  0.96517 R   125 
-2.09154 -0.10932  0.37586 B   126 
-1.97824 -0.21843  0.11784 B   127 
-1.70804 -0.05309  0.18138 X   127 
-2.02566 -0.24166 -0.24300 B   128 
-2.35156 -0.45010 -0.36471 R   128 
-1.92666 -0.58860 -0.35197 B   129 
-1.71505 -0.48621 -0.24139 L   129 
