246 
-0.88218 -0.04316  1.00340 B   1 
-0.83196 -0.44102  1.12758 K   1 
-0.63592 -0.06097  1.26303 B   2 
-0.61080  0.18951  1.32463 V   2 
-0.33674 -0.17731  1.25122 B   3 
-0.45432 -0.45843  0.94290 F   3 
-0.09299 -0.34951  1.35584 B   4 
 0.21425 -0.41308  1.29010 B   5 
 0.60696 -0.31219  1.44885 R   5 
 0.22913 -0.72876  1.33488 B   6 
 0.44963 -0.73993  1.55765 X   6 
-0.04708 -0.77130  1.19883 B   7 
-0.39949 -0.67866  1.33892 E   7 
 0.02285 -0.66893  0.91535 B   8 
-0.03045 -0.39188  0.79489 L   8 
 0.26675 -0.84411  0.85822 B   9 
 0.42749 -0.76818  0.98295 A   9 
 0.11415 -1.10888  0.86814 B   10 
 0.07210 -1.14668  1.07940 A   10 
-0.08625 -1.04725  0.63970 B   11 
-0.24528 -0.93015  0.72887 A   11 
 0.12186 -0.97457  0.42206 B   12 
 0.17956 -0.55055  0.46047 M   12 
 0.25464 -1.24805  0.42772 B   13 
 0.56520 -1.41848  0.67814 K   13 
 0.02164 -1.43515  0.36608 B   14 
-0.40150 -1.42785  0.53189 R   14 
-0.02042 -1.26176  0.08867 B   15 
-0.36352 -1.13494  0.22203 H   15 
 0.29898 -1.25136 -0.02690 B   16 
 0.49118 -0.97890  0.02338 B   17 
 0.25317 -0.75941  0.00277 L   17 
 0.73404 -1.11838  0.10158 B   18 
 0.89015 -1.16939  0.36115 D   18 
 0.96047 -1.05010 -0.14300 B   19 
 1.13526 -1.20440  0.07896 N   19 
 0.80783 -0.89592 -0.33482 B   20 
 0.43687 -0.96033 -0.56603 Y   20 
 0.99448 -0.80798 -0.58811 B   21 
 0.72484 -0.87238 -0.97372 R   21 
 1.23111 -0.78456 -0.34446 B   22 
 1.04652 -0.69063 -0.09523 B   23 
 1.07329 -0.31557 -0.37792 Y   23 
 1.06190 -0.67691  0.20768 B   24 
 1.26582 -0.66294  0.32222 S   24 
 0.83626 -0.66371  0.45333 B   25 
 0.66939 -0.89069  0.59187 L   25 
 0.93970 -0.39364  0.58428 B   26 
 0.86341 -0.21177  0.34600 B   27 
 1.15291 -0.24840  0.17644 N   27 
 0.55780 -0.24907  0.35565 B   28 
 0.53667 -0.46928 -0.03177 W   28 
 0.51822 -0.15681  0.64655 B   29 
 0.53614 -0.35197  0.81735 V   29 
 0.64923  0.11748  0.61348 B   30 
 0.91186  0.20670  0.61960 X   30 
 0.45614  0.22583  0.40080 B   31 
 0.51432  0.13085  0.21254 A   31 
 0.18948  0.19564  0.55478 B   32 
 0.13691 -0.01295  0.54814 A   32 
 0.26966  0.38107  0.78544 B   33 
 0.38246  0.42485  1.10445 K   33 
 0.32598  0.65160  0.59288 B   34 
 0.69266  0.65367  0.77877 F   34 
 0.05109  0.64240  0.42916 B   35 
 0.20361  0.58962  0.11638 E   35 
-0.17954  0.53806  0.67922 B   36 
-0.24360  0.35738  0.56795 S   36 
-0.11080  0.42847  0.96339 B   37 
-0.04991  0.62108  1.16702 N   37 
-0.27038  0.14625  0.93339 B   38 
 0.10688  0.04351  1.06718 F   38 
-0.53120  0.26907  0.77108 B   39 
-0.72660  0.43611  0.92691 N   39 
-0.78382  0.14927  0.56601 B   40 
-0.82693 -0.07850  0.65768 T   40 
-0.96088  0.43846  0.56687 B   41 
-1.26483  0.32828  0.80109 Q   41 
-0.76300  0.60242  0.41960 B   42 
-0.58906  0.62614  0.53741 A   42 
-0.79855  0.93523  0.27361 B   43 
-1.02832  0.86862  0.22203 T   43 
-0.65871  1.13050 -0.01389 B   44 
-0.46918  1.12090  0.26529 N   44 
-0.64565  1.41888 -0.16755 B   45 
-1.07521  1.51496 -0.41915 R   45 
-0.54971  1.52784 -0.48203 B   46 
-0.38013  1.23135 -0.45633 N   46 
-0.45952  1.77810 -0.68932 B   47 
-0.25641  1.91932 -0.61472 T   47 
-0.57108  1.60126 -0.95015 B   48 
-0.42341  1.38107 -0.95756 D   48 
-0.85139  1.47211 -0.80122 B   49 
-0.76830  1.24155 -0.68254 B   50 
-0.58639  1.12104 -0.79564 S   50 
-0.74311  0.93430 -0.46664 B   51 
-0.94555  1.05830 -0.33336 T   51 
-0.63140  0.78909 -0.17736 B   52 
-0.31108  0.85698 -0.28084 D   52 
-0.63944  0.43528 -0.07047 B   53 
-1.03353  0.63005 -0.26413 Y   53 
-0.57376  0.30338  0.21626 B   54 
-0.29072  0.14228  0.35180 B   55 
-0.30948 -0.07959  0.50783 I   55 
-0.14599  0.21917  0.04042 B   56 
 0.01807 -0.05504  0.07521 L   56 
-0.24972  0.45710 -0.11783 B   57 
-0.32202  0.68514  0.13163 Q   57 
-0.43655  0.40012 -0.36084 B   58 
-0.38190  0.09844 -0.40638 I   58 
-0.49198  0.53657 -0.67169 B   59 
-0.38600  0.80494 -0.76946 N   59 
-0.76887  0.65926 -0.87961 B   60 
-0.88520  0.80693 -0.74849 S   60 
-0.62267  0.71120 -1.16610 B   61 
-0.57589  1.13101 -1.24468 R   61 
-0.51999  0.38464 -1.19247 B   62 
-0.18970  0.64089 -1.37440 W   62 
-0.64947  0.14811 -0.97933 B   63 
-0.21175  0.14017 -0.99793 W   63 
-0.93299  0.28430 -0.89577 B   64 
-0.90520  0.27831 -0.63720 X   64 
-1.28674  0.33814 -0.84629 B   65 
-1.47075  0.38369 -1.07495 N   65 
-1.47746  0.65546 -0.73898 B   66 
-1.25988  0.80707 -0.69054 D   66 
-1.64953  0.83713 -0.95744 B   67 
-1.42789  1.12384 -0.94164 B   68 
-1.39717  1.23556 -0.48217 R   68 
-1.19520  1.04300 -1.17858 B   69 
-1.03130  1.00051 -0.98736 T   69 
-1.09141  1.16709 -1.44188 B   70 
-1.17483  1.35545 -1.38417 P   70 
-0.91849  0.95204 -1.63977 B   71 
-0.94561  0.67720 -1.52510 B   72 
-1.07101  0.69224 -1.32382 S   72 
-0.84517  0.30981 -1.49949 B   73 
-0.64169  0.31572 -1.79315 R   73 
-0.87273  0.05803 -1.30707 B   74 
-1.10984  0.00127 -1.17100 N   74 
-0.64051 -0.18052 -1.29448 B   75 
-0.42628 -0.00601 -1.46307 L   75 
-0.76607 -0.34785 -1.03594 B   76 
-0.51922 -0.26566 -0.86621 X   76 
-1.06351 -0.37290 -1.06518 B   77 
-1.19795 -0.49589 -1.26825 N   77 
-1.18363 -0.15296 -0.83471 B   78 
-1.07854 -0.35099 -0.64385 I   78 
-1.33016 -0.02520 -0.58415 B   79 
-1.50679 -0.13551 -0.60182 P   79 
-1.18978  0.19057 -0.37063 B   80 
-1.08727  0.41315 -0.56993 X   80 
-1.34959  0.08428 -0.11754 B   81 
-1.57617  0.10491 -0.19302 S   81 
-1.20651 -0.19458 -0.10221 B   82 
-1.26721 -0.29622 -0.27629 A   82 
-0.94050 -0.04162  0.01464 B   83 
-0.78636 -0.01112 -0.27249 L   83 
-1.10433 -0.00727  0.31696 B   84 
-1.14041  0.29861  0.20126 L   84 
-1.10647 -0.26718  0.42449 B   85 
-1.25270 -0.46798  0.35068 S   85 
-1.01766 -0.50150  0.66750 B   86 
-1.20799 -0.53899  0.80795 S   86 
-0.96370 -0.65529  0.40809 B   87 
-1.03121 -0.92526  0.31856 D   87 
-0.64621 -0.65497  0.23719 B   88 
-0.46187 -0.62436  0.42895 I   88 
-0.66319 -0.81387 -0.02844 B   89 
-0.78576 -1.04399  0.02147 T   89 
-0.70828 -0.58482 -0.23401 B   90 
-0.91786 -0.52984 -0.21682 A   90 
-0.45344 -0.41645 -0.17175 B   91 
-0.55167 -0.24341  0.01728 S   91 
-0.24803 -0.63711 -0.22549 B   92 
-0.20821 -0.79129 -0.01726 V   92 
-0.31640 -0.70825 -0.51606 B   93 
-0.51489 -0.97362 -0.45800 N   93 
-0.26964 -0.41737 -0.60934 B   94 
-0.45902 -0.20751 -0.64520 X   94 
 0.01935 -0.37749 -0.50765 B   95 
 0.00448 -0.35235 -0.29436 A   95 
 0.14611 -0.59908 -0.68156 B   96 
 0.05605 -0.98629 -0.43896 K   96 
 0.09210 -0.43822 -0.94295 B   97 
-0.25173 -0.53608 -1.08625 K   97 
 0.24167 -0.17679 -0.87520 B   98 
 0.04381 -0.00079 -0.71378 I   98 
 0.53371 -0.29683 -0.81801 B   99 
 0.57476 -0.40424 -0.61654 V   99 
 0.52760 -0.42632 -1.12659 B   100 
 0.44469 -0.65253 -1.02275 S   100 
 0.53000 -0.15371 -1.31312 B   101 
 0.32705  0.03408 -1.34385 D   101 
 0.87561 -0.04790 -1.27057 B   102 
 0.93042  0.14435 -0.99258 B   103 
 0.87294  0.38877 -1.19807 N   103 
 0.83395 -0.00519 -0.77959 B   104 
 0.81861  0.14347 -0.45915 B   105 
 0.80418 -0.11959 -0.16866 M   105 
 0.82793  0.44056 -0.58185 B   106 
 1.15150  0.40868 -0.64226 N   106 
 0.51535  0.46823 -0.59656 B   107 
 0.45987  0.30761 -0.71847 A   107 
 0.57419  0.53002 -0.29129 B   108 
 0.30352  0.14927 -0.29302 W   108 
 0.64612  0.82470 -0.15678 B   109 
 0.53634  1.01814 -0.28362 V   109 
 0.68674  0.73840  0.14134 B   110 
 0.49166  0.74415  0.23020 A   110 
 0.89194  0.52042  0.08550 B   111 
 1.02711  0.19173 -0.07355 W   111 
 1.10604  0.68894 -0.06250 B   112 
 1.05630  0.93079 -0.40507 R   112 
 1.12210  0.92825  0.16896 B   113 
 1.01155  1.14827 -0.04239 N   113 
 1.11135  0.70149  0.44308 B   114 
 0.76085  0.99282  0.65438 R   114 
 1.23070  0.39641  0.35490 B   115 
 0.92509  0.33626  0.42255 X   115 
 1.44107  0.42414  0.16189 B   116 
 1.46850  0.43397 -0.28221 K   116 
 1.75789  0.32237  0.28650 B   117 
 1.65313  0.19130  0.53314 B   118 
 1.48472  0.37444  0.60721 T   118 
 1.57831  0.00283  0.82593 B   119 
 1.74614 -0.15728  0.99444 D   119 
 1.31038 -0.19609  0.75462 B   120 
 1.29585 -0.13941  0.51164 V   120 
 1.33825 -0.42925  0.96183 B   121 
 1.68240 -0.61984  0.82480 Q   121 
 1.22743 -0.26466  1.20605 B   122 
 1.36486 -0.11157  1.23111 A   122 
 0.91687 -0.31923  1.12051 B   123 
 0.87441  0.09449  1.01780 W   123 
 0.95067 -0.64596  1.22908 B   124 
 0.95641 -0.74336  0.97859 I   124 
 1.01736 -0.63074  1.50214 B   125 
 1.49614 -0.46659  1.39168 R   125 
 0.88525 -0.86898  1.72886 B   126 
 0.77189 -1.04592  1.51171 B   127 
 0.61770 -0.78583  1.39787 X   127 
 0.57511 -1.34505  1.44250 B   128 
 0.73935 -1.69568  1.56315 R   128 
 0.73262 -1.52381  1.15048 B   129 
 0.66982 -1.28738  1.06305 L   129 
