246 
-0.58813  0.85113  0.84652 B   1 
-0.93071  0.62987  0.94611 K   1 
-0.52663  0.65409  1.13938 B   2 
-0.30453  0.75808  1.22320 V   2 
-0.48839  0.33625  1.16567 B   3 
-0.74508  0.27326  0.82208 F   3 
-0.54119  0.05191  1.29364 B   4 
-0.44539 -0.25325  1.27216 B   5 
-0.19796 -0.53163  1.49773 R   5 
-0.72113 -0.41247  1.29434 B   6 
-0.66052 -0.58760  1.54738 X   6 
-0.86683 -0.20558  1.11385 B   7 
-0.96863  0.16043  1.20370 E   7 
-0.70469 -0.24649  0.85353 B   8 
-0.46979 -0.07988  0.74785 L   8 
-0.73709 -0.54881  0.82203 B   9 
-0.61398 -0.64015  0.97585 A   9 
-1.04080 -0.54111  0.78756 B   10 
-1.12329 -0.50101  0.98609 A   10 
-1.04715 -0.36000  0.53597 B   11 
-1.03088 -0.15622  0.60785 A   11 
-0.85642 -0.52899  0.35985 B   12 
-0.46409 -0.37290  0.43926 M   12 
-1.03516 -0.77491  0.36521 B   13 
-1.07617 -1.10190  0.64735 K   13 
-1.29793 -0.66722  0.25366 B   14 
-1.51077 -0.27764  0.35121 R   14 
-1.12629 -0.57587 -0.01278 B   15 
-1.19291 -0.20233  0.07453 H   15 
-0.95306 -0.86137 -0.07575 B   16 
-0.63284 -0.89384  0.02479 B   17 
-0.54792 -0.58339 -0.01593 L   17 
-0.65367 -1.16446  0.12912 B   18 
-0.66292 -1.29869  0.40524 D   18 
-0.45449 -1.35428 -0.07100 B   19 
-0.54016 -1.55797  0.16309 N   19 
-0.36296 -1.16691 -0.27195 B   20 
-0.55812 -0.89744 -0.56266 Y   20 
-0.16373 -1.31351 -0.48536 B   21 
-0.29012 -1.14813 -0.91224 R   21 
-0.06834 -1.48407 -0.20659 B   22 
-0.10686 -1.25281  0.01712 B   23 
 0.27386 -1.12573 -0.22824 Y   23 
-0.13070 -1.22891  0.31884 B   24 
-0.04041 -1.38855  0.46465 S   24 
-0.25836 -1.00075  0.52640 B   25 
-0.55384 -0.94948  0.61925 L   25 
 0.00728 -0.94872  0.69228 B   26 
 0.16495 -0.81947  0.45967 B   27 
 0.29085 -1.10682  0.33524 N   27 
-0.01041 -0.56961  0.41844 B   28 
-0.15797 -0.69571  0.01675 W   28 
 0.01076 -0.46146  0.70577 B   29 
-0.17597 -0.55298  0.86177 V   29 
 0.31610 -0.44812  0.71478 B   30 
 0.51480 -0.63408  0.76880 X   30 
 0.35177 -0.24947  0.48345 B   31 
 0.32227 -0.36473  0.29989 A   31 
 0.18018 -0.01556  0.59097 B   32 
-0.02575 -0.06999  0.56019 A   32 
 0.34684  0.02647  0.84490 B   33 
 0.39208 -0.01865  1.18005 K   33 
 0.63696  0.08700  0.68488 B   34 
 0.78201 -0.21313  0.92551 F   34 
 0.52498  0.30586  0.47991 B   35 
 0.59369  0.11578  0.19176 E   35 
 0.29152  0.48267  0.68200 B   36 
 0.11955  0.44096  0.54853 S   36 
 0.18710  0.39920  0.96417 B   37 
 0.35496  0.45876  1.18900 N   37 
-0.12945  0.40060  0.88796 B   38 
-0.06384  0.03590  1.07090 F   38 
-0.11958  0.67039  0.69672 B   39 
-0.08586  0.93653  0.83238 N   39 
-0.31219  0.81279  0.44602 B   40 
-0.54447  0.75092  0.51204 T   40 
-0.14112  1.10553  0.44134 B   41 
-0.41134  1.34193  0.61590 Q   41 
 0.11480  0.99620  0.33992 B   42 
 0.19931  0.86771  0.48498 A   42 
 0.41034  1.17137  0.21615 B   43 
 0.25307  1.33482  0.12425 T   43 
 0.68668  1.11341 -0.03004 B   44 
 0.72636  0.97179  0.27381 N   44 
 0.96690  1.22416 -0.15716 B   45 
 0.88799  1.61935 -0.46481 R   45 
 1.15124  1.16054 -0.44343 B   46 
 0.96655  0.87354 -0.41432 N   46 
 1.44138  1.18032 -0.61419 B   47 
 1.64834  1.07810 -0.49808 T   47 
 1.27200  1.16671 -0.90208 B   48 
 1.14865  0.93192 -0.90315 D   48 
 1.00820  1.36476 -0.80926 B   49 
 0.82802  1.19418 -0.69708 B   50 
 0.82272  0.96638 -0.78921 S   50 
 0.54014  1.04736 -0.50414 B   51 
 0.53613  1.29678 -0.39509 T   51 
 0.42371  0.90990 -0.21295 B   52 
 0.64596  0.65229 -0.25945 D   52 
 0.09518  0.75877 -0.13612 B   53 
 0.11082  1.17603 -0.37359 Y   53 
-0.03054  0.66758  0.14637 B   54 
-0.05984  0.35739  0.31179 B   55 
-0.28483  0.28363  0.44546 I   55 
 0.11855  0.23619  0.03376 B   56 
-0.05048 -0.03442  0.07266 L   56 
 0.30125  0.42429 -0.12004 B   57 
 0.43200  0.62164  0.13178 Q   57 
 0.19944  0.53543 -0.39296 B   58 
-0.03285  0.33901 -0.45241 I   58 
 0.33730  0.61741 -0.69725 B   59 
 0.63506  0.64318 -0.75631 N   59 
 0.34609  0.89652 -0.93593 B   60 
 0.40292  1.08189 -0.81370 S   60 
 0.49980  0.76465 -1.19114 B   61 
 0.90000  0.91637 -1.22895 R   61 
 0.26524  0.51638 -1.22610 B   62 
 0.66808  0.33208 -1.33383 W   62 
-0.03189  0.53804 -1.05467 B   63 
 0.16627  0.15038 -1.00503 W   63 
-0.05568  0.85900 -1.00634 B   64 
-0.08475  0.85815 -0.74785 X   64 
-0.17920  1.19844 -1.00890 B   65 
-0.19203  1.35755 -1.25938 N   65 
-0.00493  1.52734 -0.90874 B   66 
 0.22152  1.41481 -0.81532 D   66 
 0.10546  1.74208 -1.13685 B   67 
 0.45666  1.68723 -1.06456 B   68 
 0.50347  1.76045 -0.59875 R   68 
 0.52714  1.42149 -1.26763 B   69 
 0.53865  1.27759 -1.05693 T   69 
 0.72110  1.36345 -1.50111 B   70 
 0.83917  1.53208 -1.44288 P   70 
 0.64093  1.08973 -1.68539 B   71 
 0.37159  0.99376 -1.59784 B   72 
 0.29821  1.13082 -1.41812 S   72 
 0.09288  0.73322 -1.58509 B   73 
 0.23382  0.52866 -1.84192 R   73 
-0.16751  0.65656 -1.41927 B   74 
-0.34616  0.85018 -1.32679 N   74 
-0.27065  0.34124 -1.38882 B   75 
 0.00507  0.22053 -1.50787 L   75 
-0.51185  0.39714 -1.16676 B   76 
-0.34981  0.23822 -0.95466 X   76 
-0.66720  0.64176 -1.24407 B   77 
-0.80822  0.67972 -1.47453 N   77 
-0.56296  0.87505 -1.01905 B   78 
-0.71474  0.70814 -0.82987 I   78 
-0.55445  1.08940 -0.78548 B   79 
-0.73019  1.18905 -0.83901 P   79 
-0.33097  1.09165 -0.53668 B   80 
-0.06049  1.08827 -0.69977 X   80 
-0.53381  1.20604 -0.32066 B   81 
-0.60985  1.40596 -0.42888 S   81 
-0.71386  0.94954 -0.30457 B   82 
-0.80619  0.93628 -0.49328 A   82 
-0.47352  0.80234 -0.13610 B   83 
-0.33481  0.65323 -0.39233 L   83 
-0.56211  0.99241  0.13856 B   84 
-0.29469  1.15826  0.04247 L   84 
-0.80582  0.88106  0.22416 B   85 
-1.03873  0.90525  0.11315 S   85 
-1.00428  0.71632  0.45936 B   86 
-1.14505  0.87877  0.56496 S   86 
-1.07712  0.56942  0.20057 B   87 
-1.33193  0.49028  0.08111 D   87 
-0.90576  0.27515  0.08204 B   88 
-0.82090  0.14839  0.30208 I   88 
-1.01500  0.18709 -0.19438 B   89 
-1.28017  0.18920 -0.18210 T   89 
-0.80625  0.31497 -0.38627 B   90 
-0.85750  0.52587 -0.39795 A   90 
-0.54985  0.17933 -0.27212 B   91 
-0.47065  0.36690 -0.08809 S   91 
-0.64033 -0.11078 -0.30981 B   92 
-0.78638 -0.19803 -0.11037 V   92 
-0.69301 -0.11461 -0.61209 B   93 
-1.02529 -0.06226 -0.60639 N   93 
-0.40357 -0.02594 -0.67428 B   94 
-0.30242  0.23592 -0.72314 X   94 
-0.24942 -0.24876 -0.52582 B   95 
-0.26455 -0.20211 -0.31620 A   95 
-0.36006 -0.48289 -0.69422 B   96 
-0.77500 -0.56461 -0.49918 K   96 
-0.20719 -0.38546 -0.94771 B   97 
-0.43154 -0.14672 -1.15019 K   97 
 0.08119 -0.38423 -0.83751 B   98 
 0.12080 -0.11110 -0.69603 I   98 
 0.10310 -0.69061 -0.74466 B   99 
-0.00049 -0.75727 -0.54810 V   99 
 0.03072 -0.77847 -1.05941 B   100 
-0.22034 -0.80363 -0.98752 S   100 
 0.29686 -0.66930 -1.22178 B   101 
 0.37170 -0.40562 -1.26940 D   101 
 0.54329 -0.91603 -1.11762 B   102 
 0.69746 -0.84380 -0.82054 B   103 
 0.91393 -0.69776 -1.01311 N   103 
 0.49176 -0.80941 -0.63741 B   104 
 0.56932 -0.69246 -0.31287 B   105 
 0.29122 -0.77602 -0.04929 M   105 
 0.85104 -0.57115 -0.40941 B   106 
 0.98137 -0.87488 -0.42067 N   106 
 0.73277 -0.28665 -0.47074 B   107 
 0.58382 -0.32734 -0.61180 A   107 
 0.77076 -0.27749 -0.15619 B   108 
 0.31259 -0.22332 -0.22952 W   108 
 1.04286 -0.18583  0.01016 B   109 
 1.17936 -0.01052 -0.11708 V   109 
 0.94383 -0.23222  0.30343 B   110 
 0.84603 -0.05021  0.36082 A   110 
 0.85590 -0.52109  0.26386 B   111 
 0.65331 -0.81220  0.10318 W   111 
 1.12340 -0.64246  0.16461 B   112 
 1.36064 -0.51832 -0.16193 R   112 
 1.30744 -0.51865  0.41341 B   113 
 1.47884 -0.33855  0.20488 N   113 
 1.06513 -0.58975  0.66423 B   114 
 1.12801 -0.12326  0.83976 R   114 
 0.86584 -0.84858  0.57266 B   115 
 0.66225 -0.60375  0.58679 X   115 
 1.01479 -1.03852  0.41770 B   116 
 1.09906 -1.10287 -0.01454 K   116 
 1.05459 -1.35094  0.58220 B   117 
 0.85644 -1.29708  0.79859 B   118 
 0.92833 -1.05511  0.85921 T   118 
 0.61537 -1.29208  1.06070 B   119 
 0.52897 -1.49790  1.24062 D   119 
 0.32746 -1.16053  0.93325 B   120 
 0.40481 -1.14545  0.69606 V   120 
 0.10691 -1.27518  1.12374 B   121 
 0.11873 -1.68045  1.02807 Q   121 
 0.16506 -1.07504  1.35949 B   122 
 0.35905 -1.11930  1.41745 A   122 
-0.01422 -0.83879  1.22243 B   123 
 0.34279 -0.61455  1.14642 W   123 
-0.29993 -1.01332  1.30955 B   124 
-0.34699 -1.09030  1.05631 I   124 
-0.29449 -1.03652  1.59003 B   125 
 0.08630 -1.38714  1.56886 R   125 
-0.59625 -1.01200  1.77429 B   126 
-0.77274 -1.01965  1.52912 B   127 
-0.60029 -0.77242  1.41285 X   127 
-1.11574 -0.99784  1.40718 B   128 
-1.36375 -1.29640  1.52479 R   128 
-1.15791 -1.25034  1.13058 B   129 
-0.96764 -1.09148  1.05281 L   129 
