246 
-0.66278  1.16088  0.00034 B   1 
-1.03257  1.03376 -0.15239 K   1 
-0.88320  1.07289  0.26876 B   2 
-0.75529  1.17069  0.47185 V   2 
-0.98358  0.78231  0.36185 B   3 
-0.94831  0.63588 -0.04464 F   3 
-1.20062  0.56997  0.45027 B   4 
-1.22664  0.26714  0.55215 B   5 
-1.30631  0.05658  0.92487 R   5 
-1.47941  0.16201  0.38803 B   6 
-1.66654  0.08051  0.62618 X   6 
-1.38625  0.30917  0.13059 B   7 
-1.38878  0.69319  0.06042 E   7 
-1.11956  0.15947  0.08367 B   8 
-0.83613  0.24736  0.16143 L   8 
-1.22341 -0.12803  0.08429 B   9 
-1.27452 -0.17444  0.29019 A   9 
-1.40031 -0.09457 -0.16284 B   10 
-1.57322  0.02265 -0.09814 A   10 
-1.17594 -0.01387 -0.36105 B   11 
-1.14324  0.19837 -0.33206 A   11 
-0.98973 -0.25653 -0.31210 B   12 
-0.72770 -0.13344  0.00537 M   12 
-1.19629 -0.46028 -0.40307 B   13 
-1.52223 -0.65966 -0.19762 K   13 
-1.26068 -0.36621 -0.68609 B   14 
-1.33427  0.05641 -0.83630 R   14 
-0.93849 -0.39652 -0.74988 B   15 
-0.91333 -0.01085 -0.79701 H   15 
-0.87871 -0.70543 -0.62150 B   16 
-0.74307 -0.74080 -0.31481 B   17 
-0.55357 -0.47771 -0.32582 L   17 
-0.91845 -0.95274 -0.22058 B   18 
-1.15348 -0.97936 -0.02463 D   18 
-0.71780 -1.22421 -0.17818 B   19 
-0.99958 -1.32036 -0.05579 N   19 
-0.45965 -1.13233 -0.27189 B   20 
-0.30502 -0.95948 -0.64796 Y   20 
-0.23542 -1.36835 -0.24471 B   21 
 0.01981 -1.34851 -0.64474 R   21 
-0.41488 -1.44099  0.03533 B   22 
-0.50997 -1.14310  0.12038 B   23 
-0.05024 -1.15929  0.21882 Y   23 
-0.71775 -1.01216  0.29887 B   24 
-0.80872 -1.12063  0.48558 S   24 
-0.86259 -0.71155  0.30820 B   25 
-1.10355 -0.59408  0.14481 L   25 
-0.77781 -0.63870  0.60534 B   26 
-0.47443 -0.62022  0.54798 B   27 
-0.40607 -0.94641  0.60121 N   27 
-0.47870 -0.38063  0.35443 B   28 
-0.35371 -0.61978 -0.00084 W   28 
-0.61820 -0.18224  0.54386 B   29 
-0.87728 -0.18889  0.52354 V   29 
-0.41616 -0.20531  0.77221 B   30 
-0.38302 -0.38406  0.98180 X   30 
-0.17124 -0.10654  0.61565 B   31 
-0.10852 -0.27411  0.48980 A   31 
-0.27707  0.16991  0.52566 B   32 
-0.41245  0.13464  0.36212 A   32 
-0.32004  0.27684  0.80981 B   33 
-0.52749  0.34671  1.07151 K   33 
 0.00002  0.24025  0.90809 B   34 
-0.16525  0.02773  1.21880 F   34 
 0.13598  0.38568  0.65745 B   35 
 0.30797  0.09961  0.54579 E   35 
-0.09325  0.65009  0.59309 B   36 
-0.13358  0.58635  0.38467 S   36 
-0.37839  0.68472  0.71551 B   37 
-0.39529  0.79757  0.97867 N   37 
-0.53832  0.69933  0.43227 B   38 
-0.74032  0.41671  0.65611 F   38 
-0.31290  0.88142  0.27263 B   39 
-0.28959  1.17168  0.34730 N   39 
-0.22645  0.95005 -0.05607 B   40 
-0.44611  0.94514 -0.17383 T   40 
-0.00948  1.19845  0.02272 B   41 
-0.22463  1.51317 -0.09579 Q   41 
 0.19099  1.02910  0.16005 B   42 
 0.10729  0.95002  0.33735 A   42 
 0.52974  1.11092  0.26913 B   43 
 0.54164  1.25028  0.06830 T   43 
 0.85734  0.93592  0.31802 B   44 
 0.63400  0.90597  0.56938 N   44 
 1.16613  0.95872  0.42328 B   45 
 1.45234  1.22761  0.10261 R   45 
 1.45706  0.77605  0.37890 B   46 
 1.21678  0.54326  0.30541 N   46 
 1.77036  0.69788  0.47619 B   47 
 1.79640  0.61756  0.72038 T   47 
 1.84372  0.60577  0.16332 B   48 
 1.68214  0.40310  0.10712 D   48 
 1.67397  0.85544  0.00122 B   49 
 1.42133  0.75922 -0.03144 B   50 
 1.40117  0.51621 -0.06217 S   50 
 1.05150  0.72699 -0.09338 B   51 
 1.06161  0.99718 -0.06154 T   51 
 0.73394  0.71619  0.03426 B   52 
 0.82499  0.43274  0.20539 D   52 
 0.41254  0.64441 -0.13371 B   53 
 0.72276  0.94642 -0.34178 Y   53 
 0.11035  0.67467 -0.02558 B   54 
-0.12467  0.44850  0.10876 B   55 
-0.38838  0.45533  0.04289 I   55 
 0.13719  0.21603  0.07409 B   56 
-0.09356 -0.00010  0.01612 L   56 
 0.42508  0.31359  0.07844 B   57 
 0.41257  0.56847  0.31156 Q   57 
 0.57610  0.33395 -0.19355 B   58 
 0.39372  0.16019 -0.37417 I   58 
 0.89768  0.28595 -0.30581 B   59 
 1.14405  0.25153 -0.12992 N   59 
 1.15702  0.46020 -0.49903 B   60 
 1.17708  0.66788 -0.40416 S   60 
 1.38366  0.22895 -0.53514 B   61 
 1.72716  0.30592 -0.28879 R   61 
 1.16583  0.01596 -0.69346 B   62 
 1.44282 -0.24375 -0.44110 W   62 
 0.86158  0.13370 -0.80165 B   63 
 0.82845 -0.23370 -0.56516 W   63 
 0.92318  0.45149 -0.83523 B   64 
 0.73213  0.54497 -0.68546 X   64 
 0.95837  0.78122 -0.97851 B   65 
 1.17018  0.84270 -1.17745 N   65 
 1.12030  1.09951 -0.83344 B   66 
 1.17086  0.99920 -0.58838 D   66 
 1.41836  1.20489 -0.93536 B   67 
 1.58574  1.13492 -0.62125 B   68 
 1.33307  1.36022 -0.28968 R   68 
 1.67668  0.80824 -0.66399 B   69 
 1.49555  0.74709 -0.49462 T   69 
 1.94092  0.64804 -0.66723 B   70 
 2.03852  0.81001 -0.56719 P   70 
 1.91630  0.33957 -0.80705 B   71 
 1.64604  0.31524 -0.93269 B   72 
 1.52474  0.51469 -0.88826 S   72 
 1.36298  0.11316 -1.09006 B   73 
 1.55739 -0.18451 -1.12575 R   73 
 1.05338  0.13305 -1.16024 B   74 
 0.93907  0.36772 -1.25933 N   74 
 0.85688 -0.13586 -1.16868 B   75 
 1.07836 -0.32446 -1.02674 L   75 
 0.56800  0.02433 -1.20740 B   76 
 0.48114 -0.06929 -0.92423 X   76 
 0.59920  0.24388 -1.40932 B   77 
 0.67098  0.21616 -1.67109 N   77 
 0.59906  0.52606 -1.21881 B   78 
 0.31555  0.45666 -1.18020 I   78 
 0.52299  0.80576 -1.09014 B   79 
 0.47538  0.90169 -1.26961 P   79 
 0.50771  0.86680 -0.76167 B   80 
 0.79493  0.77231 -0.67029 X   80 
 0.26836  1.07430 -0.78496 B   81 
 0.35765  1.23151 -0.94236 S   81 
 0.05021  0.86467 -0.86822 B   82 
 0.10928  0.79789 -1.05892 A   82 
 0.04844  0.75673 -0.55813 B   83 
 0.25988  0.51102 -0.60337 L   83 
-0.12786  1.04058 -0.47000 B   84 
 0.17063  1.12700 -0.36188 L   84 
-0.38499  0.99804 -0.57579 B   85 
-0.45833  1.01103 -0.82400 S   85 
-0.72938  0.95268 -0.54139 B   86 
-0.83777  1.15824 -0.59929 S   86 
-0.65645  0.73487 -0.74411 B   87 
-0.77403  0.65178 -0.99852 D   87 
-0.56407  0.39859 -0.65252 B   88 
-0.69666  0.34735 -0.42563 I   88 
-0.48363  0.23380 -0.90246 B   89 
-0.66775  0.27358 -1.08952 T   89 
-0.17368  0.25883 -0.89515 B   90 
-0.12814  0.45693 -0.97212 A   90 
-0.12479  0.14056 -0.61091 B   91 
-0.13004  0.36911 -0.45906 S   91 
-0.25907 -0.13044 -0.65890 B   92 
-0.51839 -0.12305 -0.62123 V   92 
-0.09506 -0.23328 -0.89699 B   93 
-0.30239 -0.14070 -1.14524 N   93 
 0.16929 -0.20938 -0.73871 B   94 
 0.35843  0.00372 -0.73591 X   94 
 0.09756 -0.38361 -0.49387 B   95 
-0.03559 -0.26494 -0.37331 A   95 
 0.05562 -0.64591 -0.65151 B   96 
-0.37808 -0.60095 -0.81518 K   96 
 0.35879 -0.66367 -0.72144 B   97 
 0.42498 -0.48472 -1.05600 K   97 
 0.47830 -0.66035 -0.43681 B   98 
 0.50407 -0.36231 -0.35501 I   98 
 0.32681 -0.91490 -0.31342 B   99 
 0.10471 -0.89478 -0.24954 V   99 
 0.45729 -1.09761 -0.56167 B   100 
 0.23375 -1.06401 -0.69483 S   100 
 0.77953 -1.08684 -0.48984 B   101 
 0.95093 -0.86829 -0.50583 D   101 
 0.79050 -1.31045 -0.20291 B   102 
 0.72091 -1.15879  0.09609 B   103 
 1.04265 -1.11812  0.10591 N   103 
 0.47415 -1.03669  0.06092 B   104 
 0.35056 -0.82422  0.31509 B   105 
-0.03801 -0.77424  0.29759 M   105 
 0.64368 -0.78109  0.44008 B   106 
 0.63437 -1.08338  0.57388 N   106 
 0.70259 -0.52362  0.27000 B   107 
 0.68298 -0.59199  0.07333 A   107 
 0.52248 -0.40968  0.50463 B   108 
 0.28428 -0.32720  0.11132 W   108 
 0.62477 -0.30072  0.80089 B   109 
 0.85990 -0.19988  0.79078 V   109 
 0.34851 -0.22846  0.92907 B   110 
 0.30739 -0.02708  0.86790 A   110 
 0.21761 -0.49929  0.88152 B   111 
 0.08983 -0.80014  0.66995 W   111 
 0.42025 -0.68052  1.03061 B   112 
 0.83719 -0.70975  0.97036 R   112 
 0.42017 -0.50169  1.31190 B   113 
 0.73408 -0.42931  1.27294 N   113 
 0.06815 -0.44913  1.31040 B   114 
 0.15282  0.03734  1.40288 R   114 
-0.09224 -0.69622  1.14213 B   115 
-0.15375 -0.43834  0.96521 X   115 
 0.04495 -0.94563  1.17752 B   116 
 0.36574 -1.16749  0.96316 K   116 
-0.14418 -1.18294  1.36237 B   117 
-0.40131 -1.03207  1.35183 B   118 
-0.31105 -0.79536  1.40852 T   118 
-0.73402 -0.90509  1.34732 B   119 
-0.98110 -1.02211  1.43366 D   119 
-0.79649 -0.79129  1.03174 B   120 
-0.58254 -0.87020  0.92942 V   120 
-1.10887 -0.80304  1.01284 B   121 
-1.17583 -1.21416  1.01892 Q   121 
-1.15814 -0.54204  1.18155 B   122 
-1.08241 -0.58732  1.36908 A   122 
-1.10613 -0.34817  0.92378 B   123 
-0.74133 -0.21184  1.10227 W   123 
-1.41381 -0.44349  0.79758 B   124 
-1.30353 -0.59773  0.60701 I   124 
-1.60407 -0.36740  0.99059 B   125 
-1.45592 -0.74833  1.30890 R   125 
-1.91895 -0.24193  0.88705 B   126 
-1.87661 -0.31264  0.59632 B   127 
-1.60026 -0.14576  0.60913 X   127 
-2.01688 -0.29179  0.26035 B   128 
-2.36197 -0.49628  0.20059 R   128 
-1.94774 -0.61771  0.08419 B   129 
-1.71519 -0.52160  0.14878 L   129 
