246 
 0.21915 -0.60756  1.17036 B   1 
 0.63868 -0.59642  1.18087 K   1 
 0.33029 -0.31241  1.34040 B   2 
 0.10912 -0.23139  1.44851 V   2 
 0.46896 -0.04894  1.21986 B   3 
 0.64445 -0.28315  0.90008 F   3 
 0.68656  0.18035  1.21045 B   4 
 0.76111  0.44737  1.04950 B   5 
 0.74644  0.87802  1.11218 R   5 
 1.07714  0.41934  1.01459 B   6 
 1.16949  0.68207  1.15889 X   6 
 1.05374  0.11533  0.95428 B   7 
 0.96654 -0.17198  1.20379 E   7 
 0.88722  0.13078  0.69397 B   8 
 0.58418  0.09730  0.66002 L   8 
 1.06464  0.32059  0.53292 B   9 
 1.04134  0.51713  0.62228 A   9 
 1.30562  0.13264  0.52352 B   10 
 1.39384  0.13720  0.72357 A   10 
 1.16543 -0.10376  0.37998 B   11 
 1.06082 -0.21448  0.53410 A   11 
 1.05890  0.05468  0.13604 B   12 
 0.66852  0.19041  0.25340 M   12 
 1.33601  0.13695  0.04171 B   13 
 1.59749  0.46565  0.15027 K   13 
 1.47535 -0.13208  0.00564 B   14 
 1.46964 -0.49510  0.27910 R   14 
 1.23103 -0.21022 -0.20170 B   15 
 1.11021 -0.48452  0.04681 H   15 
 1.22264  0.06879 -0.39551 B   16 
 0.99432  0.31044 -0.33912 B   17 
 0.75434  0.11491 -0.24204 L   17 
 1.17344  0.53799 -0.36541 B   18 
 1.30725  0.74138 -0.17814 D   18 
 1.06581  0.70668 -0.64057 B   19 
 1.29050  0.90146 -0.51730 N   19 
 0.85149  0.54033 -0.74187 B   20 
 0.81411  0.11908 -0.86979 Y   20 
 0.71867  0.67222 -1.00962 B   21 
 0.65043  0.31043 -1.30963 R   21 
 0.78504  0.96123 -0.84237 B   22 
 0.74266  0.86091 -0.53715 B   23 
 0.31059  0.88117 -0.72210 Y   23 
 0.81170  0.95119 -0.25562 B   24 
 0.84946  1.17612 -0.20195 S   24 
 0.84160  0.79721  0.03904 B   25 
 1.07916  0.63310  0.16229 L   25 
 0.62805  0.97315  0.19470 B   26 
 0.38255  0.87318  0.03529 B   27 
 0.40184  1.10266 -0.21144 N   27 
 0.38992  0.57719  0.12026 B   28 
 0.49573  0.42626 -0.28600 W   28 
 0.37492  0.62526  0.42386 B   29 
 0.60928  0.65089  0.53339 V   29 
 0.11646  0.78857  0.41981 B   30 
 0.05916  1.05604  0.37338 X   30 
-0.06357  0.57082  0.29970 B   31 
-0.01676  0.56491  0.08611 A   31 
-0.02065  0.34818  0.51020 B   32 
 0.17220  0.26125  0.47060 A   32 
-0.12887  0.51178  0.74588 B   33 
-0.07449  0.70410  1.02239 K   33 
-0.43376  0.56450  0.61282 B   34 
-0.34912  0.96022  0.68529 F   34 
-0.49637  0.26065  0.53400 B   35 
-0.51359  0.32186  0.18782 E   35 
-0.35313  0.08321  0.80712 B   36 
-0.21605 -0.03530  0.67949 S   36 
-0.16547  0.19922  1.02806 B   37 
-0.28973  0.33905  1.24550 N   37 
 0.08091 -0.00799  0.97933 B   38 
 0.25322  0.36761  0.97618 F   38 
-0.10644 -0.27585  0.92828 B   39 
-0.24487 -0.39679  1.16615 N   39 
-0.07178 -0.58701  0.77928 B   40 
 0.16659 -0.64433  0.82438 T   40 
-0.36670 -0.70738  0.89556 B   41 
-0.22952 -0.95971  1.17285 Q   41 
-0.54303 -0.52633  0.74110 B   42 
-0.51680 -0.32763  0.80835 A   42 
-0.90453 -0.53966  0.69123 B   43 
-0.87767 -0.78292  0.69135 T   43 
-1.15408 -0.44275  0.42918 B   44 
-1.05136 -0.19570  0.63503 N   44 
-1.47010 -0.41895  0.34849 B   45 
-1.67269 -0.87415  0.25466 R   45 
-1.64855 -0.38502  0.05357 B   46 
-1.34032 -0.26660 -0.03753 N   46 
-1.93450 -0.30689 -0.10726 B   47 
-2.02943 -0.07101 -0.06138 T   47 
-1.84571 -0.50634 -0.36043 B   48 
-1.62167 -0.40404 -0.45881 D   48 
-1.71066 -0.75989 -0.17361 B   49 
-1.44964 -0.69055 -0.13886 B   50 
-1.34580 -0.56434 -0.32243 S   50 
-1.09508 -0.66592 -0.01502 B   51 
-1.19897 -0.80628  0.19384 T   51 
-0.86757 -0.51360  0.19060 B   52 
-0.92775 -0.22111  0.02104 D   52 
-0.50077 -0.55492  0.21123 B   53 
-0.77893 -0.94561  0.18432 Y   53 
-0.29135 -0.44497  0.43026 B   54 
-0.07217 -0.16879  0.44139 B   55 
 0.18015 -0.18628  0.54116 I   55 
-0.21411 -0.09288  0.12848 B   56 
 0.07462  0.02621  0.05252 L   56 
-0.49482 -0.19028  0.06423 B   57 
-0.65433 -0.16068  0.36942 Q   57 
-0.52382 -0.43718 -0.12392 B   58 
-0.24122 -0.44670 -0.25090 I   58 
-0.74299 -0.54241 -0.36726 B   59 
-1.01554 -0.41966 -0.42611 N   59 
-0.94399 -0.83668 -0.45646 B   60 
-1.06241 -0.89130 -0.26798 S   60 
-1.05524 -0.75754 -0.75228 B   61 
-1.47385 -0.66125 -0.74202 R   61 
-0.73883 -0.72070 -0.88036 B   62 
-0.99945 -0.40600 -1.08258 W   62 
-0.46846 -0.83265 -0.70005 B   63 
-0.42148 -0.42019 -0.84032 W   63 
-0.60549 -1.06047 -0.51234 B   64 
-0.52809 -0.97237 -0.28014 X   64 
-0.67975 -1.37750 -0.35592 B   65 
-0.80292 -1.60100 -0.50791 N   65 
-0.97467 -1.48044 -0.13008 B   66 
-1.08506 -1.23531 -0.11022 D   66 
-1.22440 -1.66717 -0.24455 B   67 
-1.47258 -1.40334 -0.22521 B   68 
-1.45424 -1.24405  0.22070 R   68 
-1.43460 -1.25188 -0.52924 B   69 
-1.32637 -1.05614 -0.40593 T   69 
-1.61314 -1.19553 -0.77511 B   70 
-1.78678 -1.22962 -0.65488 P   70 
-1.44216 -1.11432 -1.05703 B   71 
-1.15093 -1.15871 -1.00572 B   72 
-1.12446 -1.22732 -0.77976 S   72 
-0.78176 -1.11830 -1.09408 B   73 
-0.84500 -0.99390 -1.42301 R   73 
-0.49198 -1.14043 -0.96479 B   74 
-0.42536 -1.34364 -0.78529 N   74 
-0.23644 -0.95558 -1.07214 B   75 
-0.42691 -0.76230 -1.24859 L   75 
-0.01993 -1.04116 -0.83464 B   76 
-0.02853 -0.75039 -0.72567 X   76 
-0.03382 -1.33668 -0.78540 B   77 
 0.01639 -1.53497 -0.96596 N   77 
-0.19546 -1.35874 -0.48655 B   78 
 0.05582 -1.24544 -0.38307 I   78 
-0.26607 -1.41667 -0.18286 B   79 
-0.18292 -1.60829 -0.17583 P   79 
-0.40184 -1.19459  0.02714 B   80 
-0.65788 -1.10741 -0.13600 X   80 
-0.24876 -1.30395  0.28307 B   81 
-0.31158 -1.53527  0.28007 S   81 
 0.03712 -1.21041  0.19368 B   82 
 0.08206 -1.32761  0.02468 A   82 
-0.05146 -0.90222  0.26428 B   83 
-0.14152 -0.81925 -0.03926 L   83 
-0.02049 -0.97986  0.59958 B   84 
-0.34816 -0.99090  0.57193 L   84 
 0.25706 -0.99960  0.64076 B   85 
 0.41509 -1.19096  0.56617 S   85 
 0.55536 -0.89535  0.78906 B   86 
 0.60941 -1.04956  0.96415 S   86 
 0.63919 -0.93239  0.49673 B   87 
 0.86730 -1.06396  0.36980 D   87 
 0.62554 -0.67028  0.24951 B   88 
 0.66591 -0.44259  0.38447 I   88 
 0.70542 -0.77748 -0.03018 B   89 
 0.92688 -0.92123 -0.00261 T   89 
 0.42657 -0.83179 -0.15685 B   90 
 0.35721 -1.01867 -0.07020 A   90 
 0.30755 -0.54489 -0.13055 B   91 
 0.18206 -0.56393  0.11278 S   91 
 0.52557 -0.39870 -0.28825 B   92 
 0.73284 -0.33619 -0.14043 V   92 
 0.50949 -0.54629 -0.55681 B   93 
 0.75922 -0.76654 -0.50874 N   93 
 0.21055 -0.47526 -0.58991 B   94 
-0.01934 -0.62962 -0.52273 X   94 
 0.22866 -0.16778 -0.56581 B   95 
 0.25984 -0.12618 -0.35690 A   95 
 0.40762 -0.12598 -0.81409 B   96 
 0.83426 -0.21847 -0.65184 K   96 
 0.17836 -0.21378 -1.00606 B   97 
 0.19920 -0.59347 -1.06715 K   97 
-0.03906 -0.01050 -0.92412 B   98 
-0.18483 -0.13094 -0.67830 I   98 
 0.12081  0.26223 -0.97915 B   99 
 0.28157  0.33213 -0.82721 V   99 
 0.16217  0.15997 -1.29516 B   100 
 0.39826  0.06782 -1.22733 S   100 
-0.14856  0.16298 -1.40719 B   101 
-0.35731 -0.00682 -1.33655 D   101 
-0.20366  0.52133 -1.43878 B   102 
-0.30838  0.67329 -1.15035 B   103 
-0.60320  0.60975 -1.26999 N   103 
-0.11810  0.60748 -0.95931 B   104 
-0.17686  0.69533 -0.62189 B   105 
 0.15118  0.70758 -0.40734 M   105 
-0.49336  0.72451 -0.67066 B   106 
-0.44611  1.01374 -0.82388 N   106 
-0.55546  0.42689 -0.59155 B   107 
-0.43956  0.31738 -0.72688 A   107 
-0.52746  0.56737 -0.30879 B   108 
-0.19036  0.24426 -0.32305 W   108 
-0.76684  0.71819 -0.13543 B   109 
-0.99715  0.61513 -0.17894 V   109 
-0.60064  0.81461  0.11165 B   110 
-0.60225  0.65065  0.24985 A   110 
-0.38577  0.96055 -0.04734 B   111 
-0.09935  0.99597 -0.30870 W   111 
-0.56503  1.15768 -0.20591 B   112 
-0.89310  1.06794 -0.45619 R   112 
-0.73118  1.26926  0.06063 B   113 
-1.00955  1.14948 -0.05540 N   113 
-0.44192  1.28717  0.26724 B   114 
-0.70043  1.05232  0.62834 R   114 
-0.16087  1.32858  0.08180 B   115 
-0.11615  1.04280  0.21565 X   115 
-0.21753  1.48760 -0.15010 B   116 
-0.34240  1.40803 -0.56981 K   116 
-0.05472  1.80338 -0.14489 B   117 
 0.12598  1.74090  0.08410 B   118 
-0.04692  1.62867  0.24190 T   118 
 0.37701  1.70854  0.33465 B   119 
 0.59234  1.88276  0.40864 D   119 
 0.52157  1.40180  0.29651 B   120 
 0.40108  1.33866  0.08685 V   120 
 0.80306  1.43936  0.42854 B   121 
 0.98413  1.70303  0.16165 Q   121 
 0.69907  1.42020  0.72490 B   122 
 0.57292  1.58334  0.74547 A   122 
 0.69717  1.09356  0.71846 B   123 
 0.26894  1.09770  0.72949 W   123 
 1.04269  1.09719  0.73530 B   124 
 1.06995  1.02570  0.47759 I   124 
 1.10755  1.22953  0.97513 B   125 
 0.96928  1.68794  0.77734 R   125 
 1.38289  1.11807  1.16845 B   126 
 1.48322  0.92746  0.95651 B   127 
 1.18797  0.79631  0.95275 X   127 
 1.73160  0.67237  0.87761 B   128 
 2.11646  0.79955  0.86413 R   128 
 1.84117  0.72219  0.52046 B   129 
 1.58490  0.68078  0.51061 L   129 
