246 
 0.06491  0.90766  0.97921 B   1 
-0.32410  0.87607  1.13382 K   1 
 0.05751  0.66876  1.24612 B   2 
 0.31080  0.63542  1.28968 V   2 
-0.07039  0.37415  1.25118 B   3 
-0.36929  0.49497  0.96139 F   3 
-0.24318  0.13995  1.37491 B   4 
-0.32284 -0.16611  1.32253 B   5 
-0.22495 -0.55842  1.48411 R   5 
-0.63460 -0.16756  1.39093 B   6 
-0.63720 -0.38189  1.61990 X   6 
-0.67697  0.10666  1.25086 B   7 
-0.56109  0.45854  1.37397 E   7 
-0.59880  0.02583  0.96261 B   8 
-0.32978  0.06530  0.82057 L   8 
-0.78669 -0.21239  0.92533 B   9 
-0.70763 -0.37284  1.04847 A   9 
-1.04413 -0.04938  0.95061 B   10 
-1.06440 -0.00069  1.16285 A   10 
-0.99242  0.14277  0.71282 B   11 
-0.86315  0.29927  0.78868 A   11 
-0.94402 -0.07331  0.49620 B   12 
-0.52075 -0.14654  0.50471 M   12 
-1.22105 -0.19514  0.52572 B   13 
-1.38360 -0.49256  0.79651 K   13 
-1.40347  0.04338  0.47171 B   14 
-1.36808  0.46987  0.62484 R   14 
-1.24993  0.07179  0.18118 B   15 
-1.10084  0.41288  0.29531 H   15 
-1.26007 -0.25052  0.07398 B   16 
-0.99192 -0.45190  0.10923 B   17 
-0.76593 -0.22321  0.06591 L   17 
-1.13405 -0.68714  0.20419 B   18 
-1.17120 -0.83469  0.47101 D   18 
-1.09274 -0.92202 -0.03846 B   19 
-1.23633 -1.08513  0.19903 N   19 
-0.94782 -0.78028 -0.24528 B   20 
-1.01560 -0.41291 -0.48120 Y   20 
-0.88610 -0.97641 -0.49915 B   21 
-0.96919 -0.71404 -0.88621 R   21 
-0.85326 -1.20769 -0.25150 B   22 
-0.73413 -1.02082 -0.01506 B   23 
-0.38257 -1.06916 -0.32389 Y   23 
-0.69832 -1.02925  0.28630 B   24 
-0.68337 -1.23067  0.40507 S   24 
-0.65839 -0.79831  0.52401 B   25 
-0.86800 -0.61935  0.67433 L   25 
-0.38327 -0.90894  0.63741 B   26 
-0.21708 -0.84570  0.38432 B   27 
-0.27702 -1.13765  0.22596 N   27 
-0.24220 -0.53872  0.38830 B   28 
-0.48990 -0.51858  0.01781 W   28 
-0.12698 -0.49561  0.67038 B   29 
-0.30932 -0.50170  0.85558 V   29 
 0.13901 -0.63799  0.62072 B   30 
 0.21864 -0.90368  0.62744 X   30 
 0.23818 -0.45458  0.39538 B   31 
 0.12727 -0.51364  0.21634 A   31 
 0.22953 -0.18324  0.54378 B   32 
 0.02312 -0.12274  0.55115 A   32 
 0.42863 -0.26488  0.76221 B   33 
 0.49200 -0.37140  1.08009 K   33 
 0.68169 -0.33643  0.55178 B   34 
 0.68410 -0.69822  0.74702 F   34 
 0.67044 -0.06551  0.38170 B   35 
 0.58873 -0.22352  0.07799 E   35 
 0.59375  0.17511  0.63235 B   36 
 0.40774  0.24340  0.53304 S   36 
 0.50331  0.11772  0.92564 B   37 
 0.70826  0.05441  1.11606 N   37 
 0.22574  0.28739  0.91222 B   38 
 0.11941 -0.08216  1.06357 F   38 
 0.34562  0.53915  0.73417 B   39 
 0.53101  0.73167  0.87178 N   39 
 0.22023  0.79112  0.53165 B   40 
 0.00173  0.84532  0.63870 T   40 
 0.51503  0.95673  0.50625 B   41 
 0.43407  1.27043  0.73953 Q   41 
 0.66004  0.74903  0.35275 B   42 
 0.68607  0.57726  0.47321 A   42 
 0.98206  0.76796  0.18161 B   43 
 0.92033  0.99882  0.12880 T   43 
 1.14991  0.61358 -0.11560 B   44 
 1.15425  0.43150  0.16864 N   44 
 1.42527  0.58550 -0.28975 B   45 
 1.51807  1.00464 -0.55949 R   45 
 1.50672  0.47765 -0.60868 B   46 
 1.20691  0.32045 -0.55645 N   46 
 1.73722  0.37268 -0.83136 B   47 
 1.87600  0.16612 -0.76185 T   47 
 1.54556  0.48459 -1.08136 B   48 
 1.32012  0.34549 -1.06839 D   48 
 1.43843  0.77331 -0.93105 B   49 
 1.21450  0.70223 -0.79339 B   50 
 1.07918  0.52243 -0.89222 S   50 
 0.92357  0.69438 -0.55474 B   51 
 1.06463  0.89505 -0.43662 T   51 
 0.79643  0.59558 -0.25255 B   52 
 0.84445  0.27040 -0.35192 D   52 
 0.45217  0.62005 -0.12003 B   53 
 0.64633  1.00134 -0.33834 Y   53 
 0.33980  0.56665  0.17736 B   54 
 0.17893  0.29354  0.33218 B   55 
-0.02977  0.32477  0.50363 I   55 
 0.22684  0.13828  0.02006 B   56 
-0.04988 -0.01405  0.07954 L   56 
 0.45591  0.22872 -0.15815 B   57 
 0.70454  0.29820  0.07168 Q   57 
 0.38784  0.41158 -0.40131 B   58 
 0.08177  0.36763 -0.42290 I   58 
 0.50256  0.45397 -0.72282 B   59 
 0.75873  0.33522 -0.83722 N   59 
 0.61948  0.72065 -0.94678 B   60 
 0.78078  0.83433 -0.83019 S   60 
 0.64435  0.56552 -1.23220 B   61 
 1.05507  0.50048 -1.34031 R   61 
 0.31315  0.47503 -1.23150 B   62 
 0.54262  0.13062 -1.42275 W   62 
 0.09823  0.61886 -1.00509 B   63 
 0.07270  0.18145 -1.01101 W   63 
 0.25072  0.89882 -0.93966 B   64 
 0.26310  0.87767 -0.68069 X   64 
 0.32119  1.25132 -0.90404 B   65 
 0.35624  1.42772 -1.14042 N   65 
 0.65250  1.43210 -0.82579 B   66 
 0.79915  1.21004 -0.78273 D   66 
 0.82353  1.59152 -1.06173 B   67 
 1.10221  1.35932 -1.06111 B   68 
 1.24685  1.33561 -0.61049 R   68 
 0.99527  1.12419 -1.28493 B   69 
 0.96119  0.96684 -1.08665 T   69 
 1.09534  1.00918 -1.55374 B   70 
 1.29045  1.08659 -1.51243 P   70 
 0.85979  0.83996 -1.73035 B   71 
 0.59552  0.88059 -1.59645 B   72 
 0.63024  1.01023 -1.40034 S   72 
 0.22761  0.79522 -1.54096 B   73 
 0.20394  0.58449 -1.82855 R   73 
-0.00783  0.83732 -1.33128 B   74 
-0.04541  1.07974 -1.19795 N   74 
-0.25321  0.61495 -1.29469 B   75 
-0.09989  0.38999 -1.46978 L   75 
-0.39592  0.75329 -1.02803 B   76 
-0.31044  0.50767 -0.85813 X   76 
-0.41205  1.05066 -1.06351 B   77 
-0.54486  1.18475 -1.26054 N   77 
-0.17115  1.16775 -0.85332 B   78 
-0.35807  1.07521 -0.64552 I   78 
-0.01962  1.31532 -0.61703 B   79 
-0.12432  1.49563 -0.63134 P   79 
 0.20620  1.17194 -0.41628 B   80 
 0.40926  1.05595 -0.62861 X   80 
 0.12518  1.34196 -0.16051 B   81 
 0.14848  1.56564 -0.24351 S   81 
-0.15685  1.21029 -0.12066 B   82 
-0.26894  1.27060 -0.28835 A   82 
-0.00552  0.94149 -0.00819 B   83 
-0.00238  0.77924 -0.29243 L   83 
 0.05744  1.11125  0.28615 B   84 
 0.35491  1.13251  0.14718 L   84 
-0.19341  1.12617  0.41252 B   85 
-0.39363  1.27826  0.34977 S   85 
-0.41198  1.05259  0.67455 B   86 
-0.43176  1.24765  0.81210 S   86 
-0.58668  0.99829  0.42881 B   87 
-0.85992  1.07405  0.35768 D   87 
-0.61095  0.67691  0.26715 B   88 
-0.57289  0.49631  0.46111 I   88 
-0.78857  0.69352  0.01363 B   89 
-1.00961  0.82617  0.07704 T   89 
-0.57407  0.72457 -0.20948 B   90 
-0.51023  0.93221 -0.20218 A   90 
-0.41106  0.46497 -0.15286 B   91 
-0.22082  0.56100  0.02007 S   91 
-0.64259  0.26706 -0.18447 B   92 
-0.78210  0.23842  0.03562 V   92 
-0.73274  0.33097 -0.47075 B   93 
-0.98547  0.54102 -0.39869 N   93 
-0.45160  0.27061 -0.58397 B   94 
-0.23815  0.45072 -0.64046 X   94 
-0.41494 -0.01712 -0.47761 B   95 
-0.37335  0.00201 -0.26725 A   95 
-0.65350 -0.13939 -0.63109 B   96 
-1.01783 -0.02834 -0.36308 K   96 
-0.51080 -0.09815 -0.90505 B   97 
-0.60632  0.24559 -1.05012 K   97 
-0.25075 -0.25609 -0.85275 B   98 
-0.05593 -0.06133 -0.71029 I   98 
-0.37690 -0.54173 -0.77882 B   99 
-0.47035 -0.57358 -0.56890 V   99 
-0.52884 -0.53819 -1.07703 B   100 
-0.74341 -0.44398 -0.95906 S   100 
-0.27127 -0.55582 -1.28308 B   101 
-0.07892 -0.36116 -1.33319 D   101 
-0.17544 -0.90413 -1.23900 B   102 
 0.03494 -0.95953 -0.97458 B   103 
 0.26522 -0.91671 -1.19909 N   103 
-0.09453 -0.85208 -0.75384 B   104 
 0.07821 -0.83465 -0.44582 B   105 
-0.16162 -0.80282 -0.13718 M   105 
 0.36471 -0.85857 -0.58987 B   106 
 0.31642 -1.18205 -0.63884 N   106 
 0.40277 -0.54777 -0.61518 B   107 
 0.23562 -0.48909 -0.72634 A   107 
 0.48504 -0.60144 -0.31381 B   108 
 0.11553 -0.31624 -0.29480 W   108 
 0.78612 -0.68146 -0.19954 B   109 
 0.97343 -0.58247 -0.34332 V   109 
 0.72096 -0.71132  0.10514 B   110 
 0.74059 -0.51448  0.18794 A   110 
 0.49196 -0.90918  0.07125 B   111 
 0.14749 -1.03531 -0.05927 W   111 
 0.64086 -1.13328 -0.08287 B   112 
 0.85802 -1.10147 -0.44363 R   112 
 0.89609 -1.15294  0.13060 B   113 
 1.10359 -1.05630 -0.09940 N   113 
 0.69107 -1.12660  0.42035 B   114 
 1.01021 -0.78263  0.59980 R   114 
 0.37602 -1.23610  0.35829 B   115 
 0.33248 -0.92681  0.42179 X   115 
 0.38139 -1.45209  0.16963 B   116 
 0.35687 -1.49082 -0.27307 K   116 
 0.27758 -1.76152  0.31008 B   117 
 0.16934 -1.64568  0.56277 B   118 
 0.36364 -1.48277  0.61842 T   118 
 0.00627 -1.55638  0.86653 B   119 
-0.14687 -1.71363  1.05097 D   119 
-0.18738 -1.28274  0.80280 B   120 
-0.14858 -1.27641  0.55598 V   120 
-0.40522 -1.29637  1.02738 B   121 
-0.61817 -1.63610  0.91433 Q   121 
-0.21878 -1.18607  1.25561 B   122 
-0.06945 -1.32870  1.27305 A   122 
-0.26808 -0.87582  1.16584 B   123 
 0.13807 -0.85207  1.03168 W   123 
-0.58677 -0.89416  1.29918 B   124 
-0.70282 -0.90228  1.05683 I   124 
-0.55360 -0.95465  1.57209 B   125 
-0.41605 -1.44204  1.46299 R   125 
-0.76911 -0.80779  1.81209 B   126 
-0.95751 -0.69301  1.60559 B   127 
-0.70115 -0.55193  1.46863 X   127 
-1.25349 -0.48648  1.55333 B   128 
-1.59994 -0.63389  1.70406 R   128 
-1.45936 -0.64405  1.27977 B   129 
-1.22799 -0.59269  1.17339 L   129 
