246 
 0.88123  0.32547  0.95101 B   1 
 0.65094  0.24809  1.29338 K   1 
 0.93524 -0.01077  1.06234 B   2 
 1.14326 -0.07639  0.92237 V   2 
 0.73779 -0.26367  1.04715 B   3 
 0.39373 -0.00120  1.07266 F   3 
 0.58924 -0.51737  1.16371 B   4 
 0.39476 -0.75592  1.07408 B   5 
 0.42189 -1.18301  0.99374 R   5 
 0.18893 -0.77055  1.31759 B   6 
 0.23495 -1.06747  1.40757 X   6 
 0.17577 -0.46070  1.33835 B   7 
 0.45156 -0.21790  1.47020 E   7 
 0.05565 -0.39907  1.05995 B   8 
 0.20231 -0.31337  0.80450 L   8 
-0.19144 -0.57865  1.07180 B   9 
-0.11982 -0.78292  1.05438 A   9 
-0.32167 -0.43186  1.30627 B   10 
-0.20804 -0.48903  1.48417 A   10 
-0.34192 -0.15322  1.17175 B   11 
-0.14781 -0.06008  1.19630 A   11 
-0.49347 -0.24250  0.91676 B   12 
-0.18599 -0.33688  0.63190 M   12 
-0.73428 -0.34633  1.07066 B   13 
-0.81853 -0.72617  1.26257 K   13 
-0.82257 -0.10016  1.22780 B   14 
-0.56764  0.19874  1.45641 R   14 
-0.84802  0.05372  0.93717 B   15 
-0.55495  0.28929  1.03821 H   15 
-1.02328 -0.17725  0.75993 B   16 
-0.86577 -0.38720  0.54823 B   17 
-0.63520 -0.17993  0.45272 L   17 
-1.00619 -0.62999  0.62499 B   18 
-0.94396 -0.88424  0.78571 D   18 
-1.18349 -0.72292  0.34988 B   19 
-1.22466 -0.97027  0.55174 N   19 
-1.13235 -0.50900  0.16149 B   20 
-1.18414 -0.07022  0.16240 Y   20 
-1.28649 -0.56386 -0.12127 B   21 
-1.46638 -0.14421 -0.25201 R   21 
-1.20889 -0.88673 -0.04618 B   22 
-0.92700 -0.84283  0.10752 B   23 
-0.83499 -0.75976 -0.34628 Y   23 
-0.74218 -0.99602  0.29339 B   24 
-0.73661 -1.23018  0.29944 S   24 
-0.50588 -0.90921  0.51262 B   25 
-0.52721 -0.81095  0.81002 L   25 
-0.27039 -1.07724  0.38186 B   26 
-0.25422 -0.91143  0.12125 B   27 
-0.48483 -1.08832 -0.05032 N   27 
-0.16633 -0.64255  0.24315 B   28 
-0.54806 -0.43308  0.14601 W   28 
 0.08747 -0.74625  0.38292 B   29 
 0.04234 -0.82858  0.62534 V   29 
 0.21845 -0.86386  0.13292 B   30 
 0.19265 -1.10499 -0.00187 X   30 
 0.23861 -0.60175 -0.02565 B   31 
 0.03736 -0.56140 -0.10128 A   31 
 0.40369 -0.43395  0.17513 B   32 
 0.26837 -0.37169  0.33046 A   32 
 0.64596 -0.62191  0.17555 B   33 
 0.82727 -0.87070  0.32265 K   33 
 0.70588 -0.60001 -0.15516 B   34 
 0.68733 -1.01048 -0.14160 F   34 
 0.69977 -0.28067 -0.17611 B   35 
 0.42108 -0.26950 -0.39079 E   35 
 0.85587 -0.18434  0.12878 B   36 
 0.68239 -0.06566  0.19913 S   36 
 0.92175 -0.36884  0.37191 B   37 
 1.15996 -0.52773  0.35518 N   37 
 0.75767 -0.19652  0.59416 B   38 
 0.62888 -0.58618  0.64272 F   38 
 0.84240  0.10172  0.47870 B   39 
 1.12513  0.19356  0.52337 N   39 
 0.72411  0.42693  0.50042 B   40 
 0.63015  0.43694  0.73110 T   40 
 0.99590  0.56610  0.35297 B   41 
 1.16452  0.73506  0.67297 Q   41 
 0.95562  0.44814  0.08428 B   42 
 0.98084  0.23849  0.09453 A   42 
 1.12087  0.52643 -0.23180 B   43 
 1.12414  0.75786 -0.15229 T   43 
 1.04028  0.52228 -0.59762 B   44 
 1.13209  0.22690 -0.46242 N   44 
 1.15165  0.56365 -0.90230 B   45 
 1.22412  1.05406 -1.00865 R   45 
 1.00853  0.61601 -1.21336 B   46 
 0.74997  0.47174 -1.04113 N   46 
 1.03301  0.61583 -1.54971 B   47 
 1.10665  0.39300 -1.65779 T   47 
 0.79014  0.84492 -1.56675 B   48 
 0.57460  0.73065 -1.46272 D   48 
 0.88587  1.03312 -1.29685 B   49 
 0.76100  0.91900 -1.08347 B   50 
 0.54202  0.81675 -1.12817 S   50 
 0.65948  0.81634 -0.73590 B   51 
 0.90031  0.92735 -0.67427 T   51 
 0.68745  0.59355 -0.47739 B   52 
 0.56044  0.35275 -0.68668 D   52 
 0.49935  0.57310 -0.15978 B   53 
 0.66470  0.99955 -0.30656 Y   53 
 0.55179  0.39150  0.10136 B   54 
 0.41563  0.08813  0.21910 B   55 
 0.35558  0.04671  0.48103 I   55 
 0.23387  0.09773 -0.08204 B   56 
-0.00126 -0.04715  0.08239 L   56 
 0.34785  0.24783 -0.32057 B   57 
 0.68636  0.18392 -0.29244 Q   57 
 0.22872  0.52826 -0.38665 B   58 
-0.03503  0.51888 -0.22410 I   58 
 0.16153  0.71155 -0.66987 B   59 
 0.25865  0.64612 -0.95111 N   59 
 0.22472  1.04494 -0.81062 B   60 
 0.45059  1.07914 -0.79206 S   60 
 0.03931  1.04334 -1.07852 B   61 
 0.27797  1.01248 -1.43446 R   61 
-0.24804  0.98408 -0.90021 B   62 
-0.28977  0.75899 -1.29448 W   62 
-0.24514  1.01559 -0.55795 B   63 
-0.41804  0.63637 -0.69327 W   63 
 0.00376  1.22055 -0.51376 B   64 
 0.14356  1.07784 -0.34715 X   64 
 0.19814  1.50838 -0.41447 B   65 
 0.16033  1.77355 -0.54282 N   65 
 0.55845  1.60921 -0.50712 B   66 
 0.61883  1.38490 -0.64390 D   66 
 0.62044  1.85089 -0.72639 B   67 
 0.75716  1.62977 -0.97935 B   68 
 1.10031  1.38535 -0.76244 R   68 
 0.47486  1.53679 -1.14812 B   69 
 0.49974  1.30642 -1.04067 T   69 
 0.37032  1.55784 -1.43816 B   70 
 0.57001  1.59401 -1.50586 P   70 
 0.03600  1.50810 -1.47078 B   71 
-0.08384  1.49624 -1.19707 B   72 
 0.09161  1.51435 -1.03783 S   72 
-0.36882  1.41761 -0.95556 B   73 
-0.61205  1.37129 -1.21318 R   73 
-0.42558  1.36915 -0.64636 B   74 
-0.30082  1.52055 -0.44769 N   74 
-0.67258  1.17183 -0.54126 B   75 
-0.72381  1.04850 -0.83610 L   75 
-0.59424  1.17489 -0.21805 B   76 
-0.52202  0.87326 -0.23538 X   76 
-0.52361  1.45359 -0.13268 B   77 
-0.68515  1.67327 -0.14214 N   77 
-0.18520  1.44129 -0.09744 B   78 
-0.25151  1.27264  0.13461 I   78 
 0.10826  1.44878  0.02255 B   79 
 0.08134  1.62019  0.13906 P   79 
 0.34068  1.21345 -0.02700 B   80 
 0.34561  1.20036 -0.34256 X   80 
 0.47193  1.24569  0.26044 B   81 
 0.52263  1.47998  0.26290 S   81 
 0.22934  1.12862  0.42141 B   82 
 0.07414  1.26832  0.39466 A   82 
 0.31417  0.82995  0.31461 B   83 
 0.11011  0.82289  0.05880 L   83 
 0.57739  0.83471  0.53846 B   84 
 0.74149  0.90122  0.26115 L   84 
 0.45515  0.80306  0.78980 B   85 
 0.31881  0.97868  0.92291 S   85 
 0.39959  0.62716  1.08614 B   86 
 0.52414  0.73390  1.26064 S   86 
 0.11513  0.70739  1.00549 B   87 
-0.10842  0.82458  1.15295 D   87 
-0.09966  0.50406  0.79926 B   88 
-0.02914  0.25090  0.85050 I   88 
-0.36620  0.65038  0.73886 B   89 
-0.45838  0.75013  0.96695 T   89 
-0.30772  0.77068  0.45805 B   90 
-0.18317  0.94537  0.49290 A   90 
-0.24033  0.50598  0.30785 B   91 
 0.03184  0.49607  0.34175 S   91 
-0.50441  0.36174  0.36468 B   92 
-0.50554  0.24036  0.59703 V   92 
-0.70431  0.55975  0.24223 B   93 
-0.78994  0.72523  0.52235 N   93 
-0.56719  0.54343 -0.03424 B   94 
-0.36998  0.71514 -0.14744 X   94 
-0.58098  0.23814 -0.07959 B   95 
-0.43053  0.15213  0.04814 A   95 
-0.88926  0.21875 -0.07830 B   96 
-0.99132  0.21091  0.37603 K   96 
-0.90992  0.37665 -0.34618 B   97 
-0.94310  0.75313 -0.27210 K   97 
-0.73475  0.19717 -0.52621 B   98 
-0.44136  0.28809 -0.48332 I   98 
-0.89122 -0.08078 -0.49120 B   99 
-0.86316 -0.20297 -0.29602 V   99 
-1.16606  0.07379 -0.60348 B   100 
-1.23744  0.11343 -0.35415 S   100 
-1.08182  0.14062 -0.91581 B   101 
-0.89260  0.32335 -1.00638 D   101 
-1.10357 -0.19178 -1.06240 B   102 
-0.81916 -0.37932 -1.02802 B   103 
-0.74515 -0.24900 -1.31578 N   103 
-0.76551 -0.38228 -0.75572 B   104 
-0.46217 -0.52441 -0.64258 B   105 
-0.47332 -0.62876 -0.26472 M   105 
-0.32476 -0.49443 -0.93176 B   106 
-0.49909 -0.75181 -1.04459 N   106 
-0.20214 -0.21213 -0.86882 B   107 
-0.37057 -0.09739 -0.82188 A   107 
 0.00319 -0.40786 -0.72740 B   108 
-0.17535 -0.14401 -0.38572 W   108 
 0.26975 -0.55106 -0.86357 B   109 
 0.37256 -0.40729 -1.04882 V   109 
 0.37073 -0.71841 -0.61909 B   110 
 0.49737 -0.58643 -0.50715 A   110 
 0.10740 -0.86166 -0.56543 B   111 
-0.27211 -0.88884 -0.48274 W   111 
 0.06418 -0.99395 -0.84251 B   112 
 0.05193 -0.80755 -1.22123 R   112 
 0.36857 -1.12865 -0.86001 B   113 
 0.44045 -0.94710 -1.11918 N   113 
 0.37248 -1.23096 -0.51913 B   114 
 0.83302 -1.03448 -0.47827 R   114 
 0.05781 -1.27799 -0.40136 B   115 
 0.16381 -1.03430 -0.22538 X   115 
-0.11221 -1.37786 -0.60968 B   116 
-0.37946 -1.19939 -0.91758 K   116 
-0.22422 -1.70976 -0.55010 B   117 
-0.13428 -1.72189 -0.26593 B   118 
 0.10171 -1.61751 -0.29427 T   118 
-0.06884 -1.77825  0.07958 B   119 
-0.14355 -1.99460  0.25224 D   119 
-0.15893 -1.49595  0.24879 B   120 
-0.25769 -1.37519  0.05352 V   120 
-0.21326 -1.60148  0.53860 B   121 
-0.55479 -1.83243  0.47893 Q   121 
 0.09020 -1.62498  0.61845 B   122 
 0.16630 -1.76759  0.48876 A   122 
 0.11072 -1.30708  0.69095 B   123 
 0.36245 -1.24737  0.34950 W   123 
-0.07181 -1.36703  0.97864 B   124 
-0.29318 -1.25152  0.87903 I   124 
 0.07801 -1.55216  1.12871 B   125 
-0.04039 -1.93612  0.80170 R   125 
 0.08871 -1.52443  1.48188 B   126 
-0.12757 -1.31375  1.49426 B   127 
 0.04681 -1.14058  1.28453 X   127 
-0.31391 -1.08946  1.71326 B   128 
-0.55297 -1.26920  1.98715 R   128 
-0.67269 -1.08462  1.59795 B   129 
-0.53221 -1.00316  1.39517 L   129 
