246 
 0.03064  0.96449 -0.92505 B   1 
-0.08863  0.74546 -1.26275 K   1 
-0.32495  0.98334 -0.96478 B   2 
-0.38317  1.17397 -0.79913 V   2 
-0.54680  0.75617 -0.91629 B   3 
-0.25923  0.44834 -1.01854 F   3 
-0.80119  0.58454 -0.99273 B   4 
-0.99444  0.35802 -0.87396 B   5 
-1.39706  0.32880 -0.71073 R   5 
-1.03539  0.16545 -1.12520 B   6 
-1.34752  0.17999 -1.15227 X   6 
-0.73646  0.19107 -1.20641 B   7 
-0.55633  0.50100 -1.36102 E   7 
-0.60754  0.06437 -0.95530 B   8 
-0.48861  0.20624 -0.71069 L   8 
-0.75808 -0.20165 -0.95125 B   9 
-0.96120 -0.15635 -0.88921 A   9 
-0.64821 -0.30021 -1.21902 B   10 
-0.75189 -0.18486 -1.37320 A   10 
-0.34770 -0.29383 -1.14287 B   11 
-0.28292 -0.08883 -1.16990 A   11 
-0.36703 -0.46870 -0.88791 B   12 
-0.43489 -0.19084 -0.56731 M   12 
-0.47304 -0.71161 -1.03695 B   13 
-0.87232 -0.83070 -1.15775 K   13 
-0.25539 -0.76075 -1.24506 B   14 
-0.03784 -0.45947 -1.50676 R   14 
-0.04443 -0.78312 -0.99250 B   15 
 0.13298 -0.45862 -1.11423 H   15 
-0.21477 -0.99444 -0.78803 B   16 
-0.39366 -0.87525 -0.52822 B   17 
-0.19756 -0.62680 -0.45707 L   17 
-0.63030 -1.03967 -0.56721 B   18 
-0.91686 -1.00006 -0.67046 D   18 
-0.64636 -1.24159 -0.29385 B   19 
-0.92330 -1.30140 -0.44666 N   19 
-0.40574 -1.17522 -0.14699 B   20 
 0.02688 -1.17335 -0.23670 Y   20 
-0.38569 -1.35000  0.12828 B   21 
 0.06859 -1.48455  0.16115 R   21 
-0.72352 -1.30811  0.12324 B   22 
-0.74211 -1.01505 -0.01382 B   23 
-0.57997 -0.93844  0.42109 Y   23 
-0.94857 -0.84033 -0.15174 B   24 
-1.17837 -0.86286 -0.11197 S   24 
-0.93361 -0.58371 -0.36471 B   25 
-0.89540 -0.57680 -0.67624 L   25 
-1.09636 -0.37776 -0.18615 B   26 
-0.88431 -0.35580  0.03795 B   27 
-0.99716 -0.61511  0.22215 N   27 
-0.65650 -0.22950 -0.12646 B   28 
-0.39181 -0.58774 -0.10142 W   28 
-0.81296  0.01708 -0.22354 B   29 
-0.93696 -0.02445 -0.44822 V   29 
-0.89139  0.11909  0.05383 B   30 
-1.09629  0.05699  0.23029 X   30 
-0.60650  0.16221  0.15983 B   31 
-0.53028 -0.03647  0.21046 A   31 
-0.50130  0.35706 -0.05625 B   32 
-0.45727  0.23891 -0.23065 A   32 
-0.71054  0.57444 -0.00162 B   33 
-1.00191  0.73199 -0.08342 K   33 
-0.62924  0.61853  0.32224 B   34 
-1.02961  0.55115  0.38689 F   34 
-0.31345  0.65002  0.28053 B   35 
-0.22934  0.36348  0.46683 E   35 
-0.29778  0.83295 -0.02425 B   36 
-0.17763  0.67921 -0.12939 S   36 
-0.53338  0.88911 -0.22131 B   37 
-0.71045  1.10505 -0.15584 N   37 
-0.39254  0.75942 -0.48466 B   38 
-0.76778  0.58721 -0.46679 F   38 
-0.08812  0.87326 -0.42284 B   39 
-0.03821  1.16704 -0.46246 N   39 
 0.23693  0.79659 -0.51607 B   40 
 0.21047  0.71720 -0.75089 T   40 
 0.37271  1.07483 -0.37777 B   41 
 0.45470  1.27979 -0.71041 Q   41 
 0.31619  1.00602 -0.09528 B   42 
 0.10729  1.00618 -0.06284 A   42 
 0.43808  1.16213  0.21151 B   43 
 0.64708  1.19772  0.08926 T   43 
 0.51625  1.06190  0.56390 B   44 
 0.19158  1.12444  0.49584 N   44 
 0.60573  1.16075  0.86251 B   45 
 1.09674  1.28621  0.87732 R   45 
 0.73466  1.00835  1.14558 B   46 
 0.58751  0.74395  0.98504 N   46 
 0.79943  1.01433  1.47649 B   47 
 0.59624  1.05445  1.63096 T   47 
 1.05213  0.80043  1.43013 B   48 
 0.94324  0.57861  1.33382 D   48 
 1.17080  0.93277  1.13715 B   49 
 1.03029  0.80676  0.94086 B   50 
 0.96337  0.57491  0.98743 S   50 
 0.87147  0.71258  0.61290 B   51 
 0.94116  0.96807  0.54976 T   51 
 0.59958  0.72735  0.40528 B   52 
 0.42090  0.56093  0.64673 D   52 
 0.53617  0.55568  0.08406 B   53 
 0.96301  0.76325  0.15796 Y   53 
 0.30123  0.59983 -0.13221 B   54 
-0.00310  0.43453 -0.19925 B   55 
-0.08958  0.38421 -0.45207 I   55 
 0.08638  0.23919  0.07941 B   56 
-0.06232 -0.00249 -0.07157 L   56 
 0.26814  0.35739  0.29250 B   57 
 0.16372  0.68668  0.30348 Q   57 
 0.56733  0.26970  0.29373 B   58 
 0.55401  0.01597  0.11619 I   58 
 0.80995  0.20993  0.53013 B   59 
 0.79227  0.28299  0.82536 N   59 
 1.15600  0.30530  0.60823 B   60 
 1.16118  0.53433  0.60092 S   60 
 1.22830  0.10680  0.85626 B   61 
 1.24400  0.32028  1.22880 R   61 
 1.16580 -0.17551  0.67113 B   62 
 1.03038 -0.26555  1.09705 W   62 
 1.12740 -0.15024  0.33050 B   63 
 0.80404 -0.37489  0.52280 W   63 
 1.29119  0.12369  0.26687 B   64 
 1.10368  0.25401  0.14229 X   64 
 1.53049  0.35660  0.12913 B   65 
 1.81855  0.34429  0.20050 N   65 
 1.60837  0.72091  0.22808 B   66 
 1.41094  0.74616  0.40988 D   66 
 1.88105  0.79972  0.40062 B   67 
 1.70182  0.89471  0.70134 B   68 
 1.38320  1.21699  0.56292 R   68 
 1.67569  0.59449  0.86258 B   69 
 1.42711  0.59707  0.80394 T   69 
 1.76575  0.47767  1.13414 B   70 
 1.79301  0.67630  1.20877 P   70 
 1.75998  0.13851  1.14985 B   71 
 1.70637  0.03316  0.87517 B   72 
 1.67307  0.21789  0.72945 S   72 
 1.61207 -0.24571  0.63214 B   73 
 1.64500 -0.50639  0.87429 R   73 
 1.50888 -0.29105  0.33470 B   74 
 1.60290 -0.13827  0.12075 N   74 
 1.32232 -0.55407  0.25097 B   75 
 1.26703 -0.63578  0.55924 L   75 
 1.25190 -0.45849 -0.05971 B   76 
 0.95391 -0.42439  0.02113 X   76 
 1.49847 -0.35010 -0.19162 B   77 
 1.73170 -0.48411 -0.23730 N   77 
 1.44287 -0.01425 -0.19758 B   78 
 1.23920 -0.08781 -0.39707 I   78 
 1.39435  0.28403 -0.29374 B   79 
 1.54074  0.28444 -0.44290 P   79 
 1.15009  0.48320 -0.18184 B   80 
 1.20023  0.46936  0.12972 X   80 
 1.10955  0.63280 -0.45909 B   81 
 1.33169  0.71156 -0.50287 S   81 
 0.98942  0.38691 -0.61263 B   82 
 1.14757  0.24856 -0.62545 A   82 
 0.71092  0.42901 -0.44389 B   83 
 0.77749  0.21202 -0.20807 L   83 
 0.64215  0.70263 -0.64343 B   84 
 0.74491  0.85828 -0.37238 L   84 
 0.57403  0.59129 -0.89259 B   85 
 0.73301  0.48465 -1.06726 S   85 
 0.34923  0.53100 -1.15273 B   86 
 0.40464  0.67685 -1.33442 S   86 
 0.47427  0.25440 -1.11131 B   87 
 0.58288  0.05503 -1.29546 D   87 
 0.34093  0.00568 -0.88688 B   88 
 0.07654  0.04769 -0.88262 I   88 
 0.52431 -0.24405 -0.87667 B   89 
 0.58555 -0.31095 -1.12616 T   89 
 0.69155 -0.18676 -0.62074 B   90 
 0.84118 -0.04026 -0.67898 A   90 
 0.45673 -0.16019 -0.41746 B   91 
 0.41088  0.11020 -0.42769 S   91 
 0.33340 -0.43632 -0.46556 B   92 
 0.16866 -0.43954 -0.66945 V   92 
 0.57238 -0.61712 -0.39949 B   93 
 0.68645 -0.66673 -0.71208 N   93 
 0.59724 -0.49820 -0.11534 B   94 
 0.76587 -0.28808 -0.02259 X   94 
 0.31059 -0.55131 -0.01304 B   95 
 0.18494 -0.40568 -0.10973 A   95 
 0.32474 -0.85914 -0.03435 B   96 
 0.23684 -0.93658 -0.48510 K   96 
 0.53454 -0.87504  0.19554 B   97 
 0.88980 -0.85830  0.04775 K   97 
 0.37706 -0.73294  0.41985 B   98 
 0.42528 -0.42880  0.38297 I   98 
 0.11630 -0.91979  0.42725 B   99 
-0.04492 -0.89618  0.26213 V   99 
 0.31902 -1.17957  0.48597 B   100 
 0.31523 -1.23198  0.22894 S   100 
 0.43776 -1.10494  0.78505 B   101 
 0.61343 -0.90017  0.85292 D   101 
 0.14593 -1.17472  0.99100 B   102 
-0.07430 -0.91368  1.01558 B   103 
 0.10242 -0.84017  1.27756 N   103 
-0.13768 -0.84608  0.75395 B   104 
-0.33155 -0.55649  0.69419 B   105 
-0.50788 -0.55967  0.34391 M   105 
-0.25910 -0.43237  0.98185 B   106 
-0.46819 -0.64246  1.12850 N   106 
-0.01013 -0.27322  0.87519 B   107 
 0.11034 -0.42372  0.79409 A   107 
-0.25130 -0.08574  0.79055 B   108 
-0.04377 -0.21218  0.39157 W   108 
-0.39214  0.15372  0.97200 B   109 
-0.22604  0.26298  1.13334 V   109 
-0.61510  0.24681  0.77302 B   110 
-0.52278  0.39439  0.64779 A   110 
-0.73693 -0.02863  0.72790 B   111 
-0.73902 -0.40358  0.62297 W   111 
-0.80538 -0.10253  1.02114 B   112 
-0.54648 -0.11266  1.35459 R   112 
-0.96589  0.18189  1.08779 B   113 
-0.74481  0.26106  1.31174 N   113 
-1.13442  0.19188  0.77446 B   114 
-1.00106  0.67436  0.73207 R   114 
-1.16989 -0.11930  0.64406 B   115 
-0.97944  0.02483  0.43302 X   115 
-1.20691 -0.31124  0.85399 B   116 
-0.94241 -0.57122  1.10002 K   116 
-1.52993 -0.45922  0.85122 B   117 
-1.60856 -0.35612  0.58257 B   118 
-1.52672 -0.11111  0.60834 T   118 
-1.73992 -0.27932  0.26057 B   119 
-1.97719 -0.37021  0.12775 D   119 
-1.48933 -0.32524  0.03354 B   120 
-1.32186 -0.41909  0.19357 V   120 
-1.64445 -0.37613 -0.23371 B   121 
-1.82044 -0.74585 -0.15708 Q   121 
-1.71614 -0.07387 -0.28385 B   122 
-1.83715 -0.02276 -0.12355 A   122 
-1.42341 -0.01108 -0.41462 B   123 
-1.32385  0.22711 -0.07276 W   123 
-1.51988 -0.18364 -0.69851 B   124 
-1.36349 -0.39446 -0.64050 I   124 
-1.74646 -0.04943 -0.79795 B   125 
-2.04180 -0.23105 -0.41302 R   125 
-1.79158 -0.01629 -1.14792 B   126 
-1.56559 -0.20446 -1.21744 B   127 
-1.37367 -0.02203 -1.03232 X   127 
-1.37109 -0.35009 -1.48939 B   128 
-1.57531 -0.59393 -1.74100 R   128 
-1.30446 -0.71136 -1.40524 B   129 
-1.19957 -0.57327 -1.21180 L   129 
