246 
 0.47255 -0.29612  1.21487 B   1 
 0.88493 -0.28814  1.13665 K   1 
 0.60389  0.03086  1.27974 B   2 
 0.40586  0.13935  1.40695 V   2 
 0.70524  0.25368  1.07176 B   3 
 0.82215 -0.05576  0.79158 F   3 
 0.90745  0.47037  0.96144 B   4 
 0.93780  0.68728  0.72737 B   5 
 0.91920  1.11998  0.68244 R   5 
 1.24129  0.64727  0.63696 B   6 
 1.35035  0.93664  0.68935 X   6 
 1.21815  0.33819  0.66034 B   7 
 1.19394  0.12411  0.98589 E   7 
 1.00241  0.28977  0.44391 B   8 
 0.70025  0.25275  0.48179 L   8 
 1.13646  0.43060  0.20803 B   9 
 1.12388  0.64360  0.24843 A   9 
 1.37782  0.24323  0.19688 B   10 
 1.50406  0.29687  0.36721 A   10 
 1.22105 -0.01985  0.14839 B   11 
 1.15381 -0.08684  0.34319 A   11 
 1.06175  0.07344 -0.10036 B   12 
 0.69778  0.23939  0.05643 M   12 
 1.31094  0.12570 -0.26657 B   13 
 1.57585  0.46773 -0.29888 K   13 
 1.45061 -0.14552 -0.26208 B   14 
 1.51392 -0.42789  0.08841 R   14 
 1.17296 -0.27017 -0.38922 B   15 
 1.11513 -0.47148 -0.06100 H   15 
 1.11507 -0.04886 -0.64050 B   16 
 0.89342  0.20214 -0.60082 B   17 
 0.68554  0.04048 -0.41135 L   17 
 1.05464  0.41340 -0.71885 B   18 
 1.21521  0.65564 -0.61943 D   18 
 0.88760  0.50877 -0.99949 B   19 
 1.12467  0.72538 -0.97702 N   19 
 0.66399  0.32507 -1.01035 B   20 
 0.61821 -0.11430 -1.01894 Y   20 
 0.47522  0.38701 -1.26968 B   21 
 0.36244 -0.03774 -1.44975 R   21 
 0.56242  0.70793 -1.19681 B   22 
 0.58595  0.68824 -0.87420 B   23 
 0.12514  0.66689 -0.96641 Y   23 
 0.70639  0.84559 -0.64418 B   24 
 0.74533  1.07627 -0.65706 S   24 
 0.80065  0.77038 -0.33290 B   25 
 1.06429  0.63952 -0.22369 L   25 
 0.61590  0.98259 -0.18587 B   26 
 0.34754  0.84891 -0.26194 B   27 
 0.30809  1.00860 -0.55663 N   27 
 0.38331  0.58377 -0.10926 B   28 
 0.41144  0.33406 -0.47788 W   28 
 0.42753  0.70691  0.16928 B   29 
 0.67790  0.75625  0.21890 V   29 
 0.16733  0.86728  0.17739 B   30 
 0.09151  1.11516  0.07847 X   30 
-0.02448  0.62866  0.15455 B   31 
-0.02118  0.56856 -0.05575 A   31 
 0.06837  0.46565  0.40057 B   32 
 0.25262  0.36906  0.34547 A   32 
 0.00323  0.68470  0.60500 B   33 
 0.10434  0.93972  0.80785 K   33 
-0.32394  0.70617  0.52795 B   34 
-0.24199  1.10627  0.48078 F   34 
-0.38918  0.39311  0.54174 B   35 
-0.47774  0.36541  0.20222 E   35 
-0.18735  0.28830  0.81539 B   36 
-0.07408  0.13971  0.69614 S   36 
 0.03608  0.45375  0.95749 B   37 
-0.04748  0.64542  1.15384 N   37 
 0.27560  0.23778  0.91280 B   38 
 0.42902  0.59822  0.78119 F   38 
 0.09240 -0.03185  0.96932 B   39 
 0.00922 -0.08721  1.25285 N   39 
 0.10863 -0.37093  0.89868 B   40 
 0.35325 -0.41814  0.90713 T   40 
-0.15211 -0.45431  1.09879 B   41 
 0.04754 -0.63046  1.39627 Q   41 
-0.36272 -0.31571  0.94334 B   42 
-0.33132 -0.10684  0.95219 A   42 
-0.72608 -0.33648  0.97303 B   43 
-0.69029 -0.57220  1.02826 T   43 
-1.02663 -0.30544  0.75157 B   44 
-0.89449 -0.01587  0.86404 N   44 
-1.35309 -0.29862  0.73357 B   45 
-1.55247 -0.76012  0.79934 R   45 
-1.58817 -0.33772  0.48220 B   46 
-1.30927 -0.25006  0.30371 N   46 
-1.90334 -0.29890  0.36867 B   47 
-1.99629 -0.05785  0.37268 T   47 
-1.85934 -0.55679  0.16055 B   48 
-1.66369 -0.48548 -0.00369 D   48 
-1.67984 -0.75688  0.37310 B   49 
-1.42005 -0.68441  0.33560 B   50 
-1.36007 -0.60984  0.10922 S   50 
-1.04911 -0.63399  0.37455 B   51 
-1.10353 -0.71589  0.62842 T   51 
-0.79115 -0.43777  0.48500 B   52 
-0.89542 -0.19664  0.26385 D   52 
-0.42633 -0.47733  0.44015 B   53 
-0.68880 -0.85857  0.56861 Y   53 
-0.18174 -0.31850  0.57753 B   54 
 0.02429 -0.05128  0.47466 B   55 
 0.29197 -0.04636  0.52212 I   55 
-0.18027 -0.05475  0.18837 B   56 
 0.08254  0.03762  0.02801 L   56 
-0.46414 -0.16155  0.20893 B   57 
-0.56034 -0.05400  0.52300 Q   57 
-0.52058 -0.44747  0.09818 B   58 
-0.26898 -0.49231 -0.07720 I   58 
-0.77976 -0.60772 -0.06140 B   59 
-1.06314 -0.50021 -0.09221 N   59 
-0.98292 -0.91234 -0.03166 B   60 
-1.05899 -0.91620  0.18452 S   60 
-1.15415 -0.90878 -0.30881 B   61 
-1.56565 -0.80760 -0.23788 R   61 
-0.87147 -0.90949 -0.50368 B   62 
-1.17936 -0.65248 -0.72048 W   62 
-0.56633 -0.97593 -0.36010 B   63 
-0.56448 -0.61271 -0.60521 W   63 
-0.65401 -1.14736 -0.09773 B   64 
-0.53518 -1.00465  0.08443 X   64 
-0.68304 -1.41380  0.14445 B   65 
-0.82533 -1.66675  0.08128 N   65 
-0.92252 -1.45274  0.44396 B   66 
-1.03618 -1.20910  0.42419 D   66 
-1.18264 -1.65902  0.43292 B   67 
-1.43202 -1.39562  0.43604 B   68 
-1.33099 -1.12946  0.81484 R   68 
-1.46162 -1.32609  0.10271 B   69 
-1.33859 -1.10703  0.14868 T   69 
-1.68782 -1.33115 -0.10778 B   70 
-1.83241 -1.33161  0.04990 P   70 
-1.58005 -1.32575 -0.42975 B   71 
-1.28293 -1.35957 -0.42940 B   72 
-1.20911 -1.36941 -0.20374 S   72 
-0.94079 -1.34749 -0.59826 B   73 
-1.07341 -1.30910 -0.92783 R   73 
-0.63036 -1.34012 -0.52933 B   74 
-0.52128 -1.49244 -0.32231 N   74 
-0.40889 -1.19157 -0.72902 B   75 
-0.63821 -1.04649 -0.90546 L   75 
-0.14604 -1.21741 -0.52690 B   76 
-0.14397 -0.90848 -0.49440 X   76 
-0.13827 -1.49081 -0.40385 B   77 
-0.11753 -1.72880 -0.53565 N   77 
-0.23581 -1.43481 -0.08249 B   78 
 0.02649 -1.30239 -0.06388 I   78 
-0.24188 -1.41350  0.23387 B   79 
-0.15160 -1.59824  0.27132 P   79 
-0.34140 -1.14396  0.40503 B   80 
-0.62812 -1.09736  0.28096 X   80 
-0.13604 -1.18735  0.64343 B   81 
-0.18912 -1.41114  0.71099 S   81 
 0.12229 -1.12304  0.47730 B   82 
 0.13701 -1.27958  0.33732 A   82 
 0.03770 -0.80588  0.48542 B   83 
-0.11447 -0.80084  0.19568 L   83 
 0.13818 -0.79700  0.81594 B   84 
-0.18771 -0.81039  0.85920 L   84 
 0.41890 -0.80933  0.80334 B   85 
 0.56613 -1.01533  0.74821 S   85 
 0.73656 -0.67498  0.85707 B   86 
 0.83054 -0.78083  1.05026 S   86 
 0.76154 -0.78551  0.57244 B   87 
 0.96458 -0.94774  0.43860 D   87 
 0.68847 -0.59393  0.27585 B   88 
 0.74614 -0.34014  0.33872 I   88 
 0.71484 -0.76912  0.02147 B   89 
 0.94278 -0.90415  0.03830 T   89 
 0.41862 -0.84995 -0.02818 B   90 
 0.37535 -1.00807  0.11453 A   90 
 0.29619 -0.56415 -0.05050 B   91 
 0.22279 -0.51969  0.21018 S   91 
 0.47234 -0.46521 -0.28062 B   92 
 0.70242 -0.37019 -0.19841 V   92 
 0.40858 -0.67544 -0.49487 B   93 
 0.67127 -0.87971 -0.44533 N   93 
 0.10654 -0.61116 -0.48305 B   94 
-0.09905 -0.74064 -0.33420 X   94 
 0.11711 -0.30778 -0.54050 B   95 
 0.18784 -0.21532 -0.35940 A   95 
 0.24096 -0.33215 -0.82242 B   96 
 0.69472 -0.38633 -0.73260 K   96 
-0.01848 -0.46248 -0.93565 B   97 
 0.00448 -0.84555 -0.90317 K   97 
-0.22285 -0.24231 -0.86444 B   98 
-0.31164 -0.29508 -0.57201 I   98 
-0.08799  0.00568 -1.01701 B   99 
 0.09709  0.10950 -0.92329 V   99 
-0.10679 -0.17337 -1.29918 B   100 
 0.14151 -0.24853 -1.26007 S   100 
-0.43353 -0.19463 -1.34276 B   101 
-0.61713 -0.33846 -1.19108 D   101 
-0.50776  0.14491 -1.45070 B   102 
-0.55846  0.36593 -1.19413 B   103 
-0.86856  0.27814 -1.23158 N   103 
-0.33137  0.34787 -1.03558 B   104 
-0.32475  0.51860 -0.72602 B   105 
 0.03887  0.58022 -0.59270 M   105 
-0.64550  0.53866 -0.71503 B   106 
-0.64120  0.77936 -0.94177 N   106 
-0.67886  0.27138 -0.55337 B   107 
-0.58822  0.12983 -0.67782 A   107 
-0.60031  0.47814 -0.32632 B   108 
-0.26056  0.15751 -0.32797 W   108 
-0.80583  0.67084 -0.15101 B   109 
-1.03599  0.56314 -0.11966 V   109 
-0.59740  0.82420  0.02509 B   110 
-0.56492  0.70034  0.19712 A   110 
-0.42457  0.92261 -0.20553 B   111 
-0.19788  0.88738 -0.52013 W   111 
-0.63949  1.07577 -0.36829 B   112 
-1.00728  0.93018 -0.51613 R   112 
-0.75314  1.25301 -0.10988 B   113 
-1.04421  1.11150 -0.13325 N   113 
-0.42929  1.31860  0.02241 B   114 
-0.60091  1.18561  0.47543 R   114 
-0.19288  1.30835 -0.22070 B   115 
-0.11117  1.06491 -0.03189 X   115 
-0.30098  1.40458 -0.46835 B   116 
-0.50416  1.22354 -0.82052 K   116 
-0.15286  1.70937 -0.57521 B   117 
 0.07232  1.70421 -0.37961 B   118 
-0.06097  1.63758 -0.16705 T   118 
 0.36950  1.73272 -0.18541 B   119 
 0.58833  1.91715 -0.20258 D   119 
 0.51534  1.42442 -0.17456 B   120 
 0.35786  1.31209 -0.33283 V   120 
 0.81588  1.49035 -0.11620 B   121 
 0.92943  1.67597 -0.47144 Q   121 
 0.77417  1.54777  0.19035 B   122 
 0.64842  1.71245  0.19487 A   122 
 0.78374  1.23009  0.26599 B   123 
 0.36656  1.24242  0.36258 W   123 
 1.12522  1.23335  0.21070 B   124 
 1.10310  1.09894 -0.02106 I   124 
 1.23158  1.42096  0.39162 B   125 
 1.03875  1.81656  0.11832 R   125 
 1.54419  1.35820  0.54638 B   126 
 1.60740  1.11909  0.37275 B   127 
 1.32272  0.99505  0.46196 X   127 
 1.84471  0.84915  0.31101 B   128 
 2.21382  0.96384  0.18824 R   128 
 1.87852  0.80603 -0.06186 B   129 
 1.62727  0.76680 -0.00871 L   129 
