246 
 0.31127  0.07124  1.29805 B   1 
 0.55639 -0.26779  1.33297 K   1 
 0.65402  0.16107  1.24486 B   2 
 0.63973  0.41959  1.25632 V   2 
 0.84417  0.09622  0.99423 B   3 
 0.62482 -0.26980  0.91785 F   3 
 1.11163 -0.00113  0.85637 B   4 
 1.24817 -0.02819  0.56761 B   5 
 1.55655  0.17289  0.33509 R   5 
 1.38707 -0.31504  0.58504 B   6 
 1.68495 -0.23254  0.53180 X   6 
 1.14254 -0.43564  0.73426 B   7 
 1.03034 -0.36925  1.10224 E   7 
 0.92890 -0.39923  0.51344 B   8 
 0.72169 -0.17485  0.48471 L   8 
 1.07131 -0.54079  0.28296 B   9 
 1.23357 -0.41020  0.22153 A   9 
 1.07576 -0.81549  0.41715 B   10 
 1.22880 -0.80432  0.57298 A   10 
 0.76917 -0.84808  0.45002 B   11 
 0.71590 -0.73975  0.62997 A   11 
 0.69161 -0.80047  0.15392 B   12 
 0.62443 -0.37722  0.12319 M   12 
 0.85186 -1.03782  0.05175 B   13 
 1.26902 -1.08521 -0.05751 K   13 
 0.73289 -1.27001  0.20994 B   14 
 0.62788 -1.28992  0.65172 R   14 
 0.44102 -1.18273  0.08352 B   15 
 0.31830 -1.08396  0.43958 H   15 
 0.52293 -1.15009 -0.24466 B   16 
 0.58476 -0.84616 -0.37698 B   17 
 0.37156 -0.68132 -0.19637 L   17 
 0.82122 -0.91924 -0.52964 B   18 
 1.12455 -0.87582 -0.50852 D   18 
 0.73405 -0.87971 -0.85613 B   19 
 1.04969 -0.94126 -0.87052 N   19 
 0.45407 -0.80694 -0.84264 B   20 
 0.09008 -0.98825 -0.66988 Y   20 
 0.33235 -0.75742 -1.14174 B   21 
-0.09643 -0.96165 -1.14039 R   21 
 0.64483 -0.63397 -1.19671 B   22 
 0.70930 -0.51092 -0.90393 B   23 
 0.38981 -0.22158 -1.09238 Y   23 
 0.94959 -0.41779 -0.74343 B   24 
 1.14642 -0.34176 -0.84531 S   24 
 1.01329 -0.37929 -0.41802 B   25 
 1.09867 -0.58740 -0.19902 L   25 
 1.09003 -0.07153 -0.43137 B   26 
 0.80731  0.02825 -0.50743 B   27 
 0.84504 -0.00264 -0.84139 N   27 
 0.65859 -0.05488 -0.25081 B   28 
 0.41199 -0.36731 -0.45232 W   28 
 0.83555  0.10100 -0.05310 B   29 
 1.03773 -0.03827  0.03239 V   29 
 0.79832  0.37531 -0.18295 B   30 
 0.92000  0.50490 -0.39597 X   30 
 0.49384  0.39246 -0.14765 B   31 
 0.40788  0.26332 -0.30186 A   31 
 0.47678  0.35944  0.15950 B   32 
 0.50612  0.15041  0.20148 A   32 
 0.64418  0.60828  0.22335 B   33 
 0.94130  0.75013  0.31279 K   33 
 0.44286  0.82595  0.06356 B   34 
 0.78813  0.93556 -0.13083 F   34 
 0.16736  0.73025  0.19545 B   35 
 0.02328  0.62487 -0.10790 E   35 
 0.26744  0.65707  0.52897 B   36 
 0.20048  0.44596  0.52014 S   36 
 0.55984  0.63667  0.63656 B   37 
 0.69340  0.88228  0.70068 N   37 
 0.53466  0.33398  0.75386 B   38 
 0.87696  0.33215  0.52232 F   38 
 0.22789  0.36672  0.87334 B   39 
 0.19145  0.53375  1.12061 N   39 
-0.03404  0.15871  0.96471 B   40 
 0.08291 -0.04188  1.05541 T   40 
-0.21826  0.40544  1.10673 B   41 
-0.16896  0.31065  1.49139 Q   41 
-0.27430  0.55636  0.85812 B   42 
-0.09435  0.63761  0.78256 A   42 
-0.50861  0.83024  0.79951 B   43 
-0.65456  0.71593  0.95928 T   43 
-0.71526  0.96557  0.51788 B   44 
-0.39088  1.05895  0.52228 N   44 
-0.91540  1.20312  0.41559 B   45 
-1.37615  1.15989  0.62270 R   45 
-1.14093  1.24214  0.15560 B   46 
-0.93789  0.99403  0.03501 N   46 
-1.32899  1.44227 -0.04013 B   47 
-1.20237  1.62917 -0.16582 T   47 
-1.53970  1.18874 -0.09561 B   48 
-1.39765  1.00127 -0.21815 D   48 
-1.53813  1.05792  0.22111 B   49 
-1.33009  0.88226  0.22380 B   50 
-1.28189  0.76828  0.01145 S   50 
-1.05475  0.64893  0.33057 B   51 
-1.09954  0.76802  0.57125 T   51 
-0.72399  0.60294  0.40630 B   52 
-0.64961  0.69360  0.08354 D   52 
-0.53768  0.29191  0.47855 B   53 
-0.96380  0.36334  0.68846 Y   53 
-0.23820  0.25041  0.59040 B   54 
 0.07152  0.17799  0.43787 B   55 
 0.25019  0.00348  0.54534 I   55 
-0.11510  0.19523  0.14005 B   56 
 0.08523 -0.03023  0.02891 L   56 
-0.36753  0.36441  0.13157 B   57 
-0.28203  0.63368  0.33067 Q   57 
-0.64202  0.21732  0.14649 B   58 
-0.55594 -0.07280  0.07945 I   58 
-0.95607  0.25866  0.01237 B   59 
-1.05563  0.50667 -0.13389 N   59 
-1.30715  0.27696  0.11893 B   60 
-1.31360  0.43216  0.28747 S   60 
-1.46600  0.27706 -0.16552 B   61 
-1.62905  0.66456 -0.25419 R   61 
-1.33109 -0.02399 -0.26066 B   62 
-1.36957  0.22767 -0.63887 W   62 
-1.16418 -0.21598 -0.02953 B   63 
-0.93626 -0.15660 -0.39904 W   63 
-1.29588 -0.11128  0.24905 B   64 
-1.07734 -0.04624  0.37426 X   64 
-1.46763 -0.10526  0.56678 B   65 
-1.76052 -0.15055  0.58629 N   65 
-1.58493  0.19327  0.78054 B   66 
-1.47392  0.38575  0.62790 D   66 
-1.90466  0.28225  0.79436 B   67 
-1.85789  0.59574  0.61799 B   68 
-1.51694  0.82483  0.85424 R   68 
-1.89038  0.49619  0.29264 B   69 
-1.63861  0.53151  0.26817 T   69 
-2.07633  0.56401  0.05531 B   70 
-2.13429  0.74457  0.15435 P   70 
-2.07042  0.33679 -0.19697 B   71 
-1.91248  0.09987 -0.10564 B   72 
-1.82896  0.14518  0.11217 S   72 
-1.72589 -0.22714 -0.16868 B   73 
-1.84495 -0.26335 -0.50362 R   73 
-1.51462 -0.42226 -0.03278 B   74 
-1.52136 -0.48035  0.24023 N   74 
-1.30505 -0.60827 -0.21300 B   75 
-1.37195 -0.45008 -0.48735 L   75 
-1.12163 -0.72207  0.04002 B   76 
-0.87899 -0.55989 -0.06637 X   76 
-1.29989 -0.80214  0.26753 B   77 
-1.49450 -0.99332  0.26318 N   77 
-1.25294 -0.55328  0.49509 B   78 
-0.98647 -0.67588  0.52062 I   78 
-1.17684 -0.39142  0.75698 B   79 
-1.25396 -0.52997  0.89313 P   79 
-0.99901 -0.10821  0.76126 B   80 
-1.16569  0.06962  0.56034 X   80 
-0.85715 -0.17086  1.03846 B   81 
-1.04646 -0.20764  1.18084 S   81 
-0.68208 -0.40917  0.93345 B   82 
-0.82014 -0.56050  0.88493 A   82 
-0.49163 -0.18995  0.78020 B   83 
-0.64010 -0.20916  0.48914 L   83 
-0.35631 -0.10668  1.08707 B   84 
-0.55913  0.14921  1.04657 L   84 
-0.19477 -0.32711  1.15365 B   85 
-0.27149 -0.56127  1.23390 S   85 
 0.11443 -0.47360  1.22283 B   86 
 0.13090 -0.50454  1.45974 S   86 
-0.01142 -0.67768  1.03212 B   87 
-0.03623 -0.96886  1.03971 D   87 
 0.02939 -0.66912  0.67397 B   88 
 0.27058 -0.56067  0.63212 I   88 
-0.13866 -0.89128  0.53796 B   89 
-0.09709 -1.11782  0.66995 T   89 
-0.39311 -0.73308  0.45442 B   90 
-0.51133 -0.71063  0.63543 A   90 
-0.25599 -0.51499  0.27891 B   91 
-0.21510 -0.31784  0.46540 S   91 
-0.11825 -0.70532  0.08251 B   92 
 0.11267 -0.79239  0.17094 V   92 
-0.36055 -0.85869 -0.02675 B   93 
-0.34355 -1.12915  0.17262 N   93 
-0.49592 -0.59778 -0.12216 B   94 
-0.69142 -0.43805  0.00996 X   94 
-0.27034 -0.48641 -0.30149 B   95 
-0.11993 -0.41030 -0.16759 A   95 
-0.26906 -0.72128 -0.50212 B   96 
-0.01183 -1.04283 -0.28455 K   96 
-0.55120 -0.64379 -0.60941 B   97 
-0.82167 -0.83003 -0.40818 K   97 
-0.49579 -0.35288 -0.69664 B   98 
-0.53193 -0.17630 -0.44426 I   98 
-0.25465 -0.40477 -0.90189 B   99 
-0.04253 -0.44880 -0.81893 V   99 
-0.45913 -0.60813 -1.07178 B   100 
-0.35499 -0.81064 -0.94149 S   100 
-0.68594 -0.39577 -1.18393 B   101 
-0.87818 -0.25797 -1.03746 D   101 
-0.49542 -0.22746 -1.44436 B   102 
-0.30712  0.03583 -1.33271 B   103 
-0.57297  0.20667 -1.40625 N   103 
-0.14864 -0.06791 -1.12984 B   104 
 0.04750  0.15324 -0.93583 B   105 
 0.34582 -0.02538 -0.75447 M   105 
-0.13321  0.40639 -1.01745 B   106 
 0.00680  0.41355 -1.31697 N   106 
-0.32447  0.37779 -0.76988 B   107 
-0.40110  0.18446 -0.79208 A   107 
-0.07309  0.52444 -0.64428 B   108 
-0.10723  0.11692 -0.41844 W   108 
-0.01832  0.85140 -0.63006 B   109 
-0.23608  0.98523 -0.61506 V   109 
 0.26245  0.85214 -0.49172 B   110 
 0.22298  0.84842 -0.28097 A   110 
 0.39764  0.66379 -0.68918 B   111 
 0.44762  0.33208 -0.88684 W   111 
 0.34854  0.82153 -0.95157 B   112 
-0.01910  0.95610 -1.10984 R   112 
 0.46504  1.11140 -0.83537 B   113 
 0.17293  1.24880 -0.86842 N   113 
 0.74160  0.96377 -0.66685 B   114 
 0.62561  1.23801 -0.26223 R   114 
 0.83095  0.67009 -0.81129 B   115 
 0.73438  0.58005 -0.52120 X   115 
 0.78749  0.68157 -1.09458 B   116 
 0.45349  0.58174 -1.37127 K   116 
 1.08919  0.66841 -1.28182 B   117 
 1.26374  0.58951 -1.05313 B   118 
 1.17350  0.75537 -0.87498 T   118 
 1.50809  0.47266 -0.82189 B   119 
 1.78003  0.39075 -0.86108 D   119 
 1.36603  0.22100 -0.64042 B   120 
 1.15151  0.21042 -0.76823 V   120 
 1.61357  0.05648 -0.54177 B   121 
 1.75335 -0.10381 -0.89997 Q   121 
 1.69312  0.25765 -0.31326 B   122 
 1.74152  0.43242 -0.41357 A   122 
 1.47277  0.13289 -0.10682 B   123 
 1.24383  0.49380 -0.13602 W   123 
 1.67511 -0.14505 -0.06826 B   124 
 1.51264 -0.30103 -0.21504 I   124 
 1.91983 -0.04973  0.03306 B   125 
 2.04641  0.15680 -0.42486 R   125 
 2.09639 -0.24030  0.27414 B   126 
 1.91875 -0.48303  0.24513 B   127 
 1.66654 -0.28964  0.30315 X   127 
 1.84776 -0.81797  0.37072 B   128 
 2.13830 -1.09422  0.30951 R   128 
 1.76086 -1.03722  0.07675 B   129 
 1.58650 -0.84464  0.07523 L   129 
