246 
-0.48464 -0.94354  0.81349 B   1 
-0.12578 -1.10923  0.95492 K   1 
-0.38463 -0.78041  1.11642 B   2 
-0.60025 -0.64930  1.17548 V   2 
-0.14258 -0.57512  1.16589 B   3 
 0.08532 -0.76145  0.84767 F   3 
 0.10966 -0.46292  1.32014 B   4 
 0.31521 -0.21694  1.31700 B   5 
 0.39012  0.14543  1.54651 R   5 
 0.59452 -0.36144  1.37164 B   6 
 0.68096 -0.21156  1.63324 X   6 
 0.51963 -0.59890  1.18559 B   7 
 0.25915 -0.88197  1.25214 E   7 
 0.49430 -0.44451  0.91866 B   8 
 0.23981 -0.33956  0.78329 L   8 
 0.76768 -0.30781  0.91441 B   9 
 0.76108 -0.15253  1.06608 A   9 
 0.92871 -0.56738  0.90105 B   10 
 0.91841 -0.65542  1.10097 A   10 
 0.80785 -0.67496  0.63655 B   11 
 0.62115 -0.77101  0.69016 A   11 
 0.86506 -0.42568  0.46178 B   12 
 0.51460 -0.18011  0.50013 M   12 
 1.16629 -0.44189  0.49994 B   13 
 1.43126 -0.29429  0.81011 K   13 
 1.22999 -0.72262  0.39884 B   14 
 1.00888 -1.11157  0.47899 R   14 
 1.08972 -0.63226  0.11433 B   15 
 0.80426 -0.88993  0.17524 H   15 
 1.24154 -0.33263  0.06283 B   16 
 1.08520 -0.04474  0.14274 B   17 
 0.78447 -0.14287  0.07081 L   17 
 1.31129  0.08647  0.27011 B   18 
 1.39877  0.15584  0.55626 D   18 
 1.38391  0.35381  0.07259 B   19 
 1.57514  0.39617  0.32806 N   19 
 1.19961  0.32573 -0.14901 B   20 
 1.11096  0.01109 -0.44625 Y   20 
 1.23754  0.56941 -0.36328 B   21 
 1.21335  0.36702 -0.79224 R   21 
 1.29866  0.74638 -0.07894 B   22 
 1.10225  0.59169  0.12724 B   23 
 0.81713  0.83840 -0.15408 Y   23 
 1.06277  0.56322  0.42692 B   24 
 1.13179  0.72799  0.57854 S   24 
 0.91876  0.33518  0.62361 B   25 
 1.02530  0.06075  0.73266 L   25 
 0.71426  0.53230  0.76542 B   26 
 0.54623  0.59085  0.51241 B   27 
 0.73172  0.85085  0.40333 N   27 
 0.43651  0.30723  0.46338 B   28 
 0.66450  0.24592  0.08485 W   28 
 0.30392  0.27052  0.73866 B   29 
 0.46433  0.16592  0.91447 V   29 
 0.12717  0.51964  0.72488 B   30 
 0.16956  0.78829  0.77973 X   30 
-0.03318  0.43810  0.47610 B   31 
 0.09871  0.47324  0.30516 A   31 
-0.14757  0.16855  0.57600 B   32 
 0.01224  0.02487  0.56445 A   32 
-0.29979  0.28937  0.81317 B   33 
-0.32246  0.35691  1.14683 K   33 
-0.48962  0.49752  0.62857 B   34 
-0.34296  0.78603  0.88209 F   34 
-0.59006  0.28148  0.41481 B   35 
-0.43743  0.43815  0.13906 E   35 
-0.63355 -0.00752  0.61777 B   36 
-0.49165 -0.13117  0.50069 S   36 
-0.53779 -0.04552  0.91252 B   37 
-0.70218  0.06634  1.11925 N   37 
-0.36009 -0.31307  0.85908 B   38 
-0.11047 -0.05698  1.06618 F   38 
-0.57025 -0.45434  0.64617 B   39 
-0.82529 -0.56869  0.75684 N   39 
-0.55843 -0.69716  0.39893 B   40 
-0.38859 -0.85745  0.48610 T   40 
-0.89470 -0.71282  0.35817 B   41 
-0.96518 -1.06548  0.53149 Q   41 
-0.93050 -0.44015  0.24816 B   42 
-0.88431 -0.29720  0.39690 A   42 
-1.22290 -0.28924  0.08982 B   43 
-1.26476 -0.51146 -0.00378 T   43 
-1.29708 -0.02953 -0.16977 B   44 
-1.23278  0.08533  0.14108 N   44 
-1.52705  0.14350 -0.32508 B   45 
-1.78160 -0.14220 -0.65770 R   45 
-1.54260  0.32848 -0.61752 B   46 
-1.20640  0.32996 -0.55197 N   46 
-1.69725  0.55863 -0.80946 B   47 
-1.73593  0.78962 -0.70033 T   47 
-1.56366  0.41956 -1.08253 B   48 
-1.30091  0.44368 -1.05562 D   48 
-1.59680  0.09191 -0.98778 B   49 
-1.36919  0.03514 -0.84952 B   50 
-1.16617  0.15315 -0.92207 S   50 
-1.11202 -0.12372 -0.62528 B   51 
-1.32990 -0.26105 -0.53702 T   51 
-0.96566 -0.14232 -0.31628 B   52 
-0.86533  0.18354 -0.35716 D   52 
-0.67052 -0.33469 -0.20423 B   53 
-1.00201 -0.55199 -0.47560 Y   53 
-0.55686 -0.38637  0.09298 B   54 
-0.29971 -0.23983  0.28492 B   55 
-0.13112 -0.38652  0.43979 I   55 
-0.26484 -0.02841  0.00580 B   56 
 0.04818 -0.02255  0.07863 L   56 
-0.50397  0.02032 -0.17545 B   57 
-0.76635  0.02654  0.04945 Q   57 
-0.51262 -0.12964 -0.44865 B   58 
-0.21691 -0.21868 -0.47519 I   58 
-0.62279 -0.06310 -0.76764 B   59 
-0.79854  0.17187 -0.84958 N   59 
-0.83506 -0.21105 -1.02841 B   60 
-1.03366 -0.26230 -0.92612 S   60 
-0.78041 -0.01420 -1.28221 B   61 
-1.11889  0.23857 -1.36060 R   61 
-0.44280 -0.07659 -1.27999 B   62 
-0.49452  0.36003 -1.40055 W   62 
-0.31907 -0.33514 -1.09028 B   63 
-0.10743  0.04266 -1.02322 W   63 
-0.57951 -0.52887 -1.06685 B   64 
-0.59087 -0.54891 -0.80774 X   64 
-0.79617 -0.81710 -1.08844 B   65 
-0.89528 -0.91813 -1.34958 N   65 
-1.17562 -0.84816 -1.02818 B   66 
-1.21375 -0.59555 -0.94214 D   66 
-1.39004 -0.87570 -1.28036 B   67 
-1.54135 -0.55008 -1.22891 B   68 
-1.67774 -0.54360 -0.77515 R   68 
-1.33561 -0.34951 -1.41400 B   69 
-1.24422 -0.25846 -1.19357 T   69 
-1.36666 -0.15871 -1.65510 B   70 
-1.57743 -0.15043 -1.61941 P   70 
-1.07502 -0.07994 -1.81019 B   71 
-0.85902 -0.25247 -1.69619 B   72 
-0.95321 -0.38586 -1.52356 S   72 
-0.49247 -0.34452 -1.64242 B   73 
-0.37004 -0.11889 -1.89097 R   73 
-0.30582 -0.51886 -1.45283 B   74 
-0.38113 -0.77264 -1.36409 N   74 
 0.00992 -0.43353 -1.38941 B   75 
-0.02515 -0.13831 -1.51742 L   75 
 0.06946 -0.66299 -1.15614 B   76 
 0.09207 -0.43742 -0.94376 X   76 
-0.04281 -0.92750 -1.24202 B   77 
 0.02626 -1.06995 -1.46424 N   77 
-0.31802 -0.96348 -1.04483 B   78 
-0.11706 -0.99725 -0.83233 I   78 
-0.52671 -1.06936 -0.83080 B   79 
-0.50945 -1.27181 -0.87972 P   79 
-0.67580 -0.87930 -0.59949 B   80 
-0.80133 -0.65293 -0.78053 X   80 
-0.68515 -1.10845 -0.37974 B   81 
-0.79953 -1.28259 -0.49832 S   81 
-0.37553 -1.11986 -0.32996 B   82 
-0.29442 -1.19297 -0.50994 A   82 
-0.40025 -0.83561 -0.16746 B   83 
-0.32300 -0.64200 -0.41981 L   83 
-0.54072 -1.00916  0.09629 B   84 
-0.81314 -0.87636 -0.03178 L   84 
-0.32547 -1.15184  0.20778 B   85 
-0.20818 -1.36212  0.11196 S   85 
-0.10609 -1.22529  0.46916 B   86 
-0.17720 -1.43014  0.57082 S   86 
 0.08367 -1.21044  0.22910 B   87 
 0.29998 -1.38304  0.13489 D   87 
 0.24978 -0.90844  0.12323 B   88 
 0.28629 -0.76500  0.34634 I   88 
 0.41190 -0.95639 -0.13661 B   89 
 0.55181 -1.17988 -0.10578 T   89 
 0.21311 -0.85362 -0.35264 B   90 
 0.06584 -1.01147 -0.37790 A   90 
 0.17589 -0.56300 -0.24623 B   91 
-0.04323 -0.59575 -0.08426 S   91 
 0.47106 -0.48178 -0.25351 B   92 
 0.60130 -0.55390 -0.03774 V   92 
 0.53510 -0.52845 -0.54997 B   93 
 0.66994 -0.83566 -0.52503 N   93 
 0.31164 -0.33470 -0.63958 B   94 
 0.04361 -0.39292 -0.71678 X   94 
 0.39870 -0.08197 -0.48466 B   95 
 0.34540 -0.11688 -0.27903 A   95 
 0.67199 -0.05006 -0.62505 B   96 
 0.94308 -0.35091 -0.39504 K   96 
 0.53538  0.02144 -0.89586 B   97 
 0.47867 -0.29967 -1.10081 K   97 
 0.36703  0.26443 -0.80685 B   98 
 0.10234  0.15131 -0.69139 I   98 
 0.60117  0.45078 -0.69100 B   99 
 0.69162  0.40304 -0.48279 V   99 
 0.74736  0.43307 -0.99157 B   100 
 0.89603  0.23715 -0.90025 S   100 
 0.53008  0.59462 -1.18079 B   101 
 0.27458  0.51334 -1.25505 D   101 
 0.59211  0.93711 -1.07451 B   102 
 0.41677  1.03169 -0.79602 B   103 
 0.19872  1.13105 -1.01477 N   103 
 0.47932  0.84313 -0.60220 B   104 
 0.30498  0.84952 -0.29465 B   105 
 0.49646  0.66554 -0.00607 M   105 
 0.06210  1.01852 -0.42054 B   106 
 0.24674  1.29285 -0.41609 N   106 
-0.10518  0.76368 -0.49643 B   107 
 0.02426  0.65869 -0.62277 A   107 
-0.16708  0.79531 -0.18718 B   108 
 0.04261  0.38028 -0.23203 W   108 
-0.40820  0.97632 -0.04861 B   109 
-0.61460  0.99364 -0.19914 V   109 
-0.34752  0.92285  0.25376 B   110 
-0.45298  0.74269  0.30283 A   110 
-0.05457  1.00551  0.24432 B   111 
 0.31507  0.99135  0.12280 W   111 
-0.08679  1.29448  0.13663 B   112 
-0.28337  1.42117 -0.21497 R   112 
-0.31614  1.38535  0.36078 B   113 
-0.53663  1.42814  0.12657 N   113 
-0.15301  1.22444  0.63312 B   114 
-0.59540  1.02624  0.76495 R   114 
 0.18048  1.19654  0.57743 B   115 
 0.08424  0.89280  0.58586 X   115 
 0.27544  1.42246  0.42839 B   116 
 0.33013  1.52167 -0.00201 K   116 
 0.49730  1.62819  0.61470 B   117 
 0.53594  1.43588  0.83945 B   118 
 0.28856  1.36557  0.87478 T   118 
 0.63363  1.23481  1.11669 B   119 
 0.83283  1.27691  1.31854 D   119 
 0.69268  0.91977  0.99962 B   120 
 0.66382  0.97291  0.75711 V   120 
 0.88693  0.79988  1.21402 B   121 
 1.22935  1.02869  1.15129 Q   121 
 0.66310  0.74342  1.42786 B   122 
 0.58925  0.93114  1.47536 A   122 
 0.57714  0.46247  1.28497 B   123 
 0.20548  0.63901  1.16572 W   123 
 0.86764  0.31891  1.40612 B   124 
 0.98449  0.31746  1.16402 I   124 
 0.85399  0.34030  1.68647 B   125 
 0.94380  0.85014  1.66715 R   125 
 0.97646  0.07651  1.88903 B   126 
 1.10433 -0.07112  1.65844 B   127 
 0.81730 -0.06256  1.51038 X   127 
 1.28415 -0.37264  1.55975 B   128 
 1.65465 -0.41668  1.71871 R   128 
 1.54748 -0.27492  1.30846 B   129 
 1.32053 -0.20279  1.20464 L   129 
