246 
-0.94368  0.82103  0.47146 B   1 
-1.26850  0.55572  0.49008 K   1 
-0.96037  0.66935  0.79564 B   2 
-0.79500  0.81826  0.92847 V   2 
-0.89301  0.36739  0.88201 B   3 
-1.00789  0.22543  0.48886 F   3 
-0.94924  0.09321  1.02925 B   4 
-0.81366 -0.19142  1.08729 B   5 
-0.62384 -0.39778  1.42043 R   5 
-1.05788 -0.39256  1.04512 B   6 
-1.06469 -0.52711  1.32836 X   6 
-1.15900 -0.23396  0.79768 B   7 
-1.33110  0.11641  0.79215 E   7 
-0.91447 -0.27338  0.61226 B   8 
-0.68100 -0.08079  0.56220 L   8 
-0.89537 -0.57837  0.61969 B   9 
-0.82104 -0.63048  0.81697 A   9 
-1.16780 -0.62678  0.48959 B   10 
-1.31706 -0.58091  0.64270 A   10 
-1.11166 -0.47687  0.22404 B   11 
-1.14687 -0.26694  0.26463 A   11 
-0.85262 -0.62798  0.14645 B   12 
-0.53373 -0.39916  0.32122 M   12 
-0.98963 -0.89909  0.13296 B   13 
-1.08164 -1.19684  0.43476 K   13 
-1.21057 -0.85059 -0.07180 B   14 
-1.49179 -0.49548 -0.10915 R   14 
-0.97201 -0.75948 -0.28055 B   15 
-1.11141 -0.39595 -0.27843 H   15 
-0.75272 -1.01585 -0.23973 B   16 
-0.48411 -0.98193 -0.03872 B   17 
-0.43083 -0.66750 -0.09823 L   17 
-0.50429 -1.23963  0.09445 B   18 
-0.58927 -1.34375  0.37065 D   18 
-0.22658 -1.41221  0.00036 B   19 
-0.35970 -1.60193  0.22377 N   19 
-0.09714 -1.23398 -0.18765 B   20 
-0.21505 -1.03418 -0.56367 Y   20 
 0.17958 -1.36562 -0.30090 B   21 
 0.18520 -1.27017 -0.76611 R   21 
 0.19589 -1.48700  0.01675 B   22 
 0.05466 -1.24368  0.17757 B   23 
 0.47642 -1.07932  0.04949 Y   23 
-0.07280 -1.19274  0.44837 B   24 
-0.01760 -1.31825  0.63837 S   24 
-0.29124 -0.96951  0.56620 B   25 
-0.60468 -0.96048  0.55096 L   25 
-0.10645 -0.85537  0.79773 B   26 
 0.10280 -0.72600  0.61025 B   27 
 0.29901 -0.99879  0.57883 N   27 
-0.07864 -0.51582  0.47686 B   28 
-0.06403 -0.70687  0.07398 W   28 
-0.17002 -0.37611  0.73539 B   29 
-0.38523 -0.48158  0.83610 V   29 
 0.10986 -0.30949  0.83893 B   30 
 0.30054 -0.45171  0.98171 X   30 
 0.19607 -0.13303  0.60296 B   31 
 0.24546 -0.27025  0.43993 A   31 
-0.03019  0.07778  0.61237 B   32 
-0.20478 -0.01425  0.52653 A   32 
 0.03380  0.17429  0.89629 B   33 
-0.03176  0.17304  1.23111 K   33 
 0.35070  0.26679  0.82957 B   34 
 0.44278  0.02307  1.14759 F   34 
 0.28777  0.44037  0.56810 B   35 
 0.47370  0.23583  0.35021 E   35 
-0.02089  0.59450  0.65514 B   36 
-0.13067  0.51002  0.48211 S   36 
-0.20312  0.52433  0.89878 B   37 
-0.13040  0.63517  1.15314 N   37 
-0.47257  0.46316  0.72654 B   38 
-0.42677  0.13644  0.97542 F   38 
-0.43308  0.70905  0.50875 B   39 
-0.48160  0.98975  0.60479 N   39 
-0.54592  0.78904  0.19079 B   40 
-0.77691  0.69534  0.18825 T   40 
-0.42227  1.10475  0.19517 B   41 
-0.76350  1.30802  0.23547 Q   41 
-0.13539  1.03115  0.19886 B   42 
-0.08933  0.93507  0.38146 A   42 
 0.15964  1.24067  0.14986 B   43 
 0.02327  1.36402 -0.01164 T   43 
 0.50803  1.20572  0.01667 B   44 
 0.46020  1.10570  0.33552 N   44 
 0.79814  1.34915 -0.03028 B   45 
 0.77828  1.69036 -0.40476 R   45 
 1.07506  1.28859 -0.22935 B   46 
 0.92971  0.97872 -0.21612 N   46 
 1.40083  1.34007 -0.29975 B   47 
 1.56749  1.28779 -0.10935 T   47 
 1.34217  1.26736 -0.62073 B   48 
 1.25755  1.01603 -0.62435 D   48 
 1.03952  1.42561 -0.64883 B   49 
 0.85536  1.23924 -0.57466 B   50 
 0.91073  1.00556 -0.62693 S   50 
 0.54042  1.06606 -0.46297 B   51 
 0.46788  1.32109 -0.40122 T   51 
 0.35083  0.94188 -0.20629 B   52 
 0.60668  0.72300 -0.13882 D   52 
 0.03787  0.74530 -0.21543 B   53 
 0.07956  1.13178 -0.49764 Y   53 
-0.16334  0.66393  0.02292 B   54 
-0.20704  0.37242  0.21670 B   55 
-0.45262  0.27541  0.28159 I   55 
 0.06890  0.25530  0.03243 B   56 
-0.06727 -0.03480  0.05725 L   56 
 0.26726  0.45490 -0.08259 B   57 
 0.27865  0.69713  0.16369 Q   57 
 0.25058  0.51759 -0.38754 B   58 
 0.07927  0.27894 -0.48641 I   58 
 0.47167  0.58974 -0.64098 B   59 
 0.76595  0.66011 -0.60545 N   59 
 0.52504  0.83960 -0.90493 B   60 
 0.51294  1.04377 -0.80149 S   60 
 0.77161  0.71017 -1.07405 B   61 
 1.13809  0.92379 -1.00571 R   61 
 0.59651  0.42292 -1.14264 B   62 
 1.03207  0.30054 -1.08638 W   62 
 0.25870  0.41090 -1.08031 B   63 
 0.47614  0.07056 -0.91030 W   63 
 0.17915  0.72622 -1.09280 B   64 
 0.06462  0.74748 -0.86021 X   64 
 0.02150  1.03714 -1.18749 B   65 
 0.07404  1.16450 -1.45062 N   65 
 0.10801  1.39981 -1.08971 B   66 
 0.30184  1.33841 -0.91271 D   66 
 0.26072  1.60524 -1.30139 B   67 
 0.57064  1.61962 -1.11345 B   68 
 0.44716  1.74825 -0.67442 R   68 
 0.73907  1.35020 -1.23940 B   69 
 0.69682  1.23334 -1.01626 T   69 
 1.00636  1.30230 -1.38692 B   70 
 1.07516  1.49392 -1.32122 P   70 
 1.02902  1.00107 -1.54202 B   71 
 0.76055  0.86984 -1.53090 B   72 
 0.61376  1.01027 -1.40762 S   72 
 0.52971  0.56796 -1.56703 B   73 
 0.77421  0.36496 -1.73038 R   73 
 0.24062  0.46538 -1.48290 B   74 
 0.01802  0.63393 -1.48351 N   74 
 0.17444  0.14196 -1.43803 B   75 
 0.48721  0.05877 -1.44274 L   75 
-0.13275  0.17843 -1.31589 B   76 
-0.03322  0.07294 -1.04119 X   76 
-0.28264  0.38314 -1.47582 B   77 
-0.34090  0.37185 -1.74212 N   77 
-0.29148  0.65319 -1.26865 B   78 
-0.47571  0.48339 -1.11401 I   78 
-0.39004  0.88909 -1.08101 B   79 
-0.54846  0.95079 -1.20255 P   79 
-0.26626  0.95589 -0.77758 B   80 
 0.04155  0.98210 -0.84346 X   80 
-0.54311  1.05563 -0.65802 B   81 
-0.60289  1.22698 -0.81462 S   81 
-0.68363  0.77506 -0.66024 B   82 
-0.70410  0.72637 -0.86402 A   82 
-0.49783  0.68997 -0.40323 B   83 
-0.26270  0.54096 -0.57540 L   83 
-0.69773  0.88966 -0.20428 B   84 
-0.43709  1.08811 -0.23490 L   84 
-0.93967  0.74757 -0.18443 B   85 
-1.12228  0.71949 -0.36615 S   85 
-1.18327  0.57667 -0.00197 B   86 
-1.37102  0.72260  0.02661 S   86 
-1.14477  0.39311 -0.24420 B   87 
-1.33172  0.25916 -0.42466 D   87 
-0.90728  0.12199 -0.25454 B   88 
-0.88650  0.03554 -0.00200 I   88 
-0.90425 -0.01206 -0.53404 B   89 
-1.15587 -0.05441 -0.60729 T   89 
-0.66101  0.12904 -0.66698 B   90 
-0.73178  0.32555 -0.72714 A   90 
-0.44332  0.05235 -0.45745 B   91 
-0.45578  0.26901 -0.28945 S   91 
-0.47783 -0.25134 -0.47621 B   92 
-0.67038 -0.34106 -0.32259 V   92 
-0.42408 -0.29587 -0.77503 B   93 
-0.74245 -0.30126 -0.88364 N   93 
-0.14454 -0.16566 -0.75489 B   94 
-0.06716  0.10312 -0.80926 X   94 
-0.02264 -0.34176 -0.53223 B   95 
-0.11370 -0.27670 -0.34832 A   95 
-0.03883 -0.60780 -0.68836 B   96 
-0.48125 -0.73891 -0.62531 K   96 
 0.17707 -0.51261 -0.89193 B   97 
 0.00600 -0.33867 -1.18994 K   97 
 0.40841 -0.45015 -0.69728 B   98 
 0.36253 -0.16098 -0.59502 I   98 
 0.43654 -0.73672 -0.55567 B   99 
 0.28192 -0.79926 -0.39444 V   99 
 0.48689 -0.86826 -0.85930 B   100 
 0.23172 -0.92862 -0.86806 S   100 
 0.77602 -0.73248 -0.94344 B   101 
 0.82822 -0.46631 -1.00532 D   101 
 1.00199 -0.92075 -0.72910 B   102 
 1.03587 -0.79228 -0.41351 B   103 
 1.28422 -0.63213 -0.54747 N   103 
 0.77770 -0.77485 -0.31312 B   104 
 0.72515 -0.61291 -0.00323 B   105 
 0.38732 -0.71505  0.16775 M   105 
 1.00496 -0.45566 -0.02277 B   106 
 1.16908 -0.73187  0.05560 N   106 
 0.87913 -0.20383 -0.16217 B   107 
 0.79325 -0.28415 -0.33513 A   107 
 0.80685 -0.15532  0.14261 B   108 
 0.39766 -0.18893 -0.08025 W   108 
 0.99245 -0.00122  0.37045 B   109 
 1.14039  0.18067  0.26756 V   109 
 0.80674 -0.03297  0.62040 B   110 
 0.67288  0.13446  0.61451 A   110 
 0.77508 -0.33520  0.60050 B   111 
 0.67785 -0.67209  0.43122 W   111 
 1.07357 -0.41838  0.61179 B   112 
 1.38945 -0.29015  0.36260 R   112 
 1.14505 -0.23931  0.88369 B   113 
 1.35243 -0.05524  0.71514 N   113 
 0.84331 -0.32441  1.05218 B   114 
 0.78288  0.16173  1.16351 R   114 
 0.72161 -0.62186  0.94354 B   115 
 0.49576 -0.41568  0.85373 X   115 
 0.93721 -0.79848  0.87570 B   116 
 1.17038 -0.89230  0.50841 K   116 
 0.95852 -1.08037  1.09096 B   117 
 0.69365 -1.03908  1.22182 B   118 
 0.70921 -0.78334  1.26360 T   118 
 0.37952 -1.04825  1.38938 B   119 
 0.26435 -1.24586  1.56224 D   119 
 0.13749 -0.98238  1.15803 B   120 
 0.28799 -0.97915  0.95852 V   120 
-0.11798 -1.11271  1.28384 B   121 
-0.02278 -1.51765  1.26142 Q   121 
-0.16918 -0.88195  1.49155 B   122 
-0.00232 -0.88579  1.61440 A   122 
-0.32007 -0.69582  1.26945 B   123 
 0.00982 -0.42263  1.27700 W   123 
-0.59361 -0.90687  1.28720 B   124 
-0.54188 -1.01693  1.04745 I   124 
-0.68056 -0.89925  1.55483 B   125 
-0.27363 -1.17925  1.71096 R   125 
-1.02740 -0.90792  1.62723 B   126 
-1.10792 -0.97154  1.34300 B   127 
-0.93937 -0.71186  1.25059 X   127 
-1.38915 -1.02207  1.11641 B   128 
-1.62202 -1.34490  1.19404 R   128 
-1.30253 -1.30565  0.88377 B   129 
-1.11912 -1.12542  0.84681 L   129 
