246 
 0.44442  0.28437  1.22822 B   1 
 0.51114 -0.10387  1.37333 K   1 
 0.78287  0.18555  1.16449 B   2 
 0.88875  0.41232  1.09716 V   2 
 0.89531 -0.02836  0.95289 B   3 
 0.52708 -0.25534  0.98114 F   3 
 1.07328 -0.27334  0.86165 B   4 
 1.15142 -0.44151  0.60016 B   5 
 1.49106 -0.48204  0.33073 R   5 
 1.14599 -0.74166  0.70861 B   6 
 1.44141 -0.82582  0.64522 X   6 
 0.89059 -0.68693  0.87709 B   7 
 0.86018 -0.47454  1.20324 E   7 
 0.69483 -0.62002  0.64703 B   8 
 0.61028 -0.34379  0.54381 L   8 
 0.73233 -0.87040  0.47573 B   9 
 0.92871 -0.85361  0.38456 A   9 
 0.62574 -1.06477  0.68631 B   10 
 0.78264 -1.08211  0.83768 A   10 
 0.34312 -0.94048  0.71495 B   11 
 0.36409 -0.77371  0.85171 A   11 
 0.26493 -0.94873  0.41532 B   12 
 0.39432 -0.57122  0.25614 M   12 
 0.28826 -1.25127  0.39579 B   13 
 0.62438 -1.51568  0.32289 K   13 
 0.09428 -1.34587  0.61146 B   14 
 0.03883 -1.18823  1.03415 R   14 
-0.13769 -1.17314  0.45288 B   15 
-0.16397 -0.93210  0.75751 H   15 
-0.08495 -1.27708  0.13367 B   16 
 0.09376 -1.08842 -0.08122 B   17 
-0.00107 -0.79984  0.03269 L   17 
 0.25374 -1.30287 -0.19510 B   18 
 0.54408 -1.40121 -0.17567 D   18 
 0.16018 -1.32208 -0.52165 B   19 
 0.41003 -1.52429 -0.50403 N   19 
-0.05312 -1.12726 -0.54206 B   20 
-0.43929 -1.06133 -0.33777 Y   20 
-0.16984 -1.11427 -0.84691 B   21 
-0.64178 -1.08624 -0.80172 R   21 
 0.15689 -1.17135 -0.92366 B   22 
 0.30061 -1.01480 -0.67902 B   23 
 0.12937 -0.67738 -0.95853 Y   23 
 0.57239 -1.00255 -0.54426 B   24 
 0.77033 -1.05907 -0.65618 S   24 
 0.68049 -0.90729 -0.24314 B   25 
 0.68465 -1.05924  0.03154 L   25 
 0.88665 -0.68851 -0.34521 B   26 
 0.67375 -0.49523 -0.45918 B   27 
 0.65796 -0.63360 -0.76660 N   27 
 0.53145 -0.42298 -0.19571 B   28 
 0.15025 -0.62794 -0.30391 W   28 
 0.77959 -0.31812 -0.04694 B   29 
 0.90429 -0.50448  0.08460 V   29 
 0.85746 -0.10764 -0.25460 B   30 
 1.00151 -0.11596 -0.49158 X   30 
 0.59953  0.05809 -0.23851 B   31 
 0.44863 -0.05421 -0.35016 A   31 
 0.60179  0.12563  0.06341 B   32 
 0.53731 -0.05141  0.16741 A   32 
 0.86956  0.27486  0.05631 B   33 
 1.20626  0.28140  0.11102 K   33 
 0.77338  0.50546 -0.16955 B   34 
 1.10817  0.38192 -0.37368 F   34 
 0.50006  0.59053 -0.02633 B   35 
 0.29281  0.48274 -0.28961 E   35 
 0.59052  0.57752  0.31755 B   36 
 0.43454  0.42898  0.36984 S   36 
 0.85132  0.45530  0.43811 B   37 
 1.08771  0.61759  0.43085 N   37 
 0.70403  0.24640  0.63980 B   38 
 0.98170  0.02018  0.43364 F   38 
 0.46001  0.45020  0.73133 B   39 
 0.52961  0.67754  0.91530 N   39 
 0.14346  0.42323  0.87024 B   40 
 0.16547  0.22646  1.02169 T   40 
 0.10737  0.75609  0.92395 B   41 
 0.14848  0.76305  1.32099 Q   41 
 0.10010  0.83802  0.63941 B   42 
 0.28825  0.80119  0.55033 A   42 
 0.01089  1.15986  0.49174 B   43 
-0.15331  1.17712  0.67239 T   43 
-0.14020  1.28922  0.17429 B   44 
 0.18967  1.21827  0.16363 N   44 
-0.22027  1.55230 -0.00270 B   45 
-0.62578  1.78874  0.18890 R   45 
-0.42949  1.61578 -0.27135 B   46 
-0.37512  1.27912 -0.30346 N   46 
-0.52568  1.81530 -0.52565 B   47 
-0.34206  1.87760 -0.69642 T   47 
-0.83303  1.68462 -0.51093 B   48 
-0.80532  1.42658 -0.56559 D   48 
-0.85767  1.66419 -0.16975 B   49 
-0.75301  1.42104 -0.10594 B   50 
-0.78443  1.24268 -0.27209 S   50 
-0.60402  1.12787  0.07711 B   51 
-0.56427  1.31700  0.26887 T   51 
-0.32424  0.95733  0.17655 B   52 
-0.25126  0.90710 -0.15522 D   52 
-0.29292  0.63048  0.34644 B   53 
-0.61546  0.94783  0.50766 Y   53 
-0.03498  0.48848  0.47768 B   54 
 0.19016  0.24062  0.36670 B   55 
 0.28038  0.04186  0.52881 I   55 
 0.00150  0.25702  0.07012 B   56 
 0.06474 -0.05669  0.04010 L   56 
-0.14599  0.51368  0.00093 B   57 
 0.07282  0.75651  0.11325 Q   57 
-0.45405  0.52191  0.04817 B   58 
-0.51660  0.21951  0.07495 I   58 
-0.72730  0.66420 -0.10484 B   59 
-0.71825  0.87688 -0.32278 N   59 
-1.01844  0.87278 -0.02308 B   60 
-0.93597  1.05389  0.09063 S   60 
-1.18890  0.86570 -0.30064 B   61 
-1.16667  1.24125 -0.50819 R   61 
-1.21615  0.52349 -0.29537 B   62 
-1.17582  0.64494 -0.73295 W   62 
-1.13126  0.35068 -0.01063 B   63 
-0.94154  0.18966 -0.37132 W   63 
-1.17095  0.57884  0.21802 B   64 
-0.93488  0.56758  0.32669 X   64 
-1.28674  0.75393  0.51199 B   65 
-1.56441  0.85741  0.53226 N   65 
-1.23256  1.11959  0.62122 B   66 
-1.06306  1.18615  0.42245 D   66 
-1.47364  1.34654  0.59465 B   67 
-1.30856  1.53769  0.33429 B   68 
-0.87804  1.63882  0.50448 R   68 
-1.41674  1.37675  0.05285 B   69 
-1.18051  1.28258  0.02916 T   69 
-1.57549  1.45246 -0.20126 B   70 
-1.53441  1.65899 -0.16349 P   70 
-1.69993  1.18737 -0.37316 B   71 
-1.65808  0.94128 -0.20851 B   72 
-1.54068  1.00246 -0.01118 S   72 
-1.64801  0.56243 -0.16275 B   73 
-1.80505  0.49207 -0.47589 R   73 
-1.53530  0.33933  0.03397 B   74 
-1.53889  0.37135  0.31131 N   74 
-1.45324  0.03479 -0.07334 B   75 
-1.46954  0.12054 -0.38503 L   75 
-1.31595 -0.07387  0.20942 B   76 
-1.03885 -0.08066  0.06919 X   76 
-1.48607  0.00637  0.44302 B   77 
-1.74549 -0.06494  0.48839 N   77 
-1.30764  0.25806  0.58702 B   78 
-1.12480  0.03881  0.65903 I   78 
-1.13928  0.43299  0.79104 B   79 
-1.25605  0.39126  0.95928 P   79 
-0.85295  0.58928  0.71728 B   80 
-0.94089  0.75869  0.46561 X   80 
-0.72666  0.54970  1.00603 B   81 
-0.89588  0.64718  1.14505 S   81 
-0.69096  0.23867  0.98468 B   82 
-0.88690  0.16199  0.97829 A   82 
-0.43909  0.29062  0.78054 B   83 
-0.60982  0.26066  0.50290 L   83 
-0.24925  0.38493  1.05345 B   84 
-0.31685  0.68221  0.92973 L   84 
-0.19933  0.14397  1.18970 B   85 
-0.36503  0.00595  1.33340 S   85 
 0.01507 -0.10274  1.31222 B   86 
 0.04055 -0.06898  1.54795 S   86 
-0.20898 -0.26977  1.18668 B   87 
-0.36227 -0.50038  1.28038 D   87 
-0.20669 -0.38336  0.84448 B   88 
 0.05154 -0.41621  0.78183 I   88 
-0.47052 -0.53042  0.77477 B   89 
-0.52265 -0.70223  0.97031 T   89 
-0.63268 -0.30337  0.63728 B   90 
-0.70804 -0.17821  0.79821 A   90 
-0.43086 -0.23394  0.41009 B   91 
-0.28557 -0.03450  0.53023 S   91 
-0.41602 -0.51338  0.28572 B   92 
-0.24190 -0.66844  0.40555 V   92 
-0.71152 -0.56066  0.21782 B   93 
-0.79824 -0.73876  0.48975 N   93 
-0.72295 -0.30608  0.04300 B   94 
-0.80955 -0.04379  0.11296 X   94 
-0.49169 -0.36833 -0.15217 B   95 
-0.30996 -0.33621 -0.04131 A   95 
-0.61826 -0.62300 -0.27273 B   96 
-0.51367 -0.95027  0.04168 K   96 
-0.84405 -0.45756 -0.40974 B   97 
-1.14670 -0.43107 -0.17304 K   97 
-0.67218 -0.26403 -0.57801 B   98 
-0.59746 -0.02736 -0.39204 I   98 
-0.50396 -0.47782 -0.74819 B   99 
-0.32752 -0.58961 -0.64727 V   99 
-0.79507 -0.60183 -0.85731 B   100 
-0.78110 -0.78301 -0.66808 S   100 
-0.91120 -0.35031 -1.03721 B   101 
-1.00336 -0.10385 -0.94687 D   101 
-0.69366 -0.37157 -1.32820 B   102 
-0.39581 -0.20633 -1.29325 B   103 
-0.56126  0.03946 -1.42547 N   103 
-0.28129 -0.30923 -1.06231 B   104 
 0.01304 -0.15956 -0.93589 B   105 
 0.21505 -0.39629 -0.69725 M   105 
-0.04057  0.11347 -1.09708 B   106 
 0.05504 -0.03066 -1.37895 N   106 
-0.19672  0.24862 -0.86035 B   107 
-0.35460  0.11569 -0.82654 A   107 
 0.10549  0.29070 -0.77449 B   108 
-0.08588  0.02888 -0.43824 W   108 
 0.30383  0.54362 -0.85695 B   109 
 0.17345  0.76122 -0.89172 V   109 
 0.56717  0.45328 -0.71391 B   110 
 0.55274  0.52839 -0.51357 A   110 
 0.58053  0.17639 -0.83999 B   111 
 0.45342 -0.18129 -0.92665 W   111 
 0.58104  0.25690 -1.13942 B   112 
 0.30013  0.49541 -1.34563 R   112 
 0.82790  0.47906 -1.11103 B   113 
 0.62830  0.72049 -1.19570 N   113 
 1.02337  0.27478 -0.89483 B   114 
 1.08778  0.67371 -0.59637 R   114 
 0.95396 -0.05413 -0.94060 B   115 
 0.85818 -0.00237 -0.64104 X   115 
 0.89088 -0.10488 -1.21578 B   116 
 0.52091 -0.11230 -1.46305 K   116 
 1.13216 -0.30917 -1.37797 B   117 
 1.27488 -0.39134 -1.12924 B   118 
 1.28906 -0.15967 -1.01298 T   118 
 1.46242 -0.53702 -0.86382 B   119 
 1.66175 -0.74308 -0.86549 D   119 
 1.24161 -0.63062 -0.62107 B   120 
 1.03354 -0.57628 -0.74842 V   120 
 1.39637 -0.85547 -0.46756 B   121 
 1.40961 -1.15665 -0.75506 Q   121 
 1.58212 -0.65865 -0.30701 B   122 
 1.69370 -0.56301 -0.45314 A   122 
 1.35225 -0.60236 -0.08177 B   123 
 1.31038 -0.20164 -0.22734 W   123 
 1.40922 -0.91847  0.04671 B   124 
 1.17923 -1.01566 -0.05291 I   124 
 1.67969 -0.92326  0.12459 B   125 
 1.83722 -0.93894 -0.36868 R   125 
 1.77482 -1.09653  0.41877 B   126 
 1.50443 -1.22598  0.45681 B   127 
 1.37513 -0.93019  0.44373 X   127 
 1.30285 -1.43831  0.67423 B   128 
 1.42812 -1.82230  0.71073 R   128 
 1.09550 -1.66550  0.45644 B   129 
 1.02845 -1.42346  0.39003 L   129 
