246 
 0.41018 -0.06376  1.27067 B   1 
 0.76571 -0.28156  1.22168 K   1 
 0.68667  0.15996  1.22730 B   2 
 0.57906  0.38548  1.29605 V   2 
 0.85706  0.22289  0.96237 B   3 
 0.78166 -0.17750  0.81433 F   3 
 1.12373  0.26482  0.79762 B   4 
 1.22630  0.34843  0.50565 B   5 
 1.40923  0.69354  0.31320 R   5 
 1.46259  0.13999  0.45466 B   6 
 1.70044  0.33975  0.41112 X   6 
 1.29909 -0.09189  0.58158 B   7 
 1.21352 -0.14576  0.95865 E   7 
 1.06323 -0.09937  0.38147 B   8 
 0.78583  0.02847  0.40991 L   8 
 1.22035 -0.12795  0.12082 B   9 
 1.31445  0.06435  0.08441 A   9 
 1.34169 -0.39974  0.19079 B   10 
 1.49656 -0.36031  0.34007 A   10 
 1.07497 -0.55394  0.22580 B   11 
 1.00649 -0.51122  0.42690 A   11 
 0.95171 -0.48431 -0.04973 B   12 
 0.72946 -0.12254  0.01603 M   12 
 1.17555 -0.61696 -0.20707 B   13 
 1.56498 -0.47756 -0.33787 K   13 
 1.17014 -0.90269 -0.10022 B   14 
 1.13167 -1.04577  0.32948 R   14 
 0.85422 -0.91258 -0.19449 B   15 
 0.74559 -0.93903  0.17846 H   15 
 0.87978 -0.78868 -0.50988 B   16 
 0.80893 -0.46526 -0.57377 B   17 
 0.57220 -0.43350 -0.35424 L   17 
 1.03634 -0.41059 -0.74656 B   18 
 1.30227 -0.25821 -0.72643 D   18 
 0.90370 -0.34616 -1.05317 B   19 
 1.21576 -0.27693 -1.09127 N   19 
 0.62025 -0.39130 -1.01466 B   20 
 0.37185 -0.72863 -0.87425 Y   20 
 0.45523 -0.33645 -1.29123 B   21 
 0.13585 -0.68670 -1.32081 R   21 
 0.69117 -0.09377 -1.32790 B   22 
 0.73877 -0.01385 -1.01748 B   23 
 0.31540  0.15976 -1.12666 Y   23 
 0.94426  0.13235 -0.84843 B   24 
 1.08575  0.29652 -0.93746 S   24 
 1.02622  0.12945 -0.52484 B   25 
 1.20726 -0.06721 -0.36019 L   25 
 0.98142  0.43933 -0.47242 B   26 
 0.67511  0.43462 -0.51514 B   27 
 0.68281  0.48523 -0.84874 N   27 
 0.59841  0.25304 -0.27844 B   28 
 0.46363 -0.08560 -0.53569 W   28 
 0.72657  0.42426 -0.05715 B   29 
 0.97436  0.36039 -0.01130 V   29 
 0.57568  0.68219 -0.12189 B   30 
 0.61526  0.88690 -0.30494 X   30 
 0.29276  0.57322 -0.07360 B   31 
 0.24359  0.45298 -0.24959 A   31 
 0.32469  0.47807  0.21906 B   32 
 0.43399  0.29279  0.21283 A   32 
 0.39416  0.75506  0.33072 B   33 
 0.62578  0.98078  0.43938 K   33 
 0.10955  0.90420  0.22973 B   34 
 0.36476  1.17375  0.05301 F   34 
-0.09371  0.68613  0.34628 B   35 
-0.22245  0.59341  0.03210 E   35 
 0.06409  0.59499  0.65189 B   36 
 0.07956  0.38033  0.59887 S   36 
 0.35355  0.66902  0.74256 B   37 
 0.39307  0.92997  0.85488 N   37 
 0.45599  0.36376  0.79086 B   38 
 0.74546  0.53871  0.55341 F   38 
 0.17490  0.25186  0.92472 B   39 
 0.10796  0.34116  1.20385 N   39 
 0.02107 -0.05454  0.97652 B   40 
 0.21363 -0.20766  1.01674 T   40 
-0.22374  0.06968  1.17557 B   41 
-0.09883 -0.07038  1.52793 Q   41 
-0.35996  0.23175  0.96843 B   42 
-0.23291  0.38907  0.90677 A   42 
-0.68413  0.39949  0.97958 B   43 
-0.75788  0.20938  1.11490 T   43 
-0.95719  0.49560  0.74181 B   44 
-0.69230  0.70438  0.75597 N   44 
-1.24144  0.65212  0.70122 B   45 
-1.62621  0.39540  0.90883 R   45 
-1.49374  0.64989  0.46390 B   46 
-1.22861  0.52760  0.28482 N   46 
-1.76378  0.79521  0.32356 B   47 
-1.73080  1.03682  0.23814 T   47 
-1.87047  0.49564  0.22046 B   48 
-1.68423  0.40485  0.05490 D   48 
-1.78405  0.31762  0.50023 B   49 
-1.52691  0.23904  0.45715 B   50 
-1.46476  0.19547  0.22339 S   50 
-1.17440  0.11453  0.50054 B   51 
-1.23205  0.15861  0.76294 T   51 
-0.84378  0.18640  0.55323 B   52 
-0.84603  0.35869  0.25619 D   52 
-0.54852 -0.03602  0.54877 B   53 
-0.94352 -0.17645  0.78329 Y   53 
-0.24422  0.02090  0.63870 B   54 
 0.05048  0.10445  0.46375 B   55 
 0.29219 -0.00449  0.52403 I   55 
-0.16225  0.10486  0.18346 B   56 
 0.09308  0.00014  0.01867 L   56 
-0.45856  0.16154  0.22093 B   57 
-0.45654  0.39944  0.47165 Q   57 
-0.65535 -0.08012  0.21208 B   58 
-0.47627 -0.29577  0.07979 I   58 
-0.97557 -0.13856  0.10091 B   59 
-1.17607  0.07470  0.01643 N   59 
-1.29365 -0.27814  0.22046 B   60 
-1.33765 -0.17285  0.41923 S   60 
-1.47289 -0.28503 -0.05152 B   61 
-1.77694  0.01852 -0.04693 R   61 
-1.24801 -0.48628 -0.21523 B   62 
-1.42030 -0.20175 -0.52701 W   62 
-0.99640 -0.63921 -0.03789 B   63 
-0.85093 -0.42684 -0.39250 W   63 
-1.12444 -0.64895  0.26115 B   64 
-0.93267 -0.52976  0.39032 X   64 
-1.24833 -0.77069  0.57788 B   65 
-1.49927 -0.92850  0.59660 N   65 
-1.44238 -0.58759  0.85607 B   66 
-1.42897 -0.34183  0.74612 D   66 
-1.76844 -0.63355  0.89980 B   67 
-1.86179 -0.29889  0.79559 B   68 
-1.60517 -0.00562  1.06517 R   68 
-1.89238 -0.33902  0.45755 B   69 
-1.67624 -0.20516  0.43314 T   69 
-2.11625 -0.30430  0.24736 B   70 
-2.22514 -0.18275  0.38570 P   70 
-2.05573 -0.45875 -0.04894 B   71 
-1.81187 -0.62893 -0.01748 B   72 
-1.72655 -0.59743  0.20205 S   72 
-1.52603 -0.83978 -0.15736 B   73 
-1.66097 -0.85438 -0.48789 R   73 
-1.24336 -0.96015 -0.07501 B   74 
-1.19657 -1.06740  0.17850 N   74 
-1.00208 -1.01248 -0.29871 B   75 
-1.15397 -0.84314 -0.52896 L   75 
-0.76169 -1.09267 -0.08331 B   76 
-0.61040 -0.83220 -0.15923 X   76 
-0.87010 -1.27734  0.12668 B   77 
-0.97915 -1.52421  0.08665 N   77 
-0.89277 -1.07821  0.40191 B   78 
-0.59882 -1.09070  0.39087 I   78 
-0.85239 -0.95286  0.69041 B   79 
-0.85645 -1.13372  0.79507 P   79 
-0.79291 -0.62943  0.75125 B   80 
-1.03557 -0.49498  0.60022 X   80 
-0.60698 -0.68415  1.00290 B   81 
-0.75142 -0.81775  1.13984 S   81 
-0.36946 -0.81139  0.84209 B   82 
-0.44624 -0.99201  0.76595 A   82 
-0.29280 -0.51068  0.73482 B   83 
-0.45609 -0.52971  0.45180 L   83 
-0.16353 -0.44195  1.04785 B   84 
-0.44992 -0.28174  1.07163 L   84 
 0.07468 -0.59113  1.05870 B   85 
 0.09996 -0.84739  1.08773 S   85 
 0.42190 -0.61701  1.08351 B   86 
 0.47586 -0.68388  1.30706 S   86 
 0.35951 -0.81329  0.85672 B   87 
 0.44539 -1.08704  0.80061 D   87 
 0.35266 -0.72127  0.50816 B   88 
 0.52997 -0.52219  0.48332 I   88 
 0.26438 -0.96064  0.33207 B   89 
 0.40183 -1.17422  0.40931 T   89 
-0.03837 -0.90029  0.29403 B   90 
-0.13477 -0.96036  0.47934 A   90 
-0.01302 -0.61694  0.16658 B   91 
-0.02685 -0.45894  0.39056 S   91 
 0.16180 -0.69785 -0.07146 B   92 
 0.41707 -0.70406 -0.01216 V   92 
-0.01731 -0.90896 -0.20380 B   93 
 0.12152 -1.18455 -0.06979 N   93 
-0.24973 -0.70764 -0.23468 B   94 
-0.47385 -0.66438 -0.06413 X   94 
-0.10375 -0.48566 -0.39236 B   95 
 0.02213 -0.38447 -0.25002 A   95 
-0.03871 -0.65868 -0.63984 B   96 
 0.34258 -0.89099 -0.50733 K   96 
-0.33982 -0.67730 -0.71795 B   97 
-0.49692 -0.98837 -0.55398 K   97 
-0.40657 -0.37673 -0.74055 B   98 
-0.47619 -0.27967 -0.45434 I   98 
-0.18876 -0.29107 -0.96007 B   99 
 0.03262 -0.26468 -0.89597 V   99 
-0.32149 -0.52108 -1.16381 B   100 
-0.13547 -0.68845 -1.08501 S   100 
-0.62213 -0.39570 -1.21869 B   101 
-0.83347 -0.37371 -1.03911 D   101 
-0.53891 -0.12038 -1.44168 B   102 
-0.45001  0.16859 -1.28094 B   103 
-0.76680  0.23403 -1.30605 N   103 
-0.24212  0.09744 -1.11137 B   104 
-0.12090  0.33566 -0.87991 B   105 
 0.24114  0.25511 -0.75248 M   105 
-0.39063  0.50982 -0.89755 B   106 
-0.29877  0.62770 -1.19256 N   106 
-0.52777  0.36272 -0.65621 B   107 
-0.52935  0.16293 -0.71801 A   107 
-0.33592  0.56816 -0.50972 B   108 
-0.19040  0.14409 -0.37849 W   108 
-0.40491  0.88160 -0.42545 B   109 
-0.65346  0.91530 -0.37405 V   109 
-0.13046  0.96434 -0.29976 B   110 
-0.14115  0.90540 -0.09385 A   110 
 0.04115  0.88444 -0.53832 B   111 
 0.18730  0.64230 -0.80592 W   111 
-0.09279  1.05797 -0.75760 B   112 
-0.49974  1.06755 -0.86995 R   112 
-0.07940  1.34230 -0.58417 B   113 
-0.40333  1.35967 -0.57634 N   113 
 0.24962  1.28376 -0.46169 B   114 
 0.08779  1.40893 -0.00286 R   114 
 0.42411  1.08098 -0.67031 B   115 
 0.40190  0.90691 -0.40424 X   115 
 0.34713  1.12873 -0.94248 B   116 
 0.04437  0.96250 -1.22315 K   116 
 0.60849  1.26929 -1.13789 B   117 
 0.82496  1.22183 -0.93820 B   118 
 0.70089  1.30251 -0.72492 T   118 
 1.12012  1.16661 -0.74671 B   119 
 1.39658  1.20532 -0.81203 D   119 
 1.10333  0.84993 -0.62072 B   120 
 0.89479  0.78192 -0.74052 V   120 
 1.40380  0.77831 -0.56911 B   121 
 1.55070  0.75626 -0.95831 Q   121 
 1.42895  0.94684 -0.30458 B   122 
 1.39725  1.14242 -0.36535 A   122 
 1.29588  0.70961 -0.12360 B   123 
 0.94781  0.95232 -0.06474 W   123 
 1.58977  0.52968 -0.15413 B   124 
 1.48088  0.35424 -0.32627 I   124 
 1.79169  0.69089 -0.04242 B   125 
 1.77906  1.01377 -0.44735 R   125 
 2.05282  0.54108  0.14461 B   126 
 1.97567  0.25897  0.06860 B   127 
 1.67825  0.32486  0.17624 X   127 
 2.04878 -0.09468  0.11938 B   128 
 2.41184 -0.21991 -0.01094 R   128 
 2.01601 -0.26984 -0.21271 B   129 
 1.78380 -0.16320 -0.16587 L   129 
