246 
-0.88274 -0.80867  0.59476 B   1 
-0.62300 -1.10235  0.74484 K   1 
-0.78326 -0.72597  0.92888 B   2 
-0.95130 -0.53685  0.98512 V   2 
-0.49852 -0.62308  1.03616 B   3 
-0.29697 -0.83777  0.71804 F   3 
-0.25047 -0.62265  1.23234 B   4 
 0.02144 -0.46321  1.29069 B   5 
 0.17319 -0.17761  1.58224 R   5 
 0.22712 -0.69983  1.35061 B   6 
 0.31601 -0.62004  1.64062 X   6 
 0.10908 -0.87401  1.12184 B   7 
-0.23588 -1.05662  1.11391 E   7 
 0.17643 -0.69035  0.88212 B   8 
-0.00643 -0.48971  0.73925 L   8 
 0.47653 -0.65588  0.92896 B   9 
 0.49721 -0.52646  1.10212 A   9 
 0.54504 -0.95144  0.89107 B   10 
 0.47618 -1.05326  1.07195 A   10 
 0.43813 -0.97967  0.60139 B   11 
 0.22451 -1.01162  0.61873 A   11 
 0.59903 -0.74647  0.47616 B   12 
 0.34528 -0.40209  0.51623 M   12 
 0.86917 -0.86903  0.54290 B   13 
 1.11654 -0.85808  0.89912 K   13 
 0.85347 -1.14085  0.40520 B   14 
 0.50896 -1.43723  0.39772 R   14 
 0.79551 -0.97553  0.12573 B   15 
 0.43631 -1.12527  0.11372 H   15 
 1.04205 -0.74207  0.13960 B   16 
 0.97683 -0.42944  0.24784 B   17 
 0.67538 -0.40973  0.12958 L   17 
 1.21074 -0.39922  0.41793 B   18 
 1.27079 -0.39772  0.71916 D   18 
 1.39537 -0.15180  0.27492 B   19 
 1.54828 -0.20739  0.55268 N   19 
 1.24832 -0.08919  0.03342 B   20 
 1.10959 -0.31771 -0.31836 Y   20 
 1.39549  0.14998 -0.13352 B   21 
 1.37351  0.01939 -0.58962 R   21 
 1.46598  0.26104  0.18048 B   22 
 1.20086  0.15999  0.33704 B   23 
 1.05769  0.52026  0.07055 Y   23 
 1.10866  0.11211  0.62231 B   24 
 1.20301  0.22451  0.80496 S   24 
 0.87020 -0.07416  0.76329 B   25 
 0.86418 -0.37918  0.83734 L   25 
 0.72114  0.16310  0.91254 B   26 
 0.62213  0.30458  0.65592 B   27 
 0.89616  0.49627  0.61046 N   27 
 0.43555  0.08333  0.55046 B   28 
 0.68689 -0.00780  0.19331 W   28 
 0.25751  0.06244  0.80060 B   29 
 0.34640 -0.11040  0.97325 V   29 
 0.17512  0.35679  0.80851 B   30 
 0.29309  0.58643  0.91012 X   30 
 0.03734  0.36451  0.53426 B   31 
 0.19816  0.37205  0.38618 A   31 
-0.17198  0.14067  0.57671 B   32 
-0.06743 -0.04662  0.55915 A   32 
-0.31156  0.27781  0.81277 B   33 
-0.36226  0.30975  1.14865 K   33 
-0.39311  0.55829  0.64508 B   34 
-0.20194  0.74769  0.95588 F   34 
-0.52382  0.41604  0.38987 B   35 
-0.28821  0.54199  0.16072 E   35 
-0.68908  0.13783  0.53782 B   36 
-0.57854 -0.01238  0.41805 S   36 
-0.65733  0.03538  0.83105 B   37 
-0.80648  0.17187  1.03451 N   37 
-0.56967 -0.26866  0.75432 B   38 
-0.28570 -0.13932  1.02526 F   38 
-0.77878 -0.30377  0.50036 B   39 
-1.07092 -0.33605  0.56349 N   39 
-0.80818 -0.50549  0.21988 B   40 
-0.71482 -0.72318  0.29757 T   40 
-1.12094 -0.40035  0.14172 B   41 
-1.32743 -0.72526  0.24747 Q   41 
-1.04929 -0.12107  0.07394 B   42 
-0.98285 -0.02086  0.24783 A   42 
-1.24915  0.13806 -0.08808 B   43 
-1.34567 -0.04395 -0.22019 T   43 
-1.19451  0.43579 -0.30879 B   44 
-1.14520  0.48476  0.02155 N   44 
-1.32940  0.69384 -0.45766 B   45 
-1.60821  0.55315 -0.85706 R   45 
-1.23910  0.90565 -0.71643 B   46 
-0.93480  0.78443 -0.61625 N   46 
-1.27956  1.19547 -0.88406 B   47 
-1.25780  1.41140 -0.74384 T   47 
-1.15773  1.05185 -1.16026 B   48 
-0.90875  0.98135 -1.10212 D   48 
-1.30918  0.74664 -1.12362 B   49 
-1.13629  0.59978 -0.97299 B   50 
-0.89742  0.64883 -1.00364 S   50 
-0.98204  0.33763 -0.75131 B   51 
-1.24345  0.27382 -0.70994 T   51 
-0.89896  0.23431 -0.43561 B   52 
-0.69366  0.50861 -0.41256 D   52 
-0.70282 -0.05904 -0.32540 B   53 
-1.04079 -0.11675 -0.66183 Y   53 
-0.65915 -0.18065 -0.03006 B   54 
-0.40123 -0.15427  0.20914 B   55 
-0.31507 -0.36671  0.35533 I   55 
-0.25736  0.06340 -0.02695 B   56 
 0.02559 -0.04665  0.07862 L   56 
-0.43698  0.21170 -0.22228 B   57 
-0.71458  0.28108 -0.02841 Q   57 
-0.45148  0.10658 -0.51544 B   58 
-0.20007 -0.07449 -0.52451 I   58 
-0.48373  0.24340 -0.82939 B   59 
-0.55926  0.53214 -0.89053 N   59 
-0.68961  0.20835 -1.13161 B   60 
-0.90735  0.21658 -1.06054 S   60 
-0.53588  0.40272 -1.34311 B   61 
-0.75814  0.76330 -1.41515 R   61 
-0.24116  0.22883 -1.31522 B   62 
-0.12975  0.66768 -1.36861 W   62 
-0.23840 -0.07663 -1.15764 B   63 
 0.07100  0.19548 -1.00851 W   63 
-0.54782 -0.17094 -1.19347 B   64 
-0.60478 -0.21587 -0.94367 X   64 
-0.83996 -0.36311 -1.28409 B   65 
-0.92495 -0.39306 -1.56710 N   65 
-1.21357 -0.26931 -1.27017 B   66 
-1.18077 -0.03071 -1.14907 D   66 
-1.38386 -0.19234 -1.54478 B   67 
-1.42780  0.15707 -1.45783 B   68 
-1.62291  0.15699 -1.02601 R   68 
-1.14237  0.29525 -1.58531 B   69 
-1.06154  0.32327 -1.34466 T   69 
-1.07257  0.51182 -1.79442 B   70 
-1.27219  0.58747 -1.78039 P   70 
-0.75093  0.50356 -1.90299 B   71 
-0.62257  0.25555 -1.79606 B   72 
-0.78021  0.14331 -1.65815 S   72 
-0.31835  0.03811 -1.71929 B   73 
-0.09284  0.23553 -1.91383 R   73 
-0.22961 -0.21033 -1.54159 B   74 
-0.39563 -0.43154 -1.50341 N   74 
 0.08302 -0.24611 -1.43215 B   75 
 0.16540  0.05605 -1.51388 L   75 
 0.02853 -0.50756 -1.23394 B   76 
 0.08986 -0.32965 -0.98679 X   76 
-0.14858 -0.70584 -1.37274 B   77 
-0.09592 -0.83645 -1.60643 N   77 
-0.44753 -0.66819 -1.21422 B   78 
-0.30352 -0.79312 -0.98986 I   78 
-0.70956 -0.72044 -1.04339 B   79 
-0.75136 -0.90944 -1.12220 P   79 
-0.82294 -0.51912 -0.80159 B   80 
-0.83911 -0.24406 -0.95604 X   80 
-0.93957 -0.75515 -0.62390 B   81 
-1.08440 -0.86463 -0.78044 S   81 
-0.66183 -0.87746 -0.54408 B   82 
-0.58202 -0.95245 -0.72387 A   82 
-0.61805 -0.62284 -0.34144 B   83 
-0.44449 -0.43938 -0.54964 L   83 
-0.84590 -0.76731 -0.12550 B   84 
-1.03762 -0.53541 -0.25862 L   84 
-0.70821 -0.98693 -0.01629 B   85 
-0.65191 -1.21197 -0.13178 S   85 
-0.56734 -1.16083  0.25159 B   86 
-0.71562 -1.33935  0.31077 S   86 
-0.34842 -1.18397  0.03853 B   87 
-0.18773 -1.40794 -0.05881 D   87 
-0.07940 -0.94685  0.00094 B   88 
-0.03329 -0.85153  0.24685 I   88 
 0.09647 -1.01680 -0.24457 B   89 
 0.15012 -1.27663 -0.23552 T   89 
-0.02266 -0.82787 -0.46104 B   90 
-0.20730 -0.92176 -0.52688 A   90 
 0.02015 -0.55652 -0.31372 B   91 
-0.21997 -0.53095 -0.18330 S   91 
 0.32313 -0.58087 -0.27650 B   92 
 0.38820 -0.71776 -0.06261 V   92 
 0.41348 -0.61182 -0.56812 B   93 
 0.43623 -0.94731 -0.57889 N   93 
 0.28125 -0.34432 -0.64849 B   94 
 0.02405 -0.29797 -0.76203 X   94 
 0.42038 -0.15644 -0.44652 B   95 
 0.32768 -0.19467 -0.25603 A   95 
 0.70749 -0.20382 -0.55016 B   96 
 0.82795 -0.60381 -0.34425 K   96 
 0.64473 -0.05894 -0.81885 B   97 
 0.51953 -0.31515 -1.07771 K   97 
 0.55238  0.21486 -0.71017 B   98 
 0.25091  0.18648 -0.64317 I   98 
 0.81340  0.29509 -0.54165 B   99 
 0.85038  0.19544 -0.33546 V   99 
 0.99046  0.26353 -0.82394 B   100 
 1.05188  0.01937 -0.75015 S   100 
 0.86892  0.51047 -1.00659 B   101 
 0.61552  0.53070 -1.11963 D   101 
 1.02119  0.79627 -0.84051 B   102 
 0.84517  0.91205 -0.57059 B   103 
 0.70737  1.10471 -0.79232 N   103 
 0.81278  0.69230 -0.40418 B   104 
 0.60473  0.72212 -0.11985 B   105 
 0.67962  0.45152  0.15394 M   105 
 0.45195  0.97741 -0.24187 B   106 
 0.71234  1.16956 -0.17371 N   106 
 0.22507  0.80580 -0.37515 B   107 
 0.33144  0.67832 -0.50232 A   107 
 0.12989  0.82051 -0.07316 B   108 
 0.19843  0.36701 -0.16186 W   108 
-0.05807  1.05565  0.06643 B   109 
-0.22201  1.15989 -0.10035 V   109 
-0.06525  0.94989  0.36094 B   110 
-0.22950  0.81225  0.36886 A   110 
 0.23646  0.92788  0.39604 B   111 
 0.59573  0.80239  0.31369 W   111 
 0.31636  1.22088  0.33354 B   112 
 0.22789  1.44712 -0.01187 R   112 
 0.09708  1.35799  0.54382 B   113 
-0.05890  1.50052  0.29755 N   113 
 0.15546  1.12049  0.80240 B   114 
-0.34197  1.07163  0.85292 R   114 
 0.46640  0.98689  0.77860 B   115 
 0.27706  0.73560  0.72770 X   115 
 0.65104  1.18242  0.67884 B   116 
 0.80043  1.30627  0.27831 K   116 
 0.89601  1.27673  0.91832 B   117 
 0.83532  1.05806  1.11194 B   118 
 0.57618  1.07298  1.10906 T   118 
 0.81887  0.80492  1.36191 B   119 
 0.98740  0.75258  1.58786 D   119 
 0.79018  0.50456  1.20251 B   120 
 0.81775  0.59218  0.97007 V   120 
 0.89980  0.30141  1.41415 B   121 
 1.30314  0.40496  1.42576 Q   121 
 0.63964  0.30044  1.59115 B   122 
 0.62405  0.49523  1.66019 A   122 
 0.49056  0.08448  1.39654 B   123 
 0.21896  0.39006  1.26860 W   123 
 0.69675 -0.16283  1.52306 B   124 
 0.84265 -0.17599  1.29765 I   124 
 0.64776 -0.17080  1.80015 B   125 
 0.89940  0.27615  1.87290 R   125 
 0.64566 -0.48221  1.96935 B   126 
 0.75283 -0.63680  1.73285 B   127 
 0.51038 -0.51345  1.55853 X   127 
 0.83846 -0.96799  1.60646 B   128 
 1.14569 -1.15425  1.79459 R   128 
 1.15460 -0.93771  1.40355 B   129 
 0.98200 -0.78076  1.28925 L   129 
