246 
-1.23559  0.50991  0.01504 B   1 
-1.46074  0.15595 -0.00101 K   1 
-1.31328  0.39824  0.34651 B   2 
-1.24868  0.60723  0.48550 V   2 
-1.19581  0.14709  0.50870 B   3 
-1.13232 -0.06760  0.13750 F   3 
-1.21753 -0.11210  0.68859 B   4 
-1.03410 -0.32760  0.83918 B   5 
-0.91279 -0.42125  1.24674 R   5 
-1.18470 -0.60153  0.77468 B   6 
-1.24500 -0.69842  1.06683 X   6 
-1.24027 -0.51380  0.48172 B   7 
-1.49215 -0.24293  0.35686 E   7 
-0.94816 -0.49050  0.38243 B   8 
-0.77495 -0.23839  0.35913 L   8 
-0.84785 -0.76921  0.45793 B   9 
-0.83005 -0.77156  0.67435 A   9 
-1.03822 -0.91909  0.27144 B   10 
-1.23559 -0.90843  0.36503 A   10 
-0.94340 -0.78952  0.00618 B   11 
-1.04720 -0.59991 -0.00888 A   11 
-0.64185 -0.85414  0.03532 B   12 
-0.47454 -0.51486  0.23900 M   12 
-0.68529 -1.15502  0.04154 B   13 
-0.78284 -1.43097  0.36176 K   13 
-0.83209 -1.20534 -0.22115 B   14 
-1.17358 -0.96963 -0.40666 R   14 
-0.57439 -1.06428 -0.37109 B   15 
-0.80290 -0.76941 -0.48258 H   15 
-0.31766 -1.22753 -0.21970 B   16 
-0.14966 -1.08462  0.03536 B   17 
-0.17034 -0.77892 -0.07126 L   17 
-0.13886 -1.31802  0.20845 B   18 
-0.27603 -1.41302  0.46634 D   18 
 0.19092 -1.39842  0.23164 B   19 
 0.05137 -1.59541  0.44457 N   19 
 0.31889 -1.20947  0.05334 B   20 
 0.27831 -1.10295 -0.37353 Y   20 
 0.64252 -1.25395  0.04976 B   21 
 0.77172 -1.21431 -0.40553 R   21 
 0.58826 -1.32704  0.37781 B   22 
 0.34033 -1.12781  0.43986 B   23 
 0.71686 -0.84857  0.40048 Y   23 
 0.12307 -1.09212  0.64891 B   24 
 0.14650 -1.17041  0.86850 S   24 
-0.17506 -0.94203  0.65367 B   25 
-0.45584 -1.03888  0.55197 L   25 
-0.11517 -0.74825  0.89790 B   26 
 0.09843 -0.57866  0.75200 B   27 
 0.36235 -0.77295  0.83264 N   27 
-0.08114 -0.45647  0.53358 B   28 
 0.11625 -0.67545  0.19875 W   28 
-0.28670 -0.32702  0.72252 B   29 
-0.48424 -0.48582  0.78031 V   29 
-0.08607 -0.16056  0.88230 B   30 
 0.07977 -0.21496  1.09798 X   30 
 0.01889  0.00711  0.64753 B   31 
 0.15484 -0.12328  0.53633 A   31 
-0.24766  0.13093  0.55089 B   32 
-0.35177 -0.02256  0.44172 A   32 
-0.30897  0.27408  0.81503 B   33 
-0.47643  0.28842  1.11194 K   33 
-0.02693  0.45812  0.81960 B   34 
 0.02143  0.29546  1.19406 F   34 
-0.04764  0.57095  0.52078 B   35 
 0.24833  0.41651  0.40927 E   35 
-0.39793  0.62304  0.48636 B   36 
-0.41733  0.48835  0.31140 S   36 
-0.62192  0.52410  0.68008 B   37 
-0.66977  0.68027  0.91587 N   37 
-0.79237  0.35857  0.45747 B   38 
-0.74014  0.09515  0.77157 F   38 
-0.75497  0.57788  0.21261 B   39 
-0.90862  0.83559  0.23133 N   39 
-0.77623  0.58023 -0.13347 B   40 
-0.95784  0.41577 -0.17942 T   40 
-0.75440  0.91749 -0.16115 B   41 
-1.13273  0.99968 -0.25857 Q   41 
-0.47578  0.94375 -0.06414 B   42 
-0.46645  0.88922  0.13990 A   42 
-0.25205  1.23220 -0.07318 B   43 
-0.35745  1.28479 -0.28770 T   43 
 0.11571  1.29981 -0.09600 B   44 
-0.00287  1.22568  0.21125 N   44 
 0.35286  1.52493 -0.09074 B   45 
 0.36073  1.79656 -0.51877 R   45 
 0.68458  1.53761 -0.18963 B   46 
 0.63580  1.20060 -0.15253 N   46 
 0.98732  1.68572 -0.17758 B   47 
 1.09079  1.71297  0.05760 T   47 
 1.05878  1.56253 -0.48002 B   48 
 1.05393  1.29860 -0.45434 D   48 
 0.75010  1.60767 -0.62182 B   49 
 0.61189  1.38037 -0.56371 B   50 
 0.74436  1.17385 -0.54920 S   50 
 0.33966  1.12636 -0.50875 B   51 
 0.18262  1.34826 -0.52347 T   51 
 0.11992  0.97582 -0.29357 B   52 
 0.39054  0.86274 -0.11496 D   52 
-0.10478  0.68711 -0.34674 B   53 
-0.08391  1.03175 -0.68069 Y   53 
-0.34107  0.57081 -0.16083 B   54 
-0.36170  0.30467  0.06979 B   55 
-0.57744  0.13978  0.08388 I   55 
-0.01981  0.26565 -0.00373 B   56 
-0.06959 -0.04849  0.04265 L   56 
 0.14077  0.50551 -0.09909 B   57 
 0.00331  0.76366  0.08510 Q   57 
 0.20702  0.52489 -0.40313 B   58 
 0.15119  0.23361 -0.49321 I   58 
 0.46875  0.63744 -0.59588 B   59 
 0.70339  0.80462 -0.49682 N   59 
 0.53254  0.85994 -0.88114 B   60 
 0.43085  1.05878 -0.82964 S   60 
 0.84643  0.80136 -0.94588 B   61 
 1.09552  1.13030 -0.82603 R   61 
 0.79097  0.46664 -0.99846 B   62 
 1.20055  0.50217 -0.80138 W   62 
 0.46892  0.35063 -1.02957 B   63 
 0.70562  0.12242 -0.73990 W   63 
 0.31273  0.61847 -1.12845 B   64 
 0.12787  0.62637 -0.94561 X   64 
 0.11387  0.84723 -1.32495 B   65 
 0.21099  0.95474 -1.58424 N   65 
 0.05869  1.22659 -1.28477 B   66 
 0.19362  1.25279 -1.05287 D   66 
 0.20775  1.44611 -1.48460 B   67 
 0.42277  1.58290 -1.22648 B   68 
 0.13279  1.71141 -0.87443 R   68 
 0.69130  1.37209 -1.24293 B   69 
 0.61352  1.27338 -1.02058 T   69 
 0.99405  1.39916 -1.29866 B   70 
 0.98121  1.60880 -1.25794 P   70 
 1.14924  1.10711 -1.37566 B   71 
 0.93985  0.89660 -1.41121 B   72 
 0.72789  0.99339 -1.36458 S   72 
 0.82760  0.53335 -1.44546 B   73 
 1.15837  0.40577 -1.49009 R   73 
 0.56787  0.35099 -1.42400 B   74 
 0.31972  0.43530 -1.52029 N   74 
 0.58417  0.03098 -1.33278 B   75 
 0.89159  0.05588 -1.23461 L   75 
 0.25680 -0.02282 -1.30942 B   76 
 0.28719 -0.05827 -1.00231 X   76 
 0.11586  0.10173 -1.54303 B   77 
 0.15275  0.04230 -1.80675 N   77 
-0.03498  0.37492 -1.40688 B   78 
-0.20400  0.17205 -1.27663 I   78 
-0.25099  0.58426 -1.30645 B   79 
-0.37200  0.57623 -1.47666 P   79 
-0.25628  0.72150 -1.00151 B   80 
 0.03585  0.84049 -0.98486 X   80 
-0.57314  0.73673 -0.98542 B   81 
-0.62438  0.86017 -1.18441 S   81 
-0.62075  0.42708 -0.96760 B   82 
-0.55951  0.35204 -1.15452 A   82 
-0.51238  0.43730 -0.65782 B   83 
-0.20235  0.35625 -0.72448 L   83 
-0.81346  0.58047 -0.56691 B   84 
-0.62366  0.84922 -0.56575 L   84 
-0.99867  0.36953 -0.58477 B   85 
-1.09686  0.26266 -0.79946 S   85 
-1.23005  0.14910 -0.44435 B   86 
-1.44983  0.22697 -0.49900 S   86 
-1.06526 -0.03712 -0.62330 B   87 
-1.13812 -0.24450 -0.81602 D   87 
-0.77136 -0.21386 -0.51195 B   88 
-0.81026 -0.25996 -0.25110 I   88 
-0.64042 -0.36954 -0.74586 B   89 
-0.83213 -0.50054 -0.87453 T   89 
-0.41708 -0.17165 -0.83368 B   90 
-0.51658 -0.01756 -0.95029 A   90 
-0.26686 -0.14829 -0.56155 B   91 
-0.39332  0.06930 -0.45209 S   91 
-0.20685 -0.44641 -0.52555 B   92 
-0.40549 -0.57709 -0.41514 V   92 
-0.04890 -0.50357 -0.78236 B   93 
-0.29982 -0.62593 -0.97012 N   93 
 0.16064 -0.28689 -0.71420 B   94 
 0.17286 -0.01544 -0.79996 X   94 
 0.24791 -0.38691 -0.43522 B   95 
 0.08777 -0.33561 -0.30081 A   95 
 0.35847 -0.65894 -0.53109 B   96 
-0.02496 -0.92107 -0.56535 K   96 
 0.59288 -0.52097 -0.68319 B   97 
 0.48621 -0.44761 -1.04592 K   97 
 0.72127 -0.36434 -0.45019 B   98 
 0.56562 -0.09712 -0.42666 I   98 
 0.78106 -0.60788 -0.25000 B   99 
 0.60661 -0.69970 -0.12774 V   99 
 0.96188 -0.74825 -0.49420 B   100 
 0.75110 -0.89014 -0.55951 S   100 
 1.21235 -0.53476 -0.52255 B   101 
 1.20499 -0.27493 -0.62168 D   101 
 1.39976 -0.61270 -0.22047 B   102 
 1.29203 -0.44605  0.05857 B   103 
 1.51497 -0.22874 -0.03276 N   103 
 1.02133 -0.50391  0.07884 B   104 
 0.82798 -0.33508  0.32201 B   105 
 0.49593 -0.52349  0.41166 M   105 
 1.04306 -0.09738  0.34735 B   106 
 1.24332 -0.29329  0.52307 N   106 
 0.90400  0.08156  0.12979 B   107 
 0.90501 -0.04131 -0.03944 A   107 
 0.72626  0.13699  0.38632 B   108 
 0.43825 -0.05453  0.07231 W   108 
 0.77688  0.36808  0.61901 B   109 
 0.89293  0.57602  0.52495 V   109 
 0.53693  0.30469  0.80974 B   110 
 0.37098  0.41671  0.73294 A   110 
 0.59948  0.00876  0.84514 B   111 
 0.66093 -0.35792  0.72951 W   111 
 0.88881  0.03073  0.95444 B   112 
 1.21908  0.22765  0.77990 R   112 
 0.81504  0.25238  1.19219 B   113 
 1.00548  0.47473  1.05223 N   113 
 0.51162  0.09160  1.28583 B   114 
 0.28469  0.53961  1.27302 R   114 
 0.52026 -0.23948  1.21230 B   115 
 0.28755 -0.13087  1.02353 X   115 
 0.78655 -0.34127  1.24405 B   116 
 1.14262 -0.39292  0.98209 K   116 
 0.81499 -0.57451  1.51059 B   117 
 0.52167 -0.60884  1.55269 B   118 
 0.45052 -0.35937  1.54311 T   118 
 0.18609 -0.70266  1.62631 B   119 
 0.08135 -0.90673  1.79829 D   119 
 0.02398 -0.74664  1.32928 B   120 
 0.22375 -0.71601  1.18224 V   120 
-0.21111 -0.93925  1.40483 B   121 
-0.00435 -1.28979  1.49378 Q   121 
-0.38939 -0.71683  1.53808 B   122 
-0.27740 -0.65163  1.69981 A   122 
-0.50586 -0.61694  1.24964 B   123 
-0.28681 -0.25101  1.29003 W   123 
-0.69962 -0.90319  1.23550 B   124 
-0.54429 -1.01587  1.04723 I   124 
-0.86710 -0.89506  1.46161 B   125 
-0.47161 -1.00563  1.77742 R   125 
-1.20151 -1.00980  1.43681 B   126 
-1.16426 -1.12761  1.16104 B   127 
-1.05478 -0.83878  1.06630 X   127 
-1.33070 -1.29311  0.88194 B   128 
-1.47581 -1.66403  0.95834 R   128 
-1.09753 -1.55610  0.74588 B   129 
-0.97034 -1.33065  0.72379 L   129 
