246 
 0.65531  0.28508 -1.12970 B   1 
 0.72356 -0.10307 -1.27434 K   1 
 0.38894  0.18643 -1.34808 B   2 
 0.26933  0.41324 -1.38576 V   2 
 0.15454 -0.02749 -1.29836 B   3 
 0.41284 -0.25467 -1.03457 F   3 
-0.02976 -0.27240 -1.37623 B   4 
-0.28032 -0.44062 -1.26814 B   5 
-0.70504 -0.48106 -1.35518 R   5 
-0.19378 -0.74074 -1.33388 B   6 
-0.43223 -0.82475 -1.51951 X   6 
 0.09945 -0.68609 -1.24648 B   7 
 0.36887 -0.47360 -1.43266 E   7 
 0.04903 -0.61938 -0.94859 B   8 
 0.02432 -0.34324 -0.81728 L   8 
-0.10633 -0.86980 -0.86739 B   9 
-0.30239 -0.85293 -0.95922 A   9 
 0.12349 -1.06415 -0.92122 B   10 
 0.13861 -1.08135 -1.13871 A   10 
 0.32709 -0.94002 -0.72303 B   11 
 0.41840 -0.77319 -0.82688 A   11 
 0.14781 -0.94842 -0.47055 B   12 
-0.05727 -0.57090 -0.46710 M   12 
 0.11782 -1.25096 -0.47607 B   13 
-0.15409 -1.51520 -0.68689 K   13 
 0.40771 -1.34559 -0.46614 B   14 
 0.76718 -1.18783 -0.69524 R   14 
 0.43534 -1.17305 -0.18640 B   15 
 0.68563 -0.93192 -0.36190 H   15 
 0.15689 -1.27708 -0.02171 B   16 
-0.12258 -1.08840 -0.02036 B   17 
 0.02566 -0.79983 -0.02073 L   17 
-0.31267 -1.30279 -0.06988 B   18 
-0.48441 -1.40096 -0.30486 D   18 
-0.50270 -1.32218  0.21167 B   19 
-0.64981 -1.52424  0.00880 N   19 
-0.38123 -1.12749  0.38833 B   20 
 0.02349 -1.06171  0.55291 Y   20 
-0.53974 -1.11468  0.67370 B   21 
-0.20179 -1.08691  1.00622 R   21 
-0.80855 -1.17160  0.47268 B   22 
-0.71349 -1.01488  0.20544 B   23 
-0.81753 -0.67766  0.51651 Y   23 
-0.78494 -1.00242 -0.08937 B   24 
-0.99791 -1.05887 -0.16912 S   24 
-0.62372 -0.90699 -0.36565 B   25 
-0.41598 -1.05883 -0.54550 L   25 
-0.83440 -0.68812 -0.45785 B   26 
-0.78486 -0.49501 -0.22136 B   27 
-1.01024 -0.63350 -0.01177 N   27 
-0.49155 -0.42274 -0.28163 B   28 
-0.32945 -0.62796  0.07980 W   28 
-0.53706 -0.31769 -0.56729 B   29 
-0.51645 -0.50393 -0.74748 V   29 
-0.74618 -0.10724 -0.49332 B   30 
-1.02031 -0.11556 -0.45137 X   30 
-0.56805  0.05835 -0.30596 B   31 
-0.55661 -0.05408 -0.11867 A   31 
-0.33820  0.12600 -0.50170 B   32 
-0.21711 -0.05104 -0.51926 A   32 
-0.51574  0.27538 -0.70216 B   33 
-0.69024  0.28214 -0.99527 K   33 
-0.62692  0.50584 -0.48316 B   34 
-0.99850  0.38242 -0.60852 F   34 
-0.34152  0.59081 -0.36576 B   35 
-0.41002  0.48280 -0.03785 E   35 
-0.13623  0.57798 -0.65609 B   36 
 0.00407  0.42937 -0.57031 S   36 
-0.21150  0.45595 -0.93346 B   37 
-0.36899  0.61838 -1.10979 N   37 
 0.03766  0.24704 -0.95040 B   38 
-0.29877  0.02091 -1.03077 F   38 
 0.26464  0.45074 -0.82216 B   39 
 0.36086  0.67818 -0.99356 N   39 
 0.57451  0.42363 -0.66895 B   40 
 0.67637  0.22693 -0.78329 T   40 
 0.63888  0.75649 -0.67560 B   41 
 0.91663  0.76362 -0.96228 Q   41 
 0.42558  0.83831 -0.48709 B   42 
 0.23640  0.80156 -0.57400 A   42 
 0.36982  1.16005 -0.32361 B   43 
 0.61376  1.17728 -0.31392 T   43 
 0.22375  1.28920 -0.00374 B   44 
 0.00356  1.21844 -0.24965 N   44 
 0.13964  1.55217  0.17153 B   45 
 0.54708  1.78845  0.35920 R   45 
 0.06832  1.61543  0.50453 B   46 
 0.00874  1.27879  0.48329 N   46 
-0.06466  1.81480  0.74181 B   47 
-0.31350  1.87715  0.71094 T   47 
 0.14415  1.68395  0.96771 B   48 
 0.08444  1.42591  0.98144 D   48 
 0.42136  1.66363  0.76728 B   49 
 0.40295  1.42057  0.64593 B   50 
 0.29585  1.24213  0.77667 S   50 
 0.44740  1.12755  0.41393 B   51 
 0.56877  1.31677  0.26037 T   51 
 0.34374  0.95721  0.13557 B   52 
 0.04267  0.90690  0.29287 D   52 
 0.45373  0.63044  0.00216 B   53 
 0.78458  0.94766  0.14585 Y   53 
 0.38847  0.48864 -0.27989 B   54 
 0.15872  0.24087 -0.38120 B   55 
 0.22491  0.04222 -0.55465 I   55 
 0.05278  0.25705 -0.04604 B   56 
-0.01090 -0.05664 -0.07541 L   56 
 0.09459  0.51360  0.11159 B   57 
 0.04002  0.75659 -0.12806 Q   57 
 0.32878  0.52166  0.31724 B   58 
 0.38948  0.21924  0.34774 I   58 
 0.38721  0.66374  0.62501 B   59 
 0.21445  0.87635  0.75830 N   59 
 0.63698  0.87218  0.79564 B   60 
 0.67111  1.05338  0.65950 S   60 
 0.53391  0.86490  1.10462 B   61 
 0.36065  1.24039  1.22125 R   61 
 0.55544  0.52268  1.12188 B   62 
 0.19430  0.64399  1.37231 W   62 
 0.71899  0.35002  0.87372 B   63 
 0.32072  0.18898  0.96009 W   63 
 0.91968  0.57824  0.75731 B   64 
 0.85120  0.56716  0.50661 X   64 
 1.21933  0.75337  0.65719 B   65 
 1.41334  0.85670  0.85695 N   65 
 1.26822  1.11911  0.54572 B   66 
 1.00701  1.18569  0.54367 D   66 
 1.40284  1.34591  0.74765 B   67 
 1.09729  1.53706  0.78865 B   68 
 0.95097  1.63850  0.34952 R   68 
 0.95120  1.37595  1.05232 B   69 
 0.78121  1.28191  0.88650 T   69 
 0.85857  1.45147  1.33731 B   70 
 0.86112  1.65804  1.28170 P   70 
 0.80684  1.18625  1.54295 B   71 
 0.90606  0.94024  1.40489 B   72 
 0.98178  1.00156  1.18816 S   72 
 0.93461  0.56142  1.36750 B   73 
 0.79564  0.49085  1.68904 R   73 
 1.01285  0.33845  1.15457 B   74 
 1.22762  0.37057  0.97908 N   74 
 0.87787  0.03392  1.16048 B   75 
 0.64957  0.11955  1.37335 L   75 
 1.00624 -0.07455  0.87348 B   76 
 0.72070 -0.08124  0.75132 X   76 
 1.29455  0.00567  0.85372 B   77 
 1.49603 -0.06577  1.02324 N   77 
 1.29020  0.25752  0.62464 B   78 
 1.22782  0.03840  0.43814 I   78 
 1.33830  0.43262  0.36465 B   79 
 1.54223  0.39089  0.34595 P   79 
 1.09777  0.58905  0.19281 B   80 
 0.96151  0.75832  0.42206 X   80 
 1.23781  0.54965 -0.08955 B   81 
 1.45308  0.64708 -0.04921 S   81 
 1.19847  0.23863 -0.10339 B   82 
 1.31952  0.16184  0.05077 A   82 
 0.88020  0.29065 -0.16510 B   83 
 0.77724  0.26049  0.14412 L   83 
 0.96727  0.38517 -0.48588 B   84 
 0.91597  0.68237 -0.35437 L   84 
 1.03954  0.14429 -0.61186 B   85 
 1.25612  0.00623 -0.57737 S   85 
 0.99558 -0.10225 -0.85502 B   86 
 1.15980 -0.06839 -1.02603 S   86 
 1.04339 -0.26945 -0.60281 B   87 
 1.21368 -0.50012 -0.54576 D   87 
 0.77976 -0.38317 -0.38470 B   88 
 0.56578 -0.41589 -0.54228 I   88 
 0.89592 -0.53041 -0.13787 B   89 
 1.07921 -0.70217 -0.22373 T   89 
 0.89483 -0.30350  0.07488 B   90 
 1.06657 -0.17833  0.02926 A   90 
 0.59107 -0.23404  0.06634 B   91 
 0.58975 -0.03447 -0.12205 S   91 
 0.48624 -0.51352  0.13472 B   92 
 0.46610 -0.66843 -0.07580 V   92 
 0.62414 -0.56099  0.40471 B   93 
 0.88818 -0.73904  0.29623 N   93 
 0.49759 -0.30648  0.52600 B   94 
 0.60686 -0.04422  0.54755 X   94 
 0.19942 -0.36867  0.47423 B   95 
 0.16754 -0.33640  0.26378 A   95 
 0.18839 -0.62346  0.64852 B   96 
 0.36199 -0.95055  0.36608 K   96 
 0.22856 -0.45820  0.90966 B   97 
 0.60443 -0.43180  0.98940 K   97 
-0.01079 -0.26463  0.88628 B   98 
 0.08367 -0.02785  0.70966 I   98 
-0.24931 -0.47839  0.86665 B   99 
-0.28541 -0.59004  0.66654 V   99 
-0.14581 -0.60261  1.15971 B   100 
-0.00983 -0.78371  1.02726 S   100 
-0.20896 -0.35122  1.36448 B   101 
-0.08049 -0.10478  1.37718 D   101 
-0.57171 -0.37246  1.38483 B   102 
-0.73636 -0.20704  1.13430 B   103 
-0.73129  0.03861  1.34620 N   103 
-0.63305 -0.30978  0.89807 B   104 
-0.72537 -0.15990  0.59143 B   105 
-0.67241 -0.39642  0.28313 M   105 
-0.81437  0.11304  0.73629 B   106 
-1.09177 -0.03114  0.84411 N   106 
-0.53264  0.24819  0.70385 B   107 
-0.40528  0.11518  0.80298 A   107 
-0.66110  0.29048  0.41718 B   108 
-0.28053  0.02867  0.34749 W   108 
-0.85173  0.54348  0.31840 B   109 
-0.79455  0.76099  0.44078 V   109 
-0.91142  0.45334  0.02466 B   110 
-0.74866  0.52852 -0.09300 A   110 
-1.01662  0.17642  0.09527 B   111 
-1.00134 -0.18137  0.24811 W   111 
-1.24633  0.25682  0.28739 B   112 
-1.22373  0.49509  0.63530 R   112 
-1.38323  0.47913  0.08018 B   113 
-1.31978  0.72041  0.28767 N   113 
-1.34325  0.27504 -0.20866 B   114 
-1.15597  0.67412 -0.44957 R   114 
-1.33373 -0.05392 -0.12629 B   115 
-1.04268 -0.00211 -0.24542 X   115 
-1.50400 -0.10481  0.09886 B   116 
-1.45564 -0.11254  0.54122 K   116 
-1.78335 -0.30902  0.01813 B   117 
-1.68455 -0.39102 -0.25113 B   118 
-1.60457 -0.15930 -0.33656 T   118 
-1.60176 -0.53649 -0.56549 B   119 
-1.73117 -0.74244 -0.71727 D   119 
-1.27388 -0.63013 -0.55243 B   120 
-1.23770 -0.57596 -0.31113 V   120 
-1.25577 -0.85483 -0.76981 B   121 
-1.48455 -1.15611 -0.59537 Q   121 
-1.25214 -0.65785 -1.01516 B   122 
-1.43579 -0.56220 -1.00665 A   122 
-0.93184 -0.60161 -0.98380 B   123 
-1.01641 -0.20097 -0.85788 W   123 
-0.87005 -0.91764 -1.11024 B   124 
-0.79855 -1.01500 -0.87008 I   124 
-0.98423 -0.92224 -1.36750 B   125 
-1.46337 -0.93801 -1.17115 R   125 
-0.82003 -1.09535 -1.62957 B   126 
-0.61711 -1.22494 -1.44697 B   127 
-0.54399 -0.92923 -1.33930 X   127 
-0.32100 -1.43731 -1.43242 B   128 
-0.37359 -1.82121 -1.55211 R   128 
-0.35460 -1.66470 -1.13375 B   129 
-0.36235 -1.42272 -1.03954 L   129 
