246 
-1.16474 -0.53213  0.38356 B   1 
-1.03356 -0.90949  0.51253 K   1 
-1.09098 -0.52370  0.73408 B   2 
-1.19708 -0.29706  0.80149 V   2 
-0.80580 -0.53272  0.88163 B   3 
-0.64045 -0.76590  0.55574 F   3 
-0.59947 -0.63541  1.09818 B   4 
-0.30189 -0.58184  1.20466 B   5 
-0.10942 -0.39572  1.54805 R   5 
-0.19123 -0.87806  1.24817 B   6 
-0.12229 -0.86407  1.55382 X   6 
-0.32559 -0.97763  0.98617 B   7 
-0.70597 -1.03433  0.91905 E   7 
-0.17183 -0.80152  0.78352 B   8 
-0.26102 -0.53754  0.65519 L   8 
 0.11452 -0.87319  0.86293 B   9 
 0.15096 -0.77747  1.05442 A   9 
 0.09117 -1.16884  0.78855 B   10 
-0.03025 -1.26130  0.94519 A   10 
 0.02146 -1.12858  0.48911 B   11 
-0.19163 -1.09002  0.48139 A   11 
 0.26303 -0.94928  0.41527 B   12 
 0.12741 -0.54703  0.48157 M   12 
 0.46917 -1.16053  0.48834 B   13 
 0.65630 -1.27053  0.86395 K   13 
 0.38781 -1.39530  0.31127 B   14 
-0.02797 -1.55889  0.22787 R   14 
 0.42352 -1.19077  0.05498 B   15 
 0.04066 -1.21149 -0.01267 H   15 
 0.72661 -1.05458  0.12618 B   16 
 0.74880 -0.75166  0.27266 B   17 
 0.48798 -0.62096  0.13077 L   17 
 0.95479 -0.81890  0.46657 B   18 
 0.97050 -0.87005  0.76904 D   18 
 1.22555 -0.63217  0.37954 B   19 
 1.31376 -0.76491  0.65923 N   19 
 1.14010 -0.49872  0.13715 B   20 
 0.98605 -0.62906 -0.25590 Y   20 
 1.37635 -0.30477  0.02182 B   21 
 1.37701 -0.37040 -0.44855 R   21 
 1.43456 -0.25800  0.35398 B   22 
 1.13233 -0.28241  0.46832 B   23 
 1.14750  0.13163  0.24551 Y   23 
 0.99167 -0.32795  0.73349 B   24 
 1.09067 -0.27349  0.93875 S   24 
 0.68984 -0.43937  0.82246 B   25 
 0.57819 -0.73150  0.84990 L   25 
 0.60397 -0.18396  0.99032 B   26 
 0.59051  0.00926  0.74917 B   27 
 0.91441  0.10367  0.75839 N   27 
 0.36011 -0.12527  0.59522 B   28 
 0.61640 -0.25473  0.25378 W   28 
 0.15209 -0.11338  0.82169 B   29 
 0.15768 -0.32355  0.97460 V   29 
 0.16613  0.18897  0.86507 B   30 
 0.33524  0.35439  1.01002 X   30 
 0.07661  0.27144  0.58322 B   31 
 0.25030  0.24162  0.45364 A   31 
-0.19619  0.12589  0.57238 B   32 
-0.15444 -0.08231  0.53735 A   32 
-0.31648  0.27485  0.81188 B   33 
-0.39999  0.28498  1.14253 K   33 
-0.28201  0.58300  0.68039 B   34 
-0.08538  0.66382  1.03227 F   34 
-0.41462  0.52043  0.39587 B   35 
-0.12237  0.58581  0.21094 E   35 
-0.67754  0.29790  0.48505 B   36 
-0.60454  0.13361  0.35540 S   36 
-0.72000  0.15946  0.76168 B   37 
-0.84504  0.31450  0.96808 N   37 
-0.72272 -0.14623  0.64961 B   38 
-0.45234 -0.14799  0.96213 F   38 
-0.89548 -0.08261  0.37472 B   39 
-1.18870 -0.02347  0.40466 N   39 
-0.94816 -0.23161  0.06609 B   40 
-0.93950 -0.47498  0.11931 T   40 
-1.19825 -0.02142 -0.02479 B   41 
-1.50880 -0.26957  0.01208 Q   41 
-1.03389  0.22426 -0.04368 B   42 
-0.96375  0.27743  0.14853 A   42 
-1.11805  0.55078 -0.18386 B   43 
-1.24787  0.42625 -0.34980 T   43 
-0.94297  0.83599 -0.35220 B   44 
-0.92641  0.82974 -0.01509 N   44 
-0.96823  1.13864 -0.47347 B   45 
-1.21978  1.14203 -0.91366 R   45 
-0.78146  1.33566 -0.68860 B   46 
-0.54738  1.11079 -0.57919 N   46 
-0.70546  1.63903 -0.81478 B   47 
-0.63632  1.81912 -0.64288 T   47 
-0.59839  1.49422 -1.09643 B   48 
-0.39460  1.33972 -1.02615 D   48 
-0.84160  1.25392 -1.11952 B   49 
-0.74594  1.04283 -0.97657 B   50 
-0.50193  1.01343 -0.97706 S   50 
-0.71373  0.72202 -0.78239 B   51 
-0.98502  0.74384 -0.77563 T   51 
-0.71131  0.56341 -0.47894 B   52 
-0.43538  0.75049 -0.39657 D   52 
-0.63432  0.21166 -0.39518 B   53 
-0.92397  0.30552 -0.76670 Y   53 
-0.67189  0.05110 -0.11817 B   54 
-0.45400 -0.03518  0.14549 B   55 
-0.45982 -0.27871  0.26625 I   55 
-0.21816  0.14722 -0.04140 B   56 
-0.00137 -0.06073  0.07295 L   56 
-0.31359  0.36674 -0.22879 B   57 
-0.57907  0.50222 -0.05378 Q   57 
-0.32017  0.30482 -0.53428 B   58 
-0.13966  0.05313 -0.54622 I   58 
-0.26454  0.47790 -0.82629 B   59 
-0.23639  0.78023 -0.85108 N   59 
-0.42766  0.54575 -1.14838 B   60 
-0.63934  0.61751 -1.09766 S   60 
-0.19324  0.70038 -1.31356 B   61 
-0.27886  1.11963 -1.35231 R   61 
 0.02516  0.43712 -1.28398 B   62 
 0.27505  0.81778 -1.26147 W   62 
-0.08980  0.13260 -1.17354 B   63 
 0.26600  0.26960 -0.95755 W   63 
-0.40521  0.15004 -1.25180 B   64 
-0.50699  0.09951 -1.01781 X   64 
-0.72767  0.07595 -1.39678 B   65 
-0.77824  0.10666 -1.68784 N   65 
-1.05107  0.28555 -1.40439 B   66 
-0.96182  0.48533 -1.24694 D   66 
-1.14931  0.44372 -1.67946 B   67 
-1.09266  0.77644 -1.54654 B   68 
-1.33501  0.79372 -1.13971 R   68 
-0.76366  0.82581 -1.62488 B   69 
-0.71181  0.79928 -1.37620 T   69 
-0.60143  1.02866 -1.79233 B   70 
-0.76710  1.16388 -1.78615 P   70 
-0.28703  0.92671 -1.87021 B   71 
-0.25901  0.64018 -1.78936 B   72 
-0.46123  0.57188 -1.68492 S   72 
-0.05205  0.32764 -1.71717 B   73 
 0.24844  0.45962 -1.85846 R   73 
-0.07107  0.04607 -1.57044 B   74 
-0.30178 -0.11082 -1.58102 N   74 
 0.19642 -0.10243 -1.43855 B   75 
 0.37995  0.16268 -1.46680 L   75 
 0.03596 -0.35123 -1.28701 B   76 
 0.11570 -0.23146 -1.01170 X   76 
-0.17377 -0.46371 -1.46952 B   77 
-0.13341 -0.57814 -1.71389 N   77 
-0.46445 -0.34710 -1.33600 B   78 
-0.39910 -0.53613 -1.11994 I   78 
-0.75038 -0.32832 -1.20013 B   79 
-0.83828 -0.48322 -1.30948 P   79 
-0.82667 -0.12844 -0.94307 B   80 
-0.73430  0.15165 -1.05616 X   80 
-1.03472 -0.33068 -0.81382 B   81 
-1.18378 -0.36859 -0.99769 S   81 
-0.82315 -0.54561 -0.72712 B   82 
-0.74717 -0.62269 -0.90768 A   82 
-0.72970 -0.34329 -0.48599 B   83 
-0.48053 -0.20579 -0.64767 L   83 
-1.01867 -0.42715 -0.31607 B   84 
-1.10769 -0.13201 -0.43103 L   84 
-0.97328 -0.69038 -0.22792 B   85 
-0.97534 -0.90743 -0.36948 S   85 
-0.93222 -0.92903  0.02348 B   86 
-1.13572 -1.05402  0.04153 S   86 
-0.70471 -0.99972 -0.16912 B   87 
-0.61084 -1.25214 -0.28283 D   87 
-0.37232 -0.86192 -0.14593 B   88 
-0.33266 -0.81447  0.11457 I   88 
-0.19552 -0.95880 -0.38143 B   89 
-0.22802 -1.22114 -0.40572 T   89 
-0.21847 -0.71880 -0.57796 B   90 
-0.41243 -0.73884 -0.67397 A   90 
-0.11310 -0.49445 -0.38893 B   91 
-0.34846 -0.40551 -0.27933 S   91 
 0.15878 -0.62120 -0.32738 B   92 
 0.14765 -0.79428 -0.13081 V   92 
 0.27379 -0.64829 -0.61058 B   93 
 0.19120 -0.96925 -0.66843 N   93 
 0.24464 -0.34509 -0.66277 B   94 
 0.03311 -0.20450 -0.79192 X   94 
 0.40679 -0.23671 -0.42316 B   95 
 0.28164 -0.26273 -0.24994 A   95 
 0.67578 -0.36451 -0.50519 B   96 
 0.63508 -0.80173 -0.35001 K   96 
 0.69909 -0.17873 -0.75431 B   97 
 0.53634 -0.34960 -1.05869 K   97 
 0.68354  0.09667 -0.61569 B   98 
 0.38224  0.16213 -0.58224 I   98 
 0.93092  0.06755 -0.41340 B   99 
 0.90616 -0.06051 -0.22157 V   99 
 1.12592  0.01030 -0.67935 B   100 
 1.09680 -0.24695 -0.63686 S   100 
 1.11434  0.30181 -0.83426 B   101 
 0.89810  0.41659 -0.96641 D   101 
 1.32451  0.50160 -0.61434 B   102 
 1.15864  0.63884 -0.34808 B   103 
 1.12005  0.88905 -0.55100 N   103 
 1.03640  0.42532 -0.21963 B   104 
 0.81145  0.49095  0.04516 B   105 
 0.75932  0.18272  0.28195 M   105 
 0.76485  0.79399 -0.05177 B   106 
 1.06054  0.88096  0.06812 N   106 
 0.51599  0.72233 -0.22959 B   107 
 0.59323  0.58154 -0.36357 A   107 
 0.38992  0.73465  0.06098 B   108 
 0.32389  0.29639 -0.08668 W   108 
 0.26816  1.00195  0.21536 B   109 
 0.16972  1.17188  0.05108 V   109 
 0.18792  0.87309  0.48909 B   110 
-0.01073  0.79729  0.46119 A   110 
 0.45963  0.74919  0.54878 B   111 
 0.76896  0.52205  0.48301 W   111 
 0.63533  1.00444  0.53790 B   112 
 0.67054  1.28334  0.22278 R   112 
 0.44368  1.18244  0.74451 B   113 
 0.37561  1.39430  0.50834 N   113 
 0.38853  0.91234  0.96964 B   114 
-0.10103  1.02498  0.96541 R   114 
 0.64189  0.68715  0.95577 B   115 
 0.39200  0.51942  0.85086 X   115 
 0.89045  0.82051  0.90369 B   116 
 1.12446  0.93098  0.54159 K   116 
 1.11748  0.80217  1.17640 B   117 
 0.96527  0.59604  1.32915 B   118 
 0.72691  0.69577  1.30415 T   118 
 0.83608  0.33688  1.53647 B   119 
 0.94706  0.20767  1.76708 D   119 
 0.73652  0.08198  1.33260 B   120 
 0.82173  0.18035  1.11923 V   120 
 0.74671 -0.16769  1.52138 B   121 
 1.15658 -0.20477  1.58599 Q   121 
 0.47781 -0.10209  1.67106 B   122 
 0.51495  0.07821  1.76625 A   122 
 0.29649 -0.23433  1.43363 B   123 
 0.15487  0.15569  1.32711 W   123 
 0.39516 -0.54798  1.54118 B   124 
 0.55890 -0.58391  1.33102 I   124 
 0.30875 -0.56945  1.80823 B   125 
 0.67568 -0.24113  1.96932 R   125 
 0.18577 -0.87921  1.92879 B   126 
 0.27019 -1.03379  1.68324 B   127 
 0.10503 -0.81924  1.50697 X   127 
 0.26382 -1.35887  1.51809 B   128 
 0.46818 -1.65527  1.70480 R   128 
 0.59807 -1.41260  1.35248 B   129 
 0.50087 -1.19609  1.24682 L   129 
