246 
-0.76648 -0.72401  0.82172 B   1 
-0.48524 -1.00620  0.95404 K   1 
-0.60940 -0.60953  1.12271 B   2 
-0.76431 -0.41205  1.18730 V   2 
-0.30988 -0.50229  1.16708 B   3 
-0.16824 -0.75286  0.84293 F   3 
-0.03113 -0.48701  1.31566 B   4 
 0.24729 -0.32829  1.30842 B   5 
 0.44894 -0.01754  1.53726 R   5 
 0.45959 -0.56186  1.35594 B   6 
 0.59847 -0.45458  1.61590 X   6 
 0.30253 -0.75608  1.17095 B   7 
-0.03897 -0.93108  1.24276 E   7 
 0.32712 -0.59955  0.90520 B   8 
 0.12254 -0.41079  0.77627 L   8 
 0.63087 -0.56690  0.89490 B   9 
 0.68216 -0.42083  1.04719 A   9 
 0.69073 -0.86619  0.87688 B   10 
 0.65454 -0.94736  1.07670 A   10 
 0.53433 -0.92178  0.61498 B   11 
 0.32702 -0.94718  0.67270 A   11 
 0.67133 -0.70621  0.43971 B   12 
 0.42967 -0.35416  0.48717 M   12 
 0.94864 -0.82704  0.47064 B   13 
 1.25498 -0.78482  0.77491 K   13 
 0.90808 -1.11118  0.36715 B   14 
 0.56675 -1.39929  0.45127 R   14 
 0.80225 -0.97430  0.08634 B   15 
 0.44610 -1.11671  0.15319 H   15 
 1.04808 -0.74600  0.03223 B   16 
 1.00392 -0.42256  0.11676 B   17 
 0.68640 -0.40865  0.05168 L   17 
 1.26424 -0.38003  0.23915 B   18 
 1.37648 -0.34884  0.52336 D   18 
 1.42151 -0.15267  0.04083 B   19 
 1.62084 -0.18266  0.29182 N   19 
 1.23437 -0.11209 -0.17643 B   20 
 1.03510 -0.37257 -0.47249 Y   20 
 1.35052  0.10540 -0.39074 B   21 
 1.24807 -0.07092 -0.81966 R   21 
 1.47562  0.24664 -0.10736 B   22 
 1.24195  0.16796  0.10292 B   23 
 1.05513  0.50189 -0.17074 Y   23 
 1.20136  0.15168  0.40336 B   24 
 1.32678  0.28023  0.55384 S   24 
 0.99093 -0.01392  0.60268 B   25 
 0.99714 -0.30950  0.70828 L   25 
 0.87124  0.24059  0.74995 B   26 
 0.72896  0.35701  0.50120 B   27 
 0.99126  0.53707  0.38858 N   27 
 0.52604  0.13015  0.45387 B   28 
 0.71018 -0.00263  0.06983 W   28 
 0.39483  0.13894  0.73210 B   29 
 0.51225 -0.01708  0.90371 V   29 
 0.31603  0.43424  0.72333 B   30 
 0.45077  0.67053  0.77803 X   30 
 0.13207  0.41666  0.47817 B   31 
 0.26428  0.40547  0.30426 A   31 
-0.06716  0.20293  0.57988 B   32 
 0.03208  0.01262  0.56408 A   32 
-0.16252  0.36661  0.82100 B   33 
-0.15310  0.43402  1.15532 K   33 
-0.27150  0.63003  0.64164 B   34 
-0.02795  0.84625  0.89253 F   34 
-0.44560  0.46512  0.42963 B   35 
-0.25370  0.56172  0.15083 E   35 
-0.58303  0.20723  0.63262 B   36 
-0.49579  0.04314  0.51181 S   36 
-0.50038  0.13483  0.92489 B   37 
-0.61090  0.29471  1.13583 N   37 
-0.42855 -0.17731  0.86638 B   38 
-0.10085 -0.02690  1.06832 F   38 
-0.67927 -0.23385  0.65806 B   39 
-0.95579 -0.25318  0.77439 N   39 
-0.75827 -0.46269  0.40983 B   40 
-0.65335 -0.67318  0.49242 T   40 
-1.07960 -0.35945  0.37702 B   41 
-1.26519 -0.66723  0.55082 Q   41 
-1.02018 -0.09023  0.26878 B   42 
-0.92381  0.02589  0.41684 A   42 
-1.24469  0.15509  0.11792 B   43 
-1.36353 -0.03743  0.02462 T   43 
-1.22892  0.42728 -0.13899 B   44 
-1.12197  0.50892  0.17062 N   44 
-1.38715  0.67149 -0.28822 B   45 
-1.73245  0.49647 -0.61563 R   45 
-1.34326  0.85355 -0.57961 B   46 
-1.02643  0.73677 -0.52207 N   46 
-1.41176  1.12539 -0.76708 B   47 
-1.36496  1.35408 -0.65631 T   47 
-1.34099  0.95152 -1.04370 B   48 
-1.08587  0.88204 -1.02296 D   48 
-1.48452  0.65503 -0.94925 B   49 
-1.28823  0.52077 -0.81662 B   50 
-1.05836  0.56126 -0.89359 S   50 
-1.09811  0.27956 -0.59907 B   51 
-1.34832  0.22599 -0.50610 T   51 
-0.96097  0.20751 -0.29370 B   52 
-0.75399  0.47825 -0.33590 D   52 
-0.74936 -0.07709 -0.18932 B   53 
-1.14154 -0.16183 -0.45344 Y   53 
-0.65467 -0.16857  0.10493 B   54 
-0.35853 -0.12326  0.29118 B   55 
-0.24859 -0.32134  0.44153 I   55 
-0.25788  0.06581  0.01201 B   56 
 0.03891 -0.03885  0.07739 L   56 
-0.46869  0.19705 -0.16336 B   57 
-0.70753  0.29197  0.06774 Q   57 
-0.53497  0.06266 -0.43676 B   58 
-0.28965 -0.12374 -0.47061 I   58 
-0.62165  0.16711 -0.75283 B   59 
-0.70591  0.44958 -0.82980 N   59 
-0.87770  0.10558 -1.00895 B   60 
-1.07948  0.12576 -0.90213 S   60 
-0.76310  0.27381 -1.26334 B   61 
-0.99348  0.62975 -1.33284 R   61 
-0.46860  0.09741 -1.26934 B   62 
-0.36702  0.52594 -1.38723 W   62 
-0.43903 -0.19020 -1.08347 B   63 
-0.10736  0.08909 -1.02023 W   63 
-0.75020 -0.28102 -1.05448 B   64 
-0.76236 -0.29877 -0.79525 X   64 
-1.05432 -0.47517 -1.07185 B   65 
-1.18798 -0.53225 -1.33089 N   65 
-1.41933 -0.37243 -1.00269 B   66 
-1.36497 -0.12339 -0.91495 D   66 
-1.63515 -0.32048 -1.24979 B   67 
-1.66201  0.03688 -1.19370 B   68 
-1.77792  0.08544 -0.73681 R   68 
-1.40311  0.15504 -1.38298 B   69 
-1.28103  0.20594 -1.16449 T   69 
-1.37062  0.34739 -1.62266 B   70 
-1.56441  0.42837 -1.58194 P   70 
-1.07319  0.32110 -1.78438 B   71 
-0.92874  0.08271 -1.67611 B   72 
-1.05993 -0.01133 -1.50172 S   72 
-0.61641 -0.13217 -1.63135 B   73 
-0.42814  0.03929 -1.88202 R   73 
-0.49848 -0.36286 -1.44683 B   74 
-0.65584 -0.57535 -1.35715 N   74 
-0.17156 -0.39390 -1.39065 B   75 
-0.10397 -0.10360 -1.51683 L   75 
-0.19104 -0.63234 -1.15961 B   76 
-0.08655 -0.43130 -0.94709 X   76 
-0.39045 -0.83999 -1.24365 B   77 
-0.38022 -0.99506 -1.46791 N   77 
-0.65665 -0.77981 -1.04010 B   78 
-0.47572 -0.88406 -0.83254 I   78 
-0.88461 -0.80856 -0.82151 B   79 
-0.94022 -1.00372 -0.87148 P   79 
-0.95296 -0.58103 -0.58611 B   80 
-0.99528 -0.32304 -0.76337 X   80 
-1.03715 -0.79497 -0.36694 B   81 
-1.20765 -0.91683 -0.48333 S   81 
-0.75006 -0.91435 -0.32457 B   82 
-0.70343 -1.00914 -0.50666 A   82 
-0.67046 -0.64123 -0.16061 B   83 
-0.53578 -0.48395 -0.41409 L   83 
-0.85710 -0.75778  0.10584 B   84 
-1.06858 -0.53675 -0.01529 L   84 
-0.70298 -0.96791  0.21172 B   85 
-0.66861 -1.20480  0.11246 S   85 
-0.51761 -1.11631  0.46758 B   86 
-0.65367 -1.28456  0.57023 S   86 
-0.33976 -1.16595  0.22312 B   87 
-0.19943 -1.40215  0.12324 D   87 
-0.08086 -0.93980  0.11431 B   88 
 0.00818 -0.82069  0.33696 I   88 
 0.04875 -1.03841 -0.14946 B   89 
 0.10237 -1.29702 -0.12269 T   89 
-0.10612 -0.87024 -0.36037 B   90 
-0.29976 -0.96641 -0.38264 A   90 
-0.03717 -0.58615 -0.25216 B   91 
-0.25045 -0.54214 -0.08514 S   91 
 0.26754 -0.61305 -0.26620 B   92 
 0.36890 -0.72857 -0.05382 V   92 
 0.30496 -0.67579 -0.56424 B   93 
 0.32444 -1.01101 -0.54351 N   93 
 0.16144 -0.41519 -0.64788 B   94 
-0.11160 -0.37525 -0.71888 X   94 
 0.33458 -0.21056 -0.49427 B   95 
 0.27681 -0.22698 -0.28754 A   95 
 0.59877 -0.27452 -0.64100 B   96 
 0.75244 -0.65369 -0.41848 K   96 
 0.49006 -0.15674 -0.90826 B   97 
 0.32039 -0.43547 -1.11284 K   97 
 0.41915  0.12872 -0.81448 B   98 
 0.13413  0.11387 -0.69314 I   98 
 0.70604  0.22023 -0.70363 B   99 
 0.77849  0.14155 -0.49778 V   99 
 0.83044  0.15599 -1.00765 B   100 
 0.90318 -0.08055 -0.92051 S   100 
 0.67936  0.38538 -1.19112 B   101 
 0.41006  0.39931 -1.25955 D   101 
 0.85939  0.68342 -1.08523 B   102 
 0.73408  0.83011 -0.80235 B   103 
 0.55993  1.00185 -1.01554 N   103 
 0.73088  0.62939 -0.61069 B   104 
 0.57631  0.69278 -0.29906 B   105 
 0.69748  0.45025 -0.01571 M   105 
 0.40519  0.93739 -0.41860 B   106 
 0.67410  1.12989 -0.41764 N   106 
 0.15784  0.75790 -0.49132 B   107 
 0.23973  0.61575 -0.62103 A   107 
 0.11745  0.80565 -0.18057 B   108 
 0.16789  0.34405 -0.23175 W   108 
-0.04224  1.05789 -0.03573 B   109 
-0.23270  1.14791 -0.18126 V   109 
 0.00230  0.98317  0.26494 B   110 
-0.15839  0.85064  0.31592 A   110 
 0.30540  0.95840  0.24880 B   111 
 0.64414  0.81742  0.11849 W   111 
 0.37392  1.24163  0.14285 B   112 
 0.22662  1.43298 -0.20357 R   112 
 0.19558  1.40434  0.37268 B   113 
-0.00096  1.52409  0.14392 N   113 
 0.29792  1.19350  0.64055 B   114 
-0.18296  1.16082  0.78220 R   114 
 0.59938  1.05152  0.57686 B   115 
 0.40327  0.80045  0.58658 X   115 
 0.76413  1.23172  0.42633 B   116 
 0.84092  1.31046 -0.00493 K   116 
 1.04777  1.34488  0.60798 B   117 
 1.02152  1.14865  0.83112 B   118 
 0.76597  1.16877  0.87210 T   118 
 1.04863  0.92299  1.10531 B   119 
 1.25420  0.89057  1.30250 D   119 
 0.99137  0.60852  0.98585 B   120 
 0.97778  0.67114  0.74427 V   120 
 1.13597  0.42591  1.19518 B   121 
 1.53535  0.52141  1.12507 Q   121 
 0.91110  0.44876  1.41410 B   122 
 0.90852  0.64990  1.46395 A   122 
 0.72939  0.21717  1.27238 B   123 
 0.44041  0.51373  1.16257 W   123 
 0.95390 -0.02018  1.38613 B   124 
 1.05773 -0.05961  1.14131 I   124 
 0.95451  0.00145  1.66679 B   125 
 1.21639  0.44800  1.64700 R   125 
 0.98134 -0.29078  1.86552 B   126 
 1.04465 -0.47115  1.63149 B   127 
 0.77565 -0.36120  1.49031 X   127 
 1.10565 -0.81535  1.52757 B   128 
 1.44067 -0.98782  1.67753 R   128 
 1.38115 -0.81291  1.27041 B   129 
 1.19157 -0.66488  1.17225 L   129 
