246 
-0.70687  0.70476 -0.88913 B   1 
-0.89819  0.39241 -1.09424 K   1 
-1.02529  0.63624 -0.73983 B   2 
-1.05333  0.84299 -0.58609 V   2 
-1.11628  0.38413 -0.56280 B   3 
-0.83289  0.13084 -0.77124 F   3 
-1.31021  0.14843 -0.48002 B   4 
-1.34453 -0.08044 -0.25821 B   5 
-1.59115 -0.15732  0.09231 R   5 
-1.43832 -0.33053 -0.43297 B   6 
-1.71352 -0.39076 -0.29509 X   6 
-1.23751 -0.26039 -0.65961 B   7 
-1.25647  0.03632 -0.91260 E   7 
-0.97350 -0.29388 -0.50178 B   8 
-0.80290 -0.07648 -0.36859 L   8 
-1.01470 -0.57772 -0.39605 B   9 
-1.16707 -0.56434 -0.24190 A   9 
-1.02040 -0.70986 -0.67172 B   10 
-1.21424 -0.65902 -0.75927 A   10 
-0.73799 -0.62086 -0.76373 B   11 
-0.75988 -0.41881 -0.83892 A   11 
-0.57996 -0.73124 -0.52125 B   12 
-0.56935 -0.40771 -0.23875 M   12 
-0.66381 -1.01928 -0.57082 B   13 
-1.01452 -1.24697 -0.45521 K   13 
-0.56733 -1.06728 -0.85627 B   14 
-0.60337 -0.79565 -1.21891 R   14 
-0.26671 -0.98374 -0.74929 B   15 
-0.27684 -0.66612 -0.97425 H   15 
-0.24622 -1.17321 -0.46794 B   16 
-0.30763 -1.03835 -0.16504 B   17 
-0.18785 -0.74371 -0.22896 L   17 
-0.47139 -1.25462 -0.06033 B   18 
-0.76914 -1.30334 -0.00274 D   18 
-0.29368 -1.38564  0.19853 B   19 
-0.57654 -1.53808  0.21803 N   19 
-0.04567 -1.23625  0.19228 B   20 
 0.26887 -1.16161 -0.10889 Y   20 
 0.15448 -1.33327  0.43155 B   21 
 0.58658 -1.35461  0.23561 R   21 
-0.13989 -1.36801  0.59901 B   22 
-0.30963 -1.12628  0.46570 B   23 
 0.00661 -0.91691  0.74403 Y   23 
-0.59887 -1.03766  0.43999 B   24 
-0.76309 -1.09955  0.59523 S   24 
-0.76564 -0.84092  0.22806 B   25 
-0.88348 -0.89885 -0.05709 L   25 
-0.87865 -0.63929  0.44569 B   26 
-0.60414 -0.52015  0.52393 B   27 
-0.53105 -0.74739  0.76252 N   27 
-0.53222 -0.38943  0.25444 B   28 
-0.19214 -0.66575  0.17060 W   28 
-0.78279 -0.21232  0.23095 B   29 
-0.97881 -0.33106  0.10825 V   29 
-0.74761 -0.06785  0.49812 B   30 
-0.81453 -0.12993  0.76012 X   30 
-0.47523  0.05956  0.43625 B   31 
-0.32758 -0.10041  0.45764 A   31 
-0.55001  0.21659  0.18037 B   32 
-0.55998  0.07341  0.02001 A   32 
-0.76354  0.39001  0.31584 B   33 
-1.09116  0.45706  0.38348 K   33 
-0.55667  0.52508  0.54475 B   34 
-0.83639  0.38949  0.81381 F   34 
-0.32504  0.61367  0.34239 B   35 
-0.07986  0.40383  0.48290 E   35 
-0.51212  0.71927  0.05875 B   36 
-0.41556  0.57505 -0.07910 S   36 
-0.81717  0.67538  0.00867 B   37 
-0.99855  0.85696  0.13675 N   37 
-0.78568  0.52148 -0.27653 B   38 
-1.03471  0.28105 -0.05078 F   38 
-0.53965  0.70984 -0.39248 B   39 
-0.60692  0.98987 -0.47866 N   39 
-0.29168  0.68588 -0.63365 B   40 
-0.40032  0.55005 -0.81222 T   40 
-0.19910  1.01136 -0.61187 B   41 
-0.35127  1.14572 -0.95563 Q   41 
-0.09120  0.99987 -0.33628 B   42 
-0.24855  0.96229 -0.20018 A   42 
 0.10690  1.24593 -0.15309 B   43 
 0.21094  1.29643 -0.36877 T   43 
 0.36878  1.25018  0.11476 B   44 
 0.04915  1.22316  0.21997 N   44 
 0.55372  1.43303  0.31302 B   45 
 0.92817  1.66189  0.05913 R   45 
 0.84070  1.38266  0.50032 B   46 
 0.72398  1.06264  0.46431 N   46 
 1.04888  1.47966  0.74727 B   47 
 0.94174  1.50971  0.98046 T   47 
 1.30117  1.32090  0.59593 B   48 
 1.23343  1.06453  0.59075 D   48 
 1.22025  1.40363  0.27338 B   49 
 1.04983  1.20788  0.19102 B   50 
 1.08740  0.98448  0.28635 S   50 
 0.79227  1.00756  0.00343 B   51 
 0.74193  1.25009 -0.10954 T   51 
 0.46488  0.91410 -0.03303 B   52 
 0.48225  0.77401  0.28001 D   52 
 0.31304  0.66261 -0.25746 B   53 
 0.63730  0.96918 -0.43524 Y   53 
 0.00311  0.60299 -0.32312 B   54 
-0.22958  0.36465 -0.20699 B   55 
-0.40522  0.23915 -0.37230 I   55 
 0.03584  0.26399  0.00094 B   56 
-0.08459 -0.03259 -0.02820 L   56 
 0.25070  0.46522  0.07684 B   57 
 0.06895  0.75726  0.11063 Q   57 
 0.52533  0.44727 -0.06963 B   58 
 0.50792  0.16242 -0.19059 I   58 
 0.85590  0.49845  0.01056 B   59 
 0.95856  0.63282  0.26397 N   59 
 1.14967  0.68213 -0.11152 B   60 
 1.08050  0.89863 -0.14115 S   60 
 1.38737  0.56760  0.07960 B   61 
 1.51127  0.86037  0.36864 R   61 
 1.33446  0.24321 -0.01967 B   62 
 1.45146  0.22799  0.42071 W   62 
 1.13392  0.17928 -0.29141 B   63 
 1.02627 -0.05886  0.06033 W   63 
 1.15548  0.45958 -0.45536 B   64 
 0.90178  0.51334 -0.47556 X   64 
 1.21693  0.70007 -0.71780 B   65 
 1.49250  0.76753 -0.80572 N   65 
 1.21675  1.08538 -0.70716 B   66 
 1.13184  1.10896 -0.45240 D   66 
 1.49960  1.25951 -0.70938 B   67 
 1.46465  1.38092 -0.36936 B   68 
 1.03739  1.58496 -0.35057 R   68 
 1.61106  1.12835 -0.19162 B   69 
 1.37711  1.06319 -0.11252 T   69 
 1.84960  1.10058  0.00287 B   70 
 1.84672  1.31220  0.03414 P   70 
 1.95591  0.78153  0.04990 B   71 
 1.81391  0.60589 -0.14608 B   72 
 1.66103  0.73973 -0.26929 S   72 
 1.70628  0.26435 -0.27832 B   73 
 1.92767  0.08097 -0.06611 R   73 
 1.49421  0.12952 -0.47331 B   74 
 1.42405  0.24474 -0.71776 N   74 
 1.38082 -0.17979 -0.42371 B   75 
 1.50587 -0.19723 -0.12568 L   75 
 1.14650 -0.17704 -0.65972 B   76 
 0.92803 -0.19046 -0.43929 X   76 
 1.25477 -0.05164 -0.90972 B   77 
 1.46687 -0.13875 -1.05759 N   77 
 1.10336  0.25324 -0.91628 B   78 
 0.86319  0.09275 -0.97329 I   78 
 0.92664  0.50299 -0.99977 B   79 
 0.97696  0.50028 -1.20260 P   79 
 0.71682  0.66493 -0.79580 B   80 
 0.90981  0.73546 -0.55589 X   80 
 0.50649  0.73318 -1.02382 B   81 
 0.64530  0.84578 -1.18357 S   81 
 0.40975  0.43820 -1.06961 B   82 
 0.57667  0.33836 -1.15016 A   82 
 0.24652  0.45712 -0.78534 B   83 
 0.47936  0.32097 -0.59994 L   83 
 0.01170  0.65495 -0.94390 B   84 
 0.17723  0.88808 -0.78109 L   84 
-0.12839  0.47645 -1.11012 B   85 
-0.04701  0.36905 -1.33147 S   85 
-0.41876  0.30979 -1.20887 B   86 
-0.50346  0.41762 -1.40523 S   86 
-0.21131  0.08441 -1.21362 B   87 
-0.14769 -0.12403 -1.40847 D   87 
-0.13936 -0.12784 -0.93116 B   88 
-0.36869 -0.14436 -0.79396 I   88 
 0.09334 -0.32239 -0.99517 B   89 
 0.04642 -0.43080 -1.23290 T   89 
 0.33507 -0.17204 -0.86981 B   90 
 0.38641 -0.01434 -1.01030 A   90 
 0.22901 -0.15030 -0.57750 B   91 
 0.10364  0.09366 -0.58683 S   91 
 0.18872 -0.45001 -0.52929 B   92 
-0.04285 -0.53641 -0.61663 V   92 
 0.47272 -0.55412 -0.58098 B   93 
 0.43434 -0.64942 -0.90134 N   93 
 0.59129 -0.36964 -0.36323 B   94 
 0.71030 -0.11225 -0.39106 X   94 
 0.41900 -0.45825 -0.12258 B   95 
 0.22493 -0.37005 -0.15261 A   95 
 0.51470 -0.75193 -0.12018 B   96 
 0.25257 -0.94968 -0.45046 K   96 
 0.80165 -0.66781 -0.03243 B   97 
 1.02024 -0.60942 -0.34410 K   97 
 0.73414 -0.51488  0.22711 B   98 
 0.66361 -0.22476  0.14320 I   98 
 0.57924 -0.74681  0.38580 B   99 
 0.36071 -0.79796  0.32714 V   99 
 0.85394 -0.93535  0.35386 B   100 
 0.74528 -1.04589  0.14219 S   100 
 1.07069 -0.76901  0.53951 B   101 
 1.18538 -0.52097  0.48737 D   101 
 0.94822 -0.85034  0.87244 B   102 
 0.69807 -0.64493  0.98412 B   103 
 0.94553 -0.47573  1.10823 N   103 
 0.50131 -0.65571  0.78866 B   104 
 0.22433 -0.43722  0.81242 B   105 
-0.08606 -0.56029  0.60673 M   105 
 0.38230 -0.23667  1.00793 B   106 
 0.34305 -0.44690  1.26019 N   106 
 0.48898 -0.05674  0.77355 B   107 
 0.59619 -0.19221  0.65568 A   107 
 0.19236  0.04889  0.80999 B   108 
 0.21383 -0.11915  0.37463 W   108 
 0.08857  0.28770  1.01566 B   109 
 0.26875  0.46497  1.05655 V   109 
-0.21823  0.28110  0.95403 B   110 
-0.24624  0.41177  0.78631 A   110 
-0.25607 -0.01693  1.00392 B   111 
-0.19283 -0.39729  0.94979 W   111 
-0.15139 -0.03333  1.29532 B   112 
 0.22335  0.09110  1.44501 R   112 
-0.33944  0.21702  1.40961 B   113 
-0.07503  0.39231  1.47784 N   113 
-0.62994  0.11676  1.23006 B   114 
-0.68722  0.59310  1.08110 R   114 
-0.62582 -0.21635  1.16587 B   115 
-0.61226 -0.08772  0.87456 X   115 
-0.49848 -0.35726  1.38082 B   116 
-0.08410 -0.48886  1.47595 K   116 
-0.72152 -0.56823  1.55971 B   117 
-0.94505 -0.55030  1.36298 B   118 
-0.94011 -0.29431  1.32018 T   118 
-1.22935 -0.58121  1.15071 B   119 
-1.46047 -0.74983  1.16937 D   119 
-1.11558 -0.62341  0.83178 B   120 
-0.87281 -0.63868  0.88922 V   120 
-1.35459 -0.76771  0.68992 B   121 
-1.35081 -1.13842  0.87993 Q   121 
-1.52993 -0.50848  0.65723 B   122 
-1.56975 -0.44883  0.85167 A   122 
-1.36903 -0.41603  0.38834 B   123 
-1.19788 -0.08881  0.60550 W   123 
-1.53027 -0.66682  0.21288 B   124 
-1.30916 -0.81918  0.19999 I   124 
-1.80556 -0.61196  0.23399 B   125 
-1.81211 -0.75825  0.73091 R   125 
-2.01847 -0.67208 -0.04290 B   126 
-1.80707 -0.81767 -0.20237 B   127 
-1.61667 -0.55990 -0.16132 X   127 
-1.73042 -0.97705 -0.52130 B   128 
-1.94365 -1.31123 -0.60689 R   128 
-1.52515 -1.28538 -0.45173 B   129 
-1.38920 -1.08655 -0.35439 L   129 
