246 
-0.65518  0.28437  1.12995 B   1 
-0.72345 -0.10387  1.27433 K   1 
-0.38880  0.18555  1.34825 B   2 
-0.26916  0.41232  1.38607 V   2 
-0.15443 -0.02836  1.29836 B   3 
-0.41277 -0.25534  1.03444 F   3 
 0.02986 -0.27334  1.37604 B   4 
 0.28040 -0.44151  1.26781 B   5 
 0.70512 -0.48204  1.35479 R   5 
 0.19384 -0.74166  1.33336 B   6 
 0.43229 -0.82582  1.51891 X   6 
-0.09940 -0.68693  1.24602 B   7 
-0.36878 -0.47454  1.43237 E   7 
-0.04900 -0.62002  0.94817 B   8 
-0.02428 -0.34379  0.81705 L   8 
 0.10633 -0.87040  0.86679 B   9 
 0.30240 -0.85361  0.95862 A   9 
-0.12350 -1.06477  0.92050 B   10 
-0.13860 -1.08211  1.13798 A   10 
-0.32711 -0.94048  0.72242 B   11 
-0.41839 -0.77371  0.82639 A   11 
-0.14785 -0.94873  0.46992 B   12 
 0.05726 -0.57122  0.46670 M   12 
-0.11789 -1.25127  0.47523 B   13 
 0.15402 -1.51568  0.68585 K   13 
-0.40779 -1.34587  0.46527 B   14 
-0.76722 -1.18823  0.69450 R   14 
-0.43543 -1.17314  0.18564 B   15 
-0.68568 -0.93210  0.36133 H   15 
-0.15700 -1.27708  0.02085 B   16 
 0.12248 -1.08842  0.01961 B   17 
-0.02573 -0.79984  0.02019 L   17 
 0.31256 -1.30287  0.06896 B   18 
 0.48431 -1.40121  0.30386 D   18 
 0.50256 -1.32208 -0.21262 B   19 
 0.64967 -1.52429 -0.00990 N   19 
 0.38109 -1.12726 -0.38913 B   20 
-0.02364 -1.06133 -0.55363 Y   20 
 0.53958 -1.11427 -0.67450 B   21 
 0.20160 -1.08624 -1.00698 R   21 
 0.80840 -1.17135 -0.47355 B   22 
 0.71338 -1.01480 -0.20620 B   23 
 0.81742 -0.67738 -0.51705 Y   23 
 0.78486 -1.00255  0.08861 B   24 
 0.99783 -1.05907  0.16830 S   24 
 0.62367 -0.90729  0.36498 B   25 
 0.41594 -1.05924  0.54474 L   25 
 0.83438 -0.68851  0.45730 B   26 
 0.78484 -0.49523  0.22095 B   27 
 1.01018 -0.63360  0.01124 N   27 
 0.49154 -0.42298  0.28130 B   28 
 0.32938 -0.62794 -0.08026 W   28 
 0.53708 -0.31812  0.56702 B   29 
 0.51647 -0.50448  0.74709 V   29 
 0.74622 -0.10764  0.49318 B   30 
 1.02034 -0.11596  0.45120 X   30 
 0.56809  0.05809  0.30594 B   31 
 0.55662 -0.05421  0.11858 A   31 
 0.33826  0.12563  0.50175 B   32 
 0.21715 -0.05141  0.51921 A   32 
 0.51583  0.27486  0.70230 B   33 
 0.69035  0.28140  0.99539 K   33 
 0.62701  0.50546  0.48344 B   34 
 0.99859  0.38192  0.60869 F   34 
 0.34161  0.59053  0.36613 B   35 
 0.41007  0.48274  0.03814 E   35 
 0.13634  0.57752  0.65647 B   36 
-0.00398  0.42898  0.57060 S   36 
 0.21163  0.45530  0.93375 B   37 
 0.36915  0.61759  1.11017 N   37 
-0.03755  0.24640  0.95057 B   38 
 0.29887  0.02018  1.03076 F   38 
-0.26452  0.45020  0.82249 B   39 
-0.36071  0.67754  0.99405 N   39 
-0.57441  0.42323  0.66929 B   40 
-0.67628  0.22646  0.78350 T   40 
-0.63875  0.75609  0.67617 B   41 
-0.91647  0.76305  0.96288 Q   41 
-0.42546  0.83802  0.48770 B   42 
-0.23627  0.80119  0.57456 A   42 
-0.36969  1.15986  0.32443 B   43 
-0.61362  1.17712  0.31478 T   43 
-0.22363  1.28922  0.00464 B   44 
-0.00343  1.21827  0.25048 N   44 
-0.13952  1.55230 -0.17046 B   45 
-0.54696  1.78874 -0.35794 R   45 
-0.06822  1.61578 -0.50343 B   46 
-0.00867  1.27912 -0.48242 N   46 
 0.06475  1.81530 -0.74058 B   47 
 0.31360  1.87760 -0.70970 T   47 
-0.14409  1.68462 -0.96656 B   48 
-0.08440  1.42658 -0.98046 D   48 
-0.42128  1.66419 -0.76611 B   49 
-0.40288  1.42104 -0.64492 B   50 
-0.29581  1.24268 -0.77580 S   50 
-0.44734  1.12787 -0.41312 B   51 
-0.56867  1.31700 -0.25942 T   51 
-0.34367  0.95733 -0.13489 B   52 
-0.04261  0.90710 -0.29225 D   52 
-0.45367  0.63048 -0.00169 B   53 
-0.78451  0.94783 -0.14513 Y   53 
-0.38840  0.48848  0.28026 B   54 
-0.15867  0.24062  0.38138 B   55 
-0.22486  0.04186  0.55470 I   55 
-0.05275  0.25702  0.04622 B   56 
 0.01090 -0.05669  0.07537 L   56 
-0.09456  0.51368 -0.11123 B   57 
-0.03994  0.75651  0.12858 Q   57 
-0.32877  0.52191 -0.31686 B   58 
-0.38949  0.21951 -0.34755 I   58 
-0.38721  0.66420 -0.62452 B   59 
-0.21444  0.87688 -0.75769 N   59 
-0.63698  0.87278 -0.79499 B   60 
-0.67108  1.05389 -0.65872 S   60 
-0.53393  0.86570 -1.10399 B   61 
-0.36065  1.24125 -1.22037 R   61 
-0.55549  0.52349 -1.12147 B   62 
-0.19437  0.64494 -1.37186 W   62 
-0.71904  0.35068 -0.87341 B   63 
-0.32079  0.18966 -0.95993 W   63 
-0.91970  0.57884 -0.75684 B   64 
-0.85120  0.56758 -0.50614 X   64 
-1.21933  0.75393 -0.65657 B   65 
-1.41335  0.85741 -0.85624 N   65 
-1.26817  1.11959 -0.54485 B   66 
-1.00695  1.18615 -0.54277 D   66 
-1.40279  1.34654 -0.74661 B   67 
-1.09723  1.53769 -0.78751 B   68 
-0.95085  1.63882 -0.34832 R   68 
-0.95117  1.37675 -1.05130 B   69 
-0.78118  1.28258 -0.88556 T   69 
-0.85857  1.45246 -1.33624 B   70 
-0.86109  1.65899 -1.28049 P   70 
-0.80688  1.18737 -1.54207 B   71 
-0.90610  0.94128 -1.40417 B   72 
-0.98180  1.00246 -1.18739 S   72 
-0.93468  0.56243 -1.36704 B   73 
-0.79576  0.49207 -1.68863 R   73 
-1.01293  0.33933 -1.15425 B   74 
-1.22768  0.37135 -0.97872 N   74 
-0.87797  0.03479 -1.16037 B   75 
-0.64969  0.12054 -1.37321 L   75 
-1.00632 -0.07387 -0.87344 B   76 
-0.72078 -0.08066 -0.75131 X   76 
-1.29462  0.00637 -0.85359 B   77 
-1.49613 -0.06494 -1.02315 N   77 
-1.29023  0.25806 -0.62435 B   78 
-1.22786  0.03881 -0.43800 I   78 
-1.33830  0.43299 -0.36423 B   79 
-1.54223  0.39126 -0.34554 P   79 
-1.09774  0.58928 -0.19231 B   80 
-0.96148  0.75869 -0.42145 X   80 
-1.23775  0.54970  0.09004 B   81 
-1.45302  0.64718  0.04978 S   81 
-1.19844  0.23867  0.10367 B   82 
-1.31951  0.16199 -0.05054 A   82 
-0.88016  0.29062  0.16538 B   83 
-0.77723  0.26066 -0.14387 L   83 
-0.96719  0.38493  0.48624 B   84 
-0.91587  0.68221  0.35492 L   84 
-1.03948  0.14397  0.61206 B   85 
-1.25606  0.00595  0.57749 S   85 
-0.99551 -0.10274  0.85505 B   86 
-1.15971 -0.06898  1.02609 S   86 
-1.04336 -0.26977  0.60272 B   87 
-1.21367 -0.50038  0.54553 D   87 
-0.77975 -0.38336  0.38451 B   88 
-0.56577 -0.41621  0.54205 I   88 
-0.89595 -0.53042  0.13759 B   89 
-1.07925 -0.70223  0.22335 T   89 
-0.89487 -0.30337 -0.07500 B   90 
-1.06658 -0.17821 -0.02929 A   90 
-0.59110 -0.23394 -0.06645 B   91 
-0.58974 -0.03450  0.12208 S   91 
-0.48630 -0.51338 -0.13502 B   92 
-0.46615 -0.66844  0.07539 V   92 
-0.62423 -0.56066 -0.40503 B   93 
-0.88828 -0.73876 -0.29666 N   93 
-0.49766 -0.30608 -0.52616 B   94 
-0.60692 -0.04379 -0.54753 X   94 
-0.19950 -0.36833 -0.47446 B   95 
-0.16760 -0.33621 -0.26399 A   95 
-0.18850 -0.62300 -0.64892 B   96 
-0.36211 -0.95027 -0.36669 K   96 
-0.22869 -0.45756 -0.90995 B   97 
-0.60456 -0.43107 -0.98964 K   97 
 0.01069 -0.26403 -0.88646 B   98 
-0.08374 -0.02736 -0.70967 I   98 
 0.24919 -0.47782 -0.86699 B   99 
 0.28530 -0.58961 -0.66696 V   99 
 0.14565 -0.60183 -1.16013 B   100 
 0.00967 -0.78301 -1.02779 S   100 
 0.20881 -0.35031 -1.36474 B   101 
 0.08036 -0.10385 -1.37725 D   101 
 0.57155 -0.37157 -1.38514 B   102 
 0.73624 -0.20633 -1.13451 B   103 
 0.73117  0.03946 -1.34624 N   103 
 0.63294 -0.30923 -0.89834 B   104 
 0.72530 -0.15956 -0.59160 B   105 
 0.67235 -0.39629 -0.28346 M   105 
 0.81431  0.11347 -0.73629 B   106 
 1.09169 -0.03066 -0.84424 N   106 
 0.53260  0.24862 -0.70373 B   107 
 0.40522  0.11569 -0.80294 A   107 
 0.66109  0.29070 -0.41704 B   108 
 0.28050  0.02888 -0.34749 W   108 
 0.85175  0.54362 -0.31811 B   109 
 0.79458  0.76122 -0.44034 V   109 
 0.91146  0.45328 -0.02444 B   110 
 0.74872  0.52839  0.09329 A   110 
 1.01663  0.17639 -0.09525 B   111 
 1.00130 -0.18129 -0.24833 W   111 
 1.24632  0.25690 -0.28733 B   112 
 1.22372  0.49541 -0.63507 R   112 
 1.38326  0.47906 -0.07998 B   113 
 1.31981  0.72049 -0.28730 N   113 
 1.34329  0.27478  0.20872 B   114 
 1.15607  0.67371  0.44992 R   114 
 1.33374 -0.05413  0.12613 B   115 
 1.04270 -0.00237  0.24532 X   115 
 1.50399 -0.10488 -0.09907 B   116 
 1.45558 -0.11230 -0.54143 K   116 
 1.78332 -0.30917 -0.01851 B   117 
 1.68453 -0.39134  0.25071 B   118 
 1.60459 -0.15967  0.33631 T   118 
 1.60176 -0.53702  0.56498 B   119 
 1.73117 -0.74308  0.71660 D   119 
 1.27388 -0.63062  0.55188 B   120 
 1.23767 -0.57628  0.31063 V   120 
 1.25576 -0.85547  0.76911 B   121 
 1.48450 -1.15665  0.59445 Q   121 
 1.25217 -0.65865  1.01460 B   122 
 1.43583 -0.56301  1.00614 A   122 
 0.93188 -0.60236  0.98330 B   123 
 1.01647 -0.20164  0.85765 W   123 
 0.87008 -0.91847  1.10953 B   124 
 0.79854 -1.01566  0.86931 I   124 
 0.98428 -0.92326  1.36678 B   125 
 1.46340 -0.93894  1.17037 R   125 
 0.82008 -1.09653  1.62875 B   126 
 0.61713 -1.22598  1.44608 B   127 
 0.54403 -0.93019  1.33862 X   127 
 0.32100 -1.43831  1.43142 B   128 
 0.37357 -1.82230  1.55084 R   128 
 0.35455 -1.66550  1.13259 B   129 
 0.36232 -1.42346  1.03854 L   129 
