246 
-1.12124  0.00009 -0.72783 B   1 
-1.19474 -0.41271 -0.74857 K   1 
-1.33524 -0.10057 -0.45867 B   2 
-1.41721  0.12951 -0.37198 V   2 
-1.26424 -0.27137 -0.19606 B   3 
-0.95157 -0.48009 -0.41190 F   3 
-1.31070 -0.50088  0.01650 B   4 
-1.19083 -0.61489  0.29108 B   5 
-1.29454 -0.61597  0.71397 R   5 
-1.20033 -0.93033  0.24326 B   6 
-1.38291 -1.01453  0.48398 X   6 
-1.10632 -0.89874 -0.05132 B   7 
-1.30935 -0.75740 -0.35332 E   7 
-0.82723 -0.77559  0.00038 B   8 
-0.74559 -0.47999 -0.00746 L   8 
-0.71453 -0.98655  0.19074 B   9 
-0.81918 -0.96129  0.37934 A   9 
-0.72161 -1.21467 -0.01272 B   10 
-0.93191 -1.27107 -0.03321 A   10 
-0.53541 -1.08472 -0.22387 B   11 
-0.66017 -0.95126 -0.34040 A   11 
-0.29598 -1.02658 -0.03611 B   12 
-0.36765 -0.63139  0.11647 M   12 
-0.25261 -1.31926  0.03395 B   13 
-0.43181 -1.57966  0.33108 K   13 
-0.21010 -1.44650 -0.24008 B   14 
-0.44095 -1.37739 -0.62547 R   14 
 0.03801 -1.23296 -0.28051 B   15 
-0.16041 -1.05937 -0.56703 H   15 
 0.20123 -1.27094  0.01511 B   16 
 0.15470 -1.05120  0.26662 B   17 
 0.11477 -0.78808  0.08110 L   17 
 0.13070 -1.24526  0.48184 B   18 
-0.09419 -1.36024  0.65663 D   18 
 0.39995 -1.19145  0.68276 B   19 
 0.22547 -1.40545  0.84824 N   19 
 0.54837 -0.98596  0.54271 B   20 
 0.72299 -0.94417  0.13901 Y   20 
 0.81784 -0.90402  0.70823 B   21 
 1.16020 -0.86183  0.38179 R   21 
 0.61381 -0.96060  0.97484 B   22 
 0.33016 -0.86581  0.85007 B   23 
 0.57388 -0.46940  0.91907 Y   23 
 0.03375 -0.89574  0.90855 B   24 
-0.04774 -0.93787  1.12416 S   24 
-0.24471 -0.87073  0.72616 B   25 
-0.38421 -1.07639  0.53432 L   25 
-0.38433 -0.64639  0.90213 B   26 
-0.18096 -0.42301  0.83568 B   27 
 0.03532 -0.49356  1.08498 N   27 
-0.23523 -0.39982  0.53335 B   28 
 0.16426 -0.55804  0.41334 W   28 
-0.53659 -0.34098  0.55405 B   29 
-0.68161 -0.55673  0.55214 V   29 
-0.51117 -0.09626  0.73559 B   30 
-0.48449 -0.06258  1.00969 X   30 
-0.34404  0.07552  0.54372 B   31 
-0.14025 -0.00327  0.55420 A   31 
-0.53458  0.07872  0.29998 B   32 
-0.51520 -0.11251  0.20317 A   32 
-0.76721  0.21225  0.44855 B   33 
-1.06700  0.19002  0.60991 K   33 
-0.59666  0.48932  0.53563 B   34 
-0.72111  0.39385  0.91565 F   34 
-0.47866  0.55671  0.24583 B   35 
-0.14188  0.51668  0.33994 E   35 
-0.75028  0.46799  0.03380 B   36 
-0.63282  0.32003 -0.08213 S   36 
-1.00727  0.31020  0.11473 B   37 
-1.21715  0.45813  0.24257 N   37 
-0.97448  0.07182 -0.10461 B   38 
-1.03543 -0.12061  0.25599 F   38 
-0.86905  0.26442 -0.35209 B   39 
-1.07014  0.44475 -0.48405 N   39 
-0.69564  0.22547 -0.64982 B   40 
-0.76935  0.00068 -0.72843 T   40 
-0.75406  0.54133 -0.75844 B   41 
-1.02119  0.46362 -1.04477 Q   41 
-0.59465  0.68080 -0.55140 B   42 
-0.68509  0.65367 -0.36225 A   42 
-0.49078  1.03042 -0.53345 B   43 
-0.46989  1.01820 -0.77698 T   43 
-0.20608  1.23042 -0.39460 B   44 
-0.44913  1.14642 -0.17591 N   44 
-0.08243  1.52826 -0.34028 B   45 
 0.08657  1.74025 -0.76870 R   45 
 0.23057  1.65676 -0.26615 B   46 
 0.26245  1.33176 -0.16277 N   46 
 0.42302  1.90938 -0.15266 B   47 
 0.36769  1.99627  0.08430 T   47 
 0.67941  1.79442 -0.33377 B   48 
 0.73256  1.55227 -0.23954 D   48 
 0.50173  1.70491 -0.61278 B   49 
 0.42184  1.44877 -0.56632 B   50 
 0.57409  1.31063 -0.43162 S   50 
 0.24507  1.11675 -0.57939 B   51 
 0.06939  1.25967 -0.73048 T   51 
-0.00648  0.91517 -0.46390 B   52 
 0.13917  0.93122 -0.15334 D   52 
-0.07674  0.55901 -0.53380 B   53 
 0.03097  0.85209 -0.89882 Y   53 
-0.33446  0.37983 -0.46030 B   54 
-0.40617  0.14920 -0.20320 B   55 
-0.53982 -0.08324 -0.24835 I   55 
-0.08519  0.23645 -0.08840 B   56 
-0.06539 -0.06702  0.01568 L   56 
 0.02952  0.50909 -0.15854 B   57 
-0.25015  0.71178 -0.14570 Q   57 
 0.24424  0.52312 -0.38415 B   58 
 0.32834  0.22536 -0.40260 I   58 
 0.52682  0.70788 -0.44999 B   59 
 0.61238  0.96042 -0.30262 N   59 
 0.67450  0.90959 -0.71916 B   60 
 0.51221  1.05869 -0.78215 S   60 
 0.97380  0.96902 -0.60499 B   61 
 1.01571  1.37783 -0.47957 R   61 
 1.04923  0.63503 -0.57980 B   62 
 1.25435  0.84243 -0.22942 W   62 
 0.84339  0.40276 -0.72753 B   63 
 0.93207  0.31060 -0.30842 W   63 
 0.70241  0.58022 -0.96108 B   64 
 0.45351  0.53457 -0.90080 X   64 
 0.59209  0.69618 -1.28491 B   65 
 0.78275  0.80730 -1.48372 N   65 
 0.42411  1.02794 -1.38639 B   66 
 0.39572  1.12553 -1.13670 D   66 
 0.59281  1.26752 -1.54285 B   67 
 0.58338  1.49982 -1.26442 B   68 
 0.12568  1.54123 -1.14892 R   68 
 0.86127  1.40657 -1.08866 B   69 
 0.70387  1.30738 -0.91367 T   69 
 1.12373  1.54140 -0.99680 B   70 
 1.03463  1.73321 -1.02903 P   70 
 1.36743  1.32450 -0.90260 B   71 
 1.27846  1.04778 -0.97284 B   72 
 1.05932  1.06057 -1.06384 S   72 
 1.30664  0.66768 -0.95165 B   73 
 1.62678  0.67199 -0.79301 R   73 
 1.13890  0.40313 -1.00690 B   74 
 0.97335  0.37703 -1.23021 N   74 
 1.18773  0.12370 -0.83217 B   75 
 1.36960  0.27299 -0.60991 L   75 
 0.93089 -0.04818 -0.95507 B   76 
 0.79511 -0.03991 -0.67580 X   76 
 0.91486 -0.00956 -1.25206 B   77 
 1.10541 -0.07534 -1.43591 N   77 
 0.64706  0.19728 -1.28977 B   78 
 0.49648 -0.04122 -1.20532 I   78 
 0.36472  0.31719 -1.37024 B   79 
 0.36520  0.24749 -1.56727 P   79 
 0.15541  0.47050 -1.15920 B   80 
 0.34479  0.69273 -1.03870 X   80 
-0.10773  0.36543 -1.30275 B   81 
-0.07174  0.44047 -1.52755 S   81 
-0.07168  0.06419 -1.22259 B   82 
 0.09996  0.00065 -1.32661 A   82 
-0.15968  0.14440 -0.91659 B   83 
 0.14369  0.18151 -0.79946 L   83 
-0.48611  0.17015 -1.02703 B   84 
-0.40934  0.48971 -1.01135 L   84 
-0.56562 -0.09607 -1.07084 B   85 
-0.49596 -0.25223 -1.26556 S   85 
-0.76631 -0.37350 -1.00298 B   86 
-0.93069 -0.39075 -1.17630 S   86 
-0.48734 -0.49913 -1.01884 B   87 
-0.38270 -0.73599 -1.15449 D   87 
-0.26906 -0.53918 -0.73466 B   88 
-0.43118 -0.57150 -0.52404 I   88 
 0.00526 -0.65485 -0.82107 B   89 
-0.03984 -0.86060 -0.98264 T   89 
 0.17666 -0.39620 -0.84277 B   90 
 0.12087 -0.30347 -1.03127 A   90 
 0.13891 -0.29156 -0.55157 B   91 
-0.07993 -0.12912 -0.58380 S   91 
 0.24680 -0.53949 -0.40782 B   92 
 0.06432 -0.72476 -0.37467 V   92 
 0.52851 -0.55644 -0.52831 B   93 
 0.46692 -0.78242 -0.76982 N   93 
 0.59796 -0.27087 -0.43274 B   94 
 0.58172 -0.02473 -0.57536 X   94 
 0.53999 -0.30303 -0.13099 B   95 
 0.32562 -0.30397 -0.11132 A   95 
 0.75347 -0.52030 -0.07963 B   96 
 0.54029 -0.91062 -0.21785 K   96 
 0.98521 -0.31867 -0.13218 B   97 
 1.08122 -0.32641 -0.50508 K   97 
 0.91588 -0.10350  0.07806 B   98 
 0.70799  0.08527 -0.05360 I   98 
 0.91835 -0.28565  0.34222 B   99 
 0.73796 -0.42484  0.38575 V   99 
 1.23359 -0.36922  0.26692 B   100 
 1.14144 -0.58620  0.15179 S   100 
 1.38943 -0.08022  0.30312 B   101 
 1.36824  0.14651  0.14331 D   101 
 1.39183 -0.05175  0.66594 B   102 
 1.10800  0.08715  0.79780 B   103 
 1.27579  0.36318  0.76745 N   103 
 0.89870 -0.06717  0.70077 B   104 
 0.56646  0.03771  0.76106 B   105 
 0.30566 -0.25343  0.72925 M   105 
 0.65822  0.34063  0.81781 B   106 
 0.77225  0.25344  1.11574 N   106 
 0.62016  0.43153  0.51952 B   107 
 0.74739  0.30275  0.41479 A   107 
 0.32345  0.43932  0.63075 B   108 
 0.32083  0.12357  0.28647 W   108 
 0.17282  0.69334  0.78205 B   109 
 0.26025  0.91981  0.70066 V   109 
-0.10470  0.56191  0.84268 B   110 
-0.22357  0.59444  0.66719 A   110 
 0.00493  0.31690  0.98654 B   111 
 0.21604 -0.00801  1.02489 W   111 
 0.16717  0.45767  1.21015 B   112 
 0.47108  0.74787  1.16834 R   112 
-0.08191  0.65615  1.30846 B   113 
 0.08568  0.91980  1.22073 N   113 
-0.32975  0.40170  1.28585 B   114 
-0.62262  0.72616  1.03819 R   114 
-0.19315  0.09345  1.32350 B   115 
-0.30206  0.08675  1.02404 X   115 
 0.02701  0.10423  1.50705 B   116 
 0.46650  0.16726  1.47610 K   116 
-0.03462 -0.07404  1.80817 B   117 
-0.28016 -0.21326  1.71163 B   118 
-0.39830 -0.01180  1.59828 T   118 
-0.56041 -0.42027  1.63785 B   119 
-0.68292 -0.63144  1.78817 D   119 
-0.51276 -0.55077  1.32618 B   120 
-0.28222 -0.46059  1.29175 V   120 
-0.68810 -0.81022  1.33055 B   121 
-0.47942 -1.04544  1.60380 Q   121 
-0.96229 -0.66079  1.29172 B   122 
-0.98062 -0.54275  1.46107 A   122 
-0.92212 -0.64077  0.96810 B   123 
-0.87009 -0.21696  1.00266 W   123 
-0.99014 -0.97916  0.94475 B   124 
-0.73332 -1.04164  0.89564 I   124 
-1.24923 -1.01387  1.04919 B   125 
-1.08131 -0.93488  1.53286 R   125 
-1.46865 -1.24907  0.90036 B   126 
-1.25542 -1.36956  0.72335 B   127 
-1.19461 -1.07127  0.61516 X   127 
-1.18833 -1.61178  0.45911 B   128 
-1.24504 -2.00088  0.55837 R   128 
-0.85833 -1.77788  0.53362 B   129 
-0.80650 -1.52422  0.51224 L   129 
