246 
 1.23007 -0.33820  0.39931 B   1 
 1.16390 -0.38016  0.81174 K   1 
 1.14727 -0.67808  0.47680 B   2 
 1.21030 -0.79616  0.25486 V   2 
 0.86451 -0.80320  0.56380 B   3 
 0.75076 -0.42754  0.74780 F   3 
 0.67405 -0.98164  0.74238 B   4 
 0.36913 -1.07850  0.76255 B   5 
 0.13853 -1.44006  0.68707 R   5 
 0.31106 -1.05453  1.07549 B   6 
 0.23315 -1.35196  1.13744 X   6 
 0.46727 -0.78647  1.09427 B   7 
 0.85325 -0.73248  1.07159 E   7 
 0.29011 -0.61458  0.90773 B   8 
 0.33482 -0.54782  0.61167 L   8 
 0.01887 -0.66038  1.04104 B   9 
-0.03853 -0.86467  0.99493 A   9 
 0.09553 -0.52942  1.30649 B   10 
 0.22734 -0.67124  1.40817 A   10 
 0.16453 -0.24906  1.19343 B   11 
 0.36769 -0.26222  1.11922 A   11 
-0.10282 -0.19840  1.04539 B   12 
-0.04150 -0.35262  0.64909 M   12 
-0.27048 -0.21470  1.29852 B   13 
-0.44472 -0.54833  1.51425 K   13 
-0.14485  0.00084  1.47416 B   14 
 0.29511  0.09016  1.54520 R   14 
-0.20948  0.21226  1.22938 B   15 
 0.17266  0.25935  1.17152 H   15 
-0.53342  0.13356  1.16346 B   16 
-0.61201 -0.06942  0.90591 B   17 
-0.37468  0.02709  0.70689 L   17 
-0.80778 -0.23291  1.04555 B   18 
-0.82180 -0.51730  1.16074 D   18 
-1.10483 -0.16909  0.89243 B   19 
-1.17533 -0.41036  1.09354 N   19 
-1.03809  0.03574  0.69890 B   20 
-0.85384  0.43693  0.71662 Y   20 
-1.30173  0.12367  0.52717 B   21 
-1.27917  0.59676  0.49209 R   21 
-1.37548 -0.20694  0.56129 B   22 
-1.07659 -0.33212  0.55847 B   23 
-1.15856 -0.19696  0.11540 Y   23 
-0.93677 -0.59068  0.63445 B   24 
-1.04886 -0.79632  0.64139 S   24 
-0.62239 -0.67347  0.71023 B   25 
-0.46199 -0.64811  0.97890 L   25 
-0.58683 -0.89432  0.48496 B   26 
-0.60145 -0.69839  0.24606 B   27 
-0.93700 -0.70681  0.21090 N   27 
-0.34727 -0.53472  0.30516 B   28 
-0.56833 -0.15928  0.40109 W   28 
-0.15026 -0.77113  0.30650 B   29 
-0.12272 -0.87785  0.54194 V   29 
-0.21815 -0.87370  0.02657 B   30 
-0.41720 -1.03853 -0.07438 X   30 
-0.13750 -0.62026 -0.12678 B   31 
-0.29999 -0.47703 -0.09626 A   31 
 0.15678 -0.59683 -0.03416 B   32 
 0.15305 -0.51804  0.16607 A   32 
 0.24310 -0.86832 -0.14759 B   33 
 0.31529 -1.19865 -0.10205 K   33 
 0.15843 -0.79988 -0.46631 B   34 
-0.05802 -1.14824 -0.43785 F   34 
 0.30700 -0.51716 -0.48762 B   35 
 0.01250 -0.33186 -0.54071 E   35 
 0.60255 -0.57537 -0.29825 B   36 
 0.56272 -0.41105 -0.15493 S   36 
 0.66172 -0.82043 -0.11402 B   37 
 0.75247 -1.06107 -0.24103 N   37 
 0.72077 -0.64935  0.15664 B   38 
 0.44719 -0.93809  0.26870 F   38 
 0.88650 -0.40395  0.00908 B   39 
 1.16397 -0.46294 -0.09042 N   39 
 0.97214 -0.07538  0.07930 B   40 
 1.00495 -0.07777  0.32640 T   40 
 1.18369 -0.04413 -0.18385 B   41 
 1.53192 -0.04893  0.01133 Q   41 
 0.97934 -0.06528 -0.39721 B   42 
 0.89620 -0.25965 -0.39656 A   42 
 1.00842  0.00075 -0.75517 B   43 
 1.16215  0.18022 -0.69150 T   43 
 0.79031  0.11838 -1.03611 B   44 
 0.76671 -0.20890 -0.95679 N   44 
 0.76513  0.17431 -1.35733 B   45 
 1.02306  0.58867 -1.49455 R   45 
 0.55213  0.35617 -1.56113 B   46 
 0.35844  0.30880 -1.28262 N   46 
 0.42729  0.42291 -1.86723 B   47 
 0.32340  0.22272 -1.99329 T   47 
 0.35431  0.73395 -1.76882 B   48 
 0.17907  0.70879 -1.57134 D   48 
 0.63637  0.79027 -1.58254 B   49 
 0.57566  0.69893 -1.33331 B   50 
 0.34068  0.72015 -1.26450 S   50 
 0.59537  0.57581 -0.97819 B   51 
 0.85838  0.54834 -1.04292 T   51 
 0.61324  0.31133 -0.76144 B   52 
 0.30683  0.20979 -0.87858 D   52 
 0.59703  0.30511 -0.39216 B   53 
 0.87490  0.63177 -0.60853 Y   53 
 0.65526  0.06445 -0.18572 B   54 
 0.44938 -0.16266 -0.01117 B   55 
 0.49479 -0.23192  0.24781 I   55 
 0.18994 -0.00248 -0.18681 B   56 
 0.01018 -0.05914  0.07356 L   56 
 0.25004  0.13061 -0.45343 B   57 
 0.48322 -0.08391 -0.59151 Q   57 
 0.27498  0.44134 -0.45878 B   58 
 0.14173  0.51476 -0.18872 I   58 
 0.19716  0.69524 -0.67742 B   59 
 0.11708  0.66017 -0.96926 N   59 
 0.35382  0.98650 -0.83733 B   60 
 0.54831  0.90960 -0.93108 S   60 
 0.10011  1.13099 -0.98191 B   61 
 0.11185  1.07906 -1.40826 R   61 
-0.06943  1.16846 -0.68571 B   62 
-0.38266  1.08478 -1.00625 W   62 
 0.09434  1.11498 -0.38829 B   63 
-0.28523  0.89777 -0.41593 W   63 
 0.40366  1.16883 -0.47393 B   64 
 0.50687  0.94411 -0.39320 X   64 
 0.73762  1.30594 -0.48651 B   65 
 0.78925  1.58121 -0.58542 N   65 
 1.01936  1.25147 -0.74386 B   66 
 0.89258  1.06265 -0.88859 D   66 
 1.09517  1.48248 -0.97019 B   67 
 0.97779  1.28883 -1.25356 B   68 
 1.20315  0.87295 -1.22538 R   68 
 0.64728  1.37541 -1.26281 B   69 
 0.59471  1.14081 -1.17658 T   69 
 0.45623  1.50800 -1.46633 B   70 
 0.59542  1.46462 -1.62289 P   70 
 0.16659  1.62377 -1.33209 B   71 
 0.18723  1.60426 -1.03441 B   72 
 0.39563  1.50369 -0.98037 S   72 
 0.03653  1.60933 -0.68372 B   73 
-0.27883  1.73903 -0.79047 R   73 
 0.10095  1.52157 -0.38485 B   74 
 0.35578  1.54958 -0.27425 N   74 
-0.13956  1.43884 -0.16966 B   75 
-0.36597  1.42407 -0.40051 L   75 
 0.05820  1.33117  0.07510 B   76 
-0.04813  1.04271  0.03058 X   76 
 0.28887  1.51956  0.11042 B   77 
 0.27529  1.78399  0.17626 N   77 
 0.55120  1.34788 -0.02235 B   78 
 0.51464  1.17878  0.21588 I   78 
 0.82594  1.19392 -0.05958 B   79 
 0.94232  1.32675  0.05219 P   79 
 0.85959  0.89766 -0.21108 B   80 
 0.72240  0.95730 -0.48928 X   80 
 1.09659  0.79952 -0.02376 B   81 
 1.25452  0.97786 -0.05050 S   81 
 0.92388  0.77098  0.23668 B   82 
 0.86710  0.96764  0.28581 A   82 
 0.79044  0.50010  0.10773 B   83 
 0.52513  0.64551 -0.01715 L   83 
 1.08532  0.33338  0.17604 B   84 
 1.12406  0.38080 -0.14724 L   84 
 1.08459  0.30310  0.45568 B   85 
 1.12818  0.48515  0.63487 S   85 
 1.07976  0.10800  0.74508 B   86 
 1.30150  0.10323  0.83546 S   86 
 0.87302  0.32434  0.81074 B   87 
 0.82771  0.49213  1.04579 D   87 
 0.52115  0.29402  0.73809 B   88 
 0.46732  0.03220  0.75347 I   88 
 0.36999  0.55450  0.81157 B   89 
 0.44857  0.62923  1.05388 T   89 
 0.35539  0.69680  0.53536 B   90 
 0.55220  0.78293  0.50231 A   90 
 0.20766  0.47312  0.37626 B   91 
 0.42099  0.33375  0.27434 S   91 
-0.03924  0.45503  0.55649 B   92 
-0.00284  0.29713  0.76256 V   92 
-0.14064  0.74431  0.54247 B   93 
-0.00165  0.86063  0.82591 N   93 
-0.16379  0.73237  0.23453 B   94 
 0.02296  0.81742  0.03685 X   94 
-0.34834  0.48611  0.20721 B   95 
-0.22492  0.31443  0.24771 A   95 
-0.58864  0.60840  0.35793 B   96 
-0.47581  0.54247  0.80494 K   96 
-0.63795  0.81585  0.13066 B   97 
-0.44024  1.13800  0.20454 K   97 
-0.67436  0.62381 -0.10831 B   98 
-0.39013  0.55963 -0.21450 I   98 
-0.91777  0.44695  0.00323 B   99 
-0.87572  0.28378  0.16266 V   99 
-1.09304  0.73031  0.03519 B   100 
-1.02034  0.73893  0.28712 S   100 
-1.12888  0.82221 -0.28006 B   101 
-0.93288  0.91511 -0.45429 D   101 
-1.37622  0.57966 -0.39160 B   102 
-1.24366  0.28162 -0.49572 B   103 
-1.24449  0.42714 -0.78571 N   103 
-1.08911  0.19172 -0.28343 B   104 
-0.88581 -0.09400 -0.32867 B   105 
-0.78637 -0.26643  0.00923 M   105 
-0.89065 -0.06324 -0.64872 B   106 
-1.19990 -0.18005 -0.65825 N   106 
-0.62874  0.10995 -0.65826 B   107 
-0.67675  0.27402 -0.53779 A   107 
-0.51405 -0.18422 -0.63031 B   108 
-0.36857  0.04457 -0.24988 W   108 
-0.44491 -0.39647 -0.87582 B   109 
-0.37372 -0.27614 -1.09032 V   109 
-0.35016 -0.64292 -0.70772 B   110 
-0.14067 -0.61239 -0.67355 A   110 
-0.59735 -0.65978 -0.53064 B   111 
-0.86034 -0.53087 -0.27408 W   111 
-0.81474 -0.68999 -0.74966 B   112 
-0.89045 -0.43611 -1.07849 R   112 
-0.66247 -0.93952 -0.90982 B   113 
-0.62673 -0.75553 -1.17471 N   113 
-0.56644 -1.10842 -0.61160 B   114 
-0.10425 -1.15672 -0.80246 R   114 
-0.77599 -1.03405 -0.35537 B   115 
-0.49803 -0.91280 -0.25726 X   115 
-1.04269 -0.99497 -0.45344 B   116 
-1.28337 -0.64911 -0.59674 K   116 
-1.26971 -1.24409 -0.34094 B   117 
-1.08758 -1.36104 -0.13566 B   118 
-0.86984 -1.37119 -0.27664 T   118 
-0.92015 -1.51923  0.13597 B   119 
-1.01248 -1.71186  0.32719 D   119 
-0.77242 -1.27455  0.32237 B   120 
-0.86821 -1.08064  0.19710 V   120 
-0.74338 -1.40808  0.60415 B   121 
-1.14188 -1.43888  0.72158 Q   121 
-0.49395 -1.58395  0.52754 B   122 
-0.56448 -1.71113  0.37989 A   122 
-0.28641 -1.33616  0.57513 B   123 
-0.21274 -1.31933  0.15345 W   123 
-0.33121 -1.37201  0.91628 B   124 
-0.48084 -1.14939  0.93415 I   124 
-0.24906 -1.63397  0.97847 B   125 
-0.67175 -1.83544  0.75685 R   125 
-0.07672 -1.69676  1.28174 B   126 
-0.12660 -1.42041  1.39335 B   127 
 0.00272 -1.30142  1.12225 X   127 
-0.05924 -1.19375  1.67098 B   128 
-0.21306 -1.30405  2.02965 R   128 
-0.37467 -1.00074  1.74370 B   129 
-0.31433 -0.94705  1.49679 L   129 
