246 
-0.27290  0.86004  0.98629 B   1 
-0.62883  0.69243  1.13278 K   1 
-0.20075  0.63009  1.25142 B   2 
 0.04745  0.68680  1.29988 V   2 
-0.21762  0.30932  1.25194 B   3 
-0.53503  0.32189  0.95696 F   3 
-0.29964  0.02788  1.37060 B   4 
-0.26637 -0.28599  1.31459 B   5 
-0.04019 -0.62146  1.47553 R   5 
-0.55904 -0.39721  1.37665 B   6 
-0.49034 -0.60196  1.60410 X   6 
-0.69228 -0.15326  1.23757 B   7 
-0.70883  0.21527  1.36532 E   7 
-0.58599 -0.19784  0.95044 B   8 
-0.34542 -0.06496  0.81414 L   8 
-0.67807 -0.48619  0.90779 B   9 
-0.54996 -0.61051  1.03144 A   9 
-0.97664 -0.42378  0.92893 B   10 
-1.01619 -0.38807  1.14103 A   10 
-0.99142 -0.22254  0.69350 B   11 
-0.92633 -0.03175  0.77299 A   11 
-0.86692 -0.40519  0.47649 B   12 
-0.44497 -0.32598  0.49308 M   12 
-1.08431 -0.61653  0.49959 B   13 
-1.13709 -0.95557  0.76505 K   13 
-1.33770 -0.45611  0.44347 B   14 
-1.45623 -0.04622  0.60009 R   14 
-1.19897 -0.37198  0.15630 B   15 
-1.18048 -0.00184  0.27567 H   15 
-1.09397 -0.67605  0.04679 B   16 
-0.77295 -0.77147  0.08614 B   17 
-0.64051 -0.47767  0.04891 L   17 
-0.82542 -1.04279  0.17664 B   18 
-0.81307 -1.19755  0.44167 D   18 
-0.70054 -1.24518 -0.06667 B   19 
-0.78197 -1.45132  0.16678 N   19 
-0.61092 -1.05900 -0.26958 B   20 
-0.79893 -0.73538 -0.50439 Y   20 
-0.48029 -1.21780 -0.52343 B   21 
-0.64341 -0.99591 -0.91036 R   21 
-0.37278 -1.42629 -0.27669 B   22 
-0.33047 -1.21272 -0.03667 B   23 
 0.02089 -1.13104 -0.33862 Y   23 
-0.29900 -1.21210  0.26530 B   24 
-0.21654 -1.39715  0.38301 S   24 
-0.34631 -0.98494  0.50529 B   25 
-0.60774 -0.89253  0.65250 L   25 
-0.05181 -0.99395  0.62350 B   26 
 0.08597 -0.87326  0.37426 B   27 
 0.13454 -1.16562  0.21278 N   27 
-0.04497 -0.59449  0.37975 B   28 
-0.27787 -0.65728  0.00446 W   28 
 0.04318 -0.51758  0.66439 B   29 
-0.12858 -0.58947  0.84580 V   29 
 0.34296 -0.55736  0.61918 B   30 
 0.51034 -0.77852  0.62576 X   30 
 0.37548 -0.34787  0.39712 B   31 
 0.29522 -0.43959  0.21547 A   31 
 0.27001 -0.09866  0.54710 B   32 
 0.05540 -0.11422  0.55069 A   32 
 0.48143 -0.10846  0.76897 B   33 
 0.57273 -0.19033  1.08736 K   33 
 0.74700 -0.08426  0.56324 B   34 
 0.87251 -0.42496  0.75609 F   34 
 0.64456  0.16787  0.39476 B   35 
 0.62834 -0.00468  0.08842 E   35 
 0.48441  0.36317  0.64539 B   36 
 0.28794  0.36345  0.54278 S   36 
 0.41487  0.27390  0.93640 B   37 
 0.62582  0.28369  1.13051 N   37 
 0.09576  0.33603  0.91849 B   38 
 0.12286 -0.04935  1.06521 F   38 
 0.12299  0.61615  0.74456 B   39 
 0.22704  0.85947  0.88717 N   39 
-0.07920  0.81107  0.54121 B   40 
-0.30461  0.78407  0.64417 T   40 
 0.13946  1.06959  0.52288 B   41 
-0.04996  1.33209  0.75654 Q   41 
 0.35048  0.92772  0.37098 B   42 
 0.43292  0.77430  0.49081 A   42 
 0.64836  1.06027  0.20653 B   43 
 0.51068  1.25567  0.15400 T   43 
 0.86452  0.97824 -0.08823 B   44 
 0.92752  0.80540  0.19483 N   44 
 1.13518  1.05047 -0.25695 B   45 
 1.08004  1.47916 -0.52198 R   45 
 1.25450  0.98214 -0.57487 B   46 
 1.02776  0.72939 -0.52977 N   46 
 1.51083  0.96731 -0.79352 B   47 
 1.71190  0.82137 -0.72259 T   47 
 1.29634  1.00849 -1.04661 B   48 
 1.13359  0.79921 -1.03913 D   48 
 1.09252  1.23954 -0.89659 B   49 
 0.90532  1.09285 -0.76397 B   50 
 0.84308  0.87843 -0.86671 S   50 
 0.63157  0.98066 -0.53132 B   51 
 0.69157  1.21639 -0.40904 T   51 
 0.54198  0.83965 -0.23243 B   52 
 0.70233  0.55311 -0.33295 D   52 
 0.20874  0.74051 -0.10675 B   53 
 0.26093  1.16848 -0.31856 Y   53 
 0.11720  0.64727  0.18795 B   54 
 0.05943  0.33313  0.33767 B   55 
-0.14985  0.28718  0.50506 I   55 
 0.16380  0.20856  0.02556 B   56 
-0.04314 -0.03165  0.07842 L   56 
 0.34972  0.37571 -0.14737 B   57 
 0.55449  0.52464  0.08790 Q   57 
 0.22607  0.52646 -0.39065 B   58 
-0.04490  0.37860 -0.41872 I   58 
 0.32406  0.61053 -0.70948 B   59 
 0.60746  0.59033 -0.81945 N   59 
 0.34407  0.90420 -0.92926 B   60 
 0.45347  1.06553 -0.80868 S   60 
 0.42637  0.77134 -1.21513 B   61 
 0.83564  0.85538 -1.31533 R   61 
 0.14776  0.57081 -1.22174 B   62 
 0.48633  0.33089 -1.41057 W   62 
-0.10764  0.62744 -0.99878 B   63 
 0.02150  0.20881 -1.00811 W   63 
-0.06378  0.94215 -0.92843 B   64 
-0.04910  0.92323 -0.66941 X   64 
-0.12162  1.29654 -0.88907 B   65 
-0.14653  1.47719 -1.12352 N   65 
 0.12421  1.58066 -0.80293 B   66 
 0.33851  1.42330 -0.75838 D   66 
 0.23261  1.79291 -1.03430 B   67 
 0.57483  1.67276 -1.02957 B   68 
 0.71110  1.69512 -0.57628 R   68 
 0.56061  1.41807 -1.25705 B   69 
 0.58040  1.25612 -1.06055 T   69 
 0.69904  1.34887 -1.52454 B   70 
 0.85405  1.48903 -1.47878 P   70 
 0.54052  1.11035 -1.70699 B   71 
 0.27652  1.05429 -1.57821 B   72 
 0.26045  1.18527 -1.38059 S   72 
-0.03918  0.84499 -1.53075 B   73 
 0.01713  0.64311 -1.82015 R   73 
-0.27794  0.79937 -1.32560 B   74 
-0.40013  1.01158 -1.19147 N   74 
-0.43064  0.50480 -1.29547 B   75 
-0.20544  0.34996 -1.46889 L   75 
-0.61714  0.58098 -1.03084 B   76 
-0.45401  0.37850 -0.86087 X   76 
-0.73564  0.85441 -1.06467 B   77 
-0.90365  0.93624 -1.26347 N   77 
-0.55443  1.04551 -0.84889 B   78 
-0.70063  0.89073 -0.64553 I   78 
-0.46803  1.23359 -0.60860 B   79 
-0.62891  1.36611 -0.62383 P   79 
-0.20971  1.17552 -0.40427 B   80 
 0.02461  1.14063 -0.61321 X   80 
-0.34931  1.30310 -0.14908 B   81 
-0.40432  1.52189 -0.23011 S   81 
-0.56813  1.08064 -0.11582 B   82 
-0.69141  1.10020 -0.28534 A   82 
-0.33425  0.88021 -0.00208 B   83 
-0.26983  0.73308 -0.28727 L   83 
-0.33954  1.05735  0.29458 B   84 
-0.06601  1.18307  0.16182 L   84 
-0.58184  0.98199  0.41595 B   85 
-0.82152  1.05533  0.35016 S   85 
-0.76522  0.83319  0.67300 B   86 
-0.85424  1.00719  0.81141 S   86 
-0.90578  0.72452  0.42342 B   87 
-1.18703  0.70095  0.34727 D   87 
-0.81344  0.41710  0.25918 B   88 
-0.71787  0.25863  0.45268 I   88 
-0.98141  0.37395  0.00223 B   89 
-1.23589  0.42013  0.06203 T   89 
-0.78762  0.48096 -0.21628 B   90 
-0.80054  0.69770 -0.20631 A   90 
-0.54509  0.29397 -0.15808 B   91 
-0.40335  0.44813  0.01930 S   91 
-0.69224  0.02807 -0.19568 B   92 
-0.81658 -0.05044  0.02134 V   92 
-0.79426  0.06023 -0.48329 B   93 
-1.10565  0.16774 -0.41499 N   93 
-0.50792  0.10344 -0.59120 B   94 
-0.37002  0.34753 -0.64216 X   94 
-0.37474 -0.15472 -0.48601 B   95 
-0.34598 -0.12505 -0.27474 A   95 
-0.55289 -0.35061 -0.64510 B   96 
-0.93746 -0.37745 -0.38380 K   96 
-0.42907 -0.25846 -0.91584 B   97 
-0.63633  0.03211 -1.06054 K   97 
-0.13112 -0.31624 -0.85933 B   98 
-0.01911 -0.06758 -0.71166 I   98 
-0.15064 -0.62890 -0.78986 B   99 
-0.23054 -0.69419 -0.58209 V   99 
-0.28924 -0.67473 -1.09105 B   100 
-0.52513 -0.66303 -0.97683 S   100 
-0.03836 -0.59850 -1.29196 B   101 
 0.07458 -0.34825 -1.33687 D   101 
 0.17246 -0.89191 -1.24824 B   102 
 0.38449 -0.87379 -0.97999 B   103 
 0.58898 -0.75022 -1.19950 N   103 
 0.22196 -0.82130 -0.76121 B   104 
 0.37255 -0.74869 -0.44965 B   105 
 0.13162 -0.80678 -0.14572 M   105 
 0.65168 -0.66906 -0.58801 B   106 
 0.72037 -0.98834 -0.64009 N   106 
 0.57907 -0.36425 -0.61050 B   107 
 0.40384 -0.36622 -0.72464 A   107 
 0.66989 -0.38978 -0.30789 B   108 
 0.22372 -0.25198 -0.29449 W   108 
 0.97799 -0.36105 -0.18808 B   109 
 1.12123 -0.20094 -0.32737 V   109 
 0.92232 -0.41583  0.11502 B   110 
 0.87049 -0.22566  0.19950 A   110 
 0.77756 -0.68078  0.07519 B   111 
 0.50116 -0.91760 -0.06311 W   111 
 0.99796 -0.83664 -0.07735 B   112 
 1.19627 -0.72616 -0.43343 R   112 
 1.24037 -0.76870  0.14111 B   113 
 1.40477 -0.60259 -0.08400 N   113 
 1.03428 -0.81952  0.42681 B   114 
 1.20996 -0.38811  0.61496 R   114 
 0.77849 -1.03137  0.35767 B   115 
 0.62849 -0.75767  0.42231 X   115 
 0.86219 -1.22935  0.16772 B   116 
 0.86014 -1.26833 -0.27562 K   116 
 0.87081 -1.55738  0.30400 B   117 
 0.72470 -1.49004  0.55521 B   118 
 0.84881 -1.27025  0.61586 T   118 
 0.53565 -1.46740  0.85618 B   119 
 0.44412 -1.67068  1.03644 D   119 
 0.25963 -1.27787  0.79035 B   120 
 0.29789 -1.25511  0.54442 V   120 
 0.05660 -1.36975  1.01038 B   121 
-0.02219 -1.76095  0.89080 Q   121 
 0.18887 -1.20428  1.24306 B   122 
 0.37834 -1.28595  1.26258 A   122 
 0.03571 -0.92967  1.15436 B   123 
 0.41009 -0.76370  1.02861 W   123 
-0.25863 -1.06000  1.28109 B   124 
-0.36046 -1.10494  1.03639 I   124 
-0.21096 -1.10869  1.55422 B   125 
 0.09014 -1.51579  1.44471 R   125 
-0.46818 -1.04961  1.79077 B   126 
-0.68136 -1.00518  1.58126 B   127 
-0.48827 -0.78160  1.45046 X   127 
-1.02996 -0.91444  1.52437 B   128 
-1.30544 -1.17562  1.66708 R   128 
-1.16314 -1.13038  1.24567 B   129 
-0.96259 -0.99999  1.14434 L   129 
