246 
 0.38571  1.24731  0.28696 B   1 
 0.15162  1.46115  0.01179 K   1 
 0.07546  1.34381  0.43800 B   2 
 0.12450  1.29434  0.68763 V   2 
-0.22026  1.23059  0.38409 B   3 
-0.11363  1.13669 -0.02545 F   3 
-0.53033  1.25713  0.32781 B   4 
-0.79437  1.07831  0.29514 B   5 
-1.15078  0.98189  0.52596 R   5 
-0.93957  1.21675  0.04689 B   6 
-1.21215  1.29369  0.18162 X   6 
-0.66975  1.25508 -0.10257 B   7 
-0.38257  1.50540 -0.01730 E   7 
-0.59141  0.95776 -0.13707 B   8 
-0.40061  0.79033  0.03518 L   8 
-0.84531  0.85511 -0.27288 B   9 
-0.99961  0.85170 -0.12011 A   9 
-0.81549  1.02850 -0.52295 B   10 
-0.86830  1.23187 -0.46231 A   10 
-0.53954  0.91980 -0.61339 B   11 
-0.39136  1.02752 -0.49765 A   11 
-0.61422  0.61921 -0.61813 B   12 
-0.52089  0.47515 -0.22426 M   12 
-0.83123  0.65473 -0.82813 B   13 
-1.24977  0.76581 -0.80187 K   13 
-0.67829  0.78230 -1.05927 B   14 
-0.37100  1.11700 -1.04763 R   14 
-0.47971  0.51914 -1.04914 B   15 
-0.18551  0.74769 -0.93598 H   15 
-0.70920  0.26869 -1.03964 B   16 
-0.79155  0.12201 -0.74740 B   17 
-0.49878  0.14388 -0.60937 L   17 
-1.07940  0.11638 -0.78820 B   18 
-1.32444  0.26776 -0.68150 D   18 
-1.16188 -0.21320 -0.80637 B   19 
-1.44775 -0.06523 -0.80337 N   19 
-0.90578 -0.34755 -0.79129 B   20 
-0.52888 -0.33257 -1.02136 Y   20 
-0.94375 -0.67179 -0.80357 B   21 
-0.59906 -0.82987 -1.08950 R   21 
-1.22483 -0.59784 -0.62627 B   22 
-1.12005 -0.34098 -0.45877 B   23 
-0.90426 -0.71153 -0.26531 Y   23 
-1.23569 -0.10940 -0.30010 B   24 
-1.44634 -0.12029 -0.19809 S   24 
-1.12419  0.19238 -0.21104 B   25 
-1.11382  0.46302 -0.36980 L   25 
-1.15981  0.15418  0.10210 B   26 
-0.94259 -0.06394  0.13223 B   27 
-1.14460 -0.32711  0.07028 N   27 
-0.69727  0.10397  0.05153 B   28 
-0.62293 -0.12117 -0.32638 W   28 
-0.73246  0.32510  0.26264 B   29 
-0.88052  0.52164  0.17879 V   29 
-0.73200  0.14018  0.50614 B   30 
-0.92682 -0.01237  0.63164 X   30 
-0.45067  0.02444  0.46476 B   31 
-0.46890 -0.12211  0.30339 A   31 
-0.28742  0.28725  0.46565 B   32 
-0.31691  0.37964  0.27353 A   32 
-0.36970  0.36989  0.74924 B   33 
-0.56364  0.55707  0.95842 K   33 
-0.24987  0.09391  0.90061 B   34 
-0.63003  0.06615  1.05462 F   34 
 0.04096  0.09776  0.76697 B   35 
 0.00147 -0.20908  0.59911 E   35 
 0.11179  0.44628  0.75592 B   36 
 0.13960  0.45031  0.53606 S   36 
-0.08857  0.67988  0.80864 B   37 
-0.14202  0.74756  1.08220 N   37 
-0.04503  0.83056  0.52331 B   38 
-0.45448  0.79217  0.56401 F   38 
 0.28194  0.78295  0.50660 B   39 
 0.45614  0.94448  0.69081 N   39 
 0.52748  0.78118  0.26179 B   40 
 0.44790  0.95477  0.10156 T   40 
 0.78602  0.76678  0.48073 B   41 
 0.92330  1.13990  0.44437 Q   41 
 0.72884  0.49606  0.58640 B   42 
 0.54639  0.49884  0.69316 A   42 
 0.93404  0.28018  0.79766 B   43 
 1.12512  0.37246  0.67573 T   43 
 0.98805 -0.08630  0.85348 B   44 
 0.72263  0.05040  1.01104 N   44 
 1.13782 -0.31633  1.03124 B   45 
 1.63154 -0.34525  0.91964 R   45 
 1.20724 -0.65343  0.99218 B   46 
 0.94301 -0.61151  0.77829 N   46 
 1.29572 -0.95054  1.12497 B   47 
 1.14692 -1.03735  1.31753 T   47 
 1.41883 -1.04531  0.82896 B   48 
 1.21334 -1.04597  0.66129 D   48 
 1.55907 -0.74563  0.73977 B   49 
 1.36047 -0.61012  0.61194 B   50 
 1.19988 -0.74692  0.48583 S   50 
 1.14879 -0.34187  0.45418 B   51 
 1.32115 -0.18016  0.58931 T   51 
 0.89657 -0.11250  0.48610 B   52 
 0.68322 -0.37361  0.55107 D   52 
 0.73494  0.10020  0.23055 B   53 
 1.21406  0.06657  0.23776 Y   53 
 0.52807  0.34508  0.26472 B   54 
 0.17738  0.37373  0.23955 B   55 
 0.05621  0.58534  0.11927 I   55 
 0.19195  0.02677  0.18280 B   56 
-0.06253  0.07092 -0.00852 L   56 
 0.42505 -0.13320  0.29457 B   57 
 0.48280  0.02322  0.59733 Q   57 
 0.65073 -0.21898  0.09732 B   58 
 0.50859 -0.17724 -0.17495 I   58 
 0.85904 -0.48978  0.05736 B   59 
 0.90177 -0.71265  0.26063 N   59 
 1.21595 -0.56631  0.01603 B   60 
 1.32384 -0.45602  0.18552 S   60 
 1.21122 -0.88530 -0.05012 B   61 
 1.35390 -1.11678  0.28254 R   61 
 1.01183 -0.84262 -0.32635 B   62 
 0.88730 -1.23705 -0.13459 W   62 
 0.96009 -0.52664 -0.45134 B   63 
 0.58778 -0.74969 -0.39093 W   63 
 1.22424 -0.37012 -0.34345 B   64 
 1.10639 -0.17336 -0.22072 X   64 
 1.53040 -0.17861 -0.33499 B   65 
 1.78642 -0.28979 -0.43655 N   65 
 1.77327 -0.11053 -0.04352 B   66 
 1.62516 -0.22897  0.14807 D   66 
 2.06566 -0.26650 -0.02078 B   67 
 1.97552 -0.46006  0.27245 B   68 
 1.82731 -0.14390  0.59279 R   68 
 1.82990 -0.73474  0.13045 B   69 
 1.60557 -0.64506  0.21333 T   69 
 1.88001 -1.03969  0.13016 B   70 
 2.00071 -1.01844  0.30551 P   70 
 1.72232 -1.20757 -0.11936 B   71 
 1.60346 -1.00684 -0.30645 B   72 
 1.64529 -0.78968 -0.21948 S   72 
 1.37247 -0.90708 -0.59353 B   73 
 1.30410 -1.24344 -0.69282 R   73 
 1.23492 -0.65157 -0.72380 B   74 
 1.36933 -0.40817 -0.74920 N   74 
 0.94292 -0.67050 -0.88309 B   75 
 0.88317 -0.96991 -0.77563 L   75 
 0.89725 -0.34389 -0.92613 B   76 
 0.65532 -0.35474 -0.73158 X   76 
 1.15386 -0.21547 -1.01336 B   77 
 1.29601 -0.27143 -1.23942 N   77 
 1.25643 -0.04849 -0.73494 B   78 
 1.02533  0.12322 -0.79656 I   78 
 1.34053  0.17936 -0.53102 B   79 
 1.45780  0.28851 -0.66524 P   79 
 1.22383  0.20867 -0.21897 B   80 
 1.28868 -0.07834 -0.10411 X   80 
 1.23204  0.52620 -0.21794 B   81 
 1.46107  0.56744 -0.27547 S   81 
 1.00076  0.56641 -0.42618 B   82 
 1.07716  0.49085 -0.60720 A   82 
 0.78728  0.47922 -0.19244 B   83 
 0.76803  0.16335 -0.27600 L   83 
 0.83338  0.78949 -0.04743 B   84 
 1.01835  0.60759  0.15494 L   84 
 0.70111  0.96726 -0.22068 B   85 
 0.77878  1.04799 -0.45436 S   85 
 0.45209  1.20136 -0.29160 B   86 
 0.55189  1.41907 -0.29017 S   86 
 0.44103  1.02001 -0.53827 B   87 
 0.43113  1.07419 -0.82536 D   87 
 0.22909  0.72945 -0.56413 B   88 
 0.01401  0.78435 -0.41442 I   88 
 0.27929  0.57903 -0.83049 B   89 
 0.28191  0.75811 -1.02645 T   89 
 0.47553  0.35584 -0.73871 B   90 
 0.66975  0.45153 -0.71957 A   90 
 0.29670  0.22475 -0.51961 B   91 
 0.37786  0.36411 -0.29755 S   91 
 0.05788  0.15915 -0.69971 B   92 
-0.10715  0.36105 -0.72661 V   92 
 0.19346 -0.01704 -0.91123 B   93 
 0.24538  0.21739 -1.14688 N   93 
 0.29379 -0.21559 -0.69671 B   94 
 0.54665 -0.22607 -0.56579 X   94 
 0.02419 -0.28680 -0.56368 B   95 
-0.02945 -0.11673 -0.44309 A   95 
-0.10477 -0.41088 -0.81545 B   96 
-0.25645 -0.03788 -1.04948 K   96 
 0.09377 -0.65104 -0.81057 B   97 
 0.40383 -0.56678 -1.02293 K   97 
 0.03776 -0.75931 -0.52694 B   98 
 0.21540 -0.59520 -0.33278 I   98 
-0.27769 -0.81228 -0.55243 B   99 
-0.42410 -0.63265 -0.54201 V   99 
-0.21073 -1.01271 -0.81199 B   100 
-0.25987 -0.81070 -0.97201 S   100 
-0.04596 -1.25859 -0.66533 B   101 
 0.20859 -1.25075 -0.55335 D   101 
-0.31885 -1.42754 -0.49377 B   102 
-0.39363 -1.29697 -0.18619 B   103 
-0.18110 -1.51947 -0.08327 N   103 
-0.44156 -1.02720 -0.23051 B   104 
-0.48722 -0.81356  0.04750 B   105 
-0.67503 -0.48155 -0.04355 M   105 
-0.34201 -1.01990  0.24684 B   106 
-0.61027 -1.21330  0.24686 N   106 
-0.05808 -0.89079  0.20935 B   107 
-0.02646 -0.90641  0.00320 A   107 
-0.19416 -0.69493  0.41814 B   108 
-0.10161 -0.43379  0.04201 W   108 
-0.19490 -0.72362  0.74872 B   109 
 0.01582 -0.83996  0.83602 V   109 
-0.36744 -0.47334  0.82326 B   110 
-0.22929 -0.30987  0.83659 A   110 
-0.60435 -0.54145  0.64444 B   111 
-0.78534 -0.62045  0.30887 W   111 
-0.67352 -0.82215  0.75651 B   112 
-0.41994 -1.15781  0.79332 R   112 
-0.68111 -0.72670  1.07578 B   113 
-0.42993 -0.91989  1.14565 N   113 
-0.85287 -0.42223  1.00888 B   114 
-0.51926 -0.18450  1.29967 R   114 
-1.03671 -0.44478  0.72464 B   115 
-0.82043 -0.22227  0.65185 X   115 
-1.13868 -0.71104  0.69327 B   116 
-1.00100 -1.08503  0.49514 K   116 
-1.49259 -0.72805  0.71992 B   117 
-1.53853 -0.43362  0.70610 B   118 
-1.35255 -0.35648  0.86996 T   118 
-1.64775 -0.09657  0.66996 B   119 
-1.91081  0.01377  0.64130 D   119 
-1.46574  0.04415  0.41794 B   120 
-1.34609 -0.16405  0.34863 V   120 
-1.64929  0.27839  0.32039 B   121 
-1.96661  0.06851  0.15070 Q   121 
-1.58000  0.47116  0.55925 B   122 
-1.65043  0.37200  0.72706 A   122 
-1.30305  0.57086  0.41750 B   123 
-1.07740  0.36506  0.71791 W   123 
-1.49122  0.75535  0.19337 B   124 
-1.44321  0.58482 -0.00882 I   124 
-1.63980  0.93767  0.34805 B   125 
-1.95124  0.56120  0.52023 R   125 
-1.69472  1.26643  0.22759 B   126 
-1.58561  1.20771 -0.04802 B   127 
-1.31675  1.10010  0.09523 X   127 
-1.50245  1.35063 -0.37306 B   128 
-1.81578  1.49031 -0.58936 R   128 
-1.60010  1.10182 -0.63877 B   129 
-1.42784  0.97965 -0.48747 L   129 
