246 
 0.94861  0.25454  0.90678 B   1 
 0.71083  0.30354  1.24927 K   1 
 0.91450 -0.05793  1.07875 B   2 
 1.09623 -0.19969  0.96023 V   2 
 0.65768 -0.24938  1.10257 B   3 
 0.39445  0.09334  1.06833 F   3 
 0.44967 -0.43013  1.25773 B   4 
 0.19845 -0.62239  1.20588 B   5 
 0.11203 -1.04915  1.20488 R   5 
-0.00071 -0.53833  1.44072 B   6 
-0.03256 -0.81534  1.58433 X   6 
 0.06776 -0.23728  1.40479 B   7 
 0.39917 -0.05432  1.50020 E   7 
-0.03591 -0.19871  1.11583 B   8 
 0.12451 -0.20222  0.85438 L   8 
-0.32112 -0.30281  1.15127 B   9 
-0.30556 -0.51827  1.17349 A   9 
-0.40529 -0.08691  1.35074 B   10 
-0.30809 -0.13798  1.53988 A   10 
-0.35394  0.15792  1.16755 B   11 
-0.14193  0.20046  1.18164 A   11 
-0.52703  0.06581  0.92773 B   12 
-0.25879 -0.15553  0.67544 M   12 
-0.78446  0.05793  1.08935 B   13 
-0.96230 -0.24529  1.34358 K   13 
-0.80325  0.34305  1.19635 B   14 
-0.47602  0.60233  1.37603 R   14 
-0.79164  0.44233  0.88202 B   15 
-0.44587  0.60830  0.94905 H   15 
-1.02354  0.23624  0.74336 B   16 
-0.92922 -0.04245  0.57861 B   17 
-0.65387  0.07687  0.45537 L   17 
-1.12708 -0.22225  0.69297 B   18 
-1.13118 -0.45005  0.89898 D   18 
-1.32625 -0.31484  0.43313 B   19 
-1.42779 -0.50177  0.67474 N   19 
-1.22363 -0.15973  0.21115 B   20 
-1.15906  0.26996  0.13110 Y   20 
-1.39062 -0.22361 -0.06227 B   21 
-1.45649  0.19701 -0.27274 R   21 
-1.39897 -0.53615  0.07247 B   22 
-1.11331 -0.53940  0.22545 B   23 
-1.00905 -0.56759 -0.23241 Y   23 
-0.97236 -0.69852  0.44222 B   24 
-1.02803 -0.92091  0.49060 S   24 
-0.71861 -0.63725  0.65028 B   25 
-0.70946 -0.48407  0.92416 L   25 
-0.53696 -0.88156  0.56025 B   26 
-0.48165 -0.77626  0.27473 B   27 
-0.75278 -0.91568  0.12997 N   27 
-0.32495 -0.52171  0.34912 B   28 
-0.64005 -0.24195  0.20257 W   28 
-0.10513 -0.66020  0.51405 B   29 
-0.16685 -0.68218  0.76562 V   29 
-0.01283 -0.85147  0.29407 B   30 
-0.10254 -1.09815  0.20417 X   30 
 0.07287 -0.63718  0.09163 B   31 
-0.11188 -0.56062  0.00300 A   31 
 0.27877 -0.48404  0.26447 B   32 
 0.16654 -0.36148  0.40121 A   32 
 0.46355 -0.72498  0.30721 B   33 
 0.57563 -0.98094  0.50299 K   33 
 0.52257 -0.78031 -0.01973 B   34 
 0.39769 -1.16228  0.06698 F   34 
 0.59975 -0.47973 -0.09814 B   35 
 0.33071 -0.43625 -0.32088 E   35 
 0.77975 -0.37297  0.18962 B   36 
 0.64426 -0.20259  0.23133 S   36 
 0.79852 -0.52047  0.46418 B   37 
 0.98674 -0.73593  0.48469 N   37 
 0.68818 -0.27383  0.64586 B   38 
 0.46281 -0.60109  0.75940 F   38 
 0.84623 -0.03410  0.48152 B   39 
 1.14373 -0.01208  0.51871 N   39 
 0.81725  0.30893  0.44009 B   40 
 0.73235  0.38502  0.66177 T   40 
 1.11390  0.34348  0.27951 B   41 
 1.32515  0.51864  0.56946 Q   41 
 1.04053  0.19283  0.03527 B   42 
 1.01029 -0.01064  0.08404 A   42 
 1.21614  0.16635 -0.28380 B   43 
 1.28080  0.39955 -0.24728 T   43 
 1.13225  0.11629 -0.64546 B   44 
 1.14560 -0.16284 -0.45608 N   44 
 1.24636  0.07086 -0.94854 B   45 
 1.44287  0.49766 -1.13900 R   45 
 1.11761  0.10061 -1.26873 B   46 
 0.83275  0.06234 -1.08240 N   46 
 1.13658  0.03249 -1.59847 B   47 
 1.14800 -0.21771 -1.66196 T   47 
 0.96172  0.30954 -1.66500 B   48 
 0.72527  0.27608 -1.54962 D   48 
 1.10696  0.51265 -1.43030 B   49 
 0.95957  0.47587 -1.20431 B   50 
 0.72090  0.42745 -1.23742 S   50 
 0.83955  0.46849 -0.84767 B   51 
 1.10183  0.52266 -0.79873 T   51 
 0.81194  0.29732 -0.55240 B   52 
 0.62361  0.06353 -0.71912 D   52 
 0.62940  0.38484 -0.24306 B   53 
 0.89831  0.71952 -0.45850 Y   53 
 0.63619  0.24687  0.04822 B   54 
 0.42719  0.01602  0.21394 B   55 
 0.36201  0.04028  0.47679 I   55 
 0.25013  0.01705 -0.09014 B   56 
-0.01239 -0.02929  0.08945 L   56 
 0.39605  0.08618 -0.34771 B   57 
 0.70649 -0.05698 -0.29676 Q   57 
 0.35337  0.37088 -0.46740 B   58 
 0.09857  0.46009 -0.31510 I   58 
 0.33247  0.51023 -0.78119 B   59 
 0.40527  0.37149 -1.04247 N   59 
 0.47856  0.78423 -0.97748 B   60 
 0.70576  0.76154 -0.95755 S   60 
 0.29551  0.78168 -1.24698 B   61 
 0.51292  0.62538 -1.58300 R   61 
 0.00512  0.83259 -1.07102 B   62 
-0.09933  0.55772 -1.41943 W   62 
 0.02085  0.92442 -0.74017 B   63 
-0.24689  0.58480 -0.81080 W   63 
 0.31521  1.06239 -0.72503 B   64 
 0.41518  0.92136 -0.53066 X   64 
 0.57933  1.30317 -0.67258 B   65 
 0.61030  1.54093 -0.84790 N   65 
 0.95216  1.28847 -0.76931 B   66 
 0.95001  1.03505 -0.86120 D   66 
 1.07208  1.46144 -1.02629 B   67 
 1.14284  1.16998 -1.23030 B   68 
 1.41323  0.88901 -0.96105 R   68 
 0.84377  1.12403 -1.38924 B   69 
 0.80912  0.91880 -1.24121 T   69 
 0.74438  1.11795 -1.68179 B   70 
 0.94564  1.08811 -1.74791 P   70 
 0.40825  1.15142 -1.71652 B   71 
 0.29324  1.22136 -1.44949 B   72 
 0.46950  1.22225 -1.29012 S   72 
 0.00096  1.26487 -1.20782 B   73 
-0.24944  1.23677 -1.46117 R   73 
-0.06223  1.29026 -0.89712 B   74 
 0.10044  1.43790 -0.72480 N   74 
-0.35072  1.18638 -0.76681 B   75 
-0.43640  1.02869 -1.03618 L   75 
-0.26986  1.22820 -0.44693 B   76 
-0.27913  0.92027 -0.40705 X   76 
-0.12776  1.48984 -0.41083 B   77 
-0.22646  1.73828 -0.46537 N   77 
 0.19616  1.39694 -0.36219 B   78 
 0.09131  1.29670 -0.10598 I   78 
 0.48302  1.34999 -0.23538 B   79 
 0.50338  1.54086 -0.15271 P   79 
 0.64524  1.05753 -0.23356 B   80 
 0.64225  0.98604 -0.54121 X   80 
 0.78429  1.10676  0.04775 B   81 
 0.89442  1.31625  0.00968 S   81 
 0.52178  1.08808  0.21866 B   82 
 0.40808  1.25586  0.16176 A   82 
 0.52423  0.76329  0.17049 B   83 
 0.32191  0.76261 -0.08680 L   83 
 0.78261  0.74061  0.39883 B   84 
 0.95456  0.71037  0.11996 L   84 
 0.65981  0.78831  0.64736 B   85 
 0.57588  1.01457  0.74178 S   85 
 0.56433  0.69018  0.96844 B   86 
 0.71482  0.79110  1.12505 S   86 
 0.30961  0.82519  0.86479 B   87 
 0.12644  1.02126  0.98083 D   87 
 0.04637  0.65024  0.69128 B   88 
 0.04905  0.40128  0.78976 I   88 
-0.17353  0.84699  0.59624 B   89 
-0.23334  1.00725  0.79925 T   89 
-0.08954  0.89449  0.30054 B   90 
 0.07676  1.03426  0.30763 A   90 
-0.09565  0.59849  0.20299 B   91 
 0.16492  0.52478  0.24756 S   91 
-0.38742  0.54054  0.27567 B   92 
-0.41702  0.46829  0.52592 V   92 
-0.53037  0.75768  0.11263 B   93 
-0.56597  0.98810  0.35517 N   93 
-0.40607  0.65603 -0.15142 B   94 
-0.17245  0.74704 -0.28679 X   94 
-0.49970  0.36178 -0.14140 B   95 
-0.37519  0.26463  0.00490 A   95 
-0.80231  0.42350 -0.14737 B   96 
-0.89663  0.52573  0.29710 K   96 
-0.78471  0.52953 -0.43989 B   97 
-0.71743  0.90872 -0.43613 K   97 
-0.66495  0.28096 -0.57839 B   98 
-0.35744  0.29903 -0.54241 I   98 
-0.88807  0.06433 -0.49929 B   99 
-0.89020 -0.02307 -0.28441 V   99 
-1.11453  0.26154 -0.64709 B   100 
-1.16967  0.36330 -0.41165 S   100 
-1.02007  0.24588 -0.96324 B   101 
-0.79096  0.35355 -1.07863 D   101 
-1.12985 -0.09055 -1.04813 B   102 
-0.90382 -0.33580 -0.97061 B   103 
-0.80231 -0.28410 -1.27441 N   103 
-0.84907 -0.30262 -0.70054 B   104 
-0.59182 -0.49527 -0.55315 B   105 
-0.62464 -0.52213 -0.16328 M   105 
-0.45533 -0.55541 -0.83803 B   106 
-0.69234 -0.77499 -0.90858 N   106 
-0.26242 -0.30795 -0.82281 B   107 
-0.39440 -0.14690 -0.80322 A   107 
-0.11339 -0.52086 -0.64134 B   108 
-0.21214 -0.16179 -0.35928 W   108 
 0.10465 -0.75067 -0.74009 B   109 
 0.23888 -0.67490 -0.94454 V   109 
 0.16179 -0.89074 -0.46608 B   110 
 0.32002 -0.77789 -0.37544 A   110 
-0.12904 -0.94854 -0.39666 B   111 
-0.50131 -0.86084 -0.32368 W   111 
-0.20909 -1.11354 -0.64667 B   112 
-0.17746 -1.00298 -1.05299 R   112 
 0.04930 -1.32336 -0.62898 B   113 
 0.16252 -1.21729 -0.91398 N   113 
 0.03105 -1.35895 -0.27531 B   114 
 0.52743 -1.28446 -0.25456 R   114 
-0.28333 -1.30045 -0.16201 B   115 
-0.11499 -1.06458 -0.02929 X   115 
-0.47638 -1.38926 -0.35468 B   116 
-0.69197 -1.20717 -0.69884 K   116 
-0.67032 -1.66408 -0.24015 B   117 
-0.58277 -1.64683  0.04450 B   118 
-0.32813 -1.61418  0.00602 T   118 
-0.52957 -1.65394  0.39657 B   119 
-0.65579 -1.80813  0.60271 D   119 
-0.54052 -1.33189  0.50885 B   120 
-0.60700 -1.22756  0.29168 V   120 
-0.61652 -1.36481  0.81087 B   121 
-1.00728 -1.50627  0.78199 Q   121 
-0.32866 -1.45109  0.90416 B   122 
-0.29421 -1.62980  0.80505 A   122 
-0.22486 -1.14165  0.91880 B   123 
 0.02901 -1.21279  0.58115 W   123 
-0.41275 -1.09852  1.20606 B   124 
-0.59763 -0.94987  1.07960 I   124 
-0.31441 -1.28541  1.39218 B   125 
-0.53341 -1.67875  1.13587 R   125 
-0.29199 -1.19719  1.73471 B   126 
-0.44558 -0.93909  1.70135 B   127 
-0.23494 -0.85846  1.47002 X   127 
-0.56388 -0.63800  1.86969 B   128 
-0.83779 -0.69634  2.16302 R   128 
-0.91050 -0.56157  1.74298 B   129 
-0.75642 -0.55786  1.53385 L   129 
