246 
 0.02262  0.55266 -1.21695 B   1 
-0.02544  0.20941 -1.45382 K   1 
-0.32485  0.49743 -1.28468 B   2 
-0.42667  0.72303 -1.20782 V   2 
-0.52054  0.27056 -1.16886 B   3 
-0.18600 -0.00199 -1.12740 F   3 
-0.73983  0.04382 -1.19157 B   4 
-0.91611 -0.15220 -1.00919 B   5 
-1.32887 -0.18529 -0.87453 R   5 
-0.90109 -0.42692 -1.17100 B   6 
-1.20682 -0.47440 -1.22248 X   6 
-0.60007 -0.38420 -1.23557 B   7 
-0.44281 -0.12688 -1.48348 E   7 
-0.48819 -0.38792 -0.94713 B   8 
-0.41923 -0.14937 -0.76700 L   8 
-0.60328 -0.65495 -0.85283 B   9 
-0.81658 -0.62398 -0.82636 A   9 
-0.44964 -0.82487 -1.05534 B   10 
-0.54722 -0.79214 -1.24830 A   10 
-0.16406 -0.74224 -0.96724 B   11 
-0.12283 -0.55352 -1.06542 A   11 
-0.19249 -0.81293 -0.66698 B   12 
-0.33393 -0.45251 -0.48074 M   12 
-0.24777 -1.10723 -0.71977 B   13 
-0.61084 -1.32559 -0.81307 K   13 
-0.00165 -1.19252 -0.87865 B   14 
 0.20676 -0.97600 -1.21964 R   14 
 0.17765 -1.08666 -0.62284 B   15 
 0.32633 -0.80445 -0.84610 H   15 
 0.01141 -1.23380 -0.36556 B   16 
-0.21179 -1.05913 -0.18286 B   17 
-0.05892 -0.77339 -0.19801 L   17 
-0.41915 -1.26272 -0.17254 B   18 
-0.69346 -1.31077 -0.30212 D   18 
-0.44321 -1.35099  0.15516 B   19 
-0.68939 -1.50667  0.01811 N   19 
-0.23289 -1.19738  0.28179 B   20 
 0.20378 -1.15770  0.22737 Y   20 
-0.22507 -1.25417  0.60342 B   21 
 0.23500 -1.29142  0.71524 R   21 
-0.56225 -1.27275  0.56019 B   22 
-0.60062 -1.05695  0.32150 B   23 
-0.50440 -0.80191  0.70490 Y   23 
-0.80886 -0.98065  0.11416 B   24 
-1.03713 -1.02433  0.14395 S   24 
-0.80024 -0.82042 -0.17856 B   25 
-0.72504 -0.92125 -0.46620 L   25 
-1.00848 -0.59314 -0.10262 B   26 
-0.83019 -0.45680  0.11022 B   27 
-0.93128 -0.64595  0.37082 N   27 
-0.60161 -0.36365 -0.07404 B   28 
-0.29895 -0.63982  0.10246 W   28 
-0.77475 -0.19842 -0.26751 B   29 
-0.86382 -0.33854 -0.46754 V   29 
-0.89906 -0.01672 -0.05532 B   30 
-1.11469 -0.04287  0.11729 X   30 
-0.63718  0.10792  0.04536 B   31 
-0.54333 -0.04340  0.17243 A   31 
-0.53155  0.22510 -0.22078 B   32 
-0.45176  0.06046 -0.33411 A   32 
-0.77169  0.41016 -0.26669 B   33 
-1.06826  0.47728 -0.42142 K   33 
-0.73720  0.58175  0.02107 B   34 
-1.13076  0.47814  0.07932 F   34 
-0.42520  0.64700 -0.00811 B   35 
-0.32925  0.46581  0.27797 E   35 
-0.39525  0.70635 -0.35766 B   36 
-0.24460  0.54671 -0.38846 S   36 
-0.60991  0.64765 -0.57667 B   37 
-0.81953  0.84059 -0.60987 N   37 
-0.42240  0.45584 -0.76124 B   38 
-0.77221  0.24318 -0.70480 F   38 
-0.14476  0.63243 -0.72678 B   39 
-0.12782  0.89555 -0.87118 N   39 
 0.19637  0.58125 -0.76197 B   40 
 0.20934  0.41866 -0.95048 T   40 
 0.27782  0.90891 -0.73047 B   41 
 0.37373  0.98915 -1.10961 Q   41 
 0.19601  0.93942 -0.44744 B   42 
-0.01364  0.91727 -0.43160 A   42 
 0.25840  1.21415 -0.21511 B   43 
 0.47472  1.23640 -0.32738 T   43 
 0.30450  1.26328  0.15340 B   44 
-0.01457  1.24286  0.04506 N   44 
 0.34322  1.47723  0.39767 B   45 
 0.80886  1.67783  0.39689 R   45 
 0.45442  1.46158  0.72534 B   46 
 0.36277  1.13668  0.66731 N   46 
 0.47657  1.59810  1.03292 B   47 
 0.25243  1.65796  1.14667 T   47 
 0.75801  1.42634  1.08807 B   48 
 0.69073  1.17010  1.07579 D   48 
 0.89428  1.46041  0.77550 B   49 
 0.79613  1.25047  0.63253 B   50 
 0.75377  1.04390  0.75877 S   50 
 0.69217  1.01879  0.35473 B   51 
 0.73632  1.24146  0.20444 T   51 
 0.44833  0.91237  0.13919 B   52 
 0.26365  0.81849  0.41305 D   52 
 0.44724  0.62767 -0.09664 B   53 
 0.83204  0.91459 -0.07828 Y   53 
 0.23711  0.55107 -0.32881 B   54 
-0.03330  0.32541 -0.34861 B   55 
-0.08086  0.17311 -0.56877 I   55 
 0.04503  0.26234 -0.01140 B   56 
-0.05220 -0.03851 -0.06932 L   56 
 0.18271  0.47797  0.15280 B   57 
 0.03701  0.76687  0.03128 Q   57 
 0.48811  0.44685  0.20725 B   58 
 0.52895  0.14738  0.13848 I   58 
 0.70528  0.51770  0.46442 B   59 
 0.64221  0.68929  0.70813 N   59 
 1.02422  0.69008  0.52370 B   60 
 1.00131  0.89827  0.43062 S   60 
 1.08982  0.61015  0.83266 B   61 
 1.03233  0.94409  1.09684 R   61 
 1.08679  0.27369  0.76440 B   62 
 0.91227  0.32407  1.18256 W   62 
 1.08785  0.16659  0.43779 B   63 
 0.77418 -0.02219  0.67860 W   63 
 1.22235  0.42135  0.28640 B   64 
 1.03671  0.46489  0.10945 X   64 
 1.44550  0.62385  0.08718 B   65 
 1.72177  0.68556  0.17710 N   65 
 1.46396  1.00664  0.04588 B   66 
 1.24399  1.06374  0.19088 D   66 
 1.70110  1.18623  0.19368 B   67 
 1.47557  1.35355  0.42329 B   68 
 1.13837  1.54666  0.15210 R   68 
 1.46784  1.13268  0.68401 B   69 
 1.23008  1.07313  0.61218 T   69 
 1.53771  1.13912  0.98497 B   70 
 1.53025  1.35288  0.98053 P   70 
 1.57289  0.83290  1.12745 B   71 
 1.56734  0.62756  0.91014 B   72 
 1.52923  0.73847  0.70346 S   72 
 1.53972  0.26798  0.78499 B   73 
 1.57514  0.12247  1.10940 R   73 
 1.48059  0.10128  0.52062 B   74 
 1.58026  0.17883  0.27160 N   74 
 1.34050 -0.20084  0.53032 B   75 
 1.25833 -0.17257  0.84211 L   75 
 1.29748 -0.23779  0.20260 B   76 
 0.98988 -0.22574  0.24428 X   76 
 1.54278 -0.14616  0.05638 B   77 
 1.79490 -0.24760  0.08062 N   77 
 1.44639  0.15055 -0.07997 B   78 
 1.27984 -0.02277 -0.24998 I   78 
 1.37286  0.38114 -0.28489 B   79 
 1.53532  0.35111 -0.41290 P   79 
 1.09348  0.56463 -0.27339 B   80 
 1.10611  0.67354  0.02284 X   80 
 1.06893  0.59426 -0.58868 B   81 
 1.28304  0.68681 -0.64397 S   81 
 1.00068  0.29328 -0.64545 B   82 
 1.17539  0.18757 -0.59429 A   82 
 0.70040  0.34785 -0.52434 B   83 
 0.76420  0.24559 -0.22003 L   83 
 0.62281  0.51489 -0.81673 B   84 
 0.67085  0.77306 -0.61850 L   84 
 0.60057  0.31097 -1.00919 B   85 
 0.79208  0.17555 -1.11939 S   85 
 0.41903  0.12429 -1.24164 B   86 
 0.47759  0.20094 -1.46085 S   86 
 0.57190 -0.09385 -1.09031 B   87 
 0.72671 -0.32598 -1.17755 D   87 
 0.44435 -0.26200 -0.79796 B   88 
 0.17828 -0.26508 -0.82770 I   88 
 0.65511 -0.45733 -0.68168 B   89 
 0.75463 -0.59950 -0.88256 T   89 
 0.78090 -0.28433 -0.45585 B   90 
 0.91687 -0.14677 -0.55500 A   90 
 0.52131 -0.22430 -0.29404 B   91 
 0.44332  0.01243 -0.40890 S   91 
 0.44071 -0.51514 -0.24223 B   92 
 0.30413 -0.61921 -0.44032 V   92 
 0.69060 -0.61787 -0.09674 B   93 
 0.84773 -0.75853 -0.35887 N   93 
 0.66498 -0.40133  0.12224 B   94 
 0.79299 -0.14736  0.13969 X   94 
 0.37691 -0.45958  0.21750 B   95 
 0.24678 -0.38175  0.06467 A   95 
 0.43232 -0.74730  0.31529 B   96 
 0.41123 -0.99674 -0.07743 K   96 
 0.61245 -0.64393  0.54765 B   97 
 0.97826 -0.62439  0.42876 K   97 
 0.41181 -0.45769  0.69034 B   98 
 0.42544 -0.18436  0.54443 I   98 
 0.17782 -0.66890  0.75036 B   99 
 0.03654 -0.73368  0.57815 V   99 
 0.40290 -0.85263  0.91652 B   100 
 0.43752 -0.99489  0.69881 S   100 
 0.47343 -0.65595  1.17236 B   101 
 0.61211 -0.41479  1.16933 D   101 
 0.16956 -0.69260  1.36927 B   102 
-0.08318 -0.48024  1.27835 B   103 
 0.04914 -0.28861  1.50427 N   103 
-0.12181 -0.52384  1.00698 B   104 
-0.34181 -0.31170  0.82917 B   105 
-0.47172 -0.47092  0.49515 M   105 
-0.32167 -0.08134  1.05262 B   106 
-0.51906 -0.25473  1.25346 N   106 
-0.08353  0.06641  0.91067 B   107 
 0.06405 -0.08144  0.90087 A   107 
-0.33412  0.16814  0.74536 B   108 
-0.06464 -0.05916  0.43885 W   108 
-0.52538  0.43078  0.81277 B   109 
-0.39560  0.61682  0.93153 V   109 
-0.73202  0.40730  0.57885 B   110 
-0.64432  0.51212  0.41360 A   110 
-0.81160  0.11843  0.63324 B   111 
-0.75338 -0.26393  0.67815 W   111 
-0.90585  0.14623  0.92732 B   112 
-0.69090  0.30060  1.25639 R   112 
-1.10797  0.40510  0.87041 B   113 
-0.92800  0.59531  1.06206 N   113 
-1.23643  0.27268  0.56604 B   114 
-1.16083  0.72145  0.35327 R   114 
-1.21597 -0.06592  0.56105 B   115 
-1.02064  0.02051  0.32448 X   115 
-1.25409 -0.17154  0.82500 B   116 
-0.99131 -0.27719  1.16831 K   116 
-1.55302 -0.36097  0.85673 B   117 
-1.61026 -0.37706  0.56440 B   118 
-1.56381 -0.12966  0.50097 T   118 
-1.70950 -0.44531  0.22924 B   119 
-1.91517 -0.61573  0.12507 D   119 
-1.42902 -0.52915  0.05389 B   120 
-1.27209 -0.52962  0.24841 V   120 
-1.54229 -0.69843 -0.18400 B   121 
-1.67831 -1.03828  0.01484 Q   121 
-1.64482 -0.45122 -0.34950 B   122 
-1.79017 -0.36575 -0.22901 A   122 
-1.34846 -0.39347 -0.47430 B   123 
-1.32273 -0.03434 -0.24216 W   123 
-1.38659 -0.67079 -0.67756 B   124 
-1.21321 -0.81746 -0.53370 I   124 
-1.61428 -0.62091 -0.83539 B   125 
-1.92957 -0.69553 -0.43117 R   125 
-1.61967 -0.72529 -1.17405 B   126 
-1.36489 -0.88625 -1.15181 B   127 
-1.22186 -0.62025 -1.03705 X   127 
-1.12149 -1.08703 -1.33467 B   128 
-1.26066 -1.43556 -1.48839 R   128 
-1.02070 -1.37680 -1.11577 B   129 
-0.95877 -1.16263 -0.98241 L   129 
