246 
 0.81245 -1.00616 -0.33835 B   1 
 0.93899 -1.12897  0.04263 K   1 
 0.59767 -1.26493 -0.21473 B   2 
 0.46662 -1.32720 -0.42948 V   2 
 0.37823 -1.25178  0.01947 B   3 
 0.60632 -0.94300  0.22084 F   3 
 0.23273 -1.35507  0.28057 B   4 
-0.01672 -1.28813  0.47046 B   5 
-0.41470 -1.44589  0.54995 R   5 
 0.10629 -1.33190  0.76172 B   6 
-0.08807 -1.55392  0.86806 X   6 
 0.37396 -1.19663  0.68010 B   7 
 0.65145 -1.33816  0.44477 E   7 
 0.26712 -0.91324  0.61684 B   8 
 0.19559 -0.79380  0.34349 L   8 
 0.12304 -0.85478  0.88002 B   9 
-0.05494 -0.97921  0.88158 A   9 
 0.37510 -0.86440  1.05282 B   10 
 0.42901 -1.07568  1.06960 A   10 
 0.52952 -0.63681  0.90965 B   11 
 0.62215 -0.72685  0.73567 A   11 
 0.31081 -0.41871  0.93319 B   12 
 0.07539 -0.45821  0.57597 M   12 
 0.30933 -0.42310  1.23722 B   13 
 0.10257 -0.67197  1.52621 K   13 
 0.60042 -0.36166  1.30493 B   14 
 0.97853 -0.52888  1.11608 R   14 
 0.56383 -0.08491  1.12925 B   15 
 0.81815 -0.21978  0.86709 H   15 
 0.27153  0.03168  1.25749 B   16 
-0.01967 -0.01880  1.09513 B   17 
 0.10008  0.00036  0.79423 L   17 
-0.17847 -0.09578  1.32623 B   18 
-0.29761 -0.35467  1.44080 D   18 
-0.41176  0.14934  1.36155 B   19 
-0.50302 -0.07157  1.57718 N   19 
-0.34047  0.34019  1.15573 B   20 
 0.02225  0.57037  1.05246 Y   20 
-0.54638  0.59382  1.15609 B   21 
-0.27476  0.97874  1.09597 R   21 
-0.77028  0.35088  1.23830 B   22 
-0.64486  0.10076  1.07483 B   23 
-0.83070  0.38240  0.74704 Y   23 
-0.66516 -0.20213  1.07036 B   24 
-0.85526 -0.31605  1.14641 S   24 
-0.46781 -0.44856  0.96192 B   25 
-0.21944 -0.58697  1.09501 L   25 
-0.67808 -0.57999  0.76367 B   26 
-0.68753 -0.34251  0.56571 B   27 
-0.93245 -0.17189  0.72321 N   27 
-0.39585 -0.35305  0.46723 B   28 
-0.28094  0.03495  0.65505 W   28 
-0.40054 -0.64437  0.36814 B   29 
-0.33260 -0.81451  0.55258 V   29 
-0.63721 -0.61169  0.17733 B   30 
-0.91262 -0.61722  0.21046 X   30 
-0.50960 -0.39998 -0.00474 B   31 
-0.52069 -0.21124  0.10528 A   31 
-0.25636 -0.55474 -0.09217 B   32 
-0.11876 -0.54765  0.07315 A   32 
-0.40922 -0.78570 -0.22374 B   33 
-0.53039 -1.10447 -0.21312 K   33 
-0.57665 -0.59378 -0.44413 B   34 
-0.90849 -0.77846 -0.28667 F   34 
-0.32454 -0.43094 -0.55537 B   35 
-0.43872 -0.11749 -0.44313 E   35 
-0.07188 -0.68143 -0.55996 B   36 
 0.06418 -0.56983 -0.42521 S   36 
-0.08695 -0.96504 -0.43025 B   37 
-0.22547 -1.16905 -0.57675 N   37 
 0.17901 -0.93471 -0.24490 B   38 
-0.11695 -1.06695  0.01142 F   38 
 0.36136 -0.77364 -0.46909 B   39 
 0.46506 -0.93062 -0.70355 N   39 
 0.64128 -0.56903 -0.47114 B   40 
 0.77849 -0.66015 -0.28403 T   40 
 0.67589 -0.57135 -0.80846 B   41 
 0.99721 -0.80623 -0.83956 Q   41 
 0.42681 -0.42393 -0.87135 B   42 
 0.25952 -0.54124 -0.81705 A   42 
 0.31520 -0.27907 -1.18742 B   43 
 0.55128 -0.22804 -1.22692 T   43 
 0.10516  0.00830 -1.30422 B   44 
-0.06205 -0.27023 -1.21246 N   44 
-0.03105  0.16112 -1.55924 B   45 
 0.31515  0.41102 -1.83265 R   45 
-0.16416  0.47559 -1.61731 B   46 
-0.18891  0.45134 -1.27654 N   46 
-0.35335  0.68241 -1.80483 B   47 
-0.59767  0.60805 -1.84403 T   47 
-0.17586  0.94341 -1.69469 B   48 
-0.21379  0.95197 -1.43234 D   48 
 0.13249  0.79396 -1.69883 B   49 
 0.15706  0.67624 -1.45452 B   50 
 0.04534  0.79031 -1.26767 S   50 
 0.26685  0.46136 -1.16568 B   51 
 0.39555  0.32704 -1.36446 T   51 
 0.22842  0.17289 -0.98525 B   52 
-0.08959  0.27722 -0.90839 D   52 
 0.38848  0.06704 -0.66926 B   53 
 0.65993  0.25882 -1.01607 Y   53 
 0.38582 -0.21906 -0.52074 B   54 
 0.20004 -0.35318 -0.25253 B   55 
 0.31263 -0.50860 -0.05993 I   55 
 0.03680 -0.04156 -0.26057 B   56 
 0.00738 -0.07498  0.05776 L   56 
 0.02772  0.11562 -0.52062 B   57 
-0.00610 -0.13477 -0.75646 Q   57 
 0.22122  0.35818 -0.55104 B   58 
 0.30246  0.40483 -0.25557 I   58 
 0.21272  0.66844 -0.69933 B   59 
 0.00128  0.76574 -0.89590 N   59 
 0.40968  0.87508 -0.93054 B   60 
 0.45051  0.74312 -1.11344 S   60 
 0.25587  1.16189 -0.91535 B   61 
 0.03229  1.23935 -1.27399 R   61 
 0.30452  1.18958 -0.57661 B   62 
-0.10379  1.37182 -0.66561 W   62 
 0.52320  0.97674 -0.41843 B   63 
 0.13197  0.99680 -0.22209 W   63 
 0.71982  0.89183 -0.66348 B   64 
 0.69693  0.63338 -0.64498 X   64 
 1.01543  0.84103 -0.86477 B   65 
 1.16203  1.06894 -0.98635 N   65 
 1.05002  0.73213 -1.23290 B   66 
 0.78820  0.68394 -1.27533 D   66 
 1.12698  0.94947 -1.47202 B   67 
 0.80313  0.93353 -1.63465 B   68 
 0.72637  0.47382 -1.72019 R   68 
 0.62866  1.17148 -1.46213 B   69 
 0.49893  0.98092 -1.35216 T   69 
 0.48186  1.43474 -1.53024 B   70 
 0.47554  1.37619 -1.73591 P   70 
 0.41926  1.63385 -1.26238 B   71 
 0.56236  1.51993 -1.02581 B   72 
 0.66859  1.31818 -1.09276 S   72 
 0.63060  1.49575 -0.65101 B   73 
 0.44506  1.79006 -0.56958 R   73 
 0.76400  1.30401 -0.43511 B   74 
 1.00212  1.16734 -0.48588 N   74 
 0.65773  1.29291 -0.11955 B   75 
 0.38939  1.46167 -0.18498 L   75 
 0.84288  1.03446 -0.02188 B   76 
 0.58448  0.86530  0.01145 X   76 
 1.12195  1.06280 -0.12802 B   77 
 1.29669  1.26580 -0.07610 N   77 
 1.13478  0.83127 -0.37732 B   78 
 1.12534  0.64136 -0.15253 I   78 
 1.21125  0.57985 -0.55483 B   79 
 1.41824  0.59727 -0.53182 P   79 
 0.99102  0.36614 -0.68781 B   80 
 0.80268  0.56510 -0.84501 X   80 
 1.18066  0.11285 -0.66001 B   81 
 1.37617  0.18751 -0.77690 S   81 
 1.17220  0.09883 -0.34664 B   82 
 1.27116  0.27301 -0.28197 A   82 
 0.86601 -0.01760 -0.36907 B   83 
 0.71431  0.26993 -0.33111 L   83 
 0.99838 -0.32056 -0.46961 B   84 
 0.89884 -0.20591 -0.76150 L   84 
 1.11251 -0.42732 -0.23574 B   85 
 1.33131 -0.35338 -0.11821 S   85 
 1.13335 -0.66932  0.01495 B   86 
 1.32095 -0.81028 -0.03296 S   86 
 1.15162 -0.40927  0.17588 B   87 
 1.32937 -0.31915  0.38974 D   87 
 0.86548 -0.23733  0.31216 B   88 
 0.68572 -0.42857  0.36505 I   88 
 0.94994  0.02873  0.44698 B   89 
 1.15988 -0.02089  0.60169 T   89 
 0.89191  0.23345  0.22011 B   90 
 1.05708  0.21541  0.07999 A   90 
 0.58922  0.17151  0.17873 B   91 
 0.60265 -0.01836 -0.01898 S   91 
 0.49950  0.22660  0.46629 B   92 
 0.52991  0.01897  0.62340 V   92 
 0.59239  0.51716  0.49967 B   93 
 0.88600  0.45925  0.65337 N   93 
 0.42461  0.60971  0.25721 B   94 
 0.50469  0.64432 -0.01404 X   94 
 0.14661  0.50885  0.34663 B   95 
 0.14880  0.29544  0.31842 A   95 
 0.12841  0.68385  0.60052 B   96 
 0.37665  0.44213  0.91174 K   96 
 0.10800  0.94457  0.43104 B   97 
 0.46057  1.08704  0.37002 K   97 
-0.14002  0.87653  0.26026 B   98 
-0.03798  0.71392  0.01669 I   98 
-0.35154  0.82065  0.49501 B   99 
-0.34244  0.61965  0.61045 V   99 
-0.28954  1.12961  0.60785 B   100 
-0.11713  1.02618  0.77640 S   100 
-0.40926  1.31532  0.36230 B   101 
-0.30741  1.34481  0.10510 D   101 
-0.76671  1.27359  0.41650 B   102 
-0.89972  0.99519  0.26802 B   103 
-0.95324  1.19975  0.02192 N   103 
-0.74843  0.78234  0.36202 B   104 
-0.79940  0.46140  0.22267 B   105 
-0.67313  0.17166  0.45484 M   105 
-0.93606  0.58323 -0.04169 B   106 
-1.21393  0.64481  0.12672 N   106 
-0.66615  0.59683 -0.20185 B   107 
-0.54647  0.71904 -0.08151 A   107 
-0.74643  0.29157 -0.23085 B   108 
-0.33774  0.29356 -0.00458 W   108 
-0.93893  0.15640 -0.46490 B   109 
-0.92337  0.28230 -0.68731 V   109 
-0.93873 -0.14131 -0.36829 B   110 
-0.76546 -0.23083 -0.45745 A   110 
-1.02942 -0.08414 -0.08324 B   111 
-1.00891  0.07635  0.27091 W   111 
-1.29509  0.06405 -0.14324 B   112 
-1.35425  0.40572 -0.38424 R   112 
-1.41343 -0.16808 -0.35112 B   113 
-1.40853  0.04223 -0.59818 N   113 
-1.30614 -0.44155 -0.15016 B   114 
-1.11642 -0.65488 -0.56352 R   114 
-1.28169 -0.35205  0.17617 B   115 
-0.98024 -0.42052  0.09855 X   115 
-1.48306 -0.15844  0.24132 B   116 
-1.51130  0.28572  0.24247 K   116 
-1.72493 -0.28169  0.47058 B   117 
-1.57420 -0.52828  0.54450 B   118 
-1.50166 -0.60345  0.30685 T   118 
-1.42574 -0.82074  0.68330 B   119 
-1.50811 -0.98821  0.90094 D   119 
-1.09802 -0.74971  0.74653 B   120 
-1.10902 -0.50695  0.68812 V   120 
-1.02267 -0.95612  0.96967 B   121 
-1.25035 -0.81738  1.28976 Q   121 
-0.99432 -1.20120  0.77436 B   122 
-1.18447 -1.22627  0.69585 A   122 
-0.69055 -1.11652  0.68894 B   123 
-0.83098 -1.01520  0.29710 W   123 
-0.57993 -1.22399  0.99860 B   124 
-0.54258 -0.97318  1.08787 I   124 
-0.64711 -1.49687  1.01485 B   125 
-1.14961 -1.38533  1.07340 R   125 
-0.42535 -1.72330  1.17349 B   126 
-0.24626 -1.50598  1.28312 B   127 
-0.21950 -1.39345  0.98145 X   127 
 0.06063 -1.43652  1.46747 B   128 
 0.06394 -1.55557  1.85514 R   128 
-0.00362 -1.14344  1.69554 B   129 
-0.04908 -1.05693  1.45484 L   129 
