246 
 1.05822  0.47260  0.66613 B   1 
 1.36453  0.37190  0.39730 K   1 
 1.11950  0.74502  0.44162 B   2 
 0.98823  0.93566  0.55820 V   2 
 1.04901  0.77023  0.12925 B   3 
 1.08747  0.34102  0.08218 F   3 
 1.11202  0.83818 -0.17312 B   4 
 0.97073  0.85235 -0.46052 B   5 
 0.82694  1.15737 -0.73599 R   5 
 1.19153  0.72250 -0.65095 B   6 
 1.23731  0.96142 -0.84892 X   6 
 1.25943  0.50422 -0.44035 B   7 
 1.44951  0.54894 -0.10230 E   7 
 0.98535  0.36106 -0.42962 B   8 
 0.75916  0.39878 -0.22585 L   8 
 0.94895  0.30148 -0.72721 B   9 
 0.90559  0.49146 -0.82305 A   9 
 1.19224  0.11757 -0.74904 B   10 
 1.36756  0.24819 -0.74388 A   10 
 1.10183 -0.09216 -0.53932 B   11 
 1.15625 -0.01132 -0.34577 A   11 
 0.82461 -0.15523 -0.66233 B   12 
 0.55424  0.12111 -0.47490 M   12 
 0.94041 -0.25471 -0.92530 B   13 
 1.06303 -0.05061 -1.28795 K   13 
 1.12652 -0.47867 -0.83424 B   14 
 1.41895 -0.48265 -0.48630 R   14 
 0.86249 -0.61523 -0.69131 B   15 
 1.02249 -0.55438 -0.34162 H   15 
 0.63770 -0.59621 -0.94545 B   16 
 0.40914 -0.34846 -0.95458 B   17 
 0.36620 -0.32371 -0.63397 L   17 
 0.43534 -0.28380 -1.23687 B   18 
 0.55874 -0.05847 -1.40523 D   18 
 0.13567 -0.36429 -1.37643 B   19 
 0.29231 -0.21767 -1.61642 N   19 
-0.01213 -0.48033 -1.15607 B   20 
 0.05331 -0.81515 -0.87532 Y   20 
-0.31151 -0.56991 -1.25135 B   21 
-0.38899 -0.99218 -1.04825 R   21 
-0.28190 -0.29092 -1.44420 B   22 
-0.10098 -0.10614 -1.24891 B   23 
-0.52725 -0.11621 -1.05017 Y   23 
 0.07291  0.14213 -1.26627 B   24 
 0.04263  0.30489 -1.43207 S   24 
 0.32137  0.26746 -1.08191 B   25 
 0.62779  0.19942 -1.07603 L   25 
 0.18534  0.54801 -1.02211 B   26 
-0.04392  0.43540 -0.84767 B   27 
-0.25912  0.37742 -1.10111 N   27 
 0.12528  0.32389 -0.61567 B   28 
 0.03167 -0.10297 -0.70543 W   28 
 0.26711  0.58720 -0.54315 B   29 
 0.48919  0.62121 -0.67392 V   29 
 0.01316  0.75119 -0.49718 B   30 
-0.15937  0.88894 -0.66521 X   30 
-0.10025  0.58120 -0.26807 B   31 
-0.18461  0.40240 -0.36168 A   31 
 0.13700  0.59854 -0.07024 B   32 
 0.28872  0.46432 -0.14289 A   32 
 0.12752  0.90376 -0.04247 B   33 
 0.24798  1.21227 -0.12442 K   33 
-0.18975  0.91732  0.06976 B   34 
-0.24220  1.18198 -0.24044 F   34 
-0.16085  0.69584  0.29902 B   35 
-0.39291  0.47327  0.15586 E   35 
 0.16696  0.75985  0.42169 B   36 
 0.24080  0.55540  0.37838 S   36 
 0.38270  0.94459  0.29201 B   37 
 0.36057  1.22636  0.34088 N   37 
 0.61522  0.71796  0.26784 B   38 
 0.59160  0.88918 -0.10754 F   38 
 0.55512  0.57303  0.55911 B   39 
 0.63630  0.72084  0.80798 N   39 
 0.61789  0.26714  0.70983 B   40 
 0.83895  0.20225  0.61464 T   40 
 0.51648  0.36579  1.01800 B   41 
 0.87155  0.39059  1.19881 Q   41 
 0.23027  0.40324  0.95158 B   42 
 0.20956  0.56407  0.81594 A   42 
-0.05527  0.45677  1.17282 B   43 
 0.05951  0.30639  1.32809 T   43 
-0.42252  0.38301  1.17767 B   44 
-0.32829  0.65669  1.00395 N   44 
-0.70697  0.42245  1.33413 B   45 
-0.72899  0.13896  1.75389 R   45 
-1.01651  0.26710  1.32824 B   46 
-0.89043  0.18281  1.02111 N   46 
-1.34565  0.26928  1.40167 B   47 
-1.48100  0.46902  1.30922 T   47 
-1.34614 -0.06499  1.40592 B   48 
-1.27902 -0.14119  1.16091 D   48 
-1.04326 -0.10914  1.56001 B   49 
-0.86117 -0.11362  1.35760 B   50 
-0.93885 -0.20753  1.14416 S   50 
-0.54330 -0.10233  1.15638 B   51 
-0.44582  0.00250  1.38795 T   51 
-0.32148  0.08117  0.97100 B   52 
-0.57546  0.14078  0.74771 D   52 
-0.02722 -0.02821  0.77575 B   53 
-0.09157 -0.20208  1.21888 Y   53 
 0.20562  0.14555  0.63604 B   54 
 0.26302  0.25626  0.30607 B   55 
 0.50951  0.25255  0.19137 I   55 
-0.04658  0.10191  0.24171 B   56 
 0.07362  0.03487 -0.04876 L   56 
-0.24866  0.07285  0.46695 B   57 
-0.20367  0.36621  0.64409 Q   57 
-0.27940 -0.20753  0.59978 B   58 
-0.14215 -0.38734  0.38787 I   58 
-0.53490 -0.39432  0.73452 B   59 
-0.81416 -0.29200  0.80054 N   59 
-0.61613 -0.58005  1.04088 B   60 
-0.57429 -0.43628  1.21441 S   60 
-0.89505 -0.72793  0.96037 B   61 
-1.23100 -0.54851  1.15924 R   61 
-0.75201 -0.89060  0.69399 B   62 
-1.17873 -0.78770  0.57082 W   62 
-0.40993 -0.89358  0.66054 B   63 
-0.61648 -0.77055  0.29419 W   63 
-0.31424 -0.84717  0.96812 B   64 
-0.16131 -0.64000  0.93126 X   64 
-0.15574 -0.89429  1.28928 B   65 
-0.24360 -1.10753  1.47644 N   65 
-0.20207 -0.70206  1.62015 B   66 
-0.36697 -0.51243  1.52258 D   66 
-0.37506 -0.83036  1.87303 B   67 
-0.64766 -0.59229  1.84887 B   68 
-0.44474 -0.16447  1.86717 R   68 
-0.85113 -0.74488  1.62054 B   69 
-0.77944 -0.56568  1.45325 T   69 
-1.14178 -0.84969  1.61452 B   70 
-1.18663 -0.73060  1.78649 P   70 
-1.20866 -1.06332  1.35918 B   71 
-0.95075 -1.13041  1.22351 B   72 
-0.77700 -1.00617  1.32764 S   72 
-0.74833 -1.27524  0.93408 B   73 
-1.02880 -1.43489  0.78070 R   73 
-0.45614 -1.26953  0.80851 B   74 
-0.22680 -1.27083  0.96775 N   74 
-0.40352 -1.31263  0.48237 B   75 
-0.71721 -1.28083  0.40917 L   75 
-0.07857 -1.24181  0.48247 B   76 
-0.13705 -0.98552  0.31696 X   76 
 0.05482 -1.37437  0.71611 B   77 
 0.06688 -1.64214  0.76705 N   77 
 0.11489 -1.11564  0.92911 B   78 
 0.31154 -1.03931  0.72371 I   78 
 0.25786 -0.89933  1.11171 B   79 
 0.39721 -1.02954  1.19717 P   79 
 0.19097 -0.57167  1.10724 B   80 
-0.12130 -0.57415  1.15469 X   80 
 0.48956 -0.48340  1.17003 B   81 
 0.53277 -0.60449  1.37234 S   81 
 0.61010 -0.57489  0.89513 B   82 
 0.59313 -0.78472  0.89572 A   82 
 0.46504 -0.31557  0.75541 B   83 
 0.19565 -0.47290  0.65637 L   83 
 0.70737 -0.11472  0.89807 B   84 
 0.45806 -0.05223  1.10348 L   84 
 0.93996 -0.17124  0.75034 B   85 
 1.08749 -0.38395  0.76235 S   85 
 1.19962 -0.07907  0.53605 B   86 
 1.39816 -0.05145  0.66711 S   86 
 1.10984 -0.34623  0.41597 B   87 
 1.25532 -0.58283  0.32477 D   87 
 0.85767 -0.37634  0.16002 B   88 
 0.87414 -0.15084  0.01661 I   88 
 0.79962 -0.67407  0.09613 B   89 
 1.03232 -0.79849  0.06714 T   89 
 0.54676 -0.72577  0.26974 B   90 
 0.61848 -0.75073  0.47339 A   90 
 0.36289 -0.50430  0.15010 B   91 
 0.41667 -0.29596  0.32045 S   91 
 0.37493 -0.59815 -0.14114 B   92 
 0.58454 -0.50587 -0.26869 V   92 
 0.26927 -0.88482 -0.11245 B   93 
 0.56403 -1.04641 -0.09854 N   93 
 0.00564 -0.78609  0.01504 B   94 
-0.06298 -0.76265  0.29060 X   94 
-0.08792 -0.59187 -0.20626 B   95 
 0.03647 -0.41706 -0.18854 A   95 
-0.11458 -0.80528 -0.42798 B   96 
 0.32319 -0.85347 -0.57944 K   96 
-0.35520 -0.93996 -0.28279 B   97 
-0.22598 -1.21550 -0.04676 K   97 
-0.54639 -0.69834 -0.26347 B   98 
-0.46625 -0.54217 -0.00779 I   98 
-0.56809 -0.62368 -0.57479 B   99 
-0.39284 -0.51116 -0.67696 V   99 
-0.67658 -0.93555 -0.62953 B   100 
-0.43070 -1.00302 -0.69138 S   100 
-0.96676 -0.93364 -0.47172 B   101 
-1.01201 -0.92245 -0.19745 D   101 
-1.16487 -0.73173 -0.70070 B   102 
-1.13745 -0.39421 -0.65003 B   103 
-1.39433 -0.44159 -0.45758 N   103 
-0.86554 -0.33987 -0.66225 B   104 
-0.75196 -0.01542 -0.57951 B   105 
-0.39726  0.06487 -0.72624 M   105 
-1.02083  0.05160 -0.41635 B   106 
-1.18628  0.09222 -0.69980 N   106 
-0.90477 -0.04625 -0.14131 B   107 
-0.85418 -0.24543 -0.18010 A   107 
-0.77964  0.24377 -0.16794 B   108 
-0.41639 -0.04974 -0.15623 W   108 
-0.91460  0.53010 -0.06842 B   109 
-1.06614  0.49964  0.13570 V   109 
-0.69201  0.72909 -0.16236 B   110 
-0.55093  0.73821 -0.00112 A   110 
-0.68288  0.63499 -0.45185 B   111 
-0.63637  0.37836 -0.74095 W   111 
-0.97983  0.67958 -0.52913 B   112 
-1.32442  0.52655 -0.33896 R   112 
-0.99359  0.99359 -0.41817 B   113 
-1.21447  0.91134 -0.19514 N   113 
-0.67376  1.08182 -0.54702 B   114 
-0.56560  1.28934 -0.10249 R   114 
-0.59059  0.88793 -0.81270 B   115 
-0.37064  0.80934 -0.59583 X   115 
-0.82501  0.82064 -0.96369 B   116 
-1.12170  0.48891 -0.96292 K   116 
-0.82739  0.96564 -1.28807 B   117 
-0.54230  1.05342 -1.28447 B   118 
-0.53481  1.15492 -1.04567 T   118 
-0.20574  1.15601 -1.33961 B   119 
-0.07571  1.25561 -1.57491 D   119 
-0.00224  0.90685 -1.22582 B   120 
-0.18351  0.74333 -1.17226 V   120 
 0.26212  0.95204 -1.38752 B   121 
 0.13966  0.85440 -1.77354 Q   121 
 0.36154  1.19475 -1.21368 B   122 
 0.21768  1.34101 -1.24307 A   122 
 0.48435  0.99824 -0.98339 B   123 
 0.17791  1.12669 -0.71299 W   123 
 0.74342  0.91826 -1.19825 B   124 
 0.64559  0.67271 -1.24724 I   124 
 0.87424  1.16071 -1.25608 B   125 
 0.48265  1.31791 -1.55662 R   125 
 1.22709  1.16655 -1.28886 B   126 
 1.25481  0.86567 -1.28495 B   127 
 1.08956  0.86676 -1.00732 X   127 
 1.49048  0.58737 -1.28615 B   128 
 1.71265  0.54622 -1.62293 R   128 
 1.34878  0.31493 -1.50464 B   129 
 1.17328  0.35348 -1.31703 L   129 
