246 
 0.00945 -0.85865  1.02447 B   1 
 0.42004 -0.86342  1.11183 K   1 
 0.08529 -0.61225  1.27328 B   2 
-0.15252 -0.55026  1.35558 V   2 
 0.24104 -0.33313  1.24149 B   3 
 0.47362 -0.49602  0.91394 F   3 
 0.45464 -0.11448  1.32261 B   4 
 0.55462  0.17909  1.24146 B   5 
 0.52490  0.58535  1.39530 R   5 
 0.87200  0.14950  1.25808 B   6 
 0.93431  0.37061  1.47162 X   6 
 0.86268 -0.13266  1.12805 B   7 
 0.73443 -0.46525  1.28726 E   7 
 0.74585 -0.05458  0.85240 B   8 
 0.45427 -0.07009  0.75835 L   8 
 0.94771  0.16050  0.77221 B   9 
 0.90683  0.33296  0.89768 A   9 
 1.18814 -0.02822  0.76409 B   10 
 1.23868 -0.07095  0.97253 A   10 
 1.07840 -0.22233  0.54864 B   11 
 0.94866 -0.36111  0.65287 A   11 
 1.01629 -0.01044  0.33138 B   12 
 0.60989  0.10817  0.40462 M   12 
 1.30512  0.08188  0.30882 B   13 
 1.53963  0.36986  0.53304 K   13 
 1.45115 -0.17672  0.23888 B   14 
 1.39942 -0.59098  0.41861 R   14 
 1.24909 -0.19915 -0.02085 B   15 
 1.08784 -0.51776  0.13432 H   15 
 1.27333  0.11602 -0.14558 B   16 
 1.03636  0.34626 -0.07816 B   17 
 0.78458  0.14177 -0.07170 L   17 
 1.21519  0.56818 -0.02047 B   18 
 1.31105  0.72062  0.22836 D   18 
 1.15754  0.79703 -0.26555 B   19 
 1.35444  0.95239 -0.06376 N   19 
 0.96662  0.66417 -0.43807 B   20 
 0.95686  0.28318 -0.66160 Y   20 
 0.88320  0.85630 -0.68877 B   21 
 0.87367  0.57242 -1.06939 R   21 
 0.91558  1.09876 -0.45197 B   22 
 0.81962  0.93464 -0.18954 B   23 
 0.42795  1.00909 -0.43925 Y   23 
 0.83578  0.95798  0.11273 B   24 
 0.86114  1.16409  0.22125 S   24 
 0.81330  0.74161  0.36593 B   25 
 1.02615  0.54681  0.48964 L   25 
 0.57352  0.88532  0.51639 B   26 
 0.36183  0.83103  0.29750 B   27 
 0.42331  1.10879  0.11591 N   27 
 0.35642  0.52349  0.31397 B   28 
 0.53535  0.46315 -0.09023 W   28 
 0.28632  0.50346  0.61295 B   29 
 0.49677  0.49672  0.76543 V   29 
 0.03137  0.67171  0.59955 B   30 
-0.01904  0.94449  0.60473 X   30 
-0.12197  0.49185  0.40362 B   31 
-0.03724  0.53198  0.20599 A   31 
-0.11578  0.22681  0.56313 B   32 
 0.08185  0.14477  0.54011 A   32 
-0.26633  0.33741  0.80627 B   33 
-0.26462  0.46178  1.12397 K   33 
-0.54260  0.42796  0.63623 B   34 
-0.47610  0.79487  0.80935 F   34 
-0.58713  0.15131  0.48152 B   35 
-0.54203  0.28830  0.16045 E   35 
-0.49403 -0.08674  0.72903 B   36 
-0.33503 -0.17827  0.60464 S   36 
-0.35049 -0.02864  1.00016 B   37 
-0.51330  0.06334  1.21765 N   37 
-0.09746 -0.22758  0.95101 B   38 
 0.06912  0.13372  1.06280 F   38 
-0.27003 -0.47136  0.80872 B   39 
-0.44808 -0.63761  0.98488 N   39 
-0.20614 -0.74267  0.60247 B   40 
 0.02066 -0.81608  0.67535 T   40 
-0.51610 -0.87642  0.63436 B   41 
-0.42902 -1.18818  0.86802 Q   41 
-0.66325 -0.66013  0.49545 B   42 
-0.65143 -0.48223  0.60905 A   42 
-1.00963 -0.65060  0.38023 B   43 
-0.98100 -0.88855  0.33068 T   43 
-1.20855 -0.49012  0.10635 B   44 
-1.14703 -0.29827  0.37721 N   44 
-1.50497 -0.43901 -0.02198 B   45 
-1.68306 -0.85541 -0.24991 R   45 
-1.62745 -0.33487 -0.32879 B   46 
-1.30893 -0.20902 -0.33460 N   46 
-1.88030 -0.21400 -0.51638 B   47 
-1.98413  0.00872 -0.43653 T   47 
-1.74536 -0.35503 -0.78778 B   48 
-1.50817 -0.24061 -0.81920 D   48 
-1.64400 -0.64786 -0.64146 B   49 
-1.39422 -0.59625 -0.54610 B   50 
-1.26006 -0.43583 -0.67522 S   50 
-1.06815 -0.61095 -0.35872 B   51 
-1.20680 -0.79078 -0.20853 T   51 
-0.88298 -0.51532 -0.08703 B   52 
-0.91419 -0.19076 -0.19475 D   52 
-0.52560 -0.57179 -0.01112 B   53 
-0.79071 -0.93777 -0.17396 Y   53 
-0.36026 -0.51986  0.26071 B   54 
-0.14926 -0.26012  0.37227 B   55 
 0.08101 -0.30729  0.50894 I   55 
-0.23296 -0.11223  0.06414 B   56 
 0.06364  0.01153  0.06949 L   56 
-0.49651 -0.18401 -0.06928 B   57 
-0.70884 -0.21780  0.20134 Q   57 
-0.48874 -0.38198 -0.31000 B   58 
-0.18776 -0.37205 -0.38342 I   58 
-0.65930 -0.42362 -0.60580 B   59 
-0.91783 -0.28229 -0.68329 N   59 
-0.83815 -0.68425 -0.79298 B   60 
-0.98820 -0.77553 -0.64572 S   60 
-0.89479 -0.53798 -1.07854 B   61 
-1.30921 -0.43315 -1.12179 R   61 
-0.56078 -0.48369 -1.13661 B   62 
-0.78341 -0.12388 -1.30638 W   62 
-0.32647 -0.64136 -0.94070 B   63 
-0.25868 -0.20975 -0.97439 W   63 
-0.49308 -0.90068 -0.83627 B   64 
-0.45977 -0.86878 -0.58026 X   64 
-0.59149 -1.24199 -0.77061 B   65 
-0.68309 -1.42219 -0.98823 N   65 
-0.92143 -1.38306 -0.62985 B   66 
-1.03585 -1.14507 -0.57562 D   66 
-1.14462 -1.53174 -0.82585 B   67 
-1.39462 -1.27104 -0.79250 B   68 
-1.45868 -1.21529 -0.32632 R   68 
-1.30367 -1.05720 -1.04314 B   69 
-1.22133 -0.89722 -0.86187 T   69 
-1.43531 -0.94209 -1.29794 B   70 
-1.62751 -0.99648 -1.22132 P   70 
-1.21692 -0.80583 -1.51941 B   71 
-0.93937 -0.86970 -1.42826 B   72 
-0.95358 -0.98752 -1.22239 S   72 
-0.56070 -0.82242 -1.43805 B   73 
-0.56455 -0.62622 -1.73665 R   73 
-0.29889 -0.88185 -1.26746 B   74 
-0.26397 -1.12182 -1.12908 N   74 
-0.02986 -0.68598 -1.28337 B   75 
-0.18705 -0.45244 -1.44313 L   75 
 0.14091 -0.82893 -1.03637 B   76 
 0.11007 -0.56945 -0.86839 X   76 
 0.12105 -1.12742 -1.05782 B   77 
 0.20491 -1.28220 -1.26627 N   77 
-0.09176 -1.21008 -0.80523 B   78 
 0.13561 -1.13058 -0.63591 I   78 
-0.21559 -1.33166 -0.53980 B   79 
-0.13333 -1.52260 -0.56114 P   79 
-0.38914 -1.15750 -0.31307 B   80 
-0.61224 -1.02824 -0.49553 X   80 
-0.28387 -1.32570 -0.06504 B   81 
-0.34298 -1.54849 -0.13090 S   81 
 0.01260 -1.22377 -0.07878 B   82 
 0.08843 -1.30193 -0.25894 A   82 
-0.09012 -0.93627  0.04207 B   83 
-0.12456 -0.78523 -0.24625 L   83 
-0.11959 -1.08730  0.35149 B   84 
-0.43674 -1.08153  0.26410 L   84 
 0.14611 -1.12445  0.43601 B   85 
 0.31677 -1.29941  0.34987 S   85 
 0.41170 -1.06521  0.65463 B   86 
 0.43461 -1.25604  0.79750 S   86 
 0.54735 -1.03912  0.38118 B   87 
 0.79586 -1.14642  0.27078 D   87 
 0.57623 -0.72840  0.20054 B   88 
 0.58944 -0.53772  0.38803 I   88 
 0.70635 -0.77338 -0.07721 B   89 
 0.92049 -0.92661 -0.04348 T   89 
 0.45552 -0.78937 -0.26045 B   90 
 0.37336 -0.98852 -0.23163 A   90 
 0.33108 -0.51183 -0.19224 B   91 
 0.16383 -0.58038  0.01427 S   91 
 0.57267 -0.34128 -0.27175 B   92 
 0.74920 -0.31972 -0.07916 V   92 
 0.60678 -0.42504 -0.56499 B   93 
 0.84571 -0.65826 -0.52371 N   93 
 0.31812 -0.33900 -0.63409 B   94 
 0.08130 -0.49706 -0.64527 X   94 
 0.32875 -0.04526 -0.53894 B   95 
 0.32125 -0.05204 -0.32389 A   95 
 0.54926  0.04488 -0.73557 B   96 
 0.94035 -0.09477 -0.52474 K   96 
 0.35932  0.00915 -0.98003 B   97 
 0.39435 -0.34799 -1.11986 K   97 
 0.12881  0.19598 -0.89478 B   98 
-0.05790  0.02870 -0.71219 I   98 
 0.29349  0.46892 -0.85794 B   99 
 0.42347  0.49825 -0.66806 V   99 
 0.39225  0.43804 -1.17626 B   100 
 0.61302  0.32571 -1.08981 S   100 
 0.10689  0.47567 -1.33833 B   101 
-0.10962  0.30113 -1.34587 D   101 
 0.05512  0.83367 -1.29819 B   102 
-0.10142  0.92110 -1.00649 B   103 
-0.36915  0.89506 -1.18791 N   103 
 0.05176  0.80856 -0.80424 B   104 
-0.06785  0.82120 -0.47175 B   105 
 0.21585  0.77515 -0.20494 M   105 
-0.37057  0.87048 -0.56837 B   106 
-0.29905  1.18485 -0.64201 N   106 
-0.44322  0.56485 -0.57027 B   107 
-0.30375  0.48447 -0.70379 A   107 
-0.46810  0.63815 -0.26290 B   108 
-0.13103  0.31574 -0.28880 W   108 
-0.73627  0.75427 -0.10570 B   109 
-0.95395  0.67077 -0.21153 V   109 
-0.61838  0.78817  0.18226 B   110 
-0.64346  0.59777  0.27769 A   110 
-0.37965  0.95885  0.10091 B   111 
-0.05103  1.04227 -0.09053 W   111 
-0.52908  1.19182 -0.03886 B   112 
-0.80564  1.17028 -0.35725 R   112 
-0.74171  1.24671  0.21189 B   113 
-0.99339  1.16454  0.02426 N   113 
-0.49477  1.20917  0.46543 B   114 
-0.81215  0.90839  0.71277 R   114 
-0.18520  1.28176  0.34714 B   115 
-0.16281  0.97213  0.41937 X   115 
-0.20044  1.48996  0.15042 B   116 
-0.24662  1.50947 -0.29180 K   116 
-0.04417  1.79140  0.25515 B   117 
 0.09270  1.67399  0.49278 B   118 
-0.10485  1.53509  0.58803 T   118 
 0.29456  1.57893  0.77037 B   119 
 0.49136  1.72548  0.91866 D   119 
 0.44645  1.28387  0.69092 B   120 
 0.36645  1.27265  0.45441 V   120 
 0.69907  1.28226  0.87602 B   121 
 0.92299  1.59269  0.71161 Q   121 
 0.54338  1.20115  1.13716 B   122 
 0.41409  1.35957  1.17090 A   122 
 0.54567  0.88431  1.05753 B   123 
 0.12248  0.89947  0.99268 W   123 
 0.88239  0.87315  1.13608 B   124 
 0.95647  0.85978  0.87800 I   124 
 0.90159  0.94688  1.40707 B   125 
 0.79717  1.44189  1.29552 R   125 
 1.13845  0.78665  1.61644 B   126 
 1.27719  0.64471  1.38858 B   127 
 0.98872  0.52709  1.30298 X   127 
 1.53809  0.40574  1.30015 B   128 
 1.91785  0.52048  1.38433 R   128 
 1.70997  0.53005  0.98863 B   129 
 1.46010  0.49999  0.92423 L   129 
