246 
-0.47240  1.15332  0.48332 B   1 
-0.88478  1.08569  0.44331 K   1 
-0.60373  1.01133  0.78492 B   2 
-0.40568  1.04922  0.94774 V   2 
-0.70511  0.71167  0.84067 B   3 
-0.82205  0.67005  0.42532 F   3 
-0.90734  0.49425  0.94950 B   4 
-0.93772  0.17711  0.98499 B   5 
-0.91913 -0.11603  1.30643 R   5 
-1.24122  0.12817  0.89913 B   6 
-1.35027 -0.00153  1.16306 X   6 
-1.21807  0.33054  0.66435 B   7 
-1.19382  0.71960  0.68546 E   7 
-1.00236  0.18515  0.49684 B   8 
-0.70020  0.23758  0.48953 L   8 
-1.13644 -0.08825  0.47005 B   9 
-1.12386 -0.18225  0.66541 A   9 
-1.37780  0.01409  0.31271 B   10 
-1.50402  0.11928  0.45703 A   10 
-1.22104  0.13131  0.07224 B   11 
-1.15377  0.32781  0.13403 A   11 
-1.06176 -0.12424 -0.00045 B   12 
-0.69777 -0.09670  0.22615 M   12 
-1.31097 -0.28898 -0.05710 B   13 
-1.57589 -0.51808  0.19890 K   13 
-1.45064 -0.12427 -0.27264 B   14 
-1.51390  0.32542 -0.29165 R   14 
-1.17300 -0.15255 -0.44845 B   15 
-1.11513  0.23106 -0.41548 H   15 
-1.11515 -0.48617 -0.41964 B   16 
-0.89349 -0.60334 -0.19415 B   17 
-0.68559 -0.35492 -0.21169 L   17 
-1.05474 -0.82375 -0.09427 B   18 
-1.21529 -0.88761  0.15968 D   18 
-0.88774 -1.10619 -0.18423 B   19 
-1.12480 -1.21674  0.00340 N   19 
-0.66412 -1.00585 -0.33849 B   20 
-0.61834 -0.75182 -0.69708 Y   20 
-0.47538 -1.25130 -0.44269 B   21 
-0.36262 -1.14391 -0.89137 R   21 
-0.56258 -1.38325 -0.14121 B   22 
-0.58606 -1.11202  0.03455 B   23 
-0.12527 -1.17357 -0.03742 Y   23 
-0.70648 -1.02039  0.29776 B   24 
-0.74543 -1.16776  0.47571 S   24 
-0.80070 -0.72528  0.42213 B   25 
-1.06433 -0.55967  0.38173 L   25 
-0.61594 -0.73304  0.68017 B   26 
-0.34759 -0.71487  0.52742 B   27 
-0.30817 -1.04682  0.48088 N   27 
-0.38333 -0.43457  0.40480 B   28 
-0.41150 -0.58282 -0.01503 W   28 
-0.42752 -0.28360  0.66930 B   29 
-0.67788 -0.27296  0.73848 V   29 
-0.16732 -0.37236  0.80312 B   30 
-0.09152 -0.59917  0.94379 X   30 
 0.02449 -0.24904  0.59756 B   31 
 0.02117 -0.38253  0.42431 A   31 
-0.06832  0.04573  0.61253 B   32 
-0.25258  0.05877  0.50212 A   32 
-0.00316  0.08009  0.91018 B   33 
-0.10425  0.09184  1.23583 K   33 
 0.32400  0.00531  0.88167 B   34 
 0.24204 -0.27025  1.17555 F   34 
 0.38924  0.20233  0.63799 B   35 
 0.47776 -0.05438  0.41405 E   35 
 0.18745  0.48476  0.71620 B   36 
 0.07417  0.47709  0.52584 S   36 
-0.03597  0.50084  0.93373 B   37 
 0.04762  0.54497  1.20454 N   37 
-0.27549  0.59319  0.73344 B   38 
-0.42893  0.27325  0.94528 F   38 
-0.09228  0.79878  0.55007 B   39 
-0.00906  1.05975  0.67392 N   39 
-0.10851  0.94333  0.23532 B   40 
-0.35313  0.97819  0.20238 T   40 
 0.15226  1.15382  0.28706 B   41 
-0.04735  1.49778  0.32204 Q   41 
 0.36284  0.94642  0.30624 B   42 
 0.33144  0.82948  0.47954 A   42 
 0.72621  0.98259  0.30714 B   43 
 0.69042  1.16703  0.15030 T   43 
 1.02673  0.78595  0.20057 B   44 
 0.89460  0.70448  0.50034 N   44 
 1.35319  0.76739  0.19534 B   45 
 1.55257  1.09437 -0.13690 R   45 
 1.58823  0.58835  0.01457 B   46 
 1.30931  0.39271 -0.02089 N   46 
 1.90339  0.47392 -0.02164 B   47 
 1.99633  0.33398  0.17467 T   47 
 1.85936  0.45966 -0.35272 B   48 
 1.66369  0.28519 -0.39288 D   48 
 1.67990  0.74951 -0.38745 B   49 
 1.42010  0.67632 -0.35140 B   50 
 1.36009  0.44992 -0.42586 S   50 
 1.04917  0.67776 -0.28769 B   51 
 1.10361  0.93064 -0.20280 T   51 
 0.79122  0.65011 -0.06421 B   52 
 0.89545  0.32897 -0.00156 D   52 
 0.42639  0.63756 -0.12264 B   53 
 0.68888  0.96730 -0.35309 Y   53 
 0.18182  0.65378  0.08675 B   54 
-0.02423  0.41234  0.24065 B   55 
-0.29190  0.44763  0.27282 I   55 
 0.18029  0.18405  0.06781 B   56 
-0.08254  0.00021  0.04691 L   56 
 0.46417  0.26399 -0.00591 B   57 
 0.56041  0.45278  0.26714 Q   57 
 0.52060  0.34469 -0.30173 B   58 
 0.26897  0.23025 -0.44195 I   58 
 0.77976  0.31145 -0.52545 B   59 
 1.06314  0.22278 -0.45727 N   59 
 0.98293  0.51627 -0.75287 B   60 
 1.05903  0.69248 -0.62759 S   60 
 1.15412  0.29116 -0.91463 B   61 
 1.56563  0.28810 -0.79111 R   61 
 0.87142  0.13484 -1.03090 B   62 
 1.17928 -0.19226 -0.95291 W   62 
 0.56629  0.28985 -0.99907 B   63 
 0.56442 -0.12308 -0.85242 W   63 
 0.65401  0.60273 -0.98117 B   64 
 0.53520  0.66454 -0.75816 X   64 
 0.68307  0.95582 -1.05170 B   65 
 0.82536  1.05521 -1.29273 N   65 
 0.92260  1.21988 -0.90516 B   66 
 1.03624  1.05925 -0.72089 D   66 
 1.18272  1.33348 -1.07769 B   67 
 1.43209  1.17953 -0.86394 B   68 
 1.33111  1.32622 -0.42482 R   68 
 1.46164  0.87006 -1.00598 B   69 
 1.33863  0.77696 -0.80242 T   69 
 1.68782  0.70369 -1.13507 B   70 
 1.83243  0.83081 -1.04180 P   70 
 1.58001  0.44146 -1.32194 B   71 
 1.28290  0.46186 -1.34892 B   72 
 1.20910  0.64926 -1.22282 S   72 
 0.94073  0.31887 -1.43948 B   73 
 1.07331  0.03091 -1.60433 R   73 
 0.63031  0.36998 -1.39258 B   74 
 0.52125  0.62701 -1.39217 N   74 
 0.40881  0.12112 -1.39166 B   75 
 0.63811 -0.10702 -1.37974 L   75 
 0.14599  0.29911 -1.29239 B   76 
 0.14392  0.14178 -1.02454 X   76 
 0.13823  0.56048 -1.43926 B   77 
 0.11748  0.59579 -1.70900 N   77 
 0.23582  0.78576 -1.20336 B   78 
-0.02648  0.72211 -1.08574 I   78 
 0.24192  1.02762 -0.99832 B   79 
 0.15165  1.16748 -1.12470 P   79 
 0.34147  1.00523 -0.67982 B   80 
 0.62817  0.87771 -0.71603 X   80 
 0.13613  1.22282 -0.57313 B   81 
 0.18923  1.41009 -0.71305 S   81 
-0.12222  1.05100 -0.62004 B   82 
-0.13696  1.03136 -0.82911 A   82 
-0.03763  0.86916 -0.36005 B   83 
 0.11451  0.63305 -0.52809 L   83 
-0.13807  1.12981 -0.15661 B   84 
 0.18783  1.17254 -0.14171 L   84 
-0.41879  1.12703 -0.17399 B   85 
-0.56603  1.20504 -0.37246 S   85 
-0.73645  1.09050 -0.03397 B   86 
-0.83040  1.30880 -0.00439 S   86 
-0.76146  0.92715 -0.29194 B   87 
-0.96451  0.91584 -0.50194 D   87 
-0.68843  0.57474 -0.31395 B   88 
-0.74609  0.47460 -0.07243 I   88 
-0.71483  0.47414 -0.60598 B   89 
-0.94276  0.56790 -0.70461 T   89 
-0.41861  0.48217 -0.70052 B   90 
-0.37532  0.69089 -0.74298 A   90 
-0.29619  0.29445 -0.48385 B   91 
-0.22276  0.47777 -0.29326 S   91 
-0.47237  0.05058 -0.54091 B   92 
-0.70244  0.06031 -0.41562 V   92 
-0.40864  0.00305 -0.83729 B   93 
-0.67132  0.16426 -0.97219 N   93 
-0.10659 -0.02564 -0.77857 B   94 
 0.09902  0.17099 -0.79436 X   94 
-0.11717 -0.25204 -0.56862 B   95 
-0.18788 -0.16125 -0.38668 A   95 
-0.24106 -0.46437 -0.75565 B   96 
-0.69481 -0.35988 -0.74588 K   96 
 0.01837 -0.47809 -0.92777 B   97 
-0.00458 -0.22444 -1.21668 K   97 
 0.22275 -0.55158 -0.70836 B   98 
 0.31158 -0.28498 -0.57715 I   98 
 0.08786 -0.82160 -0.59945 B   99 
-0.09720 -0.80783 -0.46025 V   99 
 0.10663 -0.94228 -0.91108 B   100 
-0.14167 -0.86614 -0.94831 S   100 
 0.43337 -0.96474 -0.95409 B   101 
 0.61698 -0.75731 -0.97974 D   101 
 0.50758 -1.25325 -0.74504 B   102 
 0.55830 -1.17810 -0.41485 B   103 
 0.86840 -1.15613 -0.50773 N   103 
 0.33123 -1.03980 -0.33519 B   104 
 0.32466 -0.89214 -0.01399 B   105 
-0.03895 -0.82144  0.11479 M   105 
 0.64540 -0.89525  0.00866 B   106 
 0.64107 -1.22062  0.06765 N   106 
 0.67879 -0.60645 -0.11036 B   107 
 0.58814 -0.62249 -0.29815 A   107 
 0.60026 -0.54657  0.19083 B   108 
 0.26051 -0.35744 -0.06808 W   108 
 0.80580 -0.52000  0.44997 B   109 
 1.03597 -0.43083  0.38193 V   109 
 0.59740 -0.46938  0.67795 B   110 
 0.56494 -0.25742  0.68048 A   110 
 0.42454 -0.71335  0.62017 B   111 
 0.19781 -0.94550  0.40500 W   111 
 0.63943 -0.93528  0.64672 B   112 
 1.00720 -0.96779  0.44176 R   112 
 0.75311 -0.83266  0.94278 B   113 
 1.04418 -0.76745  0.81503 N   113 
 0.42928 -0.76515  1.07414 B   114 
 0.60096 -0.32171  1.23619 R   114 
 0.19284 -0.95463  0.92152 B   115 
 0.11116 -0.65814  0.83781 X   115 
 0.30091 -1.21103  0.85185 B   116 
 0.50404 -1.38686  0.49703 K   116 
 0.15276 -1.47800  1.03361 B   117 
-0.07239 -1.31755  1.14564 B   118 
 0.06093 -1.10698  1.21827 T   118 
-0.36954 -1.17822  1.28393 B   119 
-0.58838 -1.30154  1.42213 D   119 
-0.51538 -0.98636  1.04235 B   120 
-0.35792 -1.04700  0.85797 V   120 
-0.81591 -0.97854  1.13007 B   121 
-0.92951 -1.37456  1.06843 Q   121 
-0.77416 -0.76602  1.35833 B   122 
-0.64842 -0.86019  1.49350 A   122 
-0.78372 -0.51648  1.14767 B   123 
-0.36653 -0.44614  1.21493 W   123 
-1.12521 -0.56286  1.11748 B   124 
-1.10312 -0.66949  0.87170 I   124 
-1.23155 -0.52873  1.37588 B   125 
-1.03876 -0.98358  1.53182 R   125 
-1.54413 -0.36691  1.41731 B   126 
-1.60736 -0.36457  1.12183 B   127 
-1.32268 -0.21917  1.07500 X   127 
-1.84468 -0.25390  0.86800 B   128 
-2.21381 -0.42076  0.88738 R   128 
-1.87854 -0.52828  0.61185 B   129 
-1.62729 -0.46224  0.61184 L   129 
