246 
-0.53579  0.96257 -0.75716 B   1 
-0.76646  0.72936 -1.01915 K   1 
-0.86799  0.92474 -0.62834 B   2 
-0.86850  1.10266 -0.43989 V   2 
-1.00817  0.66483 -0.50197 B   3 
-0.76133  0.40739 -0.74836 F   3 
-1.24246  0.45530 -0.46700 B   4 
-1.32511  0.20017 -0.29140 B   5 
-1.59766  0.10618  0.03491 R   5 
-1.45081  0.00505 -0.51051 B   6 
-1.73851 -0.03019 -0.39067 X   6 
-1.23045  0.07847 -0.71705 B   7 
-1.18745  0.41407 -0.91180 E   7 
-0.98362 -0.02757 -0.56354 B   8 
-0.78574  0.12998 -0.38996 L   8 
-1.07664 -0.31419 -0.51221 B   9 
-1.23187 -0.30222 -0.36083 A   9 
-1.09104 -0.39238 -0.80745 B   10 
-1.26925 -0.29410 -0.88752 A   10 
-0.79365 -0.33864 -0.87683 B   11 
-0.77788 -0.12577 -0.91416 A   11 
-0.66810 -0.51588 -0.65596 B   12 
-0.61725 -0.25432 -0.31893 M   12 
-0.79635 -0.77168 -0.75879 B   13 
-1.18528 -0.95216 -0.69274 K   13 
-0.69562 -0.78426 -1.04651 B   14 
-0.66835 -0.45058 -1.35393 R   14 
-0.39078 -0.77423 -0.92096 B   15 
-0.33694 -0.42488 -1.08420 H   15 
-0.41574 -1.01121 -0.67870 B   16 
-0.46827 -0.92362 -0.35733 B   17 
-0.29808 -0.64752 -0.36425 L   17 
-0.67067 -1.12342 -0.29673 B   18 
-0.97479 -1.12938 -0.25410 D   18 
-0.52997 -1.32695 -0.06321 B   19 
-0.83490 -1.42923 -0.07674 N   19 
-0.26050 -1.22396 -0.03782 B   20 
 0.07620 -1.15262 -0.31487 Y   20 
-0.09107 -1.39496  0.18304 B   21 
 0.34032 -1.45558 -0.00611 R   21 
-0.39482 -1.40743  0.33629 B   22 
-0.51524 -1.12026  0.24657 B   23 
-0.18225 -1.02139  0.56383 Y   23 
-0.78406 -0.97986  0.23258 B   24 
-0.96358 -1.03896  0.37107 S   24 
-0.90528 -0.72286  0.05739 B   25 
-1.01730 -0.70808 -0.23551 L   25 
-0.99340 -0.54655  0.30627 B   26 
-0.70694 -0.49242  0.40963 B   27 
-0.68435 -0.76751  0.60385 N   27 
-0.60135 -0.33044  0.16985 B   28 
-0.30851 -0.64206  0.04270 W   28 
-0.81742 -0.11137  0.17488 B   29 
-1.02439 -0.17079  0.02922 V   29 
-0.77152 -0.02483  0.46453 B   30 
-0.86038 -0.11986  0.70958 X   30 
-0.47905  0.06251  0.43163 B   31 
-0.36136 -0.12179  0.42592 A   31 
-0.51419  0.27293  0.20755 B   32 
-0.54019  0.16435  0.02357 A   32 
-0.70205  0.45384  0.36880 B   33 
-1.01676  0.56342  0.44198 K   33 
-0.48680  0.50838  0.62204 B   34 
-0.79782  0.37766  0.85697 F   34 
-0.23417  0.59006  0.44325 B   35 
-0.03449  0.31948  0.54717 E   35 
-0.38715  0.77497  0.18057 B   36 
-0.30950  0.64298  0.02033 S   36 
-0.69249  0.79403  0.11812 B   37 
-0.84697  0.97860  0.27414 N   37 
-0.67344  0.69003 -0.18983 B   38 
-0.96966  0.46011 -0.01613 F   38 
-0.39414  0.85056 -0.26519 B   39 
-0.40952  1.14878 -0.29983 N   39 
-0.14234  0.82725 -0.50242 B   40 
-0.26341  0.74607 -0.70463 T   40 
 0.00209  1.12274 -0.41992 B   41 
-0.10882  1.34014 -0.73585 Q   41 
 0.09319  1.04411 -0.14928 B   42 
-0.07458  1.01077 -0.02504 A   42 
 0.32052  1.21581  0.07916 B   43 
 0.44178  1.28499 -0.12185 T   43 
 0.56626  1.12721  0.34768 B   44 
 0.24192  1.13761  0.44073 N   44 
 0.76936  1.23726  0.57916 B   45 
 1.18852  1.43929  0.37780 R   45 
 1.03458  1.10567  0.75894 B   46 
 0.86797  0.82217  0.66304 N   46 
 1.24391  1.11991  1.02297 B   47 
 1.13219  1.12621  1.25586 T   47 
 1.47314  0.94931  0.84946 B   48 
 1.36391  0.71354  0.79634 D   48 
 1.42277  1.10062  0.54615 B   49 
 1.22623  0.95501  0.42650 B   50 
 1.22137  0.71518  0.47999 S   50 
 0.94818  0.83868  0.20109 B   51 
 0.94450  1.10239  0.13353 T   51 
 0.61193  0.81117  0.14259 B   52 
 0.59061  0.61695  0.42498 D   52 
 0.43122  0.63352 -0.12659 B   53 
 0.81026  0.90603 -0.23977 Y   53 
 0.11921  0.64096 -0.20731 B   54 
-0.15530  0.42966 -0.14070 B   55 
-0.34126  0.36772 -0.32913 I   55 
 0.07930  0.24942  0.04981 B   56 
-0.08739 -0.01196 -0.03512 L   56 
 0.32082  0.39380  0.16487 B   57 
 0.18894  0.70217  0.24839 Q   57 
 0.59533  0.35491  0.02228 B   58 
 0.53646  0.10337 -0.14901 I   58 
 0.92556  0.33316  0.11608 B   59 
 1.03690  0.40070  0.39150 N   59 
 1.25139  0.48200  0.03466 B   60 
 1.22081  0.70896  0.04395 S   60 
 1.45718  0.29607  0.20563 B   61 
 1.61415  0.50709  0.54540 R   61 
 1.35571  0.00853  0.04784 B   62 
 1.44722 -0.10449  0.47993 W   62 
 1.16062  0.02940 -0.23438 B   63 
 0.99796 -0.24507  0.06599 W   63 
 1.23651  0.32631 -0.34392 B   64 
 0.99659  0.42581 -0.35827 X   64 
 1.34976  0.59521 -0.55688 B   65 
 1.63663  0.62853 -0.62628 N   65 
 1.41336  0.96667 -0.47597 B   66 
 1.32143  0.95904 -0.22267 D   66 
 1.72108  1.08690 -0.44150 B   67 
 1.69057  1.15030 -0.08566 B   68 
 1.30294  1.41850 -0.03714 R   68 
 1.78407  0.84879  0.04537 B   69 
 1.53900  0.81207  0.10723 T   69 
 2.00500  0.74620  0.23553 B   70 
 2.03597  0.94618  0.30492 P   70 
 2.05420  0.41036  0.22523 B   71 
 1.89448  0.29947 -0.00195 B   72 
 1.77217  0.47740 -0.10119 S   72 
 1.73785  0.01059 -0.19623 B   73 
 1.91507 -0.24295 -0.01739 R   73 
 1.51588 -0.04883 -0.41616 B   74 
 1.47776  0.11826 -0.63658 N   74 
 1.35021 -0.33771 -0.42590 B   75 
 1.45612 -0.42905 -0.13399 L   75 
 1.13126 -0.25273 -0.66137 B   76 
 0.90328 -0.26704 -0.45086 X   76 
 1.27083 -0.10563 -0.88235 B   77 
 1.47228 -0.20047 -1.04003 N   77 
 1.17290  0.21709 -0.83563 B   78 
 0.91235  0.11321 -0.92509 I   78 
 1.04455  0.50440 -0.87503 B   79 
 1.10341  0.52903 -1.07405 P   79 
 0.85514  0.66141 -0.64848 B   80 
 1.04543  0.65387 -0.39648 X   80 
 0.67036  0.80430 -0.86373 B   81 
 0.83352  0.91772 -0.99780 S   81 
 0.52807  0.54333 -0.96432 B   82 
 0.67966  0.43203 -1.05891 A   82 
 0.35680  0.53949 -0.68420 B   83 
 0.55448  0.33447 -0.52289 L   83 
 0.16619  0.79985 -0.80789 B   84 
 0.36027  0.96825 -0.60241 L   84 
 0.00643  0.68056 -1.00630 B   85 
 0.07929  0.60168 -1.24215 S   85 
-0.30259  0.58677 -1.13879 B   86 
-0.35857  0.74068 -1.31353 S   86 
-0.13566  0.33340 -1.18114 B   87 
-0.09843  0.15499 -1.40971 D   87 
-0.11381  0.06526 -0.94107 B   88 
-0.34900  0.06457 -0.81313 I   88 
 0.08597 -0.15210 -1.03561 B   89 
 0.03311 -0.20689 -1.28992 T   89 
 0.34309 -0.07043 -0.88078 B   90 
 0.42672  0.09840 -0.98916 A   90 
 0.22821 -0.08284 -0.59127 B   91 
 0.14591  0.17685 -0.55796 S   91 
 0.13622 -0.37480 -0.59937 B   92 
-0.10206 -0.40301 -0.70495 V   92 
 0.40102 -0.51559 -0.66438 B   93 
 0.36272 -0.54451 -0.99737 N   93 
 0.53809 -0.39594 -0.41459 B   94 
 0.69958 -0.16219 -0.39286 X   94 
 0.34207 -0.49467 -0.19716 B   95 
 0.16711 -0.37035 -0.21386 A   95 
 0.38719 -0.79618 -0.24687 B   96 
 0.11193 -0.88393 -0.61216 K   96 
 0.67961 -0.77981 -0.14036 B   97 
 0.91960 -0.70577 -0.43233 K   97 
 0.62616 -0.66597  0.14159 B   98 
 0.60914 -0.35782  0.11095 I   98 
 0.42729 -0.89204  0.25253 B   99 
 0.20636 -0.89344  0.18180 V   99 
 0.66789 -1.11653  0.19133 B   100 
 0.55261 -1.16734 -0.03880 S   100 
 0.90017 -1.02573  0.40793 B   101 
 1.05702 -0.79598  0.40398 D   101 
 0.74999 -1.14236  0.71824 B   102 
 0.53254 -0.91991  0.86133 B   103 
 0.79851 -0.82074  1.01848 N   103 
 0.34637 -0.86171  0.66388 B   104 
 0.10891 -0.60637  0.72247 B   105 
-0.20741 -0.63552  0.49249 M   105 
 0.28854 -0.47402  0.95402 B   106 
 0.20268 -0.71563  1.16287 N   106 
 0.43490 -0.27658  0.75834 B   107 
 0.52354 -0.40546  0.61952 A   107 
 0.15865 -0.12944  0.80842 B   108 
 0.17269 -0.21879  0.35011 W   108 
 0.08640  0.08342  1.05250 B   109 
 0.29145  0.21679  1.12817 V   109 
-0.21388  0.14097  0.98550 B   110 
-0.21160  0.30214  0.84405 A   110 
-0.30327 -0.15008  0.97940 B   111 
-0.30185 -0.51994  0.85771 W   111 
-0.21693 -0.23571  1.26462 B   112 
 0.16569 -0.20644  1.44089 R   112 
-0.36585  0.01909  1.41954 B   113 
-0.07948  0.13114  1.52317 N   113 
-0.66003  0.00396  1.21978 B   114 
-0.62980  0.50178  1.15947 R   114 
-0.70846 -0.30810  1.09584 B   115 
-0.65965 -0.13420  0.83323 X   115 
-0.61691 -0.50474  1.28353 B   116 
-0.23535 -0.72071  1.36002 K   116 
-0.88036 -0.70230  1.41701 B   117 
-1.08805 -0.61143  1.22310 B   118 
-1.03841 -0.35668  1.22792 T   118 
-1.36298 -0.55463  1.00395 B   119 
-1.61961 -0.68137  0.98753 D   119 
-1.24264 -0.55866  0.68466 B   120 
-1.00887 -0.62558  0.74246 V   120 
-1.49528 -0.63202  0.51476 B   121 
-1.56255 -1.02552  0.63382 Q   121 
-1.62312 -0.34475  0.52705 B   122 
-1.66174 -0.31455  0.72841 A   122 
-1.43632 -0.23533  0.28237 B   123 
-1.22362  0.01364  0.55859 W   123 
-1.62852 -0.41935  0.06130 B   124 
-1.43557 -0.60290  0.02453 I   124 
-1.89149 -0.32237  0.08739 B   125 
-1.94624 -0.55105  0.54901 R   125 
-2.09788 -0.29476 -0.19940 B   126 
-1.90632 -0.44408 -0.37918 B   127 
-1.67777 -0.23451 -0.28845 X   127 
-1.84209 -0.55521 -0.72053 B   128 
-2.10373 -0.82698 -0.86940 R   128 
-1.69474 -0.90175 -0.70503 B   129 
-1.53236 -0.74986 -0.57067 L   129 
