246 
-0.30063 -0.19372 -1.28802 B   1 
-0.27522 -0.61234 -1.30667 K   1 
-0.62186 -0.33950 -1.22531 B   2 
-0.77505 -0.13122 -1.24327 V   2 
-0.72474 -0.50021 -0.96692 B   3 
-0.32205 -0.64083 -0.88952 F   3 
-0.86801 -0.73949 -0.81781 B   4 
-0.95301 -0.83551 -0.52401 B   5 
-1.31624 -0.86649 -0.28589 R   5 
-0.87846 -1.14581 -0.53002 B   6 
-1.16037 -1.26882 -0.46862 X   6 
-0.61468 -1.08985 -0.68462 B   7 
-0.57436 -0.98202 -1.05765 E   7 
-0.47019 -0.91755 -0.47210 B   8 
-0.45219 -0.61175 -0.45568 L   8 
-0.48772 -1.10804 -0.23368 B   9 
-0.69528 -1.10761 -0.16982 A   9 
-0.31834 -1.32835 -0.36119 B   10 
-0.44546 -1.42291 -0.51194 A   10 
-0.06115 -1.16046 -0.40370 B   11 
-0.09082 -1.05014 -0.58784 A   11 
-0.02805 -1.06279 -0.11160 B   12 
-0.24443 -0.69208 -0.09305 M   12 
-0.00003 -1.34366  0.00147 B   13 
-0.29101 -1.64038  0.12593 K   13 
 0.23746 -1.45384 -0.15522 B   14 
 0.32615 -1.42014 -0.59973 R   14 
 0.40902 -1.19639 -0.04087 B   15 
 0.43705 -1.05642 -0.40311 H   15 
 0.32878 -1.21011  0.28906 B   16 
 0.08961 -1.00932  0.41628 B   17 
 0.14763 -0.75400  0.22473 L   17 
-0.04493 -1.20962  0.57855 B   18 
-0.30711 -1.36922  0.56676 D   18 
 0.00108 -1.11090  0.90088 B   19 
-0.20357 -1.35796  0.92743 N   19 
 0.17105 -0.87773  0.87619 B   20 
 0.56538 -0.79387  0.69542 Y   20 
 0.23710 -0.75047  1.16973 B   21 
 0.69800 -0.63646  1.15857 R   21 
-0.08206 -0.85104  1.23240 B   22 
-0.21334 -0.80847  0.93920 B   23 
-0.14799 -0.37500  1.10988 Y   23 
-0.45996 -0.89523  0.78484 B   24 
-0.65912 -0.95724  0.89155 S   24 
-0.53735 -0.91876  0.46097 B   25 
-0.47374 -1.14230  0.24992 L   25 
-0.79184 -0.72917  0.46974 B   26 
-0.63586 -0.46987  0.53380 B   27 
-0.64157 -0.50442  0.86948 N   27 
-0.47113 -0.44995  0.27428 B   28 
-0.07998 -0.52696  0.47451 W   28 
-0.70908 -0.44957  0.07912 B   29 
-0.77787 -0.68869  0.00383 V   29 
-0.85294 -0.20896  0.20120 B   30 
-1.02676 -0.17757  0.41515 X   30 
-0.62897 -0.00409  0.15517 B   31 
-0.47881 -0.04324  0.30934 A   31 
-0.59836 -0.03095 -0.15153 B   32 
-0.48883 -0.21265 -0.18760 A   32 
-0.88638  0.05261 -0.21543 B   33 
-1.20702 -0.02974 -0.29800 K   33 
-0.86716  0.35467 -0.06771 B   34 
-1.20128  0.22816  0.13572 F   34 
-0.59507  0.45019 -0.20662 B   35 
-0.41338  0.47215  0.09403 E   35 
-0.62978  0.31701 -0.53474 B   36 
-0.44394  0.19676 -0.52328 S   36 
-0.84399  0.11163 -0.63183 B   37 
-1.10382  0.21412 -0.69707 N   37 
-0.63375 -0.11084 -0.74282 B   38 
-0.89440 -0.32008 -0.49979 F   38 
-0.41888  0.10419 -0.87339 B   39 
-0.49960  0.24650 -1.12559 N   39 
-0.08552  0.10595 -0.96875 B   40 
-0.04960 -0.12671 -1.05071 T   40 
-0.10143  0.40768 -1.12267 B   41 
-0.08377  0.28797 -1.50312 Q   41 
-0.15107  0.56962 -0.87969 B   42 
-0.34081  0.52129 -0.79998 A   42 
-0.14320  0.93201 -0.83549 B   43 
 0.04029  0.92992 -0.99742 T   43 
-0.06621  1.17870 -0.56428 B   44 
-0.37615  1.04501 -0.55982 N   44 
-0.06118  1.49310 -0.47442 B   45 
 0.31988  1.74359 -0.69602 R   45 
 0.09130  1.67650 -0.22324 B   46 
 0.09329  1.36093 -0.09006 N   46 
 0.11181  1.95805 -0.03874 B   47 
-0.10320  2.02712  0.08679 T   47 
 0.43618  1.89801  0.01544 B   48 
 0.44684  1.66801  0.14708 D   48 
 0.51437  1.78343 -0.29791 B   49 
 0.46509  1.51576 -0.28942 B   50 
 0.50264  1.40558 -0.07296 S   50 
 0.39924  1.15676 -0.38129 B   51 
 0.35549  1.26761 -0.62607 T   51 
 0.17200  0.90857 -0.44464 B   52 
 0.06070  0.94422 -0.12174 D   52 
 0.22464  0.54737 -0.50324 B   53 
 0.50613  0.86435 -0.72913 Y   53 
 0.01831  0.32103 -0.60384 B   54 
-0.17327  0.07479 -0.43921 B   55 
-0.20178 -0.17752 -0.53645 I   55 
-0.03660  0.21821 -0.14840 B   56 
-0.04700 -0.07852 -0.02528 L   56 
 0.05115  0.50924 -0.15245 B   57 
-0.18812  0.65513 -0.35476 Q   57 
 0.35642  0.56905 -0.17327 B   58 
 0.47484  0.29305 -0.09659 I   58 
 0.57437  0.80538 -0.05091 B   59 
 0.49555  1.06584  0.08605 N   59 
 0.83279  1.03786 -0.16975 B   60 
 0.73732  1.15514 -0.34198 S   60 
 0.95873  1.14989  0.10906 B   61 
 0.83976  1.55607  0.18306 R   61 
 1.04667  0.83562  0.21572 B   62 
 0.92101  1.06937  0.58643 W   62 
 1.03692  0.57237 -0.00506 B   63 
 0.82738  0.48838  0.37051 W   63 
 1.06901  0.72569 -0.29032 B   64 
 0.85745  0.63242 -0.40951 X   64 
 1.19424  0.82663 -0.61376 B   65 
 1.44907  0.97656 -0.64216 N   65 
 1.09293  1.12311 -0.83829 B   66 
 0.88674  1.20745 -0.68649 D   66 
 1.28333  1.39397 -0.86505 B   67 
 1.05023  1.61344 -0.69455 B   68 
 0.63868  1.56488 -0.92435 R   68 
 1.14227  1.57003 -0.36826 B   69 
 0.92560  1.43868 -0.33607 T   69 
 1.24561  1.74969 -0.13904 B   70 
 1.17465  1.92197 -0.24417 P   70 
 1.38817  1.58044  0.11853 B   71 
 1.41548  1.29371  0.03817 B   72 
 1.31968  1.26713 -0.17766 S   72 
 1.47960  0.92535  0.11513 B   73 
 1.59842  0.98612  0.44658 R   73 
 1.43866  0.63533 -0.00892 B   74 
 1.47760  0.58392 -0.28057 N   74 
 1.39687  0.36595  0.18261 B   75 
 1.35130  0.54140  0.45076 L   75 
 1.32448  0.15175 -0.06130 B   76 
 1.03528  0.12741  0.04947 X   76 
 1.51042  0.19390 -0.29281 B   77 
 1.78218  0.16978 -0.29062 N   77 
 1.31357  0.34734 -0.52439 B   78 
 1.18521  0.08271 -0.53797 I   78 
 1.14903  0.41374 -0.78723 B   79 
 1.29499  0.35022 -0.92266 P   79 
 0.83181  0.51958 -0.79207 B   80 
 0.85003  0.77055 -0.60114 X   80 
 0.75878  0.37028 -1.06275 B   81 
 0.92676  0.45625 -1.21059 S   81 
 0.77599  0.07939 -0.94631 B   82 
 0.97928  0.05195 -0.89900 A   82 
 0.49146  0.13404 -0.79183 B   83 
 0.62171  0.22486 -0.50562 L   83 
 0.33052  0.10042 -1.09578 B   84 
 0.32527  0.42824 -1.06818 L   84 
 0.34486 -0.17487 -1.15167 B   85 
 0.55185 -0.31027 -1.22899 S   85 
 0.19815 -0.48676 -1.20685 B   86 
 0.20234 -0.53048 -1.44229 S   86 
 0.42712 -0.55706 -1.01583 B   87 
 0.63102 -0.76653 -1.01746 D   87 
 0.39427 -0.56214 -0.65680 B   88 
 0.13956 -0.62962 -0.60930 I   88 
 0.66669 -0.62181 -0.52143 B   89 
 0.77685 -0.82836 -0.64662 T   89 
 0.76383 -0.33500 -0.45031 B   90 
 0.83884 -0.24989 -0.63571 A   90 
 0.52147 -0.24653 -0.27537 B   91 
 0.36259 -0.12756 -0.46491 S   91 
 0.53811 -0.47308 -0.07002 B   92 
 0.41395 -0.69021 -0.14849 V   92 
 0.82392 -0.43360  0.03448 B   93 
 0.98018 -0.66117 -0.15783 N   93 
 0.76401 -0.14249  0.11912 B   94 
 0.81215  0.09958 -0.02326 X   94 
 0.52108 -0.19238  0.30338 B   95 
 0.35502 -0.23424  0.17294 A   95 
 0.67148 -0.36664  0.50936 B   96 
 0.67434 -0.78668  0.30822 K   96 
 0.84152 -0.12368  0.60515 B   97 
 1.16640 -0.10404  0.39924 K   97 
 0.61506  0.06933  0.68741 B   98 
 0.52799  0.21864  0.42990 I   98 
 0.46404 -0.11548  0.90190 B   99 
 0.32715 -0.28724  0.82725 V   99 
 0.75306 -0.13619  1.06943 B   100 
 0.79964 -0.36379  0.94752 S   100 
 0.79480  0.17605  1.16882 B   101 
 0.85418  0.39855  1.01272 D   101 
 0.54375  0.19559  1.43158 B   102 
 0.22986  0.27515  1.32030 B   103 
 0.32767  0.57855  1.38074 N   103 
 0.17093  0.08652  1.12541 B   104 
-0.12321  0.12531  0.93308 B   105 
-0.24241 -0.20895  0.76618 M   105 
-0.14334  0.43863  1.00258 B   106 
-0.25262  0.36726  1.30644 N   106 
 0.01975  0.52797  0.74938 B   107 
 0.20192  0.42812  0.77346 A   107 
-0.26901  0.47691  0.62902 B   108 
 0.01345  0.17486  0.41172 W   108 
-0.51903  0.69416  0.60905 B   109 
-0.43589  0.93498  0.58353 V   109 
-0.73802  0.51127  0.48036 B   110 
-0.70758  0.52506  0.26854 A   110 
-0.72065  0.28791  0.68664 B   111 
-0.54645  0.00784  0.89357 W   111 
-0.77982  0.45126  0.94346 B   112 
-0.57936  0.79453  1.08595 R   112 
-1.05516  0.59670  0.82456 B   113 
-0.91630  0.88931  0.84444 N   113 
-1.17707  0.30068  0.66903 B   114 
-1.26617  0.56999  0.25442 R   114 
-1.05804  0.02292  0.82324 B   115 
-0.92960  0.00311  0.53221 X   115 
-1.02849  0.07056  1.10455 B   116 
-0.70389  0.21614  1.37197 K   116 
-1.25109 -0.12345  1.30219 B   117 
-1.33850 -0.30410  1.08148 B   118 
-1.37611 -0.12585  0.89654 T   118 
-1.45578 -0.55841  0.86146 B   119 
-1.61345 -0.79252  0.91178 D   119 
-1.18837 -0.66992  0.68119 B   120 
-1.01444 -0.53703  0.80184 V   120 
-1.27633 -0.95782  0.59487 B   121 
-1.27847 -1.15604  0.96126 Q   121 
-1.46811 -0.86192  0.36458 B   122 
-1.61529 -0.75364  0.46237 A   122 
-1.22104 -0.82677  0.15372 B   123 
-1.27290 -0.40172  0.16669 W   123 
-1.20140 -1.17124  0.12856 B   124 
-0.97517 -1.18291  0.27333 I   124 
-1.45214 -1.25676  0.03342 B   125 
-1.67578 -1.15936  0.49045 R   125 
-1.47037 -1.52543 -0.19700 B   126 
-1.17872 -1.59916 -0.16839 B   127 
-1.10727 -1.29219 -0.23945 X   127 
-0.91271 -1.81782 -0.28848 B   128 
-0.96113 -2.21295 -0.21100 R   128 
-0.70302 -1.92043  0.00739 B   129 
-0.69053 -1.66110 -0.00151 L   129 
