246 
-1.16764  0.09363  0.64402 B   1 
-1.22828 -0.30955  0.74405 K   1 
-1.03184  0.02548  0.96851 B   2 
-0.98917  0.26578  1.05571 V   2 
-0.76986 -0.14274  1.04753 B   3 
-0.81833 -0.39066  0.69524 F   3 
-0.60818 -0.35860  1.21269 B   4 
-0.31167 -0.47514  1.24820 B   5 
 0.01347 -0.45070  1.53678 R   5 
-0.36443 -0.78926  1.26875 B   6 
-0.23874 -0.84536  1.55059 X   6 
-0.58014 -0.77794  1.04526 B   7 
-0.93926 -0.62639  1.06692 E   7 
-0.40153 -0.68329  0.81101 B   8 
-0.36459 -0.39843  0.70334 L   8 
-0.18466 -0.89832  0.82411 B   9 
-0.06648 -0.85566  1.00123 A   9 
-0.37213 -1.13127  0.76030 B   10 
-0.48970 -1.16578  0.94145 A   10 
-0.46911 -1.02907  0.48409 B   11 
-0.62788 -0.88726  0.52454 A   11 
-0.19008 -0.99015  0.35530 B   12 
-0.08119 -0.58459  0.44615 M   12 
-0.11350 -1.28320  0.38201 B   13 
 0.06022 -1.51281  0.70651 K   13 
-0.33820 -1.42356  0.23069 B   14 
-0.78541 -1.34373  0.24575 R   14 
-0.25377 -1.23898 -0.02929 B   15 
-0.59643 -1.05534 -0.00798 H   15 
 0.08308 -1.28382 -0.03032 B   16 
 0.28777 -1.05188  0.10388 B   17 
 0.11022 -0.79254  0.02348 L   17 
 0.46300 -1.23479  0.24668 B   18 
 0.51003 -1.31926  0.53823 D   18 
 0.76752 -1.20288  0.09834 B   19 
 0.82801 -1.39141  0.35215 N   19 
 0.71714 -1.01918 -0.11980 B   20 
 0.44291 -1.00999 -0.46610 Y   20 
 0.99104 -0.96054 -0.28793 B   21 
 0.86355 -0.96604 -0.74540 R   21 
 1.13009 -0.98603  0.02177 B   22 
 0.88896 -0.86612  0.20204 B   23 
 1.07156 -0.49557 -0.02302 Y   23 
 0.80141 -0.86252  0.49272 B   24 
 0.95299 -0.88835  0.66951 S   24 
 0.51046 -0.81448  0.64916 B   25 
 0.27174 -1.01071  0.70452 L   25 
 0.60495 -0.57072  0.82927 B   26 
 0.64565 -0.37251  0.59532 B   27 
 0.96576 -0.45693  0.52968 N   27 
 0.35357 -0.35413  0.49924 B   28 
 0.43136 -0.55774  0.10999 W   28 
 0.23202 -0.26307  0.76690 B   29 
 0.15834 -0.46221  0.91689 V   29 
 0.40902 -0.01631  0.80255 B   30 
 0.66434  0.02376  0.90344 X   30 
 0.32096  0.13013  0.54750 B   31 
 0.42404  0.03063  0.38220 A   31 
 0.01651  0.14507  0.60053 B   32 
-0.06364 -0.05034  0.55927 A   32 
 0.04153  0.30748  0.85941 B   33 
 0.04345  0.32265  1.20025 K   33 
 0.20358  0.56780  0.72007 B   34 
 0.47932  0.49915  1.01717 F   34 
 0.00399  0.61233  0.47383 B   35 
 0.24394  0.54017  0.22664 E   35 
-0.31213  0.54559  0.62288 B   36 
-0.36246  0.38214  0.48189 S   36 
-0.36386  0.41874  0.90346 B   37 
-0.34624  0.59234  1.13112 N   37 
-0.54691  0.17083  0.79838 B   38 
-0.26048 -0.00157  1.04132 F   38 
-0.71258  0.34257  0.56922 B   39 
-0.91979  0.53851  0.66431 N   39 
-0.89529  0.27529  0.28231 B   40 
-1.00354  0.05699  0.33490 T   40 
-1.01253  0.59164  0.24825 B   41 
-1.39199  0.53280  0.35747 Q   41 
-0.75233  0.72050  0.18977 B   42 
-0.62802  0.70960  0.36042 A   42 
-0.68117  1.05759  0.06872 B   43 
-0.88682  1.03486 -0.06200 T   43 
-0.42146  1.23102 -0.13819 B   44 
-0.34352  1.18075  0.18641 N   44 
-0.30989  1.51580 -0.25394 B   45 
-0.60533  1.69387 -0.62550 R   45 
-0.09550  1.61295 -0.50806 B   46 
 0.00452  1.29015 -0.45216 N   46 
 0.09966  1.84755 -0.65160 B   47 
 0.28483  1.94791 -0.50193 T   47 
 0.05736  1.69996 -0.94856 B   48 
 0.16083  1.45694 -0.92467 D   48 
-0.27402  1.62021 -0.91311 B   49 
-0.27526  1.37570 -0.79326 B   50 
-0.08767  1.22695 -0.84884 S   50 
-0.37587  1.06398 -0.60789 B   51 
-0.58882  1.21940 -0.53994 T   51 
-0.39537  0.89423 -0.31116 B   52 
-0.05251  0.90546 -0.29571 D   52 
-0.49685  0.54530 -0.24313 B   53 
-0.76337  0.81263 -0.54019 Y   53 
-0.55590  0.39702  0.03695 B   54 
-0.36669  0.18424  0.24519 B   55 
-0.47357 -0.03418  0.36684 I   55 
-0.11342  0.24095  0.00758 B   56 
-0.01802 -0.05915  0.07204 L   56 
-0.11650  0.49736 -0.15569 B   57 
-0.23209  0.72881  0.07351 Q   57 
-0.21514  0.48084 -0.45098 B   58 
-0.19782  0.17539 -0.50078 I   58 
-0.13759  0.63231 -0.74992 B   59 
 0.03751  0.87930 -0.78385 N   59 
-0.30247  0.80790 -1.02728 B   60 
-0.43119  0.97106 -0.93062 S   60 
-0.06044  0.83924 -1.24312 B   61 
 0.07784  1.24539 -1.26611 R   61 
-0.00930  0.50020 -1.26096 B   62 
 0.40024  0.69667 -1.30007 W   62 
-0.24060  0.28606 -1.12389 B   63 
 0.16946  0.19951 -0.99590 W   63 
-0.50951  0.46930 -1.12865 B   64 
-0.57355  0.45232 -0.87711 X   64 
-0.84504  0.58507 -1.19576 B   65 
-0.92938  0.66850 -1.46806 N   65 
-1.00691  0.92905 -1.13208 B   66 
-0.79769  1.03762 -1.00127 D   66 
-1.06165  1.14392 -1.37940 B   67 
-0.81558  1.38535 -1.26657 B   68 
-0.92682  1.47887 -0.81555 R   68 
-0.53206  1.26933 -1.41813 B   69 
-0.45297  1.19343 -1.18745 T   69 
-0.32553  1.37874 -1.62032 B   70 
-0.39200  1.57767 -1.57819 P   70 
-0.13245  1.14065 -1.76642 B   71 
-0.24144  0.87264 -1.69084 B   72 
-0.42413  0.90539 -1.54244 S   72 
-0.21684  0.49264 -1.66404 B   73 
 0.07318  0.46853 -1.87135 R   73 
-0.34921  0.24557 -1.51367 B   74 
-0.62448  0.22946 -1.46982 N   74 
-0.17734 -0.03128 -1.44433 B   75 
 0.10700  0.10550 -1.51649 L   75 
-0.40939 -0.17916 -1.25751 B   76 
-0.22598 -0.14698 -1.00887 X   76 
-0.67857 -0.14930 -1.38635 B   77 
-0.75315 -0.24114 -1.63220 N   77 
-0.83319  0.08328 -1.19162 B   78 
-0.83359 -0.13491 -0.99394 I   78 
-1.03408  0.22954 -0.99457 B   79 
-1.20930  0.15345 -1.07936 P   79 
-0.94256  0.41129 -0.72916 B   80 
-0.74323  0.61626 -0.86342 X   80 
-1.19453  0.32976 -0.55378 B   81 
-1.37489  0.39280 -0.69855 S   81 
-1.11261  0.02933 -0.51499 B   82 
-1.12546 -0.05554 -0.70721 A   82 
-0.88185  0.12887 -0.30368 B   83 
-0.63573  0.13770 -0.51925 L   83 
-1.13165  0.18519 -0.07163 B   84 
-1.07574  0.49518 -0.16667 L   84 
-1.21266 -0.07249  0.00685 B   85 
-1.35513 -0.24174 -0.12809 S   85 
-1.25191 -0.32463  0.24502 B   86 
-1.48229 -0.33036  0.31022 S   86 
-1.13783 -0.47953  0.00658 B   87 
-1.21330 -0.73066 -0.12263 D   87 
-0.78538 -0.53265 -0.04788 B   88 
-0.67573 -0.54038  0.19626 I   88 
-0.73563 -0.67958 -0.31627 B   89 
-0.90345 -0.88484 -0.32960 T   89 
-0.66966 -0.44140 -0.50514 B   90 
-0.86054 -0.34983 -0.55435 A   90 
-0.42800 -0.32341 -0.34751 B   91 
-0.55573 -0.13994 -0.18831 S   91 
-0.25527 -0.57627 -0.34789 B   92 
-0.31490 -0.73995 -0.15201 V   92 
-0.23028 -0.62704 -0.64949 B   93 
-0.47683 -0.85341 -0.68347 N   93 
-0.10786 -0.34731 -0.69710 B   94 
-0.23675 -0.10587 -0.77640 X   94 
 0.13104 -0.36276 -0.50181 B   95 
 0.04812 -0.34035 -0.30441 A   95 
 0.27212 -0.59949 -0.64135 B   96 
 0.04277 -0.96960 -0.47608 K   96 
 0.33796 -0.42543 -0.89133 B   97 
 0.05322 -0.45609 -1.14884 K   97 
 0.49543 -0.19703 -0.75589 B   98 
 0.28547  0.00803 -0.65562 I   98 
 0.72651 -0.36922 -0.61477 B   99 
 0.67791 -0.48698 -0.42090 V   99 
 0.80584 -0.48820 -0.91739 B   100 
 0.65683 -0.69805 -0.86652 S   100 
 0.91627 -0.21623 -1.06888 B   101 
 0.76950  0.00584 -1.14974 D   101 
 1.23854 -0.17571 -0.90471 B   102 
 1.22495 -0.00312 -0.60929 B   103 
 1.28193  0.25241 -0.80093 N   103 
 1.03834 -0.13769 -0.45403 B   104 
 0.93821  0.00375 -0.14583 B   105 
 0.78250 -0.25911  0.10005 M   105 
 1.03709  0.29704 -0.23303 B   106 
 1.35202  0.20857 -0.18443 N   106 
 0.75745  0.38113 -0.34887 B   107 
 0.72196  0.23610 -0.49531 A   107 
 0.71709  0.42408 -0.03742 B   108 
 0.40559  0.09873 -0.16130 W   108 
 0.78520  0.69766  0.13757 B   109 
 0.75853  0.91068 -0.00196 V   109 
 0.70643  0.59847  0.42380 B   110 
 0.49638  0.63733  0.44260 A   110 
 0.88013  0.34834  0.42160 B   111 
 1.00653  0.00444  0.28985 W   111 
 1.15631  0.47877  0.36823 B   112 
 1.26710  0.73359  0.05025 R   112 
 1.13047  0.70574  0.61097 B   113 
 1.13641  0.94701  0.39406 N   113 
 0.98967  0.47830  0.84575 B   114 
 0.64006  0.82319  0.95156 R   114 
 1.08092  0.15881  0.77723 B   115 
 0.76523  0.15337  0.73370 X   115 
 1.34631  0.15254  0.66856 B   116 
 1.52576  0.16765  0.26156 K   116 
 1.58013 -0.00775  0.88277 B   117 
 1.37729 -0.12345  1.06840 B   118 
 1.22574  0.08535  1.09708 T   118 
 1.17702 -0.30208  1.30254 B   119 
 1.24848 -0.49382  1.50336 D   119 
 0.92140 -0.44753  1.12949 B   120 
 1.00056 -0.38347  0.90125 V   120 
 0.83826 -0.68668  1.31381 B   121 
 1.17281 -0.93311  1.28404 Q   121 
 0.67855 -0.51052  1.51990 B   122 
 0.82189 -0.38545  1.60214 A   122 
 0.41178 -0.50600  1.33136 B   123 
 0.47479 -0.08913  1.25542 W   123 
 0.35282 -0.83590  1.41720 B   124 
 0.42836 -0.92684  1.17576 I   124 
 0.32324 -0.83940  1.69712 B   125 
 0.83069 -0.76203  1.76697 R   125 
 0.08457 -1.05506  1.84593 B   126 
 0.02559 -1.20344  1.58937 B   127 
-0.03583 -0.91714  1.45282 X   127 
-0.18116 -1.46033  1.43365 B   128 
-0.12745 -1.83762  1.57237 R   128 
 0.03586 -1.65774  1.19706 B   129 
 0.04608 -1.41187  1.11382 L   129 
