246 
 1.08417 -0.07676  0.77820 B   1 
 0.93678  0.10503  1.12672 K   1 
 0.94897 -0.32471  0.99869 B   2 
 1.03853 -0.54205  0.88954 V   2 
 0.64219 -0.38519  1.07220 B   3 
 0.54052  0.03102  1.00623 F   3 
 0.40183 -0.44267  1.26952 B   4 
 0.08938 -0.51437  1.26820 B   5 
-0.16354 -0.86141  1.34024 R   5 
-0.02357 -0.32902  1.50222 B   6 
-0.14609 -0.54910  1.68911 X   6 
 0.15659 -0.09133  1.41473 B   7 
 0.54351 -0.05738  1.45402 E   7 
 0.03926 -0.04363  1.13244 B   8 
 0.14663 -0.14298  0.86279 L   8 
-0.25575 -0.01228  1.20610 B   9 
-0.32694 -0.21019  1.26015 A   9 
-0.21583  0.23895  1.37573 B   10 
-0.12316  0.17206  1.56218 A   10 
-0.09434  0.41758  1.15330 B   11 
 0.11622  0.36729  1.14376 A   11 
-0.32107  0.38256  0.94516 B   12 
-0.20446  0.04258  0.70977 M   12 
-0.53430  0.50215  1.12596 B   13 
-0.78404  0.33238  1.43743 K   13 
-0.41975  0.77792  1.18861 B   14 
 0.00624  0.89130  1.29939 R   14 
-0.41172  0.82851  0.86278 B   15 
-0.02270  0.83804  0.87561 H   15 
-0.72431  0.72685  0.77658 B   16 
-0.77604  0.41858  0.65008 B   17 
-0.49573  0.39568  0.48837 L   17 
-1.01246  0.35326  0.80626 B   18 
-1.08122  0.17234  1.04477 D   18 
-1.26565  0.32674  0.58056 B   19 
-1.40067  0.22775  0.85550 N   19 
-1.14000  0.39877  0.32977 B   20 
-0.91670  0.74902  0.17921 Y   20 
-1.35428  0.38292  0.08368 B   21 
-1.27022  0.76642 -0.18355 R   21 
-1.47138  0.11997  0.26549 B   22 
-1.19411  0.01214  0.39397 B   23 
-1.17443 -0.10661 -0.06080 Y   23 
-1.10244 -0.16749  0.62091 B   24 
-1.23713 -0.33858  0.70744 S   24 
-0.81996 -0.19786  0.79616 B   25 
-0.71138 -0.03466  1.04138 L   25 
-0.76859 -0.50429  0.73097 B   26 
-0.71473 -0.46376  0.42910 B   27 
-1.03623 -0.48948  0.32967 N   27 
-0.45891 -0.29351  0.45045 B   28 
-0.64857  0.07608  0.28777 W   28 
-0.29479 -0.49367  0.61689 B   29 
-0.32495 -0.46022  0.87292 V   29 
-0.32009 -0.72842  0.42261 B   30 
-0.51439 -0.92171  0.37944 X   30 
-0.18277 -0.59390  0.18323 B   31 
-0.33018 -0.45612  0.09875 A   31 
 0.08937 -0.52514  0.31336 B   32 
 0.05713 -0.35263  0.43791 A   32 
 0.16316 -0.81562  0.37814 B   33 
 0.18622 -1.07231  0.60172 K   33 
 0.14887 -0.92552  0.06008 B   34 
-0.10836 -1.20654  0.21460 F   34 
 0.33087 -0.69651 -0.06985 B   35 
 0.07550 -0.56706 -0.27458 E   35 
 0.57641 -0.64611  0.18268 B   36 
 0.52975 -0.43092  0.20809 S   36 
 0.57057 -0.75720  0.47442 B   37 
 0.65485 -1.02863  0.51309 N   37 
 0.59703 -0.46913  0.62384 B   38 
 0.27528 -0.65542  0.80426 F   38 
 0.81525 -0.33839  0.41231 B   39 
 1.09766 -0.44096  0.42191 N   39 
 0.92397 -0.02216  0.32063 B   40 
 0.90898  0.10608  0.53386 T   40 
 1.18363 -0.13433  0.13361 B   41 
 1.48569 -0.03548  0.37521 Q   41 
 1.02224 -0.26481 -0.07772 B   42 
 0.91829 -0.42963  0.00425 A   42 
 1.12599 -0.39743 -0.40175 B   43 
 1.28486 -0.21134 -0.40707 T   43 
 0.98022 -0.44561 -0.74346 B   44 
 0.90387 -0.68189 -0.51476 N   44 
 1.02294 -0.56744 -1.04392 B   45 
 1.34890 -0.28767 -1.31323 R   45 
 0.87510 -0.52037 -1.35361 B   46 
 0.62807 -0.41380 -1.14160 N   46 
 0.81906 -0.62505 -1.66926 B   47 
 0.71814 -0.86163 -1.69389 T   47 
 0.76575 -0.30888 -1.76385 B   48 
 0.55463 -0.22615 -1.62628 D   48 
 1.01215 -0.16279 -1.57575 B   49 
 0.89515 -0.10901 -1.33582 B   50 
 0.65553 -0.05471 -1.34198 S   50 
 0.83281 -0.02639 -0.97396 B   51 
 1.09825 -0.08384 -0.95498 T   51 
 0.77828 -0.13685 -0.65447 B   52 
 0.48978 -0.28492 -0.76746 D   52 
 0.69195  0.05255 -0.34895 B   53 
 1.04204  0.21608 -0.63432 Y   53 
 0.68151 -0.04310 -0.04127 B   54 
 0.42117 -0.14407  0.17429 B   55 
 0.40838 -0.06638  0.43454 I   55 
 0.22020 -0.10058 -0.11125 B   56 
-0.01091 -0.01147  0.09361 L   56 
 0.34479 -0.12805 -0.38718 B   57 
 0.57309 -0.38312 -0.33944 Q   57 
 0.40652  0.13316 -0.54579 B   58 
 0.23417  0.33792 -0.38943 I   58 
 0.40172  0.23363 -0.87473 B   59 
 0.37470  0.04996 -1.11629 N   59 
 0.61881  0.39683 -1.12209 B   60 
 0.81715  0.28207 -1.11698 S   60 
 0.41571  0.44336 -1.37256 B   61 
 0.50166  0.17445 -1.69646 R   61 
 0.19883  0.63134 -1.18414 B   62 
-0.05578  0.39122 -1.47633 W   62 
 0.29601  0.74272 -0.87383 B   63 
-0.09428  0.54355 -0.86949 W   63 
 0.62009  0.74335 -0.90367 B   64 
 0.67912  0.59497 -0.69833 X   64 
 0.96413  0.85325 -0.91031 B   65 
 1.06542  1.03501 -1.12227 N   65 
 1.28107  0.67131 -1.03286 B   66 
 1.16270  0.43455 -1.08389 D   66 
 1.42483  0.74829 -1.32224 B   67 
 1.34126  0.43433 -1.48356 B   68 
 1.50692  0.09582 -1.19633 R   68 
 1.03091  0.50299 -1.60923 B   69 
 0.93588  0.34910 -1.42889 T   69 
 0.89865  0.50834 -1.88847 B   70 
 1.05887  0.38895 -1.96492 P   70 
 0.60446  0.67747 -1.90119 B   71 
 0.56603  0.81784 -1.63996 B   72 
 0.74722  0.76088 -1.49715 S   72 
 0.35342  1.00703 -1.38555 B   73 
 0.08133  1.06093 -1.61079 R   73 
 0.34945  1.09002 -1.07851 B   74 
 0.58028  1.17216 -0.94462 N   74 
 0.06460  1.13316 -0.91120 B   75 
-0.11423  0.99889 -1.14521 L   75 
 0.19853  1.17073 -0.60911 B   76 
 0.06948  0.90213 -0.52136 X   76 
 0.43883  1.34945 -0.62539 B   77 
 0.44413  1.60886 -0.70979 N   77 
 0.69957  1.13359 -0.58880 B   78 
 0.59908  1.11550 -0.31264 I   78 
 0.95643  0.98316 -0.47940 B   79 
 1.06433  1.15496 -0.42921 P   79 
 0.98315  0.65155 -0.44514 B   80 
 0.90896  0.55554 -0.73677 X   80 
 1.16731  0.66693 -0.18680 B   81 
 1.34723  0.80439 -0.26551 S   81 
 0.94636  0.77997  0.00522 B   82 
 0.90476  0.97299 -0.06780 A   82 
 0.80888  0.48180  0.00796 B   83 
 0.59086  0.53951 -0.22925 L   83 
 1.06394  0.37618  0.21582 B   84 
 1.16836  0.24604 -0.06775 L   84 
 1.00682  0.49788  0.46289 B   85 
 1.03679  0.74706  0.52745 S   85 
 0.92455  0.48468  0.80186 B   86 
 1.12310  0.52829  0.92849 S   86 
 0.73593  0.70311  0.69907 B   87 
 0.66699  0.96961  0.79747 D   87 
 0.40305  0.63902  0.57622 B   88 
 0.31698  0.42465  0.71158 I   88 
 0.27231  0.89908  0.46958 B   89 
 0.31188  1.09033  0.64938 T   89 
 0.32696  0.87437  0.16437 B   90 
 0.53517  0.93015  0.13648 A   90 
 0.18679  0.60041  0.11468 B   91 
 0.39770  0.42827  0.14933 S   91 
-0.09012  0.68004  0.21840 B   92 
-0.11208  0.65452  0.47837 V   92 
-0.15243  0.91845  0.03552 B   93 
-0.05686  1.16674  0.24145 N   93 
-0.11820  0.74595 -0.21859 B   94 
 0.11121  0.71401 -0.38455 X   94 
-0.32182  0.52228 -0.15568 B   95 
-0.22926  0.39776 -0.00643 A   95 
-0.57026  0.70564 -0.14712 B   96 
-0.55246  0.88530  0.28219 K   96 
-0.55107  0.76208 -0.45300 B   97 
-0.33452  1.07479 -0.51343 K   97 
-0.56391  0.47292 -0.56035 B   98 
-0.27425  0.36241 -0.55212 I   98 
-0.84303  0.38142 -0.43117 B   99 
-0.85128  0.32682 -0.20586 V   99 
-0.98674  0.63903 -0.58932 B   100 
-0.96247  0.77919 -0.36888 S   100 
-0.95133  0.55091 -0.90570 B   101 
-0.71643  0.53801 -1.05420 D   101 
-1.19982  0.28598 -0.92843 B   102 
-1.08582 -0.02216 -0.83200 B   103 
-1.01477 -0.05139 -1.14723 N   103 
-0.98581  0.01340 -0.57555 B   104 
-0.81252 -0.25323 -0.42095 B   105 
-0.79965 -0.22159 -0.03027 M   105 
-0.75315 -0.39583 -0.70298 B   106 
-1.06654 -0.50013 -0.71961 N   106 
-0.47569 -0.25367 -0.74167 B   107 
-0.52605 -0.05074 -0.73688 A   107 
-0.40363 -0.48889 -0.54179 B   108 
-0.30689 -0.09390 -0.31188 W   108 
-0.31470 -0.79868 -0.62070 B   109 
-0.19065 -0.80951 -0.84443 V   109 
-0.28297 -0.91946 -0.33369 B   110 
-0.08160 -0.87549 -0.27449 A   110 
-0.55941 -0.84044 -0.23330 B   111 
-0.84920 -0.59567 -0.14549 W   111 
-0.73350 -0.98160 -0.44755 B   112 
-0.71541 -0.93925 -0.86731 R   112 
-0.58401 -1.27806 -0.41810 B   113 
-0.47754 -1.26138 -0.72418 N   113 
-0.56654 -1.26435 -0.06288 B   114 
-0.08552 -1.40598 -0.09338 R   114 
-0.81056 -1.06608  0.06457 B   115 
-0.54390 -0.91130  0.14533 X   115 
-1.04747 -1.08460 -0.09608 B   116 
-1.21451 -0.86628 -0.44609 K   116 
-1.31926 -1.23699  0.07470 B   117 
-1.19419 -1.22812  0.34538 B   118 
-0.95644 -1.31105  0.28223 T   118 
-1.10083 -1.21932  0.68896 B   119 
-1.24956 -1.28220  0.92586 D   119 
-0.96335 -0.91312  0.75045 B   120 
-1.01035 -0.81440  0.52570 V   120 
-1.00395 -0.87802  1.05899 B   121 
-1.41828 -0.84232  1.08349 Q   121 
-0.76690 -1.06783  1.14139 B   122 
-0.82265 -1.25375  1.06877 A   122 
-0.54450 -0.83217  1.09960 B   123 
-0.39101 -1.04019  0.75800 W   123 
-0.65687 -0.68278  1.39069 B   124 
-0.78005 -0.48420  1.25778 I   124 
-0.61922 -0.87257  1.59514 B   125 
-1.01305 -1.16065  1.42110 R   125 
-0.51588 -0.76603  1.91698 B   126 
-0.55322 -0.47237  1.85630 B   127 
-0.36195 -0.51417  1.59929 X   127 
-0.51346 -0.13339  1.98477 B   128 
-0.74414 -0.03803  2.30439 R   128 
-0.81212  0.06893  1.87565 B   129 
-0.70033 -0.01562  1.65691 L   129 
