246 
 1.11235  0.11319  0.73265 B   1 
 0.98117 -0.06040  1.09167 K   1 
 1.18654 -0.23734  0.73427 B   2 
 1.34752 -0.25474  0.53191 V   2 
 0.98647 -0.48715  0.70707 B   3 
 0.66824 -0.25696  0.89054 F   3 
 0.86899 -0.76913  0.78892 B   4 
 0.65204 -0.98588  0.69554 B   5 
 0.64655 -1.37629  0.50281 R   5 
 0.51921 -1.07237  0.97259 B   6 
 0.58087 -1.37984  0.96674 X   6 
 0.51935 -0.77920  1.07584 B   7 
 0.82606 -0.56523  1.18786 E   7 
 0.33009 -0.65418  0.86542 B   8 
 0.40439 -0.49888  0.61151 L   8 
 0.09123 -0.84254  0.89556 B   9 
 0.15073 -1.03181  0.80727 A   9 
 0.03250 -0.76722  1.18602 B   10 
 0.18853 -0.86249  1.30604 A   10 
-0.01678 -0.46474  1.13891 B   11 
 0.17888 -0.37171  1.13421 A   11 
-0.23350 -0.49293  0.91939 B   12 
-0.01651 -0.49616  0.54858 M   12 
-0.42625 -0.64426  1.09939 B   13 
-0.46445 -1.06421  1.20131 K   13 
-0.46313 -0.45114  1.33271 B   14 
-0.14912 -0.20882  1.55467 R   14 
-0.56242 -0.22935  1.10968 B   15 
-0.24756 -0.01363  1.18661 H   15 
-0.78431 -0.41540  0.93184 B   16 
-0.69465 -0.55621  0.63885 B   17 
-0.49361 -0.32047  0.54264 L   17 
-0.81479 -0.81706  0.68444 B   18 
-0.71746 -1.10069  0.75101 D   18 
-1.06181 -0.84487  0.45214 B   19 
-1.05278 -1.13738  0.58622 N   19 
-1.05839 -0.58760  0.31922 B   20 
-1.09779 -0.16674  0.44782 Y   20 
-1.28431 -0.57556  0.08354 B   21 
-1.48296 -0.14564  0.11908 R   21 
-1.19687 -0.90274  0.04871 B   22 
-0.88304 -0.88610  0.12773 B   23 
-0.91490 -0.68516 -0.29643 Y   23 
-0.65856 -1.07268  0.21126 B   24 
-0.65703 -1.30001  0.15457 S   24 
-0.36995 -1.03360  0.37438 B   25 
-0.30800 -1.01599  0.68165 L   25 
-0.18242 -1.15090  0.14666 B   26 
-0.23327 -0.92327 -0.05649 B   27 
-0.50565 -1.06125 -0.20029 N   27 
-0.10952 -0.69067  0.10309 B   28 
-0.49832 -0.48204  0.16899 W   28 
 0.17008 -0.81432  0.13832 B   29 
 0.19009 -0.95810  0.35398 V   29 
 0.22603 -0.85745 -0.15917 B   30 
 0.15923 -1.05695 -0.34004 X   30 
 0.20878 -0.56281 -0.24365 B   31 
-0.00441 -0.51421 -0.24978 A   31 
 0.42575 -0.44427 -0.05764 B   32 
 0.33880 -0.43051  0.13874 A   32 
 0.65471 -0.61410 -0.17059 B   33 
 0.86312 -0.88319 -0.14694 K   33 
 0.62373 -0.50531 -0.48783 B   34 
 0.59996 -0.90595 -0.57693 F   34 
 0.61963 -0.19194 -0.42271 B   35 
 0.29371 -0.13964 -0.54487 E   35 
 0.85436 -0.16952 -0.15624 B   36 
 0.70909 -0.08137 -0.01392 S   36 
 0.97904 -0.40674  0.00398 B   37 
 1.20016 -0.54432 -0.11626 N   37 
 0.88502 -0.30528  0.29873 B   38 
 0.76507 -0.70014  0.27689 F   38 
 0.94240  0.01632  0.24646 B   39 
 1.22877  0.10723  0.23649 N   39 
 0.84196  0.31899  0.38258 B   40 
 0.81394  0.26499  0.62433 T   40 
 1.06709  0.50429  0.20949 B   41 
 1.31963  0.59357  0.50552 Q   41 
 0.95312  0.45731 -0.05983 B   42 
 0.97527  0.25351 -0.11148 A   42 
 1.02879  0.62188 -0.37690 B   43 
 1.05877  0.82509 -0.24385 T   43 
 0.85248  0.70772 -0.69608 B   44 
 0.97043  0.39236 -0.67175 N   44 
 0.87850  0.83113 -0.99781 B   45 
 0.93101  1.33532 -0.98844 R   45 
 0.65806  0.95445 -1.23484 B   46 
 0.45224  0.75852 -1.04359 N   46 
 0.59093  1.04165 -1.55362 B   47 
 0.62749  0.85779 -1.73143 T   47 
 0.35787  1.25542 -1.44526 B   48 
 0.17576  1.10801 -1.32098 D   48 
 0.52718  1.37258 -1.17134 B   49 
 0.46185  1.20168 -0.96966 B   50 
 0.23661  1.10382 -0.97940 S   50 
 0.45545  1.00860 -0.64666 B   51 
 0.70649  1.11164 -0.62475 T   51 
 0.54689  0.72863 -0.47201 B   52 
 0.36258  0.54364 -0.69502 D   52 
 0.45097  0.61840 -0.13243 B   53 
 0.58051  1.07570 -0.20194 Y   53 
 0.56764  0.37870  0.04884 B   54 
 0.46125  0.04906  0.11560 B   55 
 0.47310 -0.06095  0.36396 I   55 
 0.20530  0.12669 -0.11305 B   56 
 0.01990 -0.06669  0.06457 L   56 
 0.25420  0.33824 -0.32582 B   57 
 0.58617  0.28573 -0.40645 Q   57 
 0.12823  0.62014 -0.28260 B   58 
-0.08207  0.55665 -0.06392 I   58 
-0.00855  0.86641 -0.47999 B   59 
 0.00758  0.88001 -0.78391 N   59 
 0.02209  1.22738 -0.54087 B   60 
 0.24533  1.26658 -0.57491 S   60 
-0.22867  1.28551 -0.74059 B   61 
-0.09561  1.35848 -1.14256 R   61 
-0.45860  1.16869 -0.51396 B   62 
-0.61033  1.05040 -0.92729 W   62 
-0.36279  1.11156 -0.18885 B   63 
-0.57455  0.77176 -0.36692 W   63 
-0.10649  1.31015 -0.16087 B   64 
 0.06969  1.13646 -0.08051 X   64 
 0.11411  1.57199 -0.04570 B   65 
 0.04928  1.85904 -0.08590 N   65 
 0.43834  1.71052 -0.20145 B   66 
 0.45436  1.53194 -0.40276 D   66 
 0.44452  2.00303 -0.35873 B   67 
 0.50278  1.86099 -0.68737 B   68 
 0.88592  1.58606 -0.64089 R   68 
 0.18335  1.80081 -0.79301 B   69 
 0.23090  1.55208 -0.75974 T   69 
 0.00499  1.89039 -1.02894 B   70 
 0.17982  1.95233 -1.13555 P   70 
-0.32681  1.83454 -0.98311 B   71 
-0.36864  1.74715 -0.70021 B   72 
-0.15639  1.73233 -0.59441 S   72 
-0.57970  1.59556 -0.42057 B   73 
-0.88440  1.60507 -0.60696 R   73 
-0.55210  1.46679 -0.13103 B   74 
-0.37490  1.56809  0.05949 N   74 
-0.76614  1.23741 -0.01895 B   75 
-0.89783  1.19143 -0.31103 L   75 
-0.60350  1.16134  0.26100 B   76 
-0.54567  0.87809  0.14733 X   76 
-0.50600  1.41194  0.39382 B   77 
-0.65894  1.61862  0.48512 N   77 
-0.17099  1.40742  0.33322 B   78 
-0.17619  1.18193  0.52247 I   78 
 0.14404  1.39811  0.36841 B   79 
 0.15353  1.53243  0.52825 P   79 
 0.34894  1.19488  0.19940 B   80 
 0.26829  1.26334 -0.09822 X   80 
 0.55355  1.15870  0.43964 B   81 
 0.60848  1.38670  0.48928 S   81 
 0.36069  0.99269  0.62326 B   82 
 0.20733  1.12689  0.67603 A   82 
 0.40660  0.73582  0.42395 B   83 
 0.14102  0.78468  0.23899 L   83 
 0.72047  0.69580  0.56288 B   84 
 0.80522  0.83902  0.27905 L   84 
 0.66983  0.59492  0.82051 B   85 
 0.57855  0.72376  1.02600 S   85 
 0.69215  0.34648  1.06469 B   86 
 0.86159  0.41085  1.22123 S   86 
 0.39843  0.43084  1.08641 B   87 
 0.22571  0.49536  1.31326 D   87 
 0.13131  0.27698  0.89937 B   88 
 0.20712  0.02287  0.86239 I   88 
-0.13815  0.42081  0.95228 B   89 
-0.16308  0.45420  1.21446 T   89 
-0.15478  0.61174  0.70729 B   90 
-0.02141  0.77748  0.75185 A   90 
-0.13656  0.39795  0.48117 B   91 
 0.13435  0.39287  0.43759 S   91 
-0.37883  0.23135  0.56678 B   92 
-0.32010  0.05458  0.75124 V   92 
-0.59968  0.44421  0.55778 B   93 
-0.60272  0.52803  0.88358 N   93 
-0.54260  0.50594  0.26040 B   94 
-0.37928  0.71026  0.14741 X   94 
-0.57521  0.22216  0.14268 B   95 
-0.39794  0.11368  0.19884 A   95 
-0.87209  0.18818  0.22092 B   96 
-0.84802  0.05925  0.66780 K   96 
-0.96054  0.40827  0.01878 B   97 
-0.96374  0.75113  0.19418 K   97 
-0.84463  0.28961 -0.24159 B   98 
-0.54851  0.38060 -0.25628 I   98 
-0.99229  0.00473 -0.23962 B   99 
-0.91549 -0.16189 -0.09766 V   99 
-1.28354  0.16941 -0.23051 B   100 
-1.28411  0.14034  0.03023 S   100 
-1.28511  0.31804 -0.52550 B   101 
-1.12311  0.52682 -0.61249 D   101 
-1.35332  0.03366 -0.74212 B   102 
-1.07462 -0.14244 -0.83465 B   103 
-1.07793  0.06070 -1.08762 N   103 
-0.94962 -0.21247 -0.59694 B   104 
-0.63040 -0.36398 -0.60962 B   105 
-0.54168 -0.56209 -0.28300 M   105 
-0.57539 -0.25428 -0.90684 B   106 
-0.77963 -0.48229 -1.03201 N   106 
-0.43380  0.00806 -0.80775 B   107 
-0.58062  0.09864 -0.68952 A   107 
-0.20257 -0.20720 -0.78199 B   108 
-0.27616 -0.04868 -0.34876 W   108 
 0.01400 -0.29765 -1.01656 B   109 
 0.06637 -0.10640 -1.17855 V   109 
 0.17323 -0.51696 -0.85998 B   110 
 0.32840 -0.41210 -0.75551 A   110 
-0.06913 -0.68176 -0.77727 B   111 
-0.41282 -0.74756 -0.60652 W   111 
-0.18853 -0.74056 -1.05731 B   112 
-0.29811 -0.46415 -1.35717 R   112 
 0.09664 -0.85138 -1.18959 B   113 
 0.10018 -0.60622 -1.40215 N   113 
 0.18993 -1.03731 -0.90079 B   114 
 0.64888 -0.83579 -0.93446 R   114 
-0.08233 -1.12812 -0.71990 B   115 
 0.07284 -0.93283 -0.52148 X   115 
-0.30451 -1.17939 -0.89393 B   116 
-0.64065 -0.94113 -1.06222 K   116 
-0.40400 -1.52050 -0.89501 B   117 
-0.24107 -1.60067 -0.65834 B   118 
-0.01910 -1.48121 -0.72037 T   118 
-0.08622 -1.74044 -0.36968 B   119 
-0.11663 -1.99716 -0.24572 D   119 
-0.12075 -1.51563 -0.11530 B   120 
-0.26567 -1.35380 -0.23890 V   120 
-0.09736 -1.69440  0.14077 B   121 
-0.44761 -1.91861  0.11634 Q   121 
 0.21575 -1.72286  0.12798 B   122 
 0.25072 -1.82362 -0.04971 A   122 
 0.26246 -1.43354  0.27239 B   123 
 0.41412 -1.27621 -0.09608 W   123 
 0.16292 -1.57398  0.57246 B   124 
-0.07436 -1.44766  0.56894 I   124 
 0.34330 -1.78391  0.62379 B   125 
 0.13220 -2.07651  0.25204 R   125 
 0.44947 -1.84712  0.95597 B   126 
 0.24951 -1.65737  1.07977 B   127 
 0.36486 -1.42800  0.88364 X   127 
 0.13440 -1.50598  1.39093 B   128 
-0.02607 -1.76126  1.66214 R   128 
-0.24197 -1.48913  1.38068 B   129 
-0.15951 -1.35173  1.17621 L   129 
