246 
 0.40470  0.82672  0.96936 B   1 
 0.03356  0.93272  1.13446 K   1 
 0.32179  0.60511  1.23841 B   2 
 0.54863  0.48539  1.27555 V   2 
 0.09931  0.37367  1.24936 B   3 
-0.14655  0.59158  0.96654 F   3 
-0.14084  0.21437  1.37960 B   4 
-0.32371 -0.04457  1.33196 B   5 
-0.36445 -0.44656  1.49425 R   5 
-0.61436  0.06282  1.40858 B   6 
-0.68524 -0.13740  1.63936 X   6 
-0.56223  0.33475  1.26734 B   7 
-0.32748  0.62390  1.38434 E   7 
-0.52521  0.23207  0.97783 B   8 
-0.26338  0.17532  0.82840 L   8 
-0.78537  0.07447  0.94756 B   9 
-0.76390 -0.10364  1.06993 A   9 
-0.96894  0.31705  0.97824 B   10 
-0.96506  0.36950  1.19051 A   10 
-0.86004  0.47935  0.73753 B   11 
-0.68223  0.58079  0.80860 A   11 
-0.89612  0.26023  0.52156 B   12 
-0.52495  0.04385  0.51951 M   12 
-1.19731  0.24273  0.55943 B   13 
-1.44586  0.02044  0.83694 K   13 
-1.28645  0.53000  0.50822 B   14 
-1.10022  0.91712  0.65670 R   14 
-1.14077  0.50338  0.21350 B   15 
-0.87891  0.77082  0.32073 H   15 
-1.26571  0.20501  0.10936 B   16 
-1.08382 -0.07735  0.13924 B   17 
-0.79353  0.05811  0.08801 L   17 
-1.29642 -0.24829  0.23992 B   18 
-1.37532 -0.37392  0.50888 D   18 
-1.34642 -0.48253 -0.00172 B   19 
-1.53126 -0.58554  0.24086 N   19 
-1.16694 -0.40004 -0.21350 B   20 
-1.10877 -0.03183 -0.45067 Y   20 
-1.18461 -0.60507 -0.46722 B   21 
-1.18161 -0.32974 -0.85418 R   21 
-1.22769 -0.83357 -0.21855 B   22 
-1.04433 -0.70032  0.01304 B   23 
-0.74045 -0.86796 -0.30453 Y   23 
-1.00537 -0.72108  0.31342 B   24 
-1.05836 -0.91520  0.43347 S   24 
-0.88078 -0.51890  0.54801 B   25 
-1.01052 -0.27821  0.70227 L   25 
-0.65854 -0.71875  0.65505 B   26 
-0.48781 -0.71719  0.39713 B   27 
-0.65024 -0.96965  0.24290 N   27 
-0.40410 -0.42076  0.39914 B   28 
-0.63938 -0.31497  0.03516 W   28 
-0.27332 -0.42092  0.67771 B   29 
-0.44111 -0.36320  0.86770 V   29 
-0.07522 -0.64714  0.62226 B   30 
-0.09316 -0.92392  0.62915 X   30 
 0.07544 -0.50960  0.39283 B   31 
-0.05403 -0.52601  0.21728 A   31 
 0.16613 -0.25249  0.53908 B   32 
-0.00589 -0.12376  0.55138 A   32 
 0.33021 -0.39876  0.75287 B   33 
 0.36120 -0.52108  1.06986 K   33 
 0.53645 -0.55389  0.53645 B   34 
 0.41786 -0.89401  0.73463 F   34 
 0.61574 -0.29588  0.36441 B   35 
 0.47564 -0.41506  0.06432 E   35 
 0.63482 -0.04394  0.61494 B   36 
 0.48165  0.08511  0.51999 S   36 
 0.53820 -0.06650  0.91099 B   37 
 0.71337 -0.19760  1.09646 N   37 
 0.33704  0.18941  0.90346 B   38 
 0.11267 -0.11996  1.06071 F   38 
 0.53225  0.38370  0.72015 B   39 
 0.77691  0.49922  0.85118 N   39 
 0.49711  0.66383  0.51887 B   40 
 0.31432  0.79077  0.63119 T   40 
 0.83035  0.71615  0.48428 B   41 
 0.87044  1.03810  0.71693 Q   41 
 0.88945  0.47109  0.32879 B   42 
 0.85723  0.30089  0.44998 A   42 
 1.19295  0.37662  0.14905 B   43 
 1.21422  0.61457  0.09592 T   43 
 1.28806  0.17372 -0.15115 B   44 
 1.23647  0.00123  0.13441 N   44 
 1.53137  0.05149 -0.33227 B   45 
 1.75709  0.41221 -0.60793 R   45 
 1.56119 -0.07761 -0.65231 B   46 
 1.22694 -0.12034 -0.59084 N   46 
 1.73430 -0.25617 -0.88008 B   47 
 1.79415 -0.49827 -0.81251 T   47 
 1.58690 -0.08410 -1.12589 B   48 
 1.32754 -0.13577 -1.10578 D   48 
 1.59146  0.22368 -0.97527 B   49 
 1.36071  0.23507 -0.83115 B   50 
 1.16847  0.11393 -0.92483 S   50 
 1.09207  0.32897 -0.58484 B   51 
 1.29750  0.46764 -0.47220 T   51 
 0.94687  0.28040 -0.27856 B   52 
 0.87562 -0.04096 -0.37639 D   52 
 0.63661  0.42335 -0.13722 B   53 
 0.94549  0.71314 -0.36382 Y   53 
 0.52096  0.41218  0.16348 B   54 
 0.27925  0.21221  0.32482 B   55 
 0.09941  0.31413  0.50145 I   55 
 0.26130  0.05037  0.01288 B   56 
-0.04942  0.00415  0.08095 L   56 
 0.50250  0.05538 -0.17208 B   57 
 0.76601  0.03342  0.05050 Q   57 
 0.49581  0.25079 -0.41492 B   58 
 0.19317  0.31647 -0.42803 I   58 
 0.60914  0.25086 -0.73969 B   59 
 0.80450  0.05030 -0.85980 N   59 
 0.80553  0.46022 -0.96893 B   60 
 0.99952  0.51030 -0.85761 S   60 
 0.76677  0.30651 -1.25357 B   61 
 1.12580  0.10232 -1.37192 R   61 
 0.42497  0.33733 -1.24335 B   62 
 0.51443 -0.06529 -1.43764 W   62 
 0.28011  0.54686 -1.01258 B   63 
 0.10339  0.14588 -1.01409 W   63 
 0.52247  0.75590 -0.95360 B   64 
 0.53386  0.73145 -0.69487 X   64 
 0.71248  1.06158 -0.92286 B   65 
 0.80032  1.21493 -1.16158 N   65 
 1.08808  1.11524 -0.85493 B   66 
 1.14915  0.85591 -0.81387 D   66 
 1.29738  1.20521 -1.09666 B   67 
 1.47741  0.89034 -1.10141 B   68 
 1.61712  0.81709 -0.65458 R   68 
 1.28898  0.70761 -1.32031 B   69 
 1.20764  0.57181 -1.11987 T   69 
 1.33513  0.56523 -1.59068 B   70 
 1.54606  0.56961 -1.55520 P   70 
 1.05054  0.48908 -1.75955 B   71 
 0.82088  0.61925 -1.61908 B   72 
 0.90408  0.72837 -1.42508 S   72 
 0.44799  0.66761 -1.55317 B   73 
 0.34431  0.47874 -1.83823 R   73 
 0.24796  0.78899 -1.33771 B   74 
 0.30105  1.02912 -1.20552 N   74 
-0.05848  0.66622 -1.29276 B   75 
 0.00178  0.40211 -1.46991 L   75 
-0.13649  0.84535 -1.02362 B   76 
-0.13742  0.58514 -0.85394 X   76 
-0.04881  1.12969 -1.06119 B   77 
-0.13188  1.30194 -1.25579 N   77 
 0.22353  1.15507 -0.85845 B   78 
 0.02191  1.13335 -0.64501 I   78 
 0.42353  1.24018 -0.62751 B   79 
 0.38798  1.44571 -0.64059 P   79 
 0.59059  1.02674 -0.43158 B   80 
 0.73443  0.84742 -0.64820 X   80 
 0.58112  1.21404 -0.17522 B   81 
 0.67870  1.41562 -0.26071 S   81 
 0.27208  1.18906 -0.12682 B   82 
 0.18349  1.28490 -0.29199 A   82 
 0.32315  0.88420 -0.01608 B   83 
 0.26160  0.73140 -0.29891 L   83 
 0.44953  1.02095  0.27503 B   84 
 0.73175  0.93720  0.12808 L   84 
 0.22327  1.12235  0.40785 B   85 
 0.08705  1.33483  0.34911 S   85 
 0.00011  1.12938  0.67617 B   86 
 0.05347  1.31889  0.81253 S   86 
-0.18930  1.13977  0.43560 B   87 
-0.42078  1.30623  0.37107 D   87 
-0.32866  0.84727  0.27739 B   88 
-0.35066  0.66451  0.47181 I   88 
-0.49628  0.92515  0.02852 B   89 
-0.65528  1.12653  0.09661 T   89 
-0.29070  0.87964 -0.20043 B   90 
-0.15824  1.05192 -0.19660 A   90 
-0.22703  0.57940 -0.14592 B   91 
-0.01052  0.60277  0.02110 S   91 
-0.51385  0.47479 -0.16972 B   92 
-0.64842  0.49639  0.05421 V   92 
-0.58393  0.56650 -0.45405 B   93 
-0.74536  0.85147 -0.37714 N   93 
-0.34478  0.41194 -0.57414 B   94 
-0.08355  0.50628 -0.63777 X   94 
-0.40790  0.12938 -0.46632 B   95 
-0.35643  0.13254 -0.25731 A   95 
-0.67829  0.09826 -0.61240 B   96 
-0.97338  0.32918 -0.33582 K   96 
-0.53782  0.08742 -0.89038 B   97 
-0.51136  0.44306 -1.03581 K   97 
-0.34789 -0.15142 -0.84361 B   98 
-0.09348 -0.03709 -0.70801 I   98 
-0.56369 -0.37514 -0.76394 B   99 
-0.65652 -0.37262 -0.55137 V   99 
-0.71305 -0.31842 -1.05806 B   100 
-0.87789 -0.15539 -0.93527 S   100 
-0.48364 -0.42461 -1.27068 B   101 
-0.23692 -0.30928 -1.32751 D   101 
-0.51420 -0.78452 -1.22616 B   102 
-0.32914 -0.91019 -0.96693 B   103 
-0.10471 -0.95018 -1.19780 N   103 
-0.40680 -0.76457 -0.74378 B   104 
-0.23037 -0.80891 -0.44059 B   105 
-0.43535 -0.69573 -0.12600 M   105 
 0.02566 -0.93116 -0.59193 B   106 
-0.13381 -1.21737 -0.63685 N   106 
 0.16907 -0.65316 -0.62089 B   107 
 0.02990 -0.53969 -0.72810 A   107 
 0.23577 -0.73254 -0.32136 B   108 
-0.01031 -0.33632 -0.29504 W   108 
 0.49303 -0.91277 -0.21440 B   109 
 0.69905 -0.88522 -0.36391 V   109 
 0.43003 -0.91837  0.09214 B   110 
 0.51940 -0.74086  0.17271 A   110 
 0.14552 -1.02381  0.06600 B   111 
-0.22478 -1.02159 -0.05430 W   111 
 0.20253 -1.28559 -0.09007 B   112 
 0.40705 -1.33115 -0.45670 R   112 
 0.44066 -1.39338  0.11675 B   113 
 0.66238 -1.37497 -0.11948 N   113 
 0.26584 -1.29748  0.41157 B   114 
 0.68980 -1.08676  0.57959 R   114 
-0.06920 -1.29003  0.35879 B   115 
-0.00029 -0.98508  0.42076 X   115 
-0.14478 -1.49408  0.17190 B   116 
-0.19354 -1.52128 -0.26965 K   116 
-0.34611 -1.74799  0.31768 B   117 
-0.40006 -1.60195  0.57214 B   118 
-0.15967 -1.51718  0.62125 T   118 
-0.51324 -1.46171  0.87933 B   119 
-0.70645 -1.55584  1.06909 D   119 
-0.60091 -1.13761  0.81840 B   120 
-0.56919 -1.14493  0.57059 V   120 
-0.80350 -1.07462  1.04876 B   121 
-1.12466 -1.31850  0.94428 Q   121 
-0.58403 -1.03660  1.27103 B   122 
-0.49344 -1.22242  1.28574 A   122 
-0.52443 -0.72856  1.17995 B   123 
-0.13941 -0.84792  1.03491 W   123 
-0.82566 -0.63466  1.32181 B   124 
-0.94392 -0.60146  1.08268 I   124 
-0.80813 -0.70325  1.59426 B   125 
-0.85240 -1.20787  1.48573 R   125 
-0.95210 -0.49070  1.83860 B   126 
-1.09425 -0.31711  1.63618 B   127 
-0.80868 -0.27423  1.49130 X   127 
-1.30088 -0.02019  1.58998 B   128 
-1.67267 -0.03758  1.75106 R   128 
-1.55629 -0.09566  1.32331 B   129 
-1.32458 -0.12817  1.21042 L   129 
