246 
 1.25715  0.44251 -0.10330 B   1 
 1.44550  0.09480 -0.24422 K   1 
 1.26288  0.44212 -0.46155 B   2 
 1.19540  0.68714 -0.51235 V   2 
 1.09409  0.26182 -0.66693 B   3 
 1.07717 -0.05960 -0.37655 F   3 
 1.05759  0.07470 -0.91925 B   4 
 0.82982 -0.07334 -1.08945 B   5 
 0.62892 -0.02482 -1.47271 R   5 
 0.96176 -0.35854 -1.14541 B   6 
 0.95896 -0.35715 -1.45904 X   6 
 1.07722 -0.37300 -0.85719 B   7 
 1.37286 -0.16671 -0.70735 E   7 
 0.81134 -0.37287 -0.69897 B   8 
 0.67083 -0.13604 -0.56377 L   8 
 0.67213 -0.60805 -0.83591 B   9 
 0.61576 -0.53918 -1.03400 A   9 
 0.87707 -0.81717 -0.74786 B   10 
 1.05458 -0.78369 -0.87113 A   10 
 0.84449 -0.77771 -0.44205 B   11 
 0.96750 -0.60716 -0.38974 A   11 
 0.53771 -0.81849 -0.42861 B   12 
 0.37096 -0.42563 -0.47813 M   12 
 0.54943 -1.10231 -0.53709 B   13 
 0.56041 -1.26230 -0.94018 K   13 
 0.73516 -1.24062 -0.33843 B   14 
 1.12590 -1.09050 -0.16128 R   14 
 0.52364 -1.14693 -0.10333 B   15 
 0.79637 -0.91278  0.04629 H   15 
 0.22914 -1.24272 -0.24322 B   16 
 0.03315 -1.01865 -0.40161 B   17 
 0.10264 -0.76526 -0.21132 L   17 
-0.03142 -1.18246 -0.63303 B   18 
 0.04735 -1.19317 -0.92972 D   18 
-0.36632 -1.23908 -0.61332 B   19 
-0.28725 -1.36089 -0.90061 N   19 
-0.44105 -1.11402 -0.36303 B   20 
-0.31445 -1.15378  0.05839 Y   20 
-0.76161 -1.14564 -0.30850 B   21 
-0.80271 -1.25177  0.15259 R   21 
-0.77439 -1.10985 -0.64682 B   22 
-0.52313 -0.91027 -0.69209 B   23 
-0.85712 -0.64579 -0.49259 Y   23 
-0.34434 -0.81627 -0.91874 B   24 
-0.41428 -0.81792 -1.14236 S   24 
-0.03854 -0.68357 -0.93627 B   25 
 0.24496 -0.81821 -0.92858 L   25 
-0.12174 -0.41883 -1.09047 B   26 
-0.28799 -0.29844 -0.85909 B   27 
-0.57994 -0.44634 -0.94154 N   27 
-0.06108 -0.26051 -0.65426 B   28 
-0.21600 -0.56935 -0.37205 W   28 
 0.11912 -0.08405 -0.83061 B   29 
 0.28649 -0.22234 -0.97359 V   29 
-0.08944  0.13242 -0.88663 B   30 
-0.29573  0.15716 -1.07050 X   30 
-0.13364  0.21818 -0.59518 B   31 
-0.25969  0.06364 -0.50530 A   31 
 0.15680  0.29418 -0.52041 B   32 
 0.26310  0.10990 -0.48793 A   32 
 0.18368  0.51323 -0.73329 B   33 
 0.29590  0.61744 -1.03817 K   33 
-0.07507  0.69869 -0.62333 B   34 
-0.20545  0.66862 -1.01207 F   34 
 0.00980  0.70729 -0.31482 B   35 
-0.27521  0.53565 -0.19998 E   35 
 0.36400  0.73278 -0.33706 B   36 
 0.40100  0.54787 -0.22058 S   36 
 0.53885  0.69435 -0.59288 B   37 
 0.55891  0.91695 -0.77266 N   37 
 0.72920  0.45938 -0.47217 B   38 
 0.59588  0.31460 -0.83555 F   38 
 0.75803  0.58824 -0.16882 B   39 
 0.93051  0.83234 -0.13664 N   39 
 0.84099  0.47704  0.14895 B   40 
 1.01076  0.30020  0.10373 T   40 
 0.85785  0.78747  0.28435 B   41 
 1.25374  0.81989  0.32436 Q   41 
 0.57035  0.85382  0.25853 B   42 
 0.51933  0.86905  0.05394 A   42 
 0.38141  1.13143  0.40200 B   43 
 0.52816  1.10752  0.59639 T   43 
 0.03217  1.20103  0.51828 B   44 
 0.08596  1.22676  0.18601 N   44 
-0.17871  1.42393  0.63139 B   45 
-0.08303  1.54153  1.11520 R   45 
-0.48449  1.41557  0.79389 B   46 
-0.47663  1.10748  0.64441 N   46 
-0.76838  1.57026  0.88986 B   47 
-0.90906  1.67626  0.70082 T   47 
-0.79639  1.35797  1.14657 B   48 
-0.82227  1.11678  1.03934 D   48 
-0.46439  1.34343  1.23023 B   49 
-0.36193  1.14264  1.07749 B   50 
-0.51457  0.95696  1.02619 S   50 
-0.13033  0.91078  0.89239 B   51 
 0.04792  1.11005  0.94375 T   51 
 0.03142  0.83073  0.60140 B   52 
-0.27660  0.79171  0.45469 D   52 
 0.23241  0.53260  0.51541 B   53 
 0.30573  0.75029  0.93728 Y   53 
 0.41898  0.47478  0.25895 B   54 
 0.37165  0.29766 -0.04242 B   55 
 0.56404  0.13874 -0.15039 I   55 
 0.04627  0.24909  0.08243 B   56 
 0.05570 -0.03442 -0.06874 L   56 
-0.07019  0.45042  0.27817 B   57 
 0.05689  0.74937  0.16012 Q   57 
-0.07874  0.37212  0.57983 B   58 
-0.03671  0.06558  0.56128 I   58 
-0.28936  0.42508  0.84658 B   59 
-0.52027  0.62367  0.85402 N   59 
-0.27881  0.54473  1.19374 B   60 
-0.16886  0.74574  1.18756 S   60 
-0.58028  0.47953  1.29870 B   61 
-0.81309  0.83825  1.34026 R   61 
-0.54961  0.14417  1.23185 B   62 
-0.98230  0.25654  1.14236 W   62 
-0.24024  0.01292  1.15972 B   63 
-0.54629 -0.09995  0.86714 W   63 
-0.04322  0.22822  1.30375 B   64 
 0.10581  0.28859  1.09927 X   64 
 0.20917  0.37329  1.51761 B   65 
 0.17110  0.39394  1.81146 N   65 
 0.29344  0.74284  1.58766 B   66 
 0.12245  0.84791  1.40768 D   66 
 0.20494  0.89053  1.87173 B   67 
-0.03824  1.11150  1.71805 B   68 
 0.19532  1.33715  1.37298 R   68 
-0.31895  0.91655  1.72151 B   69 
-0.29233  0.89288  1.46860 T   69 
-0.60268  0.93482  1.84261 B   70 
-0.57671  1.14569  1.86767 P   70 
-0.76964  0.63935  1.85412 B   71 
-0.57908  0.42139  1.77928 B   72 
-0.37038  0.52044  1.72357 S   72 
-0.49891  0.06300  1.67507 B   73 
-0.82731 -0.06024  1.74320 R   73 
-0.26649 -0.11160  1.54596 B   74 
 0.00196 -0.07215  1.61176 N   74 
-0.33034 -0.38368  1.36461 B   75 
-0.64639 -0.31721  1.34309 L   75 
-0.01937 -0.43862  1.26027 B   76 
-0.10757 -0.37106  0.97018 X   76 
 0.17268 -0.40202  1.48771 B   77 
 0.17789 -0.54270  1.72143 N   77 
 0.32294 -0.10497  1.41626 B   78 
 0.44507 -0.26029  1.19798 I   78 
 0.53708  0.11780  1.34493 B   79 
 0.68520  0.05048  1.47611 P   79 
 0.50124  0.34654  1.10359 B   80 
 0.22405  0.47484  1.18406 X   80 
 0.81004  0.35485  1.02967 B   81 
 0.90799  0.40488  1.24267 S   81 
 0.82291  0.06636  0.90686 B   82 
 0.78900 -0.06319  1.06929 A   82 
 0.66241  0.18073  0.64423 B   83 
 0.36285  0.09354  0.74318 L   83 
 0.95501  0.33485  0.54396 B   84 
 0.79552  0.59594  0.66499 L   84 
 1.11869  0.12310  0.45743 B   85 
 1.24267 -0.05128  0.60363 S   85 
 1.29831 -0.04774  0.21168 B   86 
 1.53092  0.00019  0.24252 S   86 
 1.15064 -0.27605  0.35282 B   87 
 1.23598 -0.53734  0.45234 D   87 
 0.82558 -0.39629  0.25338 B   88 
 0.81244 -0.35633 -0.01104 I   88 
 0.72388 -0.61485  0.44828 B   89 
 0.92164 -0.78737  0.48828 T   89 
 0.54050 -0.44848  0.63654 B   90 
 0.67396 -0.34440  0.77290 A   90 
 0.34706 -0.33245  0.42138 B   91 
 0.47274 -0.09574  0.36226 S   91 
 0.25247 -0.60027  0.30694 B   92 
 0.41426 -0.69490  0.12367 V   92 
 0.13815 -0.73222  0.55930 B   93 
 0.40529 -0.91793  0.64495 N   93 
-0.05779 -0.49781  0.60584 B   94 
-0.02762 -0.26881  0.77268 X   94 
-0.20300 -0.49839  0.33314 B   95 
-0.06522 -0.41188  0.19215 A   95 
-0.32091 -0.78267  0.35945 B   96 
 0.03469 -1.05520  0.23227 K   96 
-0.50955 -0.69344  0.59090 B   97 
-0.33300 -0.74601  0.92913 K   97 
-0.66146 -0.46500  0.44931 B   98 
-0.48694 -0.21043  0.47959 I   98 
-0.77984 -0.62782  0.19942 B   99 
-0.64000 -0.68102  0.02214 V   99 
-0.92701 -0.83347  0.41869 B   100 
-0.72299 -0.99634  0.39262 S   100 
-1.14606 -0.63203  0.56206 B   101 
-1.09548 -0.41905  0.73376 D   101 
-1.39125 -0.60064  0.29495 B   102 
-1.31927 -0.35620  0.06624 B   103 
-1.49972 -0.17263  0.26374 N   103 
-1.06361 -0.41394 -0.02509 B   104 
-0.90119 -0.18218 -0.23704 B   105 
-0.61077 -0.34289 -0.44591 M   105 
-1.09280  0.05835 -0.14308 B   106 
-1.33962 -0.06240 -0.32712 N   106 
-0.90010  0.15163  0.08682 B   107 
-0.88293 -0.01952  0.20578 A   107 
-0.76654  0.28115 -0.16981 B   108 
-0.44732 -0.01231  0.00400 W   108 
-0.83491  0.57705 -0.30351 B   109 
-0.91118  0.74707 -0.12791 V   109 
-0.64041  0.57067 -0.54866 B   110 
-0.45316  0.64558 -0.47576 A   110 
-0.73717  0.30482 -0.66135 B   111 
-0.81282 -0.07709 -0.65613 W   111 
-1.03778  0.37149 -0.69776 B   112 
-1.31043  0.51255 -0.40779 R   112 
-0.98623  0.65568 -0.86414 B   113 
-1.12568  0.82702 -0.62645 N   113 
-0.72184  0.52340 -1.06232 B   114 
-0.45319  0.93442 -0.95618 R   114 
-0.74981  0.18695 -1.09569 B   115 
-0.47751  0.21980 -0.93332 X   115 
-1.02620  0.11063 -1.10339 B   116 
-1.33299 -0.01072 -0.80467 K   116 
-1.12475 -0.02197 -1.41797 B   117 
-0.84853 -0.05119 -1.52678 B   118 
-0.75255  0.17886 -1.45430 T   118 
-0.54245 -0.12787 -1.69193 B   119 
-0.49083 -0.26845 -1.93640 D   119 
-0.33496 -0.27191 -1.46249 B   120 
-0.50119 -0.28370 -1.27622 V   120 
-0.13736 -0.43772 -1.64007 B   121 
-0.39026 -0.73258 -1.79053 Q   121 
 0.03527 -0.19056 -1.73021 B   122 
-0.09685 -0.07230 -1.83747 A   122 
 0.21074 -0.19423 -1.45464 B   123 
 0.02520  0.17251 -1.33381 W   123 
 0.37469 -0.47622 -1.56987 B   124 
 0.24521 -0.63842 -1.39901 I   124 
 0.49900 -0.40093 -1.81095 B   125 
 0.04444 -0.38846 -2.05913 R   125 
 0.81947 -0.52937 -1.89103 B   126 
 0.82072 -0.72912 -1.66428 B   127 
 0.75900 -0.48314 -1.46411 X   127 
 1.01725 -0.98230 -1.49031 B   128 
 1.10903 -1.31308 -1.70625 R   128 
 0.78739 -1.26673 -1.39920 B   129 
 0.68908 -1.05637 -1.28271 L   129 
