246 
-1.06969 -0.71574  0.36110 B   1 
-0.88056 -1.06097  0.50701 K   1 
-1.01237 -0.68517  0.71345 B   2 
-1.15855 -0.47866  0.76960 V   2 
-0.73596 -0.64056  0.87089 B   3 
-0.52014 -0.85019  0.55881 F   3 
-0.52370 -0.69997  1.09767 B   4 
-0.24426 -0.59270  1.21241 B   5 
-0.10048 -0.36679  1.55576 R   5 
-0.08596 -0.86392  1.26954 B   6 
-0.03258 -0.82993  1.57674 X   6 
-0.19069 -0.99235  1.00658 B   7 
-0.55263 -1.11602  0.92843 E   7 
-0.06174 -0.79774  0.80353 B   8 
-0.19001 -0.55682  0.66348 L   8 
 0.22932 -0.81643  0.89503 B   9 
 0.24111 -0.71071  1.08434 A   9 
 0.26027 -1.11355  0.82981 B   10 
 0.15054 -1.22143  0.98521 A   10 
 0.19653 -1.09410  0.52699 B   11 
-0.01955 -1.09334  0.51071 A   11 
 0.40627 -0.87764  0.45549 B   12 
 0.20078 -0.50340  0.50364 M   12 
 0.64271 -1.04783  0.54258 B   13 
 0.83105 -1.11349  0.92784 K   13 
 0.61012 -1.29785  0.37077 B   14 
 0.23241 -1.53335  0.27873 R   14 
 0.62009 -1.09722  0.10917 B   15 
 0.24951 -1.18592  0.02921 H   15 
 0.89209 -0.90860  0.18610 B   16 
 0.85590 -0.60259  0.32304 B   17 
 0.58224 -0.52304  0.16804 L   17 
 1.06259 -0.62779  0.52602 B   18 
 1.07495 -0.66725  0.83038 D   18 
 1.30030 -0.39930  0.44210 B   19 
 1.39898 -0.50711  0.72892 N   19 
 1.20274 -0.28930  0.19261 B   20 
 1.08910 -0.45496 -0.20090 Y   20 
 1.40634 -0.06046  0.07901 B   21 
 1.43687 -0.13764 -0.38861 R   21 
 1.44247  0.00466  0.41121 B   22 
 1.14471 -0.06877  0.51591 B   23 
 1.09700  0.33545  0.28004 Y   23 
 1.00366 -0.13087  0.77749 B   24 
 1.08361 -0.05453  0.98409 S   24 
 0.72231 -0.29056  0.85977 B   25 
 0.66174 -0.59679  0.89312 L   25 
 0.58712 -0.04950  1.01598 B   26 
 0.55004  0.13187  0.76818 B   27 
 0.85218  0.28129  0.78531 N   27 
 0.35256 -0.04473  0.61103 B   28 
 0.64061 -0.13689  0.28306 W   28 
 0.13684 -0.06304  0.82974 B   29 
 0.17256 -0.26483  0.98968 V   29 
 0.09679  0.23821  0.86344 B   30 
 0.22898  0.43434  1.00848 X   30 
 0.00557  0.29626  0.57611 B   31 
 0.18678  0.29356  0.45361 A   31 
-0.23738  0.10531  0.56082 B   32 
-0.15899 -0.09334  0.53421 A   32 
-0.39092  0.23753  0.79096 B   33 
-0.48790  0.24193  1.11804 K   33 
-0.40497  0.54333  0.65050 B   34 
-0.23926  0.66652  1.00600 F   34 
-0.51347  0.45103  0.36386 B   35 
-0.22982  0.56114  0.18695 E   35 
-0.73737  0.18870  0.45139 B   36 
-0.63206  0.03615  0.32987 S   36 
-0.76619  0.05251  0.73088 B   37 
-0.92413  0.18900  0.92759 N   37 
-0.71171 -0.25192  0.62905 B   38 
-0.45761 -0.19826  0.95051 F   38 
-0.88188 -0.22670  0.34645 B   39 
-1.18185 -0.21858  0.36436 N   39 
-0.89585 -0.39085  0.04135 B   40 
-0.84744 -0.62750  0.10294 T   40 
-1.17467 -0.22981 -0.06499 B   41 
-1.43896 -0.52703 -0.03049 Q   41 
-1.05454  0.04007 -0.08645 B   42 
-1.00226  0.10979  0.10616 A   42 
-1.18817  0.34311 -0.24025 B   43 
-1.28791  0.19351 -0.40628 T   43 
-1.05842  0.64974 -0.41195 B   44 
-1.05434  0.65556 -0.07445 N   44 
-1.13071  0.94003 -0.54405 B   45 
-1.36151  0.88781 -0.99245 R   45 
-0.97239  1.16061 -0.75913 B   46 
-0.70753  0.98283 -0.63434 N   46 
-0.94494  1.46905 -0.89271 B   47 
-0.91475  1.66298 -0.72466 T   47 
-0.80348  1.33749 -1.16554 B   48 
-0.57902  1.22267 -1.08322 D   48 
-1.00048  1.05807 -1.18889 B   49 
-0.87555  0.87073 -1.03578 B   50 
-0.63030  0.88414 -1.02695 S   50 
-0.79617  0.56575 -0.83001 B   51 
-1.06721  0.54031 -0.83326 T   51 
-0.77839  0.41821 -0.52152 B   52 
-0.54234  0.65251 -0.43606 D   52 
-0.64524  0.08756 -0.42347 B   53 
-0.93186  0.11965 -0.80760 Y   53 
-0.66544 -0.06955 -0.14270 B   54 
-0.44651 -0.10953  0.13099 B   55 
-0.41498 -0.34703  0.25955 I   55 
-0.23848  0.10593 -0.05372 B   56 
 0.00625 -0.05806  0.07485 L   56 
-0.36288  0.30041 -0.25149 B   57 
-0.65445  0.39241 -0.09028 Q   57 
-0.34663  0.23007 -0.55479 B   58 
-0.12508  0.01331 -0.55214 I   58 
-0.31022  0.40223 -0.85035 B   59 
-0.33370  0.70408 -0.88425 N   59 
-0.46976  0.43201 -1.17991 B   60 
-0.69249  0.46727 -1.13888 S   60 
-0.25921  0.62048 -1.34206 B   61 
-0.41427  1.01730 -1.39769 R   61 
-0.00000  0.40004 -1.29626 B   62 
 0.17939  0.81877 -1.27795 W   62 
-0.06497  0.08328 -1.17970 B   63 
 0.25306  0.28576 -0.95637 W   63 
-0.37532  0.04357 -1.26923 B   64 
-0.47602 -0.01753 -1.03729 X   64 
-0.67420 -0.08927 -1.42258 B   65 
-0.71779 -0.07568 -1.71607 N   65 
-1.02835  0.06071 -1.44824 B   66 
-0.98118  0.27713 -1.29460 D   66 
-1.14148  0.19194 -1.73164 B   67 
-1.14837  0.53290 -1.60805 B   68 
-1.40591  0.51881 -1.21055 R   68 
-0.82999  0.63652 -1.67671 B   69 
-0.78419  0.62612 -1.42565 T   69 
-0.69871  0.85986 -1.84520 B   70 
-0.88533  0.96438 -1.84920 P   70 
-0.36861  0.81199 -1.90884 B   71 
-0.29479  0.53696 -1.81755 B   72 
-0.48616  0.43743 -1.71786 S   72 
-0.04003  0.26717 -1.72794 B   73 
 0.23853  0.44545 -1.86320 R   73 
-0.01595 -0.00936 -1.57262 B   74 
-0.21554 -0.20416 -1.58583 N   74 
 0.26773 -0.10555 -1.42678 B   75 
 0.40374  0.18654 -1.45757 L   75 
 0.14674 -0.37425 -1.27257 B   76 
 0.19371 -0.23507 -0.99886 X   76 
-0.03307 -0.52632 -1.45829 B   77 
 0.03603 -0.63856 -1.69718 N   77 
-0.34455 -0.45840 -1.33875 B   78 
-0.25614 -0.62731 -1.11439 I   78 
-0.63457 -0.48588 -1.21343 B   79 
-0.69004 -0.65659 -1.32049 P   79 
-0.75427 -0.29543 -0.96595 B   80 
-0.70721 -0.00671 -1.08511 X   80 
-0.92925 -0.52716 -0.83720 B   81 
-1.06217 -0.59532 -1.02468 S   81 
-0.68736 -0.69967 -0.73619 B   82 
-0.59216 -0.76723 -0.91137 A   82 
-0.63979 -0.47776 -0.49890 B   83 
-0.41190 -0.30351 -0.65648 L   83 
-0.91644 -0.60591 -0.33624 B   84 
-1.05044 -0.33392 -0.46398 L   84 
-0.82983 -0.85478 -0.23786 B   85 
-0.78882 -1.07264 -0.37207 S   85 
-0.75817 -1.07581  0.02263 B   86 
-0.93760 -1.23370  0.03789 S   86 
-0.51445 -1.11109 -0.15961 B   87 
-0.37403 -1.34636 -0.26155 D   87 
-0.21199 -0.91710 -0.12970 B   88 
-0.19142 -0.85646  0.13028 I   88 
-0.01199 -0.98812 -0.35564 B   89 
 0.00224 -1.25268 -0.37226 T   89 
-0.06822 -0.76115 -0.56076 B   90 
-0.25188 -0.81714 -0.66261 A   90 
-0.01068 -0.51689 -0.37583 B   91 
-0.26199 -0.46724 -0.27737 S   91 
 0.27635 -0.59280 -0.30083 B   92 
 0.28751 -0.75981 -0.09908 V   92 
 0.40539 -0.60714 -0.57887 B   93 
 0.38175 -0.93901 -0.62876 N   93 
 0.32645 -0.31513 -0.64212 B   94 
 0.09910 -0.21694 -0.78305 X   94 
 0.45790 -0.17382 -0.40087 B   95 
 0.33238 -0.21648 -0.23125 A   95 
 0.74792 -0.25513 -0.46934 B   96 
 0.77717 -0.68843 -0.30112 K   96 
 0.74864 -0.07492 -0.72359 B   97 
 0.62994 -0.27960 -1.02747 K   97 
 0.68035  0.19724 -0.59485 B   98 
 0.37120  0.21027 -0.57393 I   98 
 0.92088  0.21699 -0.38338 B   99 
 0.91103  0.09179 -0.18833 V   99 
 1.13317  0.18730 -0.64044 B   100 
 1.14721 -0.06985 -0.59041 S   100 
 1.07759  0.46809 -0.80531 B   101 
 0.85017  0.53997 -0.94853 D   101 
 1.24130  0.70720 -0.58514 B   102 
 1.04388  0.82069 -0.32943 B   103 
 0.97073  1.05483 -0.54179 N   103 
 0.95533  0.59273 -0.19817 B   104 
 0.71216  0.62542  0.05643 B   105 
 0.70470  0.31933  0.30147 M   105 
 0.61784  0.91305 -0.05210 B   106 
 0.88914  1.05324  0.07485 N   106 
 0.39229  0.79449 -0.23582 B   107 
 0.49788  0.66569 -0.36231 A   107 
 0.25462  0.79257  0.04969 B   108 
 0.27106  0.34568 -0.08542 W   108 
 0.08259  1.03873  0.19081 B   109 
-0.03714  1.18449  0.01767 V   109 
 0.01504  0.90534  0.46579 B   110 
-0.16629  0.79546  0.43366 A   110 
 0.30149  0.83215  0.53883 B   111 
 0.64771  0.66048  0.49129 W   111 
 0.43081  1.11364  0.52544 B   112 
 0.42978  1.38582  0.20257 R   112 
 0.20333  1.26117  0.71932 B   113 
 0.10910  1.45154  0.47401 N   113 
 0.18676  0.99177  0.95133 B   114 
-0.31433  1.01754  0.92662 R   114 
 0.47553  0.81370  0.95366 B   115 
 0.26265  0.60236  0.84593 X   115 
 0.69920  0.98675  0.90567 B   116 
 0.92475  1.12636  0.54830 K   116 
 0.91506  1.01547  1.18645 B   117 
 0.79479  0.79024  1.34071 B   118 
 0.54397  0.84635  1.30425 T   118 
 0.70417  0.51827  1.55203 B   119 
 0.82659  0.41657  1.79049 D   119 
 0.65819  0.24455  1.35351 B   120 
 0.73350  0.35042  1.14000 V   120 
 0.70385  0.00563  1.55076 B   121 
 1.11110  0.04203  1.63054 Q   121 
 0.42198  0.02755  1.68889 B   122 
 0.42367  0.21407  1.77921 A   122 
 0.27569 -0.14052  1.44995 B   123 
 0.07323  0.21597  1.32568 W   123 
 0.42267 -0.42926  1.57123 B   124 
 0.59832 -0.44186  1.36811 I   124 
 0.33080 -0.45818  1.83574 B   125 
 0.62895 -0.06692  1.99821 R   125 
 0.25845 -0.78123  1.96230 B   126 
 0.37788 -0.92537  1.72508 B   127 
 0.18527 -0.74759  1.53620 X   127 
 0.43420 -1.25096  1.57077 B   128 
 0.67911 -1.50222  1.77414 R   128 
 0.77899 -1.25028  1.41856 B   129 
 0.65014 -1.05687  1.30247 L   129 
