246 
-0.94849 -0.88079  0.33388 B   1 
-0.71067 -1.18540  0.49787 K   1 
-0.91436 -0.83354  0.68740 B   2 
-1.09611 -0.65401  0.73106 V   2 
-0.65754 -0.73896  0.85555 B   3 
-0.39432 -0.91495  0.55948 F   3 
-0.44952 -0.75640  1.09311 B   4 
-0.19830 -0.60047  1.21697 B   5 
-0.11189 -0.34618  1.55970 R   5 
 0.00088 -0.83931  1.28881 B   6 
 0.03274 -0.79030  1.59696 X   6 
-0.06759 -0.98922  1.02528 B   7 
-0.39898 -1.17468  0.93479 E   7 
 0.03605 -0.77965  0.82262 B   8 
-0.12441 -0.56724  0.67016 L   8 
 0.32126 -0.74629  0.92740 B   9 
 0.30570 -0.63620  1.11393 A   9 
 0.40545 -1.03500  0.87218 B   10 
 0.30828 -1.15683  1.02561 A   10 
 0.35409 -1.03305  0.56641 B   11 
 0.14208 -1.06967  0.54057 A   11 
 0.52714 -0.78539  0.49806 B   12 
 0.25887 -0.45098  0.52630 M   12 
 0.78460 -0.91070  0.60038 B   13 
 0.96246 -0.93510  0.99531 K   13 
 0.80340 -1.16612  0.43455 B   14 
 0.47620 -1.46472  0.33271 R   14 
 0.79175 -0.97223  0.16799 B   15 
 0.44600 -1.12476  0.07430 H   15 
 1.02363 -0.73823  0.25141 B   16 
 0.92929 -0.44017  0.37777 B   17 
 0.65393 -0.41193  0.20859 L   17 
 1.12717 -0.42536  0.59033 B   18 
 1.13129 -0.45579  0.89595 D   18 
 1.32630 -0.16131  0.51047 B   19 
 1.42787 -0.24464  0.80435 N   19 
 1.22365 -0.07486  0.25384 B   20 
 1.15908 -0.26569 -0.13939 Y   20 
 1.39061  0.18307  0.14282 B   21 
 1.45646  0.10256 -0.32058 R   21 
 1.39897  0.26030  0.47429 B   22 
 1.11333  0.13913  0.56778 B   23 
 1.00902  0.52421  0.31851 Y   23 
 0.97240  0.05923  0.82455 B   24 
 1.02808  0.15241  1.03220 S   24 
 0.71868 -0.14457  0.89886 B   25 
 0.70957 -0.45589  0.93830 L   25 
 0.53702  0.07295  1.04195 B   26 
 0.48168  0.24010  0.78764 B   27 
 0.75278  0.43940  0.81381 N   27 
 0.32499  0.02905  0.62705 B   28 
 0.64007 -0.01919  0.31493 W   28 
 0.10519 -0.02140  0.83645 B   29 
 0.16693 -0.21073  1.00355 V   29 
 0.01286  0.26916  0.85967 B   30 
 0.10255  0.48801  1.00472 X   30 
-0.07287  0.30474  0.56703 B   31 
 0.11188  0.33058  0.45279 A   31 
-0.27875  0.07471  0.54651 B   32 
-0.16650 -0.10809  0.52912 A   32 
-0.46353  0.18341  0.76574 B   33 
-0.57558  0.17792  1.08795 K   33 
-0.52258  0.47929  0.61607 B   34 
-0.39770  0.63642  0.97486 F   34 
-0.59977  0.36383  0.32768 B   35 
-0.33076  0.51723  0.16039 E   35 
-0.77973  0.06890  0.41273 B   36 
-0.64423 -0.06584  0.30042 S   36 
-0.79847 -0.06438  0.69447 B   37 
-0.98669  0.04708  0.88000 N   37 
-0.68810 -0.35702  0.60395 B   38 
-0.46273 -0.25395  0.93466 F   38 
-0.84617 -0.36722  0.31350 B   39 
-1.14366 -0.41024  0.31788 N   39 
-0.81719 -0.53763  0.01292 B   40 
-0.73226 -0.76115  0.08337 T   40 
-1.11386 -0.42899 -0.11024 B   41 
-1.32508 -0.76632 -0.07892 Q   41 
-1.04053 -0.14302 -0.13411 B   42 
-1.01028 -0.06140  0.05854 A   42 
-1.21617  0.12938 -0.30232 B   43 
-1.28082 -0.03852 -0.46822 T   43 
-1.13233  0.45007 -0.47686 B   44 
-1.14566  0.46351 -0.13981 N   44 
-1.24648  0.72087 -0.62032 B   45 
-1.44301  0.62057 -1.07680 R   45 
-1.11777  0.96080 -0.83444 B   46 
-0.83288  0.83367 -0.69300 N   46 
-1.13678  1.26654 -0.97549 B   47 
-1.14821  1.46622 -0.81192 T   47 
-0.96193  1.15552 -1.23790 B   48 
-0.72546  1.08260 -1.14247 D   48 
-1.10713  0.84605 -1.26190 B   49 
-0.95971  0.68611 -1.09809 B   50 
-0.72104  0.74153 -1.07882 S   50 
-0.83965  0.40359 -0.88033 B   51 
-1.10192  0.33202 -0.89482 T   51 
-0.81200  0.26772 -0.56724 B   52 
-0.62370  0.54073 -0.47820 D   52 
-0.62943 -0.03311 -0.45393 B   53 
-0.89836 -0.05860 -0.85112 Y   53 
-0.63618 -0.18549 -0.16993 B   54 
-0.42717 -0.18168  0.11421 B   55 
-0.36195 -0.40754  0.25081 I   55 
-0.25014  0.06236 -0.06724 B   56 
 0.01240 -0.05456  0.07669 L   56 
-0.39609  0.22850 -0.27583 B   57 
-0.70653  0.27250 -0.13038 Q   57 
-0.35342  0.15569 -0.57596 B   58 
-0.09860 -0.01979 -0.55729 I   58 
-0.33256  0.32537 -0.87445 B   59 
-0.40539  0.61796 -0.91802 N   59 
-0.47867  0.32052 -1.21146 B   60 
-0.70587  0.31794 -1.18135 S   60 
-0.29565  0.53887 -1.36949 B   61 
-0.51311  0.90201 -1.44332 R   61 
-0.00525  0.36710 -1.30596 B   62 
 0.09916  0.81067 -1.29178 W   62 
-0.02093  0.04639 -1.18332 B   63 
 0.24680  0.30496 -0.95207 W   63 
-0.31528 -0.04777 -1.28531 B   64 
-0.41523 -0.12039 -1.05639 X   64 
-0.57940 -0.23301 -1.44785 B   65 
-0.61039 -0.23319 -1.74324 N   65 
-0.95224 -0.14650 -1.49344 B   66 
-0.95010  0.07795 -1.34415 D   66 
-1.07219 -0.04251 -1.78522 B   67 
-1.14298  0.29472 -1.67191 B   68 
-1.41334  0.24497 -1.28594 R   68 
-0.84393  0.44991 -1.72938 B   69 
-0.80926  0.45273 -1.47635 T   69 
-0.74457  0.68889 -1.89825 B   70 
-0.94584  0.75978 -1.91351 P   70 
-0.40845  0.69698 -1.94583 B   71 
-0.29341  0.44063 -1.84350 B   72 
-0.46965  0.31187 -1.74954 S   72 
-0.00110  0.22040 -1.73498 B   73 
 0.24928  0.44093 -1.86287 R   73 
 0.06213 -0.04463 -1.57086 B   74 
-0.10051 -0.27098 -1.58728 N   74 
 0.35063 -0.08773 -1.40992 B   75 
 0.43628  0.22264 -1.44306 L   75 
 0.26981 -0.36992 -1.25355 B   76 
 0.27909 -0.21910 -0.98214 X   76 
 0.12773 -0.55438 -1.44259 B   77 
 0.22642 -0.65806 -1.67486 N   77 
-0.19619 -0.53837 -1.33894 B   78 
-0.09131 -0.68494 -1.10613 I   78 
-0.48303 -0.61254 -1.22583 B   79 
-0.50338 -0.79241 -1.33028 P   79 
-0.64526 -0.44031 -0.98946 B   80 
-0.64230 -0.15034 -1.11468 X   80 
-0.78427 -0.69587 -0.86197 B   81 
-0.89440 -0.78968 -1.05311 S   81 
-0.52174 -0.82224 -0.74544 B   82 
-0.40805 -0.87612 -0.91423 A   82 
-0.52420 -0.59058 -0.51276 B   83 
-0.32192 -0.38317 -0.66505 L   83 
-0.78255 -0.76084 -0.35888 B   84 
-0.95454 -0.51854 -0.50018 L   84 
-0.65972 -0.98909 -0.24964 B   85 
-0.57578 -1.19943 -0.37559 S   85 
-0.56420 -1.18911  0.02001 B   86 
-0.71467 -1.37506  0.03185 S   86 
-0.30949 -1.18588 -0.15019 B   87 
-0.12631 -1.39567 -0.23901 D   87 
-0.04627 -0.94235 -0.11252 B   88 
-0.04895 -0.87370  0.14626 I   88 
 0.17361 -0.98273 -0.32726 B   89 
 0.23345 -1.24123 -0.33562 T   89 
 0.08958 -0.77306 -0.54111 B   90 
-0.07671 -0.86180 -0.64933 A   90 
 0.09568 -0.51877 -0.36092 B   91 
-0.16489 -0.51088 -0.27513 S   91 
 0.38746 -0.54279 -0.27114 B   92 
 0.41709 -0.70120 -0.06438 V   92 
 0.53039 -0.54059 -0.54268 B   93 
 0.56602 -0.87256 -0.58400 N   93 
 0.40606 -0.26780 -0.61773 B   94 
 0.17242 -0.21297 -0.77134 X   94 
 0.49969 -0.10107 -0.37507 B   95 
 0.37519 -0.16108 -0.21001 A   95 
 0.80229 -0.13290 -0.42828 B   96 
 0.89667 -0.55118 -0.24654 K   96 
 0.78466  0.03945 -0.68733 B   97 
 0.71739 -0.18881 -0.99015 K   97 
 0.66489  0.29850 -0.56962 B   98 
 0.35738  0.25880 -0.56276 I   98 
 0.88800  0.36356 -0.34836 B   99 
 0.89016  0.24260 -0.15043 V   99 
 1.11446  0.36536 -0.59483 B   100 
 1.16962  0.11551 -0.53685 S   100 
 1.01995  0.62898 -0.77000 B   101 
 0.79083  0.65784 -0.92515 D   101 
 1.12972  0.89713 -0.54977 B   102 
 0.90369  0.98040 -0.30642 B   103 
 0.80215  1.19408 -0.52845 N   103 
 0.84898  0.74342 -0.17269 B   104 
 0.59174  0.73924  0.06986 B   105 
 0.62461  0.44155  0.32303 M   105 
 0.45522  1.00413 -0.05096 B   106 
 0.69222  1.19134  0.08377 N   106 
 0.26231  0.84488 -0.24100 B   107 
 0.39429  0.73348 -0.35893 A   107 
 0.11330  0.82534  0.03809 B   108 
 0.21209  0.38516 -0.08325 W   108 
-0.10475  1.04126  0.16433 B   109 
-0.23901  1.16072 -0.01806 V   109 
-0.16186  0.90400  0.43977 B   110 
-0.32008  0.76404  0.40283 A   110 
 0.12898  0.88252  0.52749 B   111 
 0.50126  0.77176  0.50026 W   111 
 0.20900  1.18166  0.51173 B   112 
 0.17732  1.44287  0.18144 R   112 
-0.04940  1.29202  0.69105 B   113 
-0.16265  1.45830  0.43644 N   113 
-0.03110  1.02865  0.92975 B   114 
-0.52747  0.96765  0.88217 R   114 
 0.28330  0.90279  0.94996 B   115 
 0.11498  0.65590  0.83904 X   115 
 0.47632  1.11056  0.90695 B   116 
 0.69187  1.27930  0.55604 K   116 
 0.67027  1.18167  1.19606 B   117 
 0.58276  0.94242  1.35126 B   118 
 0.32811  0.95395  1.30216 T   118 
 0.52960  0.66339  1.56610 B   119 
 0.65585  0.58915  1.81257 D   119 
 0.54057  0.38178  1.37370 B   120 
 0.60702  0.49453  1.16077 V   120 
 0.61661  0.15837  1.57956 B   121 
 1.00736  0.26567  1.67619 Q   121 
 0.32875  0.13453  1.70440 B   122 
 0.29429  0.32042  1.78931 A   122 
 0.22496 -0.06105  1.46417 B   123 
-0.02895  0.25282  1.32087 W   123 
 0.41289 -0.31775  1.60008 B   124 
 0.59775 -0.30428  1.40536 I   124 
 0.31457 -0.35649  1.86098 B   125 
 0.53354  0.08337  2.02517 R   125 
 0.29219 -0.68445  1.99346 B   126 
 0.44578 -0.81089  1.76600 B   127 
 0.23511 -0.67271  1.56375 X   127 
 0.56411 -1.12515  1.62375 B   128 
 0.83805 -1.32645  1.84490 R   128 
 0.91071 -1.06857  1.48698 B   129 
 0.75661 -0.90254  1.35979 L   129 
