246 
-0.72635  0.73926  0.84429 B   1 
-1.02368  0.46136  0.94727 K   1 
-0.62950  0.55847  1.13807 B   2 
-0.42906  0.70090  1.21995 V   2 
-0.53523  0.25269  1.16622 B   3 
-0.77815  0.14252  0.82450 F   3 
-0.53606 -0.03555  1.29633 B   4 
-0.38761 -0.31897  1.27629 B   5 
-0.09363 -0.54724  1.50226 R   5 
-0.63055 -0.52451  1.30107 B   6 
-0.53864 -0.68419  1.55489 X   6 
-0.81152 -0.34816  1.12006 B   7 
-0.97638 -0.00542  1.20811 E   7 
-0.64584 -0.36152  0.85910 B   8 
-0.44478 -0.15659  0.75100 L   8 
-0.62410 -0.66501  0.82975 B   9 
-0.48603 -0.73186  0.98346 A   9 
-0.92449 -0.71168  0.79696 B   10 
-1.01192 -0.68542  0.99569 A   10 
-0.96406 -0.53645  0.54424 B   11 
-0.98397 -0.33250  0.61470 A   11 
-0.74710 -0.67014  0.36813 B   12 
-0.38843 -0.44620  0.44431 M   12 
-0.87923 -0.94388  0.37611 B   13 
-0.86020 -1.27085  0.66060 K   13 
-1.15746 -0.88545  0.26535 B   14 
-1.43575 -0.53920  0.36158 R   14 
-1.00598 -0.76702 -0.00264 B   15 
-1.13757 -0.41064  0.08262 H   15 
-0.78503 -1.01762 -0.06473 B   16 
-0.46369 -0.99190  0.03419 B   17 
-0.43551 -0.67161 -0.00902 L   17 
-0.43561 -1.26113  0.14040 B   18 
-0.41962 -1.39282  0.41744 D   18 
-0.20673 -1.41399 -0.05961 B   19 
-0.25378 -1.62793  0.17628 N   19 
-0.15087 -1.21483 -0.26229 B   20 
-0.39212 -0.98652 -0.55363 Y   20 
 0.07030 -1.32526 -0.47587 B   21 
-0.08537 -1.18815 -0.90310 R   21 
 0.19574 -1.47407 -0.19654 B   22 
 0.11770 -1.25169  0.02588 B   23 
 0.46866 -1.06077 -0.22247 Y   23 
 0.09132 -1.23017  0.32757 B   24 
 0.20922 -1.37013  0.47389 S   24 
-0.07395 -1.02681  0.53436 B   25 
-0.37342 -1.02821  0.62855 L   25 
 0.17893 -0.92715  0.69838 B   26 
 0.31008 -0.77366  0.46405 B   27 
 0.48451 -1.03497  0.34078 N   27 
 0.09290 -0.55927  0.42219 B   28 
-0.03166 -0.71256  0.02217 W   28 
 0.09577 -0.44695  0.70868 B   29 
-0.07102 -0.56905  0.86633 V   29 
 0.39391 -0.37948  0.71587 B   30 
 0.62275 -0.52674  0.76997 X   30 
 0.39267 -0.17937  0.48305 B   31 
 0.38332 -0.29940  0.30042 A   31 
 0.18269  0.02110  0.59003 B   32 
-0.01041 -0.06930  0.56077 A   32 
 0.34034  0.09397  0.84273 B   33 
 0.39437  0.06010  1.17790 K   33 
 0.61436  0.20392  0.68068 B   34 
 0.81154 -0.06384  0.92242 F   34 
 0.46435  0.39787  0.47493 B   35 
 0.56449  0.22091  0.18763 E   35 
 0.20406  0.53185  0.67718 B   36 
 0.04166  0.45925  0.54496 S   36 
 0.11740  0.43324  0.96047 B   37 
 0.27299  0.52335  1.18396 N   37 
-0.19468  0.37777  0.88605 B   38 
-0.06446  0.03191  1.07099 F   38 
-0.23380  0.64359  0.69301 B   39 
-0.24734  0.91248  0.82675 N   39 
-0.44977  0.74762  0.44249 B   40 
-0.66705  0.64593  0.51023 T   40 
-0.33350  1.06606  0.43493 B   41 
-0.64068  1.25194  0.60948 Q   41 
-0.06268  1.00323  0.33277 B   42 
 0.04398  0.89289  0.47819 A   42 
 0.19645  1.22723  0.20619 B   43 
 0.01222  1.35943  0.11413 T   43 
 0.47760  1.21751 -0.04118 B   44 
 0.54318  1.08744  0.26335 N   44 
 0.73310  1.37536 -0.17060 B   45 
 0.58381  1.74794 -0.48036 R   45 
 0.92455  1.34341 -0.45749 B   46 
 0.79396  1.02837 -0.42547 N   46 
 1.20579  1.41319 -0.63003 B   47 
 1.42813  1.35026 -0.51443 T   47 
 1.04025  1.36755 -0.91685 B   48 
 0.96061  1.11457 -0.91570 D   48 
 0.74585  1.51623 -0.82382 B   49 
 0.59937  1.31717 -0.70952 B   50 
 0.63426  1.09138 -0.80014 S   50 
 0.34305  1.12294 -0.51400 B   51 
 0.29523  1.36848 -0.40656 T   51 
 0.25421  0.96913 -0.22126 B   52 
 0.51852  0.75480 -0.26735 D   52 
-0.04187  0.76258 -0.14159 B   53 
-0.10173  1.17420 -0.38185 Y   53 
-0.14812  0.65258  0.14219 B   54 
-0.12106  0.34336  0.30979 B   55 
-0.32875  0.23176  0.44521 I   55 
 0.07481  0.25374  0.03155 B   56 
-0.04323 -0.04231  0.07317 L   56 
 0.22047  0.47019 -0.12450 B   57 
 0.31516  0.68950  0.12528 Q   57 
 0.09930  0.55943 -0.39756 B   58 
-0.09462  0.32440 -0.45441 I   58 
 0.21904  0.66236 -0.70316 B   59 
 0.50721  0.74022 -0.76407 N   59 
 0.17700  0.93681 -0.94370 B   60 
 0.20051  1.13023 -0.82299 S   60 
 0.35058  0.83248 -1.19891 B   61 
 0.71725  1.05265 -1.23998 R   61 
 0.16375  0.54621 -1.23091 B   62 
 0.59246  0.43568 -1.33973 W   62 
-0.13173  0.51597 -1.05795 B   63 
 0.13242  0.17009 -1.00691 W   63 
-0.21200  0.82793 -1.01158 B   64 
-0.23931  0.82384 -0.75292 X   64 
-0.39393  1.13998 -1.01564 B   65 
-0.43595  1.29241 -1.26707 N   65 
-0.28048  1.49535 -0.91861 B   66 
-0.03721  1.42557 -0.82575 D   66 
-0.21104  1.72461 -1.14873 B   67 
 0.14463  1.73360 -1.07809 B   68 
 0.17974  1.81743 -0.61303 R   68 
 0.26035  1.48313 -1.27982 B   69 
 0.29819  1.34513 -1.06825 T   69 
 0.46049  1.45877 -1.51402 B   70 
 0.54696  1.64614 -1.45756 P   70 
 0.42947  1.17380 -1.69606 B   71 
 0.18187  1.03213 -1.60635 B   72 
 0.08608  1.15528 -1.42711 S   72 
-0.04601  0.72629 -1.59033 B   73 
 0.12792  0.54814 -1.84662 R   73 
-0.28787  0.60579 -1.42254 B   74 
-0.49769  0.76523 -1.33030 N   74 
-0.33317  0.27738 -1.38945 B   75 
-0.04090  0.20674 -1.50928 L   75 
-0.57948  0.29116 -1.16639 B   76 
-0.39082  0.16516 -0.95419 X   76 
-0.77619  0.50368 -1.24440 B   77 
-0.92274  0.51425 -1.47430 N   77 
-0.71410  0.75345 -1.02151 B   78 
-0.83294  0.56362 -0.83038 I   78 
-0.74281  0.96762 -0.78939 B   79 
-0.93370  1.03404 -0.84256 P   79 
-0.52219  1.01141 -0.54188 B   80 
-0.25614  1.05496 -0.70648 X   80 
-0.74118  1.08951 -0.32546 B   81 
-0.85204  1.27192 -0.43455 S   81 
-0.87267  0.80521 -0.30668 B   82 
-0.96201  0.77435 -0.49478 A   82 
-0.60924  0.70434 -0.13862 B   83 
-0.44737  0.58037 -0.39467 L   83 
-0.72901  0.87766  0.13530 B   84 
-0.49577  1.08769  0.03661 L   84 
-0.94865  0.72539  0.22300 B   85 
-1.18263  0.70697  0.11316 S   85 
-1.11361  0.52974  0.46038 B   86 
-1.28055  0.66535  0.56573 S   86 
-1.16031  0.37032  0.20297 B   87 
-1.39751  0.24626  0.08548 D   87 
-0.93987  0.11033  0.08539 B   88 
-0.83285  0.00232  0.30577 I   88 
-1.03294  0.00221 -0.18983 B   89 
-1.29420 -0.04277 -0.17606 T   89 
-0.85111  0.16374 -0.38373 B   90 
-0.93910  0.36207 -0.39649 A   90 
-0.57417  0.07670 -0.27015 B   91 
-0.52878  0.27672 -0.08780 S   91 
-0.61179 -0.22515 -0.30544 B   92 
-0.73912 -0.33550 -0.10461 V   92 
-0.66429 -0.24053 -0.60739 B   93 
-1.00056 -0.24805 -0.60014 N   93 
-0.39551 -0.10227 -0.67180 B   94 
-0.34275  0.17303 -0.72293 X   94 
-0.20354 -0.29303 -0.52277 B   95 
-0.22579 -0.24826 -0.31337 A   95 
-0.27152 -0.54434 -0.68901 B   96 
-0.66446 -0.69709 -0.49109 K   96 
-0.13954 -0.42316 -0.94399 B   97 
-0.40367 -0.22962 -1.14674 K   97 
 0.14451 -0.36987 -0.83544 B   98 
 0.13555 -0.09301 -0.69597 I   98 
 0.22096 -0.66677 -0.74073 B   99 
 0.13175 -0.74934 -0.54315 V   99 
 0.16396 -0.76844 -1.05449 B   100 
-0.07830 -0.83729 -0.98101 S   100 
 0.40573 -0.61489 -1.21906 B   101 
 0.43227 -0.34246 -1.26883 D   101 
 0.69256 -0.81310 -1.11471 B   102 
 0.83275 -0.71241 -0.81898 B   103 
 1.01894 -0.53165 -1.01372 N   103 
 0.62502 -0.71379 -0.63491 B   104 
 0.68199 -0.58251 -0.31158 B   105 
 0.42435 -0.71223 -0.04590 M   105 
 0.93722 -0.41376 -0.41051 B   106 
 1.11943 -0.68956 -0.42054 N   106 
 0.76997 -0.15529 -0.47302 B   107 
 0.63001 -0.22286 -0.61296 A   107 
 0.80712 -0.13718 -0.15875 B   108 
 0.34630 -0.16589 -0.22984 W   108 
 1.05932  0.00261  0.00544 B   109 
 1.16190  0.19845 -0.12371 V   109 
 0.97142 -0.05847  0.29958 B   110 
 0.84307  0.10368  0.35633 A   110 
 0.93608 -0.35865  0.26238 B   111 
 0.78778 -0.68232  0.10475 W   111 
 1.22046 -0.43126  0.16240 B   112 
 1.43040 -0.26934 -0.16628 R   112 
 1.38065 -0.27486  0.40934 B   113 
 1.51637 -0.06871  0.19868 N   113 
 1.15596 -0.38605  0.66199 B   114 
 1.13567  0.08547  0.83413 R   114 
 1.00546 -0.67685  0.57325 B   115 
 0.76165 -0.47203  0.58694 X   115 
 1.18513 -0.83843  0.41868 B   116 
 1.27759 -0.88997 -0.01361 K   116 
 1.28058 -1.13757  0.58498 B   117 
 1.07697 -1.11820  0.80214 B   118 
 1.10495 -0.86686  0.86077 T   118 
 0.84002 -1.15419  1.06557 B   119 
 0.79240 -1.37075  1.24731 D   119 
 0.53274 -1.07688  0.93890 B   120 
 0.60512 -1.05004  0.70119 V   120 
 0.33694 -1.22749  1.13138 B   121 
 0.42021 -1.62491  1.03829 Q   121 
 0.35962 -1.01847  1.36549 B   122 
 0.55864 -1.02710  1.42264 A   122 
 0.14058 -0.81888  1.22792 B   123 
 0.45169 -0.53530  1.14842 W   123 
-0.10915 -1.04077  1.31779 B   124 
-0.14289 -1.12676  1.06533 I   124 
-0.09843 -1.06055  1.59839 B   125 
 0.33854 -1.33803  1.57733 R   125 
-0.39892 -1.08871  1.78419 B   126 
-0.57233 -1.12943  1.54008 B   127 
-0.44710 -0.85635  1.42123 X   127 
-0.91427 -1.16986  1.41995 B   128 
-1.10472 -1.50687  1.54090 R   128 
-0.91210 -1.42787  1.14525 B   129 
-0.75346 -1.23830  1.06536 L   129 
