246 
-0.93673  0.45163  0.83993 B   1 
-1.11767  0.08893  0.94921 K   1 
-0.78186  0.32087  1.13538 B   2 
-0.64373  0.52573  1.21361 V   2 
-0.58644  0.06791  1.16699 B   3 
-0.77641 -0.12573  0.82886 F   3 
-0.48594 -0.20029  1.30109 B   4 
-0.24773 -0.41411  1.28376 B   5 
 0.10821 -0.52144  1.51043 R   5 
-0.40327 -0.69125  1.31340 B   6 
-0.26054 -0.80461  1.56865 X   6 
-0.63504 -0.59229  1.13147 B   7 
-0.90920 -0.32757  1.21612 E   7 
-0.47593 -0.55097  0.86936 B   8 
-0.35964 -0.29038  0.75676 L   8 
-0.34941 -0.82808  0.84405 B   9 
-0.19623 -0.83993  0.99752 A   9 
-0.61455 -0.97745  0.81440 B   10 
-0.70506 -0.98029  1.01346 A   10 
-0.71369 -0.83119  0.55960 B   11 
-0.80353 -0.64602  0.62739 A   11 
-0.46417 -0.88328  0.38358 B   12 
-0.20637 -0.54680  0.45366 M   12 
-0.49209 -1.18579  0.39645 B   13 
-0.35898 -1.48085  0.68528 K   13 
-0.77349 -1.23019  0.28720 B   14 
-1.15510 -1.00176  0.38091 R   14 
-0.67383 -1.07052  0.01634 B   15 
-0.92160 -0.78142  0.09773 H   15 
-0.37931 -1.22890 -0.04409 B   16 
-0.08703 -1.09077  0.05180 B   17 
-0.17287 -0.78161  0.00391 L   17 
 0.03384 -1.33143  0.16150 B   18 
 0.09572 -1.44476  0.44020 D   18 
 0.30116 -1.39768 -0.03826 B   19 
 0.33266 -1.61077  0.20096 N   19 
 0.28318 -1.19481 -0.24414 B   20 
-0.02357 -1.07003 -0.53662 Y   20 
 0.52839 -1.22423 -0.45799 B   21 
 0.33334 -1.15709 -0.88577 R   21 
 0.69880 -1.31527 -0.17767 B   22 
 0.54849 -1.13076  0.04228 B   23 
 0.80969 -0.83306 -0.21159 Y   23 
 0.51713 -1.11504  0.34385 B   24 
 0.67698 -1.20254  0.49112 S   24 
 0.29172 -0.97912  0.54916 B   25 
 0.01196 -1.08374  0.64584 L   25 
 0.49419 -0.79466  0.70968 B   26 
 0.56263 -0.60873  0.47216 B   27 
 0.81714 -0.79439  0.35109 N   27 
 0.28402 -0.48460  0.42913 B   28 
 0.21985 -0.67813  0.03232 W   28 
 0.24823 -0.37383  0.71400 B   29 
 0.13519 -0.54406  0.87470 V   29 
 0.50390 -0.20618  0.71779 B   30 
 0.76996 -0.26316  0.77203 X   30 
 0.43201 -0.02289  0.48223 B   31 
 0.46474 -0.14149  0.30136 A   31 
 0.16545  0.09309  0.58815 B   32 
 0.01613 -0.05963  0.56174 A   32 
 0.28835  0.22053  0.83849 B   33 
 0.35179  0.21305  1.17364 K   33 
 0.50608  0.41684  0.67267 B   34 
 0.78521  0.23890  0.91647 F   34 
 0.29706  0.54272  0.46549 B   35 
 0.45198  0.40745  0.17986 E   35 
 0.00693  0.58033  0.66801 B   36 
-0.12016  0.45339  0.53817 S   36 
-0.03890  0.46214  0.95336 B   37 
 0.07594  0.60455  1.17427 N   37 
-0.31204  0.29979  0.88230 B   38 
-0.06845  0.02436  1.07094 F   38 
-0.44229  0.53200  0.68592 B   39 
-0.54872  0.78124  0.81602 N   39 
-0.68174  0.54987  0.43577 B   40 
-0.84947  0.37966  0.50672 T   40 
-0.68432  0.88870  0.42284 B   41 
-1.03663  0.95807  0.59732 Q   41 
-0.40894  0.92301  0.31932 B   42 
-0.26999  0.85930  0.46536 A   42 
-0.24499  1.22149  0.18750 B   43 
-0.46411  1.27937  0.09514 T   43 
 0.02106  1.30684 -0.06204 B   44 
 0.12890  1.21281  0.24372 N   44 
 0.20476  1.54205 -0.19575 B   45 
-0.06641  1.83384 -0.50941 R   45 
 0.39444  1.57456 -0.48374 B   46 
 0.38250  1.23430 -0.44627 N   46 
 0.63296  1.73561 -0.65955 B   47 
 0.86360  1.75632 -0.54494 T   47 
 0.49304  1.63036 -0.94434 B   48 
 0.50700  1.36556 -0.93901 D   48 
 0.16550  1.66806 -0.85095 B   49 
 0.09830  1.43217 -0.73268 B   50 
 0.20976  1.23147 -0.82044 S   50 
-0.07325  1.16366 -0.53237 B   51 
-0.20368  1.37860 -0.42795 T   51 
-0.10177  0.99315 -0.23679 B   52 
 0.22071  0.88418 -0.28209 D   52 
-0.30658  0.69734 -0.15181 B   53 
-0.50744  1.05810 -0.39726 Y   53 
-0.36678  0.56164  0.13434 B   54 
-0.23270  0.28416  0.30599 B   55 
-0.38779  0.10910  0.44466 I   55 
-0.01866  0.26435  0.02740 B   56 
-0.02547 -0.05360  0.07410 L   56 
 0.04156  0.51556 -0.13284 B   57 
 0.05421  0.75810  0.11308 Q   57 
-0.10397  0.55241 -0.40609 B   58 
-0.20351  0.26350 -0.45807 I   58 
-0.02872  0.68585 -0.71407 B   59 
 0.21378  0.85867 -0.77845 N   59 
-0.16487  0.92437 -0.95805 B   60 
-0.21021  1.11568 -0.84024 S   60 
 0.03351  0.88335 -1.21321 B   61 
 0.29978  1.21724 -1.26037 R   61 
-0.04138  0.54933 -1.23969 B   62 
 0.39858  0.59410 -1.35051 W   62 
-0.30708  0.42034 -1.06388 B   63 
 0.06158  0.18964 -1.01024 W   63 
-0.49135  0.68518 -1.02118 B   64 
-0.51474  0.67590 -0.76228 X   64 
-0.77101  0.91371 -1.02807 B   65 
-0.86446  1.03778 -1.28124 N   65 
-0.78886  1.28781 -0.93693 B   66 
-0.53629  1.30907 -0.84513 D   66 
-0.80474  1.52318 -1.17078 B   67 
-0.47451  1.65720 -1.10322 B   68 
-0.46962  1.75541 -0.63967 R   68 
-0.27902  1.45990 -1.30240 B   69 
-0.19465  1.34725 -1.08926 T   69 
-0.08369  1.50340 -1.53789 B   70 
-0.06813  1.71005 -1.48475 P   70 
-0.01353  1.22274 -1.71569 B   71 
-0.19560  1.00482 -1.62198 B   72 
-0.32792  1.08949 -1.44368 S   72 
-0.30195  0.63886 -1.59982 B   73 
-0.07741  0.52880 -1.85505 R   73 
-0.48584  0.44402 -1.42838 B   74 
-0.73794  0.52140 -1.33663 N   74 
-0.41321  0.12110 -1.39036 B   75 
-0.11506  0.15532 -1.51161 L   75 
-0.64811  0.05135 -1.16548 B   76 
-0.42667  0.00273 -0.95312 X   76 
-0.90700  0.18032 -1.24481 B   77 
-1.04864  0.13528 -1.47361 N   77 
-0.93563  0.43953 -1.02592 B   78 
-0.97994  0.22318 -0.83120 I   78 
-1.03682  0.63377 -0.79657 B   79 
-1.23904  0.62833 -0.84908 P   79 
-0.84477  0.75594 -0.55152 B   80 
-0.61128  0.88722 -0.71891 X   80 
-1.07661  0.75589 -0.33441 B   81 
-1.24463  0.88621 -0.44510 S   81 
-1.10021  0.44389 -0.31059 B   82 
-1.17364  0.38073 -0.49750 A   82 
-0.81766  0.44428 -0.14334 B   83 
-0.62337  0.38075 -0.39897 L   83 
-0.98972  0.56906  0.12913 B   84 
-0.84505  0.84584  0.02561 L   84 
-1.14190  0.35096  0.22075 B   85 
-1.35495  0.25007  0.11312 S   85 
-1.22725  0.11376  0.46219 B   86 
-1.43079  0.18402  0.56702 S   86 
-1.21594 -0.05601  0.20742 B   87 
-1.39504 -0.25708  0.09362 D   87 
-0.91878 -0.22423  0.09163 B   88 
-0.78008 -0.28445  0.31259 I   88 
-0.96890 -0.36245 -0.18128 B   89 
-1.19785 -0.49580 -0.16472 T   89 
-0.85568 -0.15061 -0.37890 B   90 
-1.00758  0.00416 -0.39369 A   90 
-0.56547 -0.13340 -0.26642 B   91 
-0.59244  0.07272 -0.08725 S   91 
-0.49515 -0.42985 -0.29721 B   92 
-0.57520 -0.57457 -0.09382 V   92 
-0.53982 -0.46743 -0.59847 B   93 
-0.85215 -0.59204 -0.58833 N   93 
-0.33663 -0.24490 -0.66701 B   94 
-0.38373  0.03061 -0.72240 X   94 
-0.08959 -0.35401 -0.51695 B   95 
-0.12551 -0.31653 -0.30802 A   95 
-0.06579 -0.61582 -0.67911 B   96 
-0.37981 -0.89326 -0.47585 K   96 
 0.01469 -0.46020 -0.93684 B   97 
-0.30106 -0.37458 -1.14006 K   97 
 0.26242 -0.30914 -0.83139 B   98 
 0.15752 -0.05074 -0.69571 I   98 
 0.43824 -0.55897 -0.73320 B   99 
 0.38415 -0.66438 -0.53376 V   99 
 0.41953 -0.67913 -1.04504 B   100 
 0.21692 -0.82723 -0.96860 S   100 
 0.59177 -0.45332 -1.21373 B   101 
 0.52113 -0.18966 -1.26749 D   101 
 0.93014 -0.53692 -1.10901 B   102 
 1.02707 -0.38885 -0.81588 B   103 
 1.13764 -0.15747 -1.01465 N   103 
 0.83350 -0.45991 -0.63009 B   104 
 0.84185 -0.31187 -0.30910 B   105 
 0.64669 -0.51931 -0.03952 M   105 
 1.02156 -0.06607 -0.41248 B   106 
 1.28877 -0.26078 -0.42018 N   106 
 0.77423  0.11650 -0.47718 B   107 
 0.66638  0.00200 -0.61501 A   107 
 0.80361  0.15146 -0.16351 B   108 
 0.38179 -0.03783 -0.23037 W   108 
 0.99139  0.37327 -0.00337 B   109 
 1.01855  0.59055 -0.13607 V   109 
 0.93129  0.28998  0.29230 B   110 
 0.75446  0.39783  0.34786 A   110 
 1.00316 -0.00414  0.25957 B   111 
 0.97709 -0.36171  0.10768 W   111 
 1.29467  0.02579  0.15826 B   112 
 1.43369  0.24569 -0.17437 R   112 
 1.39069  0.23226  0.40167 B   113 
 1.44504  0.46949  0.18705 N   113 
 1.21987  0.05351  0.65769 B   114 
 1.03630  0.49078  0.82342 R   114 
 1.18044 -0.27295  0.57424 B   115 
 0.88039 -0.16622  0.58711 X   115 
 1.40485 -0.36387  0.42045 B   116 
 1.50825 -0.38666 -0.01183 K   116 
 1.59947 -0.60800  0.59009 B   117 
 1.40259 -0.65766  0.80864 B   118 
 1.34098 -0.41153  0.86354 T   118 
 1.19399 -0.77011  1.07450 B   119 
 1.22572 -0.98672  1.25962 D   119 
 0.87873 -0.80725  0.94932 B   120 
 0.93644 -0.76056  0.71066 V   120 
 0.74859 -1.01379  1.14549 B   121 
 0.96545 -1.35835  1.05724 Q   121 
 0.69735 -0.80634  1.37648 B   122 
 0.88696 -0.74387  1.43209 A   122 
 0.42190 -0.69825  1.23797 B   123 
 0.61382 -0.32503  1.15197 W   123 
 0.26591 -0.99205  1.33297 B   124 
 0.26367 -1.08842  1.08202 I   124 
 0.28369 -1.00236  1.61372 B   125 
 0.79008 -1.10967  1.59290 R   125 
 0.01261 -1.13094  1.80237 B   126 
-0.13628 -1.23366  1.56030 B   127 
-0.11492 -0.93594  1.43664 X   127 
-0.44278 -1.39310  1.44358 B   128 
-0.50285 -1.77348  1.57077 R   128 
-0.35122 -1.63838  1.17248 B   129 
-0.26921 -1.40657  1.08866 L   129 
