246 
-0.99906  0.28437 -0.84139 B   1 
-1.12940 -0.10387 -0.93369 K   1 
-1.26028  0.18555 -0.61695 B   2 
-1.31830  0.41232 -0.50569 V   2 
-1.25184 -0.02836 -0.37747 B   3 
-0.94707 -0.25534 -0.58608 F   3 
-1.36033 -0.27334 -0.20947 B   4 
-1.29724 -0.44151  0.05605 B   5 
-1.45663 -0.48204  0.45923 R   5 
-1.34677 -0.74166 -0.04058 B   6 
-1.57089 -0.82582  0.16205 X   6 
-1.20985 -0.68693 -0.31419 B   7 
-1.34660 -0.47454 -0.61184 E   7 
-0.92527 -0.62002 -0.21286 B   8 
-0.80043 -0.34379 -0.16575 L   8 
-0.87209 -0.87040 -0.04576 B   9 
-0.99656 -0.85361  0.13140 A   9 
-0.88509 -1.06477 -0.28142 B   10 
-1.09665 -1.08211 -0.33405 A   10 
-0.65466 -0.94048 -0.44755 B   11 
-0.74121 -0.77371 -0.55550 A   11 
-0.43712 -0.94873 -0.22718 B   12 
-0.46956 -0.57122 -0.02463 M   12 
-0.44755 -1.25127 -0.19860 B   13 
-0.70217 -1.51568  0.03262 K   13 
-0.38741 -1.34587 -0.48237 B   14 
-0.55077 -1.18823 -0.87614 R   14 
-0.10723 -1.17314 -0.46104 B   15 
-0.23681 -0.93210 -0.73799 H   15 
 0.00672 -1.27708 -0.15824 B   16 
-0.04058 -1.08842  0.11722 B   17 
-0.01542 -0.79984 -0.02885 L   17 
-0.12217 -1.30287  0.29585 B   18 
-0.38332 -1.40121  0.42421 D   18 
 0.12215 -1.32208  0.53184 B   19 
-0.10303 -1.52429  0.64153 N   19 
 0.31707 -1.12726  0.44286 B   20 
 0.54933 -1.06133  0.07283 Y   20 
 0.57059 -1.11427  0.64848 B   21 
 0.95669 -1.08624  0.37335 R   21 
 0.32602 -1.17135  0.87834 B   22 
 0.07923 -1.01480  0.73834 B   23 
 0.36729 -0.67738  0.89477 Y   23 
-0.22352 -1.00255  0.75756 B   24 
-0.33897 -1.05907  0.95346 S   24 
-0.46770 -0.90729  0.55085 B   25 
-0.60867 -1.05924  0.31506 L   25 
-0.59520 -0.68851  0.74233 B   26 
-0.35384 -0.49523  0.73456 B   27 
-0.18644 -0.63360  0.99289 N   27 
-0.36236 -0.42298  0.43524 B   28 
 0.02186 -0.62794  0.33831 W   28 
-0.65165 -0.31812  0.43049 B   29 
-0.82541 -0.50448  0.37894 V   29 
-0.61523 -0.10764  0.64927 B   30 
-0.62147 -0.11596  0.92652 X   30 
-0.39992  0.05809  0.50635 B   31 
-0.21340 -0.05421  0.52758 A   31 
-0.55285  0.12563  0.24602 B   32 
-0.54902 -0.05141  0.12372 A   32 
-0.78119  0.27486  0.38608 B   33 
-1.10012  0.28140  0.50707 K   33 
-0.58495  0.50546  0.53357 B   34 
-0.77280  0.38192  0.87776 F   34 
-0.41988  0.59053  0.27286 B   35 
-0.10875  0.48274  0.39722 E   35 
-0.67017  0.57752  0.02031 B   36 
-0.56124  0.42898 -0.10298 S   36 
-0.95632  0.45530  0.04632 B   37 
-1.15740  0.61759  0.17082 N   37 
-0.92962  0.24640 -0.20200 B   38 
-1.06699  0.02018  0.11539 F   38 
-0.76408  0.45020 -0.40329 B   39 
-0.91634  0.67754 -0.52780 N   39 
-0.55941  0.42323 -0.68187 B   40 
-0.65421  0.22646 -0.80202 T   40 
-0.55502  0.75609 -0.74643 B   41 
-0.78917  0.76305 -1.06971 Q   41 
-0.40643  0.83802 -0.50366 B   42 
-0.52482  0.80119 -0.33243 A   42 
-0.25533  1.15986 -0.42040 B   43 
-0.20348  1.17712 -0.65895 T   43 
 0.03426  1.28922 -0.22104 B   44 
-0.24608  1.21827 -0.04686 N   44 
 0.19210  1.55230 -0.10781 B   45 
 0.44745  1.78874 -0.47652 R   45 
 0.50763  1.61578  0.02021 B   46 
 0.47660  1.27912  0.07521 N   46 
 0.71810  1.81530  0.19233 B   47 
 0.64448  1.87760  0.43204 T   47 
 0.97689  1.68462  0.02589 B   48 
 0.98023  1.42658  0.08708 D   48 
 0.82761  1.66419 -0.28189 B   49 
 0.70507  1.42104 -0.28481 B   50 
 0.81537  1.24268 -0.15664 S   50 
 0.48451  1.12787 -0.36883 B   51 
 0.35420  1.31700 -0.51501 T   51 
 0.19250  0.95733 -0.31504 B   52 
 0.29521  0.90710  0.00877 D   52 
 0.08042  0.63048 -0.44649 B   53 
 0.27912  0.94783 -0.74740 Y   53 
-0.20858  0.48848 -0.43116 B   54 
-0.34805  0.24062 -0.22246 B   55 
-0.50725  0.04186 -0.31774 I   55 
-0.03636  0.25702 -0.05998 B   56 
-0.07612 -0.05669 -0.00235 L   56 
 0.12596  0.51368 -0.07381 B   57 
-0.11970  0.75651 -0.06165 Q   57 
 0.36912  0.52191 -0.26877 B   58 
 0.40989  0.21951 -0.32324 I   58 
 0.68226  0.66420 -0.27291 B   59 
 0.78341  0.87688 -0.07965 N   59 
 0.89350  0.87278 -0.48930 B   60 
 0.76522  1.05389 -0.54654 S   60 
 1.17991  0.86570 -0.33418 B   61 
 1.26445  1.24125 -0.14332 R   61 
 1.20088  0.52349 -0.35237 B   62 
 1.38477  0.64494  0.04673 W   62 
 0.98497  0.35068 -0.55650 B   63 
 1.00104  0.18966 -0.14928 W   63 
 0.90500  0.57884 -0.77435 B   64 
 0.64622  0.56758 -0.75041 X   64 
 0.85827  0.75393 -1.08683 B   65 
 1.08859  0.85741 -1.24325 N   65 
 0.75673  1.11959 -1.15433 B   66 
 0.70934  1.18615 -0.89744 D   66 
 0.97879  1.34654 -1.25188 B   67 
 0.96603  1.53769 -0.94386 B   68 
 0.50809  1.63882 -0.87595 R   68 
 1.20045  1.37675 -0.75423 B   69 
 1.00773  1.28258 -0.61559 T   69 
 1.46500  1.45246 -0.61356 B   70 
 1.41054  1.65899 -0.62573 P   70 
 1.65872  1.18737 -0.52693 B   71 
 1.54015  0.94128 -0.64858 B   72 
 1.33980  1.00246 -0.76076 S   72 
 1.50854  0.56243 -0.68318 B   73 
 1.80113  0.49207 -0.49053 R   73 
 1.31257  0.33933 -0.79718 B   74 
 1.17698  0.37135 -1.03914 N   74 
 1.29517  0.03479 -0.66321 B   75 
 1.46514  0.12054 -0.40144 L   75 
 1.03487 -0.07387 -0.83942 B   76 
 0.86503 -0.08066 -0.57941 X   76 
 1.06538  0.00637 -1.12679 B   77 
 1.26734 -0.06494 -1.29580 N   77 
 0.83885  0.25806 -1.16226 B   78 
 0.64450  0.03881 -1.13318 I   78 
 0.59102  0.43299 -1.25475 B   79 
 0.60802  0.39126 -1.45883 P   79 
 0.37995  0.58928 -1.04768 B   80 
 0.58196  0.75869 -0.87372 X   80 
 0.12620  0.54970 -1.23459 B   81 
 0.20322  0.64718 -1.43960 S   81 
 0.10595  0.23867 -1.19824 B   82 
 0.27884  0.16199 -1.29070 A   82 
-0.01008  0.29062 -0.89551 B   83 
 0.27661  0.26066 -0.74046 L   83 
-0.31095  0.38493 -1.03691 B   84 
-0.19053  0.68221 -0.96358 L   84 
-0.42231  0.14397 -1.12994 B   85 
-0.35068  0.00595 -1.33724 S   85 
-0.66925 -0.10274 -1.12883 B   86 
-0.80919 -0.06898 -1.32023 S   86 
-0.41245 -0.26977 -1.13215 B   87 
-0.32656 -0.50038 -1.28995 D   87 
-0.24331 -0.38336 -0.83467 B   88 
-0.43560 -0.41621 -0.65128 I   88 
 0.02003 -0.53042 -0.90623 B   89 
-0.03261 -0.70223 -1.10164 T   89 
 0.22921 -0.30337 -0.86826 B   90 
 0.21400 -0.17821 -1.04531 A   90 
 0.16805 -0.23394 -0.57059 B   91 
-0.01785 -0.03450 -0.60198 S   91 
 0.21739 -0.51338 -0.45547 B   92 
 0.00668 -0.66844 -0.47216 V   92 
 0.50724 -0.56066 -0.54444 B   93 
 0.44635 -0.73876 -0.82329 N   93 
 0.60456 -0.30608 -0.39877 B   94 
 0.64457 -0.04379 -0.50265 X   94 
 0.50189 -0.36833 -0.11410 B   95 
 0.28908 -0.33621 -0.11923 A   95 
 0.67179 -0.62300 -0.07299 B   96 
 0.42399 -0.95027 -0.29296 K   96 
 0.93583 -0.45756 -0.06725 B   97 
 1.07956 -0.43107 -0.42358 K   97 
 0.87115 -0.26403  0.16441 B   98 
 0.71343 -0.02736  0.04073 I   98 
 0.81057 -0.47782  0.39591 B   99 
 0.60731 -0.58961  0.39675 V   99 
 1.11724 -0.60183  0.34483 B   100 
 1.01051 -0.78301  0.18794 S   100 
 1.30777 -0.35031  0.44255 B   101 
 1.34239 -0.10385  0.31823 D   101 
 1.26489 -0.37157  0.80333 B   102 
 0.98947 -0.20633  0.92201 B   103 
 1.19887  0.03946  0.95377 N   103 
 0.77482 -0.30923  0.77928 B   104 
 0.45671 -0.15956  0.81699 B   105 
 0.16244 -0.39629  0.71135 M   105 
 0.58374  0.11347  0.92977 B   106 
 0.64190 -0.03066  1.22168 N   106 
 0.60059  0.24862  0.64668 B   107 
 0.72040  0.11569  0.53845 A   107 
 0.29595  0.29070  0.72345 B   108 
 0.29352  0.02888  0.33656 W   108 
 0.16542  0.54362  0.89404 B   109 
 0.29572  0.76122  0.85896 V   109 
-0.13416  0.45328  0.90186 B   110 
-0.22185  0.52839  0.72116 A   110 
-0.08268  0.17639  1.01772 B   111 
 0.07073 -0.18129  1.02920 W   111 
 0.06661  0.25690  1.27728 B   112 
 0.41300  0.49541  1.31538 R   112 
-0.16136  0.47906  1.37615 B   113 
 0.05383  0.72049  1.34965 N   113 
-0.43875  0.27478  1.28666 B   114 
-0.64378  0.67371  1.06041 R   114 
-0.35575 -0.05413  1.29159 B   115 
-0.42261 -0.00237  0.98428 X   115 
-0.16352 -0.10488  1.49835 B   116 
 0.28052 -0.11230  1.52747 K   116 
-0.29136 -0.30917  1.75946 B   117 
-0.53934 -0.39134  1.61543 B   118 
-0.60975 -0.15967  1.52184 T   118 
-0.83446 -0.53702  1.47936 B   119 
-1.00625 -0.74308  1.58049 D   119 
-0.76464 -0.63062  1.15873 B   120 
-0.52077 -0.57628  1.16496 V   120 
-0.97543 -0.85547  1.10318 B   121 
-0.84313 -1.15665  1.35877 Q   121 
-1.21657 -0.65865  1.05703 B   122 
-1.24012 -0.56301  1.23937 A   122 
-1.13014 -0.60236  0.74703 B   123 
-1.02109 -0.20164  0.85215 W   123 
-1.24373 -0.91847  0.66425 B   124 
-0.99474 -1.01566  0.63551 I   124 
-1.51689 -0.92326  0.73206 B   125 
-1.40664 -0.93894  1.23800 R   125 
-1.74639 -1.09653  0.52489 B   126 
-1.53126 -1.22598  0.35673 B   127 
-1.41274 -0.93019  0.30339 X   127 
-1.46541 -1.43831  0.06764 B   128 
-1.59214 -1.82230  0.09867 R   128 
-1.17694 -1.66550  0.15255 B   129 
-1.08567 -1.42346  0.17653 L   129 
