246 
-0.69045  0.13712  1.13639 B   1 
-0.68804 -0.26032  1.27158 K   1 
-0.40982  0.08217  1.35228 B   2 
-0.33222  0.32565  1.39543 V   2 
-0.14139 -0.08547  1.29734 B   3 
-0.35642 -0.34856  1.02816 F   3 
 0.08382 -0.29553  1.36921 B   4 
 0.35978 -0.41395  1.25702 B   5 
 0.78531 -0.38036  1.34299 R   5 
 0.32820 -0.72614  1.31548 B   6 
 0.57860 -0.77087  1.49897 X   6 
 0.02954 -0.72238  1.22948 B   7 
-0.27250 -0.56563  1.42081 E   7 
 0.06598 -0.64069  0.93328 B   8 
 0.04067 -0.36150  0.80872 L   8 
 0.26297 -0.85752  0.84601 B   9 
 0.45333 -0.80829  0.93819 A   9 
 0.07156 -1.09084  0.89514 B   10 
 0.06071 -1.11562  1.11215 A   10 
-0.15174 -1.00014  0.70005 B   11 
-0.27075 -0.85471  0.80794 A   11 
 0.02506 -0.97055  0.44742 B   12 
 0.15982 -0.56262  0.45310 M   12 
 0.10831 -1.26299  0.44559 B   13 
 0.42376 -1.47968  0.64989 K   13 
-0.16021 -1.40734  0.43342 B   14 
-0.54095 -1.32145  0.66634 R   14 
-0.21929 -1.23583  0.15795 B   15 
-0.50763 -1.04724  0.33929 H   15 
 0.07247 -1.28479 -0.00927 B   16 
 0.31398 -1.04949 -0.00608 B   17 
 0.11686 -0.79193  0.00132 L   17 
 0.53935 -1.22783  0.03818 B   18 
 0.72684 -1.29951  0.27068 D   18 
 0.72853 -1.20643 -0.24378 B   19 
 0.91009 -1.38393 -0.04590 N   19 
 0.57363 -1.03226 -0.41564 B   20 
 0.16293 -1.03550 -0.57851 Y   20 
 0.72607 -0.98469 -0.70064 B   21 
 0.38707 -1.00946 -1.03234 R   21 
 1.00161 -0.99774 -0.50111 B   22 
 0.88143 -0.86681 -0.23014 B   23 
 0.92255 -0.50915 -0.53294 Y   23 
 0.95086 -0.84890  0.06488 B   24 
 1.17081 -0.86851  0.14320 S   24 
 0.77649 -0.79024  0.34343 B   25 
 0.59982 -0.98081  0.51957 L   25 
 0.94537 -0.53970  0.44087 B   26 
 0.86127 -0.35287  0.20915 B   27 
 1.10671 -0.44408 -0.00378 N   27 
 0.56006 -0.33531  0.27121 B   28 
 0.43535 -0.55738 -0.09507 W   28 
 0.58747 -0.23068  0.55932 B   29 
 0.60106 -0.42186  0.73494 V   29 
 0.75557  0.01527  0.49044 B   30 
 1.02663  0.05677  0.44826 X   30 
 0.55003  0.15101  0.30719 B   31 
 0.55789  0.04283  0.11722 A   31 
 0.31270  0.17207  0.50455 B   32 
 0.22504 -0.02403  0.51783 A   32 
 0.46178  0.34578  0.70855 B   33 
 0.63362  0.37643  1.00170 K   33 
 0.52930  0.59749  0.49518 B   34 
 0.91744  0.53907  0.61745 F   34 
 0.23282  0.63318  0.37994 B   35 
 0.31794  0.54691  0.04949 E   35 
 0.03437  0.57717  0.66990 B   36 
-0.07770  0.40809  0.58056 S   36 
 0.13136  0.46387  0.94422 B   37 
 0.25829  0.64743  1.12441 N   37 
-0.07667  0.21368  0.95612 B   38 
 0.29492  0.04905  1.03093 F   38 
-0.33678  0.37682  0.83290 B   39 
-0.47110  0.57941  1.00979 N   39 
-0.63760  0.29877  0.67913 B   40 
-0.70240  0.08444  0.78868 T   40 
-0.76002  0.61465  0.69387 B   41 
-1.03334  0.56549  0.98068 Q   41 
-0.56549  0.73753  0.50736 B   42 
-0.37240  0.73290  0.59332 A   42 
-0.56848  1.06786  0.35173 B   43 
-0.81164  1.04171  0.34251 T   43 
-0.44909  1.22850  0.03507 B   44 
-0.21874  1.19212  0.27914 N   44 
-0.41381  1.50633 -0.13379 B   45 
-0.85756  1.67089 -0.31560 R   45 
-0.35634  1.58918 -0.46517 B   46 
-0.23784  1.26806 -0.45211 N   46 
-0.26194  1.81460 -0.69756 B   47 
-0.02799  1.91940 -0.66523 T   47 
-0.44520  1.65416 -0.92654 B   48 
-0.34069  1.41123 -0.94653 D   48 
-0.71350  1.58016 -0.72661 B   49 
-0.65168  1.34140 -0.61119 B   50 
-0.51519  1.18799 -0.74625 S   50 
-0.64235  1.03970 -0.38637 B   51 
-0.79470  1.20064 -0.22823 T   51 
-0.50885  0.88389 -0.11224 B   52 
-0.20433  0.89162 -0.27077 D   52 
-0.55847  0.53969  0.01322 B   53 
-0.94103  0.79644 -0.12267 Y   53 
-0.46781  0.40505  0.29174 B   54 
-0.19726  0.19968  0.38696 B   55 
-0.22635 -0.01165  0.55555 I   55 
-0.09738  0.24241  0.05228 B   56 
 0.02112 -0.05558  0.07401 L   56 
-0.18479  0.49114 -0.09908 B   57 
-0.17315  0.73418  0.14639 Q   57 
-0.41761  0.46239 -0.30443 B   58 
-0.42377  0.15480 -0.34225 I   58 
-0.50171  0.59913 -0.60865 B   59 
-0.37004  0.84215 -0.73677 N   59 
-0.78529  0.76390 -0.77413 B   60 
-0.85044  0.93285 -0.63362 S   60 
-0.68394  0.78241 -1.08322 B   61 
-0.58063  1.18538 -1.19072 R   61 
-0.64444  0.44232 -1.10877 B   62 
-0.31170  0.63179 -1.35624 W   62 
-0.77362  0.23749 -0.86484 B   63 
-0.35347  0.15185 -0.95517 W   63 
-1.01112  0.42359 -0.74290 B   64 
-0.94065  0.41887 -0.49255 X   64 
-1.33666  0.54027 -0.63851 B   65 
-1.54683  0.61223 -0.83567 N   65 
-1.44921  0.88874 -0.51819 B   66 
-1.20397  1.00060 -0.51457 D   66 
-1.62287  1.09277 -0.71453 B   67 
-1.35631  1.33608 -0.75093 B   68 
-1.22835  1.45139 -0.30949 R   68 
-1.18511  1.20982 -1.01845 B   69 
-1.00038  1.14354 -0.85500 T   69 
-1.10864  1.30737 -1.30154 B   70 
-1.14758  1.50882 -1.24094 P   70 
-1.01155  1.06054 -1.51357 B   71 
-1.06489  0.79760 -1.38151 B   72 
-1.14933  0.83931 -1.16333 S   72 
-1.02556  0.41894 -1.35332 B   73 
-0.87771  0.38187 -1.67649 R   73 
-1.06201  0.18061 -1.14585 B   74 
-1.27829  0.16988 -0.96959 N   74 
-0.87513 -0.09487 -1.15916 B   75 
-0.66662  0.03499 -1.36993 L   75 
-0.98091 -0.23124 -0.87486 B   76 
-0.69818 -0.19001 -0.75295 X   76 
-1.27879 -0.20399 -0.85311 B   77 
-1.46515 -0.30603 -1.02429 N   77 
-1.31821  0.03908 -0.61799 B   78 
-1.21708 -0.16986 -0.43687 I   78 
-1.39547  0.19660 -0.35381 B   79 
-1.58867  0.11887 -0.33610 P   79 
-1.18577  0.38912 -0.17827 B   80 
-1.08276  0.58532 -0.40336 X   80 
-1.31532  0.31875  0.10307 B   81 
-1.54466  0.37733  0.06514 S   81 
-1.22133  0.01943  0.10936 B   82 
-1.32750 -0.07395 -0.04661 A   82 
-0.91708  0.12567  0.17226 B   83 
-0.81178  0.12166 -0.13762 L   83 
-1.01811  0.19554  0.49525 B   84 
-1.02098  0.50017  0.37098 L   84 
-1.04590 -0.05729  0.61536 B   85 
-1.23467 -0.23076  0.57757 S   85 
-0.95776 -0.29783  0.85246 B   86 
-1.12462 -0.29776  1.02426 S   86 
-0.97626 -0.46480  0.59627 B   87 
-1.10313 -0.72062  0.53367 D   87 
-0.69760 -0.52464  0.37542 B   88 
-0.48051 -0.52259  0.53212 I   88 
-0.78687 -0.68424  0.12511 B   89 
-0.93636 -0.88783  0.20681 T   89 
-0.82705 -0.45574 -0.08207 B   90 
-1.01807 -0.36419 -0.03340 A   90 
-0.54041 -0.33365 -0.07190 B   91 
-0.57370 -0.14158  0.12128 S   91 
-0.38793 -0.58835 -0.14706 B   92 
-0.33966 -0.74221  0.05963 V   92 
-0.51642 -0.65312 -0.41810 B   93 
-0.74416 -0.87777 -0.31393 N   93 
-0.43761 -0.37736 -0.53320 B   94 
-0.59181 -0.13823 -0.54836 X   94 
-0.13291 -0.38681 -0.48300 B   95 
-0.10633 -0.35443 -0.27184 A   95 
-0.07759 -0.63136 -0.66342 B   96 
-0.18909 -0.99073 -0.38898 K   96 
-0.14764 -0.46968 -0.92047 B   97 
-0.52258 -0.50857 -0.99949 K   97 
 0.05364 -0.23729 -0.89244 B   98 
-0.08057 -0.02533 -0.71011 I   98 
 0.32641 -0.40569 -0.87804 B   99 
 0.38266 -0.51389 -0.68071 V   99 
 0.24530 -0.53929 -1.17402 B   100 
 0.14424 -0.74477 -1.04598 S   100 
 0.26190 -0.27587 -1.37264 B   101 
 0.09165 -0.05593 -1.37933 D   101 
 0.62255 -0.23185 -1.39356 B   102 
 0.75634 -0.04583 -1.13912 B   103 
 0.70678  0.19999 -1.34499 N   103 
 0.67397 -0.17090 -0.90543 B   104 
 0.73958 -0.01436 -0.59526 B   105 
 0.73084 -0.26381 -0.29278 M   105 
 0.77805  0.27343 -0.73346 B   106 
 1.07616  0.18343 -0.84481 N   106 
 0.47695  0.35557 -0.69771 B   107 
 0.37479  0.20446 -0.80002 A   107 
 0.59714  0.41315 -0.41012 B   108 
 0.26942  0.08632 -0.34674 W   108 
 0.74025  0.69356 -0.30526 B   109 
 0.64482  0.90032 -0.42232 V   109 
 0.81632  0.60848 -0.01381 B   110 
 0.64333  0.65072  0.10567 A   110 
 0.96870  0.35641 -0.09113 B   111 
 1.01651  0.00535 -0.25261 W   111 
 1.17962  0.48089 -0.28128 B   112 
 1.11352  0.71959 -0.62330 R   112 
 1.27580  0.71898 -0.06876 B   113 
 1.16958  0.95003 -0.27033 N   113 
 1.27399  0.50420  0.21505 B   114 
 1.01990  0.85781  0.46560 R   114 
 1.32267  0.18084  0.12472 B   115 
 1.02757  0.17727  0.24512 X   115 
 1.49826  0.16639 -0.10163 B   116 
 1.45005  0.16075 -0.54404 K   116 
 1.80979  0.01318 -0.02593 B   117 
 1.72832 -0.09146  0.24129 B   118 
 1.60885  0.12026  0.33233 T   118 
 1.67408 -0.25679  0.55204 B   119 
 1.83869 -0.44003  0.69874 D   119 
 1.36799 -0.40684  0.53675 B   120 
 1.32168 -0.35421  0.29685 V   120 
 1.39103 -0.63630  0.74862 B   121 
 1.66890 -0.88791  0.56689 Q   121 
 1.35359 -0.44900  0.99868 B   122 
 1.51730 -0.32208  0.99247 A   122 
 1.02825 -0.44982  0.96875 B   123 
 1.03978 -0.03764  0.85258 W   123 
 1.02413 -0.77472  1.08749 B   124 
 0.96998 -0.87748  0.84505 I   124 
 1.13847 -0.76511  1.34455 B   125 
 1.61191 -0.69083  1.14779 R   125 
 1.00879 -0.97083  1.60237 B   126 
 0.83128 -1.13001  1.41671 B   127 
 0.70634 -0.84951  1.31626 X   127 
 0.57752 -1.39119  1.39706 B   128 
 0.69798 -1.76239  1.50739 R   128 
 0.64963 -1.60181  1.09295 B   129 
 0.61387 -1.36012  1.00464 L   129 
