246 
-0.16451  0.59730  1.18452 B   1 
-0.38637  0.30242  1.38468 K   1 
 0.05530  0.37771  1.36295 B   2 
 0.27772  0.51025  1.35135 V   2 
 0.13320  0.07272  1.29898 B   3 
-0.25365  0.00885  1.11410 F   3 
 0.18072 -0.23124  1.37221 B   4 
 0.28274 -0.50623  1.24285 B   5 
 0.63649 -0.75966  1.25810 R   5 
 0.07312 -0.71731  1.35853 B   6 
 0.26995 -0.91033  1.50810 X   6 
-0.16347 -0.51982  1.31810 B   7 
-0.24235 -0.19621  1.52172 E   7 
-0.15108 -0.49258  1.01015 B   8 
-0.01925 -0.27080  0.84419 L   8 
-0.16444 -0.78825  0.93373 B   9 
 0.02776 -0.87420  0.98694 A   9 
-0.44328 -0.83482  1.05018 B   10 
-0.41829 -0.83899  1.26740 A   10 
-0.59341 -0.62568  0.87737 B   11 
-0.56371 -0.43439  0.97475 A   11 
-0.50130 -0.72886  0.60019 B   12 
-0.14017 -0.51217  0.51519 M   12 
-0.62741 -1.00311  0.63684 B   13 
-0.48798 -1.36731  0.82689 K   13 
-0.91989 -0.93406  0.68953 B   14 
-1.09260 -0.61011  0.95752 R   14 
-0.91567 -0.77567  0.40025 B   15 
-0.96639 -0.43760  0.58662 H   15 
-0.77002 -1.01089  0.20294 B   16 
-0.44128 -0.99423  0.12972 B   17 
-0.41996 -0.67062  0.12131 L   17 
-0.37958 -1.27544  0.17054 B   18 
-0.23522 -1.44541  0.38177 D   18 
-0.29020 -1.39394 -0.13560 B   19 
-0.22563 -1.64042  0.06112 N   19 
-0.33144 -1.16671 -0.31033 B   20 
-0.67219 -0.90292 -0.40791 Y   20 
-0.25304 -1.24140 -0.61855 B   21 
-0.59279 -1.04679 -0.88735 R   21 
-0.01386 -1.42677 -0.46256 B   22 
 0.04240 -1.24015 -0.20367 B   23 
 0.23313 -1.00945 -0.56658 Y   23 
 0.17126 -1.26281  0.07029 B   24 
 0.33811 -1.42038  0.11757 S   24 
 0.14318 -1.09424  0.35705 B   25 
-0.06894 -1.11431  0.58761 L   25 
 0.44944 -1.01498  0.38365 B   26 
 0.45489 -0.82709  0.13801 B   27 
 0.52919 -1.06487 -0.08967 N   27 
 0.25856 -0.61264  0.23975 B   28 
-0.05749 -0.70875 -0.06009 W   28 
 0.41039 -0.54277  0.49815 B   29 
 0.33769 -0.68915  0.70030 V   29 
 0.67573 -0.47196  0.36371 B   30 
 0.89212 -0.62156  0.27553 X   30 
 0.57012 -0.24042  0.19199 B   31 
 0.46403 -0.33301  0.02459 A   31 
 0.45344 -0.06109  0.41548 B   32 
 0.26662 -0.14960  0.47530 A   32 
 0.72000 -0.02273  0.56208 B   33 
 0.93190 -0.10366  0.81694 K   33 
 0.88255  0.11409  0.30075 B   34 
 1.15816 -0.18233  0.37279 F   34 
 0.66141  0.33309  0.22598 B   35 
 0.59453  0.20114 -0.09339 E   35 
 0.54488  0.43205  0.54728 B   36 
 0.33429  0.37651  0.50607 S   36 
 0.60549  0.29215  0.81976 B   37 
 0.85670  0.35174  0.94473 N   37 
 0.29526  0.24269  0.90533 B   38 
 0.48013 -0.12396  0.95200 F   38 
 0.18053  0.53286  0.79537 B   39 
 0.25103  0.77938  0.95229 N   39 
-0.12517  0.66822  0.70344 B   40 
-0.28519  0.55414  0.85680 T   40 
-0.00998  0.98636  0.68108 B   41 
-0.17789  1.13987  1.00914 Q   41 
 0.16968  0.94355  0.44952 B   42 
 0.32805  0.81523  0.50561 A   42 
 0.34361  1.18784  0.24117 B   43 
 0.14600  1.32878  0.27251 T   43 
 0.46286  1.21869 -0.11262 B   44 
 0.66392  1.04721  0.09746 N   44 
 0.62842  1.39789 -0.33039 B   45 
 0.36636  1.80864 -0.47062 R   45 
 0.64910  1.41091 -0.67590 B   46 
 0.53393  1.09236 -0.62499 N   46 
 0.81034  1.50963 -0.95517 B   47 
 1.05665  1.43449 -0.97629 T   47 
 0.52151  1.50300 -1.12336 B   48 
 0.43859  1.25118 -1.11612 D   48 
 0.32186  1.63167 -0.87635 B   49 
 0.24068  1.41574 -0.73168 B   50 
 0.21262  1.20601 -0.85671 S   50 
 0.10526  1.19101 -0.46184 B   51 
 0.13166  1.41763 -0.31331 T   51 
 0.16551  0.99510 -0.18755 B   52 
 0.35874  0.79419 -0.38810 D   52 
-0.06277  0.77420  0.00157 B   53 
-0.21057  1.21508 -0.11892 Y   53 
-0.01951  0.62263  0.28278 B   54 
 0.06961  0.29298  0.37127 B   55 
-0.04894  0.15950  0.57634 I   55 
 0.09509  0.24778  0.02324 B   56 
-0.00335 -0.05315  0.07859 L   56 
 0.15575  0.48692 -0.15439 B   57 
 0.37487  0.66951  0.04083 Q   57 
-0.08004  0.61252 -0.31510 B   58 
-0.28968  0.38488 -0.29772 I   58 
-0.12292  0.76046 -0.62266 B   59 
 0.10044  0.85120 -0.80893 N   59 
-0.26337  1.06597 -0.77061 B   60 
-0.17168  1.24034 -0.65347 S   60 
-0.24652  1.00251 -1.08973 B   61 
 0.06284  1.23253 -1.27945 R   61 
-0.44060  0.72071 -1.06149 B   62 
-0.13047  0.63434 -1.38430 W   62 
-0.61166  0.66081 -0.76944 B   63 
-0.37773  0.31574 -0.90442 W   63 
-0.63995  0.96141 -0.64797 B   64 
-0.53482  0.91960 -0.41374 X   64 
-0.78129  1.26763 -0.51861 B   65 
-0.93420  1.45398 -0.69213 N   65 
-0.61426  1.60718 -0.44525 B   66 
-0.36159  1.52890 -0.49722 D   66 
-0.65571  1.86837 -0.64624 B   67 
-0.31235  1.87315 -0.76310 B   68 
-0.04525  1.88963 -0.37204 R   68 
-0.32733  1.65640 -1.02694 B   69 
-0.19708  1.49000 -0.88348 T   69 
-0.27241  1.66948 -1.33077 B   70 
-0.15866  1.84819 -1.30093 P   70 
-0.40648  1.41325 -1.50876 B   71 
-0.58407  1.25592 -1.32674 B   72 
-0.57043  1.35029 -1.10908 S   72 
-0.79084  0.94712 -1.23947 B   73 
-0.77850  0.81079 -1.56952 R   73 
-0.92332  0.79958 -0.99077 B   74 
-1.04959  0.94046 -0.78542 N   74 
-0.96496  0.46911 -0.98351 B   75 
-0.77602  0.42148 -1.24196 L   75 
-1.06597  0.44638 -0.66745 B   76 
-0.80427  0.29433 -0.59750 X   76 
-1.26273  0.66454 -0.60713 B   77 
-1.50350  0.70565 -0.72871 N   77 
-1.08346  0.88058 -0.41449 B   78 
-1.10190  0.66318 -0.21680 I   78 
-0.98017  1.05852 -0.17315 B   79 
-1.16795  1.12865 -0.11399 P   79 
-0.66341  1.06992 -0.06645 B   80 
-0.51288  1.14128 -0.33481 X   80 
-0.74038  1.11226  0.23879 B   81 
-0.88013  1.30657  0.22547 S   81 
-0.86117  0.82602  0.28295 B   82 
-1.03402  0.82108  0.16288 A   82 
-0.55536  0.70648  0.28099 B   83 
-0.55019  0.62350 -0.03558 L   83 
-0.51235  0.83642  0.59829 B   84 
-0.34770  1.06243  0.42491 L   84 
-0.66737  0.66937  0.76316 B   85 
-0.92558  0.66299  0.78421 S   85 
-0.70297  0.43875  1.02275 B   86 
-0.78700  0.55489  1.21461 S   86 
-0.88093  0.31733  0.80493 B   87 
-1.15183  0.20749  0.80698 D   87 
-0.76393  0.08082  0.55921 B   88 
-0.56772 -0.05600  0.67949 I   88 
-0.98790  0.01194  0.35625 B   89 
-1.20960 -0.03900  0.49310 T   89 
-0.91799  0.20282  0.12082 B   90 
-0.98901  0.39939  0.18047 A   90 
-0.62687  0.10505  0.06737 B   91 
-0.48513  0.27743  0.22710 S   91 
-0.69444 -0.18915  0.01586 B   92 
-0.71079 -0.32947  0.23669 V   92 
-0.89129 -0.16172 -0.21793 B   93 
-1.17894 -0.17595 -0.04404 N   93 
-0.68296 -0.01107 -0.38941 B   94 
-0.64693  0.26959 -0.42291 X   94 
-0.45363 -0.21801 -0.38375 B   95 
-0.36589 -0.20429 -0.18765 A   95 
-0.60985 -0.44385 -0.52522 B   96 
-0.85982 -0.63022 -0.17927 K   96 
-0.61584 -0.28494 -0.79323 B   97 
-0.93420 -0.06872 -0.80823 K   97 
-0.31296 -0.24302 -0.83584 B   98 
-0.23517  0.01064 -0.67526 I   98 
-0.21676 -0.54913 -0.83280 B   99 
-0.20017 -0.66083 -0.63016 V   99 
-0.42839 -0.60545 -1.08593 B   100 
-0.60525 -0.68830 -0.91076 S   100 
-0.29248 -0.42567 -1.32743 B   101 
-0.27861 -0.14851 -1.34699 D   101 
-0.00382 -0.63194 -1.40854 B   102 
 0.27070 -0.57257 -1.21269 B   103 
 0.34507 -0.36246 -1.44847 N   103 
 0.18275 -0.60401 -0.95133 B   104 
 0.40083 -0.51978 -0.68606 B   105 
 0.30299 -0.69083 -0.34700 M   105 
 0.58198 -0.33420 -0.87619 B   106 
 0.71865 -0.60252 -1.01291 N   106 
 0.42110 -0.07230 -0.81127 B   107 
 0.22636 -0.12137 -0.86967 A   107 
 0.61098 -0.09907 -0.55889 B   108 
 0.17532 -0.12508 -0.39228 W   108 
 0.91905  0.01987 -0.52644 B   109 
 0.95469  0.23401 -0.66221 V   109 
 0.98617 -0.08448 -0.23908 B   110 
 0.91282  0.06558 -0.10458 A   110 
 0.91971 -0.37672 -0.29313 B   111 
 0.69415 -0.67676 -0.39658 W   111 
 1.11162 -0.42929 -0.53093 B   112 
 1.13865 -0.21812 -0.89561 R   112 
 1.38234 -0.30743 -0.37939 B   113 
 1.40658 -0.07077 -0.60007 N   113 
 1.30757 -0.45770 -0.06553 B   114 
 1.40308 -0.01634  0.15459 R   114 
 1.11635 -0.73519 -0.10462 B   115 
 0.92414 -0.53867  0.05669 X   115 
 1.18534 -0.86970 -0.34839 B   116 
 1.04677 -0.85679 -0.77114 K   116 
 1.33354 -1.18803 -0.29399 B   117 
 1.26684 -1.20364 -0.00365 B   118 
 1.33480 -0.96295  0.06591 T   118 
 1.19119 -1.28129  0.33559 B   119 
 1.22811 -1.52257  0.48598 D   119 
 0.86673 -1.19176  0.39178 B   120 
 0.81235 -1.12970  0.15587 V   120 
 0.78466 -1.37188  0.63447 B   121 
 0.78731 -1.75024  0.46019 Q   121 
 0.93309 -1.19844  0.85104 B   122 
 1.13322 -1.21182  0.79889 A   122 
 0.68658 -0.98486  0.86993 B   123 
 0.93239 -0.68752  0.68368 W   123 
 0.50258 -1.22162  1.04247 B   124 
 0.34255 -1.27087  0.83216 I   124 
 0.65063 -1.28147  1.27429 B   125 
 1.00202 -1.54552  1.00011 R   125 
 0.48176 -1.34124  1.58010 B   126 
 0.20771 -1.34930  1.45303 B   127 
 0.27253 -1.05983  1.32500 X   127 
-0.15027 -1.37780  1.51651 B   128 
-0.27414 -1.73193  1.67054 R   128 
-0.30027 -1.59344  1.24625 B   129 
-0.19195 -1.39164  1.12364 L   129 
