246 
 0.66311  0.34857  1.10711 B   1 
 0.62234 -0.00440  1.33070 K   1 
 0.94245  0.13220  1.04770 B   2 
 1.10475  0.29334  0.92580 V   2 
 0.95425 -0.14318  0.88277 B   3 
 0.54007 -0.22440  0.98163 F   3 
 1.03321 -0.44615  0.83817 B   4 
 1.02078 -0.67738  0.61649 B   5 
 1.29348 -0.87960  0.34384 R   5 
 0.93515 -0.93194  0.78896 B   6 
 1.17865 -1.12034  0.72908 X   6 
 0.73338 -0.76401  0.95538 B   7 
 0.81280 -0.49555  1.22746 E   7 
 0.54105 -0.68080  0.72776 B   8 
 0.53516 -0.41729  0.57081 L   8 
 0.47600 -0.95715  0.61443 B   9 
 0.65449 -1.02460  0.51076 A   9 
 0.34135 -1.06080  0.86862 B   10 
 0.50270 -1.10029  1.01086 A   10 
 0.11809 -0.84626  0.88504 B   11 
 0.20752 -0.67321  0.97997 A   11 
 0.00396 -0.88496  0.59967 B   12 
 0.22408 -0.61004  0.35358 M   12 
-0.07158 -1.17575  0.64646 B   13 
 0.15240 -1.54595  0.61499 K   13 
-0.25648 -1.15716  0.88844 B   14 
-0.20558 -0.91246  1.26807 R   14 
-0.44059 -0.95054  0.70899 B   15 
-0.35102 -0.66112  0.95354 H   15 
-0.46406 -1.12502  0.41833 B   16 
-0.26389 -1.05153  0.15710 B   17 
-0.24806 -0.73175  0.20935 L   17 
-0.19514 -1.32464  0.08470 B   18 
 0.04962 -1.50863  0.10887 D   18 
-0.33059 -1.37346 -0.22356 B   19 
-0.15677 -1.64017 -0.17580 N   19 
-0.47269 -1.12632 -0.27450 B   20 
-0.78945 -0.89755 -0.06824 Y   20 
-0.61706 -1.13354 -0.56746 B   21 
-1.04659 -0.94150 -0.50278 R   21 
-0.33729 -1.30995 -0.64814 B   22 
-0.12190 -1.16672 -0.45294 B   23 
-0.21247 -0.85143 -0.79012 Y   23 
 0.15475 -1.22042 -0.33999 B   24 
 0.30906 -1.36003 -0.44767 S   24 
 0.32453 -1.11109 -0.07418 B   25 
 0.31554 -1.20033  0.22668 L   25 
 0.57429 -0.99744 -0.23383 B   26 
 0.42023 -0.76970 -0.37551 B   27 
 0.32296 -0.95084 -0.64316 N   27 
 0.34241 -0.60522 -0.12697 B   28 
-0.09435 -0.68782 -0.16506 W   28 
 0.62767 -0.56286 -0.01957 B   29 
 0.70314 -0.75141  0.14271 V   29 
 0.74073 -0.43419 -0.27286 B   30 
 0.84362 -0.53519 -0.50990 X   30 
 0.55213 -0.19203 -0.27925 B   31 
 0.36072 -0.26663 -0.35441 A   31 
 0.61372 -0.07281 -0.00047 B   32 
 0.51063 -0.19487  0.14371 A   32 
 0.91163 -0.02580 -0.05578 B   33 
 1.23743 -0.12172 -0.02318 K   33 
 0.86493  0.17607 -0.32131 B   34 
 1.11528 -0.08869 -0.51169 F   34 
 0.65263  0.37318 -0.18518 B   35 
 0.39042  0.29260 -0.40572 E   35 
 0.77723  0.39660  0.14728 B   36 
 0.59045  0.32153  0.24003 S   36 
 0.99952  0.21973  0.27688 B   37 
 1.27199  0.28924  0.22032 N   37 
 0.82088  0.11455  0.52795 B   38 
 0.98498 -0.22631  0.36164 F   38 
 0.66689  0.40161  0.58575 B   39 
 0.82708  0.62335  0.71041 N   39 
 0.37818  0.50889  0.74500 B   40 
 0.35628  0.34881  0.93483 T   40 
 0.45556  0.83846  0.72549 B   41 
 0.54674  0.90694  1.10808 Q   41 
 0.43839  0.86221  0.43075 B   42 
 0.59257  0.74840  0.34148 A   42 
 0.43681  1.16090  0.22069 B   43 
 0.31063  1.26613  0.40207 T   43 
 0.29505  1.27016 -0.10841 B   44 
 0.58179  1.09252 -0.12185 N   44 
 0.27991  1.50596 -0.33449 B   45 
-0.00311  1.89616 -0.17732 R   45 
 0.06894  1.58313 -0.59815 B   46 
 0.01030  1.24808 -0.55781 N   46 
 0.00886  1.75088 -0.88447 B   47 
 0.17956  1.71451 -1.07500 T   47 
-0.31950  1.73566 -0.82362 B   48 
-0.38138  1.47777 -0.82115 D   48 
-0.30586  1.79014 -0.48557 B   49 
-0.27566  1.54293 -0.37548 B   50 
-0.38230  1.35706 -0.49584 S   50 
-0.20435  1.25750 -0.14074 B   51 
-0.08325  1.45542  0.00168 T   51 
 0.01794  1.02566 -0.02206 B   52 
 0.02879  0.89161 -0.33803 D   52 
-0.03371  0.74591  0.21404 B   53 
-0.21710  1.17730  0.31896 Y   53 
 0.18103  0.55377  0.35859 B   54 
 0.30096  0.22863  0.29271 B   55 
 0.34397  0.04598  0.48947 I   55 
 0.09101  0.25014  0.01114 B   56 
 0.04819 -0.06629  0.04792 L   56 
 0.02408  0.52310 -0.10474 B   57 
 0.32045  0.69565 -0.06178 Q   57 
-0.25721  0.64255 -0.04302 B   58 
-0.40764  0.38939  0.05372 I   58 
-0.48902  0.83591 -0.20794 B   59 
-0.44133  0.98762 -0.46779 N   59 
-0.68709  1.14124 -0.15803 B   60 
-0.53820  1.30260 -0.09223 S   60 
-0.88487  1.13863 -0.41692 B   61 
-0.77231  1.43827 -0.70354 R   61 
-1.01732  0.83284 -0.33430 B   62 
-0.99668  0.84797 -0.78949 W   62 
-0.95563  0.69932 -0.02364 B   63 
-0.87339  0.41851 -0.34982 W   63 
-0.89234  0.96683  0.15057 B   64 
-0.65999  0.89837  0.24539 X   64 
-0.90906  1.22322  0.40448 B   65 
-1.13525  1.41530  0.41709 N   65 
-0.72940  1.56352  0.42659 B   66 
-0.57420  1.53045  0.20867 D   66 
-0.88833  1.84843  0.36411 B   67 
-0.70596  1.92008  0.05885 B   68 
-0.24755  1.90220  0.17752 R   68 
-0.89396  1.75391 -0.17323 B   69 
-0.70427  1.58361 -0.18886 T   69 
-1.05175  1.82830 -0.42832 B   70 
-0.94346  2.01244 -0.43972 P   70 
-1.27388  1.59232 -0.52973 B   71 
-1.29092  1.38261 -0.31725 B   72 
-1.13623  1.43755 -0.14543 S   72 
-1.39462  1.03826 -0.18921 B   73 
-1.60417  0.96596 -0.46946 R   73 
-1.33371  0.83223  0.04535 B   74 
-1.29188  0.91592  0.30841 N   74 
-1.36574  0.50323  0.00378 B   75 
-1.39364  0.52834 -0.31772 L   75 
-1.23485  0.41106  0.29530 B   76 
-0.99403  0.28553  0.14450 X   76 
-1.34012  0.58651  0.51459 B   77 
-1.60085  0.61594  0.58937 N   77 
-1.07494  0.78677  0.58873 B   78 
-0.96263  0.53708  0.69704 I   78 
-0.83573  0.93099  0.73891 B   79 
-0.93740  0.96355  0.91859 P   79 
-0.52659  0.96560  0.61610 B   80 
-0.58802  1.10331  0.33855 X   80 
-0.38361  0.94202  0.89875 B   81 
-0.49459  1.11502  1.02210 S   81 
-0.45039  0.63891  0.94494 B   82 
-0.65965  0.63231  0.96692 A   82 
-0.22296  0.56382  0.72034 B   83 
-0.42820  0.54017  0.46647 L   83 
 0.01986  0.63960  0.95424 B   84 
 0.03393  0.91298  0.77170 L   84 
 0.00842  0.42651  1.13748 B   85 
-0.17262  0.38184  1.31743 S   85 
 0.14820  0.15058  1.29925 B   86 
 0.21264  0.21823  1.51977 S   86 
-0.13097  0.04722  1.22690 B   87 
-0.33575 -0.09661  1.37801 D   87 
-0.20786 -0.12371  0.91887 B   88 
 0.01686 -0.25220  0.85045 I   88 
-0.51112 -0.18470  0.89869 B   89 
-0.58935 -0.28858  1.13013 T   89 
-0.60982  0.05278  0.72373 B   90 
-0.62102  0.22419  0.85691 A   90 
-0.42690  0.00614  0.47566 B   91 
-0.21234  0.16468  0.54007 S   91 
-0.51646 -0.28050  0.41576 B   92 
-0.38614 -0.45889  0.55687 V   92 
-0.81795 -0.23846  0.37701 B   93 
-0.92102 -0.32202  0.68618 N   93 
-0.77091 -0.03301  0.15101 B   94 
-0.76115  0.25138  0.16585 X   94 
-0.59759 -0.20492 -0.03835 B   95 
-0.40247 -0.21478  0.05207 A   95 
-0.81195 -0.42077 -0.09198 B   96 
-0.77647 -0.69778  0.28071 K   96 
-0.98979 -0.21883 -0.24917 B   97 
-1.23625 -0.04816 -0.00738 K   97 
-0.78863 -0.12966 -0.46571 B   98 
-0.62042  0.09936 -0.34146 I   98 
-0.71906 -0.41565 -0.59353 B   99 
-0.57536 -0.55848 -0.48055 V   99 
-1.04574 -0.45378 -0.65562 B   100 
-1.06551 -0.58957 -0.43202 S   100 
-1.09881 -0.21716 -0.87993 B   101 
-1.09667  0.05835 -0.84141 D   101 
-0.93768 -0.36495 -1.17086 B   102 
-0.60110 -0.30517 -1.19050 B   103 
-0.69634 -0.04828 -1.36430 N   103 
-0.49640 -0.39431 -0.94940 B   104 
-0.15643 -0.33027 -0.87634 B   105 
-0.01047 -0.57069 -0.60304 M   105 
-0.14156 -0.09110 -1.09076 B   106 
-0.13258 -0.30986 -1.33861 N   106 
-0.21604  0.13097 -0.88141 B   107 
-0.40205  0.06741 -0.81000 A   107 
 0.09240  0.08532 -0.82441 B   108 
-0.12727 -0.02831 -0.42810 W   108 
 0.34800  0.23685 -0.97210 B   109 
 0.28926  0.47460 -1.04680 V   109 
 0.58554  0.09284 -0.82785 B   110 
 0.62094  0.20523 -0.64868 A   110 
 0.49518 -0.19128 -0.88990 B   111 
 0.25227 -0.49557 -0.88764 W   111 
 0.48300 -0.17428 -1.19926 B   112 
 0.26746  0.10031 -1.43688 R   112 
 0.78864 -0.04619 -1.23500 B   113 
 0.66593  0.22715 -1.35960 N   113 
 0.93580 -0.25875 -0.99037 B   114 
 1.15951  0.14497 -0.79204 R   114 
 0.76140 -0.54794 -0.95799 B   115 
 0.72549 -0.41101 -0.67242 X   115 
 0.65124 -0.62625 -1.21099 B   116 
 0.26946 -0.55679 -1.42893 K   116 
 0.79355 -0.92633 -1.33730 B   117 
 0.93355 -1.00235 -1.08509 B   118 
 1.03438 -0.77104 -1.02413 T   118 
 1.09789 -1.14878 -0.80511 B   119 
 1.22051 -1.40585 -0.77238 D   119 
 0.89150 -1.11514 -0.53545 B   120 
 0.69664 -1.01982 -0.65960 V   120 
 0.98595 -1.34507 -0.34495 B   121 
 0.86739 -1.68238 -0.55874 Q   121 
 1.24288 -1.19474 -0.24294 B   122 
 1.35938 -1.17159 -0.41277 A   122 
 1.07282 -1.02306 -0.02307 B   123 
 1.14082 -0.66695 -0.25130 W   123 
 1.04343 -1.30936  0.16888 B   124 
 0.78387 -1.34131  0.10660 I   124 
 1.30628 -1.38920  0.23033 B   125 
 1.38707 -1.55041 -0.25533 R   125 
 1.37865 -1.52476  0.54970 B   126 
 1.08841 -1.54674  0.63088 B   127 
 1.05798 -1.23302  0.55989 X   127 
 0.85960 -1.63395  0.90112 B   128 
 0.86150 -2.02327  1.01471 R   128 
 0.56556 -1.81603  0.75136 B   129 
 0.57007 -1.58289  0.63684 L   129 
