246 
-1.04287 -0.07228  0.83313 B   1 
-1.01388 -0.47399  0.95157 K   1 
-0.84538 -0.09893  1.13089 B   2 
-0.83203  0.14942  1.20376 V   2 
-0.54838 -0.21566  1.16754 B   3 
-0.60987 -0.48662  0.83480 F   3 
-0.32602 -0.39173  1.30742 B   4 
-0.01185 -0.45405  1.29406 B   5 
 0.34705 -0.35928  1.52167 R   5 
-0.00410 -0.77102  1.33079 B   6 
 0.17440 -0.78980  1.58800 X   6 
-0.25238 -0.80851  1.14758 B   7 
-0.62402 -0.71935  1.22720 E   7 
-0.13458 -0.69746  0.88391 B   8 
-0.16692 -0.41661  0.76481 L   8 
 0.11602 -0.87142  0.86452 B   9 
 0.25245 -0.79990  1.01758 A   9 
-0.03526 -1.13595  0.83945 B   10 
-0.11324 -1.18027  1.03890 A   10 
-0.19312 -1.06661  0.58175 B   11 
-0.36554 -0.95194  0.64559 A   11 
 0.04941 -0.98770  0.40594 B   12 
 0.09840 -0.56526  0.46710 M   12 
 0.17994 -1.26159  0.42595 B   13 
 0.44278 -1.44066  0.72100 K   13 
-0.03830 -1.44601  0.31894 B   14 
-0.48381 -1.44276  0.40892 R   14 
-0.03203 -1.26386  0.04403 B   15 
-0.39342 -1.14035  0.11972 H   15 
 0.30255 -1.25071 -0.01394 B   16 
 0.48236 -0.98050  0.07749 B   17 
 0.25093 -0.75982  0.02279 L   17 
 0.70834 -1.12304  0.19225 B   18 
 0.81715 -1.18262  0.47324 D   18 
 0.97360 -1.04772 -0.00704 B   19 
 1.10763 -1.20940  0.23693 N   19 
 0.85615 -0.88716 -0.21750 B   20 
 0.53116 -0.94325 -0.51151 Y   20 
 1.08371 -0.79181 -0.43163 B   21 
 0.88529 -0.84330 -0.86004 R   21 
 1.27438 -0.77672 -0.14999 B   22 
 1.04906 -0.69017  0.06624 B   23 
 1.12347 -0.30647 -0.19557 Y   23 
 1.01157 -0.68603  0.36749 B   24 
 1.19247 -0.67623  0.51608 S   24 
 0.74668 -0.67995  0.57053 B   25 
 0.55892 -0.91071  0.67078 L   25 
 0.82507 -0.41441  0.72588 B   26 
 0.79080 -0.22493  0.48381 B   27 
 1.10545 -0.25700  0.36602 N   27 
 0.48826 -0.26166  0.43907 B   28 
 0.53532 -0.46952  0.04714 W   28 
 0.39852 -0.17850  0.72145 B   29 
 0.38706 -0.37899  0.88653 V   29 
 0.53253  0.09633  0.72027 B   30 
 0.78987  0.18460  0.77470 X   30 
 0.37900  0.21185  0.48081 B   31 
 0.46925  0.12268  0.30262 A   31 
 0.08975  0.17756  0.58513 B   32 
 0.03970 -0.03056  0.56291 A   32 
 0.12815  0.35542  0.83193 B   33 
 0.18373  0.38883  1.16689 K   33 
 0.21629  0.63172  0.66068 B   34 
 0.54513  0.62693  0.90737 F   34 
-0.02597  0.62844  0.45151 B   35 
 0.17868  0.58510  0.16845 E   35 
-0.29622  0.51691  0.65432 B   36 
-0.33949  0.34000  0.52799 S   36 
-0.27756  0.39825  0.94252 B   37 
-0.25349  0.58419  1.15958 N   37 
-0.42873  0.11755  0.87640 B   38 
-0.08015  0.00962  1.07036 F   38 
-0.65775  0.24613  0.67522 B   39 
-0.87769  0.40873  0.79994 N   39 
-0.87060  0.13354  0.42573 B   40 
-0.92834 -0.09688  0.50131 T   40 
-1.04591  0.42305  0.40494 B   41 
-1.38561  0.30639  0.57924 Q   41 
-0.82592  0.59101  0.29950 B   42 
-0.67514  0.61054  0.44640 A   42 
-0.83650  0.92836  0.16010 B   43 
-1.05364  0.86403  0.06733 T   43 
-0.64941  1.13218 -0.09247 B   44 
-0.51120  1.11329  0.21494 N   44 
-0.61066  1.42522 -0.23238 B   45 
-0.99027  1.53035 -0.55159 R   45 
-0.46187  1.54376 -0.52184 B   46 
-0.29852  1.24614 -0.47642 N   46 
-0.33775  1.80017 -0.70234 B   47 
-0.15107  1.93840 -0.58921 T   47 
-0.40185  1.63192 -0.98402 B   48 
-0.25453  1.41167 -0.97260 D   48 
-0.70340  1.49893 -0.89016 B   49 
-0.64154  1.26452 -0.76616 B   50 
-0.44243  1.14712 -0.84970 S   50 
-0.65338  0.95055 -0.55894 B   51 
-0.87622  1.07086 -0.45900 T   51 
-0.59318  0.79602 -0.25937 B   52 
-0.25995  0.86624 -0.30348 D   52 
-0.61869  0.43904 -0.16669 B   53 
-0.97370  0.64088 -0.41961 Y   53 
-0.60343  0.29801  0.12279 B   54 
-0.34778  0.13194  0.30028 B   55 
-0.39273 -0.09468  0.44363 I   55 
-0.15139  0.21819  0.02133 B   56 
 0.00489 -0.05743  0.07544 L   56 
-0.22673  0.46126 -0.14496 B   57 
-0.34187  0.68154  0.09521 Q   57 
-0.36837  0.41248 -0.41838 B   58 
-0.30581  0.11223 -0.46322 I   58 
-0.36937  0.55879 -0.72969 B   59 
-0.24876  0.82981 -0.79908 N   59 
-0.60628  0.68872 -0.97856 B   60 
-0.74402  0.83251 -0.86505 S   60 
-0.41271  0.74924 -1.23354 B   61 
-0.35415  1.17119 -1.28956 R   61 
-0.30611  0.42340 -1.25194 B   62 
 0.05004  0.68434 -1.36561 W   62 
-0.46998  0.18063 -1.07207 B   63 
-0.03565  0.17208 -1.01462 W   63 
-0.76407  0.31491 -1.03476 B   64 
-0.78158  0.30071 -0.77561 X   64 
-1.12119  0.36814 -1.04578 B   65 
-1.26283  0.42136 -1.30137 N   65 
-1.32852  0.68244 -0.96328 B   66 
-1.12308  0.83185 -0.87306 D   66 
-1.46054  0.87137 -1.20247 B   67 
-1.24580  1.15683 -1.13942 B   68 
-1.29564  1.25395 -0.67831 R   68 
-0.97529  1.08285 -1.33478 B   69 
-0.84696  1.03391 -1.11944 T   69 
-0.82770  1.21488 -1.57203 B   70 
-0.92040  1.40155 -1.52378 P   70 
-0.62246  1.00568 -1.74356 B   71 
-0.66832  0.72745 -1.64405 B   72 
-0.82680  0.73649 -1.46722 S   72 
-0.57284  0.35915 -1.61295 B   73 
-0.32148  0.37374 -1.86649 R   73 
-0.63270  0.10153 -1.43626 B   74 
-0.88967  0.04116 -1.34528 N   74 
-0.40553 -0.13794 -1.39105 B   75 
-0.16577  0.04120 -1.51431 L   75 
-0.57362 -0.31298 -1.16363 B   76 
-0.36021 -0.23685 -0.95113 X   76 
-0.86138 -0.33628 -1.24485 B   77 
-0.95819 -0.45245 -1.47195 N   77 
-1.02030 -0.12337 -1.03192 B   78 
-0.94940 -0.32760 -0.83205 I   78 
-1.20846 -0.00315 -0.80672 B   79 
-1.37904 -0.11236 -0.85825 P   79 
-1.10788  0.20541 -0.56539 B   80 
-0.97294  0.43387 -0.73676 X   80 
-1.30891  0.09165 -0.34736 B   81 
-1.51901  0.11527 -0.46034 S   81 
-1.16990 -0.18795 -0.31620 B   82 
-1.19917 -0.28389 -0.50129 A   82 
-0.92864 -0.03947 -0.15019 B   83 
-0.72707 -0.00038 -0.40509 L   83 
-1.14256 -0.01420  0.12002 B   84 
-1.15885  0.29527  0.00949 L   84 
-1.16262 -0.27735  0.21732 B   85 
-1.29326 -0.47533  0.11296 S   85 
-1.11671 -0.51945  0.46456 B   86 
-1.32844 -0.56082  0.56858 S   86 
-1.01811 -0.66515  0.21376 B   87 
-1.06831 -0.93198  0.10542 D   87 
-0.67577 -0.66033  0.10067 B   88 
-0.52761 -0.63627  0.32238 I   88 
-0.64593 -0.81074 -0.16874 B   89 
-0.77467 -1.04198 -0.14814 T   89 
-0.65528 -0.57522 -0.37171 B   90 
-0.86482 -0.52023 -0.38945 A   90 
-0.41559 -0.40959 -0.26088 B   91 
-0.54562 -0.24232 -0.08643 S   91 
-0.20336 -0.62901 -0.28506 B   92 
-0.19987 -0.78978 -0.07803 V   92 
-0.22005 -0.69079 -0.58518 B   93 
-0.42486 -0.95731 -0.57084 N   93 
-0.15860 -0.39725 -0.65973 B   94 
-0.33946 -0.18585 -0.72130 X   94 
 0.10824 -0.36138 -0.50820 B   95 
 0.05649 -0.34293 -0.30005 A   95 
 0.26388 -0.57774 -0.66434 B   96 
 0.13413 -0.97215 -0.45337 K   96 
 0.25562 -0.40859 -0.92595 B   97 
-0.05783 -0.50095 -1.12978 K   97 
 0.39044 -0.14983 -0.82507 B   98 
 0.16707  0.02155 -0.69500 I   98 
 0.66844 -0.27241 -0.72185 B   99 
 0.67418 -0.38622 -0.51979 V   99 
 0.71636 -0.39211 -1.03073 B   100 
 0.61730 -0.62125 -0.95002 S   100 
 0.75036 -0.11378 -1.20534 B   101 
 0.55531  0.07544 -1.26491 D   101 
 1.08304 -0.01031 -1.10012 B   102 
 1.08822  0.17294 -0.81092 B   103 
 1.06662  0.42386 -1.01548 N   103 
 0.95665  0.01704 -0.62273 B   104 
 0.88549  0.15560 -0.30530 B   105 
 0.82157 -0.11644 -0.03015 M   105 
 0.91516  0.45637 -0.41511 B   106 
 1.24439  0.42551 -0.41940 N   106 
 0.60980  0.48535 -0.48300 B   107 
 0.57678  0.32879 -0.61767 A   107 
 0.61459  0.53734 -0.17035 B   108 
 0.34937  0.15758 -0.23103 W   108 
 0.66126  0.82745 -0.01619 B   109 
 0.57463  1.02508 -0.15402 V   109 
 0.64973  0.73170  0.28158 B   110 
 0.44217  0.73519  0.33536 A   110 
 0.86212  0.51502  0.25539 B   111 
 1.02375  0.19113  0.11196 W   111 
 1.09819  0.68752  0.15219 B   112 
 1.10802  0.94017 -0.18603 R   112 
 1.07316  0.91939  0.39033 B   113 
 1.00038  1.14625  0.17003 N   113 
 1.01561  0.68414  0.65115 B   114 
 0.63294  0.96965  0.80745 R   114 
 1.14929  0.38166  0.57547 B   115 
 0.83675  0.32025  0.58712 X   115 
 1.38990  0.41487  0.42290 B   116 
 1.49400  0.43859 -0.00917 K   116 
 1.68055  0.30836  0.59735 B   117 
 1.53492  0.16988  0.81781 B   118 
 1.35571  0.35107  0.86724 T   118 
 1.41093 -0.02749  1.08709 B   119 
 1.54739 -0.19329  1.27705 D   119 
 1.16000 -0.22334  0.96412 B   120 
 1.18771 -0.15900  0.72421 V   120 
 1.15211 -0.46298  1.16559 B   121 
 1.51535 -0.65011  1.08445 Q   121 
 1.00012 -0.30585  1.39190 B   122 
 1.13068 -0.15400  1.44525 A   122 
 0.70928 -0.35685  1.25208 B   123 
 0.68415  0.06002  1.15662 W   123 
 0.72461 -0.68692  1.35453 B   124 
 0.77403 -0.77641  1.10590 I   124 
 0.74284 -0.68048  1.63537 B   125 
 1.23307 -0.51426  1.61492 R   125 
 0.57403 -0.92537  1.82809 B   126 
 0.50058 -1.09509  1.58910 B   127 
 0.36778 -0.83111  1.45846 X   127 
 0.31963 -1.39135  1.47740 B   128 
 0.46139 -1.74605  1.61365 R   128 
 0.52594 -1.56126  1.21169 B   129 
 0.47862 -1.32203  1.12216 L   129 
