246 
-0.38556 -0.22773  1.25952 B   1 
-0.15144 -0.56487  1.34762 K   1 
-0.07530 -0.12691  1.40769 B   2 
-0.12435  0.12202  1.46058 V   2 
 0.22041 -0.13182  1.28235 B   3 
 0.11377 -0.47125  1.03470 F   3 
 0.53048 -0.19399  1.28455 B   4 
 0.79450 -0.15354  1.10729 B   5 
 1.15089  0.09662  1.10957 R   5 
 0.93972 -0.43625  1.13670 B   6 
 1.21231 -0.34271  1.26047 X   6 
 0.66991 -0.58874  1.11307 B   7 
 0.38275 -0.60902  1.37676 E   7 
 0.59154 -0.50331  0.82621 B   8 
 0.40071 -0.27904  0.74022 L   8 
 0.84542 -0.58767  0.67834 B   9 
 0.99971 -0.44591  0.73538 A   9 
 0.81563 -0.88583  0.73917 B   10 
 0.86846 -0.91022  0.94997 A   10 
 0.53967 -0.92614  0.60366 B   11 
 0.39149 -0.86221  0.74828 A   11 
 0.61431 -0.81206  0.32551 B   12 
 0.52095 -0.39330  0.34830 M   12 
 0.83133 -1.01905  0.27539 B   13 
 1.24988 -1.03866  0.38779 K   13 
 0.67841 -1.28177  0.30158 B   14 
 0.37116 -1.40297  0.61383 R   14 
 0.47980 -1.16878  0.06373 B   15 
 0.18562 -1.15485  0.31841 H   15 
 0.70925 -1.06136 -0.16274 B   16 
 0.79158 -0.73496 -0.18243 B   17 
 0.49881 -0.61673 -0.10790 L   17 
 1.07943 -0.77023 -0.20371 B   18 
 1.32449 -0.73178 -0.02256 D   18 
 1.16187 -0.65707 -0.51380 B   19 
 1.44776 -0.71259 -0.37663 N   19 
 0.90575 -0.59029 -0.63131 B   20 
 0.52885 -0.80767 -0.70815 Y   20 
 0.94369 -0.47381 -0.93416 B   21 
 0.59898 -0.67435 -1.19207 R   21 
 1.22476 -0.33998 -0.79636 B   22 
 1.12002 -0.28724 -0.49427 B   23 
 0.90418  0.03656 -0.75861 Y   23 
 1.23568 -0.23264 -0.21892 B   24 
 1.44633 -0.13457 -0.18876 S   24 
 1.12422 -0.26969  0.09354 B   25 
 1.11389 -0.52224  0.27974 L   25 
 1.15983  0.03317  0.18182 B   26 
 0.94257  0.14678 -0.00677 B   27 
 1.14455  0.19355 -0.27308 N   27 
 0.69728  0.00644  0.11579 B   28 
 0.62292 -0.25220 -0.24003 W   28 
 0.73250  0.11335  0.40221 B   29 
 0.88058 -0.04115  0.54980 V   29 
 0.73200  0.41002  0.32818 B   30 
 0.92681  0.58548  0.23741 X   30 
 0.45067  0.41756  0.20553 B   31 
 0.46888  0.32699  0.00725 A   31 
 0.28745  0.31482  0.44746 B   32 
 0.31695  0.10184  0.45666 A   32 
 0.36974  0.54292  0.63513 B   33 
 0.56369  0.66144  0.88957 K   33 
 0.24986  0.79077  0.44113 B   34 
 0.63002  0.94328  0.47626 F   34 
-0.04096  0.66641  0.39205 B   35 
-0.00151  0.63303  0.04389 E   35 
-0.11175  0.51893  0.70803 B   36 
-0.13955  0.31526  0.62511 S   36 
 0.08863  0.47536  0.94348 B   37 
 0.14210  0.70013  1.11346 N   37 
 0.04512  0.15374  0.96955 B   38 
 0.45457  0.20630  0.95026 F   38 
-0.28185  0.15711  0.91924 B   39 
-0.45603  0.26277  1.14031 N   39 
-0.52739 -0.06722  0.82119 B   40 
-0.44778 -0.28287  0.91760 T   40 
-0.78593  0.13967  0.89425 B   41 
-0.92316 -0.04076  1.22287 Q   41 
-0.72879  0.34347  0.68705 B   42 
-0.54634  0.44051  0.73166 A   42 
-0.93402  0.62268  0.57190 B   43 
-1.12508  0.47424  0.60870 T   43 
-0.98808  0.81838  0.25707 B   44 
-0.72264  0.90935  0.44475 N   44 
-1.13788  1.07238  0.11569 B   45 
-1.63160  0.98117  0.04520 R   45 
-1.20734  1.16930 -0.20952 B   46 
-0.94310  0.95621 -0.25529 N   46 
-1.29586  1.40840 -0.43026 B   47 
-1.14707  1.61960 -0.43420 T   47 
-1.41898  1.17367 -0.63399 B   48 
-1.21349  1.01983 -0.70068 D   48 
-1.55918  0.97361 -0.39367 B   49 
-1.36056  0.80274 -0.31952 B   50 
-1.19998  0.74074 -0.49495 S   50 
-1.14884  0.55206 -0.13515 B   51 
-1.32118  0.61254  0.06675 T   51 
-0.89659  0.49104  0.08822 B   52 
-0.68328  0.65365 -0.12619 D   52 
-0.73493  0.17237  0.18301 B   53 
-1.21405  0.19222  0.15500 Y   53 
-0.52804  0.10731  0.42152 B   54 
-0.17734  0.07291  0.43790 B   55 
-0.05614 -0.12101  0.58499 I   55 
-0.19195  0.15745  0.09664 B   56 
 0.06254 -0.03577  0.06182 L   56 
-0.42507  0.32320 -0.00631 B   57 
-0.48281  0.53983  0.25674 Q   57 
-0.65076  0.17568 -0.16285 B   58 
-0.50861 -0.09100 -0.23178 I   58 
-0.85910  0.24564 -0.42747 B   59 
-0.90187  0.52027 -0.55222 N   59 
-1.21602  0.23778 -0.51406 B   60 
-1.32390  0.35010 -0.34590 S   60 
-1.21133  0.30267 -0.83330 B   61 
-1.35404  0.69962 -0.91497 R   61 
-1.01193  0.03198 -0.90294 B   62 
-0.88745  0.36364 -1.18992 W   62 
-0.96015 -0.20739 -0.66177 B   63 
-0.58787 -0.06396 -0.84301 W   63 
-1.22428 -0.16992 -0.47537 B   64 
-1.10641 -0.13464 -0.24618 X   64 
-1.53042 -0.23762 -0.29598 B   65 
-1.78645 -0.28718 -0.43816 N   65 
-1.77328  0.00344 -0.11855 B   66 
-1.62519  0.22621 -0.15193 D   66 
-2.06569  0.08577 -0.25291 B   67 
-1.97558  0.43155 -0.31529 B   68 
-1.82734  0.60141  0.10150 R   68 
-1.82999  0.40927 -0.62371 B   69 
-1.60565  0.45012 -0.50866 T   69 
-1.88014  0.52915 -0.90410 B   70 
-2.00084  0.68194 -0.81547 P   70 
-1.72247  0.36597 -1.15673 B   71 
-1.60358  0.11494 -1.04596 B   72 
-1.64538  0.10931 -0.81211 S   72 
-1.37257 -0.18821 -1.06741 B   73 
-1.30424 -0.14693 -1.41569 R   73 
-1.23499 -0.40861 -0.88391 B   74 
-1.36937 -0.52786 -0.67020 N   74 
-0.94299 -0.54753 -0.96410 B   75 
-0.88328 -0.33080 -1.19697 L   75 
-0.89727 -0.71578 -0.68088 B   76 
-0.65535 -0.53267 -0.61422 X   76 
-1.15386 -0.84657 -0.59718 B   77 
-1.29602 -1.03230 -0.73767 N   77 
-1.25642 -0.65647 -0.33400 B   78 
-1.02530 -0.78074 -0.20049 I   78 
-1.34050 -0.55882 -0.04423 B   79 
-1.45775 -0.72520  0.00322 P   79 
-1.22380 -0.28356  0.10565 B   80 
-1.28869 -0.06491 -0.11288 X   80 
-1.23197 -0.40771  0.39790 B   81 
-1.46099 -0.47685  0.41316 S   81 
-1.00068 -0.61494  0.35279 B   82 
-1.07709 -0.75155  0.21202 A   82 
-0.78721 -0.36574  0.36472 B   83 
-0.76801 -0.31809  0.04147 L   83 
-0.83328 -0.35471  0.70702 B   84 
-1.01828 -0.09705  0.61959 L   84 
-0.70098 -0.58399  0.80214 B   85 
-0.77864 -0.83057  0.78428 S   85 
-0.45194 -0.74139  0.98934 B   86 
-0.55171 -0.82586  1.19001 S   86 
-0.44089 -0.89664  0.72547 B   87 
-0.43098 -1.18186  0.66215 D   87 
-0.22899 -0.80592  0.44820 B   88 
-0.01390 -0.68994  0.55762 I   88 
-0.27921 -0.99148  0.20500 B   89 
-0.28179 -1.24213  0.29239 T   89 
-0.47547 -0.81919  0.03605 B   90 
-0.66968 -0.83931  0.13156 A   90 
-0.29666 -0.56615  0.00187 B   91 
-0.37781 -0.41696  0.21746 S   91 
-0.05785 -0.70582 -0.12940 B   92 
 0.10721 -0.81008  0.04555 V   92 
-0.19345 -0.83082 -0.37467 B   93 
-0.24534 -1.13978 -0.25205 N   93 
-0.29380 -0.55543 -0.47263 B   94 
-0.54667 -0.43099 -0.43065 X   94 
-0.02422 -0.40509 -0.48569 B   95 
 0.02944 -0.36125 -0.28187 A   95 
 0.10474 -0.58759 -0.69895 B   96 
 0.25647 -0.94964 -0.44835 K   96 
-0.09384 -0.48849 -0.91773 B   97 
-0.40388 -0.71689 -0.92393 K   97 
-0.03785 -0.18514 -0.90550 B   98 
-0.21546 -0.07136 -0.67814 I   98 
 0.27760 -0.18768 -0.96426 B   99 
 0.42403 -0.24887 -0.79507 V   99 
 0.21062 -0.34728 -1.25074 B   100 
 0.25979 -0.57394 -1.12812 S   100 
 0.04582 -0.11562 -1.41893 B   101 
-0.20873 -0.01580 -1.36757 D   101 
 0.31869  0.10865 -1.50664 B   102 
 0.39347  0.33991 -1.26545 B   103 
 0.18092  0.52216 -1.42939 N   103 
 0.44144  0.19289 -1.03498 B   104 
 0.48712  0.36423 -0.72908 B   105 
 0.67497  0.14975 -0.45982 M   105 
 0.34188  0.62874 -0.84018 B   106 
 0.61011  0.70498 -1.01796 N   106 
 0.05797  0.54339 -0.73626 B   107 
 0.02635  0.36008 -0.83183 A   107 
 0.19407  0.65813 -0.47399 B   108 
 0.10155  0.20953 -0.38216 W   108 
 0.19480  0.97327 -0.37011 B   109 
-0.01594  1.09934 -0.44261 V   109 
 0.36737  0.94319 -0.11072 B   110 
 0.22924  0.89102  0.04480 A   110 
 0.60427  0.80568 -0.24380 B   111 
 0.78526  0.52840 -0.44865 W   111 
 0.67340  1.01929 -0.45765 B   112 
 0.41978  1.18536 -0.75162 R   112 
 0.68100  1.27513 -0.24412 B   113 
 0.42980  1.41545 -0.39413 N   113 
 0.85280  1.09369  0.00934 B   114 
 0.51921  1.26726  0.34245 R   114 
 1.03664  0.84134 -0.12340 B   115 
 0.82039  0.68675  0.05246 X   115 
 1.13858  0.91742 -0.38049 B   116 
 1.00086  0.88267 -0.80228 K   116 
 1.49249  0.94864 -0.38566 B   117 
 1.53846  0.81993 -0.12050 B   118 
 1.35249  0.94013  0.01498 T   118 
 1.64772  0.65392  0.17503 B   119 
 1.91080  0.58413  0.26513 D   119 
 1.46574  0.36683  0.20509 B   120 
 1.34607  0.38516 -0.01356 V   120 
 1.64932  0.18489  0.38193 B   121 
 1.96662  0.11164  0.12214 Q   121 
 1.58005  0.32848  0.65323 B   122 
 1.65046  0.52178  0.62820 A   122 
 1.30311  0.15889  0.68903 B   123 
 1.07743  0.51607  0.61827 W   123 
 1.49131 -0.11979  0.77028 B   124 
 1.44328 -0.23844  0.53388 I   124 
 1.63991 -0.04945  0.99878 B   125 
 1.95130  0.25716  0.72057 R   125 
 1.69488 -0.28969  1.25348 B   126 
 1.58576 -0.51988  1.09093 B   127 
 1.31689 -0.34583  1.04849 X   127 
 1.50262 -0.87494  1.09423 B   128 
 1.81597 -1.12876  1.13735 R   128 
 1.60024 -1.02112  0.76085 B   129 
 1.42797 -0.83393  0.70819 L   129 
