246 
-0.25801 -1.21028  0.50553 B   1 
 0.09848 -1.27874  0.71639 K   1 
-0.29171 -1.09806  0.84412 B   2 
-0.54783 -1.06118  0.85873 V   2 
-0.15950 -0.84272  0.98730 B   3 
 0.18257 -0.86654  0.72209 F   3 
-0.00542 -0.69366  1.21980 B   4 
 0.08967 -0.40067  1.30856 B   5 
-0.02540 -0.09682  1.59844 R   5 
 0.38454 -0.45543  1.41782 B   6 
 0.35216 -0.35022  1.71151 X   6 
 0.44409 -0.65467  1.18681 B   7 
 0.29981 -1.01410  1.13781 E   7 
 0.41973 -0.45966  0.94784 B   8 
 0.17893 -0.41454  0.76321 L   8 
 0.61703 -0.24472  1.03904 B   9 
 0.52155 -0.13935  1.20317 A   9 
 0.86196 -0.42769  1.03461 B   10 
 0.84347 -0.55791  1.20933 A   10 
 0.84809 -0.50455  0.73454 B   11 
 0.70372 -0.66550  0.72006 A   11 
 0.84379 -0.21699  0.61944 B   12 
 0.42752 -0.11397  0.59298 M   12 
 1.11423 -0.14313  0.73717 B   13 
 1.23398  0.00658  1.12634 K   13 
 1.29740 -0.35680  0.61934 B   14 
 1.22524 -0.80377  0.57932 R   14 
 1.19659 -0.25369  0.32270 B   15 
 1.02146 -0.59661  0.26497 H   15 
 1.23329  0.08228  0.35813 B   16 
 0.96812  0.27740  0.43108 B   17 
 0.74771  0.10657  0.26531 L   17 
 1.09711  0.44164  0.63343 B   18 
 1.09046  0.46764  0.93941 D   18 
 1.10480  0.75600  0.50354 B   19 
 1.20843  0.79789  0.80542 N   19 
 0.99501  0.72166  0.23777 B   20 
 1.09411  0.47277 -0.11358 Y   20 
 0.98363  1.00695  0.07899 B   21 
 1.12690  0.91230 -0.36381 R   21 
 0.91351  1.12356  0.39106 B   22 
 0.75019  0.87049  0.51061 B   23 
 0.45958  1.06942  0.19871 Y   23 
 0.66225  0.76249  0.78038 B   24 
 0.63163  0.90106  0.96682 S   24 
 0.57557  0.46125  0.89517 B   25 
 0.75109  0.21878  0.98981 L   25 
 0.28762  0.54322  1.00078 B   26 
 0.16693  0.60088  0.72188 B   27 
 0.26088  0.92467  0.70638 N   27 
 0.18342  0.31641  0.60489 B   28 
 0.49174  0.42125  0.29997 W   28 
 0.01946  0.17632  0.82444 B   29 
 0.16656  0.09174  1.02139 V   29 
-0.23011  0.35087  0.79724 B   30 
-0.30315  0.59846  0.89893 X   30 
-0.29266  0.28148  0.50479 B   31 
-0.15063  0.39585  0.38398 A   31 
-0.31684 -0.02593  0.53000 B   32 
-0.11649 -0.10337  0.54325 A   32 
-0.54913 -0.01903  0.73003 B   33 
-0.66468 -0.04133  1.05028 K   33 
-0.75950  0.15307  0.53112 B   34 
-0.78726  0.40684  0.85337 F   34 
-0.72522 -0.02840  0.26969 B   35 
-0.58762  0.22836  0.07214 E   35 
-0.69964 -0.35447  0.40980 B   36 
-0.50081 -0.39499  0.32062 S   36 
-0.66069 -0.42630  0.71116 B   37 
-0.89427 -0.42454  0.87762 N   37 
-0.38932 -0.60194  0.67216 B   38 
-0.30218 -0.33389  0.97437 F   38 
-0.48223 -0.75052  0.39154 B   39 
-0.69356 -0.96355  0.40970 N   39 
-0.32945 -0.91251  0.12574 B   40 
-0.13453 -1.02470  0.23325 T   40 
-0.61919 -1.02635 -0.00869 B   41 
-0.58815 -1.41275  0.08680 Q   41 
-0.72988 -0.76238 -0.08483 B   42 
-0.77243 -0.65055  0.08946 A   42 
-1.01723 -0.68207 -0.29536 B   43 
-0.95286 -0.87795 -0.42720 T   43 
-1.12646 -0.40792 -0.52612 B   44 
-1.17616 -0.35338 -0.19671 N   44 
-1.36621 -0.28780 -0.71330 B   45 
-1.42048 -0.55568 -1.14032 R   45 
-1.38775 -0.05567 -0.96949 B   46 
-1.09799  0.03943 -0.81352 N   46 
-1.57294  0.14971 -1.16250 B   47 
-1.71666  0.32398 -1.03707 T   47 
-1.34319  0.12831 -1.40439 B   48 
-1.12018  0.22931 -1.30237 D   48 
-1.27121 -0.20492 -1.36966 B   49 
-1.07324 -0.21520 -1.18298 B   50 
-0.91831 -0.02445 -1.17887 S   50 
-0.82861 -0.32941 -0.92074 B   51 
-0.99309 -0.54632 -0.91678 T   51 
-0.75410 -0.37033 -0.58905 B   52 
-0.77594 -0.02941 -0.55417 D   52 
-0.43915 -0.47713 -0.42758 B   53 
-0.60127 -0.72128 -0.80816 Y   53 
-0.37944 -0.55627 -0.12083 B   54 
-0.24160 -0.38281  0.15366 B   55 
-0.06706 -0.49853  0.32707 I   55 
-0.23016 -0.11316 -0.07212 B   56 
 0.03547 -0.02323  0.08494 L   56 
-0.42655 -0.10407 -0.30398 B   57 
-0.71328 -0.23517 -0.16236 Q   57 
-0.32136 -0.18149 -0.58708 B   58 
-0.01527 -0.16133 -0.54261 I   58 
-0.37887 -0.08255 -0.91146 B   59 
-0.60799  0.09505 -1.00514 N   59 
-0.46117 -0.22691 -1.23908 B   60 
-0.64317 -0.36183 -1.20431 S   60 
-0.43174  0.02992 -1.43736 B   61 
-0.81539  0.17036 -1.57041 R   61 
-0.10369  0.08147 -1.35016 B   62 
-0.28752  0.49318 -1.41768 W   62 
 0.06456 -0.15944 -1.17186 B   63 
 0.10145  0.24028 -0.99615 W   63 
-0.10386 -0.42694 -1.24925 B   64 
-0.16099 -0.50875 -1.00902 X   64 
-0.18811 -0.75660 -1.37055 B   65 
-0.18545 -0.82118 -1.66046 N   65 
-0.53235 -0.92185 -1.42316 B   66 
-0.67879 -0.72224 -1.31648 D   66 
-0.66317 -0.95841 -1.72629 B   67 
-0.93186 -0.72046 -1.67366 B   68 
-1.15271 -0.86330 -1.27951 R   68 
-0.78156 -0.42713 -1.76412 B   69 
-0.77896 -0.36481 -1.51644 T   69 
-0.83004 -0.20651 -1.97502 B   70 
-1.03121 -0.27539 -1.99854 P   70 
-0.56307 -0.00405 -2.03022 B   71 
-0.32748 -0.11871 -1.88610 B   72 
-0.39926 -0.31141 -1.76702 S   72 
 0.02696 -0.09689 -1.74603 B   73 
 0.10590  0.20709 -1.91644 R   73 
 0.22084 -0.24014 -1.53851 B   74 
 0.22848 -0.51787 -1.51083 N   74 
 0.46136 -0.07424 -1.37846 B   75 
 0.34672  0.21481 -1.46832 L   75 
 0.55162 -0.31930 -1.17252 B   76 
 0.44369 -0.15396 -0.93270 X   76 
 0.56643 -0.57857 -1.32255 B   77 
 0.72842 -0.63568 -1.53453 N   77 
 0.28958 -0.74615 -1.21676 B   78 
 0.43934 -0.76108 -0.96371 I   78 
 0.09535 -0.96023 -1.08630 B   79 
 0.19649 -1.12914 -1.15646 P   79 
-0.15861 -0.88744 -0.88123 B   80 
-0.31835 -0.67862 -1.05631 X   80 
-0.12794 -1.15141 -0.70725 B   81 
-0.14178 -1.32088 -0.87621 S   81 
 0.14587 -1.07310 -0.57546 B   82 
 0.28413 -1.07243 -0.73421 A   82 
-0.01622 -0.85774 -0.38795 B   83 
 0.03456 -0.59689 -0.57902 L   83 
-0.13400 -1.12329 -0.20079 B   84 
-0.40290 -1.06010 -0.37955 L   84 
 0.09033 -1.21023 -0.05507 B   85 
 0.29466 -1.34311 -0.14309 S   85 
 0.26125 -1.26686  0.24396 B   86 
 0.25179 -1.50130  0.29197 S   86 
 0.47765 -1.13645  0.07070 B   87 
 0.75719 -1.20306  0.01705 D   87 
 0.53779 -0.78113  0.05877 B   88 
 0.47072 -0.68913  0.30110 I   88 
 0.75669 -0.71273 -0.14980 B   89 
 0.95984 -0.87961 -0.11304 T   89 
 0.58399 -0.63298 -0.39590 B   90 
 0.51478 -0.81968 -0.48305 A   90 
 0.41999 -0.40289 -0.26425 B   91 
 0.20005 -0.54123 -0.17588 S   91 
 0.65825 -0.23111 -0.17768 B   92 
 0.75762 -0.30488  0.05342 V   92 
 0.79565 -0.18485 -0.44813 B   93 
 1.02658 -0.42884 -0.43016 N   93 
 0.54031 -0.05876 -0.56816 B   94 
 0.33574 -0.18116 -0.72423 X   94 
 0.49262  0.16562 -0.36121 B   95 
 0.41430  0.06892 -0.18554 A   95 
 0.75734  0.31576 -0.41412 B   96 
 1.06614  0.07444 -0.16251 K   96 
 0.66397  0.39958 -0.69939 B   97 
 0.77502  0.13382 -0.95506 K   97 
 0.40273  0.54751 -0.62744 B   98 
 0.18122  0.33140 -0.60723 I   98 
 0.52091  0.76761 -0.42605 B   99 
 0.57682  0.70509 -0.20976 V   99 
 0.72271  0.86800 -0.67349 B   100 
 0.91086  0.71530 -0.57293 S   100 
 0.50581  0.98951 -0.89098 B   101 
 0.32053  0.84933 -1.04402 D   101 
 0.41230  1.29937 -0.72457 B   102 
 0.16020  1.26517 -0.49540 B   103 
-0.02808  1.33618 -0.74991 N   103 
 0.24624  1.06770 -0.32036 B   104 
 0.02174  0.94621 -0.07570 B   105 
 0.20282  0.77285  0.22588 M   105 
-0.23435  1.05167 -0.23908 B   106 
-0.17029  1.36216 -0.14492 N   106 
-0.27498  0.78116 -0.39355 B   107 
-0.09241  0.75586 -0.49237 A   107 
-0.40754  0.71884 -0.11245 B   108 
-0.05421  0.41624 -0.15515 W   108 
-0.72194  0.77492 -0.02237 B   109 
-0.88348  0.75870 -0.22035 V   109 
-0.71056  0.67578  0.27430 B   110 
-0.74923  0.46501  0.26627 A   110 
-0.47438  0.84866  0.35841 B   111 
-0.10936  0.98337  0.34373 W   111 
-0.58838  1.12822  0.28777 B   112 
-0.73956  1.26189 -0.08317 R   112 
-0.87656  1.08567  0.44977 B   113 
-1.04277  1.10754  0.17194 N   113 
-0.72628  0.92803  0.73128 B   114 
-1.08031  0.57253  0.70566 R   114 
-0.40264  1.02325  0.76717 B   115 
-0.37852  0.71144  0.70569 X   115 
-0.36952  1.29567  0.68372 B   116 
-0.26673  1.50365  0.30391 K   116 
-0.28441  1.51333  0.95138 B   117 
-0.22508  1.29755  1.14863 B   118 
-0.43007  1.14479  1.10354 T   118 
-0.12009  1.08075  1.41095 B   119 
 0.00210  1.13734  1.66406 D   119 
 0.07497  0.83778  1.27182 B   120 
 0.07994  0.93311  1.04084 V   120 
 0.25027  0.74123  1.51269 B   121 
 0.48802  1.07652  1.58047 Q   121 
 0.02403  0.56764  1.64571 B   122 
-0.12251  0.70503  1.69671 A   122 
 0.08068  0.31496  1.44652 B   123 
-0.29607  0.38411  1.25469 W   123 
 0.37138  0.24935  1.62222 B   124 
 0.52833  0.34167  1.42445 I   124 
 0.29232  0.19992  1.88782 B   125 
 0.18805  0.70129  1.96615 R   125 
 0.45869 -0.04919  2.07724 B   126 
 0.67754 -0.09009  1.87292 B   127 
 0.44582 -0.14103  1.65363 X   127 
 0.97295 -0.28579  1.78674 B   128 
 1.29106 -0.24290  2.03460 R   128 
 1.22743 -0.05292  1.63492 B   129 
 1.01713 -0.03627  1.48331 L   129 
