246 
 0.99642  0.15327  0.87782 B   1 
 0.78881  0.33850  1.19218 K   1 
 0.87581 -0.09342  1.10797 B   2 
 1.00652 -0.30281  1.02901 V   2 
 0.57486 -0.19363  1.15863 B   3 
 0.42207  0.19542  1.04370 F   3 
 0.32588 -0.27064  1.33778 B   4 
 0.02882 -0.38890  1.31485 B   5 
-0.17789 -0.76330  1.39669 R   5 
-0.13342 -0.20432  1.51853 B   6 
-0.24203 -0.42439  1.71384 X   6 
 0.01898  0.05002  1.42529 B   7 
 0.39077  0.14557  1.49632 E   7 
-0.07375  0.05597  1.13017 B   8 
 0.07440 -0.04769  0.88235 L   8 
-0.37628  0.04800  1.17317 B   9 
-0.42364 -0.15333  1.23938 A   9 
-0.39078  0.31545  1.32064 B   10 
-0.30953  0.27897  1.52038 A   10 
-0.27352  0.49162  1.09402 B   11 
-0.05810  0.47334  1.10868 A   11 
-0.46982  0.40552  0.87039 B   12 
-0.28168  0.06909  0.68064 M   12 
-0.71574  0.50571  1.01852 B   13 
-0.96982  0.32606  1.32081 K   13 
-0.64910  0.79990  1.06441 B   14 
-0.25774  0.98550  1.20218 R   14 
-0.61431  0.82420  0.73731 B   15 
-0.23418  0.89385  0.78468 H   15 
-0.89834  0.66943  0.63314 B   16 
-0.89181  0.34755  0.53285 B   17 
-0.59573  0.35437  0.40043 L   17 
-1.13147  0.26005  0.67236 B   18 
-1.19821  0.09097  0.91995 D   18 
-1.35320  0.17687  0.42807 B   19 
-1.50069  0.08140  0.69781 N   19 
-1.21359  0.24634  0.18404 B   20 
-1.02827  0.61294  0.02135 Y   20 
-1.39641  0.17792 -0.07792 B   21 
-1.34066  0.54651 -0.37219 R   21 
-1.49301 -0.08396  0.11700 B   22 
-1.21815 -0.13742  0.28012 B   23 
-1.13413 -0.28872 -0.15732 Y   23 
-1.12598 -0.28177  0.53080 B   24 
-1.24307 -0.46367  0.62080 S   24 
-0.86199 -0.25431  0.73325 B   25 
-0.80422 -0.05690  0.97043 L   25 
-0.76069 -0.55366  0.70298 B   26 
-0.68187 -0.53032  0.40480 B   27 
-0.98415 -0.61274  0.27935 N   27 
-0.45675 -0.32195  0.43288 B   28 
-0.67932 -0.00014  0.21856 W   28 
-0.28398 -0.48045  0.63221 B   29 
-0.34528 -0.43108  0.87997 V   29 
-0.25488 -0.73146  0.46005 B   30 
-0.41387 -0.95496  0.41820 X   30 
-0.11395 -0.59773  0.22234 B   31 
-0.26991 -0.49139  0.11181 A   31 
 0.13039 -0.47791  0.36954 B   32 
 0.06088 -0.30267  0.47335 A   32 
 0.23785 -0.74747  0.46859 B   33 
 0.27391 -0.97842  0.71712 K   33 
 0.27286 -0.88399  0.16269 B   34 
 0.04381 -1.18724  0.31950 F   34 
 0.43276 -0.64140  0.02839 B   35 
 0.18434 -0.56957 -0.21038 E   35 
 0.64072 -0.53366  0.29625 B   36 
 0.56129 -0.32673  0.29635 S   36 
 0.62033 -0.62002  0.59561 B   37 
 0.73812 -0.87136  0.66789 N   37 
 0.58943 -0.31999  0.71825 B   38 
 0.28058 -0.53763  0.88568 F   38 
 0.80760 -0.17538  0.51591 B   39 
 1.09922 -0.23263  0.56116 N   39 
 0.87888  0.14510  0.40439 B   40 
 0.82341  0.28664  0.60195 T   40 
 1.17009  0.05879  0.25362 B   41 
 1.42786  0.22195  0.51113 Q   41 
 1.05210 -0.11163  0.04204 B   42 
 0.96483 -0.28307  0.12972 A   42 
 1.20715 -0.25306 -0.25679 B   43 
 1.33739 -0.04604 -0.26553 T   43 
 1.10640 -0.35076 -0.60412 B   44 
 1.04117 -0.57632 -0.36158 N   44 
 1.19738 -0.48892 -0.88622 B   45 
 1.50629 -0.18587 -1.15040 R   45 
 1.07759 -0.49049 -1.21122 B   46 
 0.79701 -0.40570 -1.03399 N   46 
 1.07052 -0.62803 -1.51906 B   47 
 1.00769 -0.87842 -1.52981 T   47 
 0.98265 -0.33249 -1.64826 B   48 
 0.74862 -0.27185 -1.53923 D   48 
 1.18449 -0.13567 -1.45345 B   49 
 1.03650 -0.08080 -1.23155 B   50 
 0.79355 -0.06430 -1.26482 S   50 
 0.92541  0.02079 -0.88660 B   51 
 1.19288  0.00616 -0.83797 T   51 
 0.85410 -0.07008 -0.56426 B   52 
 0.60324 -0.26910 -0.68829 D   52 
 0.70999  0.12842 -0.28767 B   53 
 1.06097  0.31933 -0.55431 Y   53 
 0.68118  0.05787  0.02557 B   54 
 0.41687 -0.06350  0.22519 B   55 
 0.36589  0.03244  0.47443 I   55 
 0.24277 -0.07468 -0.08040 B   56 
-0.01890 -0.00527  0.09289 L   56 
 0.39823 -0.10544 -0.33982 B   57 
 0.65446 -0.31800 -0.24697 Q   57 
 0.43816  0.14821 -0.51665 B   58 
 0.22282  0.33649 -0.39725 I   58 
 0.45350  0.21943 -0.85282 B   59 
 0.47853  0.01458 -1.07693 N   59 
 0.66967  0.39291 -1.09392 B   60 
 0.88077  0.31048 -1.05962 S   60 
 0.48937  0.38727 -1.36523 B   61 
 0.64642  0.10890 -1.65238 R   61 
 0.22924  0.55488 -1.21650 B   62 
 0.04371  0.25564 -1.50614 W   62 
 0.27641  0.70484 -0.91084 B   63 
-0.07959  0.44964 -0.92295 W   63 
 0.59837  0.75233 -0.91085 B   64 
 0.65622  0.63203 -0.68759 X   64 
 0.92189  0.91239 -0.89661 B   65 
 1.01773  1.08943 -1.11500 N   65 
 1.27272  0.77136 -0.97149 B   66 
 1.19550  0.51597 -1.00998 D   66 
 1.43348  0.84530 -1.25260 B   67 
 1.41313  0.51011 -1.38975 B   68 
 1.59458  0.22549 -1.05718 R   68 
 1.11104  0.52019 -1.54931 B   69 
 1.02068  0.36897 -1.36439 T   69 
 1.00937  0.48241 -1.83869 B   70 
 1.19216  0.38292 -1.88826 P   70 
 0.69695  0.60317 -1.89455 B   71 
 0.61164  0.75703 -1.65273 B   72 
 0.78315  0.74023 -1.48912 S   72 
 0.34864  0.93190 -1.43832 B   73 
 0.09674  0.92509 -1.69165 R   73 
 0.30067  1.03825 -1.14241 B   74 
 0.50203  1.16526 -0.99655 N   74 
-0.00337  1.05112 -1.00680 B   75 
-0.13560  0.87244 -1.24209 L   75 
 0.09140  1.13331 -0.69879 B   76 
-0.00630  0.85632 -0.59764 X   76 
 0.30397  1.34457 -0.71025 B   77 
 0.28085  1.59394 -0.81850 N   77 
 0.58767  1.17464 -0.62926 B   78 
 0.46245  1.16420 -0.36300 I   78 
 0.85055  1.07455 -0.48280 B   79 
 0.92686  1.26430 -0.43981 P   79 
 0.92079  0.75481 -0.41432 B   80 
 0.89209  0.62502 -0.70086 X   80 
 1.07275  0.81920 -0.14293 B   81 
 1.23836  0.97551 -0.21779 S   81 
 0.81899  0.91267  0.01624 B   82 
 0.75804  1.09046 -0.07860 A   82 
 0.72615  0.59830  0.03523 B   83 
 0.52817  0.60248 -0.22538 L   83 
 0.97051  0.55014  0.27478 B   84 
 1.12164  0.41458  0.01587 L   84 
 0.87098  0.68160  0.50266 B   85 
 0.85799  0.93688  0.54528 S   85 
 0.75639  0.68391  0.83237 B   86 
 0.93227  0.76747  0.97180 S   86 
 0.55023  0.86190  0.69212 B   87 
 0.43388  1.12198  0.75756 D   87 
 0.24469  0.73804  0.54613 B   88 
 0.17653  0.52490  0.69315 I   88 
 0.08993  0.96553  0.40333 B   89 
 0.08262  1.17468  0.56664 T   89 
 0.17923  0.92445  0.10822 B   90 
 0.37906  1.00879  0.09422 A   90 
 0.08575  0.62921  0.07266 B   91 
 0.31436  0.49460  0.14294 S   91 
-0.20903  0.67401  0.14243 B   92 
-0.25422  0.66687  0.40055 V   92 
-0.28536  0.88434 -0.06757 B   93 
-0.24847  1.16033  0.12124 N   93 
-0.20033  0.69878 -0.29961 B   94 
 0.04740  0.68861 -0.44003 X   94 
-0.37525  0.45265 -0.23424 B   95 
-0.28196  0.35635 -0.06581 A   95 
-0.64692  0.59615 -0.26621 B   96 
-0.70014  0.81106  0.14353 K   96 
-0.60408  0.62955 -0.57307 B   97 
-0.42946  0.96555 -0.64341 K   97 
-0.56403  0.33397 -0.65267 B   98 
-0.26399  0.26989 -0.60734 I   98 
-0.83913  0.21199 -0.54130 B   99 
-0.86303  0.17545 -0.31347 V   99 
-1.00091  0.43086 -0.73611 B   100 
-1.02021  0.59070 -0.52896 S   100 
-0.92029  0.32348 -1.03791 B   101 
-0.67171  0.33433 -1.16237 D   101 
-1.12448  0.02286 -1.05753 B   102 
-0.97823 -0.25537 -0.92173 B   103 
-0.87109 -0.29923 -1.22482 N   103 
-0.91177 -0.18408 -0.66185 B   104 
-0.71922 -0.40762 -0.46699 B   105 
-0.75201 -0.34243 -0.08167 M   105 
-0.61081 -0.56219 -0.72729 B   106 
-0.90252 -0.71398 -0.76233 N   106 
-0.35408 -0.38313 -0.75402 B   107 
-0.43322 -0.19053 -0.77351 A   107 
-0.27039 -0.58743 -0.52658 B   108 
-0.25588 -0.16479 -0.32808 W   108 
-0.13020 -0.88549 -0.56669 B   109 
 0.01687 -0.89565 -0.77603 V   109 
-0.11173 -0.97606 -0.26765 B   110 
 0.07393 -0.89725 -0.19482 A   110 
-0.40563 -0.93207 -0.20107 B   111 
-0.73509 -0.72787 -0.16421 W   111 
-0.53428 -1.11519 -0.41567 B   112 
-0.47857 -1.10517 -0.83414 R   112 
-0.34775 -1.38201 -0.34414 B   113 
-0.21330 -1.37450 -0.63938 N   113 
-0.36975 -1.33669  0.00819 B   114 
 0.12713 -1.40548  0.03564 R   114 
-0.65165 -1.16808  0.09301 B   115 
-0.41987 -0.96842  0.18247 X   115 
-0.86532 -1.23556 -0.08607 B   116 
-1.02432 -1.07468 -0.46936 K   116 
-1.12884 -1.41299  0.07308 B   117 
-1.03539 -1.36300  0.35193 B   118 
-0.78291 -1.41369  0.31910 T   118 
-0.98077 -1.31192  0.70013 B   119 
-1.14294 -1.37704  0.92742 D   119 
-0.89580 -0.98436  0.74403 B   120 
-0.93265 -0.91274  0.50744 V   120 
-0.97311 -0.93064  1.04272 B   121 
-1.38854 -0.95652  1.02566 Q   121 
-0.72125 -1.07475  1.16442 B   122 
-0.74186 -1.27232  1.10533 A   122 
-0.53179 -0.81223  1.12053 B   123 
-0.31513 -1.02180  0.81613 W   123 
-0.69428 -0.65829  1.38431 B   124 
-0.83003 -0.49236  1.22212 I   124 
-0.65145 -0.82271  1.60874 B   125 
-0.97949 -1.18067  1.42811 R   125 
-0.59873 -0.67563  1.92686 B   126 
-0.67121 -0.39705  1.83490 B   127 
-0.45006 -0.43022  1.60171 X   127 
-0.69412 -0.04658  1.93307 B   128 
-0.96830  0.03848  2.21954 R   128 
-1.00561  0.09828  1.77804 B   129 
-0.86056  0.01406  1.57966 L   129 
