246 
-0.40555 -0.52019  1.16269 B   1 
-0.08278 -0.77576  1.24476 K   1 
-0.16125 -0.34994  1.36195 B   2 
-0.29434 -0.13968  1.43439 V   2 
 0.12995 -0.24315  1.27843 B   3 
 0.16492 -0.55854  0.98309 F   3 
 0.44152 -0.20432  1.31621 B   4 
 0.69289 -0.05731  1.18217 B   5 
 0.94502  0.28898  1.26033 R   5 
 0.91973 -0.28113  1.20023 B   6 
 1.13334 -0.12595  1.36953 X   6 
 0.71874 -0.50546  1.12350 B   7 
 0.43087 -0.65355  1.34168 E   7 
 0.64392 -0.40774  0.83962 B   8 
 0.39882 -0.24473  0.75327 L   8 
 0.92413 -0.38529  0.71955 B   9 
 1.01700 -0.21224  0.81222 A   9 
 0.98870 -0.68323  0.74295 B   10 
 1.02656 -0.72054  0.95508 A   10 
 0.75548 -0.78783  0.56742 B   11 
 0.58161 -0.79574  0.69651 A   11 
 0.81415 -0.61642  0.31615 B   12 
 0.58628 -0.25640  0.37138 M   12 
 1.09096 -0.73496  0.27396 B   13 
 1.48006 -0.63834  0.43971 K   13 
 1.03143 -1.03327  0.25027 B   14 
 0.75338 -1.28947  0.50254 R   14 
 0.82997 -0.95471  0.00121 B   15 
 0.52508 -1.07160  0.21328 H   15 
 1.03141 -0.74851 -0.17873 B   16 
 1.00302 -0.41362 -0.15135 B   17 
 0.68201 -0.40573 -0.10514 L   17 
 1.28707 -0.35309 -0.13680 B   18 
 1.48757 -0.26669  0.07925 D   18 
 1.35637 -0.17540 -0.41854 B   19 
 1.63034 -0.15781 -0.25045 N   19 
 1.10479 -0.17597 -0.56199 B   20 
 0.82960 -0.48699 -0.71281 Y   20 
 1.13051 -0.01023 -0.84234 B   21 
 0.89703 -0.26867 -1.16521 R   21 
 1.33750  0.18334 -0.65368 B   22 
 1.19332  0.15541 -0.36482 B   23 
 0.90868  0.43015 -0.61937 Y   23 
 1.25810  0.20243 -0.07195 B   24 
 1.42083  0.35617 -0.00280 S   24 
 1.13622  0.08664  0.21644 B   25 
 1.19225 -0.18087  0.37090 L   25 
 1.06156  0.36888  0.34117 B   26 
 0.83774  0.43491  0.13814 B   27 
 1.03711  0.58146 -0.09138 N   27 
 0.64204  0.20815  0.21002 B   28 
 0.69087 -0.00540 -0.17862 W   28 
 0.61296  0.27731  0.50848 B   29 
 0.78912  0.15723  0.65723 V   29 
 0.52168  0.56628  0.46779 B   30 
 0.65539  0.80543  0.42412 X   30 
 0.26642  0.50299  0.30939 B   31 
 0.33202  0.45297  0.10679 A   31 
 0.12421  0.31972  0.51411 B   32 
 0.22126  0.12790  0.50404 A   32 
 0.10869  0.53187  0.73495 B   33 
 0.22792  0.66653  1.02488 K   33 
-0.06738  0.75520  0.55451 B   34 
 0.23619  1.01255  0.65765 F   34 
-0.29498  0.55439  0.45290 B   35 
-0.21419  0.58674  0.11186 E   35 
-0.34258  0.34731  0.73830 B   36 
-0.29377  0.15977  0.63071 S   36 
-0.16211  0.33476  0.99279 B   37 
-0.20195  0.53734  1.19191 N   37 
-0.09943  0.01562  0.97754 B   38 
 0.26971  0.19644  1.02023 F   38 
-0.40298 -0.07658  0.88367 B   39 
-0.62222 -0.06478  1.08902 N   39 
-0.55049 -0.34970  0.72917 B   40 
-0.41369 -0.54112  0.81152 T   40 
-0.86843 -0.24769  0.78826 B   41 
-0.96878 -0.50842  1.07345 Q   41 
-0.86244 -0.00809  0.61423 B   42 
-0.72722  0.13369  0.69364 A   42 
-1.13645  0.20621  0.50316 B   43 
-1.27047  0.00153  0.49713 T   43 
-1.22213  0.41911  0.20706 B   44 
-1.02040  0.56022  0.43804 N   44 
-1.43329  0.63105  0.07501 B   45 
-1.86042  0.40071 -0.07181 R   45 
-1.49991  0.74799 -0.24415 B   46 
-1.17714  0.63794 -0.27628 N   46 
-1.64112  0.97690 -0.44760 B   47 
-1.57058  1.22232 -0.40817 T   47 
-1.66026  0.74807 -0.69055 B   48 
-1.41025  0.67820 -0.74486 D   48 
-1.74863  0.48100 -0.49486 B   49 
-1.51269  0.37225 -0.41327 B   50 
-1.32491  0.39041 -0.57080 S   50 
-1.24851  0.17656 -0.23006 B   51 
-1.44932  0.14939 -0.04825 T   51 
-1.01242  0.16573  0.01772 B   52 
-0.84547  0.41684 -0.14656 D   52 
-0.76443 -0.09628  0.09849 B   53 
-1.21844 -0.22413  0.00757 Y   53 
-0.57105 -0.12738  0.35453 B   54 
-0.23180 -0.05183  0.41486 B   55 
-0.06785 -0.21726  0.55516 I   55 
-0.24131  0.07311  0.08605 B   56 
 0.06473 -0.02299  0.06553 L   56 
-0.50525  0.17043 -0.02917 B   57 
-0.65562  0.31673  0.24551 Q   57 
-0.65394 -0.01580 -0.23019 B   58 
-0.42602 -0.21107 -0.30763 I   58 
-0.84784  0.02329 -0.51161 B   59 
-0.96680  0.28577 -0.61042 N   59 
-1.17241 -0.08351 -0.64651 B   60 
-1.32659 -0.03684 -0.48347 S   60 
-1.15937  0.02581 -0.95315 B   61 
-1.41660  0.36526 -1.00990 R   61 
-0.87629 -0.15512 -1.02390 B   62 
-0.84169  0.23730 -1.25338 W   62 
-0.77142 -0.39885 -0.80540 B   63 
-0.45193 -0.12064 -0.91736 W   63 
-1.04943 -0.47416 -0.65389 B   64 
-0.97187 -0.43777 -0.40828 X   64 
-1.33158 -0.66028 -0.52647 B   65 
-1.54240 -0.76630 -0.70685 N   65 
-1.65587 -0.53667 -0.35874 B   66 
-1.58703 -0.27629 -0.34714 D   66 
-1.94507 -0.53158 -0.52206 B   67 
-1.96852 -0.16978 -0.53355 B   68 
-1.92442 -0.02525 -0.08443 R   68 
-1.79541 -0.09951 -0.81976 B   69 
-1.60894 -0.00763 -0.67136 T   69 
-1.85567  0.03843 -1.08965 B   70 
-2.02775  0.13074 -1.00226 P   70 
-1.63002 -0.02785 -1.33459 B   71 
-1.44601 -0.24222 -1.23657 B   72 
-1.50540 -0.29507 -1.01264 S   72 
-1.12706 -0.45076 -1.25909 B   73 
-1.04373 -0.33930 -1.58819 R   73 
-0.94242 -0.64123 -1.08358 B   74 
-1.04944 -0.82677 -0.90449 N   74 
-0.61477 -0.66794 -1.13773 B   75 
-0.60822 -0.41162 -1.33528 L   75 
-0.54300 -0.85306 -0.87091 B   76 
-0.38235 -0.61511 -0.75229 X   76 
-0.74881 -1.06868 -0.83780 B   77 
-0.80793 -1.26687 -1.01576 N   77 
-0.93255 -0.96138 -0.57201 B   78 
-0.68702 -1.02494 -0.42247 I   78 
-1.07097 -0.93889 -0.28756 B   79 
-1.13074 -1.13876 -0.27496 P   79 
-1.06615 -0.66613 -0.09410 B   80 
-1.17863 -0.44929 -0.29436 X   80 
-1.06038 -0.82816  0.17904 B   81 
-1.25417 -0.96723  0.15524 S   81 
-0.77056 -0.94317  0.14370 B   82 
-0.78407 -1.07458 -0.02021 A   82 
-0.65328 -0.64412  0.21173 B   83 
-0.62055 -0.54580 -0.09874 L   83 
-0.73237 -0.69865  0.54367 B   84 
-0.98286 -0.50229  0.46032 L   84 
-0.54146 -0.88610  0.63047 B   85 
-0.53146 -1.13914  0.57546 S   85 
-0.27321 -0.98300  0.83172 B   86 
-0.35797 -1.12312  1.00648 S   86 
-0.18686 -1.08629  0.55653 B   87 
-0.07759 -1.34134  0.46451 D   87 
 0.00837 -0.89378  0.32236 B   88 
 0.16192 -0.73351  0.47211 I   88 
 0.04522 -1.04778  0.05585 B   89 
 0.11718 -1.29653  0.11428 T   89 
-0.18006 -0.92301 -0.11860 B   90 
-0.36485 -1.01699 -0.05329 A   90 
-0.09227 -0.62447 -0.10028 B   91 
-0.23794 -0.54180  0.11712 S   91 
 0.19045 -0.66108 -0.21209 B   92 
 0.36343 -0.73273 -0.02860 V   92 
 0.12732 -0.78481 -0.48571 B   93 
 0.16888 -1.10893 -0.40567 N   93 
-0.04851 -0.54366 -0.56593 B   94 
-0.33102 -0.51261 -0.54563 X   94 
 0.15643 -0.31601 -0.52559 B   95 
 0.17322 -0.28805 -0.31280 A   95 
 0.35777 -0.41525 -0.73779 B   96 
 0.59608 -0.74399 -0.50968 K   96 
 0.15913 -0.35251 -0.96958 B   97 
-0.05628 -0.66324 -1.04290 K   97 
 0.11059 -0.05222 -0.91689 B   98 
-0.11514 -0.03481 -0.70493 I   98 
 0.41329  0.05320 -0.93190 B   99 
 0.55512  0.01693 -0.75195 V   99 
 0.42991 -0.07535 -1.24049 B   100 
 0.53928 -0.29052 -1.13769 S   100 
 0.21454  0.11487 -1.40342 B   101 
-0.06232  0.12092 -1.37680 D   101 
 0.40521  0.42388 -1.42810 B   102 
 0.37657  0.62875 -1.15525 B   103 
 0.13224  0.75701 -1.32589 N   103 
 0.44842  0.47202 -0.93775 B   104 
 0.40611  0.60203 -0.61168 B   105 
 0.62796  0.42028 -0.34420 M   105 
 0.19293  0.82081 -0.71214 B   106 
 0.43650  1.00278 -0.84224 N   106 
-0.05542  0.63623 -0.65791 B   107 
-0.01572  0.46845 -0.77628 A   107 
 0.00996  0.74800 -0.36859 B   108 
 0.06227  0.28469 -0.33962 W   108 
-0.10299  1.02849 -0.23194 B   109 
-0.33570  1.09116 -0.31842 V   109 
 0.04466  1.01632  0.04378 B   110 
-0.08253  0.90109  0.17235 A   110 
 0.32505  0.98142 -0.06983 B   111 
 0.60572  0.80842 -0.27694 W   111 
 0.33969  1.23496 -0.24771 B   112 
 0.07433  1.35427 -0.55376 R   112 
 0.24243  1.44584 -0.00860 B   113 
-0.02571  1.52057 -0.17538 N   113 
 0.43980  1.29236  0.24471 B   114 
 0.03789  1.30126  0.54598 R   114 
 0.70815  1.13302  0.11170 B   115 
 0.53942  0.89419  0.23848 X   115 
 0.80301  1.27427 -0.11923 B   116 
 0.72474  1.26049 -0.55714 K   116 
 1.12568  1.41554 -0.07255 B   117 
 1.18636  1.27024  0.18082 B   118 
 0.95930  1.30457  0.30187 T   118 
 1.31594  1.10538  0.46869 B   119 
 1.57761  1.10935  0.58577 D   119 
 1.23677  0.77452  0.44219 B   120 
 1.13887  0.78628  0.21253 V   120 
 1.45257  0.63555  0.62162 B   121 
 1.79922  0.70483  0.40122 Q   121 
 1.31468  0.70850  0.89489 B   122 
 1.31946  0.91560  0.90089 A   122 
 1.10704  0.45714  0.87385 B   123 
 0.78395  0.73161  0.81217 W   123 
 1.36805  0.24297  0.94926 B   124 
 1.38426  0.15141  0.69702 I   124 
 1.46298  0.32200  1.20221 B   125 
 1.68061  0.74839  1.00418 R   125 
 1.56986  0.07647  1.43438 B   126 
 1.55850 -0.14977  1.23437 B   127 
 1.25254 -0.06480  1.17476 X   127 
 1.59712 -0.50937  1.18764 B   128 
 1.97109 -0.65528  1.24533 R   128 
 1.76834 -0.56670  0.85683 B   129 
 1.54976 -0.43754  0.80179 L   129 
