246 
 1.13245  0.28383 -0.65108 B   1 
 1.26374 -0.10449 -0.74171 K   1 
 1.01093  0.18480 -0.97326 B   2 
 0.92625  0.41151 -1.06600 V   2 
 0.78299 -0.02914 -1.04712 B   3 
 0.87472 -0.25589 -0.68922 F   3 
 0.66223 -0.27422 -1.20638 B   4 
 0.39113 -0.44239 -1.23782 B   5 
 0.06682 -0.48308 -1.52551 R   5 
 0.49884 -0.74256 -1.25110 B   6 
 0.38512 -0.82690 -1.53097 X   6 
 0.70911 -0.68769 -1.02886 B   7 
 1.03560 -0.47535 -1.05568 E   7 
 0.51653 -0.62061 -0.79618 B   8 
 0.42957 -0.34430 -0.69518 L   8 
 0.34130 -0.87098 -0.80321 B   9 
 0.21742 -0.85430 -0.98079 A   9 
 0.56717 -1.06532 -0.73466 B   10 
 0.68900 -1.08279 -0.91543 A   10 
 0.64444 -0.94085 -0.46139 B   11 
 0.77551 -0.77412 -0.50589 A   11 
 0.36294 -0.94899 -0.33236 B   12 
 0.18375 -0.57153 -0.43241 M   12 
 0.33963 -1.25154 -0.35174 B   13 
 0.20946 -1.51615 -0.66992 K   13 
 0.58569 -1.34606 -0.19808 B   14 
 1.01160 -1.18847 -0.21696 R   14 
 0.46980 -1.17314  0.05778 B   15 
 0.77439 -0.93215  0.03061 H   15 
 0.14628 -1.27705  0.06132 B   16 
-0.09636 -1.08846 -0.07749 B   17 
 0.03231 -0.79985 -0.00407 L   17 
-0.23631 -1.30300 -0.21514 B   18 
-0.26758 -1.40153 -0.50437 D   18 
-0.54165 -1.32208 -0.06629 B   19 
-0.56769 -1.52445 -0.31527 N   19 
-0.52471 -1.12711  0.14718 B   20 
-0.25648 -1.06097  0.49198 Y   20 
-0.80467 -1.11398  0.31504 B   21 
-0.67824 -1.08565  0.77195 R   21 
-0.93698 -1.17126  0.00663 B   22 
-0.72098 -1.01486 -0.17748 B   23 
-0.96649 -0.67727  0.03945 Y   23 
-0.63545 -1.00281 -0.46854 B   24 
-0.78004 -1.05944 -0.64401 S   24 
-0.35766 -0.90768 -0.62733 B   25 
-0.08788 -1.05969 -0.67901 L   25 
-0.49395 -0.68902 -0.81280 B   26 
-0.56921 -0.49558 -0.58347 B   27 
-0.86924 -0.63387 -0.51446 N   27 
-0.28504 -0.42329 -0.48912 B   28 
-0.32543 -0.62798 -0.09478 W   28 
-0.18159 -0.31862 -0.75939 B   29 
-0.07371 -0.50509 -0.90490 V   29 
-0.39960 -0.10815 -0.80017 B   30 
-0.65799 -0.11651 -0.90089 X   30 
-0.33896  0.05775 -0.54907 B   31 
-0.42273 -0.05443 -0.38100 A   31 
-0.04201  0.12522 -0.60375 B   32 
 0.07158 -0.05180 -0.55818 A   32 
-0.09548  0.27428 -0.86632 B   33 
-0.10005  0.28059 -1.20741 K   33 
-0.30119  0.50499 -0.73255 B   34 
-0.56035  0.38127 -1.02673 F   34 
-0.11269  0.59021 -0.48829 B   35 
-0.33600  0.48261 -0.23842 E   35 
 0.21026  0.57707 -0.63707 B   36 
 0.28882  0.42862 -0.49243 S   36 
 0.28371  0.45465 -0.91476 B   37 
 0.23554  0.61679 -1.14641 N   37 
 0.50789  0.24581 -0.80457 B   38 
 0.25664  0.01945 -1.04209 F   38 
 0.64041  0.44975 -0.58029 B   39 
 0.80952  0.67700 -0.68092 N   39 
 0.83216  0.42296 -0.29264 B   40 
 0.97747  0.22614 -0.34047 T   40 
 0.89135  0.75583 -0.26665 B   41 
 1.27522  0.76268 -0.37607 Q   41 
 0.61240  0.83782 -0.21015 B   42 
 0.49200  0.80089 -0.37996 A   42 
 0.48249  1.15975 -0.09688 B   43 
 0.68890  1.17708  0.03346 T   43 
 0.19610  1.28928  0.10694 B   44 
 0.12833  1.21811 -0.21602 N   44 
 0.03572  1.55244  0.21633 B   45 
 0.29483  1.78911  0.58227 R   45 
-0.19253  1.61612  0.46898 B   46 
-0.23362  1.27943  0.42123 N   46 
-0.42625  1.81575  0.60772 B   47 
-0.62630  1.87797  0.45649 T   47 
-0.35841  1.68527  0.90793 B   48 
-0.41707  1.42722  0.89030 D   48 
-0.01813  1.66479  0.87298 B   49 
 0.02652  1.42155  0.75900 B   50 
-0.13167  1.24325  0.81891 S   50 
 0.18090  1.12825  0.58069 B   51 
 0.36286  1.31731  0.50813 T   51 
 0.23025  0.95751  0.28802 B   52 
-0.10916  0.90730  0.27378 D   52 
 0.39208  0.63060  0.22790 B   53 
 0.60688  0.94813  0.51734 Y   53 
 0.47654  0.48840 -0.04881 B   54 
 0.32814  0.24042 -0.25109 B   55 
 0.47211  0.04157 -0.36795 I   55 
 0.06882  0.25700 -0.01382 B   56 
 0.02824 -0.05674 -0.07068 L   56 
 0.02631  0.51378  0.14326 B   57 
 0.09895  0.75644 -0.09189 Q   57 
 0.12630  0.52220  0.43844 B   58 
 0.16351  0.21983  0.49560 I   58 
 0.02307  0.66470  0.73401 B   59 
-0.19311  0.87742  0.76278 N   59 
 0.15415  0.87345  1.00639 B   60 
 0.25183  1.05448  0.90531 S   60 
-0.08961  0.86654  1.22245 B   61 
-0.29783  1.24212  1.23633 R   61 
-0.07971  0.52435  1.24861 B   62 
-0.51764  0.64586  1.28477 W   62 
 0.18594  0.35142  1.11569 B   63 
-0.20221  0.19035  0.99157 W   63 
 0.41803  0.57956  1.11493 B   64 
 0.48407  0.56812  0.86358 X   64 
 0.72766  0.75467  1.17781 B   65 
 0.79584  0.85832  1.44768 N   65 
 0.82586  1.12027  1.10524 B   66 
 0.60069  1.18676  0.97277 D   66 
 0.84156  1.34738  1.34712 B   67 
 0.55652  1.53848  1.22961 B   68 
 0.64939  1.63929  0.77601 R   68 
 0.29811  1.37767  1.38512 B   69 
 0.23377  1.28335  1.15665 T   69 
 0.07543  1.45353  1.58552 B   70 
 0.10551  1.66003  1.53837 P   70 
-0.07229  1.18856  1.73809 B   71 
 0.08258  0.94241  1.66846 B   72 
 0.25654  1.00347  1.51854 S   72 
 0.12586  0.56354  1.65086 B   73 
-0.15527  0.49335  1.85993 R   73 
 0.30001  0.34033  1.50587 B   74 
 0.57377  0.37229  1.46122 N   74 
 0.18005  0.03576  1.44389 B   75 
-0.12406  0.12158  1.51399 L   75 
 0.43468 -0.07305  1.25966 B   76 
 0.24847 -0.08000  1.01112 X   76 
 0.69427  0.00725  1.38659 B   77 
 0.78398 -0.06390  1.63424 N   77 
 0.80513  0.25879  1.18570 B   78 
 0.84428  0.03941  0.99329 I   78 
 0.97685  0.43357  0.98436 B   79 
 1.16279  0.39188  1.07019 P   79 
 0.85451  0.58969  0.71508 B   80 
 0.62194  0.75921  0.84526 X   80 
 1.11695  0.54997  0.54061 B   81 
 1.28325  0.64753  0.68306 S   81 
 1.08970  0.23892  0.50936 B   82 
 1.11742  0.16237  0.70350 A   82 
 0.84493  0.29075  0.29672 B   83 
 0.60115  0.26095  0.51308 L   83 
 1.08076  0.38488  0.06232 B   84 
 0.97068  0.68223  0.15018 L   84 
 1.20625  0.14386 -0.01032 B   85 
 1.37652  0.00591  0.12801 S   85 
 1.28967 -0.10302 -0.24257 B   86 
 1.51740 -0.06933 -0.30860 S   86 
 1.20492 -0.26988 -0.00002 B   87 
 1.32378 -0.50041  0.13484 D   87 
 0.86750 -0.38340  0.05721 B   88 
 0.76097 -0.41640 -0.18620 I   88 
 0.84464 -0.53027  0.32924 B   89 
 1.04624 -0.70209  0.34675 T   89 
 0.73741 -0.30309  0.51265 B   90 
 0.90899 -0.17791  0.55885 A   90 
 0.47863 -0.23374  0.35329 B   91 
 0.57175 -0.03442  0.18921 S   91 
 0.35356 -0.51317  0.36046 B   92 
 0.44132 -0.66837  0.16828 V   92 
 0.33798 -0.56024  0.66329 B   93 
 0.62082 -0.73834  0.70160 N   93 
 0.16783 -0.30562  0.70472 B   94 
 0.25178 -0.04328  0.77768 X   94 
-0.06453 -0.36798  0.51089 B   95 
 0.01309 -0.33600  0.31265 A   95 
-0.16132 -0.62254  0.65665 B   96 
 0.13013 -0.94994  0.49928 K   96 
-0.25703 -0.45692  0.90267 B   97 
 0.02862 -0.43028  1.15963 K   97 
-0.45257 -0.26347  0.76250 B   98 
-0.28237 -0.02689  0.65646 I   98 
-0.64939 -0.47734  0.62652 B   99 
-0.58064 -0.58926  0.43532 V   99 
-0.70633 -0.60113  0.93224 B   100 
-0.52241 -0.78236  0.88575 S   100 
-0.86331 -0.34950  1.07766 B   101 
-0.75832 -0.10300  1.15257 D   101 
-1.18765 -0.37084  0.91395 B   102 
-1.20492 -0.20580  0.61444 B   103 
-1.30639  0.04012  0.80017 N   103 
-0.99738 -0.30883  0.46165 B   104 
-0.92396 -0.15938  0.14973 B   105 
-0.72403 -0.39629 -0.09047 M   105 
-1.07337  0.11372  0.23033 B   106 
-1.36757 -0.03041  0.18520 N   106 
-0.81311  0.24893  0.34292 B   107 
-0.75242  0.11609  0.49262 A   107 
-0.78102  0.29079  0.03037 B   108 
-0.41668  0.02903  0.16064 W   108 
-0.89663  0.54360 -0.15082 B   109 
-0.90823  0.76129 -0.01653 V   109 
-0.80149  0.45306 -0.43493 B   110 
-0.60168  0.52813 -0.45556 A   110 
-0.92800  0.17618 -0.42602 B   111 
-0.99131 -0.18140 -0.28555 W   111 
-1.22296  0.25675 -0.37459 B   112 
-1.37726  0.49549 -0.06231 R   112 
-1.23784  0.47875 -0.62279 B   113 
-1.28655  0.72033 -0.41168 N   113 
-1.05887  0.27430 -0.85268 B   114 
-0.77609  0.67312 -0.96819 R   114 
-1.09193 -0.05456 -0.77615 B   115 
-0.78029 -0.00280 -0.73386 X   115 
-1.35198 -0.10521 -0.66623 B   116 
-1.53127 -0.11234 -0.25894 K   116 
-1.55362 -0.30963 -0.87555 B   117 
-1.33345 -0.39194 -1.05923 B   118 
-1.22139 -0.16030 -1.09353 T   118 
-1.10463 -0.53780 -1.28989 B   119 
-1.14089 -0.74399 -1.48576 D   119 
-0.82724 -0.63130 -1.11451 B   120 
-0.91653 -0.57680 -0.88753 V   120 
-0.70294 -0.85629 -1.29342 B   121 
-0.98840 -1.15742 -1.25635 Q   121 
-0.57706 -0.65962 -1.50435 B   122 
-0.74033 -0.56402 -1.58893 A   122 
-0.31533 -0.60323 -1.31712 B   123 
-0.45139 -0.20245 -1.25088 W   123 
-0.19872 -0.91940 -1.39531 B   124 
-0.25691 -1.01642 -1.15145 I   124 
-0.16897 -0.92438 -1.67519 B   125 
-0.68210 -0.94007 -1.74468 R   125 
 0.10420 -1.09778 -1.81983 B   126 
 0.18860 -1.22706 -1.56006 B   127 
 0.19819 -0.93118 -1.43065 X   127 
 0.43769 -1.43930 -1.39913 B   128 
 0.45186 -1.82338 -1.52858 R   128 
 0.25918 -1.66631 -1.15697 B   129 
 0.20545 -1.42421 -1.07958 L   129 
