246 
-0.60689 -0.29755  1.15328 B   1 
-0.39642 -0.64510  1.25889 K   1 
-0.32683 -0.21375  1.36046 B   2 
-0.38146  0.03244  1.42024 V   2 
-0.01359 -0.21781  1.28948 B   3 
-0.07850 -0.53827  1.00486 F   3 
 0.29033 -0.28740  1.34246 B   4 
 0.58222 -0.24217  1.21790 B   5 
 0.93553 -0.00126  1.29992 R   5 
 0.71637 -0.52957  1.25374 B   6 
 0.96363 -0.45058  1.42980 X   6 
 0.45325 -0.67375  1.17258 B   7 
 0.12342 -0.70377  1.37926 E   7 
 0.42838 -0.56852  0.88269 B   8 
 0.25873 -0.33476  0.77933 L   8 
 0.70351 -0.64942  0.77688 B   9 
 0.84689 -0.51528  0.86966 A   9 
 0.65968 -0.95003  0.81153 B   10 
 0.67375 -0.98895  1.02627 A   10 
 0.41185 -0.97508  0.62688 B   11 
 0.24105 -0.91689  0.74687 A   11 
 0.53633 -0.84547  0.37456 B   12 
 0.44556 -0.42688  0.40821 M   12 
 0.75624 -1.05403  0.35007 B   13 
 1.14775 -1.09070  0.53332 K   13 
 0.59788 -1.31414  0.33123 B   14 
 0.23838 -1.44743  0.57532 R   14 
 0.44630 -1.18162  0.06997 B   15 
 0.11160 -1.17677  0.26883 H   15 
 0.71379 -1.06564 -0.10460 B   16 
 0.80232 -0.74070 -0.08764 B   17 
 0.50243 -0.62045 -0.05851 L   17 
 1.08890 -0.78144 -0.05987 B   18 
 1.29815 -0.76039  0.16400 D   18 
 1.22673 -0.65092 -0.34222 B   19 
 1.48285 -0.72182 -0.16055 N   19 
 0.99653 -0.57073 -0.49856 B   20 
 0.63674 -0.77374 -0.65526 Y   20 
 1.08932 -0.43630 -0.78148 B   21 
 0.79373 -0.61184 -1.10915 R   21 
 1.34293 -0.31821 -0.58746 B   22 
 1.18662 -0.28217 -0.30589 B   23 
 1.02541  0.06276 -0.58220 Y   23 
 1.25196 -0.24786 -0.01140 B   24 
 1.45503 -0.15696  0.06207 S   24 
 1.08608 -0.30190  0.27320 B   25 
 1.03958 -0.56539  0.43743 L   25 
 1.10909 -0.00616  0.38631 B   26 
 0.93039  0.12431  0.17018 B   27 
 1.17721  0.18296 -0.05241 N   27 
 0.66546 -0.01758  0.23771 B   28 
 0.65260 -0.25137 -0.14203 W   28 
 0.65031  0.07014  0.53230 B   29 
 0.76777 -0.09687  0.69321 V   29 
 0.66669  0.37082  0.47924 B   30 
 0.87671  0.54695  0.43629 X   30 
 0.41186  0.39283  0.30944 B   31 
 0.46405  0.31456  0.11195 A   31 
 0.20685  0.27895  0.51123 B   32 
 0.23161  0.06517  0.51135 A   32 
 0.25713  0.49270  0.72525 B   33 
 0.40401  0.59023  1.01734 K   33 
 0.17685  0.75511  0.52998 B   34 
 0.54649  0.89596  0.64199 F   34 
-0.10205  0.64109  0.42197 B   35 
-0.00153  0.62884  0.08488 E   35 
-0.22990  0.47569  0.70989 B   36 
-0.24496  0.27839  0.61001 S   36 
-0.07530  0.41254  0.97372 B   37 
-0.05026  0.62478  1.16503 N   37 
-0.12671  0.09105  0.97024 B   38 
 0.28022  0.13491  1.02736 F   38 
-0.43940  0.10542  0.86310 B   39 
-0.64892  0.20104  1.05631 N   39 
-0.66624 -0.10632  0.70840 B   40 
-0.60777 -0.32948  0.80285 T   40 
-0.93110  0.10167  0.74806 B   41 
-1.12698 -0.09583  1.03442 Q   41 
-0.83540  0.31672  0.56827 B   42 
-0.66266  0.40636  0.65085 A   42 
-1.01334  0.60749  0.43737 B   43 
-1.20972  0.46163  0.42977 T   43 
-1.00794  0.82392  0.13165 B   44 
-0.77915  0.89647  0.36904 N   44 
-1.12698  1.08986 -0.01685 B   45 
-1.60128  1.01513 -0.17964 R   45 
-1.13610  1.20877 -0.34205 B   46 
-0.87057  0.99273 -0.35432 N   46 
-1.18086  1.46338 -0.55862 B   47 
-1.03116  1.67079 -0.52208 T   47 
-1.26852  1.24501 -0.79607 B   48 
-1.05634  1.09082 -0.83535 D   48 
-1.45181  1.03358 -0.59824 B   49 
-1.27173  0.85366 -0.50157 B   50 
-1.08320  0.79905 -0.64949 S   50 
-1.09941  0.58684 -0.29966 B   51 
-1.30425  0.63855 -0.12795 T   51 
-0.89183  0.50581 -0.03967 B   52 
-0.64170  0.67649 -0.20160 D   52 
-0.75361  0.17801  0.06089 B   53 
-1.21977  0.21105 -0.05023 Y   53 
-0.59341  0.09307  0.32743 B   54 
-0.25172  0.04932  0.40339 B   55 
-0.16111 -0.15635  0.55642 I   55 
-0.20417  0.15558  0.07133 B   56 
 0.05006 -0.04109  0.06941 L   56 
-0.41311  0.33303 -0.06007 B   57 
-0.51419  0.53394  0.20238 Q   57 
-0.60905  0.20114 -0.26359 B   58 
-0.46017 -0.06397 -0.32378 I   58 
-0.76595  0.29265 -0.55570 B   59 
-0.78238  0.57556 -0.66753 N   59 
-1.10176  0.29883 -0.70451 B   60 
-1.23653  0.40285 -0.55105 S   60 
-1.03938  0.38362 -1.01284 B   61 
-1.16033  0.78824 -1.09196 R   61 
-0.83410  0.11318 -1.06385 B   62 
-0.65634  0.45924 -1.30155 W   62 
-0.82913 -0.14212 -0.83377 B   63 
-0.42875  0.00352 -0.93622 W   63 
-1.12180 -0.11019 -0.69507 B   64 
-1.04630 -0.09229 -0.44679 X   64 
-1.45585 -0.18174 -0.57768 B   65 
-1.68299 -0.21607 -0.76596 N   65 
-1.72349  0.05337 -0.43049 B   66 
-1.56909  0.27419 -0.42223 D   66 
-1.98620  0.15100 -0.60879 B   67 
-1.88216  0.49778 -0.63109 B   68 
-1.80859  0.63737 -0.18428 R   68 
-1.68415  0.49155 -0.90962 B   69 
-1.48346  0.51967 -0.75416 T   69 
-1.68198  0.63007 -1.18586 B   70 
-1.81468  0.77979 -1.11008 P   70 
-1.48379  0.47945 -1.41681 B   71 
-1.38967  0.21914 -1.30365 B   72 
-1.47259  0.19975 -1.08181 S   72 
-1.16229 -0.08749 -1.30391 B   73 
-1.03241 -0.02594 -1.63104 R   73 
-1.06238 -0.32226 -1.11398 B   74 
-1.23420 -0.45153 -0.93587 N   74 
-0.76249 -0.46280 -1.15019 B   75 
-0.65952 -0.23327 -1.35386 L   75 
-0.77012 -0.64965 -0.87516 B   76 
-0.54174 -0.47696 -0.75466 X   76 
-1.03912 -0.77928 -0.84715 B   77 
-1.15620 -0.95231 -1.02263 N   77 
-1.18464 -0.60379 -0.59428 B   78 
-0.98260 -0.74174 -0.43047 I   78 
-1.31787 -0.52266 -0.31816 B   79 
-1.44374 -0.68885 -0.30340 P   79 
-1.22641 -0.26029 -0.13202 B   80 
-1.24856 -0.02678 -0.34357 X   80 
-1.28812 -0.40243  0.14525 B   81 
-1.51702 -0.46689  0.11505 S   81 
-1.05507 -0.61187  0.12819 B   82 
-1.10680 -0.73744 -0.03266 A   82 
-0.84410 -0.36910  0.19429 B   83 
-0.76694 -0.30159 -0.11654 L   83 
-0.95037 -0.37862  0.52298 B   84 
-1.11361 -0.11160  0.42146 L   84 
-0.84000 -0.61655  0.62459 B   85 
-0.91625 -0.85959  0.57691 S   85 
-0.63031 -0.79138  0.84210 B   86 
-0.76531 -0.88595  1.01584 S   86 
-0.57427 -0.92988  0.57464 B   87 
-0.55673 -1.21068  0.49527 D   87 
-0.31519 -0.82692  0.34597 B   88 
-0.12167 -0.72326  0.49924 I   88 
-0.32349 -0.99548  0.08594 B   89 
-0.34471 -1.25102  0.15464 T   89 
-0.48432 -0.80821 -0.10330 B   90 
-0.69268 -0.82967 -0.04528 A   90 
-0.29918 -0.55787 -0.08835 B   91 
-0.41565 -0.42070  0.11886 S   91 
-0.04251 -0.69465 -0.18421 B   92 
 0.08738 -0.81367  0.00991 V   92 
-0.13370 -0.80061 -0.45738 B   93 
-0.21043 -1.11538 -0.36669 N   93 
-0.21157 -0.51727 -0.55306 B   94 
-0.46631 -0.38971 -0.54839 X   94 
 0.05785 -0.37290 -0.50811 B   95 
 0.07482 -0.34332 -0.29555 A   95 
 0.22053 -0.54460 -0.70678 B   96 
 0.32064 -0.92528 -0.45787 K   96 
 0.06542 -0.42715 -0.95022 B   97 
-0.24133 -0.64721 -1.02644 K   97 
 0.12206 -0.12660 -0.90814 B   98 
-0.09186 -0.02320 -0.70882 I   98 
 0.44287 -0.13297 -0.91009 B   99 
 0.55600 -0.20822 -0.72207 V   99 
 0.42613 -0.27251 -1.21387 B   100 
 0.44984 -0.50758 -1.09981 S   100 
 0.29684 -0.02680 -1.39283 B   101 
 0.03846  0.07563 -1.38089 D   101 
 0.58372  0.19597 -1.41570 B   102 
 0.61711  0.40966 -1.15025 B   103 
 0.43948  0.60694 -1.33679 N   103 
 0.62137  0.24727 -0.92521 B   104 
 0.61384  0.39780 -0.60536 B   105 
 0.74798  0.16230 -0.32192 M   105 
 0.49402  0.67221 -0.72262 B   106 
 0.79059  0.75308 -0.84458 N   106 
 0.19510  0.58728 -0.67657 B   107 
 0.17879  0.41118 -0.78820 A   107 
 0.28362  0.68193 -0.38730 B   108 
 0.17069  0.23077 -0.34333 W   108 
 0.26967  0.98977 -0.26423 B   109 
 0.07683  1.12517 -0.36440 V   109 
 0.39281  0.93923  0.01906 B   110 
 0.22851  0.88067  0.14381 A   110 
 0.64795  0.80478 -0.07876 B   111 
 0.85916  0.53674 -0.26625 W   111 
 0.75675  1.02976 -0.26230 B   112 
 0.56171  1.22009 -0.58488 R   112 
 0.72927  1.27134 -0.03429 B   113 
 0.51061  1.42683 -0.21679 N   113 
 0.85085  1.07018  0.23298 B   114 
 0.46533  1.23030  0.51247 R   114 
 1.05230  0.82240  0.11847 B   115 
 0.80625  0.66223  0.24255 X   115 
 1.19940  0.91211 -0.11086 B   116 
 1.13874  0.90738 -0.55174 K   116 
 1.54891  0.93511 -0.05113 B   117 
 1.54524  0.78884  0.20884 B   118 
 1.33958  0.90466  0.31690 T   118 
 1.59797  0.60193  0.50737 B   119 
 1.83986  0.52030  0.63783 D   119 
 1.41002  0.31795  0.48555 B   120 
 1.33152  0.35291  0.25086 V   120 
 1.55684  0.12086  0.67965 B   121 
 1.91448  0.05659  0.47593 Q   121 
 1.44206  0.24863  0.94330 B   122 
 1.51818  0.44139  0.94405 A   122 
 1.16111  0.08380  0.91811 B   123 
 0.95608  0.45004  0.83235 W   123 
 1.32834 -0.20388  1.01273 B   124 
 1.32181 -0.30617  0.76421 I   124 
 1.43463 -0.15169  1.26811 B   125 
 1.79442  0.16434  1.07049 R   125 
 1.44032 -0.40879  1.51199 B   126 
 1.35913 -0.62557  1.31775 B   127 
 1.10431 -0.44281  1.23998 X   127 
 1.27238 -0.97804  1.28266 B   128 
 1.56985 -1.24151  1.36369 R   128 
 1.42611 -1.10516  0.96290 B   129 
 1.26832 -0.91095  0.89309 L   129 
