246 
-0.09577  1.02406  0.85383 B   1 
-0.50602  1.00786  0.94142 K   1 
-0.15195  0.82049  1.14327 B   2 
 0.08958  0.79567  1.23390 V   2 
-0.28203  0.52746  1.16303 B   3 
-0.52484  0.60765  0.81299 F   3 
-0.47621  0.30876  1.28335 B   4 
-0.54895 -0.00231  1.25680 B   5 
-0.48487 -0.37014  1.48085 R   5 
-0.86785  0.00141  1.26977 B   6 
-0.91245 -0.18250  1.51989 X   6 
-0.88228  0.25539  1.09118 B   7 
-0.78562  0.62120  1.18735 E   7 
-0.75624  0.13988  0.83330 B   8 
-0.46625  0.16416  0.73622 L   8 
-0.93743 -0.10318  0.79423 B   9 
-0.88268 -0.24603  0.94836 A   9 
-1.19355  0.05886  0.75385 B   10 
-1.24976  0.13359  0.95155 A   10 
-1.09930  0.22020  0.50641 B   11 
-0.98342  0.38640  0.58326 A   11 
-1.01648 -0.02082  0.33032 B   12 
-0.60192 -0.08774  0.42117 M   12 
-1.29575 -0.14102  0.32644 B   13 
-1.50604 -0.40386  0.60012 K   13 
-1.46342  0.08682  0.21213 B   14 
-1.45041  0.52952  0.31430 R   14 
-1.26155  0.08022 -0.04863 B   15 
-1.13075  0.43455  0.04587 H   15 
-1.25651 -0.25309 -0.11465 B   16 
-1.00075 -0.44550 -0.00846 B   17 
-0.76817 -0.22158 -0.04033 L   17 
-1.15977 -0.66850  0.08920 B   18 
-1.24422 -0.78179  0.36192 D   18 
-1.07962 -0.93152 -0.11119 B   19 
-1.26398 -1.06510  0.11639 N   19 
-0.89951 -0.81527 -0.30590 B   20 
-0.92133 -0.48119 -0.59422 Y   20 
-0.79689 -1.04103 -0.51857 B   21 
-0.80875 -0.83026 -0.94400 R   21 
-0.81001 -1.23902 -0.24193 B   22 
-0.73161 -1.02265 -0.01379 B   23 
-0.33240 -1.10550 -0.24847 Y   23 
-0.74866 -0.99278  0.28786 B   24 
-0.75673 -1.17752  0.43175 S   24 
-0.74798 -0.73340  0.49799 B   25 
-0.97849 -0.53931  0.58604 L   25 
-0.49792 -0.82589  0.67033 B   26 
-0.28969 -0.79310  0.44397 B   27 
-0.32450 -1.10326  0.31553 N   27 
-0.31174 -0.48834  0.40496 B   28 
-0.49125 -0.51760 -0.00241 W   28 
-0.24668 -0.40890  0.69507 B   29 
-0.45841 -0.39369  0.84513 V   29 
 0.02231 -0.55346  0.71052 B   30 
 0.09664 -0.81531  0.76424 X   30 
 0.16104 -0.39870  0.48457 B   31 
 0.08219 -0.48099  0.29786 A   31 
 0.12979 -0.11099  0.59396 B   32 
-0.07409 -0.05232  0.55780 A   32 
 0.28712 -0.16237  0.85209 B   33 
 0.29326 -0.22744  1.18695 K   33 
 0.57201 -0.25698  0.69937 B   34 
 0.53657 -0.59136  0.93591 F   34 
 0.59339 -0.00969  0.49726 B   35 
 0.56382 -0.20547  0.20626 E   35 
 0.47708  0.25962  0.69862 B   36 
 0.31185  0.31286  0.56080 S   36 
 0.33655  0.23852  0.97664 B   37 
 0.50469  0.20187  1.20611 N   37 
 0.06739  0.40210  0.89413 B   38 
-0.06762  0.05333  1.06994 F   38 
 0.21908  0.63081  0.70937 B   39 
 0.37993  0.84111  0.85176 N   39 
 0.13346  0.85397  0.45819 B   40 
-0.09967  0.91878  0.51809 T   40 
 0.43001  1.01832  0.46367 B   41 
 0.31331  1.35791  0.63814 Q   41 
 0.59713  0.79460  0.36493 B   42 
 0.60000  0.63961  0.50868 A   42 
 0.94413  0.79544  0.25118 B   43 
 0.89502  1.01715  0.15992 T   43 
 1.15922  0.60682  0.00933 B   44 
 1.11225  0.46192  0.31059 N   44 
 1.46028  0.56013 -0.10955 B   45 
 1.60303  0.94310 -0.40957 R   45 
 1.59457  0.41400 -0.39344 B   46 
 1.28853  0.26131 -0.37464 N   46 
 1.85900  0.28446 -0.55783 B   47 
 1.98136  0.08979 -0.43996 T   47 
 1.71481  0.36198 -0.84931 B   48 
 1.48902  0.22314 -0.85825 D   48 
 1.58644  0.66609 -0.75728 B   49 
 1.34127  0.61039 -0.65270 B   50 
 1.22315  0.41813 -0.75012 S   50 
 1.01332  0.62936 -0.46901 B   51 
 1.13397  0.84481 -0.35437 T   51 
 0.83465  0.56788 -0.18344 B   52 
 0.89558  0.23335 -0.23138 D   52 
 0.47293  0.60501 -0.11673 B   53 
 0.70617  0.95799 -0.34419 Y   53 
 0.31014  0.58814  0.16101 B   54 
 0.12188  0.33486  0.31865 B   55 
-0.11302  0.38508  0.44603 I   55 
 0.22144  0.14219  0.04155 B   56 
-0.06306 -0.00450  0.07082 L   56 
 0.47891  0.21206 -0.10419 B   57 
 0.68470  0.31257  0.15468 Q   57 
 0.45603  0.36219 -0.37648 B   58 
 0.15787  0.31251 -0.44508 I   58 
 0.62518  0.36514 -0.67597 B   59 
 0.89598  0.23580 -0.72843 N   59 
 0.78208  0.60287 -0.90796 B   60 
 0.92197  0.73205 -0.78039 S   60 
 0.85432  0.41341 -1.16299 B   61 
 1.27682  0.33984 -1.18925 R   61 
 0.52704  0.32010 -1.20834 B   62 
 0.78237 -0.04306 -1.31216 W   62 
 0.27772  0.48884 -1.04247 B   63 
 0.24880  0.05389 -0.99777 W   63 
 0.41964  0.77646 -0.98728 B   64 
 0.38673  0.78812 -0.72951 X   64 
 0.48675  1.13139 -0.98452 B   65 
 0.56418  1.27709 -1.23150 N   65 
 0.80146  1.32420 -0.87336 B   66 
 0.93597  1.11093 -0.77801 D   66 
 1.01254  1.45460 -1.09422 B   67 
 1.28432  1.22740 -1.01616 B   68 
 1.34841  1.26204 -0.54794 R   68 
 1.21520  0.96487 -1.22381 B   69 
 1.14554  0.83329 -1.01628 T   69 
 1.35906  0.81814 -1.45462 B   70 
 1.54491  0.90226 -1.39018 P   70 
 1.15584  0.62550 -1.64671 B   71 
 0.87282  0.67971 -1.56681 B   72 
 0.87446  0.83332 -1.38551 S   72 
 0.49995  0.59794 -1.56565 B   73 
 0.52416  0.35252 -1.82423 R   73 
 0.23221  0.66344 -1.40691 B   74 
 0.17476  0.92025 -1.31362 N   74 
-0.01823  0.44474 -1.38578 B   75 
 0.16062  0.20128 -1.50200 L   75 
-0.20346  0.61387 -1.16739 B   76 
-0.15143  0.39249 -0.95578 X   76 
-0.20993  0.90424 -1.24217 B   77 
-0.30509  1.01107 -1.47449 N   77 
-0.00782  1.04944 -1.00981 B   78 
-0.22893  0.98166 -0.82760 I   78 
 0.10209  1.22716 -0.77126 B   79 
 0.00344  1.40309 -0.82601 P   79 
 0.28811  1.11261 -0.51803 B   80 
 0.52361  0.97312 -0.67568 X   80 
 0.16587  1.31249 -0.30356 B   81 
 0.20566  1.52423 -0.40868 S   81 
-0.12024  1.18377 -0.29698 B   82 
-0.20089  1.22132 -0.48777 A   82 
 0.00635  0.93289 -0.12714 B   83 
 0.05692  0.73629 -0.38389 L   83 
 0.01921  1.13894  0.14998 B   84 
 0.33648  1.14586  0.06311 L   84 
-0.24956  1.16685  0.22808 B   85 
-0.43419  1.30765  0.11299 S   85 
-0.51103  1.12435  0.45539 B   86 
-0.55219  1.33490  0.56185 S   86 
-0.64109  1.03771  0.19189 B   87 
-0.89701  1.10094  0.06554 D   87 
-0.64051  0.69833  0.07011 B   88 
-0.63863  0.54394  0.28884 I   88 
-0.77132  0.68103 -0.21040 B   89 
-0.99852  0.81815 -0.20341 T   89 
-0.52107  0.68618 -0.39507 B   90 
-0.45718  0.89378 -0.40294 A   90 
-0.37321  0.43755 -0.27893 B   91 
-0.21477  0.55662 -0.08909 S   91 
-0.59792  0.23470 -0.32508 B   92 
-0.77377  0.23239 -0.13067 V   92 
-0.63639  0.26117 -0.62837 B   93 
-0.89545  0.47582 -0.62815 N   93 
-0.34056  0.19018 -0.68268 B   94 
-0.11859  0.36411 -0.72347 X   94 
-0.32606 -0.08151 -0.53630 B   95 
-0.32135 -0.03566 -0.32601 A   95 
-0.53574 -0.22469 -0.71222 B   96 
-0.93976 -0.08489 -0.52749 K   96 
-0.34728 -0.21660 -0.96028 B   97 
-0.41243  0.10514 -1.16170 K   97 
-0.10198 -0.36386 -0.84430 B   98 
 0.06733 -0.15062 -0.69583 I   98 
-0.24217 -0.63932 -0.75809 B   99 
-0.37093 -0.64560 -0.56523 V   99 
-0.34009 -0.67492 -1.07617 B   100 
-0.57080 -0.56901 -1.00993 S   100 
-0.05092 -0.71544 -1.23060 B   101 
 0.14934 -0.52651 -1.27065 D   101 
 0.03198 -1.05439 -1.12720 B   102 
 0.19273 -1.07384 -0.82550 B   103 
 0.45890 -1.05702 -1.01028 N   103 
 0.02816 -0.94096 -0.64580 B   104 
 0.14509 -0.88310 -0.31717 B   105 
-0.14423 -0.81541 -0.06123 M   105 
 0.45194 -0.92176 -0.40522 B   106 
 0.40930 -1.24934 -0.42082 N   106 
 0.49722 -0.61620 -0.46237 B   107 
 0.35252 -0.57378 -0.60729 A   107 
 0.52543 -0.63070 -0.14699 B   108 
 0.16138 -0.34946 -0.22826 W   108 
 0.80125 -0.69244  0.02685 B   109 
 1.01172 -0.61022 -0.09356 V   109 
 0.68396 -0.68452  0.31694 B   110 
 0.69110 -0.47864  0.37651 A   110 
 0.46213 -0.88758  0.26898 B   111 
 0.14412 -1.03287  0.09762 W   111 
 0.63300 -1.12760  0.17237 B   112 
 0.90973 -1.13894 -0.14640 R   112 
 0.84715 -1.11750  0.42760 B   113 
 1.09242 -1.04822  0.22675 N   113 
 0.59532 -1.05725  0.67180 B   114 
 0.88231 -0.68999  0.85922 R   114 
 0.29461 -1.17713  0.57033 B   115 
 0.24413 -0.86281  0.58598 X   115 
 0.33021 -1.41502  0.41407 B   116 
 0.38235 -1.50929 -0.01775 K   116 
 0.20024 -1.70550  0.57213 B   117 
 0.05113 -1.56005  0.78567 B   118 
 0.23462 -1.38932  0.85325 T   118 
-0.16113 -1.43513  1.04292 B   119 
-0.34563 -1.56965  1.21630 D   119 
-0.33778 -1.17379  0.91276 B   120 
-0.25672 -1.19808  0.67759 V   120 
-0.59138 -1.16153  1.09610 B   121 
-0.78524 -1.51508  0.99141 Q   121 
-0.44611 -1.02140  1.33750 B   122 
-0.30363 -1.15906  1.39832 A   122 
-0.47568 -0.72544  1.20233 B   123 
-0.05219 -0.71425  1.13867 W   123 
-0.81284 -0.73039  1.27965 B   124 
-0.88522 -0.77014  1.02382 I   124 
-0.82813 -0.75577  1.55958 B   125 
-0.67913 -1.25147  1.53802 R   125 
-1.08034 -0.58233  1.73824 B   126 
-1.22884 -0.49646  1.48947 B   127 
-0.95108 -0.37088  1.38240 X   127 
-1.50899 -0.30139  1.36119 B   128 
-1.87791 -0.43252  1.46690 R   128 
-1.66606 -0.49431  1.07808 B   129 
-1.41920 -0.45417  1.00781 L   129 
