246 
-0.42744  0.79096  0.98924 B   1 
-0.74879  0.56175  1.13219 K   1 
-0.31717  0.57565  1.25355 B   2 
-0.08331  0.67524  1.30413 V   2 
-0.27676  0.25700  1.25209 B   3 
-0.58954  0.21501  0.95491 F   3 
-0.30816 -0.03536  1.36853 B   4 
-0.21928 -0.33792  1.31096 B   5 
 0.06195 -0.62896  1.47159 R   5 
-0.48789 -0.49982  1.37027 B   6 
-0.38527 -0.69067  1.59702 X   6 
-0.66152 -0.28247  1.23163 B   7 
-0.74410  0.07635  1.36138 E   7 
-0.54726 -0.30545  0.94502 B   8 
-0.33332 -0.13099  0.81123 L   8 
-0.58635 -0.60526  0.90004 B   9 
-0.43893 -0.70570  1.02390 A   9 
-0.89138 -0.59707  0.91939 B   10 
-0.93794 -0.57043  1.13140 A   10 
-0.94027 -0.40002  0.68502 B   11 
-0.91061 -0.20126  0.76608 A   11 
-0.78397 -0.55612  0.46786 B   12 
-0.38292 -0.40330  0.48796 M   12 
-0.96046 -0.80289  0.48817 B   13 
-0.95374 -1.14775  0.75129 K   13 
-1.23798 -0.68967  0.43115 B   14 
-1.42844 -0.30847  0.58928 R   14 
-1.11467 -0.58023  0.14548 B   15 
-1.16300 -0.21354  0.26712 H   15 
-0.95663 -0.86003  0.03499 B   16 
-0.62400 -0.89715  0.07610 B   17 
-0.54568 -0.58423  0.04153 L   17 
-0.62795 -1.17409  0.16465 B   18 
-0.58990 -1.32603  0.42887 D   18 
-0.46761 -1.34937 -0.07891 B   19 
-0.51251 -1.56832  0.15275 N   19 
-0.41127 -1.14881 -0.28009 B   20 
-0.65239 -0.86214 -0.51438 Y   20 
-0.25295 -1.28010 -0.53390 B   21 
-0.45056 -1.08805 -0.92071 R   21 
-0.11159 -1.46788 -0.28760 B   22 
-0.10939 -1.25186 -0.04605 B   23 
 0.22369 -1.10694 -0.34498 Y   23 
-0.08037 -1.24776  0.25614 B   24 
 0.03295 -1.41602  0.37337 S   24 
-0.16877 -1.03430  0.49708 B   25 
-0.44335 -0.99086  0.64294 L   25 
 0.12192 -0.99164  0.61737 B   26 
 0.23756 -0.84666  0.36982 B   27 
 0.33832 -1.12460  0.20703 N   27 
 0.05912 -0.59565  0.37598 B   28 
-0.15662 -0.69621 -0.00134 W   28 
 0.13046 -0.50628  0.66169 B   29 
-0.02689 -0.60881  0.84144 V   29 
 0.43280 -0.49182  0.61842 B   30 
 0.63680 -0.67976  0.62493 X   30 
 0.42891 -0.27836  0.39781 B   31 
 0.36734 -0.38161  0.21506 A   31 
 0.27992 -0.05291  0.54846 B   32 
 0.07147 -0.10639  0.55041 A   32 
 0.48835 -0.02652  0.77179 B   33 
 0.59082 -0.09307  1.09035 K   33 
 0.74664  0.04592  0.56813 B   34 
 0.92954 -0.26837  0.75991 F   34 
 0.60204  0.27701  0.40037 B   35 
 0.61861  0.10645  0.09293 E   35 
 0.40820  0.43898  0.65096 B   36 
 0.21544  0.40506  0.54694 S   36 
 0.35386  0.33675  0.94094 B   37 
 0.55853  0.38252  1.13662 N   37 
 0.02890  0.34130  0.92108 B   38 
 0.12319 -0.03414  1.06576 F   38 
 0.00696  0.62300  0.74897 B   39 
 0.06523  0.87995  0.89373 N   39 
-0.22542  0.78029  0.54530 B   40 
-0.44306  0.71294  0.64646 T   40 
-0.05609  1.07368  0.53003 B   41 
-0.29058  1.29670  0.76383 Q   41 
 0.17771  0.97264  0.37885 B   42 
 0.28538  0.83548  0.49838 A   42 
 0.44828  1.15716  0.21732 B   43 
 0.27838  1.32534  0.16493 T   43 
 0.67736  1.11690 -0.07634 B   44 
 0.76837  0.95605  0.20616 N   44 
 0.93190  1.23727 -0.24268 B   45 
 0.80304  1.65117 -0.50562 R   45 
 1.06340  1.19344 -0.56012 B   46 
 0.88493  0.90411 -0.51811 N   46 
 1.31960  1.22593 -0.77699 B   47 
 1.54298  1.11756 -0.70545 T   47 
 1.10275  1.23009 -1.03138 B   48 
 0.97976  0.99517 -1.02629 D   48 
 0.86020  1.42018 -0.88151 B   49 
 0.70125  1.24165 -0.75110 B   50 
 0.67875  1.02030 -0.85552 S   50 
 0.45040  1.08097 -0.52108 B   51 
 0.46679  1.32275 -0.39702 T   51 
 0.38549  0.92421 -0.22366 B   52 
 0.59483  0.67144 -0.32467 D   52 
 0.07442  0.76655 -0.10097 B   53 
 0.05099  1.19844 -0.30992 Y   53 
-0.00088  0.65647  0.19252 B   54 
-0.00279  0.33603  0.34000 B   55 
-0.20158  0.25245  0.50561 I   55 
 0.12395  0.23416  0.02795 B   56 
-0.03730 -0.03936  0.07793 L   56 
 0.27825  0.43290 -0.14267 B   57 
 0.45185  0.61421  0.09493 Q   57 
 0.13125  0.56096 -0.38596 B   58 
-0.10894  0.36750 -0.41684 I   58 
 0.21468  0.66333 -0.70359 B   59 
 0.49781  0.69458 -0.81162 N   59 
 0.18350  0.95741 -0.92152 B   60 
 0.26174  1.13476 -0.79922 S   60 
 0.28984  0.84328 -1.20755 B   61 
 0.67826  0.99941 -1.30430 R   61 
 0.05136  0.59648 -1.21733 B   62 
 0.42833  0.42186 -1.40509 W   62 
-0.21139  0.60526 -0.99590 B   63 
-0.00983  0.21632 -1.00670 W   63 
-0.22460  0.92225 -0.92342 B   64 
-0.20837  0.90444 -0.66441 X   64 
-0.34476  1.26044 -0.88243 B   65 
-0.39996  1.43541 -1.11601 N   65 
-0.15389  1.58312 -0.79288 B   66 
 0.08470  1.46605 -0.74769 D   66 
-0.08354  1.81286 -1.02224 B   67 
 0.27456  1.75542 -1.01572 B   68 
 0.40192  1.79848 -0.56134 R   68 
 0.30722  1.50385 -1.24477 B   69 
 0.35430  1.34662 -1.04907 T   69 
 0.45738  1.46221 -1.51164 B   70 
 0.58472  1.62737 -1.46396 P   70 
 0.34489  1.20059 -1.69661 B   71 
 0.09429  1.09760 -1.57006 B   72 
 0.05399  1.22227 -1.37182 S   72 
-0.17945  0.83520 -1.52610 B   73 
-0.08639  0.64857 -1.81624 R   73 
-0.40754  0.74645 -1.32295 B   74 
-0.56633  0.93262 -1.18848 N   74 
-0.50563  0.42923 -1.29561 B   75 
-0.25544  0.31808 -1.46830 L   75 
-0.70431  0.46921 -1.03191 B   76 
-0.50882  0.29777 -0.86193 X   76 
-0.86932  0.71745 -1.06501 B   77 
-1.04798  0.76950 -1.26454 N   77 
-0.72629  0.93621 -0.84683 B   78 
-0.84388  0.75650 -0.64543 I   78 
-0.67616  1.13497 -0.60485 B   79 
-0.85795  1.23689 -0.62047 P   79 
-0.41288  1.12232 -0.39899 B   80 
-0.17483  1.13108 -0.60643 X   80 
-0.57449  1.22127 -0.14408 B   81 
-0.66702  1.42737 -0.22424 S   81 
-0.75047  0.96325 -0.11369 B   82 
-0.87423  0.96175 -0.28398 A   82 
-0.48538  0.80678  0.00058 B   83 
-0.39410  0.67543 -0.28498 L   83 
-0.52388  0.97809  0.29822 B   84 
-0.27626  1.15135  0.16816 L   84 
-0.74966  0.86002  0.41739 B   85 
-0.99816  0.89005  0.35029 S   85 
-0.90523  0.67922  0.67225 B   86 
-1.02461  0.83366  0.81101 S   86 
-1.02271  0.54904  0.42104 B   87 
-1.29483  0.47639  0.34272 D   87 
-0.87619  0.26407  0.25570 B   88 
-0.75516  0.12377  0.44896 I   88 
-1.03225  0.19355 -0.00270 B   89 
-1.29125  0.19334  0.05552 T   89 
-0.85925  0.33481 -0.21918 B   90 
-0.91055  0.54573 -0.20806 A   90 
-0.58770  0.19351 -0.16032 B   91 
-0.47670  0.36916  0.01897 S   91 
-0.68500 -0.09405 -0.20051 B   92 
-0.79472 -0.19491  0.01515 V   92 
-0.78936 -0.07853 -0.48867 B   93 
-1.11531 -0.02856 -0.42199 N   93 
-0.51461  0.01564 -0.59425 B   94 
-0.42199  0.28069 -0.64280 X   94 
-0.33830 -0.21548 -0.48959 B   95 
-0.31656 -0.18263 -0.27795 A   95 
-0.47781 -0.43879 -0.65109 B   96 
-0.85307 -0.53538 -0.39273 K   96 
-0.37071 -0.32423 -0.92039 B   97 
-0.62544 -0.07411 -1.06491 K   97 
-0.06758 -0.32852 -0.86206 B   98 
-0.00246 -0.06494 -0.71216 I   98 
-0.03163 -0.64015 -0.79454 B   99 
-0.09991 -0.72004 -0.58773 V   99 
-0.15804 -0.70779 -1.09699 B   100 
-0.39295 -0.73899 -0.98440 S   100 
 0.07651 -0.58678 -1.29563 B   101 
 0.14344 -0.32014 -1.33829 D   101 
 0.33586 -0.83835 -1.25208 B   102 
 0.53966 -0.78470 -0.98221 B   103 
 0.72025 -0.62523 -1.19952 N   103 
 0.36906 -0.76346 -0.76431 B   104 
 0.50244 -0.66741 -0.45126 B   105 
 0.27383 -0.76951 -0.14941 M   105 
 0.76381 -0.53848 -0.58714 B   106 
 0.88848 -0.84009 -0.64056 N   106 
 0.63831 -0.25128 -0.60839 B   107 
 0.46691 -0.28356 -0.72380 A   107 
 0.73037 -0.26236 -0.30528 B   108 
 0.26674 -0.20615 -0.29431 W   108 
 1.02772 -0.18016 -0.18309 B   109 
 1.14106  0.00382 -0.32042 V   109 
 0.98083 -0.24608  0.11928 B   110 
 0.89551 -0.06874  0.20448 A   110 
 0.88572 -0.53225  0.07688 B   111 
 0.65668 -0.81346 -0.06478 W   111 
 1.13125 -0.64539 -0.07496 B   112 
 1.30892 -0.49895 -0.42895 R   112 
 1.35638 -0.53697  0.14563 B   113 
 1.49001 -0.34273 -0.07732 N   113 
 1.16088 -0.62560  0.42954 B   114 
 1.25592 -0.17116  0.62144 R   114 
 0.94725 -0.87906  0.35733 B   115 
 0.75059 -0.63683  0.42246 X   115 
 1.06596 -1.05767  0.16686 B   116 
 1.07357 -1.09332 -0.27671 K   116 
 1.13193 -1.37990  0.30130 B   117 
 0.97465 -1.34134  0.55183 B   118 
 1.05734 -1.10342  0.61464 T   118 
 0.78276 -1.35476  0.85155 B   119 
 0.72773 -1.57232  1.02997 D   119 
 0.47785 -1.21685  0.78483 B   120 
 0.51295 -1.18594  0.53931 V   120 
 0.29306 -1.34489  1.00285 B   121 
 0.28579 -1.74301  0.88045 Q   121 
 0.39238 -1.16017  1.23743 B   122 
 0.59323 -1.20699  1.25784 A   122 
 0.19338 -0.91653  1.14921 B   123 
 0.53305 -0.68579  1.02713 W   123 
-0.07386 -1.09798  1.27306 B   124 
-0.16459 -1.15860  1.02737 I   124 
-0.01996 -1.13932  1.54623 B   125 
 0.34937 -1.48565  1.43655 R   125 
-0.28502 -1.12855  1.78126 B   126 
-0.50142 -1.12126  1.57047 B   127 
-0.35036 -0.86601  1.44236 X   127 
-0.86025 -1.09352  1.51159 B   128 
-1.08578 -1.40049  1.65080 R   128 
-0.95122 -1.32775  1.23070 B   129 
-0.77644 -1.16309  1.13157 L   129 
