246 
 0.60039  0.16884  1.18234 B   1 
 0.85333 -0.16621  1.18419 K   1 
 0.91991  0.25501  1.04503 B   2 
 0.90375  0.51364  1.04070 V   2 
 1.04844  0.17187  0.76264 B   3 
 0.82437 -0.19920  0.76575 F   3 
 1.27876  0.06492  0.57415 B   4 
 1.34563  0.01652  0.26440 B   5 
 1.58832  0.20012 -0.04703 R   5 
 1.49022 -0.26798  0.27003 B   6 
 1.76622 -0.18920  0.14357 X   6 
 1.28895 -0.37748  0.48005 B   7 
 1.26325 -0.28388  0.85818 E   7 
 1.02955 -0.35807  0.31252 B   8 
 0.81709 -0.13682  0.31624 L   8 
 1.11772 -0.51627  0.06627 B   9 
 1.25898 -0.39038 -0.04030 A   9 
 1.15816 -0.78013  0.21535 B   10 
 1.34272 -0.75706  0.33038 A   10 
 0.86804 -0.81068  0.32044 B   11 
 0.85559 -0.68926  0.49949 A   11 
 0.72351 -0.78552  0.04762 B   12 
 0.64305 -0.36588  0.00262 M   12 
 0.86039 -1.02960 -0.07132 B   13 
 1.24200 -1.08434 -0.27027 K   13 
 0.78546 -1.24947  0.12649 B   14 
 0.78539 -1.23639  0.58083 R   14 
 0.47072 -1.17240  0.06493 B   15 
 0.43144 -1.04744  0.43158 H   15 
 0.47423 -1.16431 -0.27478 B   16 
 0.49817 -0.87105 -0.43949 B   17 
 0.32920 -0.69349 -0.22696 L   17 
 0.69446 -0.95497 -0.63693 B   18 
 0.99363 -0.90959 -0.68966 D   18 
 0.53372 -0.94017 -0.93643 B   19 
 0.83867 -1.00210 -1.01885 N   19 
 0.26304 -0.86705 -0.86394 B   20 
-0.04789 -1.03552 -0.59908 Y   20 
 0.07481 -0.84030 -1.12960 B   21 
-0.33819 -1.04457 -1.01443 R   21 
 0.36384 -0.72079 -1.26408 B   22 
 0.49165 -0.57604 -1.00384 B   23 
 0.13194 -0.30217 -1.13386 Y   23 
 0.76064 -0.47074 -0.91038 B   24 
 0.92724 -0.40223 -1.06021 S   24 
 0.89681 -0.40786 -0.61216 B   25 
 1.03425 -0.59883 -0.40432 L   25 
 0.96257 -0.10183 -0.66517 B   26 
 0.66810 -0.00851 -0.68089 B   27 
 0.62849 -0.06427 -1.01139 N   27 
 0.58406 -0.07241 -0.39152 B   28 
 0.30365 -0.39948 -0.50740 W   28 
 0.79881  0.09814 -0.25188 B   29 
 1.01783 -0.03400 -0.20554 V   29 
 0.72749  0.36188 -0.38916 B   30 
 0.79438  0.47534 -0.63335 X   30 
 0.43905  0.38112 -0.28581 B   31 
 0.32235  0.24064 -0.40621 A   31 
 0.49380  0.37118  0.01854 B   32 
 0.53597  0.16593  0.06764 A   32 
 0.66666  0.62439  0.02376 B   33 
 0.97365  0.77304  0.03161 K   33 
 0.42987  0.82913 -0.10055 B   34 
 0.71896  0.92445 -0.37688 F   34 
 0.19400  0.74312  0.09801 B   35 
-0.01403  0.61507 -0.15539 E   35 
 0.36956  0.69531  0.40378 B   36 
 0.30637  0.48402  0.42600 S   36 
 0.67921  0.68352  0.44210 B   37 
 0.81927  0.93347  0.45564 N   37 
 0.68745  0.39043  0.58368 B   38 
 0.96721  0.37183  0.28009 F   38 
 0.41587  0.43152  0.76810 B   39 
 0.43419  0.61655  1.00432 N   39 
 0.18600  0.23050  0.93236 B   40 
 0.32447  0.03747  1.00788 T   40 
 0.03479  0.48687  1.09482 B   41 
 0.17313  0.42126  1.46351 Q   41 
-0.07983  0.61864  0.85560 B   42 
 0.07632  0.69431  0.73483 A   42 
-0.32648  0.88697  0.83300 B   43 
-0.42953  0.78471  1.03003 T   43 
-0.59495  1.00047  0.59767 B   44 
-0.28010  1.09445  0.52023 N   44 
-0.81773  1.22935  0.52744 B   45 
-1.21750  1.20099  0.83797 R   45 
-1.09776  1.24839  0.32447 B   46 
-0.92328  0.99228  0.17855 N   46 
-1.32959  1.43298  0.16349 B   47 
-1.23888  1.61015 -0.00127 T   47 
-1.54258  1.17565  0.17672 B   48 
-1.42903  0.97976  0.03862 D   48 
-1.46564  1.06894  0.49315 B   49 
-1.25928  0.89432  0.46043 B   50 
-1.25912  0.76483  0.25154 S   50 
-0.96239  0.67011  0.51734 B   51 
-0.95281  0.80683  0.75257 T   51 
-0.62227  0.63048  0.51774 B   52 
-0.62594  0.69682  0.18083 D   52 
-0.41847  0.32606  0.56735 B   53 
-0.78608  0.41230  0.86428 Y   53 
-0.10055  0.29355  0.60970 B   54 
 0.16704  0.21042  0.39541 B   55 
 0.36893  0.04476  0.47106 I   55 
-0.08343  0.20499  0.14832 B   56 
 0.09015 -0.02783  0.01055 L   56 
-0.33419  0.37263  0.18613 B   57 
-0.21026  0.65621  0.34003 Q   57 
-0.59504  0.22661  0.27469 B   58 
-0.52123 -0.06758  0.21080 I   58 
-0.93225  0.25726  0.21412 B   59 
-1.06749  0.49344  0.07723 N   59 
-1.24965  0.28290  0.39729 B   60 
-1.22005  0.45029  0.55105 S   60 
-1.46970  0.26142  0.15799 B   61 
-1.65610  0.64091  0.08153 R   61 
-1.35464 -0.04568  0.05635 B   62 
-1.48393  0.17686 -0.31996 W   62 
-1.13539 -0.21954  0.25597 B   63 
-0.99985 -0.18764 -0.15951 W   63 
-1.20136 -0.09447  0.54909 B   64 
-0.96114 -0.01987  0.61538 X   64 
-1.29542 -0.06495  0.89661 B   65 
-1.57505 -0.10913  0.98649 N   65 
-1.36599  0.24857  1.10946 B   66 
-1.29678  0.42925  0.92175 D   66 
-1.67557  0.33779  1.19028 B   67 
-1.67661  0.63727  0.98561 B   68 
-1.29483  0.88398  1.11945 R   68 
-1.78126  0.51356  0.68467 B   69 
-1.54260  0.54736  0.60020 T   69 
-2.01810  0.56309  0.49245 B   70 
-2.05511  0.75046  0.58883 P   70 
-2.06614  0.31762  0.26278 B   71 
-1.88696  0.08846  0.33210 B   72 
-1.75640  0.15012  0.52084 S   72 
-1.71374 -0.24203  0.25154 B   73 
-1.90601 -0.30345 -0.04330 R   73 
-1.47320 -0.42607  0.34874 B   74 
-1.41579 -0.46354  0.61939 N   74 
-1.30727 -0.62470  0.13896 B   75 
-1.43852 -0.48764 -0.12324 L   75 
-1.06839 -0.71892  0.35033 B   76 
-0.85988 -0.56476  0.17928 X   76 
-1.18793 -0.78201  0.61806 B   77 
-1.37465 -0.97331  0.67266 N   77 
-1.09457 -0.51672  0.80995 B   78 
-0.82711 -0.63661  0.78205 I   78 
-0.96329 -0.33556  1.03472 B   79 
-1.00435 -0.46364  1.19469 P   79 
-0.79465 -0.05253  0.97726 B   80 
-1.00645  0.10946  0.80793 X   80 
-0.59161 -0.09399  1.21798 B   81 
-0.74232 -0.12031  1.40252 S   81 
-0.44095 -0.33921  1.09292 B   82 
-0.58358 -0.49398  1.08872 A   82 
-0.29509 -0.13177  0.88434 B   83 
-0.50620 -0.17298  0.63763 L   83 
-0.09434 -0.02551  1.14477 B   84 
-0.30584  0.22628  1.13378 L   84 
 0.08233 -0.24006  1.18804 B   85 
 0.03060 -0.46767  1.30061 S   85 
 0.40186 -0.38043  1.19435 B   86 
 0.47302 -0.39350  1.42266 S   86 
 0.23938 -0.59844  1.05320 B   87 
 0.22250 -0.88827  1.08741 D   87 
 0.19646 -0.61668  0.69566 B   88 
 0.41943 -0.51127  0.59146 I   88 
 0.00584 -0.84869  0.61863 B   89 
 0.08096 -1.06463  0.75352 T   89 
-0.26396 -0.69762  0.58489 B   90 
-0.33772 -0.66187  0.78619 A   90 
-0.17509 -0.49307  0.36710 B   91 
-0.09610 -0.28243  0.52430 S   91 
-0.08269 -0.69735  0.15853 B   92 
 0.16399 -0.77716  0.19730 V   92 
-0.34069 -0.85888  0.11963 B   93 
-0.27313 -1.11361  0.32875 N   93 
-0.49931 -0.60608  0.03941 B   94 
-0.66212 -0.43723  0.20118 X   94 
-0.32323 -0.50809 -0.19479 B   95 
-0.14750 -0.42191 -0.10514 A   95 
-0.36374 -0.75733 -0.37270 B   96 
-0.05728 -1.06124 -0.19771 K   96 
-0.66441 -0.68857 -0.41723 B   97 
-0.87770 -0.85966 -0.14600 K   97 
-0.63609 -0.40493 -0.53577 B   98 
-0.61649 -0.20999 -0.29537 I   98 
-0.44776 -0.47165 -0.78686 B   99 
-0.22145 -0.50898 -0.75218 V   99 
-0.68197 -0.68751 -0.88970 B   100 
-0.54681 -0.87951 -0.77267 S   100 
-0.93249 -0.48453 -0.96152 B   101 
-1.08842 -0.33647 -0.78499 D   101 
-0.81028 -0.33590 -1.27042 B   102 
-0.60635 -0.06466 -1.22470 B   103 
-0.88518  0.09974 -1.24701 N   103 
-0.40349 -0.15264 -1.05695 B   104 
-0.17217  0.08275 -0.93007 B   105 
 0.16322 -0.08128 -0.81006 M   105 
-0.37158  0.32877 -0.98587 B   106 
-0.30445  0.31370 -1.30934 N   106 
-0.50011  0.31848 -0.69941 B   107 
-0.57612  0.12391 -0.68922 A   107 
-0.22939  0.47455 -0.64626 B   108 
-0.20290  0.08505 -0.38970 W   108 
-0.17902  0.80175 -0.66883 B   109 
-0.38998  0.93597 -0.61367 V   109 
 0.12599  0.81333 -0.59953 B   110 
 0.13619  0.82534 -0.38566 A   110 
 0.21562  0.61094 -0.80868 B   111 
 0.22503  0.26543 -0.98795 W   111 
 0.10445  0.74848 -1.06336 B   112 
-0.29224  0.87020 -1.14174 R   112 
 0.23906  1.04645 -0.99856 B   113 
-0.05536  1.18049 -0.97310 N   113 
 0.54973  0.91233 -0.88823 B   114 
 0.52486  1.21592 -0.48875 R   114 
 0.60898  0.60880 -1.02772 B   115 
 0.58351  0.54059 -0.71742 X   115 
 0.50124  0.59894 -1.29337 B   116 
 0.11446  0.47809 -1.47743 K   116 
 0.75192  0.57229 -1.54379 B   117 
 0.97590  0.51105 -1.35651 B   118 
 0.92598  0.68964 -1.17484 T   118 
 1.26910  0.41226 -1.18012 B   119 
 1.52620  0.32810 -1.27503 D   119 
 1.17743  0.17467 -0.95298 B   120 
 0.93948  0.15418 -1.02666 V   120 
 1.44410  0.01842 -0.90252 B   121 
 1.50066 -0.16802 -1.27073 Q   121 
 1.57030  0.23629 -0.71378 B   122 
 1.59099  0.40313 -0.83496 A   122 
 1.40581  0.12698 -0.45353 B   123 
 1.16951  0.48430 -0.45514 W   123 
 1.61682 -0.14695 -0.44270 B   124 
 1.42790 -0.31376 -0.53627 I   124 
 1.87644 -0.04389 -0.40785 B   125 
 1.89025  0.12795 -0.89637 R   125 
 2.10735 -0.21557 -0.20091 B   126 
 1.93243 -0.46009 -0.17042 B   127 
 1.69674 -0.26331 -0.06988 X   127 
 1.89863 -0.78478 -0.00787 B   128 
 2.17244 -1.06436 -0.11434 R   128 
 1.75054 -1.02560 -0.25711 B   129 
 1.57690 -0.83397 -0.23227 L   129 
