246 
 0.87314  0.50456  0.87747 B   1 
 0.78742  0.91368  0.83860 K   1 
 0.62583  0.60194  1.11775 B   2 
 0.62306  0.39428  1.27279 V   2 
 0.31750  0.67923  1.07156 B   3 
 0.41005  0.82625  0.67440 F   3 
 0.05918  0.85780  1.10895 B   4 
-0.25240  0.86497  1.03393 B   5 
-0.63481  0.80199  1.23241 R   5 
-0.29545  1.17065  0.95277 B   6 
-0.51643  1.24967  1.16084 X   6 
-0.02391  1.17937  0.80177 B   7 
 0.33513  1.17832  0.95505 E   7 
-0.08395  0.96898  0.58300 B   8 
-0.00595  0.67233  0.57818 L   8 
-0.34241  1.08709  0.47035 B   9 
-0.49594  1.05290  0.62007 A   9 
-0.21405  1.34633  0.37134 B   10 
-0.17589  1.46700  0.54969 A   10 
-0.00857  1.21717  0.17837 B   11 
 0.16013  1.15781  0.30073 A   11 
-0.20900  1.04829  0.01324 B   12 
-0.22871  0.66978  0.21557 M   12 
-0.36565  1.29025 -0.08358 B   13 
-0.69059  1.51862  0.09095 K   13 
-0.15016  1.45698 -0.22091 B   14 
 0.27166  1.55008 -0.07952 R   14 
-0.09235  1.19312 -0.41019 B   15 
 0.26048  1.15734 -0.24949 H   15 
-0.40935  1.11201 -0.50189 B   16 
-0.57657  0.86595 -0.34314 B   17 
-0.31990  0.67637 -0.28461 L   17 
-0.83103  1.00428 -0.31736 B   18 
-0.99150  1.13953 -0.09307 D   18 
-1.05006  0.82739 -0.50839 B   19 
-1.23829  1.04110 -0.35830 N   19 
-0.88395  0.62374 -0.63004 B   20 
-0.51984  0.62317 -0.88030 Y   20 
-1.06160  0.42872 -0.82274 B   21 
-0.79813  0.35943 -1.21176 R   21 
-1.29560  0.48285 -0.58146 B   22 
-1.10379  0.50937 -0.32162 B   23 
-1.09652  0.05286 -0.43497 Y   23 
-1.11838  0.61385 -0.03694 B   24 
-1.32044  0.62892  0.08074 S   24 
-0.89288  0.71639  0.18682 B   25 
-0.74715  0.99242  0.22044 L   25 
-0.97204  0.51138  0.41593 B   26 
-0.87943  0.25787  0.26483 B   27 
-1.17077  0.20126  0.10413 N   27 
-0.57838  0.32112  0.24902 B   28 
-0.57633  0.37342 -0.19403 W   28 
-0.53122  0.35346  0.55140 B   29 
-0.56677  0.59763  0.63325 V   29 
-0.63719  0.07823  0.63208 B   30 
-0.89083 -0.02291  0.68119 X   30 
-0.43485 -0.08821  0.47205 B   31 
-0.50096 -0.07949  0.26371 A   31 
-0.17221  0.02169  0.59315 B   32 
-0.13843  0.21468  0.50410 A   32 
-0.23591 -0.06484  0.88034 B   33 
-0.34489  0.01031  1.19479 K   33 
-0.26755 -0.39275  0.81025 B   34 
-0.63291 -0.35237  0.99439 F   34 
 0.00570 -0.42553  0.64681 B   35 
-0.15040 -0.51195  0.34341 E   35 
 0.22568 -0.21310  0.82869 B   36 
 0.27355 -0.08561  0.65381 S   36 
 0.14696 -0.00729  1.04992 B   37 
 0.10316 -0.10938  1.31437 N   37 
 0.28078  0.25293  0.90713 B   38 
-0.10436  0.36817  1.00287 F   38 
 0.55179  0.09851  0.79684 B   39 
 0.76105  0.02240  0.99881 N   39 
 0.79306  0.14913  0.55302 B   40 
 0.81553  0.39733  0.54731 T   40 
 0.99521 -0.10101  0.66048 B   41 
 1.28773  0.11665  0.82308 Q   41 
 0.81298 -0.32524  0.59533 B   42 
 0.64166 -0.31536  0.71880 A   42 
 0.87832 -0.68446  0.58930 B   43 
 1.10132 -0.62452  0.50823 T   43 
 0.75694 -0.98737  0.40531 B   44 
 0.56683 -0.88519  0.66488 N   44 
 0.76991 -1.31287  0.37654 B   45 
 1.20674 -1.46370  0.16803 R   45 
 0.68459 -1.54356  0.13266 B   46 
 0.48920 -1.27572  0.04657 N   46 
 0.61742 -1.86144  0.04226 B   47 
 0.42759 -1.97857  0.17267 T   47 
 0.71320 -1.79197 -0.27040 B   48 
 0.54650 -1.60522 -0.35800 D   48 
 0.98063 -1.59220 -0.19291 B   49 
 0.87711 -1.34133 -0.17063 B   50 
 0.68537 -1.29007 -0.31560 S   50 
 0.82426 -0.97737 -0.09065 B   51 
 1.03672 -1.02224  0.07356 T   51 
 0.69955 -0.74048  0.12285 B   52 
 0.38674 -0.86966  0.06469 D   52 
 0.67583 -0.37368  0.08326 B   53 
 1.08604 -0.59529 -0.03233 Y   53 
 0.59817 -0.14618  0.29805 B   54 
 0.30166  0.03105  0.36954 B   55 
 0.30030  0.29697  0.42619 I   55 
 0.16488 -0.17306  0.11765 B   56 
-0.02303  0.07835  0.04841 L   56 
 0.28969 -0.44444  0.06113 B   57 
 0.38162 -0.55007  0.37713 Q   57 
 0.47110 -0.47168 -0.19096 B   58 
 0.38983 -0.21740 -0.34849 I   58 
 0.53900 -0.71362 -0.42585 B   59 
 0.45754 -1.00663 -0.40785 N   59 
 0.82607 -0.88442 -0.57872 B   60 
 0.95489 -0.95895 -0.40441 S   60 
 0.68557 -1.05605 -0.81735 B   61 
 0.67654 -1.47551 -0.72472 R   61 
 0.55421 -0.77546 -0.96531 B   62 
 0.24840 -1.10880 -1.02204 W   62 
 0.66173 -0.46463 -0.86549 B   63 
 0.22507 -0.50084 -0.87112 W   63 
 0.95612 -0.53339 -0.74500 B   64 
 0.92748 -0.42918 -0.50839 X   64 
 1.31318 -0.53414 -0.69028 B   65 
 1.50090 -0.65000 -0.88918 N   65 
 1.53126 -0.76735 -0.47434 B   66 
 1.32800 -0.90543 -0.36349 D   66 
 1.71921 -1.00502 -0.61046 B   67 
 1.52400 -1.28005 -0.47693 B   68 
 1.50261 -1.20551 -0.00946 R   68 
 1.28543 -1.31775 -0.71875 B   69 
 1.11807 -1.21766 -0.55381 T   69 
 1.19356 -1.54297 -0.90938 B   70 
 1.29335 -1.68621 -0.78571 P   70 
 1.00248 -1.43742 -1.16949 B   71 
 1.00479 -1.13841 -1.17182 B   72 
 1.13069 -1.06318 -0.98484 S   72 
 0.87193 -0.79988 -1.28789 B   73 
 0.67029 -0.93686 -1.54914 R   73 
 0.87662 -0.49160 -1.20968 B   74 
 1.10749 -0.36678 -1.11442 N   74 
 0.62402 -0.28720 -1.28321 B   75 
 0.42649 -0.53078 -1.36334 L   75 
 0.73373 -0.02239 -1.11453 B   76 
 0.49490 -0.05187 -0.91808 X   76 
 1.02779  0.01376 -1.16111 B   77 
 1.15107  0.05831 -1.40040 N   77 
 1.16666 -0.08790 -0.86734 B   78 
 1.04401  0.15952 -0.76523 I   78 
 1.32358 -0.09503 -0.59185 B   79 
 1.48970  0.01382 -0.65693 P   79 
 1.20265 -0.22105 -0.30663 B   80 
 1.12073 -0.51146 -0.40004 X   80 
 1.35192 -0.01151 -0.12035 B   81 
 1.57957 -0.04116 -0.18934 S   81 
 1.18452  0.23831 -0.21002 B   82 
 1.23620  0.26850 -0.41184 A   82 
 0.93302  0.12170 -0.03405 B   83 
 0.78269 -0.03118 -0.28136 L   83 
 1.09875  0.22188  0.25215 B   84 
 1.16216 -0.10077  0.26351 L   84 
 1.07752  0.50234  0.24991 B   85 
 1.20538  0.66971  0.09893 S   85 
 0.96776  0.80475  0.38536 B   86 
 1.15376  0.90975  0.49371 S   86 
 0.90073  0.83995  0.08850 B   87 
 0.94405  1.05807 -0.10125 D   87 
 0.58482  0.74662 -0.05812 B   88 
 0.40363  0.77821  0.13645 I   88 
 0.58801  0.78993 -0.36506 B   89 
 0.68948  1.03055 -0.41277 T   89 
 0.65369  0.50337 -0.46664 B   90 
 0.86731  0.47701 -0.43640 A   90 
 0.41478  0.35223 -0.33530 B   91 
 0.52773  0.27557 -0.09722 S   91 
 0.19060  0.51654 -0.46382 B   92 
 0.13683  0.73595 -0.33083 V   92 
 0.25284  0.47391 -0.76127 B   93 
 0.42676  0.75631 -0.81773 N   93 
 0.23236  0.16691 -0.73236 B   94 
 0.43977 -0.02382 -0.68999 X   94 
-0.05209  0.14616 -0.61360 B   95 
-0.03539  0.20767 -0.40797 A   95 
-0.19782  0.27089 -0.85571 B   96 
-0.14306  0.72812 -0.78612 K   96 
-0.12924  0.02577 -1.03552 B   97 
 0.20473  0.08796 -1.21698 K   97 
-0.25501 -0.19983 -0.86642 B   98 
-0.04251 -0.28174 -0.65590 I   98 
-0.55669 -0.09159 -0.85076 B   99 
-0.60749  0.08219 -0.70574 V   99 
-0.56164 -0.09292 -1.18543 B   100 
-0.49941  0.16190 -1.18065 S   100 
-0.53941 -0.41592 -1.25095 B   101 
-0.32046 -0.58330 -1.21290 D   101 
-0.87427 -0.52491 -1.15908 B   102 
-0.91218 -0.59709 -0.82652 B   103 
-0.83279 -0.89670 -0.92246 N   103 
-0.82979 -0.36880 -0.69188 B   104 
-0.80178 -0.37865 -0.33954 B   105 
-0.81136 -0.02279 -0.17502 M   105 
-0.78436 -0.69972 -0.33655 B   106 
-1.10939 -0.72087 -0.39380 N   106 
-0.47053 -0.70498 -0.34974 B   107 
-0.42940 -0.60075 -0.52632 A   107 
-0.52415 -0.64724 -0.04271 B   108 
-0.28850 -0.27644 -0.20152 W   108 
-0.56973 -0.87081  0.19821 B   109 
-0.44292 -1.08862  0.15308 V   109 
-0.61838 -0.67859  0.44039 B   110 
-0.42371 -0.63300  0.51793 A   110 
-0.84212 -0.51754  0.31098 B   111 
-1.00579 -0.28951  0.04114 W   111 
-1.04008 -0.74757  0.24747 B   112 
-0.96840 -1.09901  0.02461 R   112 
-1.03512 -0.87788  0.55423 B   113 
-0.90503 -1.15301  0.44163 N   113 
-1.04510 -0.56200  0.71794 B   114 
-0.67036 -0.71755  1.01417 R   114 
-1.19103 -0.32663  0.52199 B   115 
-0.89212 -0.21976  0.55067 X   115 
-1.39777 -0.44486  0.36212 B   116 
-1.42347 -0.62963 -0.04195 K   116 
-1.72261 -0.32910  0.44777 B   117 
-1.63036 -0.10391  0.62030 B   118 
-1.44642 -0.22895  0.75416 T   118 
-1.57315  0.18945  0.81397 B   119 
-1.75487  0.38818  0.91236 D   119 
-1.32391  0.36614  0.66198 B   120 
-1.30397  0.22045  0.45988 V   120 
-1.37281  0.65855  0.76289 B   121 
-1.73235  0.75127  0.57403 Q   121 
-1.24816  0.61222  1.04808 B   122 
-1.37142  0.47029  1.13532 A   122 
-0.94356  0.65454  0.93775 B   123 
-0.86420  0.23862  1.00283 W   123 
-1.00654  0.99370  0.91165 B   124 
-1.02053  0.98467  0.64334 I   124 
-1.07207  1.08091  1.17115 B   125 
-1.53412  0.84764  1.14931 R   125 
-0.96211  1.39882  1.28272 B   126 
-0.86462  1.48560  1.01017 B   127 
-0.68766  1.21543  1.00149 X   127 
-0.69519  1.74909  0.82348 B   128 
-0.89025  2.10410  0.80353 R   128 
-0.86753  1.78586  0.49033 B   129 
-0.78374  1.54014  0.49978 L   129 
