246 
 0.92698  0.28513  0.91996 B   1 
 1.20127 -0.02377  0.84526 K   1 
 1.17430  0.39425  0.68480 B   2 
 1.13013  0.64961  0.68151 V   2 
 1.21332  0.30949  0.37744 B   3 
 1.04303 -0.08060  0.45959 F   3 
 1.38084  0.21552  0.12621 B   4 
 1.34935  0.15803 -0.18758 B   5 
 1.45802  0.34785 -0.56409 R   5 
 1.51752 -0.11076 -0.22436 B   6 
 1.72817 -0.01257 -0.43498 X   6 
 1.40732 -0.22810  0.04153 B   7 
 1.49472 -0.11828  0.40581 E   7 
 1.10734 -0.24203 -0.03292 B   8 
 0.88504 -0.04212  0.03584 L   8 
 1.12800 -0.40343 -0.29170 B   9 
 1.21324 -0.27023 -0.44053 A   9 
 1.24209 -0.65432 -0.15933 B   10 
 1.45026 -0.60795 -0.11094 A   10 
 1.00616 -0.70698  0.03485 B   11 
 1.03906 -0.57835  0.20610 A   11 
 0.77978 -0.70960 -0.17659 B   12 
 0.64489 -0.30236 -0.20021 M   12 
 0.89636 -0.94525 -0.32934 B   13 
 1.19730 -0.97344 -0.64053 K   13 
 0.91288 -1.16093 -0.11416 B   14 
 1.05746 -1.12484  0.31524 R   14 
 0.58873 -1.11741 -0.07141 B   15 
 0.65631 -0.97829  0.28590 H   15 
 0.48198 -1.12630 -0.39390 B   16 
 0.42029 -0.84085 -0.56247 B   17 
 0.31071 -0.66962 -0.30965 L   17 
 0.55046 -0.91562 -0.81151 B   18 
 0.81017 -0.84468 -0.95938 D   18 
 0.30138 -0.93143 -1.04272 B   19 
 0.56841 -0.96814 -1.21870 N   19 
 0.06220 -0.88084 -0.88748 B   20 
-0.12726 -1.06448 -0.53308 Y   20 
-0.20316 -0.88567 -1.07797 B   21 
-0.53296 -1.12223 -0.83133 R   21 
 0.01283 -0.74617 -1.30111 B   22 
 0.20131 -0.57687 -1.09907 B   23 
-0.20813 -0.34547 -1.10982 Y   23 
 0.47323 -0.44181 -1.09992 B   24 
 0.57452 -0.36545 -1.29692 S   24 
 0.69051 -0.35117 -0.86327 B   25 
 0.90699 -0.51737 -0.70812 L   25 
 0.70273 -0.04336 -0.94003 B   26 
 0.41066  0.02057 -0.86080 B   27 
 0.27310 -0.05544 -1.15948 N   27 
 0.43141 -0.03626 -0.55877 B   28 
 0.16518 -0.39401 -0.57159 W   28 
 0.66018  0.16085 -0.49946 B   29 
 0.89525  0.05270 -0.52455 V   29 
 0.52084  0.40928 -0.61063 B   30 
 0.49319  0.51604 -0.86521 X   30 
 0.28061  0.40618 -0.41949 B   31 
 0.14709  0.24929 -0.49299 A   31 
 0.43102  0.41698 -0.14934 B   32 
 0.50836  0.21945 -0.11307 A   32 
 0.56836  0.68544 -0.20492 B   33 
 0.84389  0.86286 -0.29983 K   33 
 0.28378  0.86011 -0.24904 B   34 
 0.45681  0.96837 -0.60592 F   34 
 0.13484  0.76224  0.01684 B   35 
-0.12870  0.60224 -0.15295 E   35 
 0.40341  0.74697  0.24974 B   36 
 0.37362  0.53203  0.29492 S   36 
 0.70834  0.76669  0.18555 B   37 
 0.81784  1.02920  0.14852 N   37 
 0.79284  0.48329  0.32178 B   38 
 0.96046  0.47601 -0.05589 F   38 
 0.59221  0.50765  0.58371 B   39 
 0.66566  0.70535  0.79793 N   39 
 0.45015  0.29426  0.81719 B   40 
 0.62529  0.11938  0.84692 T   40 
 0.33277  0.54299  1.01553 B   41 
 0.58844  0.50967  1.32033 Q   41 
 0.13398  0.65091  0.82432 B   42 
 0.23402  0.73486  0.65808 A   42 
-0.13396  0.89303  0.87850 B   43 
-0.15669  0.79156  1.10005 T   43 
-0.47430  0.96833  0.74127 B   44 
-0.21297  1.08782  0.56411 N   44 
-0.73089  1.17108  0.74332 B   45 
-1.00420  1.12059  1.16736 R   45 
-1.06165  1.15303  0.64208 B   46 
-0.91709  0.90762  0.45181 N   46 
-1.35120  1.30628  0.56203 B   47 
-1.33769  1.48267  0.37371 T   47 
-1.51992  1.03084  0.64819 B   48 
-1.43660  0.83989  0.48407 D   48 
-1.33445  0.94816  0.92422 B   49 
-1.13218  0.79256  0.82923 B   50 
-1.18538  0.65322  0.63388 S   50 
-0.81064  0.60082  0.79041 B   51 
-0.74059  0.74961  1.00737 T   51 
-0.48628  0.59384  0.68093 B   52 
-0.60509  0.64232  0.36241 D   52 
-0.24612  0.31313  0.66686 B   53 
-0.50576  0.37894  1.06560 Y   53 
 0.07009  0.31325  0.60413 B   54 
 0.26184  0.24520  0.31598 B   55 
 0.49378  0.10358  0.32475 I   55 
-0.05267  0.20338  0.16383 B   56 
 0.09118 -0.01855 -0.01884 L   56 
-0.29433  0.34808  0.27819 B   57 
-0.15847  0.64963  0.37856 Q   57 
-0.49573  0.18257  0.44921 B   58 
-0.41547 -0.10611  0.36988 I   58 
-0.83576  0.17784  0.50101 B   59 
-1.03218  0.39281  0.41145 N   59 
-1.07825  0.18242  0.77691 B   60 
-1.01882  0.35946  0.90980 S   60 
-1.35993  0.12794  0.62252 B   61 
-1.60034  0.48357  0.60427 R   61 
-1.25161 -0.17158  0.49431 B   62 
-1.51795  0.01822  0.17667 W   62 
-0.96263 -0.31338  0.61480 B   63 
-0.97204 -0.28988  0.17734 W   63 
-0.94380 -0.18043  0.91125 B   64 
-0.70442 -0.08002  0.89457 X   64 
-0.92374 -0.14238  1.26991 B   65 
-1.15325 -0.20837  1.44653 N   65 
-0.95513  0.17340  1.48871 B   66 
-0.96961  0.35008  1.28562 D   66 
-1.22995  0.23672  1.66420 B   67 
-1.32864  0.52395  1.46586 B   68 
-0.95269  0.81239  1.46410 R   68 
-1.51065  0.37570  1.21744 B   69 
-1.31686  0.42774  1.05943 T   69 
-1.80057  0.39261  1.11180 B   70 
-1.82438  0.58026  1.21174 P   70 
-1.89343  0.13232  0.91447 B   71 
-1.67813 -0.07490  0.92573 B   72 
-1.50119  0.00842  1.06070 S   72 
-1.50582 -0.39106  0.79895 B   73 
-1.77496 -0.48541  0.58370 R   73 
-1.22864 -0.54617  0.81585 B   74 
-1.08363 -0.56420  1.05376 N   74 
-1.11877 -0.73850  0.56699 B   75 
-1.34117 -0.62806  0.35935 L   75 
-0.81603 -0.79867  0.69083 B   76 
-0.69125 -0.63425  0.45869 X   76 
-0.83572 -0.85918  0.98392 B   77 
-0.97347 -1.06436  1.09953 N   77 
-0.71446 -0.57679  1.13047 B   78 
-0.45900 -0.67192  1.01923 I   78 
-0.53800 -0.37276  1.29722 B   79 
-0.51156 -0.49587  1.46403 P   79 
-0.42796 -0.07824  1.18321 B   80 
-0.69894  0.05403  1.08914 X   80 
-0.15512 -0.08788  1.34555 B   81 
-0.23480 -0.11903  1.56949 S   81 
-0.02742 -0.32367  1.18256 B   82 
-0.14648 -0.49134  1.22761 A   82 
 0.02066 -0.11416  0.93436 B   83 
-0.25289 -0.18778  0.77040 L   83 
 0.28193  0.02384  1.11355 B   84 
 0.05256  0.25345  1.16756 L   84 
 0.48494 -0.17043  1.10074 B   85 
 0.49671 -0.39592  1.22791 S   85 
 0.80258 -0.27923  1.00528 B   86 
 0.94432 -0.27384  1.19826 S   86 
 0.62756 -0.51861  0.92837 B   87 
 0.65357 -0.80662  0.97118 D   87 
 0.47419 -0.55901  0.60455 B   88 
 0.63926 -0.43827  0.43175 I   88 
 0.29480 -0.81173  0.59765 B   89 
 0.43186 -1.01240  0.70451 T   89 
 0.01400 -0.68896  0.65083 B   90 
 0.00549 -0.65021  0.86453 A   90 
 0.00581 -0.48821  0.41250 B   91 
 0.10821 -0.26328  0.53185 S   91 
 0.04748 -0.69310  0.18877 B   92 
 0.30054 -0.74697  0.14664 V   92 
-0.19056 -0.88023  0.23861 B   93 
-0.03263 -1.11641  0.41878 N   93 
-0.39254 -0.64809  0.20996 B   94 
-0.51173 -0.48752  0.41293 X   94 
-0.31259 -0.54581 -0.07040 B   95 
-0.12761 -0.43884 -0.04422 A   95 
-0.38133 -0.80649 -0.22117 B   96 
-0.00434 -1.07054 -0.15007 K   96 
-0.68589 -0.76904 -0.16675 B   97 
-0.78115 -0.94565  0.16198 K   97 
-0.72757 -0.49038 -0.29292 B   98 
-0.65263 -0.28249 -0.07533 I   98 
-0.62396 -0.55153 -0.59040 B   99 
-0.39590 -0.56533 -0.63051 V   99 
-0.85439 -0.79366 -0.60781 B   100 
-0.66914 -0.96572 -0.53777 S   100 
-1.13482 -0.61939 -0.59779 B   101 
-1.24057 -0.47807 -0.38275 D   101 
-1.13497 -0.47568 -0.93216 B   102 
-0.95731 -0.18428 -0.95986 B   103 
-1.24435 -0.04853 -0.89318 N   103 
-0.70313 -0.24390 -0.86567 B   104 
-0.46978  0.01860 -0.82491 B   105 
-0.09815 -0.10643 -0.81761 M   105 
-0.70156  0.24135 -0.81710 B   106 
-0.74078  0.21632 -1.14452 N   106 
-0.72933  0.23344 -0.50428 B   107 
-0.77683  0.03328 -0.46660 A   107 
-0.47415  0.41708 -0.54469 B   108 
-0.32524  0.04542 -0.30401 W   108 
-0.46889  0.74602 -0.58804 B   109 
-0.66395  0.86216 -0.46964 V   109 
-0.16085  0.79011 -0.62183 B   110 
-0.08379  0.81389 -0.42313 A   110 
-0.12218  0.58681 -0.84525 B   111 
-0.13413  0.23510 -1.01186 W   111 
-0.32331  0.70001 -1.05230 B   112 
-0.73473  0.77925 -0.99959 R   112 
-0.20758  1.01235 -1.03989 B   113 
-0.49070  1.11886 -0.92245 N   113 
 0.13450  0.91421 -1.03423 B   114 
 0.20715  1.23396 -0.65363 R   114 
 0.17775  0.61101 -1.18016 B   115 
 0.26081  0.55655 -0.87730 X   115 
-0.00796  0.57744 -1.39617 B   116 
-0.41817  0.41111 -1.44243 K   116 
 0.15025  0.56209 -1.71396 B   117 
 0.42772  0.53206 -1.60861 B   118 
 0.42012  0.71409 -1.42368 T   118 
 0.77082  0.47075 -1.53540 B   119 
 0.99120  0.40674 -1.70726 D   119 
 0.78291  0.23736 -1.28675 B   120 
 0.53752  0.19058 -1.27874 V   120 
 1.06670  0.10999 -1.32301 B   121 
 1.02142 -0.08870 -1.68635 Q   121 
 1.22289  0.34819 -1.18931 B   122 
 1.18562  0.50987 -1.31349 A   122 
 1.16343  0.23708 -0.88789 B   123 
 0.90248  0.56973 -0.81877 W   123 
 1.39464 -0.01460 -0.94152 B   124 
 1.20459 -0.20319 -0.96572 I   124 
 1.63914  0.11436 -0.99470 B   125 
 1.47679  0.26168 -1.46408 R   125 
 1.94122 -0.02380 -0.87112 B   126 
 1.81250 -0.28201 -0.78123 B   127 
 1.60208 -0.10372 -0.61296 X   127 
 1.86755 -0.59976 -0.61096 B   128 
 2.12075 -0.85704 -0.79581 R   128 
 1.67376 -0.86594 -0.79436 B   129 
 1.49795 -0.69071 -0.71774 L   129 
