246 
-0.80224 -1.06892 -0.02700 B   1 
-0.55908 -1.34762  0.17160 K   1 
-0.87300 -1.06588  0.32423 B   2 
-1.09253 -0.92823  0.32925 V   2 
-0.69460 -0.95259  0.56612 B   3 
-0.33239 -1.03779  0.34373 F   3 
-0.55762 -0.96657  0.85082 B   4 
-0.38535 -0.78829  1.05404 B   5 
-0.44628 -0.57282  1.42749 R   5 
-0.16774 -0.99676  1.15923 B   6 
-0.22902 -0.98613  1.46664 X   6 
-0.13212 -1.11829  0.87538 B   7 
-0.38274 -1.34384  0.67860 E   7 
-0.02377 -0.86798  0.72932 B   8 
-0.17820 -0.66743  0.55601 L   8 
 0.21063 -0.80071  0.91363 B   9 
 0.12425 -0.72185  1.09660 A   9 
 0.36356 -1.06008  0.86045 B   10 
 0.25637 -1.21691  0.96881 A   10 
 0.39542 -1.02472  0.55406 B   11 
 0.20987 -1.09346  0.46573 A   11 
 0.52598 -0.74386  0.55927 B   12 
 0.19731 -0.46797  0.53802 M   12 
 0.76729 -0.83579  0.71983 B   13 
 0.83574 -0.88355  1.14555 K   13 
 0.88096 -1.05868  0.54521 B   14 
 0.66040 -1.39225  0.32918 R   14 
 0.90069 -0.83469  0.30390 B   15 
 0.63065 -1.03017  0.10276 H   15 
 1.04945 -0.57802  0.46963 B   16 
 0.86628 -0.32113  0.58863 B   17 
 0.64557 -0.31770  0.35088 L   17 
 0.99370 -0.30195  0.84930 B   18 
 0.92316 -0.37322  1.13963 D   18 
 1.14854  0.00099  0.85237 B   19 
 1.18377 -0.10342  1.15483 N   19 
 1.10182  0.10310  0.58543 B   20 
 1.18370 -0.03971  0.17541 Y   20 
 1.23580  0.39882  0.54904 B   21 
 1.43659  0.39583  0.11866 R   21 
 1.14044  0.42970  0.87440 B   22 
 0.87126  0.24928  0.87178 B   23 
 0.76002  0.64131  0.63675 Y   23 
 0.68699  0.11149  1.06985 B   24 
 0.66565  0.18323  1.29188 S   24 
 0.46985 -0.14135  1.05101 B   25 
 0.51446 -0.45198  1.05961 L   25 
 0.21640  0.01961  1.15419 B   26 
 0.19718  0.20827  0.90983 B   27 
 0.40512  0.44581  1.02916 N   27 
 0.13497 -0.00237  0.69385 B   28 
 0.52420  0.04819  0.48180 W   28 
-0.11717 -0.11850  0.82668 B   29 
-0.06437 -0.31561  0.98774 V   29 
-0.26971  0.14570  0.84716 B   30 
-0.26815  0.35453  1.02982 X   30 
-0.28057  0.20611  0.54635 B   31 
-0.08156  0.27902  0.49226 A   31 
-0.42223 -0.05092  0.44842 B   32 
-0.27448 -0.20740  0.44835 A   32 
-0.67647 -0.00716  0.61415 B   33 
-0.86600 -0.07646  0.88926 K   33 
-0.75311  0.29191  0.47955 B   34 
-0.76216  0.41704  0.87105 F   34 
-0.72619  0.20591  0.17241 B   35 
-0.45980  0.42510  0.10258 E   35 
-0.85801 -0.12455  0.17714 B   36 
-0.67311 -0.21701  0.09719 S   36 
-0.92278 -0.29676  0.42941 B   37 
-1.17194 -0.24624  0.56223 N   37 
-0.73506 -0.55057  0.34967 B   38 
-0.63093 -0.45693  0.73847 F   38 
-0.80535 -0.54759  0.02640 B   39 
-1.07815 -0.64151 -0.05803 N   39 
-0.66390 -0.66717 -0.26673 B   40 
-0.55675 -0.88024 -0.19421 T   40 
-0.93326 -0.59539 -0.45979 B   41 
-1.07171 -0.96515 -0.51887 Q   41 
-0.91627 -0.30054 -0.43735 B   42 
-0.95526 -0.24239 -0.23787 A   42 
-1.09311 -0.04193 -0.62494 B   43 
-1.07598 -0.19386 -0.81603 T   43 
-1.03355  0.30945 -0.74036 B   44 
-1.13780  0.27360 -0.42129 N   44 
-1.15863  0.57369 -0.88691 B   45 
-1.20296  0.50514 -1.38730 R   45 
-1.02983  0.85953 -1.03416 B   46 
-0.77262  0.76515 -0.82858 N   46 
-1.07301  1.17393 -1.14826 B   47 
-1.16774  1.34405 -0.97842 T   47 
-0.81626  1.13218 -1.35825 B   48 
-0.60363  1.08868 -1.20581 D   48 
-0.88357  0.80864 -1.44891 B   49 
-0.75515  0.65543 -1.26402 B   50 
-0.54657  0.74801 -1.17276 S   50 
-0.64170  0.37049 -1.04586 B   51 
-0.87049  0.25743 -1.14068 T   51 
-0.67048  0.19943 -0.75064 B   52 
-0.57225  0.48585 -0.58867 D   52 
-0.46680 -0.07811 -0.61589 B   53 
-0.61031 -0.09441 -1.07401 Y   53 
-0.51697 -0.26720 -0.35966 B   54 
-0.39569 -0.26673 -0.02841 B   55 
-0.32411 -0.49464  0.10143 I   55 
-0.23080  0.02694 -0.13033 B   56 
 0.00260 -0.06168  0.07212 L   56 
-0.34729  0.19264 -0.35701 B   57 
-0.68730  0.16183 -0.30309 Q   57 
-0.21300  0.17055 -0.63751 B   58 
 0.05814  0.04082 -0.56181 I   58 
-0.14925  0.38094 -0.90207 B   59 
-0.26619  0.65974 -0.93961 N   59 
-0.19707  0.39764 -1.26591 B   60 
-0.41866  0.35174 -1.30228 S   60 
-0.02746  0.66405 -1.34595 B   61 
-0.28717  0.99087 -1.44768 R   61 
 0.26463  0.53788 -1.21695 B   62 
 0.26868  0.98651 -1.13592 W   62 
 0.28302  0.20543 -1.13161 B   63 
 0.42155  0.47180 -0.81243 W   63 
 0.05169  0.07691 -1.32103 B   64 
-0.08809 -0.04285 -1.13722 X   64 
-0.11655 -0.12683 -1.56735 B   65 
-0.06778 -0.09146 -1.85819 N   65 
-0.47366 -0.10052 -1.71001 B   66 
-0.55690  0.09807 -1.54782 D   66 
-0.53099  0.02058 -2.01396 B   67 
-0.69653  0.32154 -1.89737 B   68 
-1.04306  0.17292 -1.61037 R   68 
-0.43117  0.53247 -1.85363 B   69 
-0.46583  0.50617 -1.60196 T   69 
-0.34178  0.80605 -1.96616 B   70 
-0.54197  0.84255 -2.03218 P   70 
-0.01402  0.87856 -1.91489 B   71 
 0.11980  0.63426 -1.80613 B   72 
-0.04482  0.46525 -1.77771 S   72 
 0.41172  0.45492 -1.63777 B   73 
 0.63642  0.73091 -1.66960 R   73 
 0.48217  0.18466 -1.48555 B   74 
 0.37944 -0.06188 -1.56690 N   74 
 0.72048  0.17015 -1.25318 B   75 
 0.74654  0.49221 -1.23399 L   75 
 0.66069 -0.14064 -1.15098 B   76 
 0.56700 -0.02953 -0.87643 X   76 
 0.61432 -0.31889 -1.38767 B   77 
 0.78983 -0.37081 -1.59001 N   77 
 0.27835 -0.37354 -1.37989 B   78 
 0.34574 -0.53060 -1.14014 I   78 
-0.00674 -0.51105 -1.36014 B   79 
 0.03839 -0.67552 -1.48093 P   79 
-0.25722 -0.40381 -1.16620 B   80 
-0.28064 -0.10319 -1.26026 X   80 
-0.36969 -0.69469 -1.10591 B   81 
-0.40390 -0.77873 -1.32779 S   81 
-0.12713 -0.78873 -0.93044 B   82 
 0.03559 -0.79828 -1.06366 A   82 
-0.23817 -0.59545 -0.68935 B   83 
-0.04969 -0.33718 -0.75933 L   83 
-0.48754 -0.82739 -0.63070 B   84 
-0.66188 -0.60123 -0.79412 L   84 
-0.35393 -1.04390 -0.51074 B   85 
-0.19859 -1.21711 -0.62486 S   85 
-0.29417 -1.25980 -0.24304 B   86 
-0.40113 -1.46875 -0.29051 S   86 
-0.00981 -1.18912 -0.33249 B   87 
 0.22918 -1.34979 -0.38278 D   87 
 0.17862 -0.91140 -0.20067 B   88 
 0.09379 -0.88074  0.05142 I   88 
 0.45081 -0.88309 -0.34629 B   89 
 0.56224 -1.12370 -0.35914 T   89 
 0.38518 -0.66353 -0.55661 B   90 
 0.27511 -0.76379 -0.71495 A   90 
 0.29143 -0.43943 -0.36126 B   91 
 0.02155 -0.48860 -0.35312 S   91 
 0.54770 -0.42491 -0.19427 B   92 
 0.55344 -0.60290 -0.00190 V   92 
 0.75363 -0.36050 -0.41247 B   93 
 0.86596 -0.67237 -0.46993 N   93 
 0.60050 -0.10555 -0.49645 B   94 
 0.40958 -0.07115 -0.70515 X   94 
 0.59066  0.03962 -0.22390 B   95 
 0.44201 -0.06325 -0.10700 A   95 
 0.89646  0.06819 -0.19098 B   96 
 1.02294 -0.34859 -0.02607 K   96 
 0.91297  0.26908 -0.42866 B   97 
 0.97610  0.07679 -0.75632 K   97 
 0.71607  0.48474 -0.32849 B   98 
 0.43250  0.39198 -0.41315 I   98 
 0.85473  0.55607 -0.04804 B   99 
 0.82925  0.41109  0.13124 V   99 
 1.13286  0.63104 -0.21848 B   100 
 1.22062  0.38888 -0.16861 S   100 
 1.03613  0.89606 -0.39030 B   101 
 0.85519  0.90613 -0.60138 D   101 
 1.02670  1.14602 -0.12595 B   102 
 0.73241  1.15452  0.04888 B   103 
 0.65161  1.37611 -0.17392 N   103 
 0.69397  0.89546  0.14077 B   104 
 0.38834  0.81340  0.29848 B   105 
 0.41335  0.49371  0.52425 M   105 
 0.23740  1.06488  0.16666 B   106 
 0.38701  1.26971  0.37886 N   106 
 0.13823  0.90258 -0.08336 B   107 
 0.31653  0.83306 -0.16771 A   107 
-0.07188  0.81916  0.13882 B   108 
 0.14320  0.42376  0.01382 W   108 
-0.35487  0.97461  0.21539 B   109 
-0.45771  1.09318  0.01310 V   109 
-0.45333  0.79277  0.45036 B   110 
-0.56413  0.63408  0.35802 A   110 
-0.19792  0.80989  0.61533 B   111 
 0.18283  0.76991  0.68625 W   111 
-0.17945  1.11761  0.64855 B   112 
-0.17554  1.41259  0.34641 R   112 
-0.49290  1.15581  0.75530 B   113 
-0.56645  1.33365  0.49404 N   113 
-0.48482  0.86907  0.96601 B   114 
-0.92772  0.73049  0.77365 R   114 
-0.16806  0.79781  1.06440 B   115 
-0.24702  0.54334  0.88948 X   115 
-0.01721  1.03971  1.09613 B   116 
 0.24410  1.29005  0.83705 K   116 
 0.07481  1.10252  1.43353 B   117 
 0.00024  0.83260  1.53637 B   118 
-0.22920  0.80669  1.41775 T   118 
-0.04953  0.52158  1.70257 B   119 
 0.01961  0.43685  1.96759 D   119 
 0.06911  0.27548  1.49812 B   120 
 0.16489  0.42638  1.32342 V   120 
 0.13212  0.04223  1.69737 B   121 
 0.45306  0.20095  1.91032 Q   121 
-0.16731 -0.04799  1.73230 B   122 
-0.26017  0.11558  1.81930 A   122 
-0.16179 -0.22339  1.45672 B   123 
-0.42747  0.05870  1.27407 W   123 
 0.03195 -0.46009  1.61833 B   124 
 0.25484 -0.38809  1.48640 I   124 
-0.12166 -0.55096  1.83601 B   125 
-0.04844 -0.10694  2.09264 R   125 
-0.11069 -0.89300  1.92822 B   126 
 0.11994 -0.95830  1.74422 B   127 
-0.05352 -0.83191  1.50272 X   127 
 0.33323 -1.22465  1.61553 B   128 
 0.57425 -1.40428  1.88777 R   128 
 0.68449 -1.09070  1.58877 B   129 
 0.53886 -0.93779  1.43745 L   129 
