246 
 0.42162  0.40036  1.20368 B   1 
 0.34256  0.05412  1.42752 K   1 
 0.71069  0.18874  1.20941 B   2 
 0.89151  0.34952  1.11655 V   2 
 0.75984 -0.09159  1.06049 B   3 
 0.33562 -0.17916  1.07745 F   3 
 0.85107 -0.39394  1.04384 B   4 
 0.88715 -0.63259  0.83288 B   5 
 1.21229 -0.83727  0.62797 R   5 
 0.77280 -0.88325  0.99405 B   6 
 1.02640 -1.06778  0.99110 X   6 
 0.53903 -0.71467  1.11041 B   7 
 0.55783 -0.43559  1.38274 E   7 
 0.39497 -0.64355  0.84599 B   8 
 0.41642 -0.38558  0.68138 L   8 
 0.35850 -0.92493  0.73226 B   9 
 0.55524 -0.99159  0.66896 A   9 
 0.17727 -1.02325  0.95804 B   10 
 0.30742 -1.05424  1.13104 A   10 
-0.04820 -0.81356  0.92151 B   11 
 0.01753 -0.63543  1.02593 A   11 
-0.10208 -0.86433  0.62071 B   12 
 0.15845 -0.59262  0.41361 M   12 
-0.18073 -1.15511  0.66219 B   13 
 0.05101 -1.52080  0.68990 K   13 
-0.41072 -1.13286  0.86144 B   14 
-0.44105 -0.87463  1.23425 R   14 
-0.55840 -0.93664  0.64125 B   15 
-0.52446 -0.63728  0.88788 H   15 
-0.52020 -1.12113  0.35844 B   16 
-0.27290 -1.05165  0.13999 B   17 
-0.27308 -0.73003  0.18247 L   17 
-0.18657 -1.32532  0.09297 B   18 
 0.05132 -1.50264  0.17242 D   18 
-0.25658 -1.38745 -0.23413 B   19 
-0.09157 -1.64830 -0.14271 N   19 
-0.38956 -1.14551 -0.32157 B   20 
-0.74496 -0.91753 -0.19147 Y   20 
-0.47206 -1.16579 -0.63702 B   21 
-0.90890 -0.98181 -0.66672 R   21 
-0.17895 -1.33818 -0.65352 B   22 
-0.00949 -1.18358 -0.42462 B   23 
-0.03566 -0.88180 -0.78455 Y   23 
 0.23970 -1.22703 -0.25670 B   24 
 0.41474 -1.36648 -0.32610 S   24 
 0.35086 -1.10505  0.03346 B   25 
 0.28312 -1.18448  0.32953 L   25 
 0.62570 -0.99092 -0.07711 B   26 
 0.49953 -0.77165 -0.25508 B   27 
 0.46092 -0.96375 -0.52988 N   27 
 0.37073 -0.60091 -0.03340 B   28 
-0.04808 -0.69491 -0.15500 W   28 
 0.62791 -0.54837  0.12724 B   29 
 0.67233 -0.72964  0.30821 V   29 
 0.78739 -0.42553 -0.10290 B   30 
 0.93740 -0.53187 -0.31066 X   30 
 0.59999 -0.18819 -0.15586 B   31 
 0.42882 -0.26969 -0.26497 A   31 
 0.60243 -0.05842  0.12499 B   32 
 0.47450 -0.17802  0.25007 A   32 
 0.90457 -0.00631  0.12870 B   33 
 1.21871 -0.09345  0.22933 K   33 
 0.90884  0.18554 -0.14810 B   34 
 1.19658 -0.07944 -0.27462 F   34 
 0.67035  0.38201 -0.06459 B   35 
 0.45909  0.28809 -0.32998 E   35 
 0.72529  0.41931  0.28497 B   36 
 0.52493  0.34300  0.34120 S   36 
 0.91989  0.25206  0.46287 B   37 
 1.19700  0.32602  0.45942 N   37 
 0.69623  0.15109  0.67686 B   38 
 0.89590 -0.19115  0.55948 F   38 
 0.52911  0.43622  0.69202 B   39 
 0.65739  0.66564  0.83790 N   39 
 0.21260  0.54193  0.78621 B   40 
 0.15566  0.38774  0.97362 T   40 
 0.28695  0.87239  0.77037 B   41 
 0.29835  0.95559  1.16067 Q   41 
 0.32891  0.88598  0.47748 B   42 
 0.49970  0.77292  0.42514 A   42 
 0.36466  1.17745  0.26043 B   43 
 0.20294  1.28563  0.40889 T   43 
 0.29008  1.27244 -0.09418 B   44 
 0.57654  1.10120 -0.04341 N   44 
 0.31679  1.50022 -0.32731 B   45 
 0.00167  1.88867 -0.24449 R   45 
 0.16181  1.56369 -0.63051 B   46 
 0.10173  1.22887 -0.59033 N   46 
 0.15771  1.72044 -0.92908 B   47 
 0.36374  1.68179 -1.08013 T   47 
-0.17589  1.69956 -0.93461 B   48 
-0.23281  1.44052 -0.93502 D   48 
-0.23127  1.76548 -0.60292 B   49 
-0.21977  1.52281 -0.47993 B   50 
-0.29704  1.33063 -0.61222 S   50 
-0.19239  1.24704 -0.22526 B   51 
-0.10558  1.45234 -0.06893 T   51 
 0.00530  1.02451 -0.05601 B   52 
 0.08153  0.88038 -0.35824 D   52 
-0.08813  0.75158  0.17518 B   53 
-0.29584  1.18179  0.22524 Y   53 
 0.09632  0.56939  0.36678 B   54 
 0.23231  0.24515  0.33831 B   55 
 0.23792  0.07015  0.54633 I   55 
 0.08284  0.25243  0.01985 B   56 
 0.03867 -0.06353  0.05901 L   56 
 0.03609  0.51977 -0.11712 B   57 
 0.31496  0.70053 -0.02216 Q   57 
-0.25377  0.63458 -0.11738 B   58 
-0.41642  0.38131 -0.04337 I   58 
-0.45088  0.81692 -0.33238 B   59 
-0.35447  0.96104 -0.58288 N   59 
-0.65987  1.11902 -0.33445 B   60 
-0.52988  1.28590 -0.24622 S   60 
-0.80160  1.10324 -0.62739 B   61 
-0.63869  1.39580 -0.89660 R   61 
-0.94294  0.79733 -0.56165 B   62 
-0.83160  0.79789 -1.00376 W   62 
-0.94270  0.67562 -0.24020 B   63 
-0.79210  0.38619 -0.53271 W   63 
-0.92003  0.95014 -0.06689 B   64 
-0.71035  0.89031  0.07496 X   64 
-0.99154  1.21432  0.16887 B   65 
-1.21876  1.40138  0.12886 N   65 
-0.82554  1.55928  0.21384 B   66 
-0.62924  1.52266  0.03274 D   66 
-0.97332  1.83817  0.11032 B   67 
-0.73458  1.90395 -0.15473 B   68 
-0.30909  1.90072  0.05381 R   68 
-0.86944  1.72585 -0.41341 B   69 
-0.67771  1.55960 -0.38446 T   69 
-0.97400  1.78806 -0.69748 B   70 
-0.86863  1.97421 -0.69381 P   70 
-1.16737  1.54373 -0.83246 B   71 
-1.22331  1.34081 -0.62005 B   72 
-1.10717  1.40501 -0.42293 S   72 
-1.34498  0.99855 -0.50268 B   73 
-1.49280  0.91216 -0.81631 R   73 
-1.32904  0.80187 -0.25321 B   74 
-1.34224  0.89515  0.00962 N   74 
-1.34671  0.47101 -0.28813 B   75 
-1.30992  0.48483 -0.60941 L   75 
-1.27552  0.39161  0.02690 B   76 
-1.00731  0.26683 -0.06793 X   76 
-1.42550  0.57169  0.21404 B   77 
-1.69639  0.59747  0.23402 N   77 
-1.18390  0.78044  0.33226 B   78 
-1.09157  0.53716  0.47002 I   78 
-0.98209  0.93509  0.52180 B   79 
-1.11827  0.97119  0.67618 P   79 
-0.65519  0.97285  0.46211 B   80 
-0.66190  1.09984  0.17297 X   80 
-0.57149  0.96197  0.76832 B   81 
-0.70778  1.13631  0.86048 S   81 
-0.64124  0.65907  0.81142 B   82 
-0.85052  0.64831  0.79132 A   82 
-0.37216  0.58194  0.63979 B   83 
-0.52186  0.54513  0.35105 L   83 
-0.18250  0.67106  0.91456 B   84 
-0.13653  0.93852  0.72853 L   84 
-0.22702  0.46393  1.09958 B   85 
-0.43975  0.42101  1.24121 S   85 
-0.11808  0.19684  1.29615 B   86 
-0.10032  0.27323  1.52244 S   86 
-0.37533  0.08465  1.17330 B   87 
-0.60391 -0.05885  1.28562 D   87 
-0.38602 -0.09812  0.86266 B   88 
-0.15009 -0.22350  0.84538 I   88 
-0.67803 -0.16681  0.78451 B   89 
-0.79942 -0.26478  0.99930 T   89 
-0.74345  0.06239  0.58466 B   90 
-0.78395  0.23780  0.70646 A   90 
-0.51374  0.01187  0.38010 B   91 
-0.31908  0.17742  0.48020 S   91 
-0.58477 -0.27861  0.31416 B   92 
-0.48253 -0.44915  0.48500 V   92 
-0.87299 -0.24494  0.21436 B   93 
-1.03464 -0.32062  0.49953 N   93 
-0.78489 -0.04601 -0.00513 B   94 
-0.78294  0.23885  0.00082 X   94 
-0.57431 -0.21999 -0.14949 B   95 
-0.40118 -0.22229 -0.02157 A   95 
-0.77000 -0.44245 -0.23688 B   96 
-0.80554 -0.70609  0.14539 K   96 
-0.91594 -0.25002 -0.43384 B   97 
-1.20866 -0.07727 -0.25272 K   97 
-0.67688 -0.16338 -0.60892 B   98 
-0.54079  0.07349 -0.46210 I   98 
-0.57842 -0.45173 -0.70955 B   99 
-0.45802 -0.58735 -0.56490 V   99 
-0.88532 -0.49951 -0.83427 B   100 
-0.94737 -0.62827 -0.61427 S   100 
-0.89614 -0.27175 -1.07327 B   101 
-0.90626  0.00487 -1.04534 D   101 
-0.67750 -0.42525 -1.32042 B   102 
-0.34485 -0.35830 -1.27453 B   103 
-0.40744 -0.10959 -1.47327 N   103 
-0.28924 -0.43695 -1.01423 B   104 
 0.02805 -0.36261 -0.87707 B   105 
 0.12009 -0.59038 -0.57138 M   105 
 0.08177 -0.13037 -1.09289 B   106 
 0.14387 -0.35693 -1.32566 N   106 
-0.03683  0.09669 -0.91105 B   107 
-0.23233  0.03120 -0.87598 A   107 
 0.25460  0.06017 -0.79185 B   108 
-0.03827 -0.04541 -0.44355 W   108 
 0.53214  0.21267 -0.89094 B   109 
 0.48573  0.44639 -0.98464 V   109 
 0.73821  0.07911 -0.69686 B   110 
 0.73509  0.19815 -0.51852 A   110 
 0.66678 -0.20895 -0.76516 B   111 
 0.43334 -0.51859 -0.80026 W   111 
 0.71666 -0.20246 -1.07111 B   112 
 0.54877  0.05901 -1.35706 R   112 
 1.02113 -0.06851 -1.04972 B   113 
 0.92149  0.19762 -1.20638 N   113 
 1.11963 -0.26938 -0.77290 B   114 
 1.29238  0.14580 -0.54892 R   114 
 0.94701 -0.56133 -0.76536 B   115 
 0.85229 -0.41593 -0.49801 X   115 
 0.89117 -0.65052 -1.03220 B   116 
 0.55983 -0.59724 -1.32453 K   116 
 1.06080 -0.95120 -1.11629 B   117 
 1.14856 -1.01555 -0.83853 B   118 
 1.23131 -0.78005 -0.76725 T   118 
 1.25571 -1.14876 -0.52610 B   119 
 1.37344 -1.40168 -0.46001 D   119 
 0.99887 -1.11107 -0.30462 B   120 
 0.83138 -1.02449 -0.46867 V   120 
 1.05690 -1.33231 -0.09069 B   121 
 0.98917 -1.67918 -0.31122 Q   121 
 1.28563 -1.17273  0.05501 B   122 
 1.43346 -1.15248 -0.08882 A   122 
 1.07213 -0.99790  0.22991 B   123 
 1.17875 -0.64804  0.00686 W   123 
 1.00947 -1.27831  0.42258 B   124 
 0.76826 -1.31836  0.31086 I   124 
 1.25590 -1.34991  0.53827 B   125 
 1.43515 -1.52514  0.08490 R   125 
 1.26490 -1.47312  0.87046 B   126 
 0.96466 -1.49918  0.89270 B   127 
 0.94400 -1.18878  0.80549 X   127 
 0.68772 -1.58275  1.11476 B   128 
 0.67312 -1.96795  1.24077 R   128 
 0.43272 -1.77649  0.91606 B   129 
 0.45633 -1.54722  0.79620 L   129 
