246 
 1.33422 -0.02636  0.07787 B   1 
 1.38719 -0.37634  0.30360 K   1 
 1.37435 -0.30827 -0.13959 B   2 
 1.41159 -0.19018 -0.36727 V   2 
 1.17017 -0.54887 -0.19959 B   3 
 1.00266 -0.51083  0.19841 F   3 
 1.08937 -0.85245 -0.23600 B   4 
 0.84001 -1.03631 -0.31832 B   5 
 0.71172 -1.27400 -0.65985 R   5 
 0.85692 -1.27287 -0.10470 B   6 
 0.88554 -1.51733 -0.29912 X   6 
 0.92918 -1.07499  0.12384 B   7 
 1.26523 -0.88358  0.17713 E   7 
 0.66970 -0.90647  0.12515 B   8 
 0.61857 -0.63533 -0.00891 L   8 
 0.46488 -1.13122  0.15636 B   9 
 0.45898 -1.23581 -0.03386 A   9 
 0.56398 -1.22163  0.43112 B   10 
 0.75184 -1.32787  0.39582 A   10 
 0.51935 -0.95294  0.57929 B   11 
 0.69274 -0.83047  0.53576 A   11 
 0.22075 -0.91552  0.50583 B   12 
 0.22359 -0.69136  0.13930 M   12 
 0.13298 -1.17230  0.64299 B   13 
 0.12095 -1.58573  0.51208 K   13 
 0.23087 -1.13045  0.92893 B   14 
 0.62995 -0.96716  1.07267 R   14 
 0.04976 -0.85481  0.93121 B   15 
 0.37551 -0.64307  0.95655 H   15 
-0.24374 -0.97250  0.80676 B   16 
-0.32199 -0.92977  0.48156 B   17 
-0.17938 -0.64066  0.44519 L   17 
-0.42163 -1.19832  0.43148 B   18 
-0.32445 -1.45038  0.28532 D   18 
-0.75275 -1.16076  0.36288 B   19 
-0.69892 -1.47198  0.30069 N   19 
-0.79773 -0.87731  0.40165 B   20 
-0.73799 -0.59205  0.73371 Y   20 
-1.10946 -0.79990  0.34200 B   21 
-1.23307 -0.49524  0.68472 R   21 
-1.07436 -1.04145  0.10467 B   22 
-0.76256 -0.99951  0.02701 B   23 
-0.98694 -0.62909 -0.15667 Y   23 
-0.54014 -1.15077 -0.11380 B   24 
-0.58312 -1.31528 -0.27501 S   24 
-0.20669 -1.13622 -0.10782 B   25 
 0.00101 -1.25817  0.09355 L   25 
-0.16620 -1.08473 -0.41845 B   26 
-0.29514 -0.80359 -0.42093 B   27 
-0.61193 -0.90787 -0.47259 N   27 
-0.09228 -0.65833 -0.24028 B   28 
-0.38083 -0.59610  0.09422 W   28 
 0.15821 -0.72106 -0.40768 B   29 
 0.27265 -0.94383 -0.33798 V   29 
 0.05549 -0.60056 -0.66925 B   30 
-0.10639 -0.69534 -0.87368 X   30 
 0.01940 -0.31348 -0.56662 B   31 
-0.16451 -0.31445 -0.44820 A   31 
 0.30792 -0.25797 -0.46967 B   32 
 0.33146 -0.36057 -0.28196 A   32 
 0.43763 -0.29821 -0.74459 B   33 
 0.61052 -0.49351 -0.96452 K   33 
 0.26068 -0.05781 -0.90059 B   34 
 0.16744 -0.35860 -1.16486 F   34 
 0.31173  0.17489 -0.68681 B   35 
-0.02711  0.20983 -0.59823 E   35 
 0.64884  0.11349 -0.59093 B   36 
 0.60032  0.08793 -0.37618 S   36 
 0.81956 -0.13920 -0.65797 B   37 
 0.94115 -0.15022 -0.91752 N   37 
 0.89214 -0.21703 -0.35026 B   38 
 0.74962 -0.56611 -0.51940 F   38 
 0.93851  0.09295 -0.24434 B   39 
 1.18755  0.23538 -0.33412 N   39 
 0.94084  0.26154  0.05864 B   40 
 1.03309  0.09191  0.21629 T   40 
 1.06245  0.55057 -0.07043 B   41 
 1.43440  0.53512  0.07377 Q   41 
 0.82657  0.61811 -0.23635 B   42 
 0.80559  0.47544 -0.39094 A   42 
 0.74586  0.92823 -0.41144 B   43 
 0.85237  1.04171 -0.22256 T   43 
 0.44068  1.11939 -0.51467 B   44 
 0.53243  0.86543 -0.71727 N   44 
 0.32176  1.37666 -0.67782 B   45 
 0.40751  1.81013 -0.42922 R   45 
 0.02198  1.55012 -0.68226 B   46 
-0.07466  1.24732 -0.55459 N   46 
-0.18851  1.76534 -0.83426 B   47 
-0.25841  1.70417 -1.07537 T   47 
-0.32095  1.84416 -0.53760 B   48 
-0.42697  1.62014 -0.44318 D   48 
-0.02997  1.84550 -0.35661 B   49 
 0.00181  1.58853 -0.27231 B   50 
-0.20468  1.46276 -0.22819 S   50 
 0.14335  1.26603 -0.13958 B   51 
 0.37857  1.39571 -0.18400 T   51 
 0.28948  0.96307 -0.20365 B   52 
 0.00608  0.87627 -0.37705 D   52 
 0.36775  0.68370  0.02547 B   53 
 0.47751  1.13226  0.15767 Y   53 
 0.54184  0.41695 -0.02412 B   54 
 0.45975  0.08272 -0.10154 B   55 
 0.58580 -0.12914  0.01314 I   55 
 0.13019  0.20589 -0.10787 B   56 
 0.04462 -0.08377  0.00206 L   56 
 0.08157  0.49922 -0.17120 B   57 
 0.32471  0.56435 -0.40805 Q   57 
 0.01413  0.69017  0.06585 B   58 
-0.06335  0.48519  0.28506 I   58 
-0.18491  0.96610  0.11651 B   59 
-0.32124  1.12937 -0.10160 N   59 
-0.16316  1.30797  0.24920 B   60 
 0.01567  1.40501  0.14367 S   60 
-0.47521  1.40160  0.25097 B   61 
-0.55505  1.68774 -0.05946 R   61 
-0.56948  1.14342  0.45672 B   62 
-0.91471  1.21288  0.16715 W   62 
-0.32891  0.95664  0.61603 B   63 
-0.62465  0.71101  0.40574 W   63 
-0.07936  1.16538  0.62394 B   64 
 0.10064  1.01636  0.50967 X   64 
 0.18720  1.37756  0.74399 B   65 
 0.13147  1.62654  0.89607 N   65 
 0.39979  1.63949  0.55752 B   66 
 0.30083  1.58992  0.31172 D   66 
 0.34758  1.96525  0.59615 B   67 
 0.22435  2.01770  0.25905 B   68 
 0.55924  1.84328 -0.02725 R   68 
-0.10863  1.95071  0.29721 B   69 
-0.06857  1.73391  0.16825 T   69 
-0.37388  2.10397  0.25658 B   70 
-0.27141  2.24544  0.13308 P   70 
-0.64187  1.96411  0.41127 B   71 
-0.54345  1.74318  0.58713 B   72 
-0.30835  1.72390  0.55841 S   72 
-0.59748  1.43368  0.80395 B   73 
-0.95297  1.46823  0.81423 R   73 
-0.43865  1.18917  0.93109 B   74 
-0.18349  1.21945  1.04032 N   74 
-0.58416  0.89494  0.98811 B   75 
-0.84660  0.97069  0.81446 L   75 
-0.30962  0.72831  1.07459 B   76 
-0.33625  0.55617  0.81738 X   76 
-0.14150  0.89631  1.25750 B   77 
-0.21366  0.99440  1.50166 N   77 
 0.11763  0.99294  1.05893 B   78 
 0.19135  0.70855  1.07812 I   78 
 0.40683  1.03455  0.93562 B   79 
 0.50408  1.07229  1.11672 P   79 
 0.48548  0.98830  0.61386 B   80 
 0.27250  1.17447  0.47331 X   80 
 0.77935  0.88371  0.67377 B   81 
 0.86768  1.06417  0.80452 S   81 
 0.69224  0.61271  0.80583 B   82 
 0.59542  0.66814  0.98435 A   82 
 0.61457  0.50220  0.50656 B   83 
 0.29639  0.57764  0.52078 L   83 
 0.95221  0.46692  0.44198 B   84 
 0.89437  0.74465  0.27532 L   84 
 1.02949  0.24503  0.59662 B   85 
 1.06196  0.23453  0.85350 S   85 
 1.15271 -0.07979  0.63055 B   86 
 1.38165 -0.06583  0.69947 S   86 
 0.91557 -0.08111  0.82451 B   87 
 0.88371 -0.17374  1.09994 D   87 
 0.58068 -0.17663  0.73106 B   88 
 0.60982 -0.35771  0.53601 I   88 
 0.38424 -0.13768  0.96768 B   89 
 0.49552 -0.24264  1.18464 T   89 
 0.26147  0.14005  0.90026 B   90 
 0.41067  0.28687  0.95879 A   90 
 0.14956  0.07323  0.61710 B   91 
 0.36172  0.14753  0.45966 S   91 
-0.02907 -0.16088  0.70110 B   92 
 0.10098 -0.38816  0.71339 V   92 
-0.20941 -0.02297  0.90756 B   93 
-0.04397 -0.11165  1.18676 N   93 
-0.30368  0.18651  0.70085 B   94 
-0.20425  0.44923  0.65309 X   94 
-0.41054 -0.00323  0.48169 B   95 
-0.23702 -0.08499  0.38395 A   95 
-0.63066 -0.13301  0.65524 B   96 
-0.39660 -0.45519  0.89672 K   96 
-0.79213  0.13329  0.66665 B   97 
-0.68335  0.33734  0.97464 K   97 
-0.82990  0.18443  0.36455 B   98 
-0.57477  0.33130  0.26698 I   98 
-0.97674 -0.08901  0.28309 B   99 
-0.85150 -0.28313  0.26202 V   99 
-1.21234 -0.01564  0.50923 B   100 
-1.08514 -0.16763  0.68113 S   100 
-1.34997  0.25386  0.37679 B   101 
-1.23843  0.50738  0.35062 D   101 
-1.53686  0.10434  0.10262 B   102 
-1.35443  0.05936 -0.18363 B   103 
-1.46880  0.35414 -0.25642 N   103 
-1.13304 -0.08951 -0.10710 B   104 
-0.87411 -0.14407 -0.34161 B   105 
-0.64890 -0.45246 -0.25231 M   105 
-0.96670  0.10552 -0.52198 B   106 
-1.22169 -0.06967 -0.63882 N   106 
-0.77641  0.30926 -0.37717 B   107 
-0.83809  0.29720 -0.17770 A   107 
-0.57892  0.16334 -0.57761 B   108 
-0.41574  0.07056 -0.14983 W   108 
-0.51484  0.24707 -0.89224 B   109 
-0.53663  0.49915 -0.93144 V   109 
-0.31479  0.01863 -0.96818 B   110 
-0.12123  0.08927 -0.90874 A   110 
-0.49482 -0.21257 -0.88526 B   111 
-0.71162 -0.42435 -0.64082 W   111 
-0.74156 -0.15094 -1.06263 B   112 
-0.96594  0.20627 -1.08196 R   112 
-0.56870 -0.11988 -1.34593 B   113 
-0.65406  0.19221 -1.37070 N   113 
-0.35750 -0.39853 -1.27941 B   114 
 0.03677 -0.11435 -1.40655 R   114 
-0.50928 -0.62133 -1.07345 B   115 
-0.26257 -0.51997 -0.89895 X   115 
-0.79158 -0.62681 -1.12396 B   116 
-1.14905 -0.41405 -0.96577 K   116 
-0.90228 -0.93618 -1.25922 B   117 
-0.64933 -1.08510 -1.20606 B   118 
-0.47985 -0.90670 -1.28877 T   118 
-0.38171 -1.31158 -1.14337 B   119 
-0.36449 -1.59589 -1.17597 D   119 
-0.26907 -1.25267 -0.82670 B   120 
-0.44439 -1.08598 -0.76393 V   120 
-0.13408 -1.52408 -0.74800 B   121 
-0.46490 -1.77612 -0.72404 Q   121 
 0.12823 -1.47568 -0.91493 B   122 
 0.06291 -1.46687 -1.11141 A   122 
 0.26095 -1.29129 -0.68014 B   123 
 0.21984 -0.94614 -0.93055 W   123 
 0.31428 -1.57773 -0.49364 B   124 
 0.11635 -1.51925 -0.32138 I   124 
 0.48090 -1.74237 -0.64975 B   125 
 0.09270 -1.85337 -0.97434 R   125 
 0.73351 -1.93555 -0.49330 B   126 
 0.63569 -1.87761 -0.21332 B   127 
 0.65405 -1.56326 -0.28561 X   127 
 0.70173 -1.92564  0.14210 B   128 
 0.67990 -2.30813  0.27514 R   128 
 0.37246 -1.98601  0.31523 B   129 
 0.35172 -1.75242  0.20347 L   129 
