246 
 0.25524 -0.24052  1.28993 B   1 
 0.63809 -0.40980  1.25817 K   1 
 0.50545  0.01393  1.32200 B   2 
 0.36336  0.21225  1.40945 V   2 
 0.69816  0.13841  1.09718 B   3 
 0.69121 -0.23596  0.87874 F   3 
 0.97592  0.23468  0.98061 B   4 
 1.10265  0.37728  0.72299 B   5 
 1.26421  0.76700  0.61522 R   5 
 1.36718  0.20554  0.67384 B   6 
 1.58229  0.43267  0.69649 X   6 
 1.21895 -0.05998  0.73816 B   7 
 1.09484 -0.18641  1.08603 E   7 
 1.01225 -0.05646  0.50796 B   8 
 0.71989  0.03606  0.51654 L   8 
 1.20259 -0.02373  0.27102 B   9 
 1.27617  0.18043  0.27908 A   9 
 1.34677 -0.28994  0.31379 B   10 
 1.47607 -0.26152  0.48786 A   10 
 1.09870 -0.47384  0.28588 B   11 
 1.00125 -0.47355  0.47943 A   11 
 1.00271 -0.37045  0.01010 B   12 
 0.73141 -0.04962  0.09984 M   12 
 1.25879 -0.45083 -0.13281 B   13 
 1.64133 -0.25257 -0.18344 K   13 
 1.27532 -0.74979 -0.07417 B   14 
 1.20204 -0.96797  0.31777 R   14 
 0.97703 -0.77492 -0.21266 B   15 
 0.82735 -0.87608  0.13224 H   15 
 1.02587 -0.59654 -0.49775 B   16 
 0.92432 -0.27571 -0.51928 B   17 
 0.66026 -0.30623 -0.33332 L   17 
 1.16285 -0.16951 -0.64727 B   18 
 1.40358  0.00303 -0.56588 D   18 
 1.06211 -0.06679 -0.95558 B   19 
 1.36563  0.03894 -0.93764 N   19 
 0.78376 -0.14612 -0.96527 B   20 
 0.56319 -0.52582 -0.91642 Y   20 
 0.64859 -0.06122 -1.25031 B   21 
 0.38064 -0.43138 -1.37970 R   21 
 0.85572  0.20658 -1.21445 B   22 
 0.85456  0.23612 -0.89175 B   23 
 0.42980  0.38257 -1.03115 Y   23 
 1.01818  0.37084 -0.67436 B   24 
 1.14837  0.56126 -0.71544 S   24 
 1.05940  0.32039 -0.34696 B   25 
 1.24150  0.11746 -0.19135 L   25 
 0.97083  0.61050 -0.25326 B   26 
 0.67502  0.58251 -0.33921 B   27 
 0.71750  0.69043 -0.65616 N   27 
 0.59259  0.35605 -0.14736 B   28 
 0.53305  0.05508 -0.47124 W   28 
 0.67056  0.49851  0.11404 B   29 
 0.91676  0.45289  0.18394 V   29 
 0.49832  0.74728  0.07000 B   30 
 0.53476  0.98342 -0.07102 X   30 
 0.22711  0.60377  0.05990 B   31 
 0.21511  0.51137 -0.13801 A   31 
 0.23417  0.46324  0.33545 B   32 
 0.36529  0.29374  0.31567 A   32 
 0.25488  0.72238  0.49806 B   33 
 0.44193  0.94805  0.67266 K   33 
-0.03123  0.85737  0.38249 B   34 
 0.20882  1.17760  0.28844 F   34 
-0.21904  0.60318  0.43321 B   35 
-0.29575  0.55360  0.09329 E   35 
-0.09011  0.47699  0.73989 B   36 
-0.04203  0.27735  0.65646 S   36 
 0.17471  0.56294  0.88122 B   37 
 0.16781  0.80323  1.03771 N   37 
 0.30706  0.26577  0.89487 B   38 
 0.59993  0.50722  0.73144 F   38 
 0.02747  0.10481  0.96819 B   39 
-0.08378  0.13745  1.24555 N   39 
-0.09285 -0.21980  0.94873 B   40 
 0.11059 -0.35745  0.99122 T   40 
-0.37368 -0.15699  1.12810 B   41 
-0.27690 -0.34248  1.46811 Q   41 
-0.50218  0.02388  0.93187 B   42 
-0.38874  0.20143  0.91442 A   42 
-0.84334  0.15379  0.92321 B   43 
-0.90934 -0.06325  1.01505 T   43 
-1.09475  0.26157  0.66725 B   44 
-0.86122  0.49030  0.75156 N   44 
-1.38886  0.39342  0.61192 B   45 
-1.76188  0.06742  0.71979 R   45 
-1.60782  0.40685  0.34386 B   46 
-1.30966  0.34452  0.18719 N   46 
-1.87427  0.54635  0.19130 B   47 
-1.86088  0.80115  0.15056 T   47 
-1.92992  0.25988  0.02822 B   48 
-1.71499  0.21817 -0.12147 D   48 
-1.85745  0.04586  0.28584 B   49 
-1.58929  0.00210  0.26783 B   50 
-1.49395  0.00597  0.04134 S   50 
-1.23222 -0.09201  0.34063 B   51 
-1.32672 -0.09987  0.59583 T   51 
-0.92194  0.00251  0.45034 B   52 
-0.90868  0.22235  0.18687 D   52 
-0.60336 -0.18503  0.45282 B   53 
-1.00402 -0.40274  0.60386 Y   53 
-0.32174 -0.11423  0.59283 B   54 
-0.02021  0.02741  0.47683 B   55 
 0.22375 -0.06548  0.55286 I   55 
-0.19523  0.05481  0.17279 B   56 
 0.08935  0.00626  0.03147 L   56 
-0.49860  0.07415  0.17631 B   57 
-0.55665  0.26420  0.45910 Q   57 
-0.66168 -0.18088  0.10168 B   58 
-0.44260 -0.35139 -0.03617 I   58 
-0.95618 -0.25110 -0.06159 B   59 
-1.16936 -0.04769 -0.13900 N   59 
-1.26704 -0.44043 -0.01186 B   60 
-1.34775 -0.37597  0.19274 S   60 
-1.40920 -0.41825 -0.30417 B   61 
-1.74640 -0.15212 -0.29500 R   61 
-1.14291 -0.56464 -0.46397 B   62 
-1.30905 -0.24933 -0.74828 W   62 
-0.89823 -0.71983 -0.27905 B   63 
-0.73732 -0.43595 -0.57153 W   63 
-1.05997 -0.79381 -0.00651 B   64 
-0.90163 -0.68005  0.16570 X   64 
-1.20606 -0.98018  0.26627 B   65 
-1.43614 -1.16323  0.22411 N   65 
-1.45387 -0.86824  0.53946 B   66 
-1.45724 -0.60710  0.47263 D   66 
-1.77472 -0.95355  0.52871 B   67 
-1.89483 -0.61701  0.46634 B   68 
-1.71126 -0.35039  0.81240 R   68 
-1.87840 -0.60108  0.12532 B   69 
-1.67894 -0.44401  0.15322 T   69 
-2.07723 -0.55327 -0.10637 B   70 
-2.21640 -0.46897  0.03253 P   70 
-1.96220 -0.64742 -0.41168 B   71 
-1.70506 -0.79513 -0.37316 B   72 
-1.65195 -0.79357 -0.14155 S   72 
-1.38050 -0.94891 -0.50253 B   73 
-1.47088 -0.91974 -0.84699 R   73 
-1.09752 -1.05270 -0.40092 B   74 
-1.06953 -1.19682 -0.16343 N   74 
-0.82595 -1.04116 -0.59355 B   75 
-0.96792 -0.85074 -0.81344 L   75 
-0.60592 -1.13276 -0.36159 B   76 
-0.47950 -0.84925 -0.37329 X   76 
-0.71591 -1.36083 -0.20084 B   77 
-0.78811 -1.60678 -0.29431 N   77 
-0.79655 -1.21546  0.09629 B   78 
-0.50417 -1.19629  0.12523 I   78 
-0.80768 -1.13836  0.40370 B   79 
-0.80240 -1.33404  0.47692 P   79 
-0.79623 -0.82596  0.52256 B   80 
-1.03308 -0.69251  0.36172 X   80 
-0.63743 -0.90433  0.78624 B   81 
-0.78017 -1.07336  0.87853 S   81 
-0.36812 -0.97743  0.64273 B   82 
-0.41222 -1.14898  0.52897 A   82 
-0.31626 -0.65657  0.59615 B   83 
-0.43988 -0.64278  0.29339 L   83 
-0.23595 -0.63025  0.93122 B   84 
-0.54055 -0.50611  0.93908 L   84 
 0.01559 -0.75438  0.95211 B   85 
 0.06832 -1.00796  0.94370 S   85 
 0.35764 -0.74917  1.02153 B   86 
 0.39144 -0.84785  1.23712 S   86 
 0.34820 -0.90864  0.76012 B   87 
 0.47323 -1.15858  0.67435 D   87 
 0.37311 -0.75903  0.43301 B   88 
 0.52637 -0.54187  0.46524 I   88 
 0.33720 -0.97206  0.21069 B   89 
 0.48922 -1.18087  0.27203 T   89 
 0.03634 -0.93675  0.14008 B   90 
-0.07406 -1.03726  0.29805 A   90 
 0.04228 -0.63457  0.06376 B   91 
-0.01830 -0.51978  0.30558 S   91 
 0.25367 -0.65523 -0.15682 B   92 
 0.49852 -0.64593 -0.06364 V   92 
 0.11946 -0.85725 -0.34482 B   93 
 0.27345 -1.13648 -0.23757 N   93 
-0.13029 -0.67798 -0.37624 B   94 
-0.37732 -0.68751 -0.23454 X   94 
 0.00569 -0.41861 -0.47467 B   95 
 0.09971 -0.33138 -0.30176 A   95 
 0.12143 -0.53893 -0.73456 B   96 
 0.50906 -0.75115 -0.58757 K   96 
-0.16321 -0.57392 -0.85653 B   97 
-0.29998 -0.92279 -0.76757 K   97 
-0.26299 -0.28220 -0.84074 B   98 
-0.37870 -0.24346 -0.55562 I   98 
-0.03196 -0.13853 -1.01088 B   99 
 0.17492 -0.10151 -0.91267 V   99 
-0.10938 -0.34208 -1.26505 B   100 
 0.08462 -0.50101 -1.18802 S   100 
-0.41405 -0.23993 -1.34157 B   101 
-0.64699 -0.27058 -1.19259 D   101 
-0.33837  0.07667 -1.50432 B   102 
-0.30605  0.34102 -1.28910 B   103 
-0.62294  0.37768 -1.34827 N   103 
-0.11349  0.26291 -1.10510 B   104 
-0.05181  0.46857 -0.82418 B   105 
 0.29889  0.40400 -0.66098 M   105 
-0.33662  0.61519 -0.85225 B   106 
-0.22427  0.79082 -1.10895 N   106 
-0.48337  0.41565 -0.65902 B   107 
-0.45282  0.23039 -0.75111 A   107 
-0.33766  0.61095 -0.45628 B   108 
-0.15854  0.18738 -0.37419 W   108 
-0.45440  0.89662 -0.33434 B   109 
-0.70963  0.89583 -0.31405 V   109 
-0.20974  0.98355 -0.15954 B   110 
-0.23841  0.88920  0.03089 A   110 
-0.00157  0.96364 -0.38092 B   111 
 0.20500  0.78721 -0.65985 W   111 
-0.12773  1.15807 -0.58689 B   112 
-0.51583  1.14599 -0.75290 R   112 
-0.17076  1.40810 -0.37070 B   113 
-0.49286  1.39126 -0.40626 N   113 
 0.14534  1.36264 -0.21355 B   114 
-0.08588  1.38989  0.23160 R   114 
 0.36773  1.21744 -0.42464 B   115 
 0.33442  0.99874 -0.19518 X   115 
 0.31960  1.30346 -0.69401 B   116 
 0.07639  1.15860 -1.03744 K   116 
 0.58382  1.50114 -0.82577 B   117 
 0.77822  1.44191 -0.60739 B   118 
 0.61988  1.47171 -0.40385 T   118 
 1.05207  1.38439 -0.38709 B   119 
 1.32763  1.46134 -0.40560 D   119 
 1.05883  1.05067 -0.31622 B   120 
 0.87656  0.98376 -0.47359 V   120 
 1.35715  1.00174 -0.23445 B   121 
 1.55246  1.06202 -0.59744 Q   121 
 1.32868  1.12377  0.05419 B   122 
 1.28098  1.32271  0.02111 A   122 
 1.20441  0.84673  0.17480 B   123 
 0.82464  1.03946  0.22119 W   123 
 1.51965  0.70519  0.15831 B   124 
 1.45512  0.55204 -0.05300 I   124 
 1.68498  0.86415  0.32152 B   125 
 1.68285  1.24912 -0.02514 R   125 
 1.93746  0.71130  0.51774 B   126 
 1.90542  0.44023  0.38807 B   127 
 1.59120  0.45638  0.46146 X   127 
 2.01451  0.09228  0.39236 B   128 
 2.40344  0.02849  0.29677 R   128 
 2.04461 -0.02536  0.03557 B   129 
 1.79709  0.04775  0.06521 L   129 
