246 
-1.01690 -0.25073  0.83064 B   1 
-0.91743 -0.64003  0.95225 K   1 
-0.81907 -0.23973  1.12917 B   2 
-0.85040  0.00755  1.20016 V   2 
-0.50620 -0.30151  1.16758 B   3 
-0.51712 -0.58143  0.83675 F   3 
-0.25666 -0.43424  1.30945 B   4 
 0.06363 -0.43978  1.29748 B   5 
 0.39900 -0.28109  1.52539 R   5 
 0.12746 -0.75005  1.33666 B   6 
 0.30537 -0.73497  1.59452 X   6 
-0.10941 -0.83239  1.15303 B   7 
-0.49132 -0.81019  1.23088 E   7 
-0.01213 -0.70402  0.88885 B   8 
-0.09339 -0.43425  0.76750 L   8 
 0.26549 -0.83078  0.87152 B   9 
 0.38638 -0.73505  1.02443 A   9 
 0.16378 -1.11816  0.84806 B   10 
 0.09407 -1.17423  1.04762 A   10 
-0.00281 -1.07982  0.58937 B   11 
-0.19315 -0.99720  0.65183 A   11 
 0.22256 -0.96027  0.41366 B   12 
 0.19538 -0.53544  0.47172 M   12 
 0.39963 -1.20643  0.43616 B   13 
 0.68888 -1.33382  0.73334 K   13 
 0.21811 -1.42748  0.32994 B   14 
-0.22125 -1.50289  0.41860 R   14 
 0.19305 -1.24907  0.05366 B   15 
-0.18487 -1.19127  0.12735 H   15 
 0.52020 -1.17703 -0.00345 B   16 
 0.64870 -0.87850  0.08643 B   17 
 0.38195 -0.70290  0.02936 L   17 
 0.89594 -0.97777  0.20293 B   18 
 1.01243 -1.01506  0.48468 D   18 
 1.14442 -0.85788  0.00383 B   19 
 1.30403 -0.99142  0.24943 N   19 
 1.00118 -0.72226 -0.20819 B   20 
 0.69258 -0.83733 -0.50270 Y   20 
 1.20905 -0.58947 -0.42240 B   21 
 1.02475 -0.67845 -0.85097 R   21 
 1.39281 -0.53872 -0.14033 B   22 
 1.15478 -0.49210  0.07457 B   23 
 1.16088 -0.10315 -0.18996 Y   23 
 1.11589 -0.49257  0.37568 B   24 
 1.29153 -0.44971  0.52472 S   24 
 0.85328 -0.53226  0.57790 B   25 
 0.70913 -0.79203  0.67938 L   25 
 0.88254 -0.25593  0.73143 B   26 
 0.81615 -0.07727  0.48781 B   27 
 1.13198 -0.05371  0.37118 N   27 
 0.52516 -0.16755  0.44248 B   28 
 0.61008 -0.36648  0.05230 W   28 
 0.42087 -0.09968  0.72395 B   29 
 0.44455 -0.29784  0.89054 V   29 
 0.50387  0.19459  0.72104 B   30 
 0.74118  0.32759  0.77554 X   30 
 0.33325  0.27926  0.48027 B   31 
 0.43867  0.20632  0.30302 A   31 
 0.05427  0.19482  0.58400 B   32 
 0.04213 -0.01904  0.56324 A   32 
 0.05940  0.37841  0.82954 B   33 
 0.10673  0.42353  1.16439 K   33 
 0.09772  0.66477  0.65642 B   34 
 0.42113  0.72028  0.90410 F   34 
-0.13921  0.61697  0.44659 B   35 
 0.07108  0.60873  0.16446 E   35 
-0.38617  0.46059  0.64946 B   36 
-0.39676  0.27792  0.52437 S   36 
-0.34792  0.34917  0.93862 B   37 
-0.35821  0.53796  1.15432 N   37 
-0.44649  0.04561  0.87423 B   38 
-0.08509  0.00276  1.07002 F   38 
-0.69387  0.12998  0.67140 B   39 
-0.93975  0.25175  0.79423 N   39 
-0.88225 -0.02043  0.42218 B   40 
-0.89842 -0.25691  0.49936 T   40 
-1.10617  0.23313  0.39865 B   41 
-1.42043  0.05915  0.57286 Q   41 
-0.91911  0.43680  0.29256 B   42 
-0.77483  0.48387  0.43974 A   42 
-0.98892  0.76589  0.15053 B   43 
-1.19077  0.66331  0.05764 T   43 
-0.84000  0.99795 -0.10305 B   44 
-0.70192  1.00611  0.20489 N   44 
-0.85339  1.29221 -0.24510 B   45 
-1.24430  1.32590 -0.56620 R   45 
-0.72684  1.43328 -0.53503 B   46 
-0.51335  1.16979 -0.48685 N   46 
-0.64953  1.70640 -0.71714 B   47 
-0.49088  1.87643 -0.60453 T   47 
-0.68149  1.52745 -0.99770 B   48 
-0.49741  1.33700 -0.98416 D   48 
-0.95498  1.34361 -0.90369 B   49 
-0.85295  1.12482 -0.77771 B   50 
-0.63579  1.04412 -0.85977 S   50 
-0.80964  0.81523 -0.56812 B   51 
-1.05074  0.89468 -0.46976 T   51 
-0.72419  0.67597 -0.26720 B   52 
-0.40857  0.80404 -0.31089 D   52 
-0.68620  0.32082 -0.17185 B   53 
-1.07037  0.45451 -0.42734 Y   53 
-0.64732  0.18679  0.11875 B   54 
-0.36696  0.07010  0.29825 B   55 
-0.37150 -0.15989  0.44321 I   55 
-0.18786  0.18793  0.01921 B   56 
 0.01471 -0.05511  0.07589 L   56 
-0.30453  0.41255 -0.14916 B   57 
-0.45801  0.61053  0.08898 Q   57 
-0.43408  0.33742 -0.42260 B   58 
-0.31894  0.05278 -0.46495 I   58 
-0.45977  0.47902 -0.73503 B   59 
-0.38899  0.76668 -0.80615 N   59 
-0.71497  0.56299 -0.98558 B   60 
-0.87655  0.68078 -0.87357 S   60 
-0.53417  0.65518 -1.24045 B   61 
-0.55134  1.08041 -1.29954 R   61 
-0.37125  0.35336 -1.25604 B   62 
-0.06670  0.67268 -1.37068 W   62 
-0.49009  0.08660 -1.07478 B   63 
-0.06141  0.15583 -1.01602 W   63 
-0.80353  0.16669 -1.03935 B   64 
-0.81933  0.15143 -0.78016 X   64 
-1.16437  0.15548 -1.05182 B   65 
-1.31214  0.18085 -1.30822 N   65 
-1.42463  0.42847 -0.97234 B   66 
-1.24942  0.61267 -0.88267 D   66 
-1.58714  0.58921 -1.21335 B   67 
-1.42685  0.90875 -1.15188 B   68 
-1.49511  0.99871 -0.69168 R   68 
-1.14667  0.88268 -1.34588 B   69 
-1.01260  0.85887 -1.12980 T   69 
-1.02392  1.03718 -1.58372 B   70 
-1.14854  1.20473 -1.53717 P   70 
-0.78403  0.86662 -1.75304 B   71 
-0.78010  0.58537 -1.65152 B   72 
-0.93840  0.56733 -1.47522 S   72 
-0.62078  0.24016 -1.61732 B   73 
-0.37496  0.29743 -1.87023 R   73 
-0.63462 -0.02275 -1.43882 B   74 
-0.87714 -0.12722 -1.34812 N   74 
-0.36867 -0.21767 -1.39112 B   75 
-0.16407  0.00038 -1.51506 L   75 
-0.50391 -0.41821 -1.16285 B   76 
-0.30834 -0.30384 -0.95032 X   76 
-0.78260 -0.49289 -1.24471 B   77 
-0.85625 -0.62602 -1.47119 N   77 
-0.97774 -0.31014 -1.03389 B   78 
-0.87250 -0.49709 -0.83224 I   78 
-1.18523 -0.22372 -0.81016 B   79 
-1.33345 -0.36189 -0.86134 P   79 
-1.12436  0.00110 -0.57016 B   80 
-1.03147  0.24870 -0.74289 X   80 
-1.30287 -0.14506 -0.35184 B   81 
-1.51334 -0.15998 -0.46561 S   81 
-1.11649 -0.39525 -0.31813 B   82 
-1.12745 -0.49617 -0.50255 A   82 
-0.90618 -0.20506 -0.15257 B   83 
-0.71370 -0.13255 -0.40718 L   83 
-1.12232 -0.21634  0.11682 B   84 
-1.19291  0.08451  0.00387 L   84 
-1.09568 -0.47817  0.21609 B   85 
-1.18859 -0.69696  0.11287 S   85 
-1.00849 -0.70649  0.46531 B   86 
-1.20992 -0.78412  0.56904 S   86 
-0.88449 -0.83410  0.21592 B   87 
-0.88598 -1.10636  0.10949 D   87 
-0.54799 -0.76926  0.10379 B   88 
-0.40741 -0.71767  0.32574 I   88 
-0.49075 -0.91387 -0.16437 B   89 
-0.57640 -1.16417 -0.14236 T   89 
-0.54098 -0.68520 -0.36917 B   90 
-0.75687 -0.66848 -0.38794 A   90 
-0.33503 -0.47881 -0.25892 B   91 
-0.49346 -0.33610 -0.08614 S   91 
-0.08706 -0.65715 -0.28080 B   92 
-0.05590 -0.81327 -0.07253 V   92 
-0.09123 -0.72303 -0.58048 B   93 
-0.24545 -1.02161 -0.56469 N   93 
-0.08265 -0.42376 -0.65711 B   94 
-0.29796 -0.24834 -0.72083 X   94 
 0.17292 -0.33994 -0.50509 B   95 
 0.11783 -0.32952 -0.29724 A   95 
 0.36520 -0.52627 -0.65911 B   96 
 0.30677 -0.93596 -0.44549 K   96 
 0.32810 -0.36313 -0.92204 B   97 
 0.03693 -0.51120 -1.12606 K   97 
 0.41433 -0.08381 -0.82277 B   98 
 0.16350  0.04601 -0.69465 I   98 
 0.70926 -0.15427 -0.71780 B   99 
 0.73430 -0.26382 -0.51485 V   99 
 0.77901 -0.26571 -1.02560 B   100 
 0.72194 -0.50824 -0.94343 S   100 
 0.76371  0.01299 -1.20225 B   101 
 0.53837  0.16408 -1.26385 D   101 
 1.07223  0.17472 -1.09687 B   102 
 1.04353  0.35801 -0.80908 B   103 
 0.97851  0.59964 -1.01562 N   103 
 0.94099  0.18252 -0.62007 B   104 
 0.84499  0.30845 -0.30393 B   105 
 0.82931  0.03133 -0.02688 M   105 
 0.82115  0.60892 -0.41596 B   106 
 1.15065  0.63708 -0.41907 N   106 
 0.51580  0.58265 -0.48495 B   107 
 0.51171  0.42177 -0.61851 A   107 
 0.50995  0.63686 -0.17270 B   108 
 0.31675  0.21557 -0.23122 W   108 
 0.50363  0.93173 -0.02064 B   109 
 0.38383  1.10982 -0.16024 V   109 
 0.50807  0.83756  0.27782 B   110 
 0.30297  0.80445  0.33097 A   110 
 0.75571  0.66193  0.25391 B   111 
 0.97296  0.37094  0.11345 W   111 
 0.95778  0.87294  0.15007 B   112 
 0.92395  1.12091 -0.19005 R   112 
 0.89091  1.09833  0.38635 B   113 
 0.77988  1.30707  0.16410 N   113 
 0.87501  0.85844  0.64880 B   114 
 0.44702  1.07243  0.80179 R   114 
 1.06067  0.58403  0.57584 B   115 
 0.76398  0.46810  0.58705 X   115 
 1.29218  0.65843  0.42371 B   116 
 1.39222  0.69723 -0.00822 K   116 
 1.59640  0.60654  0.59982 B   117 
 1.47679  0.44593  0.82092 B   118 
 1.26800  0.59270  0.86843 T   118 
 1.38874  0.23155  1.09134 B   119 
 1.55171  0.09402  1.28297 D   119 
 1.17715 -0.00666  0.96916 B   120 
 1.19399  0.05989  0.72884 V   120 
 1.21116 -0.24246  1.17244 B   121 
 1.60222 -0.36257  1.09380 Q   121 
 1.03269 -0.11327  1.39710 B   122 
 1.13395  0.05975  1.44966 A   122 
 0.75615 -0.21617  1.25683 B   123 
 0.65770  0.18890  1.15810 W   123 
 0.82950 -0.53752  1.36187 B   124 
 0.89509 -0.61855  1.11407 I   124 
 0.84512 -0.52596  1.64269 B   125 
 1.29806 -0.27535  1.62239 R   125 
 0.72173 -0.79561  1.83681 B   126 
 0.68064 -0.97736  1.59891 B   127 
 0.50356 -0.74214  1.46587 X   127 
 0.55573 -1.30186  1.48898 B   128 
 0.75773 -1.62473  1.62835 R   128 
 0.79009 -1.43424  1.22517 B   129 
 0.70136 -1.20788  1.13367 L   129 
