246 
-0.83265  1.04556  0.02042 B   1 
-1.18971  0.85666 -0.09386 K   1 
-1.01341  0.93806  0.31050 B   2 
-0.88566  1.06372  0.49774 V   2 
-1.05927  0.64040  0.42217 B   3 
-1.03593  0.48178  0.01941 F   3 
-1.23249  0.40205  0.53705 B   4 
-1.20252  0.10399  0.65118 B   5 
-1.21693 -0.09818  1.03656 R   5 
-1.44876 -0.04599  0.51425 B   6 
-1.60030 -0.14347  0.77098 X   6 
-1.40153  0.10114  0.24456 B   7 
-1.46956  0.47654  0.16179 E   7 
-1.11972 -0.00843  0.17890 B   8 
-0.84786  0.12505  0.22770 L   8 
-1.17723 -0.30799  0.19875 B   9 
-1.20304 -0.35174  0.40989 A   9 
-1.37729 -0.31360 -0.03240 B   10 
-1.56027 -0.22102  0.04359 A   10 
-1.18562 -0.20934 -0.25271 B   11 
-1.18396  0.00654 -0.23408 A   11 
-0.96053 -0.41833 -0.21249 B   12 
-0.69509 -0.24189  0.07562 M   12 
-1.13984 -0.65516 -0.27741 B   13 
-1.41245 -0.89165 -0.03666 K   13 
-1.24158 -0.58558 -0.55651 B   14 
-1.39228 -0.18667 -0.71384 R   14 
-0.92511 -0.56966 -0.64805 B   15 
-0.96421 -0.18734 -0.71045 H   15 
-0.80751 -0.85944 -0.51509 B   16 
-0.64276 -0.85914 -0.22087 B   17 
-0.49803 -0.57117 -0.25795 L   17 
-0.77456 -1.09049 -0.10399 B   18 
-0.98531 -1.14308  0.11318 D   18 
-0.53133 -1.32604 -0.07060 B   19 
-0.78348 -1.45787  0.07996 N   19 
-0.29938 -1.20063 -0.19033 B   20 
-0.20559 -1.02448 -0.58452 Y   20 
-0.03973 -1.39834 -0.17544 B   21 
 0.17484 -1.35912 -0.59732 R   21 
-0.18157 -1.48391  0.12199 B   22 
-0.31430 -1.20018  0.20502 B   23 
 0.14898 -1.14171  0.26204 Y   23 
-0.52417 -1.09391  0.39695 B   24 
-0.58119 -1.20588  0.59472 S   24 
-0.71265 -0.81865  0.40902 B   25 
-0.98179 -0.74704  0.26412 L   25 
-0.61557 -0.71968  0.69462 B   26 
-0.32464 -0.65814  0.60951 B   27 
-0.20223 -0.96727  0.66749 N   27 
-0.38231 -0.43149  0.40903 B   28 
-0.25196 -0.66560  0.05233 W   28 
-0.53453 -0.24775  0.60338 B   29 
-0.79021 -0.29460  0.60677 V   29 
-0.31291 -0.22897  0.81321 B   30 
-0.23493 -0.39041  1.02495 X   30 
-0.10032 -0.10177  0.63189 B   31 
-0.02313 -0.26370  0.50670 A   31 
-0.25498  0.15080  0.54240 B   32 
-0.39648  0.08764  0.39306 A   32 
-0.29003  0.26342  0.82544 B   33 
-0.48311  0.31342  1.10225 K   33 
 0.03894  0.28055  0.89561 B   34 
-0.06465  0.06050  1.22707 F   34 
 0.12913  0.43279  0.62889 B   35 
 0.33347  0.17112  0.51202 E   35 
-0.14297  0.65598  0.57647 B   36 
-0.19027  0.57698  0.37485 S   36 
-0.41874  0.65275  0.72288 B   37 
-0.43081  0.77417  0.98247 N   37 
-0.60219  0.62939  0.45490 B   38 
-0.73833  0.33040  0.70561 F   38 
-0.42201  0.83574  0.26941 B   39 
-0.43788  1.12941  0.33168 N   39 
-0.37516  0.90092 -0.06791 B   40 
-0.60049  0.85712 -0.16511 T   40 
-0.19357  1.18284 -0.01759 B   41 
-0.46417  1.45525 -0.12689 Q   41 
 0.04158  1.05262  0.10681 B   42 
-0.01364  0.97031  0.29354 A   42 
 0.37146  1.19000  0.18199 B   43 
 0.34467  1.31980 -0.02375 T   43 
 0.72520  1.06927  0.20707 B   44 
 0.53112  1.01781  0.47844 N   44 
 1.03443  1.14365  0.28316 B   45 
 1.24746  1.43724 -0.07106 R   45 
 1.34544  1.00533  0.21898 B   46 
 1.13892  0.73554  0.17550 N   46 
 1.67412  0.98034  0.29021 B   47 
 1.73273  0.91665  0.53366 T   47 
 1.73438  0.88559 -0.02467 B   48 
 1.60209  0.65830 -0.05907 D   48 
 1.51490  1.09858 -0.17924 B   49 
 1.27844  0.96371 -0.18564 B   50 
 1.29376  0.71926 -0.20608 S   50 
 0.91422  0.87281 -0.21279 B   51 
 0.88488  1.14262 -0.19127 T   51 
 0.61405  0.82007 -0.05670 B   52 
 0.76206  0.56220  0.11512 D   52 
 0.29474  0.69241 -0.19241 B   53 
 0.53571  1.02771 -0.43786 Y   53 
 0.00168  0.68161 -0.05853 B   54 
-0.18325  0.42907  0.10414 B   55 
-0.44940  0.39266  0.06216 I   55 
 0.10770  0.23763  0.05395 B   56 
-0.09072 -0.01352  0.02450 L   56 
 0.37627  0.37784  0.02895 B   57 
 0.34395  0.63870  0.25337 Q   57 
 0.49893  0.40786 -0.25610 B   58 
 0.33124  0.20003 -0.41346 I   58 
 0.81350  0.40391 -0.39523 B   59 
 1.07610  0.41571 -0.24123 N   59 
 1.02547  0.60607 -0.61693 B   60 
 1.02093  0.81868 -0.53143 S   60 
 1.28144  0.41042 -0.66542 B   61 
 1.62827  0.55028 -0.45387 R   61 
 1.08683  0.15953 -0.79603 B   62 
 1.42098 -0.04280 -0.56097 W   62 
 0.75998  0.22445 -0.88028 B   63 
 0.80429 -0.13201 -0.62931 W   63 
 0.76843  0.54594 -0.93014 B   64 
 0.57844  0.61639 -0.76703 X   64 
 0.73983  0.86996 -1.08723 B   65 
 0.92206  0.95330 -1.30647 N   65 
 0.86195  1.21570 -0.96836 B   66 
 0.94787  1.13603 -0.72558 D   66 
 1.13041  1.36009 -1.10033 B   67 
 1.33239  1.33141 -0.80041 B   68 
 1.07653  1.53133 -0.45529 R   68 
 1.46906  1.02064 -0.83997 B   69 
 1.31449  0.94088 -0.65293 T   69 
 1.75376  0.90241 -0.86156 B   70 
 1.83307  1.08191 -0.77635 P   70 
 1.76571  0.58746 -0.98794 B   71 
 1.49292  0.51644 -1.08775 B   72 
 1.34628  0.69707 -1.03941 S   72 
 1.23249  0.26647 -1.21191 B   73 
 1.46708  0.00039 -1.25479 R   73 
 0.91877  0.23578 -1.25449 B   74 
 0.76149  0.44539 -1.35083 N   74 
 0.76642 -0.05992 -1.23593 B   75 
 1.02562 -0.20574 -1.10819 L   75 
 0.45394  0.05256 -1.25388 B   76 
 0.40675 -0.03954 -0.96098 X   76 
 0.43360  0.26441 -1.46519 B   77 
 0.48658  0.23543 -1.73127 N   77 
 0.40562  0.55207 -1.28522 B   78 
 0.14059  0.44237 -1.21882 I   78 
 0.29811  0.82281 -1.15987 B   79 
 0.22128  0.90173 -1.33749 P   79 
 0.30116  0.89643 -0.83365 B   80 
 0.60622  0.85109 -0.76539 X   80 
 0.03139  1.06387 -0.84232 B   81 
 0.08164  1.22511 -1.01244 S   81 
-0.15777  0.81983 -0.89831 B   82 
-0.10526  0.75376 -1.09117 A   82 
-0.11671  0.72780 -0.58581 B   83 
 0.12578  0.51514 -0.64152 L   83 
-0.32693  0.98549 -0.49191 B   84 
-0.03748  1.12126 -0.41420 L   84 
-0.58230  0.89944 -0.57253 B   85 
-0.67734  0.88928 -0.81340 S   85 
-0.91134  0.80404 -0.50563 B   86 
-1.05482  0.98778 -0.56052 S   86 
-0.82275  0.59039 -0.70653 B   87 
-0.94693  0.47837 -0.94629 D   87 
-0.67190  0.27678 -0.61219 B   88 
-0.77540  0.21690 -0.37263 I   88 
-0.58811  0.11436 -0.86259 B   89 
-0.79121  0.11676 -1.03351 T   89 
-0.28630  0.18645 -0.88415 B   90 
-0.27870  0.38526 -0.97166 A   90 
-0.19594  0.09067 -0.60160 B   91 
-0.22386  0.32276 -0.45782 S   91 
-0.29005 -0.19954 -0.62796 B   92 
-0.54328 -0.22980 -0.56730 V   92 
-0.13263 -0.28756 -0.87623 B   93 
-0.37193 -0.23947 -1.10776 N   93 
 0.13714 -0.21630 -0.74337 B   94 
 0.29044  0.02292 -0.76497 X   94 
 0.11416 -0.38750 -0.48723 B   95 
-0.02521 -0.28479 -0.35928 A   95 
 0.10038 -0.66036 -0.63136 B   96 
-0.34723 -0.68958 -0.75665 K   96 
 0.39567 -0.63522 -0.72773 B   97 
 0.40495 -0.46448 -1.07283 K   97 
 0.53668 -0.60023 -0.45534 B   98 
 0.52263 -0.29817 -0.38646 I   98 
 0.43747 -0.86863 -0.31013 B   99 
 0.22110 -0.87942 -0.22718 V   99 
 0.57344 -1.04107 -0.56273 B   100 
 0.33702 -1.04818 -0.67624 S   100 
 0.89498 -0.97811 -0.52070 B   101 
 1.02840 -0.73711 -0.55959 D   101 
 0.96460 -1.18352 -0.22845 B   102 
 0.89764 -1.03007  0.07024 B   103 
 1.20883 -0.94064  0.04957 N   103 
 0.63284 -0.94864  0.05333 B   104 
 0.49952 -0.74550  0.31020 B   105 
 0.10782 -0.75594  0.32615 M   105 
 0.79183 -0.65248  0.40666 B   106 
 0.84085 -0.94594  0.55103 N   106 
 0.79555 -0.39747  0.22324 B   107 
 0.77036 -0.47733  0.03160 A   107 
 0.62027 -0.30110  0.46913 B   108 
 0.33998 -0.27459  0.09634 W   108 
 0.72889 -0.16386  0.75103 B   109 
 0.94382 -0.02911  0.71629 V   109 
 0.45651 -0.12832  0.90108 B   110 
 0.37962  0.06134  0.83702 A   110 
 0.36574 -0.41783  0.87485 B   111 
 0.26894 -0.74434  0.68612 W   111 
 0.60587 -0.55889  1.01116 B   112 
 1.01574 -0.52737  0.91454 R   112 
 0.60162 -0.36892  1.28502 B   113 
 0.89609 -0.25169  1.21542 N   113 
 0.24685 -0.37051  1.31351 B   114 
 0.26238  0.12703  1.38124 R   114 
 0.11323 -0.64683  1.16897 B   115 
-0.00222 -0.41000  0.98960 X   115 
 0.28997 -0.87055  1.20035 B   116 
 0.62219 -1.05115  0.96563 K   116 
 0.15619 -1.12471  1.40954 B   117 
-0.12122 -1.01528  1.41710 B   118 
-0.06438 -0.76519  1.45727 T   118 
-0.46880 -0.94061  1.43830 B   119 
-0.68658 -1.08951  1.55055 D   119 
-0.57446 -0.85280  1.12594 B   120 
-0.36021 -0.90313  1.00749 V   120 
-0.88169 -0.91270  1.13574 B   121 
-0.88323 -1.32846  1.16192 Q   121 
-0.95657 -0.65445  1.29917 B   122 
-0.85925 -0.67870  1.48053 A   122 
-0.95713 -0.46746  1.03126 B   123 
-0.60425 -0.26900  1.17131 W   123 
-1.25576 -0.61427  0.93670 B   124 
-1.13926 -0.75892  0.74235 I   124 
-1.43865 -0.55881  1.14338 B   125 
-1.20693 -0.89721  1.45987 R   125 
-1.77676 -0.48765  1.06446 B   126 
-1.74851 -0.56492  0.77369 B   127 
-1.50135 -0.35762  0.75576 X   127 
-1.91802 -0.58165  0.45123 B   128 
-2.23094 -0.83875  0.42992 R   128 
-1.81413 -0.90135  0.28083 B   129 
-1.59474 -0.76809  0.32082 L   129 
