246 
-0.64715 -1.14101  0.25728 B   1 
-0.34673 -1.35059  0.46237 K   1 
-0.67585 -1.08384  0.60981 B   2 
-0.90992 -0.97336  0.62309 V   2 
-0.48728 -0.90991  0.80312 B   3 
-0.14556 -0.99140  0.54915 F   3 
-0.31714 -0.85753  1.06450 B   4 
-0.14798 -0.62762  1.21041 B   5 
-0.19326 -0.35774  1.54910 R   5 
 0.10678 -0.78801  1.31648 B   6 
 0.08122 -0.73010  1.62367 X   6 
 0.12493 -0.95308  1.05373 B   7 
-0.11412 -1.23696  0.93262 E   7 
 0.18033 -0.72194  0.85565 B   8 
-0.01922 -0.57418  0.67550 L   8 
 0.42347 -0.59684  0.99231 B   9 
 0.34930 -0.49715  1.17042 A   9 
 0.60288 -0.84241  0.96083 B   10 
 0.53148 -0.98871  1.10686 A   10 
 0.59337 -0.85853  0.65133 B   11 
 0.40978 -0.96249  0.60190 A   11 
 0.68427 -0.56819  0.59305 B   12 
 0.32097 -0.33965  0.57359 M   12 
 0.95302 -0.60214  0.73117 B   13 
 1.07693 -0.56558  1.14531 K   13 
 1.07457 -0.83804  0.58062 B   14 
 0.87750 -1.22752  0.45391 R   14 
 1.03517 -0.65961  0.30603 B   15 
 0.77241 -0.91708  0.17852 H   15 
 1.16614 -0.36239  0.40596 B   16 
 0.96505 -0.11101  0.50635 B   17 
 0.71950 -0.17492  0.30420 L   17 
 1.11846 -0.03156  0.74025 B   18 
 1.09291 -0.05780  1.04522 D   18 
 1.22999  0.28275  0.67295 B   19 
 1.31441  0.23830  0.98039 N   19 
 1.13876  0.32993  0.40217 B   20 
 1.19046  0.12697  0.01315 Y   20 
 1.22610  0.62782  0.30038 B   21 
 1.37340  0.57146 -0.14759 R   21 
 1.16638  0.70482  0.62659 B   22 
 0.92578  0.49736  0.69051 B   23 
 0.73544  0.82627  0.41323 Y   23 
 0.78653  0.37679  0.93186 B   24 
 0.78191  0.48385  1.14022 S   24 
 0.60505  0.10158  0.98435 B   25 
 0.69215 -0.19548  1.03655 L   25 
 0.34601  0.24838  1.09451 B   26 
 0.27272  0.38730  0.82805 B   27 
 0.45904  0.66433  0.87749 N   27 
 0.21473  0.13602  0.65958 B   28 
 0.56581  0.19216  0.39010 W   28 
-0.00191  0.01735  0.84313 B   29 
 0.09576 -0.14078  1.02489 V   29 
-0.18544  0.26190  0.84182 B   30 
-0.19078  0.49860  0.98647 X   30 
-0.23972  0.26640  0.53969 B   31 
-0.06022  0.35073  0.44742 A   31 
-0.35568 -0.01834  0.50508 B   32 
-0.18909 -0.15451  0.50965 A   32 
-0.59223  0.02488  0.69534 B   33 
-0.73689 -0.01567  1.00167 K   33 
-0.72408  0.28467  0.52633 B   34 
-0.70392  0.47535  0.88999 F   34 
-0.72205  0.14921  0.23632 B   35 
-0.49799  0.38142  0.09575 E   35 
-0.80628 -0.18799  0.31248 B   36 
-0.62124 -0.27151  0.22352 S   36 
-0.81692 -0.31900  0.59571 B   37 
-1.05326 -0.27442  0.75200 N   37 
-0.60716 -0.55988  0.53253 B   38 
-0.47170 -0.38758  0.88288 F   38 
-0.71475 -0.62227  0.22596 B   39 
-0.98028 -0.76009  0.19652 N   39 
-0.59384 -0.77502 -0.06088 B   40 
-0.45096 -0.95827  0.02938 T   40 
-0.89129 -0.76973 -0.22361 B   41 
-0.98420 -1.15742 -0.20256 Q   41 
-0.91198 -0.47558 -0.25151 B   42 
-0.93477 -0.38781 -0.06054 A   42 
-1.14315 -0.27615 -0.45184 B   43 
-1.12814 -0.45659 -0.61649 T   43 
-1.14587  0.05366 -0.62947 B   44 
-1.20601  0.06331 -0.29743 N   44 
-1.32205  0.27177 -0.79780 B   45 
-1.41521  0.11102 -1.26953 R   45 
-1.25150  0.53976 -1.00561 B   46 
-0.96147  0.51320 -0.82532 N   46 
-1.35010  0.82197 -1.16171 B   47 
-1.44642  1.00759 -1.00996 T   47 
-1.11657  0.77314 -1.39587 B   48 
-0.88356  0.78183 -1.26949 D   48 
-1.14951  0.43313 -1.42301 B   49 
-0.98061  0.33075 -1.23556 B   50 
-0.77726  0.46117 -1.19030 S   50 
-0.80463  0.10378 -0.99231 B   51 
-1.02549 -0.04959 -1.03493 T   51 
-0.77497 -0.01439 -0.67230 B   52 
-0.69819  0.30549 -0.57381 D   52 
-0.52105 -0.23864 -0.52429 B   53 
-0.71391 -0.35211 -0.94934 Y   53 
-0.51458 -0.38378 -0.23651 B   54 
-0.35636 -0.31081  0.07021 B   55 
-0.23971 -0.50245  0.22381 I   55 
-0.24603 -0.02303 -0.09958 B   56 
 0.01943 -0.04722  0.08004 L   56 
-0.40981  0.08552 -0.33154 B   57 
-0.73375  0.02626 -0.22661 Q   57 
-0.30770  0.02949 -0.62074 B   58 
-0.01445 -0.05306 -0.56361 I   58 
-0.30470  0.19552 -0.92198 B   59 
-0.46203  0.44810 -0.98728 N   59 
-0.39682  0.14191 -1.27354 B   60 
-0.61285  0.06538 -1.27086 S   60 
-0.27557  0.40746 -1.41822 B   61 
-0.58742  0.67936 -1.53410 R   61 
 0.04408  0.34022 -1.31249 B   62 
-0.00335  0.79361 -1.30609 W   62 
 0.11737  0.03245 -1.17814 B   63 
 0.25501  0.36518 -0.92841 W   63 
-0.11502 -0.15308 -1.31036 B   64 
-0.21463 -0.25348 -1.09204 X   64 
-0.28182 -0.41506 -1.49484 B   65 
-0.27287 -0.42648 -1.79151 N   65 
-0.65348 -0.45526 -1.58880 B   66 
-0.74326 -0.24186 -1.45072 D   66 
-0.76209 -0.39728 -1.89731 B   67 
-0.95210 -0.10124 -1.80882 B   68 
-1.23903 -0.23509 -1.45626 R   68 
-0.71457  0.14290 -1.83694 B   69 
-0.71548  0.15786 -1.58197 T   69 
-0.67704  0.40058 -2.00337 B   70 
-0.88670  0.40177 -2.04591 P   70 
-0.35843  0.51784 -2.01053 B   71 
-0.18081  0.31352 -1.88354 B   72 
-0.31644  0.13462 -1.80568 S   72 
 0.15053  0.20128 -1.73077 B   73 
 0.33034  0.49100 -1.83756 R   73 
 0.27446 -0.02793 -1.54834 B   74 
 0.19731 -0.29505 -1.57385 N   74 
 0.53819  0.02619 -1.35210 B   75 
 0.52234  0.34739 -1.38882 L   75 
 0.53362 -0.26631 -1.19388 B   76 
 0.45867 -0.11970 -0.93048 X   76 
 0.48437 -0.48780 -1.39002 B   77 
 0.64027 -0.55444 -1.60378 N   77 
 0.16221 -0.57807 -1.32688 B   78 
 0.27804 -0.68144 -1.07672 I   78 
-0.09723 -0.74143 -1.24580 B   79 
-0.04470 -0.91849 -1.34363 P   79 
-0.33539 -0.63073 -1.03872 B   80 
-0.41033 -0.35619 -1.17577 X   80 
-0.39942 -0.91719 -0.91735 B   81 
-0.44776 -1.04257 -1.11586 S   81 
-0.12739 -0.95042 -0.76449 B   82 
 0.01830 -0.96486 -0.91576 A   82 
-0.23451 -0.73138 -0.54458 B   83 
-0.09242 -0.46986 -0.68075 L   83 
-0.44141 -0.97610 -0.41526 B   84 
-0.66287 -0.80382 -0.58710 L   84 
-0.26645 -1.15128 -0.28177 B   85 
-0.10354 -1.32315 -0.38701 S   85 
-0.14684 -1.30809  0.00623 B   86 
-0.22926 -1.53294  0.00837 S   86 
 0.11277 -1.22250 -0.13209 B   87 
 0.36377 -1.36128 -0.18861 D   87 
 0.27591 -0.90620 -0.07421 B   88 
 0.21795 -0.84119  0.17898 I   88 
 0.52269 -0.87336 -0.25891 B   89 
 0.66348 -1.09817 -0.24823 T   89 
 0.40356 -0.70347 -0.49063 B   90 
 0.29027 -0.84208 -0.61390 A   90 
 0.30387 -0.46044 -0.32279 B   91 
 0.04602 -0.53777 -0.26938 S   91 
 0.57365 -0.38749 -0.19761 B   92 
 0.62611 -0.52674  0.01822 V   92 
 0.74181 -0.33976 -0.44982 B   93 
 0.88791 -0.64204 -0.47139 N   93 
 0.54665 -0.12284 -0.55162 B   94 
 0.32961 -0.14793 -0.73452 X   94 
 0.54932  0.06625 -0.30731 B   95 
 0.43081 -0.03050 -0.15585 A   95 
 0.85013  0.13482 -0.32228 B   96 
 1.05057 -0.22899 -0.11164 K   96 
 0.81112  0.29096 -0.58914 B   97 
 0.86080  0.05208 -0.88714 K   97 
 0.59992  0.49712 -0.49860 B   98 
 0.32361  0.35917 -0.52695 I   98 
 0.75962  0.63234 -0.25534 B   99 
 0.77535  0.51949 -0.05328 V   99 
 1.00299  0.70706 -0.47264 B   100 
 1.12808  0.48916 -0.39713 S   100 
 0.85162  0.92468 -0.66972 B   101 
 0.64742  0.87652 -0.85243 D   101 
 0.83949  1.21482 -0.45035 B   102 
 0.56941  1.22062 -0.23996 B   103 
 0.43361  1.38856 -0.48209 N   103 
 0.57759  0.97929 -0.10313 B   104 
 0.30664  0.89225  0.10670 B   105 
 0.40123  0.62260  0.37528 M   105 
 0.10849  1.09754 -0.04159 B   106 
 0.25280  1.35241  0.11197 N   106 
 0.00356  0.88329 -0.24598 B   107 
 0.17848  0.82066 -0.34200 A   107 
-0.16566  0.81721  0.01378 B   108 
 0.08493  0.43299 -0.07463 W   108 
-0.45614  0.95054  0.10293 B   109 
-0.59721  1.01889 -0.09951 V   109 
-0.50066  0.80323  0.37549 B   110 
-0.59896  0.61912  0.32622 A   110 
-0.23232  0.87826  0.49840 B   111 
 0.15601  0.89508  0.52117 W   111 
-0.25205  1.18707  0.47876 B   112 
-0.32382  1.42233  0.13550 R   112 
-0.55302  1.20766  0.62051 B   113 
-0.68027  1.32684  0.34683 N   113 
-0.48133  0.96563  0.87143 B   114 
-0.92083  0.74566  0.76738 R   114 
-0.14847  0.94945  0.93499 B   115 
-0.21216  0.66070  0.81602 X   115 
-0.02920  1.20871  0.90606 B   116 
 0.16336  1.43725  0.57627 K   116 
 0.09248  1.34039  1.21283 B   117 
 0.06790  1.08627  1.36714 B   118 
-0.16825  1.01380  1.28732 T   118 
 0.08073  0.80602  1.58652 B   119 
 0.19144  0.77804  1.84950 D   119 
 0.20682  0.54270  1.40986 B   120 
 0.25999  0.67015  1.20155 V   120 
 0.32393  0.35718  1.63334 B   121 
 0.64314  0.58660  1.77122 Q   121 
 0.04575  0.24110  1.72364 B   122 
-0.05759  0.40585  1.79524 A   122 
 0.04258  0.02142  1.48184 B   123 
-0.27859  0.23457  1.29492 W   123 
 0.28433 -0.15929  1.65090 B   124 
 0.47829 -0.08692  1.47940 I   124 
 0.17117 -0.22701  1.89959 B   125 
 0.21308  0.26087  2.06868 R   125 
 0.23928 -0.54378  2.04323 B   126 
 0.45338 -0.61399  1.84187 B   127 
 0.23716 -0.55298  1.60969 X   127 
 0.68423 -0.87290  1.72933 B   128 
 0.97776 -0.97282  1.99074 R   128 
 1.00843 -0.70673  1.63277 B   129 
 0.82659 -0.60065  1.48055 L   129 
