246 
 1.17129 -0.57971  0.28095 B   1 
 1.16037 -0.56661  0.70041 K   1 
 1.02839 -0.88190  0.40992 B   2 
 1.02974 -1.03149  0.19828 V   2 
 0.74143 -0.92840  0.54657 B   3 
 0.74213 -0.52117  0.69516 F   3 
 0.54549 -1.03973  0.76844 B   4 
 0.23334 -1.05984  0.83856 B   5 
-0.07981 -1.36239  0.83818 R   5 
 0.22976 -0.99407  1.15088 B   6 
 0.09857 -1.25779  1.25865 X   6 
 0.44212 -0.76973  1.11641 B   7 
 0.82259 -0.81039  1.03899 E   7 
 0.28109 -0.57898  0.93361 B   8 
 0.29429 -0.55227  0.62829 L   8 
 0.02966 -0.54715  1.10452 B   9 
-0.07755 -0.73557  1.09177 A   9 
 0.17232 -0.41395  1.33987 B   10 
 0.28348 -0.57278  1.44109 A   10 
 0.28348 -0.16938  1.18505 B   11 
 0.46522 -0.23677  1.08817 A   11 
 0.01466 -0.07115  1.06653 B   12 
-0.01984 -0.27142  0.68799 M   12 
-0.11241 -0.02408  1.33873 B   13 
-0.32126 -0.28594  1.61444 K   13 
 0.08253  0.17114  1.46902 B   14 
 0.53692  0.16062  1.47268 R   14 
 0.02990  0.36828  1.20987 B   15 
 0.39985  0.31859  1.09916 H   15 
-0.30956  0.36225  1.19539 B   16 
-0.46873  0.16055  0.97701 B   17 
-0.24873  0.17969  0.73936 L   17 
-0.67236  0.06133  1.15935 B   18 
-0.73109 -0.19988  1.30990 D   18 
-0.96768  0.17881  1.03793 B   19 
-1.05842 -0.01945  1.27475 N   19 
-0.88743  0.34340  0.81357 B   20 
-0.61893  0.68985  0.75797 Y   20 
-1.14805  0.47463  0.66665 B   21 
-1.02752  0.92381  0.57039 R   21 
-1.28672  0.17526  0.75063 B   22 
-1.02661 -0.01644  0.72598 B   23 
-1.14258  0.09267  0.28332 Y   23 
-0.93728 -0.29247  0.81543 B   24 
-1.08951 -0.46442  0.86191 S   24 
-0.64108 -0.43953  0.86092 B   25 
-0.44045 -0.42790  1.10210 L   25 
-0.68931 -0.68240  0.66223 B   26 
-0.69627 -0.51147  0.40453 B   27 
-1.02683 -0.44393  0.41303 N   27 
-0.40639 -0.40745  0.41047 B   28 
-0.52241  0.01667  0.48585 W   28 
-0.26831 -0.68241  0.41652 B   29 
-0.22979 -0.77038  0.65810 V   29 
-0.39845 -0.79155  0.16227 B   30 
-0.64175 -0.91353  0.10838 X   30 
-0.28805 -0.57949 -0.03032 B   31 
-0.40856 -0.39986  0.00225 A   31 
 0.01467 -0.61749  0.02103 B   32 
 0.05856 -0.52188  0.20877 A   32 
 0.02108 -0.91095 -0.06763 B   33 
 0.02484 -1.24334  0.00927 K   33 
-0.09347 -0.85427 -0.37925 B   34 
-0.37443 -1.13777 -0.28073 F   34 
 0.10871 -0.61766 -0.45404 B   35 
-0.14236 -0.37400 -0.49245 E   35 
 0.40927 -0.72601 -0.29745 B   36 
 0.42861 -0.54441 -0.17185 S   36 
 0.44014 -0.96000 -0.09303 B   37 
 0.45554 -1.22592 -0.19945 N   37 
 0.57544 -0.78336  0.14468 B   38 
 0.26510 -0.98800  0.32522 F   38 
 0.76692 -0.59856 -0.05189 B   39 
 1.00640 -0.73011 -0.17726 N   39 
 0.93232 -0.29431 -0.03441 B   40 
 1.00062 -0.28150  0.20498 T   40 
 1.10348 -0.33817 -0.32383 B   41 
 1.46743 -0.40670 -0.17477 Q   41 
 0.86974 -0.33027 -0.50558 B   42 
 0.74695 -0.49871 -0.47032 A   42 
 0.85840 -0.30632 -0.86979 B   43 
 1.05562 -0.16295 -0.84873 T   43 
 0.63175 -0.16716 -1.13361 B   44 
 0.54896 -0.47093 -1.01183 N   44 
 0.57142 -0.13681 -1.45359 B   45 
 0.89051  0.19073 -1.67257 R   45 
 0.37545  0.07042 -1.65013 B   46 
 0.22029  0.09590 -1.34582 N   46 
 0.22372  0.13607 -1.94407 B   47 
 0.06057 -0.04483 -2.03020 T   47 
 0.23662  0.46327 -1.87679 B   48 
 0.09192  0.49841 -1.65731 D   48 
 0.54891  0.46862 -1.73581 B   49 
 0.50783  0.41757 -1.47151 B   50 
 0.29638  0.49974 -1.37697 S   50 
 0.55321  0.32664 -1.10912 B   51 
 0.79091  0.23220 -1.20238 T   51 
 0.54489  0.08657 -0.86509 B   52 
 0.20959  0.04959 -0.92934 D   52 
 0.58350  0.11849 -0.49881 B   53 
 0.89060  0.34918 -0.78728 Y   53 
 0.61777 -0.10897 -0.27296 B   54 
 0.39565 -0.26414 -0.04707 B   55 
 0.46318 -0.31789  0.21076 I   55 
 0.15439 -0.06435 -0.20737 B   56 
 0.00788 -0.05282  0.07849 L   56 
 0.20145  0.02564 -0.49390 B   57 
 0.35822 -0.24954 -0.63233 Q   57 
 0.29304  0.31991 -0.54098 B   58 
 0.22143  0.44726 -0.26761 I   58 
 0.24097  0.56367 -0.77804 B   59 
 0.11213  0.52160 -1.05088 N   59 
 0.43195  0.79384 -0.99133 B   60 
 0.58838  0.66501 -1.09841 S   60 
 0.19744  0.97996 -1.11982 B   61 
 0.13314  0.88755 -1.53447 R   61 
 0.08687  1.08347 -0.81170 B   62 
-0.28169  1.04658 -1.07751 W   62 
 0.27773  1.02069 -0.53282 B   63 
-0.14004  0.89728 -0.48541 W   63 
 0.57481  0.99210 -0.66259 B   64 
 0.63701  0.75786 -0.56810 X   64 
 0.92495  1.04503 -0.73391 B   65 
 1.02038  1.29007 -0.87200 N   65 
 1.14577  0.90226 -1.01574 B   66 
 0.96025  0.73602 -1.11879 D   66 
 1.23558  1.08701 -1.27677 B   67 
 1.03718  0.90108 -1.51686 B   68 
 1.16715  0.44829 -1.46560 R   68 
 0.73628  1.06175 -1.49532 B   69 
 0.64700  0.85510 -1.37465 T   69 
 0.55067  1.21617 -1.68820 B   70 
 0.65171  1.12698 -1.85434 P   70 
 0.31719  1.40873 -1.53419 B   71 
 0.37761  1.41252 -1.24134 B   72 
 0.56448  1.27117 -1.20176 S   72 
 0.28628  1.48528 -0.87791 B   73 
-0.00521  1.67510 -0.95960 R   73 
 0.37406  1.41284 -0.58089 B   74 
 0.64249  1.39021 -0.50746 N   74 
 0.15645  1.40927 -0.32864 B   75 
-0.09976  1.42691 -0.52564 L   75 
 0.36023  1.28119 -0.09911 B   76 
 0.18759  1.02300 -0.09369 X   76 
 0.62931  1.41246 -0.11672 B   77 
 0.68430  1.67758 -0.08313 N   77 
 0.82440  1.17237 -0.25891 B   78 
 0.78783  1.03938  0.00122 I   78 
 1.04972  0.95533 -0.31082 B   79 
 1.20794  1.06680 -0.23193 P   79 
 0.99418  0.64677 -0.42727 B   80 
 0.83317  0.71104 -0.69131 X   80 
 1.22921  0.51337 -0.26038 B   81 
 1.41663  0.64630 -0.32869 S   81 
 1.09568  0.55046  0.02117 B   82 
 1.09162  0.75864  0.05216 A   82 
 0.88807  0.30785 -0.05531 B   83 
 0.64554  0.49942 -0.16307 L   83 
 1.14589  0.08349 -0.00428 B   84 
 1.14499  0.09038 -0.33322 L   84 
 1.18063  0.08021  0.27483 B   85 
 1.28967  0.26266  0.42307 S   85 
 1.17663 -0.08067  0.58458 B   86 
 1.40290 -0.12910  0.64633 S   86 
 1.03485  0.18335  0.64818 B   87 
 1.06348  0.37808  0.86432 D   87 
 0.67810  0.23009  0.62456 B   88 
 0.57094 -0.00915  0.67904 I   88 
 0.60077  0.52446  0.68339 B   89 
 0.72943  0.60067  0.90273 T   89 
 0.57642  0.64004  0.39564 B   90 
 0.78007  0.67402  0.32772 A   90 
 0.36087  0.44368  0.28540 B   91 
 0.52048  0.24923  0.17570 S   91 
 0.14606  0.50092  0.49601 B   92 
 0.17744  0.35863  0.71393 V   92 
 0.10986  0.80337  0.45889 B   93 
 0.31208  0.90941  0.70597 N   93 
 0.03855  0.76880  0.16019 B   94 
 0.20749  0.78887 -0.06838 X   94 
-0.19761  0.57143  0.18709 B   95 
-0.11032  0.38003  0.23286 A   95 
-0.37961  0.76021  0.35033 B   96 
-0.21806  0.71119  0.78438 K   96 
-0.41573  0.95152  0.10699 B   97 
-0.14318  1.22352  0.11482 K   97 
-0.52905  0.75220 -0.09974 B   98 
-0.28521  0.61341 -0.23190 I   98 
-0.78576  0.64866  0.06257 B   99 
-0.75712  0.49562  0.23454 V   99 
-0.88754  0.96700  0.08072 B   100 
-0.77764  0.98152  0.31850 S   100 
-0.94933  1.03521 -0.23653 B   101 
-0.76622  1.06288 -0.44414 D   101 
-1.25787  0.84842 -0.28511 B   102 
-1.21134  0.51924 -0.36710 B   103 
-1.22380  0.63343 -0.67054 N   103 
-1.05020  0.41553 -0.16632 B   104 
-0.92392  0.08707 -0.20076 B   105 
-0.81514 -0.07192  0.14082 M   105 
-0.97001  0.08839 -0.51900 B   106 
-1.29520  0.04725 -0.47508 N   106 
-0.68091  0.19346 -0.58279 B   107 
-0.67295  0.37463 -0.47862 A   107 
-0.63087 -0.11556 -0.53302 B   108 
-0.38305  0.10673 -0.20530 W   108 
-0.64789 -0.35987 -0.75691 B   109 
-0.58510 -0.28002 -0.99194 V   109 
-0.58548 -0.60507 -0.57265 B   110 
-0.37170 -0.62166 -0.56908 A   110 
-0.80077 -0.54686 -0.36528 B   111 
-0.98725 -0.33656 -0.09584 W   111 
-1.04992 -0.54519 -0.54984 B   112 
-1.11654 -0.31214 -0.89562 R   112 
-0.98215 -0.83724 -0.69550 B   113 
-0.94712 -0.69212 -0.98361 N   113 
-0.88186 -0.99569 -0.39298 B   114 
-0.47576 -1.16880 -0.63275 R   114 
-1.02888 -0.85075 -0.12378 B   115 
-0.71954 -0.78977 -0.07714 X   115 
-1.29211 -0.75926 -0.19174 B   116 
-1.46957 -0.38126 -0.34568 K   116 
-1.54877 -0.93649 -0.02153 B   117 
-1.36805 -1.07352  0.17225 B   118 
-1.18164 -1.14759  0.00746 T   118 
-1.20058 -1.24086  0.43831 B   119 
-1.30315 -1.38784  0.66208 D   119 
-0.97630 -1.02164  0.57280 B   120 
-1.04483 -0.82308  0.43737 V   120 
-0.93527 -1.13162  0.86314 B   121 
-1.30844 -1.05683  1.03250 Q   121 
-0.74508 -1.36754  0.77836 B   122 
-0.86326 -1.48765  0.65771 A   122 
-0.48337 -1.17223  0.76833 B   123 
-0.47216 -1.21226  0.34196 W   123 
-0.48308 -1.16485  1.11420 B   124 
-0.57563 -0.91260  1.12283 I   124 
-0.45216 -1.43188  1.19774 B   125 
-0.93724 -1.54785  1.05766 R   125 
-0.25421 -1.50515  1.48244 B   126 
-0.22469 -1.21572  1.56415 B   127 
-0.11469 -1.15607  1.26628 X   127 
-0.06810 -0.98661  1.80075 B   128 
-0.18662 -1.02399  2.18679 R   128 
-0.31872 -0.71894  1.88783 B   129 
-0.28592 -0.70400  1.63055 L   129 
