246 
-1.00212  0.28437  0.83773 B   1 
-1.11566 -0.10387  0.95006 K   1 
-0.82647  0.18555  1.13397 B   2 
-0.72698  0.41232  1.21043 V   2 
-0.58916 -0.02836  1.16725 B   3 
-0.74166 -0.25534  0.83088 F   3 
-0.44256 -0.27334  1.30327 B   4 
-0.17012 -0.44151  1.28725 B   5 
 0.19925 -0.48204  1.51425 R   5 
-0.27388 -0.74166  1.31925 B   6 
-0.11326 -0.82582  1.57516 X   6 
-0.51956 -0.68693  1.13688 B   7 
-0.83643 -0.47454  1.21987 E   7 
-0.37033 -0.62002  0.87423 B   8 
-0.30225 -0.34379  0.75948 L   8 
-0.19654 -0.87040  0.85088 B   9 
-0.04369 -0.85361  1.00423 A   9 
-0.43088 -1.06477  0.82276 B   10 
-0.51944 -1.08211  1.02196 A   10 
-0.55446 -0.94048  0.56698 B   11 
-0.67580 -0.77371  0.63346 A   11 
-0.29965 -0.94873  0.39101 B   12 
-0.10581 -0.57122  0.45814 M   12 
-0.27332 -1.25127  0.40626 B   13 
-0.08984 -1.51568  0.69716 K   13 
-0.54233 -1.34587  0.29774 B   14 
-0.95848 -1.18823  0.39022 R   14 
-0.47266 -1.17314  0.02553 B   15 
-0.76791 -0.93210  0.10503 H   15 
-0.15467 -1.27708 -0.03410 B   16 
 0.10839 -1.08842  0.06032 B   17 
-0.03108 -0.79984  0.01017 L   17 
 0.27013 -1.30287  0.17170 B   18 
 0.35118 -1.40121  0.45118 D   18 
 0.54497 -1.32208 -0.02792 B   19 
 0.61388 -1.52429  0.21289 N   19 
 0.49120 -1.12726 -0.23533 B   20 
 0.16714 -1.06133 -0.52833 Y   20 
 0.73773 -1.11427 -0.44929 B   21 
 0.53384 -1.08624 -0.87730 R   21 
 0.92161 -1.17135 -0.16851 B   22 
 0.74088 -1.01480  0.05022 B   23 
 0.94496 -0.67738 -0.20630 Y   23 
 0.70722 -1.00255  0.35170 B   24 
 0.88009 -1.05907  0.49942 S   24 
 0.46124 -0.90729  0.55627 B   25 
 0.20455 -1.05924  0.65414 L   25 
 0.62767 -0.68851  0.71509 B   26 
 0.66194 -0.49523  0.47605 B   27 
 0.94542 -0.63360  0.35606 N   27 
 0.36569 -0.42298  0.43245 B   28 
 0.33697 -0.62794  0.03723 W   28 
 0.31077 -0.31812  0.71651 B   29 
 0.22981 -0.50448  0.87868 V   29 
 0.53254 -0.10764  0.71865 B   30 
 0.80450 -0.11596  0.77296 X   30 
 0.42919  0.05809  0.48179 B   31 
 0.48250 -0.05421  0.30180 A   31 
 0.14626  0.12563  0.58718 B   32 
 0.02648 -0.05141  0.56216 A   32 
 0.24453  0.27486  0.83637 B   33 
 0.30829  0.28140  1.17148 K   33 
 0.42386  0.50546  0.66873 B   34 
 0.73019  0.38192  0.91351 F   34 
 0.19579  0.59053  0.46089 B   35 
 0.37230  0.48274  0.17609 E   35 
-0.09640  0.57752  0.66351 B   36 
-0.19889  0.42898  0.53483 S   36 
-0.12048  0.45530  0.94983 B   37 
-0.03280  0.61759  1.16948 N   37 
-0.36039  0.24640  0.88040 B   38 
-0.07169  0.02018  1.07082 F   38 
-0.52987  0.45020  0.68242 B   39 
-0.67893  0.67754  0.81074 N   39 
-0.76867  0.42323  0.43248 B   40 
-0.90346  0.22646  0.50496 T   40 
-0.83149  0.75609  0.41694 B   41 
-1.19052  0.76305  0.59138 Q   41 
-0.56660  0.83802  0.31277 B   42 
-0.41853  0.80119  0.45911 A   42 
-0.45835  1.15986  0.17843 B   43 
-0.68428  1.17712  0.08593 T   43 
-0.21173  1.28922 -0.07213 B   44 
-0.08889  1.21827  0.23420 N   44 
-0.07281  1.55230 -0.20790 B   45 
-0.39156  1.78874 -0.52342 R   45 
 0.10807  1.61578 -0.49640 B   46 
 0.15684  1.27912 -0.45629 N   46 
 0.31413  1.81530 -0.67378 B   47 
 0.53741  1.87760 -0.55964 T   47 
 0.19517  1.68462 -0.95755 B   48 
 0.25601  1.42658 -0.95020 D   48 
-0.13386  1.66419 -0.86399 B   49 
-0.15802  1.42104 -0.74382 B   50 
-0.01264  1.24268 -0.83019 S   50 
-0.27907  1.12787 -0.54121 B   51 
-0.44566  1.31700 -0.43827 T   51 
-0.27681  0.95733 -0.24429 B   52 
 0.05991  0.90710 -0.28920 D   52 
-0.42573  0.63048 -0.15675 B   53 
-0.68756  0.94783 -0.40469 Y   53 
-0.46083  0.48848  0.13052 B   54 
-0.27953  0.24062  0.30412 B   55 
-0.40101  0.04186  0.44435 I   55 
-0.06538  0.25702  0.02539 B   56 
-0.01553 -0.05669  0.07455 L   56 
-0.05081  0.51368 -0.13687 B   57 
-0.08150  0.75651  0.10717 Q   57 
-0.20057  0.52191 -0.41019 B   58 
-0.24714  0.21951 -0.45981 I   58 
-0.15027  0.66420 -0.71929 B   59 
 0.05763  0.87688 -0.78534 N   59 
-0.32667  0.87278 -0.96490 B   60 
-0.40532  1.05389 -0.84851 S   60 
-0.12416  0.86570 -1.22002 B   61 
 0.07847  1.24125 -1.27012 R   61 
-0.13844  0.52349 -1.24383 B   62 
 0.28654  0.64494 -1.35560 W   62 
-0.37696  0.35068 -1.06666 B   63 
 0.02686  0.18966 -1.01176 W   63 
-0.60539  0.57884 -1.02574 B   64 
-0.62676  0.56758 -0.76674 X   64 
-0.92124  0.75393 -1.03400 B   65 
-1.03527  0.85741 -1.28799 N   65 
-1.00535  1.11959 -0.94572 B   66 
-0.76059  1.18615 -0.85443 D   66 
-1.06285  1.34654 -1.18135 B   67 
-0.76173  1.53769 -1.11528 B   68 
-0.77438  1.63882 -0.65251 R   68 
-0.53426  1.37675 -1.31321 B   69 
-0.43120  1.28258 -1.09933 T   69 
-0.34978  1.45246 -1.54930 B   70 
-0.37122  1.65899 -1.49778 P   70 
-0.23081  1.18737 -1.72503 B   71 
-0.37122  0.94128 -1.62939 B   72 
-0.51649  1.00246 -1.45157 S   72 
-0.41078  0.56243 -1.60427 B   73 
-0.17024  0.49207 -1.85895 R   73 
-0.55708  0.33933 -1.43108 B   74 
-0.81892  0.37135 -1.33958 N   74 
-0.42817  0.03479 -1.39067 B   75 
-0.14086  0.12054 -1.51260 L   75 
-0.64691 -0.07387 -1.16494 B   76 
-0.42036 -0.08066 -0.95252 X   76 
-0.92462  0.00637 -1.24489 B   77 
-1.05598 -0.06494 -1.47314 N   77 
-0.99889  0.25806 -1.02797 B   78 
-1.00401  0.03881 -0.83153 I   78 
-1.13302  0.43299 -0.79998 B   79 
-1.33105  0.39126 -0.85216 P   79 
-0.96577  0.58928 -0.55615 B   80 
-0.75936  0.75869 -0.72487 X   80 
-1.19390  0.54970 -0.33871 B   81 
-1.38242  0.64718 -0.45017 S   81 
-1.16163  0.23867 -0.31246 B   82 
-1.22265  0.16199 -0.49878 A   82 
-0.88364  0.29062 -0.14562 B   83 
-0.68116  0.26066 -0.40102 L   83 
-1.07516  0.38493  0.12613 B   84 
-0.98203  0.68221  0.02028 L   84 
-1.18612  0.14397  0.21964 B   85 
-1.37783  0.00595  0.11308 S   85 
-1.22791 -0.10274  0.46301 B   86 
-1.44071 -0.06898  0.56758 S   86 
-1.18658 -0.26977  0.20954 B   87 
-1.32706 -0.50038  0.09754 D   87 
-0.86424 -0.38336  0.09464 B   88 
-0.71704 -0.41621  0.31586 I   88 
-0.88898 -0.53042 -0.17713 B   89 
-1.09056 -0.70223 -0.15923 T   89 
-0.81525 -0.30337 -0.37654 B   90 
-0.99225 -0.17821 -0.39230 A   90 
-0.53273 -0.23394 -0.26460 B   91 
-0.59593 -0.03450 -0.08698 S   91 
-0.41079 -0.51338 -0.29320 B   92 
-0.46383 -0.66844 -0.08859 V   92 
-0.44806 -0.56066 -0.59410 B   93 
-0.73325 -0.73876 -0.58257 N   93 
-0.28770 -0.30608 -0.66464 B   94 
-0.38306 -0.04379 -0.72208 X   94 
-0.02520 -0.36833 -0.51408 B   95 
-0.06720 -0.33621 -0.30539 A   95 
 0.04480 -0.62300 -0.67426 B   96 
-0.21486 -0.95027 -0.46843 K   96 
 0.09631 -0.45756 -0.93329 B   97 
-0.22964 -0.43107 -1.13672 K   97 
 0.31322 -0.26403 -0.82935 B   98 
 0.16403 -0.02736 -0.69552 I   98 
 0.53068 -0.47782 -0.72949 B   99 
 0.49620 -0.58961 -0.52917 V   99 
 0.53364 -0.60183 -1.04036 B   100 
 0.36060 -0.78301 -0.96251 S   100 
 0.66297 -0.35031 -1.21102 B   101 
 0.54655 -0.10385 -1.26672 D   101 
 1.01081 -0.37157 -1.10614 B   102 
 1.07986 -0.20633 -0.81429 B   103 
 1.14750  0.03946 -1.01499 N   103 
 0.90202 -0.30923 -0.62769 B   104 
 0.88390 -0.15956 -0.30787 B   105 
 0.72875 -0.39629 -0.03642 M   105 
 1.01702  0.11347 -0.41338 B   106 
 1.31460 -0.03066 -0.41996 N   106 
 0.74116  0.24862 -0.47914 B   107 
 0.65539  0.11569 -0.61593 A   107 
 0.76386  0.29070 -0.16579 B   108 
 0.38243  0.02888 -0.23060 W   108 
 0.90918  0.54362 -0.00762 B   109 
 0.89726  0.76122 -0.14203 V   109 
 0.86485  0.45328  0.28876 B   110 
 0.67166  0.52839  0.34373 A   110 
 0.98789  0.17639  0.25819 B   111 
 1.02585 -0.18129  0.10910 W   111 
 1.26943  0.25690  0.15625 B   112 
 1.36712  0.49541 -0.17825 R   112 
 1.32720  0.47906  0.39793 B   113 
 1.33849  0.72049  0.18141 N   113 
 1.19090  0.27478  0.65556 B   114 
 0.93248  0.67371  0.81818 R   114 
 1.21017 -0.05413  0.57468 B   115 
 0.89592 -0.00237  0.58714 X   115 
 1.44717 -0.10488  0.42128 B   116 
 1.55298 -0.11230 -0.01096 K   116 
 1.68211 -0.30917  0.59253 B   117 
 1.49720 -0.39134  0.81172 B   118 
 1.39280 -0.15967  0.86481 T   118 
 1.31194 -0.53702  1.07873 B   119 
 1.38169 -0.74308  1.26547 D   119 
 1.00831 -0.63062  0.95428 B   120 
 1.05680 -0.57628  0.71519 V   120 
 0.91699 -0.85547  1.15222 B   121 
 1.19168 -1.15665  1.06632 Q   121 
 0.82966 -0.65865  1.38167 B   122 
 1.00514 -0.56301  1.43653 A   122 
 0.53938 -0.60236  1.24272 B   123 
 0.66185 -0.20164  1.15358 W   123 
 0.43813 -0.91847  1.34020 B   124 
 0.45308 -1.01566  1.09000 I   124 
 0.45747 -0.92326  1.62099 B   125 
 0.97487 -0.93894  1.60029 R   125 
 0.21358 -1.09653  1.81101 B   126 
 0.08534 -1.22598  1.56994 B   127 
 0.05340 -0.93019  1.44396 X   127 
-0.18791 -1.43831  1.45488 B   128 
-0.17936 -1.82230  1.58508 R   128 
-0.05419 -1.66550  1.18555 B   129 
-0.01472 -1.42346  1.09983 L   129 
