246 
 0.80047  0.06154  1.06882 B   1 
 1.16694  0.14288  0.88088 K   1 
 0.85336  0.41541  1.05004 B   2 
 0.66879  0.50156  1.21029 V   2 
 0.84233  0.60884  0.79384 B   3 
 0.96791  0.28258  0.53752 F   3 
 0.94998  0.83773  0.60401 B   4 
 0.86791  1.00494  0.34311 B   5 
 0.72735  1.40549  0.24614 R   5 
 1.14199  1.01440  0.17981 B   6 
 1.18092  1.32501  0.16037 X   6 
 1.20623  0.71867  0.25070 B   7 
 1.31442  0.57373  0.59666 E   7 
 0.96666  0.58252  0.10998 B   8 
 0.70178  0.48925  0.23345 L   8 
 1.00120  0.69911 -0.17047 B   9 
 0.94323  0.90800 -0.15773 A   9 
 1.27373  0.57010 -0.22119 B   10 
 1.41740  0.68266 -0.10071 A   10 
 1.18413  0.27505 -0.18863 B   11 
 1.18349  0.23530  0.02438 A   11 
 0.95308  0.28011 -0.39491 B   12 
 0.60480  0.39115 -0.16915 M   12 
 1.13472  0.35090 -0.62826 B   13 
 1.28649  0.72870 -0.77804 K   13 
 1.33737  0.12283 -0.62489 B   14 
 1.55116 -0.06344 -0.26967 R   14 
 1.08022 -0.08178 -0.65326 B   15 
 1.15419 -0.22125 -0.29735 H   15 
 0.91031  0.06710 -0.90711 B   16 
 0.64626  0.26689 -0.84330 B   17 
 0.53722  0.10515 -0.58408 L   17 
 0.71513  0.48017 -1.02856 B   18 
 0.82548  0.76627 -1.01079 D   18 
 0.46894  0.47919 -1.26339 B   19 
 0.63992  0.74203 -1.33624 N   19 
 0.30467  0.25304 -1.18765 B   20 
 0.37425 -0.17849 -1.12319 Y   20 
 0.05172  0.21965 -1.39168 B   21 
 0.01513 -0.24661 -1.47429 R   21 
 0.06666  0.55976 -1.38998 B   22 
 0.16828  0.61036 -1.08646 B   23 
-0.27943  0.47177 -1.04580 Y   23 
 0.29326  0.83268 -0.92174 B   24 
 0.26669  1.05901 -0.97621 S   24 
 0.47305  0.84327 -0.64068 B   25 
 0.77950  0.79708 -0.59057 L   25 
 0.27848  1.03539 -0.47937 B   26 
 0.04418  0.83434 -0.46039 B   27 
-0.10241  0.91967 -0.75217 N   27 
 0.18202  0.61914 -0.28842 B   28 
 0.18841  0.31309 -0.61296 W   28 
 0.25566  0.80193 -0.05206 B   29 
 0.48897  0.91320 -0.07977 V   29 
-0.02819  0.90046  0.00459 B   30 
-0.18668  1.10122 -0.10290 X   30 
-0.15110  0.62632  0.06777 B   31 
-0.18087  0.52767 -0.12518 A   31 
 0.03518  0.53968  0.29910 B   32 
 0.22037  0.47630  0.20965 A   32 
-0.03580  0.77568  0.48155 B   33 
 0.03934  1.08174  0.61227 K   33 
-0.36589  0.70999  0.49437 B   34 
-0.40420  1.10070  0.37233 F   34 
-0.34229  0.39941  0.56814 B   35 
-0.49643  0.28608  0.27271 E   35 
-0.06263  0.39751  0.78812 B   36 
 0.05476  0.25626  0.66404 S   36 
 0.13651  0.63235  0.83993 B   37 
 0.05353  0.83658  1.02345 N   37 
 0.40702  0.46891  0.76169 B   38 
 0.42656  0.82037  0.54519 F   38 
 0.31857  0.18282  0.90234 B   39 
 0.32043  0.16842  1.20261 N   39 
 0.40584 -0.15181  0.87708 B   40 
 0.64942 -0.14226  0.82494 T   40 
 0.22929 -0.24807  1.15012 B   41 
 0.53099 -0.31386  1.40315 Q   41 
-0.04013 -0.19221  1.04047 B   42 
-0.06307  0.01598  1.01174 A   42 
-0.36851 -0.28483  1.17059 B   43 
-0.26079 -0.49134  1.24571 T   43 
-0.70946 -0.36440  1.03731 B   44 
-0.63508 -0.03663  1.06877 N   44 
-1.02143 -0.43218  1.10818 B   45 
-1.07292 -0.90329  1.28833 R   45 
-1.28962 -0.57057  0.93817 B   46 
-1.09218 -0.46197  0.68019 N   46 
-1.62140 -0.62436  0.91060 B   47 
-1.77042 -0.41332  0.90674 T   47 
-1.56097 -0.90279  0.73573 B   48 
-1.43402 -0.82500  0.51624 D   48 
-1.29151 -1.01276  0.91665 B   49 
-1.07551 -0.89472  0.80023 B   50 
-1.09093 -0.85559  0.55808 S   50 
-0.73191 -0.75844  0.72935 B   51 
-0.70300 -0.79787  0.99718 T   51 
-0.51572 -0.49302  0.73739 B   52 
-0.72732 -0.32925  0.52217 D   52 
-0.17374 -0.46076  0.60070 B   53 
-0.29083 -0.85634  0.84676 Y   53 
 0.04586 -0.22861  0.64316 B   54 
 0.14565  0.05088  0.45246 B   55 
 0.40626  0.12302  0.42406 I   55 
-0.11127 -0.05381  0.23601 B   56 
 0.07404  0.05941 -0.00096 L   56 
-0.34482 -0.21326  0.34756 B   57 
-0.39057 -0.06869  0.65816 Q   57 
-0.34879 -0.52081  0.29661 B   58 
-0.14169 -0.54415  0.06717 I   58 
-0.58682 -0.76191  0.23718 B   59 
-0.88761 -0.72668  0.27033 N   59 
-0.69105 -1.09110  0.36258 B   60 
-0.71148 -1.06817  0.58971 S   60 
-0.91644 -1.18004  0.14478 B   61 
-1.31222 -1.15831  0.31060 R   61 
-0.69621 -1.15834 -0.11772 B   62 
-1.10185 -1.02262 -0.27550 W   62 
-0.35970 -1.12713 -0.05502 B   63 
-0.50918 -0.82847 -0.33870 W   63 
-0.33670 -1.25764  0.24222 B   64 
-0.22046 -1.05921  0.36379 X   64 
-0.23861 -1.47029  0.51726 B   65 
-0.32067 -1.75544  0.53051 N   65 
-0.38388 -1.49965  0.87308 B   66 
-0.55847 -1.29536  0.85186 D   66 
-0.57653 -1.75533  0.96169 B   67 
-0.87823 -1.55698  0.99653 B   68 
-0.76548 -1.20521  1.29332 R   68 
-1.00100 -1.56340  0.67762 B   69 
-0.93214 -1.31824  0.65789 T   69 
-1.26031 -1.65918  0.53948 B   70 
-1.35936 -1.65950  0.72910 P   70 
-1.23497 -1.69488  0.20274 B   71 
-0.94754 -1.66278  0.12676 B   72 
-0.82369 -1.61121  0.32290 S   72 
-0.66889 -1.61081 -0.12894 B   73 
-0.87926 -1.66855 -0.41193 R   73 
-0.36388 -1.52279 -0.14887 B   74 
-0.17417 -1.60346  0.03942 N   74 
-0.24104 -1.37267 -0.41974 B   75 
-0.53454 -1.31886 -0.54516 L   75 
 0.05874 -1.30014 -0.29532 B   76 
-0.01232 -0.99798 -0.30723 X   76 
 0.16566 -1.53521 -0.14280 B   77 
 0.21671 -1.78444 -0.24139 N   77 
 0.13377 -1.43876  0.18216 B   78 
 0.34946 -1.25168  0.11029 I   78 
 0.19552 -1.35663  0.48218 B   79 
 0.33693 -1.50617  0.51855 P   79 
 0.07147 -1.08647  0.63540 B   80 
-0.23809 -1.12876  0.58898 X   80 
 0.33031 -1.03593  0.81244 B   81 
 0.35445 -1.24783  0.92189 S   81 
 0.51740 -0.95164  0.57503 B   82 
 0.53970 -1.12597  0.45915 A   82 
 0.35732 -0.66523  0.56238 B   83 
 0.14651 -0.75113  0.32721 L   83 
 0.52547 -0.56910  0.84857 B   84 
 0.23343 -0.64385  0.98040 L   84 
 0.78895 -0.52259  0.76178 B   85 
 0.96793 -0.69858  0.69737 S   85 
 1.06414 -0.31469  0.70801 B   86 
 1.22440 -0.35698  0.88088 S   86 
 1.05069 -0.47166  0.44526 B   87 
 1.25242 -0.60941  0.28469 D   87 
 0.86383 -0.36352  0.15647 B   88 
 0.86627 -0.09595  0.16588 I   88 
 0.87552 -0.57595 -0.06899 B   89 
 1.12827 -0.65229 -0.09657 T   89 
 0.60741 -0.72725 -0.02450 B   90 
 0.64098 -0.85929  0.14485 A   90 
 0.41302 -0.48508 -0.05154 B   91 
 0.39277 -0.40651  0.21064 S   91 
 0.49929 -0.39825 -0.33224 B   92 
 0.70919 -0.24122 -0.32964 V   92 
 0.44486 -0.65568 -0.49013 B   93 
 0.75578 -0.78414 -0.48655 N   93 
 0.14768 -0.65731 -0.40538 B   94 
 0.02302 -0.79591 -0.18988 X   94 
 0.06528 -0.37654 -0.50452 B   95 
 0.14928 -0.23676 -0.36398 A   95 
 0.12270 -0.42921 -0.80342 B   96 
 0.58293 -0.36482 -0.83409 K   96 
-0.11270 -0.63252 -0.82273 B   97 
 0.01614 -0.98718 -0.74559 K   97 
-0.34523 -0.45218 -0.72938 B   98 
-0.34725 -0.46354 -0.41946 I   98 
-0.31861 -0.21638 -0.94538 B   99 
-0.15054 -0.05840 -0.92076 V   99 
-0.35469 -0.44782 -1.18447 B   100 
-0.09330 -0.45808 -1.20458 S   100 
-0.66552 -0.54760 -1.13404 B   101 
-0.76516 -0.69457 -0.91988 D   101 
-0.84849 -0.26069 -1.26311 B   102 
-0.89441 -0.00930 -1.03522 B   103 
-1.17088 -0.16781 -0.97437 N   103 
-0.64023  0.05424 -0.94362 B   104 
-0.60709  0.28055 -0.67398 B   105 
-0.25150  0.44476 -0.65451 M   105 
-0.91048  0.23245 -0.57888 B   106 
-1.02148  0.41822 -0.82895 N   106 
-0.83481  0.00201 -0.37922 B   107 
-0.74166 -0.13845 -0.50305 A   107 
-0.76265  0.26189 -0.21270 B   108 
-0.36098  0.02872 -0.26293 W   108 
-0.96509  0.43650 -0.01613 B   109 
-1.14556  0.28997  0.09118 V   109 
-0.76903  0.66330  0.07380 B   110 
-0.66661  0.58627  0.24574 A   110 
-0.68586  0.74881 -0.20640 B   111 
-0.53674  0.70151 -0.56296 W   111 
-0.96480  0.81620 -0.32383 B   112 
-1.30576  0.56793 -0.34449 R   112 
-1.05790  1.01248 -0.07103 B   113 
-1.29930  0.80954  0.00539 N   113 
-0.74087  1.17168 -0.04226 B   114 
-0.76259  1.09773  0.45416 R   114 
-0.57266  1.16461 -0.33679 B   115 
-0.38906  0.98730 -0.14591 X   115 
-0.75622  1.18379 -0.55638 B   116 
-0.98077  0.89656 -0.81163 K   116 
-0.72142  1.48586 -0.74024 B   117 
-0.46385  1.56869 -0.61460 B   118 
-0.52241  1.51852 -0.36672 T   118 
-0.14788  1.69901 -0.51452 B   119 
 0.00525  1.91924 -0.61574 D   119 
 0.07169  1.43811 -0.50170 B   120 
-0.08319  1.26511 -0.59414 V   120 
 0.34972  1.57784 -0.53703 B   121 
 0.32584  1.70901 -0.93171 Q   121 
 0.36638  1.68481 -0.24158 B   122 
 0.20663  1.81586 -0.22556 A   122 
 0.47559  1.39835 -0.12864 B   123 
 0.10356  1.33905  0.07531 W   123 
 0.78212  1.46440 -0.27478 B   124 
 0.74293  1.28495 -0.47107 I   124 
 0.87468  1.70280 -0.15715 B   125 
 0.52777  1.98463 -0.41907 R   125 
 1.21980  1.74137 -0.08634 B   126 
 1.30131  1.49193 -0.23617 B   127 
 1.08733  1.32952 -0.05667 X   127 
 1.57987  1.27304 -0.32267 B   128 
 1.86770  1.43811 -0.55586 R   128 
 1.53677  1.16481 -0.68109 B   129 
 1.32373  1.08350 -0.55664 L   129 
