246 
 0.97313  0.83014  0.38834 B   1 
 1.12089  0.94947  0.01395 K   1 
 0.80712  1.12854  0.27984 B   2 
 0.68784  1.20095  0.49824 V   2 
 0.58986  1.16632  0.04629 B   3 
 0.76185  0.83395 -0.17248 F   3 
 0.46575  1.30722 -0.20818 B   4 
 0.20939  1.29493 -0.40025 B   5 
-0.15478  1.52343 -0.46928 R   5 
 0.33953  1.33232 -0.68930 B   6 
 0.18717  1.59010 -0.78261 X   6 
 0.57926  1.14844 -0.61632 B   7 
 0.87596  1.22676 -0.37499 E   7 
 0.42455  0.88490 -0.56794 B   8 
 0.33205  0.76514 -0.30110 L   8 
 0.27377  0.86661 -0.83322 B   9 
 0.12011  1.01994 -0.82724 A   9 
 0.52450  0.84163 -1.00641 B   10 
 0.61435  1.04094 -1.01203 A   10 
 0.63639  0.58331 -0.87644 B   11 
 0.74240  0.64640 -0.69829 A   11 
 0.38326  0.40807 -0.91069 B   12 
 0.15654  0.46853 -0.55078 M   12 
 0.38402  0.42903 -1.21403 B   13 
 0.22499  0.72523 -1.48823 K   13 
 0.66035  0.32174 -1.28629 B   14 
 1.06083  0.41037 -1.09046 R   14 
 0.57543  0.04648 -1.12562 B   15 
 0.84804  0.12083 -0.85776 H   15 
 0.26796 -0.01051 -1.25861 B   16 
-0.01084  0.08092 -1.09242 B   17 
 0.10231  0.02508 -0.79355 L   17 
-0.15276  0.19664 -1.31830 B   18 
-0.22459  0.47808 -1.41820 D   18 
-0.42488 -0.00200 -1.36570 B   19 
-0.47537  0.24270 -1.56868 N   19 
-0.38879 -0.21314 -1.17081 B   20 
-0.07203 -0.50801 -1.08177 Y   20 
-0.63559 -0.42678 -1.18389 B   21 
-0.43520 -0.85568 -1.14585 R   21 
-0.81352 -0.14460 -1.25184 B   22 
-0.64738  0.07078 -1.07570 B   23 
-0.88086 -0.19158 -0.76272 Y   23 
-0.61482  0.37191 -1.05482 B   24 
-0.78189  0.52103 -1.12374 S   24 
-0.37822  0.57414 -0.93417 B   25 
-0.10896  0.67429 -1.06075 L   25 
-0.56343  0.72919 -0.72815 B   26 
-0.61491  0.48664 -0.54323 B   27 
-0.88497  0.36986 -0.70857 N   27 
-0.32631  0.44107 -0.44568 B   28 
-0.27959  0.04970 -0.65468 W   28 
-0.28084  0.72300 -0.33101 B   29 
-0.18351  0.88846 -0.50632 V   29 
-0.52050  0.72167 -0.14115 B   30 
-0.79061  0.77669 -0.17266 X   30 
-0.43245  0.48152  0.02865 B   31 
-0.47560  0.30378 -0.09133 A   31 
-0.15662  0.58504  0.12313 B   32 
-0.02154  0.56308 -0.04297 A   32 
-0.26770  0.83159  0.26766 B   33 
-0.33164  1.16665  0.27480 K   33 
-0.46696  0.66005  0.47815 B   34 
-0.76095  0.90774  0.33242 F   34 
-0.24748  0.45016  0.57929 B   35 
-0.41380  0.16781  0.45085 E   35 
 0.04479  0.65238  0.59621 B   36 
 0.16007  0.52628  0.45501 S   36 
 0.07981  0.94088  0.48204 B   37 
-0.02190  1.15764  0.63998 N   37 
 0.33736  0.87487  0.29410 B   38 
 0.07007  1.07010  0.04666 F   38 
 0.48790  0.67275  0.50843 B   39 
 0.61614  0.79647  0.75054 N   39 
 0.72805  0.42285  0.49816 B   40 
 0.87988  0.49872  0.31560 T   40 
 0.76091  0.40094  0.83495 B   41 
 1.11797  0.57446  0.87718 Q   41 
 0.48972  0.29583  0.89095 B   42 
 0.34560  0.44314  0.84383 A   42 
 0.35314  0.15571  1.19927 B   43 
 0.57658  0.06243  1.23486 T   43 
 0.09585 -0.09670  1.30138 B   44 
-0.02004  0.21116  1.22554 N   44 
-0.06605 -0.23708  1.54841 B   45 
 0.23020 -0.55765  1.80635 R   45 
-0.25199 -0.52634  1.59007 B   46 
-0.27052 -0.47983  1.25121 N   46 
-0.47511 -0.70698  1.76704 B   47 
-0.70300 -0.59356  1.81132 T   47 
-0.34509 -0.98851  1.64216 B   48 
-0.38267 -0.97620  1.37991 D   48 
-0.01551 -0.89528  1.65292 B   49 
 0.03030 -0.77063  1.41520 B   50 
-0.09862 -0.85333  1.22300 S   50 
 0.17711 -0.56282  1.13787 B   51 
 0.32621 -0.46379  1.34301 T   51 
 0.19020 -0.26276  0.97343 B   52 
-0.14071 -0.30601  0.89253 D   52 
 0.36773 -0.16943  0.66287 B   53 
 0.60009 -0.42382  0.99758 Y   53 
 0.41548  0.12038  0.53000 B   54 
 0.25709  0.29896  0.27028 B   55 
 0.39587  0.44264  0.08582 I   55 
 0.04220  0.02044  0.26226 B   56 
 0.02056  0.07557 -0.05366 L   56 
 0.00473 -0.14657  0.51349 B   57 
 0.01374  0.09281  0.76265 Q   57 
 0.15304 -0.42031  0.52990 B   58 
 0.22637 -0.46436  0.23197 I   58 
 0.09010 -0.73192  0.66129 B   59 
-0.13596 -0.80149  0.85330 N   59 
 0.24709 -0.98177  0.88010 B   60 
 0.30932 -0.86895  1.06967 S   60 
 0.04590 -1.23628  0.85019 B   61 
-0.18945 -1.29297  1.20516 R   61 
 0.09064 -1.25370  0.51023 B   62 
-0.34353 -1.36683  0.59117 W   62 
 0.34370 -1.07384  0.36274 B   63 
-0.04412 -1.01507  0.16742 W   63 
 0.55089 -1.03768  0.61110 B   64 
 0.57330 -0.77856  0.60667 X   64 
 0.84986 -1.04988  0.81347 B   65 
 0.95409 -1.30600  0.92190 N   65 
 0.90106 -0.96864  1.18677 B   66 
 0.65138 -0.87810  1.23295 D   66 
 0.93797 -1.20861  1.41346 B   67 
 0.62103 -1.14549  1.57821 B   68 
 0.62482 -0.68472  1.68877 R   68 
 0.40874 -1.33989  1.39393 B   69 
 0.31459 -1.12406  1.29499 T   69 
 0.21814 -1.57696  1.44842 B   70 
 0.22110 -1.52936  1.65697 P   70 
 0.12322 -1.74745  1.17052 B   71 
 0.28506 -1.64751  0.93977 B   72 
 0.42437 -1.47117  1.01700 S   72 
 0.35826 -1.61539  0.56650 B   73 
 0.12485 -1.86820  0.47018 R   73 
 0.52396 -1.43836  0.36064 B   74 
 0.78193 -1.34803  0.41760 N   74 
 0.42275 -1.39198  0.04663 B   75 
 0.12888 -1.51489  0.10411 L   75 
 0.65041 -1.16472 -0.03782 B   76 
 0.42546 -0.95173 -0.06078 X   76 
 0.91981 -1.24675  0.06535 B   77 
 1.05692 -1.47390  0.00175 N   77 
 0.97144 -1.03473  0.32670 B   78 
 0.99618 -0.83423  0.11252 I   78 
 1.08953 -0.81034  0.51716 B   79 
 1.29047 -0.86216  0.49228 P   79 
 0.90911 -0.56913  0.66248 B   80 
 0.68833 -0.74056  0.80960 X   80 
 1.13996 -0.35148  0.64750 B   81 
 1.31898 -0.46514  0.75929 S   81 
 1.13557 -0.31934  0.33538 B   82 
 1.20311 -0.50431  0.26095 A   82 
 0.85413 -0.15290  0.36547 B   83 
 0.65501 -0.40727  0.31277 L   83 
 1.03660  0.11662  0.48159 B   84 
 0.91727  0.00542  0.76733 L   84 
 1.16865  0.21439  0.25329 B   85 
 1.37185  0.11003  0.13093 S   85 
 1.23238  0.46225  0.01591 B   86 
 1.44137  0.56572  0.07048 S   86 
 1.20601  0.21204 -0.15888 B   87 
 1.36645  0.10408 -0.37811 D   87 
 0.89503  0.09997 -0.30291 B   88 
 0.75145  0.32208 -0.34458 I   88 
 0.93267 -0.16905 -0.45227 B   89 
 1.14878 -0.14837 -0.60505 T   89 
 0.83890 -0.37252 -0.23650 B   90 
 1.00402 -0.39100 -0.09637 A   90 
 0.55135 -0.26130 -0.19044 B   91 
 0.59659 -0.08758  0.01715 S   91 
 0.45482 -0.28440 -0.48013 B   92 
 0.52157 -0.07704 -0.62596 V   92 
 0.49603 -0.58444 -0.52956 B   93 
 0.79597 -0.57018 -0.68127 N   93 
 0.31356 -0.65940 -0.29167 B   94 
 0.38512 -0.72195 -0.02305 X   94 
 0.05772 -0.50714 -0.37423 B   95 
 0.09679 -0.29919 -0.33457 A   95 
 0.01065 -0.66238 -0.63710 B   96 
 0.29857 -0.45101 -0.93598 K   96 
-0.05552 -0.92435 -0.48183 B   97 
 0.26667 -1.12894 -0.43021 K   97 
-0.28879 -0.82359 -0.30649 B   98 
-0.16124 -0.69453 -0.05498 I   98 
-0.48626 -0.71929 -0.53690 B   99 
-0.44186 -0.51698 -0.64137 V   99 
-0.47829 -1.02778 -0.66651 B   100 
-0.28974 -0.94691 -0.83004 S   100 
-0.62961 -1.20284 -0.43079 B   101 
-0.53566 -1.26339 -0.17602 D   101 
-0.97413 -1.09684 -0.48100 B   102 
-1.05750 -0.80800 -0.31711 B   103 
-1.14690 -1.01312 -0.08216 N   103 
-0.87111 -0.61988 -0.40021 B   104 
-0.86628 -0.30295 -0.24352 B   105 
-0.69051 -0.02745 -0.46032 M   105 
-1.02327 -0.41328  0.01451 B   106 
-1.30681 -0.41652 -0.15568 N   106 
-0.76060 -0.48214  0.17246 B   107 
-0.66337 -0.61660  0.04516 A   107 
-0.78681 -0.16959  0.21825 B   108 
-0.38358 -0.23029 -0.00969 W   108 
-0.95405 -0.01587  0.46013 B   109 
-0.96165 -0.15436  0.67536 V   109 
-0.90171  0.28206  0.37971 B   110 
-0.71597  0.33520  0.47277 A   110 
-0.99958  0.25694  0.09242 B   111 
-1.00554  0.11465 -0.26996 W   111 
-1.28722  0.15410  0.14557 B   112 
-1.40594 -0.18460  0.36807 R   112 
-1.36447  0.39170  0.36620 B   113 
-1.39734  0.17073  0.60154 N   113 
-1.21038  0.65282  0.17978 B   114 
-0.98849  0.80739  0.60316 R   114 
-1.20026  0.57816 -0.15100 B   115 
-0.89188  0.58898 -0.07120 X   115 
-1.43186  0.42624 -0.22557 B   116 
-1.53677 -0.00556 -0.25053 K   116 
-1.64756  0.60178 -0.44673 B   117 
-1.45597  0.82208 -0.50794 B   118 
-1.37263  0.87060 -0.26692 T   118 
-1.25833  1.09137 -0.63146 B   119 
-1.30934  1.28208 -0.83937 D   119 
-0.94761  0.96805 -0.69994 B   120 
-1.00086  0.72810 -0.65465 V   120 
-0.83651  1.16997 -0.91198 B   121 
-1.08328  1.09031 -1.23802 Q   121 
-0.76699  1.39552 -0.70387 B   122 
-0.95027  1.44895 -0.62324 A   122 
-0.48295  1.25492 -0.62454 B   123 
-0.64072  1.15855 -0.23809 W   123 
-0.35387  1.35809 -0.92847 B   124 
-0.36019  1.10978 -1.03130 I   124 
-0.37257  1.63896 -0.92968 B   125 
-0.88652  1.61965 -0.99182 R   125 
-0.11412  1.83167 -1.07690 B   126 
 0.02505  1.59280 -1.19891 B   127 
 0.03042  1.46123 -0.90388 X   127 
 0.31611  1.48115 -1.38816 B   128 
 0.34190  1.61854 -1.76886 R   128 
 0.20306  1.21640 -1.63140 B   129 
 0.14212  1.12625 -1.39550 L   129 
