246 
-0.13184  1.24249  0.47513 B   1 
-0.53519  1.31343  0.38283 K   1 
-0.33964  1.15002  0.75198 B   2 
-0.16262  1.12050  0.93897 V   2 
-0.53877  0.89971  0.78143 B   3 
-0.60852  0.90018  0.35359 F   3 
-0.81266  0.75985  0.85516 B   4 
-0.94830  0.46990  0.87225 B   5 
-1.06698  0.18553  1.17990 R   5 
-1.23763  0.52312  0.74841 B   6 
-1.41571  0.43514  0.99114 X   6 
-1.12031  0.70773  0.52758 B   7 
-0.97442  1.06744  0.56916 E   7 
-0.94360  0.50050  0.38074 B   8 
-0.64243  0.45138  0.41218 L   8 
-1.15430  0.28600  0.32561 B   9 
-1.19800  0.19230  0.51658 A   9 
-1.32726  0.46218  0.14524 B   10 
-1.43009  0.60228  0.27800 A   10 
-1.11149  0.52269 -0.06906 B   11 
-0.99280  0.68620  0.00926 A   11 
-1.03551  0.22941 -0.13366 B   12 
-0.71447  0.13567  0.13604 M   12 
-1.31515  0.15534 -0.22729 B   13 
-1.67050  0.02436 -0.01568 K   13 
-1.36513  0.35747 -0.45031 B   14 
-1.27652  0.80323 -0.45626 R   14 
-1.09142  0.24073 -0.59260 B   15 
-0.91730  0.58426 -0.53546 H   15 
-1.14880 -0.09359 -0.57228 B   16 
-1.00787 -0.27761 -0.32738 B   17 
-0.73035 -0.11067 -0.30848 L   17 
-1.24316 -0.43364 -0.25774 B   18 
-1.44695 -0.44254 -0.02810 D   18 
-1.16641 -0.75479 -0.33977 B   19 
-1.44851 -0.78256 -0.18721 N   19 
-0.90451 -0.73241 -0.46132 B   20 
-0.73336 -0.50588 -0.79985 Y   20 
-0.79358 -1.02564 -0.55316 B   21 
-0.59552 -0.95924 -0.97968 R   21 
-0.95674 -1.12304 -0.27067 B   22 
-0.91358 -0.85969 -0.08683 B   23 
-0.49227 -1.06811 -0.10566 Y   23 
-1.03063 -0.73477  0.16391 B   24 
-1.13767 -0.86202  0.32899 S   24 
-1.03948 -0.42556  0.28938 B   25 
-1.22785 -0.18276  0.22519 L   25 
-0.90191 -0.49425  0.56713 B   26 
-0.62485 -0.56415  0.44871 B   27 
-0.68930 -0.89057  0.39216 N   27 
-0.55193 -0.28708  0.33559 B   28 
-0.57238 -0.41637 -0.09090 W   28 
-0.57849 -0.13098  0.59947 B   29 
-0.81864 -0.03940  0.63849 V   29 
-0.38045 -0.30038  0.75939 B   30 
-0.40083 -0.54005  0.89767 X   30 
-0.13435 -0.24569  0.58420 B   31 
-0.15839 -0.37010  0.40590 A   31 
-0.12792  0.06316  0.60133 B   32 
-0.28226  0.13612  0.47029 A   32 
-0.09395  0.07321  0.90591 B   33 
-0.22674  0.11607  1.21725 K   33 
 0.19223 -0.10423  0.91353 B   34 
-0.01149 -0.33904  1.18257 F   34 
 0.34842  0.06161  0.68868 B   35 
 0.37712 -0.20907  0.46554 E   35 
 0.24056  0.39416  0.75488 B   36 
 0.15633  0.42465  0.55214 S   36 
 0.00838  0.48150  0.94449 B   37 
 0.06624  0.49485  1.22511 N   37 
-0.16057  0.64780  0.72130 B   38 
-0.43512  0.39471  0.89837 F   38 
 0.10124  0.78297  0.57083 B   39 
 0.24777  1.00196  0.71555 N   39 
 0.17321  0.92611  0.26333 B   40 
-0.04061  1.03909  0.20286 T   40 
 0.47912  1.03966  0.35557 B   41 
 0.39876  1.42983  0.38196 Q   41 
 0.60698  0.77478  0.39043 B   42 
 0.51746  0.67385  0.55319 A   42 
 0.95922  0.69027  0.43662 B   43 
 1.00547  0.87688  0.28519 T   43 
 1.19102  0.40666  0.35807 B   44 
 1.00230  0.37166  0.63577 N   44 
 1.49173  0.28250  0.39126 B   45 
 1.82710  0.52769  0.10063 R   45 
 1.67738  0.03720  0.23206 B   46 
 1.35717 -0.05646  0.15447 N   46 
 1.94047 -0.17376  0.22879 B   47 
 1.95712 -0.33715  0.42826 T   47 
 1.93710 -0.17158 -0.10548 B   48 
 1.70238 -0.27241 -0.17676 D   48 
 1.86708  0.16113 -0.14827 B   49 
 1.59523  0.17668 -0.14707 B   50 
 1.47529 -0.01741 -0.23843 S   50 
 1.23977  0.29896 -0.12837 B   51 
 1.36171  0.51985 -0.02612 T   51 
 0.96029  0.35623  0.06101 B   52 
 0.94608  0.01841  0.12102 D   52 
 0.62172  0.46377 -0.04134 B   53 
 1.00407  0.69056 -0.22331 Y   53 
 0.37080  0.55818  0.13767 B   54 
 0.07976  0.39670  0.25454 B   55 
-0.16389  0.51736  0.25589 I   55 
 0.21985  0.11480  0.09730 B   56 
-0.08333  0.02697  0.03661 L   56 
 0.52131  0.09790  0.06193 B   57 
 0.63753  0.24384  0.35288 Q   57 
 0.63830  0.15689 -0.22097 B   58 
 0.38340  0.13146 -0.39548 I   58 
 0.89924  0.04168 -0.41323 B   59 
 1.12746 -0.13496 -0.31561 N   59 
 1.18517  0.16977 -0.60501 B   60 
 1.29742  0.31097 -0.46360 S   60 
 1.29361 -0.09828 -0.75513 B   61 
 1.66254 -0.23608 -0.58334 R   61 
 0.99295 -0.15323 -0.91153 B   62 
 1.16574 -0.56325 -0.81211 W   62 
 0.75296  0.09282 -0.90955 B   63 
 0.59879 -0.29740 -0.78317 W   63 
 0.93410  0.35982 -0.86700 B   64 
 0.81408  0.45618 -0.65729 X   64 
 1.08463  0.68431 -0.91736 B   65 
 1.28113  0.73270 -1.13477 N   65 
 1.37578  0.85507 -0.73122 B   66 
 1.40670  0.66542 -0.54215 D   66 
 1.67854  0.87814 -0.86589 B   67 
 1.83507  0.65034 -0.63098 B   68 
 1.73146  0.82027 -0.20094 R   68 
 1.78091  0.34875 -0.78239 B   69 
 1.60932  0.30015 -0.59955 T   69 
 1.95571  0.11813 -0.89083 B   70 
 2.12041  0.19067 -0.77517 P   70 
 1.79381 -0.09378 -1.10105 B   71 
 1.52533  0.02267 -1.16257 B   72 
 1.50057  0.22341 -1.03784 S   72 
 1.16994 -0.00036 -1.30000 B   73 
 1.22224 -0.31519 -1.46069 R   73 
 0.88944  0.14918 -1.28845 B   74 
 0.87029  0.42772 -1.28943 N   74 
 0.60116 -0.01368 -1.32549 B   75 
 0.74079 -0.30425 -1.29653 L   75 
 0.39960  0.24001 -1.25050 B   76 
 0.31237  0.09095 -0.99229 X   76 
 0.49574  0.49015 -1.38517 B   77 
 0.52236  0.53134 -1.65357 N   77 
 0.62981  0.67027 -1.12924 B   78 
 0.34821  0.69535 -1.04701 I   78 
 0.68743  0.89608 -0.91415 B   79 
 0.66428  1.05823 -1.04395 P   79 
 0.73261  0.84117 -0.58735 B   80 
 0.96478  0.62712 -0.59463 X   80 
 0.59680  1.11348 -0.49628 B   81 
 0.72512  1.27367 -0.62013 S   81 
 0.30504  1.03566 -0.58167 B   82 
 0.31172  1.02272 -0.79168 A   82 
 0.29213  0.83516 -0.32197 B   83 
 0.37995  0.56295 -0.48110 L   83 
 0.25616  1.11353 -0.12040 B   84 
 0.57359  1.04740 -0.06452 L   84 
-0.00568  1.20267 -0.17148 B   85 
-0.09298  1.32526 -0.38244 S   85 
-0.33327  1.27137 -0.07245 B   86 
-0.35454  1.50827 -0.04445 S   86 
-0.37643  1.12615 -0.33873 B   87 
-0.54348  1.18260 -0.57190 D   87 
-0.41914  0.76931 -0.36786 B   88 
-0.53661  0.69256 -0.13983 I   88 
-0.43893  0.68398 -0.66522 B   89 
-0.60961  0.84744 -0.78614 T   89 
-0.14649  0.59517 -0.72302 B   90 
-0.03294  0.77847 -0.75042 A   90 
-0.12027  0.37692 -0.50200 B   91 
-0.01661  0.52546 -0.29581 S   91 
-0.35701  0.20420 -0.59086 B   92 
-0.58563  0.28807 -0.49381 V   92 
-0.27457  0.13961 -0.87930 B   93 
-0.45135  0.37830 -1.03729 N   93 
-0.00823  0.01360 -0.78609 B   94 
 0.25016  0.13234 -0.76809 X   94 
-0.11835 -0.19773 -0.58947 B   95 
-0.17864 -0.08953 -0.41339 A   95 
-0.27916 -0.35722 -0.79952 B   96 
-0.67199 -0.11028 -0.83956 K   96 
-0.01828 -0.45427 -0.93966 B   97 
 0.07935 -0.20592 -1.21737 K   97 
 0.12136 -0.59134 -0.70088 B   98 
 0.27403 -0.36890 -0.54792 I   98 
-0.10643 -0.80290 -0.62138 B   99 
-0.29334 -0.72998 -0.50494 V   99 
-0.08785 -0.92188 -0.93367 B   100 
-0.29121 -0.76867 -0.99694 S   100 
 0.21672 -1.04968 -0.93810 B   101 
 0.45925 -0.91351 -0.93202 D   101 
 0.16612 -1.34741 -0.73501 B   102 
 0.19557 -1.29424 -0.39804 B   103 
 0.50532 -1.37440 -0.45190 N   103 
 0.01720 -1.08965 -0.34002 B   104 
 0.01756 -0.94919 -0.01554 B   105 
-0.31699 -0.76409  0.07172 M   105 
 0.31433 -1.05700  0.04531 B   106 
 0.19744 -1.36333  0.08847 N   106 
 0.45434 -0.79448 -0.05555 B   107 
 0.38828 -0.77931 -0.25340 A   107 
 0.36141 -0.71340  0.23645 B   108 
 0.13734 -0.42266 -0.05251 W   108 
 0.52941 -0.75644  0.51934 B   109 
 0.78277 -0.74708  0.48357 V   109 
 0.32114 -0.64139  0.72271 B   110 
 0.35895 -0.43047  0.73098 A   110 
 0.08758 -0.81529  0.63352 B   111 
-0.17243 -0.95981  0.38230 W   111 
 0.21384 -1.09535  0.67555 B   112 
 0.57442 -1.24542  0.51498 R   112 
 0.31558 -1.03663  0.98748 B   113 
 0.62596 -1.06959  0.89873 N   113 
 0.01697 -0.86756  1.08193 B   114 
 0.30055 -0.50516  1.28347 R   114 
-0.24638 -0.96881  0.89354 B   115 
-0.21629 -0.66158  0.81422 X   115 
-0.21907 -1.24618  0.82573 B   116 
-0.03994 -1.47734  0.49024 K   116 
-0.46765 -1.45081  0.97602 B   117 
-0.64121 -1.22605  1.06739 B   118 
-0.45744 -1.07086  1.16503 T   118 
-0.89247 -0.99783  1.17519 B   119 
-1.15527 -1.04343  1.28033 D   119 
-0.93610 -0.76792  0.92683 B   120 
-0.78442 -0.87595  0.76014 V   120 
-1.22658 -0.66269  0.97808 B   121 
-1.45327 -0.99965  0.88526 Q   121 
-1.14800 -0.47635  1.21916 B   122 
-1.07795 -0.60696  1.36401 A   122 
-1.04919 -0.23657  1.02047 B   123 
-0.64397 -0.30664  1.14049 W   123 
-1.38046 -0.16874  0.94739 B   124 
-1.36267 -0.27579  0.70144 I   124 
-1.50229 -0.10274  1.19242 B   125 
-1.48872 -0.59622  1.34950 R   125 
-1.74830  0.15215  1.20334 B   126 
-1.76888  0.17615  0.90282 B   127 
-1.44894  0.22076  0.89720 X   127 
-1.92295  0.35925  0.62763 B   128 
-2.32547  0.32206  0.59490 R   128 
-2.01056  0.11198  0.35703 B   129 
-1.75365  0.09233  0.39022 L   129 
