246 
 0.91406  0.27319  0.93636 B   1 
 1.25826  0.12387  0.74802 K   1 
 1.07525  0.53340  0.75013 B   2 
 0.95176  0.74260  0.84044 V   2 
 1.09273  0.57420  0.43199 B   3 
 1.07052  0.14544  0.37211 F   3 
 1.24180  0.63370  0.15951 B   4 
 1.18363  0.67566 -0.15293 B   5 
 1.16809  1.00430 -0.43816 R   5 
 1.42142  0.51160 -0.28867 B   6 
 1.55547  0.74123 -0.45502 X   6 
 1.39576  0.28236 -0.08034 B   7 
 1.49707  0.28930  0.29661 E   7 
 1.10840  0.18900 -0.14695 B   8 
 0.84682  0.26312 -0.00486 L   8 
 1.14051  0.14019 -0.44700 B   9 
 1.15532  0.33594 -0.53984 A   9 
 1.34736 -0.08300 -0.41720 B   10 
 1.53454  0.01501 -0.36077 A   10 
 1.17262 -0.27625 -0.24907 B   11 
 1.18796 -0.20842 -0.04384 A   11 
 0.92995 -0.28862 -0.44120 B   12 
 0.66996  0.02834 -0.31263 M   12 
 1.09146 -0.40363 -0.67174 B   13 
 1.33531 -0.21973 -0.97983 K   13 
 1.20818 -0.65764 -0.54949 B   14 
 1.39634 -0.71660 -0.13996 R   14 
 0.89744 -0.74782 -0.48548 B   15 
 0.96978 -0.71989 -0.10393 H   15 
 0.75201 -0.68694 -0.78652 B   16 
 0.57771 -0.40308 -0.83894 B   17 
 0.45837 -0.37502 -0.53858 L   17 
 0.68603 -0.34064 -1.10148 B   18 
 0.88411 -0.13827 -1.22046 D   18 
 0.42336 -0.36606 -1.31622 B   19 
 0.65851 -0.24613 -1.50047 N   19 
 0.20673 -0.45718 -1.14701 B   20 
 0.14140 -0.80157 -0.87805 Y   20 
-0.06856 -0.49212 -1.31940 B   21 
-0.26442 -0.89681 -1.16635 R   21 
 0.05539 -0.22030 -1.48264 B   22 
 0.20789 -0.07217 -1.23807 B   23 
-0.25077 -0.01020 -1.15385 Y   23 
 0.41895  0.14222 -1.19717 B   24 
 0.45972  0.30972 -1.35586 S   24 
 0.62874  0.22018 -0.94950 B   25 
 0.90770  0.09975 -0.87055 L   25 
 0.53021  0.51940 -0.91020 B   26 
 0.24841  0.44638 -0.80565 B   27 
 0.09921  0.42977 -1.10793 N   27 
 0.33133  0.30438 -0.54518 B   28 
 0.19477 -0.09856 -0.67941 W   28 
 0.49121  0.53809 -0.42466 B   29 
 0.74194  0.53445 -0.49324 V   29 
 0.26471  0.74324 -0.43493 B   30 
 0.16649  0.91091 -0.63296 X   30 
 0.06965  0.59290 -0.25163 B   31 
-0.01612  0.43265 -0.37333 A   31 
 0.24745  0.56633  0.00017 B   32 
 0.38842  0.40860 -0.03938 A   32 
 0.28172  0.86818  0.04174 B   33 
 0.46850  1.15195  0.01018 K   33 
-0.04699  0.93546  0.07112 B   34 
 0.02670  1.20885 -0.22695 F   34 
-0.11512  0.70963  0.28748 B   35 
-0.33597  0.53258  0.07829 E   35 
 0.17596  0.71413  0.49207 B   36 
 0.22362  0.50047  0.45732 S   36 
 0.44529  0.85999  0.43141 B   37 
 0.45821  1.14072  0.48886 N   37 
 0.63542  0.59663  0.45384 B   38 
 0.73789  0.77377  0.09481 F   38 
 0.47925  0.46095  0.71202 B   39 
 0.51688  0.58941  0.98119 N   39 
 0.44964  0.14705  0.85628 B   40 
 0.67388  0.04578  0.81627 T   40 
 0.29005  0.25820  1.13406 B   41 
 0.58563  0.21865  1.39948 Q   41 
 0.04086  0.34570  0.99998 B   42 
 0.08265  0.50927  0.87273 A   42 
-0.27910  0.44552  1.14491 B   43 
-0.23467  0.27563  1.31537 T   43 
-0.64218  0.43679  1.05306 B   44 
-0.46250  0.69192  0.92427 N   44 
-0.94676  0.52331  1.13488 B   45 
-1.12266  0.24305  1.51903 R   45 
-1.26561  0.42433  1.04261 B   46 
-1.08043  0.32300  0.77285 N   46 
-1.59751  0.48292  1.03088 B   47 
-1.66955  0.70425  0.91870 T   47 
-1.65433  0.15382  1.01611 B   48 
-1.53994  0.06999  0.79199 D   48 
-1.41294  0.05577  1.23871 B   49 
-1.18821  0.02205  1.08870 B   50 
-1.22273 -0.05437  0.85767 S   50 
-0.83191 -0.01982  0.97489 B   51 
-0.78140  0.06370  1.22904 T   51 
-0.54266  0.12443  0.86187 B   52 
-0.71712  0.23000  0.58557 D   52 
-0.23032 -0.03220  0.74111 B   53 
-0.43442 -0.19744  1.14332 Y   53 
 0.05604  0.09998  0.67445 B   54 
 0.21395  0.20290  0.37627 B   55 
 0.47754  0.15768  0.32726 I   55 
-0.08974  0.10560  0.22754 B   56 
 0.08840  0.02209 -0.02664 L   56 
-0.34493  0.10951  0.39270 B   57 
-0.29922  0.38844  0.59162 Q   57 
-0.45474 -0.16278  0.49758 B   58 
-0.29923 -0.36122  0.31728 I   58 
-0.76355 -0.30380  0.55301 B   59 
-1.02951 -0.15520  0.55229 N   59 
-0.95047 -0.47615  0.81816 B   60 
-0.93155 -0.34393  1.00442 S   60 
-1.21972 -0.57224  0.66191 B   61 
-1.56111 -0.33941  0.77961 R   61 
-1.04184 -0.75417  0.43140 B   62 
-1.39937 -0.57708  0.21080 W   62 
-0.70805 -0.81628  0.48497 B   63 
-0.79003 -0.65484  0.08593 W   63 
-0.68848 -0.79089  0.80883 B   64 
-0.49915 -0.61309  0.82331 X   64 
-0.62806 -0.86868  1.15637 B   65 
-0.79514 -1.06556  1.30314 N   65 
-0.72558 -0.67524  1.47519 B   66 
-0.82611 -0.45866  1.35007 D   66 
-0.97660 -0.77444  1.66880 B   67 
-1.19055 -0.49226  1.59023 B   68 
-0.93136 -0.10656  1.68297 R   68 
-1.35069 -0.60438  1.30987 B   69 
-1.20975 -0.43843  1.17633 T   69 
-1.64318 -0.65690  1.22506 B   70 
-1.71047 -0.53385  1.38661 P   70 
-1.67641 -0.85258  0.94953 B   71 
-1.40703 -0.96195  0.87957 B   72 
-1.24789 -0.87110  1.03087 S   72 
-1.16374 -1.13639  0.64272 B   73 
-1.41765 -1.24293  0.41501 R   73 
-0.85228 -1.18016  0.59523 B   74 
-0.67515 -1.22327  0.80670 N   74 
-0.72533 -1.22791  0.29092 B   75 
-0.99987 -1.14110  0.14306 L   75 
-0.40428 -1.21476  0.37675 B   76 
-0.37498 -0.95027  0.21649 X   76 
-0.35937 -1.37128  0.62861 B   77 
-0.40526 -1.63764  0.66585 N   77 
-0.31426 -1.12950  0.86404 B   78 
-0.06154 -1.08617  0.71934 I   78 
-0.18941 -0.94357  1.08857 B   79 
-0.10026 -1.09706  1.19890 P   79 
-0.19777 -0.60924  1.08580 B   80 
-0.50770 -0.55786  1.05295 X   80 
 0.08492 -0.57506  1.22654 B   81 
 0.05395 -0.70421  1.42610 S   81 
 0.25534 -0.68289  0.98612 B   82 
 0.20434 -0.88655  0.97065 A   82 
 0.19607 -0.40064  0.82918 B   83 
-0.06090 -0.50747  0.65689 L   83 
 0.42324 -0.24676  1.03925 B   84 
 0.14333 -0.14424  1.17850 L   84 
 0.67337 -0.34118  0.95185 B   85 
 0.77558 -0.57645  0.98864 S   85 
 0.99100 -0.29310  0.81530 B   86 
 1.15083 -0.30203  0.99343 S   86 
 0.89228 -0.53911  0.66171 B   87 
 1.01516 -0.79633  0.59692 D   87 
 0.71313 -0.52181  0.34927 B   88 
 0.80301 -0.30095  0.22751 I   88 
 0.62510 -0.80411  0.25624 B   89 
 0.83354 -0.96680  0.27979 T   89 
 0.33112 -0.81303  0.35746 B   90 
 0.34284 -0.85251  0.57088 A   90 
 0.22348 -0.56153  0.20803 B   91 
 0.26526 -0.36776  0.39784 S   91 
 0.29442 -0.65259 -0.07560 B   92 
 0.54208 -0.59673 -0.14093 V   92 
 0.13906 -0.91680 -0.09054 B   93 
 0.38939 -1.12740 -0.01201 N   93 
-0.12844 -0.77518 -0.02814 B   94 
-0.26084 -0.74341  0.22216 X   94 
-0.12843 -0.56503 -0.25461 B   95 
 0.01434 -0.41478 -0.19639 A   95 
-0.13199 -0.76790 -0.48751 B   96 
 0.31582 -0.88980 -0.52643 K   96 
-0.42071 -0.86033 -0.41532 B   97 
-0.40401 -1.15693 -0.17021 K   97 
-0.56777 -0.58936 -0.43120 B   98 
-0.53149 -0.45256 -0.15524 I   98 
-0.49593 -0.50838 -0.73327 B   99 
-0.28418 -0.42690 -0.78159 V   99 
-0.63667 -0.79592 -0.83095 B   100 
-0.39782 -0.90444 -0.83263 S   100 
-0.95325 -0.74537 -0.75137 B   101 
-1.06511 -0.72972 -0.49712 D   101 
-1.04953 -0.50936 -1.01113 B   102 
-0.98068 -0.18239 -0.93634 B   103 
-1.28263 -0.18659 -0.81767 N   103 
-0.70969 -0.17610 -0.87669 B   104 
-0.56923  0.12262 -0.74997 B   105 
-0.18049  0.14164 -0.79801 M   105 
-0.85614  0.23350 -0.65620 B   106 
-0.93396  0.30566 -0.96942 N   106 
-0.83263  0.11370 -0.36675 B   107 
-0.80741 -0.09078 -0.40267 A   107 
-0.65872  0.37778 -0.34473 B   108 
-0.36442  0.02538 -0.25850 W   108 
-0.76550  0.68205 -0.26647 B   109 
-0.96736  0.67603 -0.10907 V   109 
-0.49651  0.84033 -0.29007 B   110 
-0.40220  0.82283 -0.09827 A   110 
-0.42883  0.74951 -0.57276 B   111 
-0.35253  0.49213 -0.85479 W   111 
-0.68427  0.84604 -0.71963 B   112 
-1.08659  0.75311 -0.63117 R   112 
-0.67404  1.15631 -0.59828 B   113 
-0.95535  1.11115 -0.44296 N   113 
-0.32178  1.18901 -0.63736 B   114 
-0.29897  1.36926 -0.16900 R   114 
-0.20624  0.98675 -0.88401 B   115 
-0.06567  0.86850 -0.62354 X   115 
-0.40166  0.96311 -1.09265 B   116 
-0.73916  0.68812 -1.18516 K   116 
-0.29644  1.11013 -1.39854 B   117 
-0.01144  1.14687 -1.31841 B   118 
-0.04902  1.24269 -1.08010 T   118 
 0.34013  1.18992 -1.28126 B   119 
 0.54098  1.26814 -1.47031 D   119 
 0.46339  0.90781 -1.13409 B   120 
 0.25000  0.77774 -1.13712 V   120 
 0.76418  0.90817 -1.22129 B   121 
 0.73084  0.83793 -1.63055 Q   121 
 0.85418  1.12780 -1.01470 B   122 
 0.74896  1.29721 -1.07109 A   122 
 0.87932  0.91019 -0.77231 B   123 
 0.53919  1.08684 -0.58094 W   123 
 1.16807  0.78887 -0.91922 B   124 
 1.04697  0.56470 -1.00495 I   124 
 1.34758  1.00550 -0.92859 B   125 
 1.07814  1.23203 -1.30868 R   125 
 1.69291  0.95019 -0.87117 B   126 
 1.66857  0.64905 -0.87729 B   127 
 1.43995  0.67562 -0.65056 X   127 
 1.84725  0.33399 -0.83477 B   128 
 2.13867  0.25876 -1.10659 R   128 
 1.72357  0.09300 -1.09681 B   129 
 1.51455  0.15930 -0.95753 L   129 
