246 
 0.86322  0.99444  0.22989 B   1 
 0.92042  1.13342 -0.16209 K   1 
 0.63080  1.25727  0.15728 B   2 
 0.54025  1.31008  0.39430 V   2 
 0.37316  1.25297 -0.03451 B   3 
 0.56071  0.95369 -0.28585 F   3 
 0.18391  1.36643 -0.26106 B   4 
-0.09557  1.30644 -0.40617 B   5 
-0.50078  1.46580 -0.40700 R   5 
-0.02617  1.36272 -0.71259 B   6 
-0.23555  1.58819 -0.77337 X   6 
 0.25128  1.22523 -0.68555 B   7 
 0.56669  1.35797 -0.49766 E   7 
 0.15639  0.93904 -0.61611 B   8 
 0.13418  0.80811 -0.33958 L   8 
-0.03241  0.89098 -0.85166 B   9 
-0.20738  1.01467 -0.81638 A   9 
 0.18493  0.90873 -1.06598 B   10 
 0.23575  1.12073 -1.08331 A   10 
 0.36155  0.67601 -0.96212 B   11 
 0.48396  0.75913 -0.80381 A   11 
 0.14137  0.45822 -0.95542 B   12 
-0.02663  0.48197 -0.56070 M   12 
 0.08586  0.47519 -1.25389 B   13 
-0.16812  0.73502 -1.49093 K   13 
 0.36005  0.41775 -1.37477 B   14 
 0.76630  0.57848 -1.24940 R   14 
 0.35431  0.13382 -1.20701 B   15 
 0.65167  0.25870 -0.98890 H   15 
 0.04345  0.02151 -1.28595 B   16 
-0.21405  0.06408 -1.07244 B   17 
-0.04277  0.03294 -0.79869 L   17 
-0.41115  0.14995 -1.26823 B   18 
-0.54784  0.41290 -1.34895 D   18 
-0.64786 -0.09441 -1.27162 B   19 
-0.77523  0.13489 -1.45824 N   19 
-0.54178 -0.29334 -1.08986 B   20 
-0.16729 -0.52618 -1.06237 Y   20 
-0.74537 -0.54754 -1.06411 B   21 
-0.46875 -0.93356 -1.06926 R   21 
-0.97945 -0.30228 -1.09504 B   22 
-0.82608 -0.05866 -0.94625 B   23 
-0.95166 -0.35436 -0.60261 Y   23 
-0.84419  0.24371 -0.92570 B   24 
-1.04438  0.35994 -0.96194 S   24 
-0.62984  0.48620 -0.84396 B   25 
-0.40861  0.63097 -1.01324 L   25 
-0.80103  0.60848 -0.60620 B   26 
-0.77596  0.36297 -0.41972 B   27 
-1.04559  0.19807 -0.53810 N   27 
-0.47139  0.37056 -0.37434 B   28 
-0.39308 -0.00888 -0.59552 W   28 
-0.45735  0.65750 -0.26400 B   29 
-0.42269  0.83540 -0.45037 V   29 
-0.65642  0.61602 -0.03567 B   30 
-0.93331  0.62184 -0.01904 X   30 
-0.49922  0.39745  0.11187 B   31 
-0.53036  0.21339 -0.00215 A   31 
-0.23392  0.54944  0.15921 B   32 
-0.12794  0.54974 -0.02809 A   32 
-0.36013  0.77416  0.32533 B   33 
-0.48012  1.09262  0.34965 K   33 
-0.48637  0.57261  0.56383 B   34 
-0.84027  0.76237  0.47569 F   34 
-0.21907  0.40629  0.62162 B   35 
-0.35250  0.09732  0.51857 E   35 
 0.03126  0.65736  0.59159 B   36 
 0.14079  0.55197  0.43027 S   36 
-0.00564  0.94604  0.47849 B   37 
-0.11518  1.14327  0.65563 N   37 
 0.22302  0.92445  0.24770 B   38 
-0.11335  1.06604  0.05381 F   38 
 0.44175  0.75494  0.42901 B   39 
 0.58605  0.90248  0.64760 N   39 
 0.71686  0.55152  0.37277 B   40 
 0.81892  0.65085  0.16818 T   40 
 0.81091  0.54000  0.69836 B   41 
 1.13347  0.77464  0.68153 Q   41 
 0.57647  0.38913  0.79837 B   42 
 0.40260  0.50793  0.77960 A   42 
 0.52234  0.23086  1.12297 B   43 
 0.76149  0.17916  1.11771 T   43 
 0.33540 -0.06191  1.26325 B   44 
 0.15552  0.21952  1.21431 N   44 
 0.24618 -0.22570  1.53187 B   45 
 0.63459 -0.48536  1.72875 R   45 
 0.12441 -0.54282  1.59959 B   46 
 0.03953 -0.50457  1.26996 N   46 
-0.02914 -0.75797  1.80903 B   47 
-0.26234 -0.68625  1.89410 T   47 
 0.12501 -1.01349  1.65836 B   48 
 0.04099 -1.01132  1.40681 D   48 
 0.42970 -0.86313  1.61378 B   49 
 0.41084 -0.73530  1.37409 B   50 
 0.26727 -0.84197  1.20552 S   50 
 0.46827 -0.50821  1.07950 B   51 
 0.63074 -0.38175  1.25762 T   51 
 0.39939 -0.21267  0.92089 B   52 
 0.07241 -0.31496  0.89756 D   52 
 0.50108 -0.09320  0.58614 B   53 
 0.82919 -0.29812  0.87090 Y   53 
 0.47305  0.19880  0.45245 B   54 
 0.24301  0.34319  0.22735 B   55 
 0.32010  0.50690  0.02442 I   55 
 0.08270  0.03087  0.25137 B   56 
-0.00274  0.07734 -0.05499 L   56 
 0.11946 -0.13698  0.50214 B   57 
 0.12900  0.10328  0.75042 Q   57 
 0.31442 -0.37984  0.48758 B   58 
 0.34166 -0.41388  0.18070 I   58 
 0.33134 -0.69600  0.62203 B   59 
 0.15788 -0.80219  0.84886 N   59 
 0.56555 -0.91127  0.80575 B   60 
 0.63871 -0.78685  0.98379 S   60 
 0.41047 -1.19780  0.80628 B   61 
 0.25397 -1.29093  1.19544 R   61 
 0.39801 -1.21125  0.46344 B   62 
 0.01140 -1.39862  0.61600 W   62 
 0.58582 -0.99118  0.27785 B   63 
 0.16584 -1.00462  0.15356 W   63 
 0.82318 -0.91574  0.48733 B   64 
 0.79828 -0.65683  0.48394 X   64 
 1.15006 -0.87216  0.63478 B   65 
 1.31514 -1.10435  0.71879 N   65 
 1.24995 -0.77848  0.99509 B   66 
 1.00002 -0.73311  1.08536 D   66 
 1.36744 -1.00523  1.20748 B   67 
 1.07774 -0.99731  1.42563 B   68 
 1.01904 -0.54185  1.54244 R   68 
 0.87453 -1.22858  1.27717 B   69 
 0.72798 -1.03415  1.20002 T   69 
 0.74125 -1.49502  1.35933 B   70 
 0.77182 -1.44506  1.56509 P   70 
 0.63130 -1.68310  1.09886 B   71 
 0.73045 -1.55892  0.84554 B   72 
 0.84761 -1.35971  0.90083 S   72 
 0.73104 -1.51897  0.46590 B   73 
 0.53293 -1.81038  0.40663 R   73 
 0.82459 -1.31793  0.23786 B   74 
 1.06842 -1.18254  0.25110 N   74 
 0.66394 -1.29417 -0.05304 B   75 
 0.41092 -1.46655  0.05201 L   75 
 0.82967 -1.03119 -0.17127 B   76 
 0.57006 -0.86180 -0.15107 X   76 
 1.12307 -1.06281 -0.11772 B   77 
 1.28508 -1.26280 -0.20826 N   77 
 1.18085 -0.84175  0.13470 B   78 
 1.13225 -0.64273 -0.07676 I   78 
 1.28855 -0.59761  0.30606 B   79 
 1.48809 -0.61325  0.24590 P   79 
 1.09625 -0.39045  0.48482 B   80 
 0.93816 -0.59649  0.66463 X   80 
 1.27881 -0.13549  0.43427 B   81 
 1.49173 -0.21417  0.51133 S   81 
 1.21480 -0.10854  0.12826 B   82 
 1.30007 -0.27950  0.03985 A   82 
 0.91790  0.00568  0.20958 B   83 
 0.76085 -0.28063  0.18732 L   83 
 1.06711  0.30473  0.29746 B   84 
 1.02066  0.17769  0.59739 L   84 
 1.13820  0.42152  0.05165 B   85 
 1.33235  0.35337 -0.10588 S   85 
 1.11498  0.67378 -0.18850 B   86 
 1.30860  0.81337 -0.16891 S   86 
 1.10342  0.42070 -0.36075 B   87 
 1.23999  0.34020 -0.60637 D   87 
 0.79700  0.25343 -0.45098 B   88 
 0.61138  0.44600 -0.46309 I   88 
 0.85520 -0.00648 -0.60959 B   89 
 1.03445  0.05032 -0.79698 T   89 
 0.83771 -0.22065 -0.38470 B   90 
 1.02524 -0.20779 -0.27556 A   90 
 0.54743 -0.16166 -0.28762 B   91 
 0.59648  0.01990 -0.08776 S   91 
 0.40781 -0.20514 -0.55667 B   92 
 0.41052  0.00894 -0.70794 V   92 
 0.49225 -0.49370 -0.61806 B   93 
 0.75405 -0.42833 -0.81899 N   93 
 0.36994 -0.59687 -0.35368 B   94 
 0.49686 -0.64237 -0.10266 X   94 
 0.08083 -0.49348 -0.38797 B   95 
 0.08876 -0.28141 -0.35178 A   95 
 0.01715 -0.65787 -0.64162 B   96 
 0.20693 -0.40250 -0.98172 K   96 
 0.02628 -0.92547 -0.48216 B   97 
 0.38358 -1.06897 -0.49078 K   97 
-0.18717 -0.86553 -0.26733 B   98 
-0.04286 -0.71275 -0.03926 I   98 
-0.43687 -0.80081 -0.45820 B   99 
-0.44774 -0.59515 -0.56498 V   99 
-0.39701 -1.10458 -0.59297 B   100 
-0.25697 -0.99358 -0.78506 S   100 
-0.47182 -1.30077 -0.33797 B   101 
-0.32595 -1.34049 -0.10442 D   101 
-0.83306 -1.25822 -0.32596 B   102 
-0.93655 -0.98673 -0.14477 B   103 
-0.94617 -1.20152  0.09822 N   103 
-0.80364 -0.76958 -0.25528 B   104 
-0.82788 -0.45489 -0.09589 B   105 
-0.74389 -0.15530 -0.33460 M   105 
-0.91578 -0.58810  0.18327 B   106 
-1.21939 -0.64373  0.06456 N   106 
-0.62174 -0.60728  0.29218 B   107 
-0.52580 -0.72393  0.14751 A   107 
-0.69450 -0.30379  0.34762 B   108 
-0.33257 -0.29481  0.05239 W   108 
-0.84183 -0.17919  0.61758 B   109 
-0.78741 -0.31413  0.82826 V   109 
-0.85776  0.12227  0.53489 B   110 
-0.67108  0.20869  0.59546 A   110 
-0.99790  0.07660  0.26840 B   111 
-1.04127 -0.06899 -0.09010 W   111 
-1.24919 -0.07498  0.36849 B   112 
-1.26575 -0.42657  0.60179 R   112 
-1.32785  0.14788  0.60354 B   113 
-1.27983 -0.07247  0.83686 N   113 
-1.25705  0.42985  0.39822 B   114 
-0.99608  0.62661  0.77974 R   114 
-1.29134  0.35404  0.06932 B   115 
-0.98064  0.42042  0.09487 X   115 
-1.50176  0.16252  0.03305 B   116 
-1.53133 -0.28132  0.01852 K   116 
-1.78011  0.29421 -0.14424 B   117 
-1.64406  0.54424 -0.23349 B   118 
-1.53015  0.60979 -0.00962 T   118 
-1.52162  0.84277 -0.38424 B   119 
-1.64080  1.01879 -0.57662 D   119 
-1.21062  0.77571 -0.50762 B   120 
-1.21192  0.53069 -0.45831 V   120 
-1.17544  0.99148 -0.73186 B   121 
-1.45690  0.86523 -1.01182 Q   121 
-1.11193  1.22836 -0.53471 B   122 
-1.28500  1.24942 -0.42266 A   122 
-0.79812  1.14140 -0.50826 B   123 
-0.86698  1.02339 -0.10223 W   123 
-0.74396  1.26204 -0.82793 B   124 
-0.72396  1.01529 -0.93274 I   124 
-0.81198  1.53510 -0.82065 B   125 
-1.31728  1.42411 -0.79347 R   125 
-0.62117  1.76876 -1.00666 B   126 
-0.46521  1.55688 -1.15531 B   127 
-0.38562  1.43205 -0.86814 X   127 
-0.19624  1.49631 -1.39402 B   128 
-0.26151  1.63133 -1.77082 R   128 
-0.30107  1.21268 -1.61898 B   129 
-0.30330  1.11610 -1.37783 L   129 
