246 
-0.84143  0.28437  0.99902 B   1 
-0.93374 -0.10387  1.12935 K   1 
-0.61701  0.18555  1.26025 B   2 
-0.50575  0.41232  1.31827 V   2 
-0.37753 -0.02836  1.25182 B   3 
-0.58612 -0.25534  0.94705 F   3 
-0.20953 -0.27334  1.36032 B   4 
 0.05599 -0.44151  1.29724 B   5 
 0.45916 -0.48204  1.45665 R   5 
-0.04064 -0.74166  1.34676 B   6 
 0.16198 -0.82582  1.57090 X   6 
-0.31425 -0.68693  1.20983 B   7 
-0.61190 -0.47454  1.34658 E   7 
-0.21290 -0.62002  0.92526 B   8 
-0.16578 -0.34379  0.80043 L   8 
-0.04580 -0.87040  0.87209 B   9 
 0.13135 -0.85361  0.99656 A   9 
-0.28146 -1.06477  0.88507 B   10 
-0.33410 -1.08211  1.09663 A   10 
-0.44758 -0.94048  0.65464 B   11 
-0.55554 -0.77371  0.74119 A   11 
-0.22720 -0.94873  0.43711 B   12 
-0.02465 -0.57122  0.46956 M   12 
-0.19862 -1.25127  0.44754 B   13 
 0.03258 -1.51568  0.70217 K   13 
-0.48239 -1.34587  0.38739 B   14 
-0.87616 -1.18823  0.55073 R   14 
-0.46105 -1.17314  0.10721 B   15 
-0.73800 -0.93210  0.23678 H   15 
-0.15824 -1.27708 -0.00673 B   16 
 0.11722 -1.08842  0.04058 B   17 
-0.02885 -0.79984  0.01541 L   17 
 0.29584 -1.30287  0.12219 B   18 
 0.42419 -1.40121  0.38334 D   18 
 0.53185 -1.32208 -0.12212 B   19 
 0.64152 -1.52429  0.10306 N   19 
 0.44287 -1.12726 -0.31705 B   20 
 0.07286 -1.06133 -0.54933 Y   20 
 0.64851 -1.11427 -0.57056 B   21 
 0.37339 -1.08624 -0.95667 R   21 
 0.87835 -1.17135 -0.32598 B   22 
 0.73835 -1.01480 -0.07919 B   23 
 0.89478 -0.67738 -0.36725 Y   23 
 0.75755 -1.00255  0.22355 B   24 
 0.95344 -1.05907  0.33901 S   24 
 0.55082 -0.90729  0.46773 B   25 
 0.31503 -1.05924  0.60869 L   25 
 0.74230 -0.68851  0.59524 B   26 
 0.73455 -0.49523  0.35388 B   27 
 0.99288 -0.63360  0.18648 N   27 
 0.43523 -0.42298  0.36238 B   28 
 0.33831 -0.62794 -0.02184 W   28 
 0.43046 -0.31812  0.65167 B   29 
 0.37890 -0.50448  0.82542 V   29 
 0.64924 -0.10764  0.61526 B   30 
 0.92650 -0.11596  0.62152 X   30 
 0.50633  0.05809  0.39994 B   31 
 0.52757 -0.05421  0.21343 A   31 
 0.24600  0.12563  0.55287 B   32 
 0.12370 -0.05141  0.54903 A   32 
 0.38604  0.27486  0.78120 B   33 
 0.50702  0.28140  1.10015 K   33 
 0.53354  0.50546  0.58497 B   34 
 0.87772  0.38192  0.77284 F   34 
 0.27284  0.59053  0.41989 B   35 
 0.39722  0.48274  0.10877 E   35 
 0.02028  0.57752  0.67017 B   36 
-0.10300  0.42898  0.56124 S   36 
 0.04628  0.45530  0.95632 B   37 
 0.17077  0.61759  1.15741 N   37 
-0.20204  0.24640  0.92961 B   38 
 0.11534  0.02018  1.06700 F   38 
-0.40332  0.45020  0.76406 B   39 
-0.52784  0.67754  0.91632 N   39 
-0.68190  0.42323  0.55938 B   40 
-0.80205  0.22646  0.65417 T   40 
-0.74646  0.75609  0.55498 B   41 
-1.06974  0.76305  0.78912 Q   41 
-0.50368  0.83802  0.40641 B   42 
-0.33245  0.80119  0.52481 A   42 
-0.42041  1.15986  0.25531 B   43 
-0.65896  1.17712  0.20345 T   43 
-0.22104  1.28922 -0.03427 B   44 
-0.04687  1.21827  0.24607 N   44 
-0.10780  1.55230 -0.19210 B   45 
-0.47649  1.78874 -0.44747 R   45 
 0.02023  1.61578 -0.50763 B   46 
 0.07523  1.27912 -0.47660 N   46 
 0.19237  1.81530 -0.71809 B   47 
 0.43207  1.87760 -0.64446 T   47 
 0.02593  1.68462 -0.97689 B   48 
 0.08713  1.42658 -0.98022 D   48 
-0.28185  1.66419 -0.82763 B   49 
-0.28478  1.42104 -0.70508 B   50 
-0.15661  1.24268 -0.81538 S   50 
-0.36881  1.12787 -0.48453 B   51 
-0.51499  1.31700 -0.35422 T   51 
-0.31503  0.95733 -0.19251 B   52 
 0.00878  0.90710 -0.29521 D   52 
-0.44649  0.63048 -0.08044 B   53 
-0.74739  0.94783 -0.27915 Y   53 
-0.43117  0.48848  0.20856 B   54 
-0.22248  0.24062  0.34804 B   55 
-0.31776  0.04186  0.50723 I   55 
-0.05998  0.25702  0.03636 B   56 
-0.00235 -0.05669  0.07612 L   56 
-0.07381  0.51368 -0.12596 B   57 
-0.06166  0.75651  0.11969 Q   57 
-0.26875  0.52191 -0.36913 B   58 
-0.32322  0.21951 -0.40991 I   58 
-0.27288  0.66420 -0.68227 B   59 
-0.07962  0.87688 -0.78341 N   59 
-0.48926  0.87278 -0.89352 B   60 
-0.54650  1.05389 -0.76524 S   60 
-0.33412  0.86570 -1.17993 B   61 
-0.14327  1.24125 -1.26445 R   61 
-0.35232  0.52349 -1.20089 B   62 
 0.04680  0.64494 -1.38477 W   62 
-0.55645  0.35068 -0.98500 B   63 
-0.14923  0.18966 -1.00105 W   63 
-0.77431  0.57884 -0.90504 B   64 
-0.75038  0.56758 -0.64626 X   64 
-1.08679  0.75393 -0.85832 B   65 
-1.24320  0.85741 -1.08865 N   65 
-1.15430  1.11959 -0.75678 B   66 
-0.89741  1.18615 -0.70938 D   66 
-1.25183  1.34654 -0.97885 B   67 
-0.94382  1.53769 -0.96607 B   68 
-0.87593  1.63882 -0.50814 R   68 
-0.75417  1.37675 -1.20049 B   69 
-0.61554  1.28258 -1.00775 T   69 
-0.61350  1.45246 -1.46502 B   70 
-0.62566  1.65899 -1.41057 P   70 
-0.52685  1.18737 -1.65875 B   71 
-0.64851  0.94128 -1.54018 B   72 
-0.76070  1.00246 -1.33983 S   72 
-0.68311  0.56243 -1.50857 B   73 
-0.49045  0.49207 -1.80115 R   73 
-0.79711  0.33933 -1.31260 B   74 
-1.03908  0.37135 -1.17703 N   74 
-0.66315  0.03479 -1.29520 B   75 
-0.40137  0.12054 -1.46516 L   75 
-0.83937 -0.07387 -1.03491 B   76 
-0.57937 -0.08066 -0.86505 X   76 
-1.12674  0.00637 -1.06543 B   77 
-1.29574 -0.06494 -1.26740 N   77 
-1.16222  0.25806 -0.83890 B   78 
-1.13315  0.03881 -0.64456 I   78 
-1.25472  0.43299 -0.59108 B   79 
-1.45880  0.39126 -0.60809 P   79 
-1.04767  0.58928 -0.38000 B   80 
-0.87369  0.75869 -0.58200 X   80 
-1.23458  0.54970 -0.12626 B   81 
-1.43959  0.64718 -0.20328 S   81 
-1.19824  0.23867 -0.10601 B   82 
-1.29069  0.16199 -0.27890 A   82 
-0.89551  0.29062  0.01004 B   83 
-0.74044  0.26066 -0.27665 L   83 
-1.03693  0.38493  0.31090 B   84 
-0.96359  0.68221  0.19049 L   84 
-1.12996  0.14397  0.42226 B   85 
-1.33726  0.00595  0.35061 S   85 
-1.12886 -0.10274  0.66919 B   86 
-1.32026 -0.06898  0.80913 S   86 
-1.13217 -0.26977  0.41240 B   87 
-1.28996 -0.50038  0.32650 D   87 
-0.83468 -0.38336  0.24327 B   88 
-0.65130 -0.41621  0.43557 I   88 
-0.90623 -0.53042 -0.02007 B   89 
-1.10164 -0.70223  0.03256 T   89 
-0.86825 -0.30337 -0.22925 B   90 
-1.04530 -0.17821 -0.21405 A   90 
-0.57058 -0.23394 -0.16808 B   91 
-0.60198 -0.03450  0.01782 S   91 
-0.45546 -0.51338 -0.21741 B   92 
-0.47216 -0.66844 -0.00670 V   92 
-0.54442 -0.56066 -0.50727 B   93 
-0.82327 -0.73876 -0.44639 N   93 
-0.39874 -0.30608 -0.60458 B   94 
-0.50262 -0.04379 -0.64460 X   94 
-0.11408 -0.36833 -0.50189 B   95 
-0.11921 -0.33621 -0.28909 A   95 
-0.07296 -0.62300 -0.67180 B   96 
-0.29294 -0.95027 -0.42400 K   96 
-0.06721 -0.45756 -0.93583 B   97 
-0.42353 -0.43107 -1.07958 K   97 
 0.16445 -0.26403 -0.87114 B   98 
 0.04076 -0.02736 -0.71343 I   98 
 0.39595 -0.47782 -0.81055 B   99 
 0.39678 -0.58961 -0.60729 V   99 
 0.34488 -0.60183 -1.11722 B   100 
 0.18799 -0.78301 -1.01050 S   100 
 0.44261 -0.35031 -1.30775 B   101 
 0.31829 -0.10385 -1.34238 D   101 
 0.80339 -0.37157 -1.26485 B   102 
 0.92205 -0.20633 -0.98943 B   103 
 0.95383  0.03946 -1.19883 N   103 
 0.77932 -0.30923 -0.77479 B   104 
 0.81701 -0.15956 -0.45667 B   105 
 0.71136 -0.39629 -0.16241 M   105 
 0.92979  0.11347 -0.58370 B   106 
 1.22171 -0.03066 -0.64185 N   106 
 0.64670  0.24862 -0.60056 B   107 
 0.53848  0.11569 -0.72038 A   107 
 0.72346  0.29070 -0.29591 B   108 
 0.33658  0.02888 -0.29351 W   108 
 0.89404  0.54362 -0.16538 B   109 
 0.85897  0.76122 -0.29568 V   109 
 0.90186  0.45328  0.13420 B   110 
 0.72114  0.52839  0.22188 A   110 
 1.01772  0.17639  0.08273 B   111 
 1.02921 -0.18129 -0.07069 W   111 
 1.27728  0.25690 -0.06655 B   112 
 1.31540  0.49541 -0.41294 R   112 
 1.37614  0.47906  0.16143 B   113 
 1.34965  0.72049 -0.05376 N   113 
 1.28664  0.27478  0.43881 B   114 
 1.06038  0.67371  0.64383 R   114 
 1.29158 -0.05413  0.35581 B   115 
 0.98426 -0.00237  0.42265 X   115 
 1.49834 -0.10488  0.16359 B   116 
 1.52748 -0.11230 -0.28045 K   116 
 1.75945 -0.30917  0.29144 B   117 
 1.61541 -0.39134  0.53941 B   118 
 1.52181 -0.15967  0.60982 T   118 
 1.47933 -0.53702  0.83453 B   119 
 1.58044 -0.74308  1.00632 D   119 
 1.15869 -0.63062  0.76470 B   120 
 1.16493 -0.57628  0.52082 V   120 
 1.10313 -0.85547  0.97548 B   121 
 1.35873 -1.15665  0.84319 Q   121 
 1.05697 -0.65865  1.21662 B   122 
 1.23931 -0.56301  1.24018 A   122 
 0.74698 -0.60236  1.13018 B   123 
 0.85211 -0.20164  1.02113 W   123 
 0.66420 -0.91847  1.24376 B   124 
 0.63546 -1.01566  0.99477 I   124 
 0.73199 -0.92326  1.51693 B   125 
 1.23794 -0.93894  1.40670 R   125 
 0.52480 -1.09653  1.74641 B   126 
 0.35665 -1.22598  1.53127 B   127 
 0.30333 -0.93019  1.41275 X   127 
 0.06757 -1.43831  1.46541 B   128 
 0.09860 -1.82230  1.59215 R   128 
 0.15250 -1.66550  1.17695 B   129 
 0.17648 -1.42346  1.08568 L   129 
