246 
-0.67797  1.12297  0.25731 B   1 
-1.06846  0.99301  0.17443 K   1 
-0.83292  1.00017  0.55612 B   2 
-0.66692  1.08479  0.73626 V   2 
-0.90307  0.69779  0.63871 B   3 
-0.95232  0.59136  0.22138 F   3 
-1.09017  0.46808  0.74934 B   4 
-1.08551  0.15625  0.82350 B   5 
-1.07730 -0.09138  1.18157 R   5 
-1.36480  0.05479  0.70696 B   6 
-1.49395 -0.05718  0.96994 X   6 
-1.33329  0.22935  0.45173 B   7 
-1.36117  0.61765  0.42260 E   7 
-1.07908  0.09751  0.33458 B   8 
-0.78800  0.19125  0.35893 L   8 
-1.17261 -0.19344  0.32833 B   9 
-1.17688 -0.26104  0.53465 A   9 
-1.39944 -0.14578  0.12892 B   10 
-1.55743 -0.04341  0.24022 A   10 
-1.22532 -0.03652 -0.10321 B   11 
-1.19283  0.17345 -0.06064 A   11 
-1.02650 -0.27351 -0.11943 B   12 
-0.70560 -0.16790  0.14602 M   12 
-1.24228 -0.47761 -0.18456 B   13 
-1.51082 -0.71041  0.06422 K   13 
-1.36865 -0.36100 -0.43660 B   14 
-1.48418  0.06970 -0.52459 R   14 
-1.06709 -0.36989 -0.56992 B   15 
-1.06302  0.01924 -0.58235 H   15 
-0.97280 -0.68612 -0.48879 B   16 
-0.77334 -0.74315 -0.22295 B   17 
-0.59779 -0.47144 -0.24740 L   17 
-0.91856 -0.97100 -0.11546 B   18 
-1.10503 -1.02678  0.12216 D   18 
-0.70628 -1.23535 -0.14401 B   19 
-0.95238 -1.35572  0.02503 N   19 
-0.47696 -1.12301 -0.28059 B   20 
-0.41170 -0.90901 -0.66158 Y   20 
-0.24590 -1.34958 -0.32537 B   21 
-0.08351 -1.28075 -0.76633 R   21 
-0.35877 -1.45623 -0.02240 B   22 
-0.44124 -1.17234  0.11033 B   23 
 0.02917 -1.17561  0.10698 Y   23 
-0.60909 -1.06849  0.34102 B   24 
-0.65474 -1.19794  0.53091 S   24 
-0.75652 -0.77727  0.41095 B   25 
-1.03009 -0.65684  0.31497 L   25 
-0.61167 -0.72821  0.68916 B   26 
-0.32838 -0.69007  0.57097 B   27 
-0.24145 -1.01615  0.57549 N   27 
-0.38069 -0.43411  0.40777 B   28 
-0.32885 -0.63321  0.01192 W   28 
-0.48134 -0.26093  0.64140 B   29 
-0.73844 -0.27802  0.67587 V   29 
-0.23429 -0.29532  0.81825 B   30 
-0.15198 -0.49087  0.99703 X   30 
-0.03161 -0.17096  0.62408 B   31 
 0.00698 -0.32301  0.47163 A   31 
-0.16171  0.10725  0.58677 B   32 
-0.32816  0.08082  0.45294 A   32 
-0.14527  0.18533  0.88284 B   33 
-0.29324  0.22077  1.18822 K   33 
 0.18931  0.15512  0.90689 B   34 
 0.10064 -0.09281  1.22262 F   34 
 0.26410  0.32938  0.64902 B   35 
 0.41558  0.06336  0.47532 E   35 
 0.01940  0.58738  0.66158 B   36 
-0.06319  0.54130  0.46112 S   36 
-0.23348  0.59692  0.84448 B   37 
-0.19628  0.68406  1.11521 N   37 
-0.45103  0.62997  0.60449 B   38 
-0.59239  0.31859  0.83652 F   38 
-0.27028  0.83657  0.41981 B   39 
-0.23920  1.11947  0.51660 N   39 
-0.25857  0.93929  0.08885 B   40 
-0.49824  0.93480  0.02043 T   40 
-0.03646  1.18941  0.14440 B   41 
-0.28044  1.50311  0.10638 Q   41 
 0.19337  1.01786  0.21843 B   42 
 0.15199  0.91885  0.40058 A   42 
 0.54535  1.10532  0.26090 B   43 
 0.50995  1.26303  0.07714 T   43 
 0.88035  0.94237  0.22145 B   44 
 0.71732  0.87873  0.51012 N   44 
 1.20384  0.97005  0.26062 B   45 
 1.40691  1.28074 -0.08476 R   45 
 1.48316  0.80633  0.13750 B   46 
 1.23901  0.57014  0.09360 N   46 
 1.81204  0.73455  0.15785 B   47 
 1.89225  0.63336  0.38165 T   47 
 1.81869  0.67530 -0.17110 B   48 
 1.65428  0.47122 -0.21183 D   48 
 1.61136  0.93050 -0.26765 B   49 
 1.36029  0.82578 -0.25552 B   50 
 1.34050  0.58596 -0.30552 S   50 
 0.98680  0.78180 -0.24060 B   51 
 0.99630  1.04807 -0.18467 T   51 
 0.70463  0.74414 -0.05032 B   52 
 0.83798  0.45077  0.06829 D   52 
 0.35661  0.67293 -0.15271 B   53 
 0.60649  1.00730 -0.39039 Y   53 
 0.08414  0.67864  0.01948 B   54 
-0.11027  0.43009  0.17717 B   55 
-0.38206  0.43039  0.16970 I   55 
 0.14410  0.21456  0.06464 B   56 
-0.08785 -0.00605  0.03549 L   56 
 0.42344  0.32492  0.01766 B   57 
 0.45465  0.55630  0.27252 Q   57 
 0.51169  0.37747 -0.27670 B   58 
 0.29939  0.21264 -0.43109 I   58 
 0.80269  0.35543 -0.45879 B   59 
 1.08200  0.31671 -0.34347 N   59 
 1.00951  0.55894 -0.68408 B   60 
 1.04399  0.75769 -0.57526 S   60 
 1.22916  0.34308 -0.79043 B   61 
 1.61550  0.41326 -0.61600 R   61 
 0.98811  0.13547 -0.91956 B   62 
 1.31983 -0.13293 -0.75900 W   62 
 0.66464  0.24806 -0.94845 B   63 
 0.69312 -0.14077 -0.74841 W   63 
 0.70903  0.57016 -0.96223 B   64 
 0.55232  0.64020 -0.76678 X   64 
 0.70367  0.91301 -1.07588 B   65 
 0.86590  1.00262 -1.30798 N   65 
 0.88447  1.22390 -0.93721 B   66 
 0.98933  1.10393 -0.71977 D   66 
 1.15063  1.35234 -1.08887 B   67 
 1.38359  1.26173 -0.82601 B   68 
 1.20238  1.44315 -0.42753 R   68 
 1.47189  0.94510 -0.91962 B   69 
 1.33324  0.86001 -0.72273 T   69 
 1.73342  0.79865 -0.99484 B   70 
 1.84592  0.95517 -0.90202 P   70 
 1.68752  0.50359 -1.15652 B   71 
 1.39727  0.47811 -1.22383 B   72 
 1.28311  0.66660 -1.13491 S   72 
 1.09247  0.27815 -1.33712 B   73 
 1.28252 -0.00534 -1.44290 R   73 
 0.77460  0.28965 -1.33774 B   74 
 0.63538  0.52675 -1.38629 N   74 
 0.58818  0.01361 -1.33131 B   75 
 0.84001 -0.17651 -1.25919 L   75 
 0.29356  0.16274 -1.29166 B   76 
 0.27230  0.03934 -1.00737 X   76 
 0.27461  0.40123 -1.47252 B   77 
 0.28899  0.40124 -1.74498 N   77 
 0.30797  0.66429 -1.25896 B   78 
 0.04141  0.57818 -1.16832 I   78 
 0.25396  0.92697 -1.08969 B   79 
 0.16624  1.03668 -1.24443 P   79 
 0.30821  0.95663 -0.76101 B   80 
 0.61080  0.86791 -0.74252 X   80 
 0.06400  1.15375 -0.71210 B   81 
 0.11302  1.32889 -0.86825 S   81 
-0.16128  0.94253 -0.76785 B   82 
-0.14293  0.89654 -0.97246 A   82 
-0.09328  0.80647 -0.47686 B   83 
 0.10995  0.57634 -0.59032 L   83 
-0.25398  1.07224 -0.32535 B   84 
 0.05837  1.16244 -0.27481 L   84 
-0.52663  1.02744 -0.37797 B   85 
-0.65207  1.05978 -0.60242 S   85 
-0.85417  0.96273 -0.27611 B   86 
-0.97796  1.16736 -0.28879 S   86 
-0.82085  0.76829 -0.51049 B   87 
-0.98823  0.70353 -0.74124 D   87 
-0.70192  0.42978 -0.47479 B   88 
-0.78107  0.35155 -0.23127 I   88 
-0.67286  0.29279 -0.75136 B   89 
-0.89397  0.34084 -0.89019 T   89 
-0.36940  0.33178 -0.80741 B   90 
-0.34684  0.53809 -0.87200 A   90 
-0.25725  0.19024 -0.55333 B   91 
-0.23576  0.40329 -0.38166 S   91 
-0.39140 -0.08126 -0.59873 B   92 
-0.63661 -0.08975 -0.50642 V   92 
-0.27987 -0.15374 -0.87526 B   93 
-0.53824 -0.04863 -1.06336 N   93 
 0.01164 -0.13198 -0.77501 B   94 
 0.19116  0.08872 -0.79097 X   94 
-0.00094 -0.33129 -0.53928 B   95 
-0.10810 -0.23074 -0.38196 A   95 
-0.06883 -0.57962 -0.70997 B   96 
-0.52866 -0.54046 -0.77267 K   96 
 0.21250 -0.57637 -0.84398 B   97 
 0.20022 -0.36435 -1.16527 K   97 
 0.39042 -0.59365 -0.59228 B   98 
 0.42523 -0.30355 -0.48830 I   98 
 0.27596 -0.86544 -0.46578 B   99 
 0.07239 -0.86191 -0.35460 V   99 
 0.35471 -1.01801 -0.75309 B   100 
 0.10691 -0.98297 -0.83181 S   100 
 0.68445 -0.99857 -0.75047 B   101 
 0.84247 -0.77156 -0.78039 D   101 
 0.76300 -1.24694 -0.49631 B   102 
 0.75544 -1.12702 -0.17568 B   103 
 1.07054 -1.07214 -0.23022 N   103 
 0.50373 -1.01410 -0.14532 B   104 
 0.43218 -0.83214  0.14928 B   105 
 0.04777 -0.79933  0.21963 M   105 
 0.74409 -0.78681  0.21301 B   106 
 0.77193 -1.10025  0.31471 N   106 
 0.75804 -0.51222  0.06103 B   107 
 0.69834 -0.56300 -0.13286 A   107 
 0.62974 -0.42914  0.33872 B   108 
 0.31025 -0.32215  0.01513 W   108 
 0.79053 -0.34324  0.61599 B   109 
 1.01517 -0.23080  0.56646 V   109 
 0.54655 -0.29638  0.80639 B   110 
 0.48784 -0.09240  0.77586 A   110 
 0.41578 -0.56759  0.76071 B   111 
 0.25351 -0.85338  0.55191 W   111 
 0.65058 -0.75194  0.84452 B   112 
 1.04536 -0.75558  0.69466 R   112 
 0.70633 -0.60005  1.13593 B   113 
 1.00241 -0.50950  1.03881 N   113 
 0.36099 -0.56442  1.21434 B   114 
 0.45054 -0.08508  1.33513 R   114 
 0.17478 -0.80229  1.05995 B   115 
 0.06970 -0.53240  0.92688 X   115 
 0.32300 -1.04707  1.04024 B   116 
 0.59587 -1.23265  0.74161 K   116 
 0.18458 -1.30918  1.23619 B   117 
-0.07272 -1.17041  1.29558 B   118 
 0.02126 -0.93592  1.35532 T   118 
-0.40187 -1.05957  1.37443 B   119 
-0.62130 -1.19570  1.49897 D   119 
-0.53391 -0.92022  1.09231 B   120 
-0.34501 -0.97906  0.93959 V   120 
-0.84259 -0.94506  1.13895 B   121 
-0.89563 -1.35771  1.11778 Q   121 
-0.86131 -0.70339  1.33961 B   122 
-0.74576 -0.76213  1.50131 A   122 
-0.87130 -0.48430  1.09746 B   123 
-0.48039 -0.34779  1.20736 W   123 
-1.19628 -0.58212  1.03040 B   124 
-1.12558 -0.71267  0.80629 I   124 
-1.34243 -0.53333  1.26599 B   125 
-1.11901 -0.93452  1.50579 R   125 
-1.67547 -0.41399  1.24465 B   126 
-1.69492 -0.45547  0.94596 B   127 
-1.42687 -0.27749  0.91660 X   127 
-1.90481 -0.41039  0.65116 B   128 
-2.24906 -0.62471  0.64567 R   128 
-1.86655 -0.71500  0.43255 B   129 
-1.62821 -0.61428  0.45571 L   129 
