246 
-0.84381  0.60478  0.84210 B   1 
-1.08668  0.27924  0.94829 K   1 
-0.71550  0.44636  1.13675 B   2 
-0.54335  0.62279  1.21677 V   2 
-0.56827  0.16244  1.16665 B   3 
-0.78871  0.00821  0.82674 F   3 
-0.51744 -0.12034  1.29879 B   4 
-0.32101 -0.37299  1.28013 B   5 
 0.00953 -0.54360  1.50646 R   5 
-0.52345 -0.61826  1.30738 B   6 
-0.40387 -0.75709  1.56194 X   6 
-0.73342 -0.47830  1.12590 B   7 
-0.95635 -0.16967  1.21222 E   7 
-0.56876 -0.46399  0.86434 B   8 
-0.40767 -0.22740  0.75396 L   8 
-0.49347 -0.75899  0.83705 B   9 
-0.34527 -0.79904  0.99064 A   9 
-0.78086 -0.85859  0.80585 B   10 
-0.87100 -0.84677  1.00475 A   10 
-0.85170 -0.69514  0.55206 B   11 
-0.90736 -0.49744  0.62117 A   11 
-0.61493 -0.78946  0.37600 B   12 
-0.30159 -0.50474  0.44907 M   12 
-0.69625 -1.08227  0.38646 B   13 
-0.61854 -1.39844  0.67317 K   13 
-0.98075 -1.07509  0.27647 B   14 
-1.31591 -0.78313  0.37142 R   14 
-0.85353 -0.93368  0.00701 B   15 
-1.04616 -0.60574  0.09030 H   15 
-0.59171 -1.14147 -0.05425 B   16 
-0.27978 -1.05826  0.04314 B   17 
-0.30914 -0.73840 -0.00245 L   17 
-0.20396 -1.31738  0.15113 B   18 
-0.16400 -1.44199  0.42902 D   18 
 0.04788 -1.42864 -0.04876 B   19 
 0.04031 -1.64571  0.18883 N   19 
 0.06684 -1.22428 -0.25308 B   20 
-0.21201 -1.04475 -0.54501 Y   20 
 0.30351 -1.29525 -0.46680 B   21 
 0.12470 -1.19130 -0.89433 R   21 
 0.45422 -1.41724 -0.18696 B   22 
 0.33851 -1.21057  0.03421 B   23 
 0.64921 -0.96220 -0.21695 Y   23 
 0.30960 -1.19177  0.33585 B   24 
 0.45093 -1.30741  0.48266 S   24 
 0.11140 -1.01946  0.54189 B   25 
-0.18278 -1.07336  0.63735 L   25 
 0.34299 -0.87516  0.70415 B   26 
 0.44407 -0.70260  0.46818 B   27 
 0.66185 -0.92966  0.34603 N   27 
 0.19210 -0.53057  0.42573 B   28 
 0.09564 -0.70665  0.02733 W   28 
 0.17579 -0.41733  0.71141 B   29 
 0.03383 -0.56593  0.87061 V   29 
 0.45719 -0.29786  0.71687 B   30 
 0.70873 -0.40166  0.77104 X   30 
 0.41970 -0.10296  0.48265 B   31 
 0.43132 -0.22414  0.30091 A   31 
 0.17773  0.05779  0.58909 B   32 
 0.00370 -0.06573  0.56128 A   32 
 0.32063  0.15948  0.84060 B   33 
 0.38080  0.13833  1.17577 K   33 
 0.57026  0.31516  0.67663 B   34 
 0.81262  0.08859  0.91943 F   34 
 0.38755  0.47774  0.47015 B   35 
 0.51674  0.31920  0.18369 E   35 
 0.10817  0.56485  0.67254 B   36 
-0.03911  0.46351  0.54153 S   36 
 0.04125  0.45458  0.95689 B   37 
 0.17898  0.57264  1.17907 N   37 
-0.25621  0.34394  0.88418 B   38 
-0.06601  0.02818  1.07100 F   38 
-0.34253  0.59707  0.68943 B   39 
-0.40330  0.86029  0.82132 N   39 
-0.57428  0.65910  0.43909 B   40 
-0.76982  0.52092  0.50846 T   40 
-0.51653  0.99308  0.42880 B   41 
-0.85137  1.12271  0.60333 Q   41 
-0.23914  0.97862  0.32595 B   42 
-0.11415  0.89013  0.47169 A   42 
-0.02435  1.24415  0.19670 B   43 
-0.22943  1.34077  0.10448 T   43 
 0.25333  1.28268 -0.05178 B   44 
 0.34187  1.16870  0.25339 N   44 
 0.47630  1.48245 -0.18339 B   45 
 0.26223  1.82015 -0.49514 R   45 
 0.66955  1.48285 -0.47085 B   46 
 0.59717  1.14987 -0.43605 N   46 
 0.93339  1.60020 -0.64505 B   47 
 1.16372  1.57871 -0.52995 T   47 
 0.77779  1.52365 -0.93085 B   48 
 0.74441  1.26056 -0.92757 D   48 
 0.46191  1.61832 -0.83763 B   49 
 0.35350  1.39726 -0.72131 B   50 
 0.42772  1.18059 -0.81048 S   50 
 0.13637  1.16206 -0.52335 B   51 
 0.04596  1.39600 -0.41744 T   51 
 0.07715  0.99715 -0.22916 B   52 
 0.37523  0.83290 -0.27485 D   52 
-0.17724  0.74187 -0.14679 B   53 
-0.31005  1.13442 -0.38969 Y   53 
-0.26141  0.61691  0.13821 B   54 
-0.17930  0.31873  0.30787 B   55 
-0.36344  0.17302  0.44495 I   55 
 0.02858  0.26324  0.02944 B   56 
-0.03481 -0.04876  0.07365 L   56 
 0.13296  0.50093 -0.12875 B   57 
 0.18786  0.73550  0.11909 Q   57 
-0.00293  0.56510 -0.40191 B   58 
-0.15212  0.29890 -0.45629 I   58 
 0.09571  0.68532 -0.70873 B   59 
 0.36526  0.81272 -0.77140 N   59 
 0.00484  0.94607 -0.95102 B   60 
-0.00608  1.14151 -0.83178 S   60 
 0.19347  0.87231 -1.20621 B   61 
 0.51501  1.15385 -1.25038 R   61 
 0.06044  0.55714 -1.23542 B   62 
 0.50166  0.52377 -1.34526 W   62 
-0.22446  0.47617 -1.06100 B   63 
 0.09715  0.18318 -1.00864 W   63 
-0.35880  0.76923 -1.01649 B   64 
-0.38419  0.76234 -0.75770 X   64 
-0.59333  1.04391 -1.02198 B   65 
-0.66252  1.18450 -1.27431 N   65 
-0.54461  1.41453 -0.92795 B   66 
-0.29255  1.38984 -0.83562 D   66 
-0.51773  1.65070 -1.15997 B   67 
-0.16912  1.72335 -1.09089 B   68 
-0.14814  1.81566 -0.62659 R   68 
-0.01129  1.49590 -1.29133 B   69 
 0.05111  1.36846 -1.07896 T   69 
 0.18932  1.50572 -1.52619 B   70 
 0.24125  1.70590 -1.47142 P   70 
 0.20895  1.21839 -1.70609 B   71 
-0.00924  1.03563 -1.61434 B   72 
-0.12489  1.14117 -1.43558 S   72 
-0.17904  0.69428 -1.59520 B   73 
 0.02306  0.54794 -1.85096 R   73 
-0.39514  0.53398 -1.42555 B   74 
-0.62970  0.65428 -1.33356 N   74 
-0.38120  0.20302 -1.38996 B   75 
-0.08138  0.18456 -1.51051 L   75 
-0.62539  0.17449 -1.16597 B   76 
-0.41672  0.08568 -0.95368 X   76 
-0.85699  0.34804 -1.24465 B   77 
-1.00374  0.33061 -1.47400 N   77 
-0.83967  0.60657 -1.02378 B   78 
-0.92230  0.40011 -0.83082 I   78 
-0.90534  0.81400 -0.79306 B   79 
-1.10516  0.84501 -0.84590 P   79 
-0.69531  0.89823 -0.54679 B   80 
-0.44173  0.98713 -0.71282 X   80 
-0.92407  0.93781 -0.33001 B   81 
-1.06592  1.09675 -0.43992 S   81 
-1.00285  0.63481 -0.30867 B   82 
-1.08582  0.58711 -0.49617 A   82 
-0.72520  0.58369 -0.14102 B   83 
-0.54460  0.48852 -0.39686 L   83 
-0.87309  0.73505  0.13217 B   84 
-0.68121  0.98244  0.03102 L   84 
-1.06189  0.54683  0.22187 B   85 
-1.28918  0.48624  0.11315 S   85 
-1.18873  0.32679  0.46132 B   86 
-1.37683  0.43136  0.56641 S   86 
-1.20709  0.15963  0.20524 B   87 
-1.41878 -0.00553  0.08962 D   87 
-0.94426 -0.05791  0.08857 B   88 
-0.81910 -0.14348  0.30925 I   88 
-1.01741 -0.18297 -0.18549 B   89 
-1.26647 -0.27359 -0.17030 T   89 
-0.86777  0.00682 -0.38128 B   90 
-0.98967  0.18624 -0.39508 A   90 
-0.57944 -0.02871 -0.26826 B   91 
-0.56981  0.17759 -0.08752 S   91 
-0.56287 -0.33270 -0.30126 B   92 
-0.66796 -0.46238 -0.09913 V   92 
-0.61267 -0.35949 -0.60287 B   93 
-0.94222 -0.42663 -0.59416 N   93 
-0.37295 -0.17614 -0.66939 B   94 
-0.37015  0.10375 -0.72269 X   94 
-0.14968 -0.32856 -0.51983 B   95 
-0.17894 -0.28686 -0.31066 A   95 
-0.17237 -0.58923 -0.68400 B   96 
-0.53130 -0.80789 -0.48336 K   96 
-0.06478 -0.44848 -0.94039 B   97 
-0.35970 -0.30656 -1.14339 K   97 
 0.20557 -0.34469 -0.83341 B   98 
 0.14792 -0.07277 -0.69586 I   98 
 0.33389 -0.62253 -0.73693 B   99 
 0.26135 -0.71812 -0.53840 V   99 
 0.29497 -0.73512 -1.04972 B   100 
 0.06903 -0.84539 -0.97474 S   100 
 0.50510 -0.54230 -1.21639 B   101 
 0.48262 -0.26988 -1.26819 D   101 
 0.82291 -0.68553 -1.11185 B   102 
 0.94381 -0.55925 -0.81743 B   103 
 1.09432 -0.34976 -1.01423 N   103 
 0.74017 -0.59612 -0.63248 B   104 
 0.77382 -0.45433 -0.31034 B   105 
 0.54413 -0.62575 -0.04266 M   105 
 0.99467 -0.24365 -0.41153 B   106 
 1.22301 -0.48272 -0.42037 N   106 
 0.78394 -0.01952 -0.47515 B   107 
 0.65782 -0.11198 -0.61402 A   107 
 0.81819  0.00732 -0.16118 B   108 
 0.36962 -0.10342 -0.23012 W   108 
 1.04197  0.19099  0.00096 B   109 
 1.10772  0.40095 -0.13000 V   109 
 0.96719  0.11752  0.29589 B   110 
 0.81221  0.25468  0.35203 A   110 
 0.98570 -0.18444  0.26096 B   111 
 0.89687 -0.53053  0.10624 W   111 
 1.27817 -0.20609  0.16030 B   112 
 1.45501 -0.01196 -0.17040 R   112 
 1.40870 -0.02181  0.40545 B   113 
 1.50498  0.20357  0.19277 N   113 
 1.20810 -0.16923  0.65982 B   114 
 1.10476  0.29248  0.82871 R   114 
 1.11147 -0.48284  0.57377 B   115 
 0.83515 -0.32453  0.58704 X   115 
 1.31656 -0.61107  0.41959 B   116 
 1.41546 -0.64867 -0.01271 K   116 
 1.46417 -0.88719  0.58759 B   117 
 1.26099 -0.90265  0.80546 B   118 
 1.24400 -0.64991  0.86220 T   118 
 1.03498 -0.97819  1.07014 B   119 
 1.02716 -1.19836  1.25360 D   119 
 0.71849 -0.95772  0.94422 B   120 
 0.78425 -0.92027  0.70602 V   120 
 0.55315 -1.13927  1.13859 B   121 
 0.70551 -1.51625  1.04795 Q   121 
 0.53897 -0.92775  1.37112 B   122 
 0.73652 -0.90041  1.42749 A   122 
 0.28753 -0.77136  1.23307 B   123 
 0.54301 -0.43760  1.15026 W   123 
 0.08150 -1.03342  1.32555 B   124 
 0.06286 -1.12599  1.07385 I   124 
 0.09638 -1.04883  1.60623 B   125 
 0.57567 -1.24433  1.58529 R   125 
-0.19377 -1.12854  1.79349 B   126 
-0.35787 -1.20133  1.55041 B   127 
-0.28356 -0.91125  1.42911 X   127 
-0.68752 -1.30284  1.43201 B   128 
-0.81464 -1.66740  1.55613 R   128 
-0.64029 -1.55846  1.15912 B   129 
-0.51813 -1.34432  1.07723 L   129 
