246 
 0.16948  1.25332  0.43287 B   1 
-0.17125  1.43432  0.26740 K   1 
-0.10114  1.24401  0.66751 B   2 
 0.02355  1.17536  0.88409 V   2 
-0.36852  1.06610  0.66182 B   3 
-0.35975  1.06020  0.22846 F   3 
-0.68028  1.01836  0.68503 B   4 
-0.89796  0.78311  0.67919 B   5 
-1.14832  0.56648  0.96202 R   5 
-1.13170  0.91153  0.50383 B   6 
-1.36721  0.89558  0.71036 X   6 
-0.92777  1.03894  0.30688 B   7 
-0.68955  1.34135  0.37172 E   7 
-0.79930  0.77992  0.19671 B   8 
-0.53723  0.64609  0.28339 L   8 
-1.05207  0.63424  0.10547 B   9 
-1.15437  0.56986  0.28588 A   9 
-1.12980  0.84192 -0.10503 B   10 
-1.20686  1.01422  0.00543 A   10 
-0.87218  0.82234 -0.27647 B   11 
-0.72508  0.94807 -0.17896 A   11 
-0.87835  0.51625 -0.32365 B   12 
-0.65236  0.34902  0.00123 M   12 
-1.14669  0.52237 -0.46653 B   13 
-1.55598  0.51584 -0.32284 K   13 
-1.09392  0.71577 -0.69653 B   14 
-0.87519  1.11414 -0.68963 R   14 
-0.84797  0.51464 -0.78512 B   15 
-0.59087  0.79427 -0.69967 H   15 
-1.00625  0.21418 -0.77305 B   16 
-0.97207  0.01255 -0.50494 B   17 
-0.66475  0.09088 -0.43665 L   17 
-1.25182 -0.06228 -0.47853 B   18 
-1.48527  0.00393 -0.29022 D   18 
-1.26268 -0.39627 -0.54248 B   19 
-1.56192 -0.32977 -0.44419 N   19 
-0.98937 -0.45997 -0.61396 B   20 
-0.70194 -0.31594 -0.91703 Y   20 
-0.95806 -0.77807 -0.68150 B   21 
-0.67854 -0.80018 -1.06483 R   21 
-1.18929 -0.80491 -0.43307 B   22 
-1.10109 -0.55503 -0.24653 B   23 
-0.76581 -0.87940 -0.18589 Y   23 
-1.21647 -0.38557 -0.02259 B   24 
-1.38380 -0.46484  0.12099 S   24 
-1.15307 -0.08029  0.09664 B   25 
-1.24523  0.20279 -0.00303 L   25 
-1.09290 -0.16892  0.39549 B   26 
-0.83378 -0.32487  0.33061 B   27 
-0.98301 -0.62056  0.26577 N   27 
-0.66217 -0.08943  0.23063 B   28 
-0.64662 -0.23350 -0.19131 W   28 
-0.68557  0.08385  0.48387 B   29 
-0.88980  0.24457  0.47732 V   29 
-0.57874 -0.12607  0.67883 B   30 
-0.69415 -0.33981  0.81290 X   30 
-0.30120 -0.15769  0.55146 B   31 
-0.33048 -0.28043  0.37278 A   31 
-0.20486  0.13590  0.56703 B   32 
-0.30485  0.24279  0.40925 A   32 
-0.22266  0.15463  0.87256 B   33 
-0.38805  0.25434  1.15382 K   33 
-0.00929 -0.09860  0.93410 B   34 
-0.31772 -0.24528  1.16294 F   34 
 0.22612 -0.00083  0.74050 B   35 
 0.20987 -0.28140  0.52860 E   35 
 0.21399  0.35222  0.78309 B   36 
 0.17931  0.39340  0.56808 S   36 
-0.01009  0.51604  0.92606 B   37 
-0.00036  0.52935  1.21242 N   37 
-0.07964  0.71042  0.67429 B   38 
-0.44409  0.56145  0.79985 F   38 
 0.23265  0.75243  0.57346 B   39 
 0.41113  0.92700  0.74091 N   39 
 0.39654  0.84824  0.28331 B   40 
 0.24067  1.01531  0.18366 T   40 
 0.70166  0.87191  0.42933 B   41 
 0.73961  1.26924  0.43739 Q   41 
 0.73550  0.58381  0.48922 B   42 
 0.59294  0.52431  0.63354 A   42 
 1.03220  0.40208  0.60008 B   43 
 1.15812  0.55676  0.45827 T   43 
 1.17744  0.05828  0.56777 B   44 
 0.94191  0.09818  0.80629 N   44 
 1.41611 -0.14684  0.65668 B   45 
 1.85483 -0.03052  0.43075 R   45 
 1.54360 -0.44557  0.53630 B   46 
 1.22854 -0.44511  0.40189 N   46 
 1.72709 -0.72462  0.58316 B   47 
 1.65885 -0.87271  0.78358 T   47 
 1.78241 -0.74260  0.25396 B   48 
 1.54424 -0.77385  0.14153 D   48 
 1.82465 -0.40745  0.19638 B   49 
 1.57429 -0.31221  0.14744 B   50 
 1.41903 -0.46755  0.03712 S   50 
 1.27475 -0.08944  0.09946 B   51 
 1.43810  0.09154  0.22063 T   51 
 0.99729  0.05967  0.23375 B   52 
 0.87156 -0.25438  0.29281 D   52 
 0.73007  0.25578  0.07002 B   53 
 1.18848  0.34753 -0.04032 Y   53 
 0.49239  0.43121  0.19907 B   54 
 0.15056  0.37063  0.26170 B   55 
-0.04165  0.55774  0.21726 I   55 
 0.22394  0.05060  0.13516 B   56 
-0.07631  0.05265  0.02045 L   56 
 0.50757 -0.05681  0.15597 B   57 
 0.61028  0.06630  0.46217 Q   57 
 0.68400 -0.05298 -0.10105 B   58 
 0.46754 -0.01289 -0.31925 I   58 
 0.92708 -0.25202 -0.24111 B   59 
 1.07080 -0.48169 -0.10178 N   59 
 1.26700 -0.22649 -0.37805 B   60 
 1.39041 -0.11615 -0.21953 S   60 
 1.31366 -0.52352 -0.50352 B   61 
 1.58819 -0.75307 -0.26572 R   61 
 1.04226 -0.49691 -0.71211 B   62 
 1.06321 -0.93256 -0.57934 W   62 
 0.89124 -0.19132 -0.75626 B   63 
 0.60699 -0.50978 -0.65728 W   63 
 1.13434  0.01236 -0.68324 B   64 
 1.01466  0.15290 -0.49997 X   64 
 1.38217  0.27403 -0.70764 B   65 
 1.61861  0.24840 -0.88558 N   65 
 1.67449  0.36251 -0.47250 B   66 
 1.61350  0.18450 -0.27946 D   66 
 1.98859  0.28655 -0.54937 B   67 
 2.02590  0.03795 -0.28786 B   68 
 1.90570  0.25765  0.11441 R   68 
 1.91022 -0.24308 -0.44425 B   69 
 1.70306 -0.22719 -0.29570 T   69 
 2.02319 -0.52142 -0.51685 B   70 
 2.17951 -0.49364 -0.37345 P   70 
 1.84378 -0.68882 -0.75157 B   71 
 1.63790 -0.50237 -0.86234 B   72 
 1.65374 -0.29583 -0.74589 S   72 
 1.32154 -0.42796 -1.06260 B   73 
 1.30329 -0.75365 -1.20842 R   73 
 1.10175 -0.20180 -1.10403 B   74 
 1.16810  0.06932 -1.11074 N   74 
 0.78872 -0.27420 -1.19216 B   75 
 0.82685 -0.59063 -1.13570 L   75 
 0.66340  0.03192 -1.15755 B   76 
 0.49195 -0.06812 -0.91861 X   76 
 0.85238  0.23347 -1.27422 B   77 
 0.93620  0.24797 -1.53346 N   77 
 0.98820  0.38169 -0.99944 B   78 
 0.71756  0.49398 -0.97061 I   78 
 1.07321  0.59347 -0.77922 B   79 
 1.12294  0.74671 -0.91235 P   79 
 1.04245  0.54837 -0.44927 B   80 
 1.19672  0.27526 -0.41202 X   80 
 0.98163  0.85382 -0.38690 B   81 
 1.17173  0.96080 -0.48631 S   81 
 0.69938  0.86047 -0.52387 B   82 
 0.73806  0.83293 -0.72896 A   82 
 0.58180  0.68952 -0.26939 B   83 
 0.60944  0.39406 -0.40748 L   83 
 0.59729  0.97821 -0.08009 B   84 
 0.86523  0.82489  0.03374 L   84 
 0.38758  1.13734 -0.17917 B   85 
 0.37925  1.26671 -0.40356 S   85 
 0.08409  1.30586 -0.14262 B   86 
 0.13086  1.53974 -0.12090 S   86 
 0.04582  1.16341 -0.41114 B   87 
-0.05339  1.25189 -0.67149 D   87 
-0.09695  0.83403 -0.44478 B   88 
-0.26970  0.80995 -0.24164 I   88 
-0.08984  0.73980 -0.74002 B   89 
-0.17957  0.93843 -0.89157 T   89 
 0.16749  0.56508 -0.74234 B   90 
 0.33404  0.70453 -0.74985 A   90 
 0.08792  0.36322 -0.51854 B   91 
 0.19429  0.48717 -0.29799 S   91 
-0.17081  0.26292 -0.64805 B   92 
-0.37659  0.41654 -0.59537 V   92 
-0.06314  0.15881 -0.91588 B   93 
-0.12945  0.42863 -1.10559 N   93 
 0.13236 -0.03414 -0.77428 B   94 
 0.40735  0.00384 -0.71000 X   94 
-0.06871 -0.19066 -0.59959 B   95 
-0.12300 -0.05861 -0.43847 A   95 
-0.23130 -0.30841 -0.83435 B   96 
-0.51806  0.04054 -0.94793 K   96 
 0.00820 -0.48685 -0.92335 B   97 
 0.22277 -0.29646 -1.18033 K   97 
 0.05640 -0.64373 -0.66187 B   98 
 0.24025 -0.46715 -0.48522 I   98 
-0.23479 -0.77308 -0.62394 B   99 
-0.40813 -0.64100 -0.54445 V   99 
-0.19929 -0.91167 -0.92653 B   100 
-0.33272 -0.70952 -1.02734 S   100 
 0.04840 -1.12377 -0.87385 B   101 
 0.31584 -1.06525 -0.82435 D   101 
-0.12409 -1.37984 -0.68117 B   102 
-0.13870 -1.31662 -0.34497 B   103 
 0.13678 -1.48796 -0.34030 N   103 
-0.25416 -1.06524 -0.32237 B   104 
-0.26754 -0.91100 -0.00449 B   105 
-0.54035 -0.63019  0.01828 M   105 
-0.03240 -1.09762  0.11076 B   106 
-0.24197 -1.35238  0.13412 N   106 
 0.19559 -0.89510  0.03529 B   107 
 0.17247 -0.87359 -0.17145 A   107 
 0.08245 -0.77196  0.30456 B   108 
 0.01018 -0.44680 -0.02299 W   108 
 0.17802 -0.84480  0.61386 B   109 
 0.42454 -0.91300  0.62522 V   109 
-0.01767 -0.66077  0.77452 B   110 
 0.08006 -0.47036  0.78793 A   110 
-0.27371 -0.76315  0.64529 B   111 
-0.51767 -0.83991  0.35170 W   111 
-0.24720 -1.06478  0.71205 B   112 
 0.07328 -1.32450  0.62174 R   112 
-0.18805 -1.01921  1.03690 B   113 
 0.10832 -1.14794  1.00701 N   113 
-0.43326 -0.76385  1.07346 B   114 
-0.09281 -0.48948  1.32083 R   114 
-0.67814 -0.79443  0.84066 B   115 
-0.54342 -0.51544  0.76579 X   115 
-0.72458 -1.07118  0.78125 B   116 
-0.56844 -1.36561  0.48628 K   116 
-1.04542 -1.18332  0.88488 B   117 
-1.15605 -0.91202  0.94097 B   118 
-0.95378 -0.81224  1.06951 T   118 
-1.34132 -0.61343  0.99891 B   119 
-1.61964 -0.57262  1.05428 D   119 
-1.26982 -0.39702  0.74494 B   120 
-1.13142 -0.55533  0.60985 V   120 
-1.51922 -0.20765  0.74105 B   121 
-1.81745 -0.46772  0.61080 Q   121 
-1.43098 -0.03805  0.99097 B   122 
-1.42981 -0.17413  1.14728 A   122 
-1.23155  0.14881  0.81194 B   123 
-0.89359 -0.03016  1.00500 W   123 
-1.50898  0.30675  0.67865 B   124 
-1.48209  0.18395  0.44102 I   124 
-1.64564  0.42111  0.89656 B   125 
-1.80914 -0.04342  1.05738 R   125 
-1.80118  0.73746  0.86002 B   126 
-1.76124  0.74749  0.56065 B   127 
-1.44686  0.69512  0.61362 X   127 
-1.80278  0.95022  0.26038 B   128 
-2.18570  1.03165  0.15447 R   128 
-1.91278  0.72334 -0.01974 B   129 
-1.68361  0.63078  0.06028 L   129 
