246 
-0.04754  1.14350  0.69070 B   1 
-0.46168  1.21221  0.68955 K   1 
-0.19709  0.99943  0.98269 B   2 
 0.01299  0.94728  1.12522 V   2 
-0.38472  0.73989  1.00744 B   3 
-0.53592  0.80646  0.60666 F   3 
-0.63803  0.57916  1.10751 B   4 
-0.76543  0.28506  1.10170 B   5 
-0.82003 -0.04965  1.37481 R   5 
-1.07367  0.34593  1.04549 B   6 
-1.20072  0.21297  1.29956 X   6 
-1.00280  0.56823  0.84013 B   7 
-0.85456  0.92208  0.91234 E   7 
-0.85616  0.39457  0.63020 B   8 
-0.55421  0.35309  0.59543 L   8 
-1.07179  0.18351  0.58123 B   9 
-1.07696  0.05861  0.75880 A   9 
-1.27780  0.37938  0.46863 B   10 
-1.35415  0.49205  0.63981 A   10 
-1.10807  0.48218  0.23037 B   11 
-0.97780  0.63555  0.31077 A   11 
-1.04363  0.20641  0.10485 B   12 
-0.67574  0.08335  0.28952 M   12 
-1.33550  0.13727  0.05495 B   13 
-1.64211 -0.04017  0.30537 K   13 
-1.42932  0.37051 -0.11793 B   14 
-1.34717  0.81459 -0.06661 R   14 
-1.18737  0.28924 -0.32684 B   15 
-1.00829  0.62576 -0.24761 H   15 
-1.23701 -0.04602 -0.35170 B   16 
-1.04987 -0.26130 -0.17188 B   17 
-0.77530 -0.08863 -0.17850 L   17 
-1.26596 -0.43578 -0.08576 B   18 
-1.42140 -0.48966  0.17363 D   18 
-1.20392 -0.73620 -0.23290 B   19 
-1.45094 -0.79941 -0.03641 N   19 
-0.97068 -0.68409 -0.39645 B   20 
-0.87010 -0.39936 -0.71898 Y   20 
-0.87723 -0.95404 -0.55495 B   21 
-0.76597 -0.81198 -0.99426 R   21 
-0.98185 -1.10210 -0.26678 B   22 
-0.90609 -0.87028 -0.05339 B   23 
-0.49470 -1.05596 -0.18598 Y   23 
-0.97344 -0.79214  0.23215 B   24 
-1.04548 -0.94848  0.39111 S   24 
-0.96035 -0.50777  0.40649 B   25 
-1.15956 -0.26552  0.42030 L   25 
-0.77110 -0.61475  0.63785 B   26 
-0.52162 -0.65354  0.45917 B   27 
-0.59314 -0.96891  0.36256 N   27 
-0.47422 -0.35918  0.38178 B   28 
-0.57574 -0.41882 -0.04852 W   28 
-0.45050 -0.24880  0.66807 B   29 
-0.67931 -0.17436  0.76651 V   29 
-0.22389 -0.43369  0.75725 B   30 
-0.21519 -0.69312  0.85522 X   30 
-0.01678 -0.34172  0.55013 B   31 
-0.07386 -0.43666  0.36151 A   31 
-0.00968 -0.03965  0.61668 B   32 
-0.18705  0.04723  0.53118 A   32 
 0.08249 -0.07743  0.90667 B   33 
 0.01210 -0.09060  1.24025 K   33 
 0.36617 -0.24221  0.83042 B   34 
 0.22027 -0.52522  1.09049 F   34 
 0.47456 -0.03623  0.61070 B   35 
 0.46174 -0.26607  0.34445 E   35 
 0.37884  0.27674  0.75031 B   36 
 0.25673  0.33610  0.57511 S   36 
 0.18702  0.32307  0.99228 B   37 
 0.29797  0.29336  1.25512 N   37 
-0.02326  0.51626  0.83585 B   38 
-0.25630  0.22720  1.01729 F   38 
 0.20338  0.68424  0.66301 B   39 
 0.37336  0.88274  0.81159 N   39 
 0.21334  0.87779  0.37550 B   40 
-0.00905  0.99040  0.37621 T   40 
 0.53038  0.98713  0.42562 B   41 
 0.45347  1.36443  0.53103 Q   41 
 0.66472  0.72541  0.39124 B   42 
 0.60920  0.59610  0.54900 A   42 
 1.01991  0.64870  0.35520 B   43 
 1.03448  0.85896  0.23081 T   43 
 1.23444  0.39093  0.18827 B   44 
 1.10330  0.30416  0.48698 N   44 
 1.53690  0.27515  0.14283 B   45 
 1.80769  0.57713 -0.16135 R   45 
 1.69023  0.06630 -0.08706 B   46 
 1.36183 -0.02635 -0.11700 N   46 
 1.94942 -0.13071 -0.17503 B   47 
 2.00568 -0.32328 -0.01220 T   47 
 1.88143 -0.07486 -0.49754 B   48 
 1.63818 -0.17218 -0.53876 D   48 
 1.80175  0.25733 -0.47055 B   49 
 1.53515  0.26162 -0.41530 B   50 
 1.40138  0.08014 -0.51316 S   50 
 1.18903  0.36500 -0.30960 B   51 
 1.32665  0.57123 -0.19714 T   51 
 0.95102  0.37981 -0.06388 B   52 
 0.95144  0.03645 -0.05908 D   52 
 0.59818  0.48882 -0.08096 B   53 
 0.93624  0.75705 -0.29193 Y   53 
 0.38587  0.54309  0.15548 B   54 
 0.12427  0.35340  0.29697 B   55 
-0.11549  0.46244  0.36444 I   55 
 0.23358  0.10632  0.07153 B   56 
-0.07489  0.01738  0.05569 L   56 
 0.52263  0.10739 -0.02261 B   57 
 0.69175  0.20910  0.26114 Q   57 
 0.58220  0.21579 -0.30880 B   58 
 0.29856  0.20864 -0.43360 I   58 
 0.80194  0.14355 -0.56339 B   59 
 1.04616 -0.03724 -0.54143 N   59 
 1.04431  0.31218 -0.78195 B   60 
 1.18065  0.43313 -0.64297 S   60 
 1.12384  0.07634 -0.99220 B   61 
 1.52014 -0.07248 -0.91868 R   61 
 0.79906  0.03533 -1.09570 B   62 
 0.99115 -0.37812 -1.10017 W   62 
 0.56199  0.26807 -1.00754 B   63 
 0.43836 -0.14325 -0.92068 W   63 
 0.74577  0.53175 -0.95644 B   64 
 0.66780  0.58822 -0.71478 X   64 
 0.88106  0.86586 -0.97993 B   65 
 1.03139  0.95644 -1.21955 N   65 
 1.20132  1.01591 -0.82666 B   66 
 1.26977  0.79968 -0.68095 D   66 
 1.47211  1.07243 -1.01053 B   67 
 1.67298  0.81622 -0.85059 B   68 
 1.65314  0.91041 -0.38661 R   68 
 1.59300  0.54102 -1.03684 B   69 
 1.46043  0.45681 -0.83542 T   69 
 1.74539  0.33804 -1.21312 B   70 
 1.92877  0.39753 -1.12037 P   70 
 1.54761  0.15646 -1.42101 B   71 
 1.27137  0.27047 -1.41039 B   72 
 1.26958  0.44735 -1.25171 S   72 
 0.89630  0.25570 -1.47987 B   73 
 0.91909 -0.02680 -1.69746 R   73 
 0.62212  0.39010 -1.39077 B   74 
 0.60088  0.66418 -1.34193 N   74 
 0.33347  0.22396 -1.39898 B   75 
 0.47842 -0.06168 -1.44556 L   75 
 0.14816  0.45401 -1.24618 B   76 
 0.11375  0.26196 -1.00446 X   76 
 0.21440  0.72620 -1.35328 B   77 
 0.18825  0.81111 -1.61125 N   77 
 0.39397  0.86797 -1.10114 B   78 
 0.13341  0.86821 -0.96405 I   78 
 0.49028  1.05831 -0.86648 B   79 
 0.44114  1.23820 -0.96084 P   79 
 0.59827  0.95335 -0.56786 B   80 
 0.82638  0.75271 -0.65436 X   80 
 0.48043  1.20180 -0.40887 B   81 
 0.58106  1.38483 -0.52650 S   81 
 0.17831  1.12715 -0.44913 B   82 
 0.14434  1.14848 -0.65579 A   82 
 0.21752  0.88709 -0.22857 B   83 
 0.27511  0.64779 -0.44431 L   83 
 0.21896  1.12771  0.01946 B   84 
 0.54172  1.06618  0.00244 L   84 
-0.04854  1.21339  0.03440 B   85 
-0.17600  1.36477 -0.13291 S   85 
-0.35133  1.25211  0.20370 B   86 
-0.36870  1.48036  0.27408 S   86 
-0.44401  1.15006 -0.06989 B   87 
-0.65345  1.23660 -0.25455 D   87 
-0.48863  0.80114 -0.14912 B   88 
-0.55914  0.68405  0.08111 I   88 
-0.56489  0.76409 -0.44730 B   89 
-0.75706  0.93794 -0.50490 T   89 
-0.28844  0.69750 -0.57336 B   90 
-0.18383  0.88720 -0.59102 A   90 
-0.21818  0.44773 -0.40059 B   91 
-0.07780  0.56515 -0.19607 S   91 
-0.46622  0.28226 -0.47036 B   92 
-0.67242  0.34021 -0.31922 V   92 
-0.44062  0.26831 -0.77584 B   93 
-0.64656  0.52207 -0.85569 N   93 
-0.16026  0.13966 -0.75697 B   94 
 0.09575  0.26418 -0.76883 X   94 
-0.22854 -0.10480 -0.58083 B   95 
-0.25450 -0.02885 -0.38107 A   95 
-0.42565 -0.23467 -0.78008 B   96 
-0.82080 -0.00039 -0.70349 K   96 
-0.19603 -0.29739 -0.98122 B   97 
-0.15598 -0.00387 -1.22733 K   97 
-0.01171 -0.46544 -0.79929 B   98 
 0.16584 -0.26461 -0.64333 I   98 
-0.21809 -0.69597 -0.71425 B   99 
-0.37953 -0.65026 -0.55406 V   99 
-0.25931 -0.76227 -1.03973 B   100 
-0.47231 -0.60912 -1.03704 S   100 
 0.03968 -0.87542 -1.12290 B   101 
 0.27768 -0.73243 -1.14040 D   101 
 0.03174 -1.20375 -0.96609 B   102 
 0.12540 -1.20440 -0.63674 B   103 
 0.41951 -1.26241 -0.76084 N   103 
-0.04003 -1.01911 -0.51289 B   104 
 0.02194 -0.93284 -0.17565 B   105 
-0.29089 -0.77771  0.00286 M   105 
 0.32575 -1.03709 -0.19085 B   106 
 0.22191 -1.35080 -0.17770 N   106 
 0.44146 -0.75638 -0.27149 B   107 
 0.33826 -0.71220 -0.44795 A   107 
 0.40612 -0.72716  0.04214 B   108 
 0.12802 -0.40287 -0.14688 W   108 
 0.62602 -0.80844  0.27697 B   109 
 0.86759 -0.78334  0.19590 V   109 
 0.46009 -0.73606  0.53231 B   110 
 0.49708 -0.52788  0.56810 A   110 
 0.21512 -0.90251  0.46143 B   111 
-0.08740 -1.01496  0.24362 W   111 
 0.34940 -1.18041  0.43177 B   112 
 0.67331 -1.28815  0.18319 R   112 
 0.50909 -1.16867  0.72412 B   113 
 0.79669 -1.17449  0.57395 N   113 
 0.23302 -1.02908  0.90012 B   114 
 0.54728 -0.69283  1.10149 R   114 
-0.06097 -1.10911  0.75091 B   115 
-0.04930 -0.79216  0.71935 X   115 
-0.04503 -1.37062  0.63416 B   116 
 0.06768 -1.53741  0.23722 K   116 
-0.25817 -1.60655  0.79280 B   117 
-0.41260 -1.40654  0.95135 B   118 
-0.21467 -1.26189  1.03674 T   118 
-0.64010 -1.20888  1.14111 B   119 
-0.87721 -1.28127  1.28510 D   119 
-0.73283 -0.94391  0.94711 B   120 
-0.61539 -1.01754  0.73914 V   120 
-1.00875 -0.85999  1.06918 B   121 
-1.24636 -1.18638  0.96646 Q   121 
-0.88654 -0.71192  1.31848 B   122 
-0.78873 -0.86124  1.42376 A   122 
-0.82999 -0.43951  1.14720 B   123 
-0.40864 -0.51175  1.17497 W   123 
-1.16968 -0.37409  1.15048 B   124 
-1.19894 -0.43933  0.89134 I   124 
-1.24233 -0.35332  1.42164 B   125 
-1.19462 -0.86471  1.48932 R   125 
-1.48365 -0.11355  1.52106 B   126 
-1.56217 -0.04231  1.23808 B   127 
-1.24974  0.01537  1.17943 X   127 
-1.76806  0.17642  1.03129 B   128 
-2.16899  0.12894  1.06972 R   128 
-1.90434 -0.02735  0.74503 B   129 
-1.64572 -0.04182  0.72521 L   129 
