246 
 0.56165  0.73817  0.96258 B   1 
 0.21810  0.90752  1.13443 K   1 
 0.44557  0.53365  1.23290 B   2 
 0.64826  0.37554  1.26585 V   2 
 0.18587  0.34519  1.24767 B   3 
-0.02248  0.60430  0.96951 F   3 
-0.07635  0.23038  1.38210 B   4 
-0.30298  0.00809  1.33755 B   5 
-0.41137 -0.38100  1.50021 R   5 
-0.56864  0.16491  1.41948 B   6 
-0.66977 -0.02053  1.65134 X   6 
-0.47170  0.42388  1.27755 B   7 
-0.18745  0.66646  1.39053 E   7 
-0.45854  0.31743  0.98734 B   8 
-0.21356  0.21584  0.83316 L   8 
-0.74298  0.20848  0.96163 B   9 
-0.75122  0.02889  1.08345 A   9 
-0.88014  0.47959  0.99582 B   10 
-0.86330  0.52968  1.20803 A   10 
-0.74849  0.62102  0.75332 B   11 
-0.55431  0.68911  0.82126 A   11 
-0.82658  0.41261  0.53785 B   12 
-0.49967  0.13397  0.52893 M   12 
-1.12540  0.44853  0.58113 B   13 
-1.40445  0.27263  0.86290 K   13 
-1.16317  0.74725  0.53178 B   14 
-0.90878  1.09470  0.67720 R   14 
-1.02972  0.69644  0.23446 B   15 
-0.72281  0.91290  0.33717 H   15 
-1.20732  0.42532  0.13235 B   16 
-1.07778  0.11510  0.15871 B   17 
-0.76904  0.19727  0.10236 L   17 
-1.31547 -0.01592  0.26307 B   18 
-1.41061 -0.12668  0.53330 D   18 
-1.41038 -0.23664  0.02217 B   19 
-1.60624 -0.30629  0.26797 N   19 
-1.22290 -0.18636 -0.19274 B   20 
-1.10466  0.16668 -0.43063 Y   20 
-1.28104 -0.38402 -0.44628 B   21 
-1.23617 -0.11201 -0.83300 R   21 
-1.35950 -0.60228 -0.19706 B   22 
-1.15141 -0.50451  0.03131 B   23 
-0.88763 -0.72201 -0.29184 Y   23 
-1.11145 -0.53304  0.33091 B   24 
-1.19585 -0.71519  0.45173 S   24 
-0.94894 -0.35704  0.56338 B   25 
-1.03128 -0.09781  0.72016 L   25 
-0.76373 -0.59348  0.66623 B   26 
-0.59999 -0.62113  0.40528 B   27 
-0.80722 -0.84025  0.25380 N   27 
-0.46511 -0.34420  0.40602 B   28 
-0.68431 -0.19699  0.04643 W   28 
-0.33153 -0.36862  0.68219 B   29 
-0.48308 -0.28288  0.87522 V   29 
-0.17761 -0.62610  0.62298 B   30 
-0.24413 -0.89536  0.62996 X   30 
-0.00905 -0.51648  0.39098 B   31 
-0.14245 -0.50902  0.21779 A   31 
 0.12829 -0.28006  0.53579 B   32 
-0.01800 -0.12297  0.55129 A   32 
 0.26762 -0.45391  0.74646 B   33 
 0.28205 -0.58106  1.06274 K   33 
 0.43930 -0.64222  0.52623 B   34 
 0.26589 -0.95678  0.72624 F   34 
 0.55996 -0.40163  0.35300 B   35 
 0.39572 -0.49293  0.05539 E   35 
 0.62775 -0.15804  0.60335 B   36 
 0.49819 -0.00355  0.51129 S   36 
 0.53389 -0.16433  0.90108 B   37 
 0.68632 -0.32511  1.08325 N   37 
 0.38110  0.12316  0.89739 B   38 
 0.10832 -0.14225  1.05841 F   38 
 0.60436  0.28057  0.71075 B   39 
 0.86787  0.35045  0.83743 N   39 
 0.61582  0.56331  0.51037 B   40 
 0.46039  0.72014  0.62606 T   40 
 0.95240  0.55597  0.46981 B   41 
 1.05293  0.86480  0.70197 Q   41 
 0.96444  0.30493  0.31308 B   42 
 0.90474  0.14264  0.43469 A   42 
 1.24322  0.15897  0.12782 B   43 
 1.30533  0.38961  0.07451 T   43 
 1.29561 -0.05635 -0.17422 B   44 
 1.21934 -0.21813  0.11209 N   44 
 1.51021 -0.21898 -0.35980 B   45 
 1.79133  0.09720 -0.63919 R   45 
 1.51107 -0.35005 -0.68043 B   46 
 1.17567 -0.33319 -0.61298 N   46 
 1.64580 -0.55550 -0.91144 B   47 
 1.66303 -0.80464 -0.84515 T   47 
 1.52688 -0.35908 -1.15440 B   48 
 1.26287 -0.36412 -1.12966 D   48 
 1.58850 -0.05758 -1.00363 B   49 
 1.36598 -0.00611 -0.85536 B   50 
 1.15372 -0.09093 -0.94567 S   50 
 1.12258  0.13287 -0.60417 B   51 
 1.35127  0.23254 -0.49515 T   51 
 0.97650  0.10953 -0.29537 B   52 
 0.84778 -0.19376 -0.39216 D   52 
 0.69898  0.30456 -0.14833 B   53 
 1.05024  0.53602 -0.38023 Y   53 
 0.58849  0.31283  0.15440 B   54 
 0.31808  0.15814  0.31990 B   55 
 0.16226  0.28957  0.49983 I   55 
 0.26627  0.00329  0.00821 B   56 
-0.04647  0.01250  0.08183 L   56 
 0.50126 -0.03373 -0.18107 B   57 
 0.76060 -0.10287  0.03670 Q   57 
 0.52498  0.16075 -0.42359 B   58 
 0.23857  0.27901 -0.43119 I   58 
 0.63081  0.14207 -0.75035 B   59 
 0.78543 -0.08942 -0.87413 N   59 
 0.85708  0.31429 -0.98292 B   60 
 1.05880  0.32880 -0.87508 S   60 
 0.78672  0.17100 -1.26694 B   61 
 1.10180 -0.09302 -1.39192 R   61 
 0.45601  0.26178 -1.25054 B   62 
 0.46935 -0.14954 -1.44674 W   62 
 0.35461  0.49271 -1.01702 B   63 
 0.10971  0.12934 -1.01567 W   63 
 0.63114  0.65533 -0.96224 B   64 
 0.64258  0.62821 -0.70379 X   64 
 0.87277  0.92243 -0.93469 B   65 
 0.98215  1.05877 -1.17483 N   65 
 1.25308  0.90851 -0.87350 B   66 
 1.26799  0.64230 -0.83376 D   66 
 1.47071  0.96099 -1.11890 B   67 
 1.59205  0.61925 -1.12715 B   68 
 1.72443  0.52064 -0.68297 R   68 
 1.37042  0.47362 -1.34277 B   69 
 1.26988  0.35356 -1.14100 T   69 
 1.38587  0.32641 -1.61404 B   70 
 1.59484  0.29325 -1.58237 P   70 
 1.08937  0.30250 -1.77782 B   71 
 0.88889  0.47069 -1.63311 B   72 
 0.99350  0.56259 -1.44055 S   72 
 0.53167  0.58401 -1.56045 B   73 
 0.39119  0.41761 -1.84374 R   73 
 0.36010  0.73801 -1.34132 B   74 
 0.45718  0.96442 -1.20990 N   74 
 0.03761  0.67123 -1.29095 B   75 
 0.04704  0.40133 -1.46937 L   75 
-0.00271  0.86025 -1.02029 B   76 
-0.04669  0.60364 -0.85084 X   76 
 0.13324  1.12474 -1.05921 B   77 
 0.07856  1.30975 -1.25214 N   77 
 0.40930  1.10071 -0.86139 B   78 
 0.21080  1.11416 -0.64436 I   78 
 0.62524  1.14816 -0.63403 B   79 
 0.62641  1.35679 -0.64629 P   79 
 0.75531  0.90775 -0.44132 B   80 
 0.86130  0.70667 -0.66064 X   80 
 0.78366  1.09274 -0.18467 B   81 
 0.91385  1.27421 -0.27174 S   81 
 0.47598  1.12264 -0.13072 B   82 
 0.40285  1.23331 -0.29419 A   82 
 0.47422  0.81312 -0.02118 B   83 
 0.38163  0.67476 -0.30298 L   83 
 0.62792  0.92418  0.26772 B   84 
 0.88822  0.79240  0.11563 L   84 
 0.42555  1.06348  0.40468 B   85 
 0.32808  1.29695  0.34858 S   85 
 0.21192  1.10882  0.67699 B   86 
 0.30037  1.28535  0.81252 S   86 
 0.02314  1.15353  0.43989 B   87 
-0.17632  1.35858  0.37967 D   87 
-0.16856  0.89094  0.28397 B   88 
-0.21914  0.71418  0.47861 I   88 
-0.32410  0.99825  0.03823 B   89 
-0.44373  1.22431  0.10934 T   89 
-0.13390  0.91799 -0.19443 B   90 
 0.02702  1.06410 -0.19284 A   90 
-0.12342  0.61101 -0.14133 B   91 
 0.09671  0.59503  0.02178 S   91 
-0.42460  0.55891 -0.16003 B   92 
-0.54927  0.60308  0.06631 V   92 
-0.48234  0.66270 -0.44297 B   93 
-0.58941  0.97144 -0.36293 N   93 
-0.27647  0.46874 -0.56748 B   94 
-0.00384  0.51562 -0.63574 X   94 
-0.38671  0.20138 -0.45878 B   95 
-0.33182  0.19455 -0.25073 A   95 
-0.66086  0.21919 -0.59999 B   96 
-0.90551  0.49757 -0.31794 K   96 
-0.52945  0.18478 -0.88046 B   97 
-0.44302  0.53071 -1.02605 K   97 
-0.38400 -0.08409 -0.83732 B   98 
-0.11102 -0.01712 -0.70624 I   98 
-0.63455 -0.26641 -0.75396 B   99 
-0.72172 -0.24835 -0.53974 V   99 
-0.77667 -0.18298 -1.04528 B   100 
-0.90786  0.00616 -0.91941 S   100 
-0.57346 -0.32723 -1.26210 B   101 
-0.31126 -0.25716 -1.32327 D   101 
-0.66646 -0.67623 -1.21733 B   102 
-0.50202 -0.83370 -0.96159 B   103 
-0.29231 -0.91185 -1.19650 N   103 
-0.54874 -0.67753 -0.73695 B   104 
-0.37763 -0.75360 -0.43702 B   105 
-0.55378 -0.60720 -0.11870 M   105 
-0.14999 -0.91863 -0.59306 B   106 
-0.35837 -1.17192 -0.63534 N   106 
 0.03983 -0.67028 -0.62438 B   107 
-0.07893 -0.53354 -0.72897 A   107 
 0.09669 -0.76141 -0.32616 B   108 
-0.07487 -0.32800 -0.29508 W   108 
 0.31983 -0.98474 -0.22401 B   109 
 0.52481 -0.99348 -0.37719 V   109 
 0.26224 -0.98034  0.08362 B   110 
 0.38302 -0.82177  0.16270 A   110 
-0.03685 -1.03366  0.06252 B   111 
-0.40298 -0.96547 -0.05108 W   111 
-0.02984 -1.30077 -0.09477 B   112 
 0.15689 -1.38034 -0.46507 R   112 
 0.18906 -1.44982  0.10763 B   113 
 0.40634 -1.46999 -0.13254 N   113 
 0.03919 -1.32568  0.40564 B   114 
 0.49665 -1.19399  0.56615 R   114 
-0.29012 -1.25885  0.35892 B   115 
-0.16724 -0.97115  0.41989 X   115 
-0.40390 -1.44556  0.17325 B   116 
-0.46447 -1.46193 -0.26736 K   116 
-0.64439 -1.66041  0.32243 B   117 
-0.66716 -1.50815  0.57795 B   118 
-0.41473 -1.46746  0.62278 T   118 
-0.74830 -1.35133  0.88724 B   119 
-0.95174 -1.41054  1.08037 D   119 
-0.77827 -1.01658  0.82817 B   120 
-0.75272 -1.02841  0.57983 V   120 
-0.96243 -0.91966  1.06220 B   121 
-1.32347 -1.10244  0.96333 Q   121 
-0.73582 -0.92197  1.28051 B   122 
-0.67930 -1.12094  1.29343 A   122 
-0.62425 -0.62898  1.18862 B   123 
-0.26905 -0.81400  1.03656 W   123 
-0.90155 -0.48382  1.33596 B   124 
-1.01626 -0.42926  1.09904 I   124 
-0.89165 -0.55552  1.60800 B   125 
-1.02644 -1.04390  1.49987 R   125 
-0.99140 -0.32183  1.85508 B   126 
-1.10412 -0.12502  1.65539 B   127 
-0.81806 -0.13277  1.50541 X   127 
-1.25571  0.20397  1.61317 B   128 
-1.62181  0.25199  1.78092 R   128 
-1.52510  0.17595  1.35109 B   129 
-1.30483  0.10341  1.23402 L   129 
