246 
 0.24402  0.99411  0.85972 B   1 
-0.14835  1.12223  0.93631 K   1 
 0.11234  0.82330  1.14583 B   2 
 0.32741  0.71584  1.24258 V   2 
-0.11232  0.59413  1.15965 B   3 
-0.30209  0.75361  0.80402 F   3 
-0.37386  0.45712  1.27293 B   4 
-0.54982  0.19098  1.24182 B   5 
-0.62436 -0.17580  1.46434 R   5 
-0.84760  0.30580  1.24641 B   6 
-0.96049  0.14933  1.49369 X   6 
-0.76754  0.54863  1.06967 B   7 
-0.55201  0.85780  1.17147 E   7 
-0.68264  0.39608  0.81423 B   8 
-0.39985  0.31748  0.72504 L   8 
-0.93612  0.23150  0.76832 B   9 
-0.93895  0.07872  0.92262 A   9 
-1.11836  0.47271  0.72259 B   10 
-1.15041  0.56260  0.91936 A   10 
-0.96692  0.59070  0.47910 B   11 
-0.80250  0.70608  0.56040 A   11 
-0.96857  0.33572  0.30321 B   12 
-0.60611  0.12840  0.40438 M   12 
-1.27201  0.32056  0.29094 B   13 
-1.56830  0.14799  0.55672 K   13 
-1.34640  0.59246  0.17419 B   14 
-1.18255  1.00289  0.28045 R   14 
-1.15238  0.51549 -0.08120 B   15 
-0.90882  0.80199  0.01974 H   15 
-1.26215  0.20131 -0.14990 B   16 
-1.09266 -0.06814 -0.03865 B   17 
-0.79577  0.06046 -0.06246 L   17 
-1.32215 -0.22149  0.05287 B   18 
-1.44834 -0.29784  0.32230 D   18 
-1.33330 -0.49618 -0.14757 B   19 
-1.55892 -0.55672  0.07392 N   19 
-1.11863 -0.45036 -0.33647 B   20 
-1.01450 -0.13003 -0.62239 Y   20 
-1.09540 -0.69799 -0.54828 B   21 
-1.02118 -0.49686 -0.97206 R   21 
-1.18444 -0.87861 -0.27377 B   22 
-1.04181 -0.70294 -0.04181 B   23 
-0.69028 -0.92022 -0.26657 Y   23 
-1.05571 -0.66864  0.25953 B   24 
-1.13173 -0.83877  0.40158 S   24 
-0.97038 -0.42556  0.47182 B   25 
-1.12101 -0.16310  0.55540 L   25 
-0.77319 -0.59932  0.64989 B   26 
-0.56043 -0.64155  0.42939 B   27 
-0.69772 -0.92020  0.29744 N   27 
-0.47365 -0.34831  0.39241 B   28 
-0.64073 -0.31355 -0.01978 W   28 
-0.39302 -0.29622  0.68480 B   29 
-0.59020 -0.20788  0.82936 V   29 
-0.19192 -0.52557  0.70611 B   30 
-0.21516 -0.79683  0.75953 X   30 
-0.00170 -0.42925  0.48523 B   31 
-0.09911 -0.47906  0.29581 A   31 
 0.06639 -0.14859  0.59621 B   32 
-0.10311 -0.02249  0.55519 A   32 
 0.18869 -0.25135  0.85795 B   33 
 0.16246 -0.31406  1.19229 K   33 
 0.42677 -0.43965  0.71199 B   34 
 0.27033 -0.74033  0.94466 F   34 
 0.53869 -0.21562  0.51264 B   35 
 0.45072 -0.38911  0.21930 E   35 
 0.51815  0.07760  0.71315 B   36 
 0.38577  0.18499  0.57148 S   36 
 0.37144  0.10721  0.98718 B   37 
 0.50980  0.01445  1.22068 N   37 
 0.17869  0.35436  0.89900 B   38 
-0.07436  0.07487  1.06820 F   38 
 0.40571  0.51551  0.72026 B   39 
 0.62583  0.65661  0.86863 N   39 
 0.41034  0.75422  0.46882 B   40 
 0.21292  0.89640  0.52310 T   40 
 0.74533  0.80472  0.48352 B   41 
 0.74969  1.16389  0.65775 Q   41 
 0.82654  0.53661  0.38732 B   42 
 0.77116  0.39054  0.52976 A   42 
 1.15502  0.41613  0.28278 B   43 
 1.18892  0.64092  0.19214 T   43 
 1.29738  0.16400  0.04508 B   44 
 1.19447  0.04498  0.34374 N   44 
 1.56638  0.01501 -0.06622 B   45 
 1.84205  0.32369 -0.35909 R   45 
 1.64904 -0.16914 -0.34770 B   46 
 1.30856 -0.20538 -0.33829 N   46 
 1.85608 -0.38305 -0.50616 B   47 
 1.89950 -0.60804 -0.38677 T   47 
 1.75615 -0.26042 -0.80067 B   48 
 1.49644 -0.31172 -0.81674 D   48 
 1.73947  0.06948 -0.70947 B   49 
 1.48748  0.10300 -0.61187 B   50 
 1.31245 -0.03605 -0.71401 S   50 
 1.18182  0.23547 -0.43673 B   51 
 1.36685  0.39539 -0.31711 T   51 
 0.98509  0.24058 -0.15651 B   52 
 0.92675 -0.09424 -0.20568 D   52 
 0.65737  0.40172 -0.09905 B   53 
 1.00533  0.65080 -0.31726 Y   53 
 0.49130  0.44307  0.17414 B   54 
 0.22220  0.27164  0.32460 B   55 
 0.01617  0.40085  0.44617 I   55 
 0.25590  0.05600  0.04859 B   56 
-0.06260  0.01788  0.06909 L   56 
 0.52550  0.03141 -0.08971 B   57 
 0.74617  0.05408  0.17534 Q   57 
 0.56399  0.17976 -0.36121 B   58 
 0.26926  0.23721 -0.43808 I   58 
 0.73177  0.12312 -0.65611 B   59 
 0.94175 -0.09268 -0.70251 N   59 
 0.96812  0.29084 -0.88184 B   60 
 1.14071  0.36322 -0.74953 S   60 
 0.97674  0.08778 -1.13648 B   61 
 1.34755 -0.12869 -1.15222 R   61 
 0.63885  0.11452 -1.19124 B   62 
 0.75418 -0.31504 -1.29139 W   62 
 0.45961  0.35988 -1.03058 B   63 
 0.27949 -0.03756 -0.99036 W   63 
 0.69139  0.57993 -0.96921 B   64 
 0.65749  0.60266 -0.71230 X   64 
 0.87804  0.88911 -0.96165 B   65 
 1.00826  0.99832 -1.20524 N   65 
 1.23704  0.96007 -0.84059 B   66 
 1.28598  0.71337 -0.74355 D   66 
 1.48639  1.00832 -1.05468 B   67 
 1.65952  0.70063 -0.97142 B   68 
 1.71868  0.71129 -0.50140 R   68 
 1.50891  0.47850 -1.18306 B   69 
 1.39200  0.37976 -0.97857 T   69 
 1.59886  0.29049 -1.41124 B   70 
 1.80051  0.30453 -1.34120 P   70 
 1.34658  0.18068 -1.61026 B   71 
 1.09818  0.33038 -1.53739 B   72 
 1.14831  0.47396 -1.35480 S   72 
 0.72033  0.38391 -1.54676 B   73 
 0.66453  0.14517 -1.80670 R   73 
 0.48800  0.53894 -1.39458 B   74 
 0.52123  0.79976 -1.30065 N   74 
 0.17650  0.42145 -1.38193 B   75 
 0.26230  0.13073 -1.49547 L   75 
 0.05597  0.64487 -1.16707 B   76 
 0.02159  0.41950 -0.95606 X   76 
 0.15332  0.91914 -1.23951 B   77 
 0.10789  1.05219 -1.47334 N   77 
 0.38687  0.98493 -1.00067 B   78 
 0.15105  0.99882 -0.82494 I   78 
 0.54524  1.11339 -0.75779 B   79 
 0.51574  1.31262 -0.81362 P   79 
 0.67250  0.94142 -0.50073 B   80 
 0.84878  0.72830 -0.65331 X   80 
 0.62181  1.17166 -0.28787 B   81 
 0.73588  1.35606 -0.39009 S   81 
 0.30871  1.15092 -0.28994 B   82 
 0.25154  1.21402 -0.48246 A   82 
 0.33502  0.87184 -0.11896 B   83 
 0.32089  0.66964 -0.37596 L   83 
 0.41131  1.06077  0.16015 B   84 
 0.71332  0.95640  0.08174 L   84 
 0.16712  1.18084  0.23137 B   85 
 0.04650  1.37709  0.11266 S   85 
-0.09893  1.23256  0.45133 B   86 
-0.06696  1.44436  0.55846 S   86 
-0.24370  1.19645  0.18377 B   87 
-0.45787  1.34489  0.05126 D   87 
-0.35822  0.87807  0.05915 B   88 
-0.41640  0.73300  0.27653 I   88 
-0.47902  0.90719 -0.22485 B   89 
-0.64419  1.11500 -0.22269 T   89 
-0.23770  0.82443 -0.40280 B   90 
-0.10518  0.99666 -0.40721 A   90 
-0.18917  0.53997 -0.28493 B   91 
-0.00446  0.59647 -0.08997 S   91 
-0.46918  0.42827 -0.33872 B   92 
-0.64009  0.48772 -0.14905 V   92 
-0.48758  0.46613 -0.64268 B   93 
-0.65534  0.75771 -0.64746 N   93 
-0.23374  0.29627 -0.68977 B   94 
 0.03602  0.38173 -0.72321 X   94 
-0.31902  0.03679 -0.54539 B   95 
-0.30443  0.07837 -0.33467 A   95 
-0.56053 -0.02440 -0.72799 B   96 
-0.89531  0.24786 -0.55280 K   96 
-0.37430 -0.08291 -0.97092 B   97 
-0.31747  0.24109 -1.17123 K   97 
-0.19912 -0.30639 -0.84977 B   98 
 0.02978 -0.16549 -0.69507 I   98 
-0.42896 -0.51548 -0.76964 B   99 
-0.55711 -0.47618 -0.58031 V   99 
-0.52430 -0.51504 -1.09049 B   100 
-0.70529 -0.33518 -1.02946 S   100 
-0.26329 -0.65415 -1.23758 B   101 
-0.00867 -0.54706 -1.27072 D   101 
-0.30679 -1.00059 -1.13492 B   102 
-0.17135 -1.07456 -0.82927 B   103 
 0.08896 -1.15193 -1.00681 N   103 
-0.28411 -0.89238 -0.65284 B   104 
-0.16349 -0.87858 -0.32076 B   105 
-0.41797 -0.71385 -0.07197 M   105 
 0.11289 -1.02203 -0.40101 B   106 
-0.04093 -1.31413 -0.42053 N   106 
 0.26353 -0.75156 -0.45434 B   107 
 0.14680 -0.66148 -0.60266 A   107 
 0.27616 -0.77462 -0.13846 B   108 
 0.03554 -0.38409 -0.22689 W   108 
 0.50816 -0.92854  0.04206 B   109 
 0.73734 -0.92512 -0.07205 V   109 
 0.39302 -0.87983  0.32901 B   110 
 0.46991 -0.68932  0.39050 A   110 
 0.11569 -0.99274  0.27349 B   111 
-0.22815 -1.01809  0.09257 W   111 
 0.19467 -1.27742  0.17938 B   112 
 0.45876 -1.38504 -0.13207 R   112 
 0.39172 -1.34241  0.44024 B   113 
 0.65121 -1.36335  0.24652 N   113 
 0.17009 -1.19775  0.67822 B   114 
 0.56190 -0.95354  0.87627 R   114 
-0.15062 -1.20523  0.56783 B   115 
-0.08864 -0.89305  0.58483 X   115 
-0.19596 -1.44078  0.41055 B   116 
-0.16806 -1.54784 -0.02054 K   116 
-0.42346 -1.66742  0.56263 B   117 
-0.51829 -1.47881  0.77340 B   118 
-0.28869 -1.38279  0.84726 T   118 
-0.68064 -1.28734  1.02602 B   119 
-0.90522 -1.34879  1.19332 D   119 
-0.75131 -0.98094  0.89348 B   120 
-0.67734 -1.03228  0.66033 V   120 
-0.98965 -0.88069  1.07017 B   121 
-1.29173 -1.14446  0.95739 Q   121 
-0.81136 -0.79980  1.31650 B   122 
-0.72763 -0.97846  1.37988 A   122 
-0.73204 -0.51230  1.18313 B   123 
-0.32968 -0.64972  1.13076 W   123 
-1.05173 -0.39916  1.25149 B   124 
-1.12632 -0.41145  0.99350 I   124 
-1.08267 -0.41726  1.53069 B   125 
-1.11548 -0.93381  1.50884 R   125 
-1.26334 -0.16647  1.70411 B   126 
-1.36558 -0.03447  1.45225 B   127 
-1.05861 -0.01387  1.35362 X   127 
-1.55638  0.24597  1.31830 B   128 
-1.95064  0.25200  1.41312 R   128 
-1.76299  0.11967  1.02951 B   129 
-1.51580  0.07103  0.96612 L   129 
