246 
-0.19985  0.72337 -1.10621 B   1 
-0.31208  0.41923 -1.37293 K   1 
-0.55611  0.68521 -1.10661 B   2 
-0.62889  0.89911 -0.97966 V   2 
-0.73481  0.44766 -0.98491 B   3 
-0.41260  0.16567 -1.05259 F   3 
-0.96492  0.23085 -0.99233 B   4 
-1.10953  0.01376 -0.80600 B   5 
-1.48712 -0.03073 -0.59376 R   5 
-1.14139 -0.23472 -1.00380 B   6 
-1.45313 -0.26838 -0.99615 X   6 
-0.85822 -0.18878 -1.12345 B   7 
-0.74262  0.09884 -1.36074 E   7 
-0.69001 -0.23658 -0.86820 B   8 
-0.57408 -0.02814 -0.67528 L   8 
-0.79629 -0.51225 -0.78978 B   9 
-0.99790 -0.48142 -0.71518 A   9 
-0.69583 -0.65378 -1.04150 B   10 
-0.82910 -0.59146 -1.20330 A   10 
-0.39458 -0.59030 -1.00461 B   11 
-0.36513 -0.39011 -1.08217 A   11 
-0.36440 -0.70338 -0.71780 B   12 
-0.44694 -0.37129 -0.45801 M   12 
-0.44363 -0.98576 -0.79806 B   13 
-0.82834 -1.18127 -0.84252 K   13 
-0.23969 -1.05168 -1.01521 B   14 
-0.09513 -0.79184 -1.35897 R   14 
-0.00690 -0.98760 -0.79051 B   15 
 0.10658 -0.67879 -0.99871 H   15 
-0.12397 -1.16744 -0.52701 B   16 
-0.29625 -1.01701 -0.27922 B   17 
-0.13593 -0.73507 -0.28637 L   17 
-0.50681 -1.21596 -0.25397 B   18 
-0.80385 -1.23941 -0.32858 D   18 
-0.46761 -1.35051  0.05605 B   19 
-0.74393 -1.47987 -0.04658 N   19 
-0.22857 -1.22100  0.15583 B   20 
 0.18913 -1.18213  0.01716 Y   20 
-0.15790 -1.32413  0.45765 B   21 
 0.31293 -1.38601  0.46435 R   21 
-0.49729 -1.32981  0.48387 B   22 
-0.57308 -1.08088  0.29074 B   23 
-0.38810 -0.88623  0.67700 Y   23 
-0.81536 -0.97126  0.14423 B   24 
-1.03455 -1.01447  0.21484 S   24 
-0.85898 -0.77033 -0.11874 B   25 
-0.84925 -0.82963 -0.42687 L   25 
-1.03591 -0.55260  0.02985 B   26 
-0.81140 -0.45211  0.21739 B   27 
-0.86616 -0.67522  0.46464 N   27 
-0.62108 -0.33749  0.00403 B   28 
-0.30258 -0.64212  0.07325 W   28 
-0.82185 -0.14261 -0.12409 B   29 
-0.95670 -0.25040 -0.31845 V   29 
-0.89108  0.00861  0.13249 B   30 
-1.06784 -0.03829  0.34113 X   30 
-0.60836  0.11226  0.19233 B   31 
-0.49802 -0.05770  0.27472 A   31 
-0.55382  0.26490 -0.07119 B   32 
-0.50706  0.11702 -0.22039 A   32 
-0.78893  0.45920 -0.03971 B   33 
-1.10724  0.55376 -0.11806 K   33 
-0.68795  0.58640  0.25535 B   34 
-1.06585  0.48292  0.37986 F   34 
-0.38571  0.64926  0.17078 B   35 
-0.24223  0.42656  0.40252 E   35 
-0.42504  0.75827 -0.16563 B   36 
-0.29187  0.60198 -0.24910 S   36 
-0.68258  0.73616 -0.34078 B   37 
-0.88487  0.93584 -0.30230 N   37 
-0.54641  0.56974 -0.58527 B   38 
-0.88724  0.35782 -0.48678 F   38 
-0.25929  0.73412 -0.58564 B   39 
-0.25942  1.01508 -0.69254 N   39 
 0.06450  0.68213 -0.69825 B   40 
 0.03065  0.54849 -0.90594 T   40 
 0.16660  1.00010 -0.63947 B   41 
 0.18670  1.13283 -1.01545 Q   41 
 0.14601  0.99065 -0.34415 B   42 
-0.05679  0.97042 -0.28796 A   42 
 0.26797  1.22739 -0.09431 B   43 
 0.45757  1.26163 -0.24522 T   43 
 0.39084  1.22148  0.25954 B   44 
 0.05574  1.22311  0.21869 N   44 
 0.48914  1.39682  0.51749 B   45 
 0.95400  1.58650  0.44694 R   45 
 0.66412  1.33153  0.80920 B   46 
 0.54677  1.02034  0.72726 N   46 
 0.75538  1.42138  1.12118 B   47 
 0.56245  1.46829  1.28653 T   47 
 1.03341  1.23811  1.09182 B   48 
 0.95259  0.98770  1.05857 D   48 
 1.10435  1.31471  0.76543 B   49 
 0.96887  1.12972  0.61856 B   50 
 0.94319  0.90781  0.72104 S   50 
 0.79908  0.94296  0.33937 B   51 
 0.82237  1.18426  0.21546 T   51 
 0.51138  0.87370  0.16708 B   52 
 0.38228  0.74449  0.45787 D   52 
 0.44815  0.62643 -0.10037 B   53 
 0.84213  0.90026 -0.12349 Y   53 
 0.19147  0.58845 -0.29168 B   54 
-0.08797  0.37326 -0.28542 B   55 
-0.18695  0.25556 -0.50965 I   55 
 0.05451  0.26030  0.01584 B   56 
-0.06709 -0.02701 -0.06150 L   56 
 0.23326  0.44707  0.17578 B   57 
 0.08008  0.75330  0.12867 Q   57 
 0.54144  0.40256  0.16020 B   58 
 0.55265  0.11557  0.04363 I   58 
 0.80983  0.43109  0.37344 B   59 
 0.80642  0.56654  0.64630 N   59 
 1.14219  0.58691  0.38786 B   60 
 1.11093  0.80683  0.33137 S   60 
 1.26563  0.46163  0.66212 B   61 
 1.27981  0.75459  0.97610 R   61 
 1.23225  0.13880  0.55011 B   62 
 1.14966  0.13109  0.99841 W   62 
 1.16123  0.08038  0.21892 B   63 
 0.89461 -0.13544  0.49159 W   63 
 1.27420  0.35186  0.07946 B   64 
 1.05864  0.42421 -0.04690 X   64 
 1.46149  0.57692 -0.13210 B   65 
 1.75300  0.61962 -0.09440 N   65 
 1.48981  0.96123 -0.12296 B   66 
 1.30722  1.00079  0.07138 D   66 
 1.76067  1.11285 -0.00472 B   67 
 1.59534  1.24922  0.28794 B   68 
 1.21964  1.48613  0.12281 R   68 
 1.63033  0.99295  0.51136 B   69 
 1.38028  0.94901  0.48340 T   69 
 1.76052  0.95418  0.78893 B   70 
 1.76278  1.16642  0.81578 P   70 
 1.80910  0.62987  0.87709 B   71 
 1.74916  0.45849  0.63948 B   72 
 1.67505  0.59901  0.46277 S   72 
 1.67898  0.12154  0.47436 B   73 
 1.77286 -0.07028  0.76082 R   73 
 1.55893 -0.00374  0.20777 B   74 
 1.60922  0.10732 -0.04341 N   74 
 1.40919 -0.30134  0.20470 B   75 
 1.39403 -0.31720  0.52763 L   75 
 1.29827 -0.28937 -0.10862 B   76 
 1.00667 -0.27767 -0.00217 X   76 
 1.51265 -0.18212 -0.28886 B   77 
 1.75912 -0.29078 -0.33227 N   77 
 1.40502  0.13306 -0.35959 B   78 
 1.19894 -0.01047 -0.51325 I   78 
 1.30249  0.39238 -0.51062 B   79 
 1.43365  0.37822 -0.67272 P   79 
 1.04069  0.57752 -0.41557 B   80 
 1.11897  0.64189 -0.11640 X   80 
 0.95362  0.65319 -0.71151 B   81 
 1.15615  0.74871 -0.79707 S   81 
 0.86057  0.36503 -0.79382 B   82 
 1.03667  0.24969 -0.79553 A   82 
 0.59446  0.40709 -0.60613 B   83 
 0.71409  0.26043 -0.33909 L   83 
 0.46695  0.61635 -0.84978 B   84 
 0.56709  0.84196 -0.63223 L   84 
 0.39586  0.44307 -1.05964 B   85 
 0.55391  0.32152 -1.22517 S   85 
 0.16169  0.29570 -1.27244 B   86 
 0.17784  0.40231 -1.48629 S   86 
 0.33144  0.05499 -1.18818 B   87 
 0.45358 -0.16487 -1.33719 D   87 
 0.25833 -0.15146 -0.90175 B   88 
-0.00802 -0.14512 -0.87523 I   88 
 0.47861 -0.36561 -0.86039 B   89 
 0.52786 -0.47890 -1.09536 T   89 
 0.65625 -0.22975 -0.64420 B   90 
 0.77563 -0.08183 -0.74962 A   90 
 0.43852 -0.18898 -0.42488 B   91 
 0.35034  0.06339 -0.48696 S   91 
 0.35610 -0.48269 -0.39810 B   92 
 0.17696 -0.55419 -0.57563 V   92 
 0.62514 -0.61022 -0.32384 B   93 
 0.71825 -0.71420 -0.62996 N   93 
 0.65548 -0.42741 -0.07653 B   94 
 0.79662 -0.18117 -0.05131 X   94 
 0.39050 -0.49342  0.06796 B   95 
 0.23583 -0.39172 -0.04194 A   95 
 0.45062 -0.79331  0.11118 B   96 
 0.33744 -0.98250 -0.29906 K   96 
 0.67931 -0.72831  0.31267 B   97 
 1.01356 -0.69864  0.12366 K   97 
 0.52146 -0.56104  0.51861 B   98 
 0.51830 -0.26969  0.41235 I   98 
 0.29466 -0.77425  0.59648 B   99 
 0.11814 -0.81058  0.45042 V   99 
 0.53971 -0.98446  0.68474 B   100 
 0.52206 -1.09414  0.44707 S   100 
 0.67062 -0.82848  0.94483 B   101 
 0.81738 -0.59214  0.94622 D   101 
 0.41205 -0.88762  1.19402 B   102 
 0.15675 -0.65953  1.18835 B   103 
 0.34170 -0.50537  1.40584 N   103 
 0.06133 -0.66242  0.92774 B   104 
-0.17975 -0.42252  0.83107 B   105 
-0.38288 -0.52892  0.51294 M   105 
-0.10308 -0.22756  1.07503 B   106 
-0.26345 -0.42455  1.28679 N   106 
 0.10791 -0.06527  0.90819 B   107 
 0.24295 -0.21290  0.84731 A   107 
-0.16592  0.06418  0.81475 B   108 
 0.02370 -0.12117  0.43014 W   108 
-0.32627  0.31780  0.95642 B   109 
-0.16600  0.48207  1.06994 V   109 
-0.57730  0.33256  0.77003 B   110 
-0.52024  0.45862  0.60621 A   110 
-0.65809  0.04040  0.79938 B   111 
-0.61068 -0.34546  0.77772 W   111 
-0.68870  0.02689  1.10763 B   112 
-0.40369  0.12760  1.40249 R   112 
-0.88528  0.29508  1.13071 B   113 
-0.66083  0.45192  1.30485 N   113 
-1.07962  0.21085  0.84468 B   114 
-1.02730  0.68428  0.68500 R   114 
-1.07719 -0.12375  0.78870 B   115 
-0.93041 -0.00754  0.53075 X   115 
-1.06562 -0.26592  1.03756 B   116 
-0.74365 -0.42539  1.30019 K   116 
-1.36064 -0.45224  1.10468 B   117 
-1.47719 -0.42452  0.83148 B   118 
-1.43266 -0.17144  0.79459 T   118 
-1.64612 -0.44135  0.51840 B   119 
-1.87683 -0.59085  0.43707 D   119 
-1.41190 -0.50409  0.27831 B   120 
-1.21870 -0.53585  0.43365 V   120 
-1.57957 -0.63476  0.04833 B   121 
-1.68848 -0.99729  0.22226 Q   121 
-1.70158 -0.36419 -0.05617 B   122 
-1.81485 -0.29442  0.10275 A   122 
-1.43457 -0.29453 -0.23106 B   123 
-1.34436  0.02642  0.03796 W   123 
-1.52699 -0.53854 -0.45821 B   124 
-1.33523 -0.70785 -0.37558 I   124 
-1.77944 -0.46189 -0.55638 B   125 
-2.00862 -0.58855 -0.10938 R   125 
-1.85910 -0.51575 -0.89750 B   126 
-1.61334 -0.68305 -0.95163 B   127 
-1.43703 -0.43935 -0.83370 X   127 
-1.42262 -0.85967 -1.20741 B   128 
-1.60717 -1.17940 -1.37530 R   128 
-1.29347 -1.18007 -1.05675 B   129 
-1.19516 -0.98881 -0.91099 L   129 
