246 
-1.06574  0.66022  0.46392 B   1 
-1.33837  0.34295  0.49925 K   1 
-1.05012  0.52055  0.79350 B   2 
-0.91143  0.70117  0.91722 V   2 
-0.92921  0.23864  0.88882 B   3 
-1.02369  0.06371  0.50362 F   3 
-0.93382 -0.03527  1.04682 B   4 
-0.74928 -0.28925  1.11167 B   5 
-0.52064 -0.44613  1.44739 R   5 
-0.95489 -0.53160  1.08216 B   6 
-0.93325 -0.65426  1.37001 X   6 
-1.08642 -0.40284  0.83170 B   7 
-1.31763 -0.08859  0.81786 E   7 
-0.84184 -0.40584  0.64223 B   8 
-0.64681 -0.17734  0.58013 L   8 
-0.76918 -0.70224  0.65989 B   9 
-0.68360 -0.73287  0.85711 A   9 
-1.03091 -0.80267  0.53783 B   10 
-1.18339 -0.77785  0.69262 A   10 
-1.00642 -0.65556  0.26598 B   11 
-1.07740 -0.45367  0.29999 A   11 
-0.72611 -0.76175  0.18781 B   12 
-0.44972 -0.47396  0.34713 M   12 
-0.81341 -1.05301  0.18696 B   13 
-0.84656 -1.35045  0.50103 K   13 
-1.04276 -1.05194 -0.01426 B   14 
-1.38273 -0.75339 -0.05756 R   14 
-0.82744 -0.92848 -0.23148 B   15 
-1.02866 -0.59525 -0.23889 H   15 
-0.56577 -1.14064 -0.18674 B   16 
-0.30409 -1.05239  0.00676 B   17 
-0.30802 -0.73602 -0.06492 L   17 
-0.27635 -1.30432  0.14929 B   18 
-0.33713 -1.41103  0.43083 D   18 
 0.02584 -1.42898  0.05496 B   19 
-0.06809 -1.63038  0.28786 N   19 
 0.11875 -1.23818 -0.14208 B   20 
-0.03866 -1.07677 -0.52206 Y   20 
 0.41244 -1.32347 -0.25696 B   21 
 0.39354 -1.24649 -0.72523 R   21 
 0.45509 -1.42779  0.06429 B   22 
 0.27585 -1.20702  0.21968 B   23 
 0.65990 -0.97625  0.07631 Y   23 
 0.14586 -1.16886  0.49138 B   24 
 0.22541 -1.27533  0.68435 S   24 
-0.10654 -0.98306  0.60630 B   25 
-0.41688 -1.02977  0.59793 L   25 
 0.05902 -0.82944  0.82941 B   26 
 0.23910 -0.67267  0.63276 B   27 
 0.47977 -0.90780  0.60643 N   27 
 0.02130 -0.50288  0.49630 B   28 
 0.06274 -0.70376  0.10012 W   28 
-0.08902 -0.37154  0.75180 B   29 
-0.28060 -0.50918  0.86104 V   29 
 0.17639 -0.25290  0.84651 B   30 
 0.39147 -0.35385  0.98978 X   30 
 0.22629 -0.07326  0.60260 B   31 
 0.29641 -0.20586  0.44338 A   31 
-0.03339  0.09477  0.60980 B   32 
-0.19041 -0.02969  0.53126 A   32 
 0.01723  0.21187  0.88863 B   33 
-0.04159  0.21202  1.22471 K   33 
 0.31175  0.35591  0.81148 B   34 
 0.45052  0.14454  1.13564 F   34 
 0.21494  0.50556  0.54560 B   35 
 0.43041  0.32859  0.33080 E   35 
-0.11458  0.60637  0.63424 B   36 
-0.21058  0.49734  0.46684 S   36 
-0.27759  0.51474  0.88429 B   37 
-0.22137  0.64632  1.13289 N   37 
-0.53483  0.40065  0.72051 B   38 
-0.42810  0.09687  0.97956 F   38 
-0.54285  0.64109  0.49340 B   39 
-0.63849  0.91241  0.58065 N   39 
-0.67322  0.68775  0.17551 B   40 
-0.88408  0.55494  0.18154 T   40 
-0.60707  1.02019  0.16601 B   41 
-0.97807  1.16183  0.20697 Q   41 
-0.31169  0.99826  0.16571 B   42 
-0.24643  0.91886  0.35045 A   42 
-0.05904  1.25426  0.10266 B   43 
-0.21763  1.34547 -0.05990 T   43 
 0.28783  1.27589 -0.03717 B   44 
 0.26361  1.18137  0.28600 N   44 
 0.54732  1.46609 -0.09574 B   45 
 0.46151  1.78386 -0.48137 R   45 
 0.82728  1.44746 -0.29885 B   46 
 0.73904  1.11762 -0.27146 N   46 
 1.13769  1.55255 -0.37845 B   47 
 1.31404  1.53770 -0.19020 T   47 
 1.08751  1.45838 -0.69526 B   48 
 1.04845  1.19615 -0.68814 D   48 
 0.76129  1.55986 -0.72194 B   49 
 0.61409  1.34707 -0.63710 B   50 
 0.70891  1.12489 -0.68242 S   50 
 0.33647  1.12573 -0.51224 B   51 
 0.22114  1.36627 -0.45781 T   51 
 0.17595  0.98019 -0.24710 B   52 
 0.46744  0.81235 -0.17788 D   52 
-0.09758  0.73154 -0.24219 B   53 
-0.12927  1.10818 -0.53863 Y   53 
-0.27738  0.62535  0.00341 B   54 
-0.26585  0.33837  0.20822 B   55 
-0.48939  0.20234  0.28206 I   55 
 0.02336  0.26449  0.02189 B   56 
-0.05914 -0.04383  0.05995 L   56 
 0.18154  0.49122 -0.10455 B   57 
 0.15409  0.74099  0.13277 Q   57 
 0.14908  0.53823 -0.41105 B   58 
 0.02090  0.26960 -0.49756 I   58 
 0.34981  0.63825 -0.67185 B   59 
 0.62763  0.76048 -0.64555 N   59 
 0.35399  0.88325 -0.94554 B   60 
 0.30780  1.08596 -0.84905 S   60 
 0.61670  0.79270 -1.11562 B   61 
 0.94088  1.06977 -1.06321 R   61 
 0.49386  0.47675 -1.17010 B   62 
 0.94503  0.43496 -1.11957 W   62 
 0.16452  0.40805 -1.09967 B   63 
 0.44129  0.11794 -0.92287 W   63 
 0.03046  0.70380 -1.12136 B   64 
-0.08220  0.71357 -0.88709 X   64 
-0.18104  0.97834 -1.22324 B   65 
-0.15607  1.10273 -1.49180 N   65 
-0.15820  1.35406 -1.14022 B   66 
 0.04629  1.33449 -0.96566 D   66 
-0.04756  1.57481 -1.36239 B   67 
 0.25801  1.65057 -1.18221 B   68 
 0.12101  1.77233 -0.74524 R   68 
 0.46919  1.41024 -1.30249 B   69 
 0.45186  1.29645 -1.07448 T   69 
 0.73829  1.40435 -1.45432 B   70 
 0.77332  1.60745 -1.39696 P   70 
 0.81113  1.10603 -1.59926 B   71 
 0.57020  0.93024 -1.57741 B   72 
 0.40301  1.04738 -1.45579 S   72 
 0.39561  0.59138 -1.59766 B   73 
 0.66934  0.42830 -1.75937 R   73 
 0.13053  0.44298 -1.50339 B   74 
-0.11826  0.56970 -1.50481 N   74 
 0.12312  0.11493 -1.44573 B   75 
 0.44554  0.08780 -1.45469 L   75 
-0.18364  0.10160 -1.31795 B   76 
-0.06260  0.02587 -1.04207 X   76 
-0.36986  0.27053 -1.48146 B   77 
-0.42957  0.23895 -1.74581 N   77 
-0.42275  0.54260 -1.28373 B   78 
-0.57162  0.34919 -1.11907 I   78 
-0.55825  0.76459 -1.10225 B   79 
-0.72704  0.79281 -1.22222 P   79 
-0.44323  0.86370 -0.80426 B   80 
-0.14597  0.94096 -0.87804 X   80 
-0.73133  0.91783 -0.68195 B   81 
-0.82292  1.06988 -0.84305 S   81 
-0.82022  0.61708 -0.67113 B   82 
-0.83513  0.55775 -0.87256 A   82 
-0.61816  0.57587 -0.41563 B   83 
-0.36330  0.46392 -0.58781 L   83 
-0.84683  0.74489 -0.21926 B   84 
-0.62577  0.98467 -0.26277 L   84 
-1.05958  0.56342 -0.18892 B   85 
-1.23734  0.49676 -0.36531 S   85 
-1.26624  0.35958  0.00494 B   86 
-1.47627  0.47128  0.03269 S   86 
-1.19997  0.17643 -0.23154 B   87 
-1.36333  0.00492 -0.40287 D   87 
-0.91862 -0.04899 -0.23782 B   88 
-0.87880 -0.12068  0.01705 I   88 
-0.89660 -0.19109 -0.51245 B   89 
-1.13798 -0.27972 -0.57840 T   89 
-0.68424 -0.01471 -0.65578 B   90 
-0.78950  0.16386 -0.72115 A   90 
-0.45304 -0.04389 -0.44874 B   91 
-0.50073  0.17352 -0.28818 S   91 
-0.43380 -0.34942 -0.45606 B   92 
-0.60498 -0.46556 -0.29503 V   92 
-0.37795 -0.39529 -0.75429 B   93 
-0.69212 -0.46065 -0.85533 N   93 
-0.12543 -0.21737 -0.74513 B   94 
-0.09752  0.05853 -0.81063 X   94 
 0.02922 -0.36065 -0.51928 B   95 
-0.06886 -0.30555 -0.33573 A   95 
 0.05760 -0.63121 -0.66559 B   96 
-0.35370 -0.83540 -0.58789 K   96 
 0.24999 -0.50752 -0.87727 B   97 
 0.04609 -0.37790 -1.17719 K   97 
 0.46986 -0.39799 -0.69027 B   98 
 0.37543 -0.11764 -0.59717 I   98 
 0.55036 -0.66951 -0.53939 B   99 
 0.41184 -0.75196 -0.37258 V   99 
 0.61812 -0.80175 -0.83931 B   100 
 0.37748 -0.90625 -0.84011 S   100 
 0.87739 -0.62069 -0.93475 B   101 
 0.88085 -0.35207 -1.00708 D   101 
 1.13648 -0.75799 -0.71918 B   102 
 1.15235 -0.61353 -0.40914 B   103 
 1.36637 -0.41756 -0.55427 N   103 
 0.89683 -0.63782 -0.30353 B   104 
 0.82165 -0.47581  0.00162 B   105 
 0.50995 -0.62899  0.18376 M   105 
 1.06902 -0.27278 -0.02981 B   106 
 1.28050 -0.51268  0.05440 N   106 
 0.89851 -0.05249 -0.17502 B   107 
 0.82531 -0.15322 -0.34305 A   107 
 0.82382 -0.00572  0.12945 B   108 
 0.42336 -0.11916 -0.08267 W   108 
 0.98307  0.18721  0.34745 B   109 
 1.09493  0.38814  0.23490 V   109 
 0.80998  0.13300  0.60255 B   110 
 0.64863  0.27399  0.59387 A   110 
 0.83175 -0.17063  0.59396 B   111 
 0.79264 -0.52562  0.43884 W   111 
 1.14036 -0.19965  0.60132 B   112 
 1.42458 -0.02766  0.34063 R   112 
 1.18362 -0.00049  0.86508 B   113 
 1.35254  0.21049  0.68549 N   113 
 0.90440 -0.13067  1.04331 B   114 
 0.76108  0.34124  1.13891 R   114 
 0.83525 -0.44882  0.94795 B   115 
 0.57516 -0.28907  0.85618 X   115 
 1.07746 -0.58733  0.88143 B   116 
 1.31746 -0.65285  0.51240 K   116 
 1.15163 -0.85262  1.10587 B   117 
 0.88580 -0.85344  1.24123 B   118 
 0.85674 -0.59753  1.27367 T   118 
 0.58099 -0.91114  1.41616 B   119 
 0.50529 -1.11909  1.59842 D   119 
 0.32738 -0.89772  1.18825 B   120 
 0.47167 -0.87580  0.98535 V   120 
 0.10098 -1.06592  1.32436 B   121 
 0.26566 -1.44842  1.31395 Q   121 
 0.01332 -0.83990  1.52498 B   122 
 0.18024 -0.80967  1.64404 A   122 
-0.17162 -0.69183  1.30001 B   123 
 0.10505 -0.36490  1.29045 W   123 
-0.40336 -0.94676  1.33140 B   124 
-0.33699 -1.05517  1.09453 I   124 
-0.48591 -0.94422  1.60051 B   125 
-0.03350 -1.14225  1.75700 R   125 
-0.82455 -1.01082  1.68110 B   126 
-0.89725 -1.09847  1.40119 B   127 
-0.77863 -0.81700  1.29591 X   127 
-1.16884 -1.20626  1.18299 B   128 
-1.33989 -1.56171  1.27718 R   128 
-1.03743 -1.47897  0.95850 B   129 
-0.88928 -1.27091  0.91107 L   129 
