246 
 0.04771 -0.64244  1.17128 B   1 
 0.46186 -0.70243  1.20473 K   1 
 0.19727 -0.37128  1.35152 B   2 
-0.01281 -0.25466  1.44866 V   2 
 0.38487 -0.13436  1.24266 B   3 
 0.53605 -0.39307  0.92940 F   3 
 0.63817  0.05490  1.24853 B   4 
 0.76554  0.30638  1.09589 B   5 
 0.82012  0.73294  1.16414 R   5 
 1.07378  0.22553  1.07778 B   6 
 1.20083  0.46805  1.23081 X   6 
 1.00292 -0.06981  1.01173 B   7 
 0.85472 -0.33965  1.25179 E   7 
 0.85625 -0.02497  0.74302 B   8 
 0.55429 -0.00656  0.69216 L   8 
 1.07185  0.13302  0.59471 B   9 
 1.07701  0.33017  0.68561 A   9 
 1.27787 -0.09289  0.59559 B   10 
 1.35424 -0.10444  0.80019 A   10 
 1.10814 -0.30139  0.44111 B   11 
 0.97790 -0.39370  0.58764 A   11 
 1.04366 -0.12585  0.19416 B   12 
 0.67576  0.07324  0.29217 M   12 
 1.33552 -0.09107  0.11626 B   13 
 1.64213  0.18809  0.24378 K   13 
 1.42935 -0.37957  0.08378 B   14 
 1.34725 -0.73794  0.35104 R   14 
 1.18737 -0.41413 -0.13768 B   15 
 1.00834 -0.66545  0.09975 H   15 
 1.23699 -0.13663 -0.32744 B   16 
 1.04983  0.13982 -0.27992 B   17 
 0.77528 -0.01288 -0.19896 L   17 
 1.26591  0.33396 -0.29302 B   18 
 1.42135  0.51075 -0.09572 D   18 
 1.20383  0.51997 -0.57105 B   19 
 1.45086  0.67327 -0.43285 N   19 
 0.97057  0.39281 -0.68633 B   20 
 0.87001 -0.01534 -0.82240 Y   20 
 0.87709  0.54675 -0.95889 B   21 
 0.76581  0.20340 -1.26757 R   21 
 0.98171  0.81944 -0.78395 B   22 
 0.90600  0.72601 -0.48304 B   23 
 0.49457  0.82005 -0.69085 Y   23 
 0.97337  0.80173 -0.19685 B   24 
 1.04540  1.01674 -0.13783 S   24 
 0.96033  0.64326  0.09666 B   25 
 1.15956  0.44066  0.23015 L   25 
 0.77108  0.85188  0.24312 B   26 
 0.52158  0.79575  0.06912 B   27 
 0.59306  1.02005 -0.17272 N   27 
 0.47421  0.50230  0.14992 B   28 
 0.57569  0.33794 -0.25222 W   28 
 0.45052  0.55050  0.45294 B   29 
 0.67934  0.53553  0.57541 V   29 
 0.22390  0.75517  0.43731 B   30 
 0.21517  1.02872  0.39186 X   30 
 0.01678  0.57166  0.30435 B   31 
 0.07384  0.55912  0.09355 A   31 
 0.00972  0.34378  0.51350 B   32 
 0.18709  0.22574  0.48313 A   32 
-0.08244  0.52199  0.74538 B   33 
-0.01202  0.70079  1.02729 K   33 
-0.36614  0.62623  0.59677 B   34 
-0.22025  1.00154  0.67966 F   34 
-0.47452  0.33779  0.51010 B   35 
-0.46175  0.40298  0.16446 E   35 
-0.37876  0.13715  0.78791 B   36 
-0.25666 -0.00210  0.66614 S   36 
-0.18692  0.21852  1.02044 B   37 
-0.29785  0.37612  1.23288 N   37 
 0.02337 -0.02707  0.98205 B   38 
 0.25639  0.31402  0.99390 F   38 
-0.20326 -0.25911  0.91689 B   39 
-0.37321 -0.35625  1.14504 N   39 
-0.21322 -0.57081  0.76533 B   40 
 0.00919 -0.66785  0.82244 T   40 
-0.53024 -0.64026  0.86360 B   41 
-0.45329 -0.91370  1.14411 Q   41 
-0.66461 -0.43114  0.70253 B   42 
-0.60910 -0.24012  0.77408 A   42 
-1.01982 -0.38290  0.63290 B   43 
-1.03437 -0.62719  0.63083 T   43 
-1.23439 -0.24373  0.35917 B   44 
-1.10323 -0.01876  0.57399 N   44 
-1.53686 -0.16640  0.26180 B   45 
-1.80764 -0.58028  0.15028 R   45 
-1.69023 -0.10113 -0.04184 B   46 
-1.36184 -0.03600 -0.11426 N   46 
-1.94945  0.02510 -0.21676 B   47 
-2.00571  0.27338 -0.17257 T   47 
-1.88147 -0.18505 -0.46770 B   48 
-1.63824 -0.12154 -0.55223 D   48 
-1.80175 -0.45883 -0.27766 B   49 
-1.53515 -0.43480 -0.22775 B   50 
-1.40141 -0.32693 -0.40348 S   50 
-1.18901 -0.47115 -0.08448 B   51 
-1.32660 -0.59310  0.11631 T   51 
-0.95099 -0.36063  0.13547 B   52 
-0.95144 -0.06124 -0.03270 D   52 
-0.59813 -0.46348  0.17536 B   53 
-0.93618 -0.80137  0.12752 Y   53 
-0.38580 -0.39174  0.40707 B   54 
-0.12421 -0.15665  0.43423 B   55 
 0.11557 -0.21709  0.54729 I   55 
-0.23356 -0.05607  0.11526 B   56 
 0.07490  0.01292  0.05688 L   56 
-0.52262 -0.10427  0.03440 B   57 
-0.69171 -0.04985  0.33089 Q   57 
-0.58220 -0.34165 -0.15874 B   58 
-0.29857 -0.39808 -0.27031 I   58 
-0.80196 -0.40695 -0.41518 B   59 
-1.04620 -0.23957 -0.48689 N   59 
-1.04433 -0.66250 -0.51957 B   60 
-1.18065 -0.69738 -0.33864 S   60 
-1.12390 -0.56403 -0.81977 B   61 
-1.52022 -0.39844 -0.83082 R   61 
-0.79913 -0.58048 -0.92991 B   62 
-0.99126 -0.22513 -1.14124 W   62 
-0.56203 -0.73754 -0.73688 B   63 
-0.43844 -0.33816 -0.86819 W   63 
-0.74578 -0.93997 -0.56033 B   64 
-0.66779 -0.86753 -0.32298 X   64 
-0.88103 -1.24076 -0.41296 B   65 
-1.03137 -1.43937 -0.57475 N   65 
-1.20126 -1.29364 -0.20505 B   66 
-1.26973 -1.03350 -0.18753 D   66 
-1.47206 -1.43483 -0.33570 B   67 
-1.67295 -1.13296 -0.32591 B   68 
-1.65307 -0.98158  0.12268 R   68 
-1.59302 -0.98839 -0.62512 B   69 
-1.46044 -0.81446 -0.49319 T   69 
-1.74544 -0.90129 -0.87945 B   70 
-1.92880 -0.90622 -0.76934 P   70 
-1.54769 -0.84856 -1.15042 B   71 
-1.27144 -0.94182 -1.08404 B   72 
-1.26961 -1.01519 -0.85803 S   72 
-0.89637 -0.96390 -1.15159 B   73 
-0.91921 -0.82875 -1.48157 R   73 
-0.62218 -1.03542 -1.00711 B   74 
-0.60090 -1.24797 -0.82732 N   74 
-0.33354 -0.89581 -1.09763 B   75 
-0.47853 -0.67213 -1.28124 L   75 
-0.14819 -1.01810 -0.85003 B   76 
-0.11379 -0.73067 -0.73733 X   76 
-0.21441 -1.30729 -0.80606 B   77 
-0.18827 -1.51019 -0.98658 N   77 
-0.39395 -1.30339 -0.51680 B   78 
-0.13338 -1.23478 -0.39813 I   78 
-0.49022 -1.35026 -0.21829 B   79 
-0.44107 -1.55321 -0.20964 P   79 
-0.59820 -1.10962 -0.01267 B   80 
-0.82634 -0.97950 -0.18815 X   80 
-0.48033 -1.24472  0.24952 B   81 
-0.58094 -1.46207  0.23965 S   81 
-0.17822 -1.20034  0.17721 B   82 
-0.14426 -1.32250  0.00916 A   82 
-0.21744 -0.88201  0.24752 B   83 
-0.27507 -0.78331 -0.05918 L   83 
-0.21883 -0.96566  0.58280 B   84 
-0.54161 -0.92100  0.53723 L   84 
 0.04867 -1.03226  0.63869 B   85 
 0.17614 -1.24715  0.56993 S   85 
 0.35148 -0.98076  0.80452 B   86 
 0.36888 -1.14288  0.97995 S   86 
 0.44413 -1.02980  0.51665 B   87 
 0.65357 -1.19731  0.40034 D   87 
 0.48871 -0.76776  0.27302 B   88 
 0.55922 -0.55094  0.41338 I   88 
 0.56494 -0.88535 -0.00349 B   89 
 0.75713 -1.06461  0.03390 T   89 
 0.28848 -0.89103 -0.14593 B   90 
 0.18388 -1.06398 -0.06598 A   90 
 0.21820 -0.58829 -0.12182 B   91 
 0.07785 -0.58722  0.11402 S   91 
 0.46622 -0.48017 -0.26524 B   92 
 0.67244 -0.45443 -0.10545 V   92 
 0.44059 -0.62140 -0.53646 B   93 
 0.64656 -0.88096 -0.47821 N   93 
 0.16023 -0.50068 -0.58467 B   94 
-0.09578 -0.61434 -0.53241 X   94 
 0.22849 -0.20083 -0.55501 B   95 
 0.25447 -0.16627 -0.34412 A   95 
 0.42557 -0.18848 -0.79255 B   96 
 0.82075 -0.35266 -0.60877 K   96 
 0.19593 -0.23518 -0.99798 B   97 
 0.15590 -0.61258 -1.06355 K   97 
 0.01161  0.00146 -0.92493 B   98 
-0.16592 -0.09399 -0.68923 I   98 
 0.21796  0.24354 -0.96709 B   99 
 0.37942  0.28442 -0.80562 V   99 
 0.25916  0.13755 -1.28189 B   100 
 0.47217  0.00644 -1.20274 S   100 
-0.03985  0.19367 -1.41058 B   101 
-0.27784  0.06120 -1.35393 D   101 
-0.03194  0.55635 -1.43972 B   102 
-0.12557  0.72219 -1.15516 B   103 
-0.41970  0.71007 -1.29158 N   103 
 0.03989  0.62409 -0.95508 B   104 
-0.02206  0.71871 -0.62007 B   105 
 0.29081  0.67413 -0.38786 M   105 
-0.32588  0.80124 -0.68551 B   106 
-0.22207  1.07918 -0.83158 N   106 
-0.44156  0.51796 -0.61437 B   107 
-0.33836  0.39120 -0.74483 A   107 
-0.40620  0.65008 -0.32843 B   108 
-0.12808  0.27474 -0.32921 W   108 
-0.62609  0.83822 -0.16608 B   109 
-0.86766  0.77581 -0.22358 V   109 
-0.46014  0.90377  0.09108 B   110 
-0.49710  0.74166  0.22652 A   110 
-0.21519  1.01218 -0.05379 B   111 
 0.08730  1.00016 -0.29865 W   111 
-0.34950  1.23767 -0.21889 B   112 
-0.67344  1.20608 -0.48793 R   112 
-0.50916  1.37422  0.03989 B   113 
-0.79678  1.30387 -0.09288 N   113 
-0.23307  1.34182  0.26215 B   114 
-0.54728  1.15202  0.60511 R   114 
 0.06090  1.33617  0.09289 B   115 
 0.04926  1.04619  0.22466 X   115 
 0.04493  1.50378 -0.13934 B   116 
-0.06783  1.44883 -0.56636 K   116 
 0.25805  1.78747 -0.12054 B   117 
 0.41251  1.69405  0.11695 B   118 
 0.21461  1.61178  0.26343 T   118 
 0.64005  1.61833  0.38026 B   119 
 0.87716  1.75322  0.46844 D   119 
 0.73279  1.29179  0.34542 B   120 
 0.61533  1.25110  0.12859 V   120 
 1.00873  1.28048  0.49309 B   121 
 1.24630  1.51126  0.24041 Q   121 
 0.88655  1.27751  0.78305 B   122 
 0.78873  1.45950  0.79918 A   122 
 0.83002  0.95593  0.77161 B   123 
 0.40867  1.03233  0.75943 W   123 
 1.16971  0.90101  0.80724 B   124 
 1.19895  0.82739  0.55035 I   124 
 1.24239  1.01914  1.05220 B   125 
 1.19462  1.49543  0.85410 R   125 
 1.48375  0.86165  1.25849 B   126 
 1.56225  0.65802  1.04948 B   127 
 1.24982  0.57868  1.02772 X   127 
 1.76815  0.36507  0.98036 B   128 
 2.16908  0.42544  0.98972 R   128 
 1.90439  0.39767  0.63048 B   129 
 1.64577  0.40022  0.60610 L   129 
