246 
-0.99631 -0.65208  0.60751 B   1 
-0.78865 -0.98947  0.74637 K   1 
-0.87567 -0.59426  0.93990 B   2 
-1.00641 -0.37966  1.00332 V   2 
-0.57472 -0.54490  1.04075 B   3 
-0.42193 -0.78574  0.71430 F   3 
-0.32573 -0.59159  1.23005 B   4 
-0.02867 -0.48342  1.28311 B   5 
 0.17804 -0.23427  1.57430 R   5 
 0.13361 -0.75351  1.33411 B   6 
 0.24223 -0.69589  1.62265 X   6 
-0.01880 -0.90006  1.10628 B   7 
-0.39058 -1.01915  1.10529 E   7 
 0.07389 -0.72668  0.86737 B   8 
-0.07429 -0.49449  0.73234 L   8 
 0.37643 -0.74625  0.90644 B   9 
 0.42379 -0.62567  1.08073 A   9 
 0.39096 -1.04850  0.86262 B   10 
 0.30973 -1.13997  1.04390 A   10 
 0.27367 -1.05222  0.57562 B   11 
 0.05825 -1.04651  0.59835 A   11 
 0.46995 -0.84859  0.44924 B   12 
 0.28176 -0.46583  0.50099 M   12 
 0.71589 -1.01785  0.50687 B   13 
 0.97000 -1.05701  0.85630 K   13 
 0.64926 -1.28012  0.36592 B   14 
 0.25792 -1.51129  0.36379 R   14 
 0.61443 -1.10209  0.09045 B   15 
 0.23431 -1.18625  0.08621 H   15 
 0.89844 -0.91579  0.10077 B   16 
 0.89189 -0.59861  0.21506 B   17 
 0.59579 -0.52416  0.10537 L   17 
 1.13157 -0.61301  0.37907 B   18 
 1.19832 -0.62761  0.67853 D   18 
 1.35326 -0.39924  0.23448 B   19 
 1.50078 -0.48588  0.50716 N   19 
 1.21363 -0.30737 -0.00202 B   20 
 1.02829 -0.50152 -0.35297 Y   20 
 1.39641 -0.09471 -0.16962 B   21 
 1.34063 -0.21101 -0.62669 R   21 
 1.49302 -0.00352  0.14384 B   22 
 1.21818 -0.05936  0.30619 B   23 
 1.13410  0.32527  0.04872 Y   23 
 1.12603 -0.09556  0.59320 B   24 
 1.24314 -0.00482  0.77473 S   24 
 0.86207 -0.23966  0.73807 B   25 
 0.80433 -0.54021  0.80806 L   25 
 0.76076  0.01728  0.89460 B   26 
 0.68190  0.17863  0.64276 B   27 
 0.98417  0.32008  0.59246 N   27 
 0.45679 -0.00449  0.53942 B   28 
 0.67935 -0.13172  0.17430 W   28 
 0.28405  0.00158  0.79403 B   29 
 0.34537 -0.18731  0.96178 V   29 
 0.25492  0.30562  0.80824 B   30 
 0.41389  0.50910  0.90975 X   30 
 0.11395  0.34243  0.53801 B   31 
 0.26991  0.32437  0.38569 A   31 
-0.13036  0.15803  0.58309 B   32 
-0.06083 -0.04434  0.56009 A   32 
-0.23782  0.31318  0.82475 B   33 
-0.27385  0.34734  1.16230 K   33 
-0.27286  0.60664  0.66323 B   34 
-0.04380  0.75383  0.97127 F   34 
-0.43277  0.49424  0.40976 B   35 
-0.18438  0.58110  0.17600 E   35 
-0.64070  0.24666  0.55834 B   36 
-0.56127  0.08161  0.43352 S   36 
-0.62027  0.13486  0.84915 B   37 
-0.73806  0.29164  1.05848 N   37 
-0.58935 -0.17838  0.76587 B   38 
-0.28049 -0.10585  1.03069 F   38 
-0.80754 -0.17159  0.51727 B   39 
-1.09916 -0.15328  0.58793 N   39 
-0.87882 -0.35984  0.23495 B   40 
-0.82332 -0.59192  0.30705 T   40 
-1.17005 -0.20006  0.16684 B   41 
-1.42779 -0.48559  0.27372 Q   41 
-1.05210  0.06353  0.10098 B   42 
-0.96482  0.14732  0.27434 A   42 
-1.20719  0.35663 -0.05193 B   43 
-1.33742  0.19683 -0.18383 T   43 
-1.10649  0.64416 -0.26993 B   44 
-1.04124  0.67765  0.05959 N   44 
-1.19751  0.92456 -0.41147 B   45 
-1.50644  0.84232 -0.80499 R   45 
-1.07776  1.12196 -0.66968 B   46 
-0.79715  0.94743 -0.57955 N   46 
-1.07073  1.41742 -0.83213 B   47 
-1.00791  1.62357 -0.68960 T   47 
-0.98287  1.25975 -1.11352 B   48 
-0.74882  1.14562 -1.06320 D   48 
-1.18467  0.98522 -1.07695 B   49 
-1.03666  0.80757 -0.93314 B   50 
-0.79371  0.81451 -0.96965 S   50 
-0.92552  0.51840 -0.71941 B   51 
-1.19298  0.50069 -0.67178 T   51 
-0.85417  0.39633 -0.40755 B   52 
-0.60334  0.62989 -0.38637 D   52 
-0.71002  0.07114 -0.30681 B   53 
-1.06103  0.07981 -0.63462 Y   53 
-0.68118 -0.06165 -0.01448 B   54 
-0.41685 -0.08531  0.21791 B   55 
-0.36582 -0.31223  0.35874 I   55 
-0.24278  0.10805 -0.01901 B   56 
 0.01891 -0.05185  0.07724 L   56 
-0.39827  0.28912 -0.20730 B   57 
-0.65450  0.40254 -0.00495 Q   57 
-0.43822  0.19358 -0.50137 B   58 
-0.22286 -0.02859 -0.51981 I   58 
-0.45360  0.33967 -0.81240 B   59 
-0.47867  0.63826 -0.86747 N   59 
-0.66979  0.34683 -1.10932 B   60 
-0.88089  0.39183 -1.03220 S   60 
-0.48952  0.51508 -1.32226 B   61 
-0.64662  0.91032 -1.38321 R   61 
-0.22938  0.29170 -1.30484 B   62 
-0.04389  0.70512 -1.35521 W   62 
-0.27650 -0.01234 -1.15162 B   63 
 0.07949  0.19849 -1.00729 W   63 
-0.59846 -0.05024 -1.18026 B   64 
-0.65629 -0.08906 -0.92964 X   64 
-0.92198 -0.18649 -1.26548 B   65 
-1.01784 -0.19586 -1.54645 N   65 
-1.27282 -0.02888 -1.24004 B   66 
-1.19561  0.19800 -1.11661 D   66 
-1.43361  0.08180 -1.50880 B   67 
-1.41329  0.43184 -1.41588 B   68 
-1.59471  0.45806 -0.97891 R   68 
-1.11122  0.52013 -1.54921 B   69 
-1.02084  0.52911 -1.31050 T   69 
-1.00958  0.72490 -1.75715 B   70 
-1.19238  0.83413 -1.73662 P   70 
-0.69717  0.66235 -1.87460 B   71 
-0.61182  0.39375 -1.77464 B   72 
-0.78331  0.30838 -1.63403 S   72 
-0.34879  0.12494 -1.70924 B   73 
-0.09692  0.28328 -1.90714 R   73 
-0.30078 -0.13843 -1.53747 B   74 
-0.50212 -0.32776 -1.49781 N   74 
 0.00328 -0.23051 -1.43714 B   75 
 0.13547  0.05397 -1.51692 L   75 
-0.09145 -0.48194 -1.24113 B   76 
 0.00625 -0.32212 -0.99333 X   76 
-0.30402 -0.64350 -1.37775 B   77 
-0.28090 -0.77700 -1.61457 N   77 
-0.58771 -0.55691 -1.21060 B   78 
-0.46245 -0.70926 -0.99200 I   78 
-0.85058 -0.56551 -1.03339 B   79 
-0.92687 -0.74277 -1.11362 P   79 
-0.92082 -0.35190 -0.78582 B   80 
-0.89215 -0.07548 -0.93596 X   80 
-1.07274 -0.56704 -0.60827 B   81 
-1.23836 -0.64652 -0.76228 S   81 
-0.81896 -0.73761 -0.53779 B   82 
-0.75801 -0.82213 -0.72071 A   82 
-0.72612 -0.49839 -0.33293 B   83 
-0.52818 -0.34443 -0.54326 L   83 
-0.97046 -0.60459 -0.11284 B   84 
-1.12162 -0.34026 -0.23746 L   84 
-0.87089 -0.84693 -0.01048 B   85 
-0.85789 -1.07620 -0.13056 S   85 
-0.75627 -1.04773  0.25102 B   86 
-0.93212 -1.19854  0.31178 S   86 
-0.55012 -1.10500  0.03175 B   87 
-0.43375 -1.35185 -0.07303 D   87 
-0.24460 -0.91810 -0.00993 B   88 
-0.17643 -0.83687  0.23592 I   88 
-0.08985 -1.01329 -0.26110 B   89 
-0.08251 -1.27863 -0.25710 T   89 
-0.17918 -0.80245 -0.47161 B   90 
-0.37902 -0.86127 -0.53365 A   90 
-0.08572 -0.54557 -0.32179 B   91 
-0.31433 -0.48067 -0.18450 S   91 
 0.20907 -0.62337 -0.29322 B   92 
 0.25430 -0.77345 -0.08310 V   92 
 0.28538 -0.66432 -0.58761 B   93 
 0.24853 -0.99835 -0.60361 N   93 
 0.20032 -0.37634 -0.66063 B   94 
-0.04743 -0.28351 -0.76644 X   94 
 0.37524 -0.21952 -0.45998 B   95 
 0.28196 -0.24439 -0.26756 A   95 
 0.64691 -0.31462 -0.57209 B   96 
 0.70018 -0.73325 -0.37509 K   96 
 0.60403 -0.15607 -0.83693 B   97 
 0.42941 -0.38154 -1.09578 K   97 
 0.56396  0.12765 -0.72201 B   98 
 0.26392  0.15136 -0.64717 I   98 
 0.83907  0.15773 -0.55961 B   99 
 0.86300  0.04937 -0.35590 V   99 
 1.00083  0.10080 -0.84705 B   100 
 1.02016 -0.15166 -0.77835 S   100 
 0.92017  0.36854 -1.02288 B   101 
 0.67158  0.43498 -1.12865 D   101 
 1.12435  0.62010 -0.85712 B   102 
 0.97811  0.75998 -0.58091 B   103 
 0.87093  0.97787 -0.79611 N   103 
 0.91168  0.54630 -0.41672 B   104 
 0.71915  0.60693 -0.12641 B   105 
 0.75199  0.32241  0.14147 M   105 
 0.61070  0.88725 -0.24067 B   106 
 0.90241  1.02946 -0.17703 N   106 
 0.35397  0.76059 -0.37004 B   107 
 0.43312  0.61878 -0.50181 A   107 
 0.27031  0.78621 -0.06538 B   108 
 0.25583  0.32942 -0.16216 W   108 
 0.13010  1.04807  0.08253 B   109 
-0.01700  1.18250 -0.07825 V   109 
 0.11167  0.93981  0.37564 B   110 
-0.07398  0.83300  0.38616 A   110 
 0.40557  0.86458  0.40215 B   111 
 0.73505  0.67955  0.30828 W   111 
 0.53419  1.14012  0.34154 B   112 
 0.47843  1.38468  0.00183 R   112 
 0.34767  1.30968  0.55961 B   113 
 0.21318  1.48186  0.31969 N   113 
 0.36970  1.06091  0.81320 B   114 
-0.12717  1.09915  0.87664 R   114 
 0.65163  0.87531  0.77905 B   115 
 0.41986  0.66210  0.72990 X   115 
 0.86527  1.03721  0.67697 B   116 
 1.02423  1.14027  0.27424 K   116 
 1.12880  1.08267  0.91093 B   117 
 1.03539  0.87452  1.10311 B   118 
 0.78291  0.93472  1.10754 T   118 
 0.98081  0.62364  1.34993 B   119 
 1.14301  0.53841  1.57044 D   119 
 0.89586  0.33595  1.18726 B   120 
 0.93269  0.42163  0.95538 V   120 
 0.97321  0.11287  1.39299 B   121 
 1.38864  0.14384  1.39498 Q   121 
 0.72136  0.15430  1.57702 B   122 
 0.74196  0.34750  1.64914 A   122 
 0.53190 -0.02855  1.38361 B   123 
 0.31520  0.32224  1.26738 W   123 
 0.69443 -0.31047  1.50102 B   124 
 0.83017 -0.34488  1.27154 I   124 
 0.65162 -0.31482  1.77921 B   125 
 0.97963  0.07965  1.85118 R   125 
 0.59895 -0.62409  1.94410 B   126 
 0.67143 -0.79071  1.70264 B   127 
 0.45025 -0.62356  1.53674 X   127 
 0.69436 -1.12940  1.56941 B   128 
 0.96858 -1.37009  1.74647 R   128 
 1.00583 -1.15132  1.35835 B   129 
 0.86076 -0.96446  1.25100 L   129 
