246 
-0.31114  1.15010 -0.60611 B   1 
-0.55625  1.00582 -0.91489 K   1 
-0.65389  1.15068 -0.50173 B   2 
-0.63959  1.29338 -0.28586 V   2 
-0.84407  0.90238 -0.42855 B   3 
-0.62472  0.64870 -0.70324 F   3 
-1.11154  0.73411 -0.44121 B   4 
-1.24811  0.47251 -0.31600 B   5 
-1.55651  0.37644 -0.02402 R   5 
-1.38701  0.34004 -0.57102 B   6 
-1.68489  0.33681 -0.47291 X   6 
-1.14246  0.40603 -0.75117 B   7 
-1.03022  0.75579 -0.88335 E   7 
-0.92884  0.23530 -0.60641 B   8 
-0.72164  0.32598 -0.39917 L   8 
-1.07128 -0.03515 -0.60939 B   9 
-1.23355 -0.02070 -0.46580 A   9 
-1.07572 -0.06124 -0.91400 B   10 
-1.22874  0.07819 -0.98452 A   10 
-0.76912 -0.04982 -0.95883 B   11 
-0.71583  0.16022 -0.95839 A   11 
-0.69160 -0.27934 -0.76579 B   12 
-0.62442 -0.08817 -0.38693 M   12 
-0.85186 -0.48897 -0.91688 B   13 
-1.26903 -0.60701 -0.90139 K   13 
-0.73287 -0.47263 -1.19735 B   14 
-0.62781 -0.10392 -1.44150 R   14 
-0.44101 -0.53624 -1.05748 B   15 
-0.31826 -0.18006 -1.15577 H   15 
-0.52296 -0.80097 -0.86081 B   16 
-0.58480 -0.75824 -0.53209 B   17 
-0.37159 -0.51861 -0.48351 L   17 
-0.82127 -0.92674 -0.51633 B   18 
-1.12461 -0.88627 -0.48996 D   18 
-0.73414 -1.18648 -0.31460 B   19 
-1.04978 -1.23044 -0.36001 N   19 
-0.45416 -1.13753 -0.25909 B   20 
-0.09015 -1.08257 -0.50340 Y   20 
-0.33247 -1.36865 -0.06287 B   21 
 0.09630 -1.47251 -0.23873 R   21 
-0.64495 -1.35232  0.07126 B   22 
-0.70940 -1.03793  0.02632 B   23 
-0.38993 -1.05089  0.37139 Y   23 
-0.94967 -0.85236  0.02369 B   24 
-1.14651 -0.90065  0.14127 S   24 
-1.01333 -0.55343 -0.11055 B   25 
-1.09869 -0.47255 -0.40163 L   25 
-1.09008 -0.40669  0.16031 B   26 
-0.80736 -0.42068  0.28501 B   27 
-0.84513 -0.72302  0.43017 N   27 
-0.65861 -0.24329  0.08181 B   28 
-0.41204 -0.57675 -0.08260 W   28 
-0.83556  0.00644  0.11389 B   29 
-1.03772  0.00821 -0.04954 V   29 
-0.79834  0.03605  0.41593 B   30 
-0.92005 -0.08006  0.63658 X   30 
-0.49385  0.07512  0.41251 B   31 
-0.40791 -0.12355  0.38100 A   31 
-0.47676  0.32161  0.22631 B   32 
-0.50610  0.25018  0.02543 A   32 
-0.64415  0.50430  0.40694 B   33 
-0.94127  0.65396  0.48262 K   33 
-0.44285  0.47910  0.67579 B   34 
-0.78814  0.36872  0.86972 F   34 
-0.16734  0.54302  0.52593 B   35 
-0.02330  0.22863  0.59147 E   35 
-0.26738  0.79150  0.29172 B   36 
-0.20042  0.67542  0.11518 S   36 
-0.55977  0.87334  0.21890 B   37 
-0.69333  1.05459  0.39662 N   37 
-0.53458  0.81837 -0.10103 B   38 
-0.87690  0.61885  0.01639 F   38 
-0.22779  0.93766 -0.13434 B   39 
-0.19134  1.23561 -0.11816 N   39 
 0.03415  0.90909 -0.35972 B   40 
-0.08280  0.88380 -0.57841 T   40 
 0.21838  1.15772 -0.22107 B   41 
 0.16912  1.43896 -0.50010 Q   41 
 0.27439  1.02203  0.03618 B   42 
 0.09443  0.99900  0.14470 A   42 
 0.50870  1.11251  0.30125 B   43 
 0.65466  1.19079  0.12108 T   43 
 0.71531  0.94047  0.56211 B   44 
 0.39093  0.99227  0.63992 N   44 
 0.91544  0.97481  0.81846 B   45 
 1.37621  1.13020  0.67495 R   45 
 1.14095  0.77183  0.98558 B   46 
 0.93789  0.54088  0.83472 N   46 
 1.32898  0.70678  1.25787 B   47 
 1.20235  0.69505  1.48278 T   47 
 1.53969  0.52886  1.06892 B   48 
 1.39763  0.32740  0.97108 D   48 
 1.53815  0.73330  0.79391 B   49 
 1.33011  0.64533  0.64183 B   50 
 1.28189  0.40460  0.65321 S   50 
 1.05478  0.61701  0.38679 B   51 
 1.09960  0.88468  0.36524 T   51 
 0.72404  0.65836  0.30840 B   52 
 0.64962  0.42811  0.55206 D   52 
 0.53773  0.56049  0.00446 B   53 
 0.96387  0.77722 -0.04215 Y   53 
 0.23826  0.63513 -0.08865 B   54 
-0.07148  0.46709 -0.07239 B   55 
-0.25014  0.46960 -0.27734 I   55 
 0.11511  0.22048  0.09549 B   56 
-0.08522  0.00927 -0.04079 L   56 
 0.36754  0.30013  0.24498 B   57 
 0.28206  0.60933  0.37361 Q   57 
 0.64203  0.23730  0.11116 B   58 
 0.55595  0.03068 -0.10325 I   58 
 0.95607  0.14348  0.21557 B   59 
 1.05561  0.14548  0.50349 N   59 
 1.30716  0.24426  0.17652 B   60 
 1.31363  0.46860  0.22301 S   60 
 1.46598  0.00029  0.32282 B   61 
 1.62903  0.12340  0.70080 R   61 
 1.33106 -0.23604  0.11348 B   62 
 1.36950 -0.43112  0.52375 W   62 
 1.16418 -0.13645 -0.17002 B   63 
 0.93622 -0.42287  0.07083 W   63 
 1.29590  0.15632 -0.22339 B   64 
 1.07738  0.29717 -0.23198 X   64 
 1.46769  0.43194 -0.38154 B   65 
 1.76059  0.42537 -0.43039 N   65 
 1.58501  0.76874 -0.23532 B   66 
 1.47399  0.73675  0.00824 D   66 
 1.90474  0.82630 -0.16609 B   67 
 1.85795  0.83615  0.19348 B   68 
 1.51703  1.15658  0.26853 R   68 
 1.89041  0.50589  0.27531 B   69 
 1.63864  0.50308  0.31818 T   69 
 2.07634  0.33716  0.45549 B   70 
 2.13431  0.51491  0.55947 P   70 
 2.07040  0.00396  0.39026 B   71 
 1.91247 -0.03946  0.14007 B   72 
 1.82897  0.17067  0.06698 S   72 
 1.72587 -0.26160 -0.10804 B   73 
 1.84490 -0.56754  0.03306 R   73 
 1.51462 -0.24530 -0.34528 B   74 
 1.52139 -0.04097 -0.53543 N   74 
 1.30503 -0.49547 -0.41221 B   75 
 1.37190 -0.64951 -0.13550 L   75 
 1.12163 -0.33692 -0.63989 B   76 
 0.87898 -0.34479 -0.44610 X   76 
 1.29992 -0.18294 -0.82551 B   77 
 1.49452 -0.28495 -0.98725 N   77 
 1.25299  0.14018 -0.72901 B   78 
 0.98653  0.09909 -0.84731 I   78 
 1.17692  0.44803 -0.72478 B   79 
 1.25405  0.49360 -0.91360 P   79 
 0.99909  0.59729 -0.48405 B   80 
 1.16575  0.51634 -0.22823 X   80 
 0.85726  0.80289 -0.68028 B   81 
 1.04659  0.90610 -0.78501 S   81 
 0.68218  0.59033 -0.83074 B   82 
 0.82024  0.47091 -0.93560 A   82 
 0.49171  0.57156 -0.56394 B   83 
 0.64016  0.31201 -0.43079 L   83 
 0.35642  0.87761 -0.65024 B   84 
 0.55924  0.97438 -0.40992 L   84 
 0.19489  0.82144 -0.87356 B   85 
 0.27162  0.76991 -1.11566 S   85 
-0.11430  0.80551 -1.03479 B   86 
-0.13074  0.99283 -1.18310 S   86 
 0.01153  0.53702 -1.11182 B   87 
 0.03634  0.39385 -1.36548 D   87 
-0.02932  0.23420 -0.92039 B   88 
-0.27052  0.25406 -0.80586 I   88 
 0.13872  0.00332 -1.04103 B   89 
 0.09717  0.00011 -1.30321 T   89 
 0.39316  0.01296 -0.86238 B   90 
 0.51139  0.17975 -0.93615 A   90 
 0.25602 -0.02548 -0.58510 B   91 
 0.21515  0.23583 -0.51184 S   91 
 0.11826 -0.29177 -0.64743 B   92 
-0.11265 -0.26065 -0.76757 V   92 
 0.36054 -0.46434 -0.72281 B   93 
 0.34357 -0.43234 -1.05728 N   93 
 0.49591 -0.41209 -0.44995 B   94 
 0.69142 -0.21668 -0.38084 X   94 
 0.27030 -0.50866 -0.26226 B   95 
 0.11991 -0.35467 -0.26581 A   95 
 0.26901 -0.80148 -0.36060 B   96 
 0.01180 -0.78010 -0.74827 K   96 
 0.55114 -0.85370 -0.23897 B   97 
 0.82163 -0.77684 -0.50214 K   97 
 0.49571 -0.77900  0.05540 B   98 
 0.53188 -0.47175  0.07716 I   98 
 0.25455 -0.98170  0.11638 B   99 
 0.04245 -0.93316  0.03595 V   99 
 0.45902 -1.23198  0.02927 B   100 
 0.35489 -1.22430 -0.21141 S   100 
 0.68581 -1.21905  0.26909 B   101 
 0.87807 -1.02260  0.31201 D   101 
 0.49526 -1.35591  0.54731 B   102 
 0.30698 -1.12480  0.71577 B   103 
 0.57282 -1.10009  0.90012 N   103 
 0.14852 -1.00409  0.52249 B   104 
-0.04760 -0.72398  0.61246 B   105 
-0.34590 -0.66019  0.36600 M   105 
 0.13310 -0.66388  0.87157 B   106 
-0.00694 -0.91712  1.03166 N   106 
 0.32439 -0.46624  0.71980 B   107 
 0.40102 -0.58466  0.56538 A   107 
 0.07302 -0.28310  0.78102 B   108 
 0.10719 -0.29885  0.31538 W   108 
 0.01825 -0.10285  1.05417 B   109 
 0.23602 -0.02121  1.16127 V   109 
-0.26251  0.01623  0.98369 B   110 
-0.22301  0.19509  0.87217 A   110 
-0.39772 -0.24995  0.92361 B   111 
-0.44772 -0.58999  0.74066 W   111 
-0.34864 -0.39395  1.19379 B   112 
 0.01899 -0.46058  1.39059 R   112 
-0.46513 -0.14527  1.38270 B   113 
-0.17302 -0.10302  1.51757 N   113 
-0.74167 -0.07657  1.16943 B   114 
-0.62564  0.41146  1.19670 R   114 
-0.83104 -0.35141  0.99176 B   115 
-0.73443 -0.14886  0.76542 X   115 
-0.78761 -0.58852  1.14722 B   116 
-0.45364 -0.87721  1.20382 K   116 
-1.08933 -0.75587  1.23215 B   117 
-1.26385 -0.60024  1.04692 B   118 
-1.17360 -0.36219  1.09762 T   118 
-1.50818 -0.46192  0.82781 B   119 
-1.78012 -0.53762  0.77767 D   119 
-1.36610 -0.43563  0.51867 B   120 
-1.15159 -0.55072  0.57530 V   120 
-1.61363 -0.43555  0.32682 B   121 
-1.75345 -0.82518  0.37345 Q   121 
-1.69315 -0.13612  0.38193 B   122 
-1.74156 -0.13233  0.58341 A   122 
-1.47278 -0.02319  0.16881 B   123 
-1.24384  0.13725  0.49342 W   123 
-1.67511 -0.13296 -0.08943 B   124 
-1.51266 -0.33905 -0.14777 I   124 
-1.91982  0.00298 -0.05976 B   125 
-2.04646 -0.28366  0.35277 R   125 
-2.09636  0.11183 -0.34715 B   126 
-1.91873 -0.03784 -0.54044 B   127 
-1.66650  0.11131 -0.40436 X   127 
-1.84772 -0.10227 -0.89229 B   128 
-2.13826 -0.29674 -1.09782 R   128 
-1.76085 -0.46713 -0.92927 B   129 
-1.58650 -0.36947 -0.76328 L   129 
