246 
-1.20951  0.52921 -0.20958 B   1 
-1.43446  0.17862 -0.26176 K   1 
-1.34668  0.42310  0.10395 B   2 
-1.30407  0.63285  0.25009 V   2 
-1.26427  0.17229  0.28693 B   3 
-1.13978 -0.04818 -0.06494 F   3 
-1.32208 -0.08417  0.46271 B   4 
-1.17208 -0.30051  0.64562 B   5 
-1.12660 -0.39072  1.06917 R   5 
-1.31366 -0.57289  0.55819 B   6 
-1.42649 -0.66501  0.83596 X   6 
-1.31487 -0.48813  0.25915 B   7 
-1.53582 -0.21502  0.08886 E   7 
-1.00942 -0.47067  0.21304 B   8 
-0.83042 -0.22160  0.21830 L   8 
-0.92901 -0.74990  0.30794 B   9 
-0.94990 -0.74971  0.52409 A   9 
-1.08592 -0.89922  0.09214 B   10 
-1.29654 -0.88427  0.14912 A   10 
-0.94332 -0.77461 -0.15337 B   11 
-1.03945 -0.58361 -0.18851 A   11 
-0.65289 -0.84352 -0.07054 B   12 
-0.51838 -0.50426  0.15618 M   12 
-0.70204 -1.14359 -0.06909 B   13 
-0.85966 -1.41379  0.23150 K   13 
-0.80082 -1.19504 -0.35314 B   14 
-1.09981 -0.95648 -0.59867 R   14 
-0.51817 -1.05996 -0.45639 B   15 
-0.71808 -0.76306 -0.60962 H   15 
-0.29526 -1.22520 -0.26021 B   16 
-0.17265 -1.08161  0.01916 B   17 
-0.16871 -0.77704 -0.09251 L   17 
-0.19681 -1.31288  0.19376 B   18 
-0.37917 -1.40235  0.42416 D   18 
 0.12217 -1.39808  0.27590 B   19 
-0.05636 -1.59009  0.46267 N   19 
 0.28303 -1.21349  0.12125 B   20 
 0.32064 -1.11192 -0.30710 Y   20 
 0.60134 -1.26304  0.17560 B   21 
 0.80986 -1.23135 -0.24992 R   21 
 0.48851 -1.33099  0.48954 B   22 
 0.23705 -1.12714  0.50460 B   23 
 0.61947 -0.85433  0.52985 Y   23 
-0.01315 -1.08536  0.67141 B   24 
-0.03040 -1.16113  0.89246 S   24 
-0.30472 -0.93060  0.62168 B   25 
-0.56469 -1.02438  0.47276 L   25 
-0.28566 -0.73460  0.87070 B   26 
-0.04663 -0.57027  0.76332 B   27 
 0.19535 -0.76758  0.89146 N   27 
-0.18246 -0.44816  0.51528 B   28 
 0.06726 -0.67453  0.22301 W   28 
-0.41594 -0.31308  0.66343 B   29 
-0.62337 -0.46802  0.68685 V   29 
-0.24391 -0.14769  0.85460 B   30 
-0.11991 -0.20185  1.09682 X   30 
-0.09606  0.01526  0.64050 B   31 
 0.05513 -0.11867  0.55651 A   31 
-0.33904  0.14194  0.49685 B   32 
-0.42484 -0.01133  0.37250 A   32 
-0.44366  0.28945  0.74447 B   33 
-0.66082  0.31026  1.00680 K   33 
-0.16370  0.46913  0.79717 B   34 
-0.18536  0.31063  1.17588 F   34 
-0.12912  0.57837  0.49829 B   35 
 0.17915  0.41790  0.44262 E   35 
-0.46680  0.63544  0.40173 B   36 
-0.45725  0.49880  0.22747 S   36 
-0.72329  0.54253  0.55362 B   37 
-0.80941  0.70248  0.77559 N   37 
-0.85447  0.37678  0.30597 B   38 
-0.86339  0.11669  0.62700 F   38 
-0.77040  0.59228  0.06944 B   39 
-0.92037  0.85257  0.05801 N   39 
-0.72994  0.59045 -0.27492 B   40 
-0.90339  0.42825 -0.35071 T   40 
-0.69761  0.92693 -0.30168 B   41 
-1.05118  1.01372 -0.46551 Q   41 
-0.44018  0.95011 -0.15705 B   42 
-0.46812  0.89811  0.04595 A   42 
-0.21334  1.23491 -0.12914 B   43 
-0.27810  1.28634 -0.35948 T   43 
 0.15377  1.29650 -0.08703 B   44 
-0.01868  1.22823  0.19503 N   44 
 0.39016  1.51795 -0.04203 B   45 
 0.47856  1.78382 -0.46459 R   45 
 0.73433  1.52417 -0.08061 B   46 
 0.67382  1.18848 -0.04937 N   46 
 1.03270  1.66770 -0.01653 B   47 
 1.09332  1.69640  0.23300 T   47 
 1.15446  1.53948 -0.30024 B   48 
 1.14048  1.27602 -0.27316 D   48 
 0.87665  1.58757 -0.49501 B   49 
 0.72634  1.36322 -0.46005 B   50 
 0.85048  1.15488 -0.42020 S   50 
 0.44425  1.11421 -0.45172 B   51 
 0.29624  1.33832 -0.49630 T   51 
 0.18723  0.96992 -0.27745 B   52 
 0.41987  0.85499 -0.05252 D   52 
-0.02954  0.68408 -0.36673 B   53 
 0.05626  1.02398 -0.69513 Y   53 
-0.29705  0.57390 -0.22454 B   54 
-0.36292  0.31114  0.00143 B   55 
-0.58061  0.14983 -0.02132 I   55 
-0.01415  0.26586 -0.00986 B   56 
-0.07689 -0.04684  0.03011 L   56 
 0.16499  0.50193 -0.07762 B   57 
 0.00163  0.76456  0.07664 Q   57 
 0.28441  0.51630 -0.36526 B   58 
 0.24031  0.22478 -0.46088 I   58 
 0.57810  0.62225 -0.50963 B   59 
 0.79438  0.78704 -0.37220 N   59 
 0.69536  0.83999 -0.78127 B   60 
 0.58966  1.04105 -0.75064 S   60 
 1.01467  0.77570 -0.78869 B   61 
 1.24433  1.10226 -0.62987 R   61 
 0.96352  0.44123 -0.84691 B   62 
 1.33224  0.47295 -0.58065 W   62 
 0.65009  0.32985 -0.93350 B   63 
 0.82764  0.10178 -0.60414 W   63 
 0.51864  0.59877 -1.06122 B   64 
 0.30447  0.61193 -0.91417 X   64 
 0.36182  0.82802 -1.29218 B   65 
 0.50524  0.93061 -1.53119 N   65 
 0.30709  1.20868 -1.26625 B   66 
 0.39922  1.23580 -1.01436 D   66 
 0.49304  1.42323 -1.43866 B   67 
 0.66129  1.56002 -1.14787 B   68 
 0.31581  1.69759 -0.85417 R   68 
 0.92472  1.34485 -1.11429 B   69 
 0.80703  1.25027 -0.90829 T   69 
 1.23299  1.36649 -1.11568 B   70 
 1.21683  1.57681 -1.08000 P   70 
 1.39420  1.07108 -1.16098 B   71 
 1.19075  0.86341 -1.23100 B   72 
 0.97563  0.96408 -1.22370 S   72 
 1.07997  0.50153 -1.28097 B   73 
 1.41111  0.36825 -1.26490 R   73 
 0.81738  0.32353 -1.30410 B   74 
 0.59175  0.41043 -1.44373 N   74 
 0.81161  0.00452 -1.20822 B   75 
 1.09715  0.02591 -1.05731 L   75 
 0.48438 -0.04387 -1.24277 B   76 
 0.45923 -0.07579 -0.93480 X   76 
 0.38931  0.07980 -1.49893 B   77 
 0.47130  0.01637 -1.75131 N   77 
 0.22155  0.35705 -1.39447 B   78 
 0.02858  0.15855 -1.29423 I   78 
-0.00512  0.57102 -1.33607 B   79 
-0.09416  0.56265 -1.52497 P   79 
-0.06195  0.71228 -1.03830 B   80 
 0.22465  0.82693 -0.97129 X   80 
-0.37633  0.73265 -1.07884 B   81 
-0.38931  0.85427 -1.28501 S   81 
-0.43179  0.42403 -1.06664 B   82 
-0.33972  0.34563 -1.23896 A   82 
-0.37988  0.43660 -0.74267 B   83 
-0.06443  0.34988 -0.75244 L   83 
-0.68974  0.58562 -0.70807 B   84 
-0.49844  0.85137 -0.67596 L   84 
-0.87254  0.37736 -0.75639 B   85 
-0.93299  0.26924 -0.98401 S   85 
-1.12899  0.16241 -0.65704 B   86 
-1.33420  0.24297 -0.75061 S   86 
-0.93840 -0.02867 -0.80202 B   87 
-0.97959 -0.23739 -1.00252 D   87 
-0.67205 -0.20849 -0.63852 B   88 
-0.75737 -0.25058 -0.38825 I   88 
-0.50448 -0.36922 -0.84391 B   89 
-0.67263 -0.49890 -1.00323 T   89 
-0.26567 -0.17599 -0.89269 B   90 
-0.34019 -0.02191 -1.02665 A   90 
-0.16567 -0.15143 -0.59846 B   91 
-0.30567  0.06951 -0.51538 S   91 
-0.11826 -0.44995 -0.54939 B   92 
-0.33559 -0.57607 -0.47467 V   92 
 0.08168 -0.51290 -0.77351 B   93 
-0.13410 -0.63378 -1.00157 N   93 
 0.27961 -0.29864 -0.67144 B   94 
 0.31162 -0.02855 -0.75639 X   94 
 0.31427 -0.39636 -0.38041 B   95 
 0.13377 -0.34082 -0.27706 A   95 
 0.43527 -0.67130 -0.45239 B   96 
 0.05942 -0.92786 -0.55150 K   96 
 0.69532 -0.53899 -0.56187 B   97 
 0.65594 -0.46871 -0.93848 K   97 
 0.78311 -0.38135 -0.31137 B   98 
 0.63049 -0.11146 -0.31853 I   98 
 0.80218 -0.62316 -0.10130 B   99 
 0.60722 -0.71066 -0.01102 V   99 
 1.02091 -0.76949 -0.30812 B   100 
 0.82258 -0.90893 -0.40836 S   100 
 1.27616 -0.56032 -0.29372 B   101 
 1.29107 -0.30171 -0.39520 D   101 
 1.40566 -0.63722  0.03759 B   102 
 1.25313 -0.46529  0.29139 B   103 
 1.49252 -0.25268  0.23889 N   103 
 0.98215 -0.51866  0.26388 B   104 
 0.75176 -0.34369  0.46717 B   105 
 0.40581 -0.52573  0.49838 M   105 
 0.96309 -0.10905  0.52788 B   106 
 1.12556 -0.30575  0.73831 N   106 
 0.86797  0.06918  0.28731 B   107 
 0.89680 -0.05589  0.12219 A   107 
 0.64859  0.13070  0.50766 B   108 
 0.41747 -0.06039  0.14947 W   108 
 0.66122  0.36399  0.74330 B   109 
 0.79575  0.56886  0.66924 V   109 
 0.39019  0.30683  0.88906 B   110 
 0.24248  0.42041  0.78290 A   110 
 0.44025  0.01045  0.93797 B   111 
 0.51475 -0.35862  0.83878 W   111 
 0.70596  0.02934  1.09665 B   112 
 1.06536  0.21881  0.98151 R   112 
 0.59513  0.25519  1.31530 B   113 
 0.81126  0.47271  1.20912 N   113 
 0.27714  0.10038  1.35522 B   114 
 0.06400  0.55166  1.29784 R   114 
 0.29284 -0.23172  1.28773 B   115 
 0.09922 -0.12198  1.05957 X   115 
 0.54745 -0.33722  1.36725 B   116 
 0.94335 -0.39781  1.17316 K   116 
 0.52409 -0.56738  1.63694 B   117 
 0.22739 -0.59659  1.62667 B   118 
 0.16346 -0.34619  1.60210 T   118 
-0.11753 -0.68421  1.64051 B   119 
-0.25467 -0.88438  1.79323 D   119 
-0.22517 -0.72953  1.31988 B   120 
-0.00200 -0.70394  1.21033 V   120 
-0.47329 -0.91747  1.35446 B   121 
-0.29177 -1.26999  1.48221 Q   121 
-0.66842 -0.69058  1.45172 B   122 
-0.58574 -0.62502  1.63008 A   122 
-0.73014 -0.59266  1.14620 B   123 
-0.51530 -0.22968  1.22113 W   123 
-0.92333 -0.87602  1.10079 B   124 
-0.73910 -0.99355  0.94421 I   124 
-1.12807 -0.86234  1.29349 B   125 
-0.79683 -0.97492  1.67556 R   125 
-1.45476 -0.97218  1.21090 B   126 
-1.37130 -1.09414  0.94732 B   127 
-1.24169 -0.80831  0.87061 X   127 
-1.48853 -1.26066  0.64479 B   128 
-1.65139 -1.62825  0.69796 R   128 
-1.23960 -1.52898  0.55493 B   129 
-1.10656 -1.30586  0.55348 L   129 
