246 
 0.59211  0.09322  1.19483 B   1 
 0.91456 -0.16932  1.13710 K   1 
 0.87798  0.27356  1.07596 B   2 
 0.80320  0.51810  1.11807 V   2 
 1.01087  0.27314  0.78352 B   3 
 0.87747 -0.13431  0.71947 F   3 
 1.25192  0.25700  0.57944 B   4 
 1.31584  0.28037  0.26618 B   5 
 1.49794  0.56670 -0.00668 R   5 
 1.52151  0.04051  0.22100 B   6 
 1.76715  0.20181  0.11137 X   6 
 1.35886 -0.14756  0.40750 B   7 
 1.32739 -0.13015  0.79623 E   7 
 1.09549 -0.15958  0.24556 B   8 
 0.83854  0.00243  0.28844 L   8 
 1.20762 -0.24749 -0.02487 B   9 
 1.31221 -0.07570 -0.10679 A   9 
 1.31289 -0.51679  0.07453 B   10 
 1.49172 -0.47221  0.19226 A   10 
 1.04171 -0.63145  0.17176 B   11 
 1.00898 -0.54947  0.36966 A   11 
 0.88464 -0.59298 -0.09245 B   12 
 0.70905 -0.20207 -0.06160 M   12 
 1.06873 -0.77412 -0.25294 B   13 
 1.44467 -0.70351 -0.45760 K   13 
 1.05365 -1.03651 -0.09798 B   14 
 1.06843 -1.10358  0.35133 R   14 
 0.72746 -1.02468 -0.14543 B   15 
 0.67518 -0.97837  0.23760 H   15 
 0.71570 -0.95663 -0.47816 B   16 
 0.66576 -0.64159 -0.58752 B   17 
 0.46928 -0.54791 -0.34696 L   17 
 0.86810 -0.64198 -0.79636 B   18 
 1.14677 -0.52019 -0.83940 D   18 
 0.69658 -0.61250 -1.08871 B   19 
 1.00415 -0.58688 -1.18021 N   19 
 0.41943 -0.61775 -1.00491 B   20 
 0.16566 -0.89720 -0.77529 Y   20 
 0.21977 -0.58910 -1.26189 B   21 
-0.13103 -0.90018 -1.18620 R   21 
 0.46849 -0.38440 -1.37207 B   22 
 0.57011 -0.26191 -1.08978 B   23 
 0.15267 -0.06014 -1.16937 Y   23 
 0.81151 -0.11536 -0.97832 B   24 
 0.95212  0.01494 -1.11304 S   24 
 0.94138 -0.07595 -0.67334 B   25 
 1.12674 -0.26337 -0.50283 L   25 
 0.93361  0.24141 -0.67042 B   26 
 0.62524  0.26545 -0.66982 B   27 
 0.58643  0.26081 -1.00505 N   27 
 0.56938  0.13419 -0.39681 B   28 
 0.36648 -0.22331 -0.57015 W   28 
 0.74497  0.32258 -0.22833 B   29 
 0.98997  0.23860 -0.20595 V   29 
 0.61014  0.58256 -0.31622 B   30 
 0.63981  0.74937 -0.53593 X   30 
 0.32918  0.51624 -0.21176 B   31 
 0.24290  0.37591 -0.35568 A   31 
 0.39666  0.46607  0.08599 B   32 
 0.48634  0.27078  0.09756 A   32 
 0.50740  0.74742  0.13697 B   33 
 0.77255  0.95924  0.17208 K   33 
 0.22552  0.91044  0.05088 B   34 
 0.47424  1.11685 -0.20319 F   34 
 0.02341  0.73887  0.23023 B   35 
-0.15978  0.61263 -0.04252 E   35 
 0.21710  0.68011  0.52286 B   36 
 0.20460  0.45941  0.50666 S   36 
 0.52256  0.73366  0.55916 B   37 
 0.60246  1.00285  0.61766 N   37 
 0.60286  0.43026  0.64586 B   38 
 0.86738  0.53025  0.34450 F   38 
 0.33652  0.37454  0.83403 B   39 
 0.32149  0.51450  1.09966 N   39 
 0.16508  0.10029  0.95901 B   40 
 0.34672 -0.06569  0.99899 T   40 
-0.03403  0.28227  1.16449 B   41 
 0.12997  0.18686  1.51575 Q   41 
-0.18494  0.42379  0.95254 B   42 
-0.05498  0.55343  0.84767 A   42 
-0.48690  0.62757  0.97790 B   43 
-0.55615  0.47139  1.15314 T   43 
-0.78318  0.71539  0.76614 B   44 
-0.50129  0.89164  0.70755 N   44 
-1.05480  0.89527  0.73760 B   45 
-1.42511  0.72139  1.03708 R   45 
-1.33956  0.88435  0.54070 B   46 
-1.11721  0.70510  0.35159 N   46 
-1.61346  1.03565  0.41492 B   47 
-1.57200  1.25502  0.28485 T   47 
-1.76158  0.73785  0.38127 B   48 
-1.61192  0.60078  0.21051 D   48 
-1.65001  0.59807  0.67358 B   49 
-1.41076  0.48436  0.61054 B   50 
-1.38932  0.39705  0.38180 S   50 
-1.06861  0.32840  0.62697 B   51 
-1.08119  0.42026  0.88294 T   51 
-0.72867  0.36898  0.62104 B   52 
-0.76056  0.49062  0.30149 D   52 
-0.45912  0.11602  0.61569 B   53 
-0.82477  0.06163  0.92242 Y   53 
-0.14074  0.15094  0.65225 B   54 
 0.13013  0.17073  0.42713 B   55 
 0.36724  0.04557  0.47230 I   55 
-0.12203  0.15093  0.18250 B   56 
 0.09446 -0.00766  0.00559 L   56 
-0.40269  0.24682  0.24921 B   57 
-0.34063  0.51990  0.45178 Q   57 
-0.61975  0.03131  0.30952 B   58 
-0.48347 -0.22201  0.19404 I   58 
-0.95720 -0.00666  0.25466 B   59 
-1.14793  0.21211  0.16206 N   59 
-1.26466 -0.08752  0.43872 B   60 
-1.26794  0.05258  0.62009 S   60 
-1.48325 -0.11701  0.19894 B   61 
-1.75401  0.21652  0.19140 R   61 
-1.30538 -0.36654  0.04411 B   62 
-1.49661 -0.11752 -0.28646 W   62 
-1.04465 -0.51724  0.20979 B   63 
-0.93634 -0.38263 -0.19290 W   63 
-1.12580 -0.46412  0.52045 B   64 
-0.90646 -0.34883  0.59959 X   64 
-1.21040 -0.51845  0.86740 B   65 
-1.46887 -0.64108  0.94724 N   65 
-1.34208 -0.27198  1.13289 B   66 
-1.32325 -0.05019  0.98082 D   66 
-1.66043 -0.27226  1.22770 B   67 
-1.73766  0.04996  1.08009 B   68 
-1.41713  0.35084  1.25692 R   68 
-1.82312 -0.03991  0.76160 B   69 
-1.60193  0.06237  0.68512 T   69 
-2.07238 -0.01356  0.58083 B   70 
-2.14727  0.14034  0.70919 P   70 
-2.07224 -0.21937  0.31074 B   71 
-1.84301 -0.40942  0.33822 B   72 
-1.72262 -0.35331  0.53526 S   72 
-1.60240 -0.67160  0.20006 B   73 
-1.78706 -0.72316 -0.10146 R   73 
-1.32265 -0.80919  0.26320 B   74 
-1.24764 -0.87919  0.52288 N   74 
-1.12422 -0.92422  0.02157 B   75 
-1.29342 -0.77744 -0.21208 L   75 
-0.86206 -0.99622  0.21315 B   76 
-0.70100 -0.77056  0.07303 X   76 
-0.95349 -1.13111  0.46493 B   77 
-1.08947 -1.36689  0.48389 N   77 
-0.91552 -0.88925  0.70154 B   78 
-0.62910 -0.93731  0.65319 I   78 
-0.82022 -0.72491  0.95547 B   79 
-0.82473 -0.88499  1.08976 P   79 
-0.72284 -0.40500  0.95012 B   80 
-0.97244 -0.26924  0.81212 X   80 
-0.50641 -0.43993  1.17996 B   81 
-0.63980 -0.53226  1.35644 S   81 
-0.30890 -0.61791  1.01328 B   82 
-0.41260 -0.79825  0.98104 A   82 
-0.22239 -0.34916  0.84565 B   83 
-0.42809 -0.39417  0.59507 L   83 
-0.04105 -0.24669  1.12139 B   84 
-0.30459 -0.05265  1.15527 L   84 
 0.18139 -0.41879  1.12586 B   85 
 0.18729 -0.66830  1.19563 S   85 
 0.52448 -0.48042  1.10762 B   86 
 0.60565 -0.51647  1.33003 S   86 
 0.41048 -0.70189  0.92925 B   87 
 0.46140 -0.98916  0.91085 D   87 
 0.35885 -0.66664  0.57415 B   88 
 0.54770 -0.49600  0.49108 I   88 
 0.22319 -0.91924  0.45629 B   89 
 0.35074 -1.13217  0.55042 T   89 
-0.07503 -0.83108  0.44958 B   90 
-0.14704 -0.84915  0.65386 A   90 
-0.04369 -0.57664  0.27225 B   91 
-0.00862 -0.38432  0.46488 S   91 
 0.08454 -0.71428  0.03062 B   92 
 0.34423 -0.74046  0.05500 V   92 
-0.13123 -0.92165 -0.03724 B   93 
 0.00071 -1.18646  0.12293 N   93 
-0.34626 -0.70231 -0.07116 B   94 
-0.53677 -0.60665  0.11791 X   94 
-0.20645 -0.52683 -0.28355 B   95 
-0.05158 -0.41946 -0.17949 A   95 
-0.19610 -0.74357 -0.50340 B   96 
 0.17813 -0.99428 -0.38508 K   96 
-0.50604 -0.73943 -0.53557 B   97 
-0.66396 -0.99994 -0.29994 K   97 
-0.54772 -0.44066 -0.60121 B   98 
-0.56359 -0.29166 -0.32968 I   98 
-0.35914 -0.41703 -0.85976 B   99 
-0.12909 -0.40656 -0.83182 V   99 
-0.54191 -0.65972 -1.00021 B   100 
-0.36210 -0.83275 -0.91922 S   100 
-0.83468 -0.51076 -1.03502 B   101 
-1.01317 -0.43599 -0.83514 D   101 
-0.76174 -0.28617 -1.31195 B   102 
-0.62329  0.01252 -1.21782 B   103 
-0.93288  0.10935 -1.21091 N   103 
-0.39930 -0.05420 -1.06812 B   104 
-0.22285  0.20231 -0.90051 B   105 
 0.14552  0.10179 -0.81112 M   105 
-0.47507  0.40147 -0.91172 B   106 
-0.41902  0.45920 -1.23249 N   106 
-0.58654  0.31176 -0.63205 B   107 
-0.61580  0.10620 -0.65712 A   107 
-0.35659  0.51436 -0.55113 B   108 
-0.23207  0.10277 -0.36858 W   108 
-0.38297  0.84310 -0.51450 B   109 
-0.61661  0.91315 -0.43664 V   109 
-0.08612  0.91251 -0.44354 B   110 
-0.07054  0.88891 -0.23097 A   110 
 0.03896  0.77615 -0.68541 B   111 
 0.11973  0.47904 -0.92375 W   111 
-0.11052  0.92670 -0.91153 B   112 
-0.52727  0.96527 -0.96772 R   112 
-0.04485  1.23162 -0.79399 B   113 
-0.36082  1.28743 -0.74558 N   113 
 0.29229  1.15571 -0.70881 B   114 
 0.21464  1.37055 -0.26139 R   114 
 0.41356  0.90333 -0.90037 B   115 
 0.41649  0.77782 -0.60740 X   115 
 0.30056  0.91553 -1.16373 B   116 
-0.05547  0.74275 -1.36738 K   116 
 0.54069  0.99179 -1.41428 B   117 
 0.77991  0.95212 -1.24051 B   118 
 0.69781  1.07969 -1.02986 T   118 
 1.09459  0.89442 -1.08404 B   119 
 1.36017  0.88989 -1.19191 D   119 
 1.06840  0.60608 -0.90344 B   120 
 0.83867  0.54440 -0.98014 V   120 
 1.36542  0.50931 -0.88122 B   121 
 1.44844  0.40842 -1.27678 Q   121 
 1.44601  0.71392 -0.65616 B   122 
 1.42339  0.89960 -0.74538 A   122 
 1.32107  0.52572 -0.42012 B   123 
 1.00974  0.81339 -0.35813 W   123 
 1.58916  0.31041 -0.45815 B   124 
 1.43966  0.12350 -0.58057 I   124 
 1.81966  0.46292 -0.40476 B   125 
 1.77481  0.71613 -0.85448 R   125 
 2.09153  0.31572 -0.23146 B   126 
 1.97822  0.03595 -0.24575 B   127 
 1.70804  0.15222 -0.11208 X   127 
 2.02563 -0.31108 -0.14419 B   128 
 2.35151 -0.49675 -0.29847 R   128 
 1.92659 -0.53212 -0.43294 B   129 
 1.71500 -0.39318 -0.37452 L   129 
