246 
-1.12834  0.71632  0.02533 B   1 
-1.41074  0.40920 -0.02126 K   1 
-1.23542  0.59779  0.34605 B   2 
-1.14035  0.78231  0.50122 V   2 
-1.16883  0.31954  0.49206 B   3 
-1.13092  0.12270  0.10770 F   3 
-1.24122  0.05657  0.65213 B   4 
-1.10312 -0.19743  0.79059 B   5 
-1.01380 -0.33830  1.19281 R   5 
-1.29663 -0.43573  0.70312 B   6 
-1.38269 -0.54013  0.98608 X   6 
-1.32617 -0.31997  0.41618 B   7 
-1.52292 -0.00132  0.30592 E   7 
-1.03124 -0.34154  0.32519 B   8 
-0.81628 -0.12269  0.32402 L   8 
-0.98336 -0.63798  0.38238 B   9 
-0.97360 -0.65808  0.59839 A   9 
-1.19037 -0.73919  0.18142 B   10 
-1.38597 -0.70049  0.27125 A   10 
-1.06558 -0.61057 -0.07161 B   11 
-1.13439 -0.40512 -0.07509 A   11 
-0.78095 -0.72885 -0.04073 B   12 
-0.56441 -0.43873  0.19064 M   12 
-0.87605 -1.01719 -0.05732 B   13 
-1.03076 -1.29283  0.23981 K   13 
-1.02034 -1.02309 -0.32609 B   14 
-1.30933 -0.71916 -0.50133 R   14 
-0.73715 -0.91953 -0.45977 B   15 
-0.90720 -0.58232 -0.55446 H   15 
-0.51789 -1.13512 -0.31514 B   16 
-0.33643 -1.04147 -0.04679 B   17 
-0.30020 -0.73037 -0.13134 L   17 
-0.37212 -1.28435  0.10908 B   18 
-0.53236 -1.37109  0.35635 D   18 
-0.06224 -1.42267  0.13349 B   19 
-0.24096 -1.60614  0.32848 N   19 
 0.10252 -1.24743 -0.02780 B   20 
 0.09553 -1.10676 -0.44658 Y   20 
 0.41348 -1.34758 -0.02760 B   21 
 0.56298 -1.30043 -0.47591 R   21 
 0.33626 -1.43209  0.29302 B   22 
 0.12463 -1.19717  0.36400 B   23 
 0.54497 -0.98622  0.35317 Y   23 
-0.09013 -1.13822  0.57035 B   24 
-0.08809 -1.23410  0.78413 S   24 
-0.35773 -0.93888  0.57955 B   25 
-0.64742 -0.97791  0.46504 L   25 
-0.27350 -0.77560  0.83846 B   26 
-0.02892 -0.63656  0.70992 B   27 
 0.19445 -0.87911  0.78192 N   27 
-0.17708 -0.47028  0.49712 B   28 
-0.00936 -0.69726  0.15161 W   28 
-0.36340 -0.31993  0.69047 B   29 
-0.58732 -0.44520  0.73229 V   29 
-0.14251 -0.20241  0.86624 B   30 
 0.00397 -0.29952  1.08092 X   30 
-0.00217 -0.04021  0.64659 B   31 
 0.11283 -0.18457  0.52918 A   31 
-0.23980  0.13466  0.55346 B   32 
-0.36516  0.00955  0.43121 A   32 
-0.28432  0.26810  0.82592 B   33 
-0.45675  0.29141  1.11940 K   33 
 0.02502  0.39913  0.84995 B   34 
 0.03172  0.20552  1.21256 F   34 
 0.03434  0.53384  0.55974 B   35 
 0.30269  0.33784  0.44372 E   35 
-0.30025  0.64871  0.52162 B   36 
-0.33674  0.53168  0.33696 S   36 
-0.54445  0.57766  0.70276 B   37 
-0.57250  0.72345  0.94818 N   37 
-0.73334  0.46002  0.46507 B   38 
-0.73824  0.17086  0.76026 F   38 
-0.65021  0.68548  0.23766 B   39 
-0.75743  0.96425  0.27173 N   39 
-0.65897  0.71497 -0.10771 B   40 
-0.86466  0.58837 -0.16941 T   40 
-0.57812  1.04427 -0.11033 B   41 
-0.93295  1.19789 -0.20968 Q   41 
-0.30262  1.01466 -0.00567 B   42 
-0.30981  0.94564  0.19402 A   42 
-0.03211  1.25938  0.01112 B   43 
-0.11946  1.34405 -0.20125 T   43 
 0.34235  1.26290  0.00122 B   44 
 0.20235  1.19004  0.29964 N   44 
 0.61460  1.44210  0.02796 B   45 
 0.68395  1.73652 -0.37893 R   45 
 0.94667  1.40312 -0.06255 B   46 
 0.83900  1.07815 -0.05111 N   46 
 1.26990  1.49473 -0.03323 B   47 
 1.36848  1.48742  0.20549 T   47 
 1.32918  1.38171 -0.34221 B   48 
 1.27780  1.12159 -0.33588 D   48 
 1.03799  1.48975 -0.48700 B   49 
 0.86059  1.28677 -0.44855 B   50 
 0.95470  1.05974 -0.44623 S   50 
 0.54676  1.08126 -0.41810 B   51 
 0.43113  1.32773 -0.42005 T   51 
 0.29708  0.95732 -0.21923 B   52 
 0.53779  0.78673 -0.04350 D   52 
 0.02769  0.71673 -0.29809 B   53 
 0.11930  1.07422 -0.60558 Y   53 
-0.23135  0.63131 -0.12627 B   54 
-0.30561  0.35790  0.08390 B   55 
-0.54700  0.23279  0.08131 I   55 
 0.02666  0.26465  0.01516 B   56 
-0.07834 -0.03832  0.03750 L   56 
 0.22951  0.47856 -0.05903 B   57 
 0.13268  0.74372  0.14041 Q   57 
 0.30841  0.50658 -0.35935 B   58 
 0.20605  0.23638 -0.47154 I   58 
 0.59207  0.58433 -0.53771 B   59 
 0.84862  0.70070 -0.42172 N   59 
 0.70310  0.81102 -0.80460 B   60 
 0.63571  1.02065 -0.74100 S   60 
 1.00411  0.70287 -0.86662 B   61 
 1.30221  0.97419 -0.71784 R   61 
 0.89332  0.38740 -0.94457 B   62 
 1.29592  0.33717 -0.73663 W   62 
 0.55728  0.33199 -0.99099 B   63 
 0.74089  0.04674 -0.71362 W   63 
 0.45331  0.62914 -1.07350 B   64 
 0.26651  0.65690 -0.89461 X   64 
 0.30389  0.90198 -1.25711 B   65 
 0.42691  1.00813 -1.50574 N   65 
 0.31393  1.28154 -1.19067 B   66 
 0.44341  1.26791 -0.95462 D   66 
 0.50547  1.48457 -1.37076 B   67 
 0.73205  1.56376 -1.09879 B   68 
 0.45693  1.71693 -0.74469 R   68 
 0.96039  1.31076 -1.12471 B   69 
 0.85917  1.21236 -0.91185 T   69 
 1.26497  1.28808 -1.17176 B   70 
 1.28727  1.49346 -1.11620 P   70 
 1.36974  0.97924 -1.26640 B   71 
 1.12837  0.81159 -1.32168 B   72 
 0.93493  0.94063 -1.27273 S   72 
 0.95612  0.47679 -1.38465 B   73 
 1.26110  0.29655 -1.43126 R   73 
 0.66814  0.34174 -1.38212 B   74 
 0.44177  0.47456 -1.47737 N   74 
 0.62564  0.01839 -1.31406 B   75 
 0.92921 -0.01767 -1.20772 L   75 
 0.29329  0.02133 -1.30175 B   76 
 0.30664 -0.03963 -0.99744 X   76 
 0.18409  0.18419 -1.52869 B   77 
 0.21906  0.13723 -1.79517 N   77 
 0.07832  0.46972 -1.37635 B   78 
-0.12761  0.29125 -1.26486 I   78 
-0.10144  0.70638 -1.26567 B   79 
-0.21616  0.73123 -1.43859 P   79 
-0.09322  0.82143 -0.95174 B   80 
 0.21436  0.88599 -0.92018 X   80 
-0.40301  0.89083 -0.94144 B   81 
-0.42530  1.03454 -1.13201 S   81 
-0.50413  0.59382 -0.94721 B   82 
-0.45050  0.52206 -1.13771 A   82 
-0.40622  0.56388 -0.63524 B   83 
-0.11284  0.43446 -0.70089 L   83 
-0.68085  0.75110 -0.54069 B   84 
-0.44751  0.98172 -0.51591 L   84 
-0.89909  0.57758 -0.57783 B   85 
-1.00696  0.50436 -0.80180 S   85 
-1.16980  0.39210 -0.45884 B   86 
-1.37078  0.51080 -0.51243 S   86 
-1.03378  0.19245 -0.64724 B   87 
-1.13488  0.01459 -0.85605 D   87 
-0.77890 -0.04019 -0.54270 B   88 
-0.83404 -0.09634 -0.28678 I   88 
-0.66904 -0.20019 -0.78442 B   89 
-0.87607 -0.28655 -0.92638 T   89 
-0.41195 -0.03901 -0.85277 B   90 
-0.47922  0.13768 -0.96001 A   90 
-0.26928 -0.06083 -0.57648 B   91 
-0.35977  0.16763 -0.45426 S   91 
-0.26309 -0.36660 -0.56095 B   92 
-0.48500 -0.46762 -0.46465 V   92 
-0.10880 -0.43301 -0.81775 B   93 
-0.37060 -0.49650 -1.01929 N   93 
 0.13268 -0.26153 -0.72952 B   94 
 0.19465  0.00876 -0.79504 X   94 
 0.19177 -0.39397 -0.45672 B   95 
 0.03846 -0.32462 -0.32243 A   95 
 0.25672 -0.67403 -0.56969 B   96 
-0.16494 -0.86198 -0.63118 K   96 
 0.51652 -0.56928 -0.70626 B   97 
 0.43656 -0.45395 -1.06491 K   97 
 0.66211 -0.45372 -0.45977 B   98 
 0.55440 -0.16559 -0.42026 I   98 
 0.67197 -0.71698 -0.27656 B   99 
 0.48019 -0.78488 -0.16509 V   99 
 0.83392 -0.86998 -0.52634 B   100 
 0.60408 -0.96799 -0.60634 S   100 
 1.11841 -0.70227 -0.53368 B   101 
 1.15955 -0.43904 -0.61381 D   101 
 1.27911 -0.83213 -0.23408 B   102 
 1.19246 -0.66848  0.05394 B   103 
 1.45265 -0.48791 -0.01652 N   103 
 0.91530 -0.67924  0.06408 B   104 
 0.74598 -0.49602  0.31464 B   105 
 0.38345 -0.62897  0.38317 M   105 
 0.99800 -0.30196  0.36183 B   106 
 1.15520 -0.54138  0.52714 N   106 
 0.89952 -0.08709  0.15489 B   107 
 0.88497 -0.19648 -0.02276 A   107 
 0.72546 -0.01890  0.41087 B   108 
 0.41946 -0.13525  0.07761 W   108 
 0.80742  0.18344  0.66077 B   109 
 0.96087  0.37372  0.58461 V   109 
 0.55378  0.15030  0.84116 B   110 
 0.41245  0.29461  0.76913 A   110 
 0.56287 -0.15372  0.85631 B   111 
 0.56375 -0.51681  0.71570 W   111 
 0.84774 -0.19025  0.97315 B   112 
 1.21288 -0.04288  0.82056 R   112 
 0.80546  0.02427  1.22473 B   113 
 1.03619  0.21878  1.10544 N   113 
 0.47577 -0.08683  1.29985 B   114 
 0.33046  0.39384  1.31472 R   114 
 0.42941 -0.40854  1.20266 B   115 
 0.22558 -0.24829  1.01729 X   115 
 0.67280 -0.55733  1.23269 B   116 
 1.02322 -0.65270  0.97543 K   116 
 0.65133 -0.80947  1.48213 B   117 
 0.35524 -0.79463  1.51526 B   118 
 0.32875 -0.53649  1.52230 T   118 
 0.00617 -0.83297  1.57460 B   119 
-0.13812 -1.02672  1.72899 D   119 
-0.15092 -0.82763  1.27172 B   120 
 0.05601 -0.82259  1.13165 V   120 
-0.41825 -0.98074  1.32797 B   121 
-0.27850 -1.36730  1.39567 Q   121 
-0.55973 -0.74007  1.47315 B   122 
-0.44369 -0.70661  1.64157 A   122 
-0.64726 -0.60201  1.19028 B   123 
-0.36962 -0.28371  1.26188 W   123 
-0.88708 -0.84825  1.15119 B   124 
-0.74732 -0.97338  0.95864 I   124 
-1.05821 -0.82624  1.37361 B   125 
-0.69882 -1.02554  1.68903 R   125 
-1.40641 -0.87865  1.33331 B   126 
-1.38078 -0.98221  1.05059 B   127 
-1.21977 -0.71128  0.97948 X   127 
-1.56380 -1.09668  0.75666 B   128 
-1.77349 -1.44074  0.80275 R   128 
-1.37523 -1.38662  0.60693 B   129 
-1.21024 -1.18598  0.60404 L   129 
