246 
-0.32395 -0.80359  1.01794 B   1 
 0.05613 -0.95081  1.11844 K   1 
-0.17518 -0.59799  1.27086 B   2 
-0.37903 -0.45663  1.34591 V   2 
 0.06905 -0.39082  1.24615 B   3 
 0.24085 -0.62599  0.92507 F   3 
 0.34269 -0.25998  1.33569 B   4 
 0.54131 -0.02004  1.25995 B   5 
 0.65003  0.37177  1.41572 R   5 
 0.82775 -0.15833  1.28656 B   6 
 0.95619  0.02812  1.50361 X   6 
 0.72493 -0.42012  1.15425 B   7 
 0.48367 -0.68644  1.30681 E   7 
 0.65173 -0.30742  0.87556 B   8 
 0.37627 -0.22072  0.77205 L   8 
 0.91841 -0.17655  0.80348 B   9 
 0.93612 -0.00011  0.92883 A   9 
 1.07811 -0.43727  0.80173 B   10 
 1.10374 -0.49402  1.01137 A   10 
 0.91471 -0.58190  0.58145 B   11 
 0.74140 -0.66629  0.68043 A   11 
 0.93750 -0.36260  0.36386 B   12 
 0.59576 -0.10944  0.42483 M   12 
 1.24097 -0.37685  0.35128 B   13 
 1.55367 -0.18770  0.58504 K   13 
 1.28991 -0.67044  0.28419 B   14 
 1.09118 -1.03989  0.45913 R   14 
 1.10132 -0.62216  0.01793 B   15 
 0.83415 -0.86390  0.16550 H   15 
 1.23796 -0.33576 -0.10365 B   16 
 1.09402 -0.03707 -0.04222 B   17 
 0.78670 -0.14093 -0.04536 L   17 
 1.33699  0.10885  0.02282 B   18 
 1.47177  0.21940  0.27572 D   18 
 1.37078  0.34236 -0.22230 B   19 
 1.60277  0.42023 -0.01315 N   19 
 1.15128  0.28363 -0.40184 B   20 
 1.01667 -0.07103 -0.62835 Y   20 
 1.14831  0.49169 -0.65370 B   21 
 1.05290  0.22727 -1.03649 R   21 
 1.25539  0.70869 -0.41421 B   22 
 1.09972  0.58947 -0.15622 B   23 
 0.76696  0.79469 -0.41786 Y   23 
 1.11310  0.60704  0.14658 B   24 
 1.20513  0.79185  0.25737 S   24 
 1.00834  0.41318  0.39734 B   25 
 1.13578  0.15694  0.52641 L   25 
 0.82889  0.63212  0.54105 B   26 
 0.61884  0.65407  0.31506 B   27 
 0.77919  0.89218  0.13758 N   27 
 0.50605  0.36778  0.32910 B   28 
 0.66585  0.24708 -0.06955 W   28 
 0.42362  0.37476  0.62552 B   29 
 0.61341  0.29575  0.78464 V   29 
 0.24387  0.62127  0.60515 B   30 
 0.29156  0.89453  0.61068 X   30 
 0.04397  0.50527  0.40307 B   31 
 0.14379  0.51249  0.20856 A   31 
-0.04783  0.25541  0.56075 B   32 
 0.10945  0.10953  0.54350 A   32 
-0.15827  0.41261  0.79972 B   33 
-0.12372  0.52998  1.11821 K   33 
-0.37993  0.59304  0.62153 B   34 
-0.19542  0.91451  0.79939 F   34 
-0.51300  0.34859  0.46345 B   35 
-0.41250  0.45986  0.14501 E   35 
-0.51686  0.09410  0.71209 B   36 
-0.39576 -0.04765  0.59222 S   36 
-0.37103  0.09971  0.98812 B   37 
-0.49860  0.24363  1.20092 N   37 
-0.20174 -0.17516  0.94569 B   38 
 0.07656  0.10589  1.06542 F   38 
-0.44370 -0.34412  0.79614 B   39 
-0.67419 -0.43710  0.96526 N   39 
-0.47166 -0.62158  0.59008 B   40 
-0.28718 -0.76913  0.66968 T   40 
-0.80967 -0.63876  0.61099 B   41 
-0.84441 -0.96029  0.84505 Q   41 
-0.86757 -0.38535  0.46900 B   42 
-0.79822 -0.22223  0.58422 A   42 
-1.18494 -0.25618  0.34276 B   43 
-1.23944 -0.48939  0.29241 T   43 
-1.30638 -0.03762  0.06379 B   44 
-1.19075  0.12194  0.33789 N   44 
-1.56204  0.11304 -0.07364 B   45 
-1.86652 -0.21615 -0.31023 R   45 
-1.63043  0.25200 -0.38347 B   46 
-1.28801  0.25890 -0.37810 N   46 
-1.81901  0.45261 -0.57821 B   47 
-1.84125  0.69790 -0.50013 T   47 
-1.73288  0.27220 -0.84615 B   48 
-1.46979  0.29662 -0.86908 D   48 
-1.74478 -0.03695 -0.69879 B   49 
-1.49594 -0.07523 -0.59506 B   50 
-1.31013  0.02779 -0.71862 S   50 
-1.20175 -0.20186 -0.39738 B   51 
-1.39923 -0.32141 -0.25306 T   51 
-1.00387 -0.17558 -0.11918 B   52 
-0.91645  0.13903 -0.22548 D   52 
-0.69127 -0.35276 -0.03222 B   53 
-1.06183 -0.60407 -0.20618 Y   53 
-0.52719 -0.36053  0.24516 B   54 
-0.24266 -0.19014  0.36536 B   55 
-0.04787 -0.31402  0.50903 I   55 
-0.25943 -0.02370  0.05579 B   56 
 0.06136 -0.01108  0.07159 L   56 
-0.52696  0.00031 -0.08657 B   57 
-0.74649  0.04384  0.17681 Q   57 
-0.58080 -0.18901 -0.32836 B   58 
-0.29300 -0.28494 -0.39197 I   58 
-0.74540 -0.16987 -0.62980 B   59 
-0.93578  0.05237 -0.71454 N   59 
-0.99764 -0.35263 -0.82454 B   60 
-1.17483 -0.38523 -0.68286 S   60 
-0.99037 -0.19704 -1.11070 B   61 
-1.34062  0.04548 -1.16651 R   61 
-0.65668 -0.26285 -1.15758 B   62 
-0.73426  0.15126 -1.33180 W   62 
-0.49856 -0.49144 -0.95538 B   63 
-0.28352 -0.11069 -0.98372 W   63 
-0.74843 -0.67596 -0.85827 B   64 
-0.71448 -0.65655 -0.60110 X   64 
-0.96172 -0.96126 -0.79832 B   65 
-1.10320 -1.09919 -1.02008 N   65 
-1.32456 -0.97786 -0.66928 B   66 
-1.35056 -0.71468 -0.61703 D   66 
-1.57903 -1.04027 -0.87345 B   67 
-1.72344 -0.70863 -0.84627 B   68 
-1.77928 -0.63201 -0.38200 R   68 
-1.55551 -0.54101 -1.09228 B   69 
-1.42855 -0.41897 -0.90729 T   69 
-1.63036 -0.38835 -1.35034 B   70 
-1.83186 -0.37199 -1.28035 P   70 
-1.37105 -0.33773 -1.56366 B   71 
-1.13631 -0.49394 -1.46409 B   72 
-1.19742 -0.59852 -1.25964 S   72 
-0.76480 -0.58167 -1.46133 B   73 
-0.69024 -0.39775 -1.75846 R   73 
-0.54585 -0.72789 -1.28284 B   74 
-0.60130 -0.96437 -1.14516 N   74 
-0.22506 -0.63816 -1.28865 B   75 
-0.28567 -0.36518 -1.45168 L   75 
-0.12300 -0.83059 -1.03732 B   76 
-0.06694 -0.57590 -0.86854 X   76 
-0.24493 -1.10352 -1.06158 B   77 
-0.21350 -1.27874 -1.26834 N   77 
-0.48135 -1.10571 -0.81659 B   78 
-0.24620 -1.10971 -0.63946 I   78 
-0.64841 -1.17533 -0.55618 B   79 
-0.63721 -1.38306 -0.57625 P   79 
-0.75770 -0.95061 -0.33389 B   80 
-0.91566 -0.75249 -0.52249 X   80 
-0.72583 -1.14387 -0.08384 B   81 
-0.85670 -1.33236 -0.15319 S   81 
-0.41215 -1.15173 -0.08727 B   82 
-0.36246 -1.25222 -0.26546 A   82 
-0.41212 -0.84593  0.03230 B   83 
-0.38229 -0.69363 -0.25587 L   83 
-0.50249 -0.97586  0.33950 B   84 
-0.79470 -0.86029  0.24199 L   84 
-0.26932 -1.10293  0.43226 B   85 
-0.16762 -1.32679  0.35039 S   85 
-0.00704 -1.13903  0.65975 B   86 
-0.05677 -1.32525  0.80189 S   86 
 0.13807 -1.16306  0.39100 B   87 
 0.33706 -1.35074  0.28788 D   87 
 0.27933 -0.88270  0.21367 B   88 
 0.35202 -0.70776  0.40287 I   88 
 0.39463 -0.97142 -0.06007 B   89 
 0.54071 -1.18954 -0.02059 T   89 
 0.16010 -0.89978 -0.25141 B   90 
 0.01278 -1.05767 -0.22670 A   90 
 0.13804 -0.59597 -0.18521 B   91 
-0.04929 -0.60102  0.01530 S   91 
 0.42638 -0.52069 -0.25565 B   92 
 0.59295 -0.56117 -0.05733 V   92 
 0.43874 -0.61237 -0.54824 B   93 
 0.57991 -0.91407 -0.50100 N   93 
 0.20059 -0.43140 -0.62598 B   94 
-0.07596 -0.49704 -0.64593 X   94 
 0.30981 -0.15938 -0.52839 B   95 
 0.29339 -0.16218 -0.31375 A   95 
 0.55423 -0.15262 -0.71715 B   96 
 0.86500 -0.41891 -0.49486 K   96 
 0.37185 -0.12097 -0.96786 B   97 
 0.28476 -0.46853 -1.10909 K   97 
 0.21826  0.13487 -0.88871 B   98 
-0.02092  0.04396 -0.71346 I   98 
 0.46643  0.33344 -0.84460 B   99 
 0.59220  0.31645 -0.65041 V   99 
 0.55860  0.26868 -1.15978 B   100 
 0.72342  0.08682 -1.06709 S   100 
 0.30972  0.40271 -1.33068 B   101 
 0.04632  0.31456 -1.34647 D   101 
 0.38469  0.75647 -1.28962 B   102 
 0.25897  0.89426 -1.00248 B   103 
 0.00505  0.96238 -1.19261 N   103 
 0.35662  0.73627 -0.79623 B   104 
 0.23810  0.79127 -0.46768 B   105 
 0.47907  0.65038 -0.19221 M   105 
-0.02512  0.94256 -0.57363 B   106 
 0.15385  1.21195 -0.64263 N   106 
-0.19963  0.68142 -0.58011 B   107 
-0.09264  0.55688 -0.70965 A   107 
-0.20746  0.76014 -0.27317 B   108 
-0.00324  0.34035 -0.29055 W   108 
-0.42333  0.96314 -0.12385 B   109 
-0.65288  0.96030 -0.23724 V   109 
-0.31051  0.95508  0.16801 B   110 
-0.40349  0.78579  0.26118 A   110 
-0.02474  1.03148  0.09563 B   111 
 0.31844  0.99428 -0.08451 W   111 
-0.07893  1.30131 -0.04717 B   112 
-0.33508  1.37613 -0.37445 R   112 
-0.26719  1.42798  0.19699 B   113 
-0.52544  1.43787  0.00076 N   113 
-0.05725  1.30782  0.45808 B   114 
-0.46748  1.13763  0.69286 R   114 
 0.26189  1.26743  0.35035 B   115 
 0.17259  0.96973  0.42100 X   115 
 0.32662  1.46702  0.15477 B   116 
 0.30465  1.49946 -0.28856 K   116 
 0.57464  1.69553  0.26667 B   117 
 0.65415  1.53882  0.50773 B   118 
 0.41758  1.47792  0.59555 T   118 
 0.80102  1.38057  0.79097 B   119 
 1.03159  1.44998  0.94659 D   119 
 0.84306  1.05073  0.71431 B   120 
 0.77195  1.06707  0.47526 V   120 
 1.07307  0.96197  0.90742 B   121 
 1.39640  1.17416  0.75258 Q   121 
 0.89042  0.94137  1.16282 B   122 
 0.82343  1.13507  1.19353 A   122 
 0.78474  0.64325  1.08098 B   123 
 0.39574  0.80469  1.00265 W   123 
 1.09370  0.51576  1.17025 B   124 
 1.16687  0.47628  0.91461 I   124 
 1.12851  0.57937  1.44225 B   125 
 1.20687  1.07923  1.33102 R   125 
 1.28768  0.34753  1.65797 B   126 
 1.37563  0.16514  1.43366 B   127 
 1.06721  0.15508  1.33796 X   127 
 1.53962 -0.15017  1.35194 B   128 
 1.93259 -0.17464  1.44914 R   128 
 1.75415 -0.09495  1.04703 B   129 
 1.51172 -0.03629  0.97440 L   129 
