246 
-0.29051 -0.32512  1.26365 B   1 
 0.00155 -0.61875  1.33238 K   1 
 0.00331 -0.17600  1.40441 B   2 
-0.08582  0.05911  1.46724 V   2 
 0.29025 -0.12611  1.26895 B   3 
 0.23408 -0.47209  1.01389 F   3 
 0.60624 -0.13354  1.25847 B   4 
 0.85212 -0.04309  1.07374 B   5 
 1.15983  0.26499  1.07220 R   5 
 1.04499 -0.29698  1.08871 B   6 
 1.30202 -0.16091  1.20615 X   6 
 0.80480 -0.49331  1.06923 B   7 
 0.53608 -0.57024  1.34176 E   7 
 0.70161 -0.41507  0.78823 B   8 
 0.47172 -0.22510  0.71636 L   8 
 0.96021 -0.45005  0.62903 B   9 
 1.08987 -0.28524  0.68547 A   9 
 0.98473 -0.75038  0.68085 B   10 
 1.04925 -0.77091  0.88880 A   10 
 0.71473 -0.83432  0.55359 B   11 
 0.56357 -0.80102  0.70524 A   11 
 0.75754 -0.70155  0.27701 B   12 
 0.59431 -0.30613  0.31695 M   12 
 1.00486 -0.86629  0.21262 B   13 
 1.42463 -0.81595  0.30992 K   13 
 0.90071 -1.15218  0.23523 B   14 
 0.63153 -1.33326  0.55357 R   14 
 0.67636 -1.06901  0.00820 B   15 
 0.39447 -1.11325  0.27311 H   15 
 0.87473 -0.91732 -0.22226 B   16 
 0.89868 -0.58116 -0.23383 B   17 
 0.59307 -0.51762 -0.14543 L   17 
 1.18723 -0.56533 -0.26610 B   18 
 1.42893 -0.48983 -0.09225 D   18 
 1.23662 -0.43125 -0.57487 B   19 
 1.53298 -0.43997 -0.44949 N   19 
 0.96838 -0.40680 -0.68126 B   20 
 0.63190 -0.68417 -0.75240 Y   20 
 0.97368 -0.27738 -0.98118 B   21 
 0.65883 -0.52769 -1.23371 R   21 
 1.23267 -0.10055 -0.84867 B   22 
 1.13239 -0.07497 -0.54158 B   23 
 0.85368  0.21345 -0.78742 Y   23 
 1.24768 -0.00857 -0.26868 B   24 
 1.43927  0.12373 -0.24247 S   24 
 1.15669 -0.07283  0.04600 B   25 
 1.19743 -0.32827  0.22390 L   25 
 1.14298  0.22912  0.14308 B   26 
 0.90211  0.30834 -0.03407 B   27 
 1.08233  0.39664 -0.30542 N   27 
 0.68974  0.12428  0.09204 B   28 
 0.64712 -0.13364 -0.26947 W   28 
 0.71725  0.22791  0.38050 B   29 
 0.89547  0.09754  0.51770 V   29 
 0.66267  0.52187  0.31649 B   30 
 0.82055  0.73088  0.22502 X   30 
 0.37963  0.48377  0.20385 B   31 
 0.40535  0.40312  0.00214 A   31 
 0.24626  0.34775  0.44764 B   32 
 0.31239  0.14296  0.44871 A   32 
 0.29530  0.58152  0.63991 B   33 
 0.47579  0.72501  0.89139 K   33 
 0.12691  0.80995  0.45851 B   34 
 0.47615  1.02514  0.48570 F   34 
-0.13981  0.63834  0.41526 B   35 
-0.10895  0.62173  0.06504 E   35 
-0.17157  0.47234  0.72837 B   36 
-0.16708  0.26926  0.63970 S   36 
 0.04245  0.45789  0.95526 B   37 
 0.06300  0.68386  1.13073 N   37 
 0.05614  0.13301  0.97204 B   38 
 0.44929  0.25636  0.94053 F   38 
-0.26825  0.08092  0.93308 B   39 
-0.44919  0.14872  1.16337 N   39 
-0.47508 -0.17990  0.83603 B   40 
-0.35572 -0.38098  0.92240 T   40 
-0.76235 -0.02309  0.92476 B   41 
-0.85333 -0.23342  1.25166 Q   41 
-0.74943  0.19305  0.72265 B   42 
-0.58485  0.31905  0.76421 A   42 
-1.00414  0.43539  0.62397 B   43 
-1.16513  0.25509  0.66230 T   43 
-1.10352  0.62715  0.31789 B   44 
-0.85056  0.75773  0.49933 N   44 
-1.30035  0.85501  0.19028 B   45 
-1.77333  0.68140  0.13369 R   45 
-1.39826  0.94714 -0.12895 B   46 
-1.10324  0.78448 -0.19082 N   46 
-1.53534  1.17310 -0.33843 B   47 
-1.42548  1.40696 -0.34039 T   47 
-1.62405  0.92615 -0.54555 B   48 
-1.39790  0.81218 -0.62433 D   48 
-1.71805  0.69837 -0.30741 B   49 
-1.49017  0.56264 -0.24583 B   50 
-1.32835  0.53423 -0.42862 S   50 
-1.23128  0.34765 -0.07728 B   51 
-1.40336  0.37182  0.13229 T   51 
-0.96367  0.32535  0.13517 B   52 
-0.79023  0.52826 -0.08086 D   52 
-0.74585  0.03715  0.21368 B   53 
-1.22194 -0.02574  0.20273 Y   53 
-0.52159  0.00258  0.44267 B   54 
-0.16985  0.02916  0.44590 B   55 
-0.01131 -0.14466  0.58220 I   55 
-0.21227  0.11907  0.10836 B   56 
 0.07016 -0.02602  0.05842 L   56 
-0.47436  0.24454  0.01902 B   57 
-0.55818  0.44068  0.29098 Q   57 
-0.67722  0.06435 -0.13456 B   58 
-0.49403 -0.17163 -0.21717 I   58 
-0.90478  0.10419 -0.38941 B   59 
-0.99917  0.37050 -0.50338 N   59 
-1.25812  0.03683 -0.46397 B   60 
-1.37705  0.12413 -0.28856 S   60 
-1.27729  0.11013 -0.78084 B   61 
-1.48945  0.47833 -0.84427 R   61 
-1.03709 -0.11984 -0.86625 B   62 
-0.98311  0.23602 -1.14608 W   62 
-0.93532 -0.35301 -0.63513 B   63 
-0.60081 -0.14228 -0.82409 W   63 
-1.19440 -0.36701 -0.43866 B   64 
-1.07543 -0.31800 -0.21259 X   64 
-1.47695 -0.49165 -0.25128 B   65 
-1.72600 -0.58105 -0.38620 N   65 
-1.75057 -0.30130 -0.05769 B   66 
-1.64456 -0.05539 -0.08866 D   66 
-2.05786 -0.26740 -0.17916 B   67 
-2.03129  0.09033 -0.23299 B   68 
-1.89825  0.27204  0.18393 R   68 
-1.89632  0.10200 -0.54678 B   69 
-1.67803  0.17807 -0.43816 T   69 
-1.97741  0.21888 -0.82113 B   70 
-2.11907  0.34594 -0.72337 P   70 
-1.80405  0.09243 -1.08431 B   71 
-1.63936 -0.13704 -0.98612 B   72 
-1.67030 -0.15616 -0.75129 S   72 
-1.36055 -0.39479 -1.02557 B   73 
-1.31416 -0.33289 -1.37441 R   73 
-1.17988 -0.59282 -0.85435 B   74 
-1.28314 -0.73932 -0.64027 N   74 
-0.87168 -0.67672 -0.94906 B   75 
-0.85949 -0.44670 -1.17646 L   75 
-0.78650 -0.84206 -0.67335 B   76 
-0.57735 -0.62159 -0.60892 X   76 
-1.01317 -1.01762 -0.58535 B   77 
-1.12659 -1.22135 -0.72703 N   77 
-1.13652 -0.85539 -0.31261 B   78 
-0.88235 -0.94120 -0.19131 I   78 
-1.22469 -0.78168 -0.01704 B   79 
-1.30952 -0.96710  0.02881 P   79 
-1.15141 -0.49448  0.13788 B   80 
-1.26160 -0.28460 -0.07088 X   80 
-1.12650 -0.62601  0.42592 B   81 
-1.33938 -0.73425  0.44669 S   81 
-0.86490 -0.78864  0.36604 B   82 
-0.92208 -0.93259  0.22348 A   82 
-0.69731 -0.50657  0.37899 B   83 
-0.69938 -0.44760  0.05704 L   83 
-0.73105 -0.51295  0.72284 B   84 
-0.96102 -0.28906  0.65044 L   84 
-0.55754 -0.71826  0.80567 B   85 
-0.59214 -0.97401  0.78225 S   85 
-0.27789 -0.83502  0.97888 B   86 
-0.35359 -0.94091  1.17991 S   86 
-0.25064 -0.97882  0.70975 B   87 
-0.19418 -1.25618  0.63663 D   87 
-0.06867 -0.84524  0.42859 B   88 
 0.12733 -0.69667  0.53440 I   88 
-0.09568 -1.03006  0.18118 B   89 
-0.05154 -1.27963  0.26018 T   89 
-0.32523 -0.88997  0.02488 B   90 
-0.50913 -0.94608  0.12625 A   90 
-0.19424 -0.60890 -0.00691 B   91 
-0.29134 -0.48194  0.21619 S   91 
 0.05972 -0.70139 -0.15086 B   92 
 0.24705 -0.78009  0.01477 V   92 
-0.06186 -0.84137 -0.39539 B   93 
-0.05479 -1.15784 -0.28146 N   93 
-0.21199 -0.58504 -0.48060 B   94 
-0.48068 -0.50757 -0.42587 X   94 
 0.02689 -0.38988 -0.49784 B   95 
 0.08018 -0.34291 -0.29462 A   95 
 0.17687 -0.54140 -0.72136 B   96 
 0.39855 -0.87823 -0.48833 K   96 
-0.04429 -0.47242 -0.92980 B   97 
-0.31029 -0.75093 -0.93302 K   97 
-0.04103 -0.16439 -0.90936 B   98 
-0.22650 -0.08936 -0.67239 I   98 
 0.26756 -0.11054 -0.97892 B   99 
 0.42891 -0.14991 -0.81697 V   99 
 0.21787 -0.27155 -1.26811 B   100 
 0.31020 -0.48946 -1.15489 S   100 
 0.00907 -0.06757 -1.42274 B   101 
-0.25666 -0.01489 -1.35940 D   101 
 0.23548  0.20296 -1.51218 B   102 
 0.27871  0.43709 -1.26610 B   103 
 0.03160  0.58403 -1.41649 N   103 
 0.36037  0.29446 -1.04244 B   104 
 0.38784  0.46282 -0.73273 B   105 
 0.62035  0.27702 -0.47736 M   105 
 0.19488  0.70100 -0.82989 B   106 
 0.43872  0.82742 -1.01409 N   106 
-0.06573  0.56488 -0.71924 B   107 
-0.06899  0.38150 -0.81975 A   107 
 0.05878  0.69438 -0.45809 B   108 
 0.04873  0.23422 -0.37820 W   108 
 0.00923  1.00194 -0.34382 B   109 
-0.22279  1.09142 -0.40483 V   109 
 0.19450  0.99528 -0.09163 B   110 
 0.07368  0.91575  0.06668 A   110 
 0.44614  0.90465 -0.23726 B   111 
 0.66402  0.66863 -0.45732 W   111 
 0.46889  1.13271 -0.44609 B   112 
 0.17903  1.26009 -0.72550 R   112 
 0.44066  1.38012 -0.22452 B   113 
 0.16329  1.47869 -0.36108 N   113 
 0.65105  1.22449  0.01672 B   114 
 0.30592  1.32845  0.36665 R   114 
 0.87028  1.01157 -0.13058 B   115 
 0.69104  0.81709  0.04731 X   115 
 0.94734  1.11110 -0.38832 B   116 
 0.80115  1.06436 -0.80608 K   116 
 1.29008  1.20342 -0.40453 B   117 
 1.36798  1.07754 -0.14555 B   118 
 1.16956  1.15992  0.00015 T   118 
 1.51582  0.92511  0.14037 B   119 
 1.79033  0.89965  0.21904 D   119 
 1.38742  0.61008  0.16702 B   120 
 1.25785  0.61324 -0.04668 V   120 
 1.60646  0.45807  0.33131 B   121 
 1.92114  0.44806  0.05852 Q   121 
 1.52422  0.58008  0.60946 B   122 
 1.55919  0.78327  0.58851 A   122 
 1.28232  0.36407  0.64902 B   123 
 0.99579  0.67843  0.59799 W   123 
 1.51882  0.12022  0.71443 B   124 
 1.48269  0.00145  0.47598 I   124 
 1.66195  0.20909  0.93994 B   125 
 1.90456  0.57251  0.66165 R   125 
 1.76755 -0.02474  1.18445 B   126 
 1.69345 -0.26590  1.01811 B   127 
 1.39712 -0.14011  0.99073 X   127 
 1.67300 -0.62996  1.01239 B   128 
 2.02689 -0.82660  1.03628 R   128 
 1.78115 -0.74792  0.67117 B   129 
 1.57723 -0.59214  0.63071 L   129 
