246 
-0.50706  1.21173  0.24802 B   1 
-0.90600  1.14866  0.13354 K   1 
-0.70153  1.10882  0.53080 B   2 
-0.53806  1.16128  0.72495 V   2 
-0.82508  0.81997  0.59773 B   3 
-0.85940  0.73253  0.17454 F   3 
-1.05423  0.62112  0.68695 B   4 
-1.10502  0.31102  0.75039 B   5 
-1.16327  0.05718  1.09934 R   5 
-1.38745  0.25884  0.61113 B   6 
-1.55211  0.16326  0.86037 X   6 
-1.30946  0.43181  0.36494 B   7 
-1.27266  0.82007  0.34742 E   7 
-1.07156  0.26327  0.26137 B   8 
-0.77188  0.30805  0.30929 L   8 
-1.20966 -0.00848  0.23849 B   9 
-1.24008 -0.07921  0.44154 A   9 
-1.41042  0.07986  0.02547 B   10 
-1.55788  0.20387  0.12892 A   10 
-1.20422  0.16478 -0.18996 B   11 
-1.14186  0.36568 -0.13797 A   11 
-1.04519 -0.10085 -0.20044 B   12 
-0.73228 -0.05473  0.09033 M   12 
-1.28534 -0.26575 -0.28756 B   13 
-1.60547 -0.45764 -0.06643 K   13 
-1.37226 -0.12446 -0.54363 B   14 
-1.41057  0.32117 -0.62450 R   14 
-1.06690 -0.17901 -0.65574 B   15 
-0.99977  0.20451 -0.65434 H   15 
-1.03069 -0.50812 -0.57923 B   16 
-0.86334 -0.60278 -0.30221 B   17 
-0.64529 -0.36260 -0.30486 L   17 
-1.05073 -0.80652 -0.21313 B   18 
-1.26094 -0.83680  0.00877 D   18 
-0.88191 -1.10103 -0.23590 B   19 
-1.15601 -1.18380 -0.08879 N   19 
-0.62802 -1.02420 -0.35210 B   20 
-0.50112 -0.81490 -0.71994 Y   20 
-0.43346 -1.28411 -0.38843 B   21 
-0.22967 -1.23238 -0.81429 R   21 
-0.58423 -1.37800 -0.09799 B   22 
-0.62995 -1.08763  0.03841 B   23 
-0.16720 -1.16696  0.06790 Y   23 
-0.79581 -0.96329  0.26024 B   24 
-0.87561 -1.08797  0.44186 S   24 
-0.89959 -0.65373  0.32974 B   25 
-1.14245 -0.48841  0.21908 L   25 
-0.76996 -0.63517  0.61894 B   26 
-0.47619 -0.64071  0.52228 B   27 
-0.44308 -0.97658  0.52156 N   27 
-0.47457 -0.37598  0.36480 B   28 
-0.42580 -0.57170 -0.03312 W   28 
-0.56341 -0.19420  0.59668 B   29 
-0.82179 -0.17022  0.61244 V   29 
-0.33895 -0.27219  0.78910 B   30 
-0.30254 -0.48255  0.96630 X   30 
-0.10506 -0.17788  0.61402 B   31 
-0.08000 -0.33063  0.45947 A   31 
-0.18587  0.11852  0.57738 B   32 
-0.34393  0.12247  0.43138 A   32 
-0.17932  0.18608  0.87640 B   33 
-0.34212  0.23800  1.17171 K   33 
 0.14339  0.10154  0.92276 B   34 
-0.00711 -0.13594  1.22271 F   34 
 0.26412  0.26727  0.67697 B   35 
 0.38368 -0.01571  0.50516 E   35 
 0.06356  0.56113  0.68130 B   36 
-0.01012  0.53365  0.47407 S   36 
-0.19749  0.60730  0.84627 B   37 
-0.16717  0.68102  1.12180 N   37 
-0.38841  0.68065  0.59292 B   38 
-0.59467  0.39102  0.80353 F   38 
-0.16368  0.85943  0.42863 B   39 
-0.09510  1.13127  0.53712 N   39 
-0.11102  0.96647  0.10307 B   40 
-0.34252  1.00243  0.01792 T   40 
 0.14345  1.17598  0.18269 B   41 
-0.04373  1.52584  0.13858 Q   41 
 0.33671  0.96782  0.26663 B   42 
 0.26656  0.87266  0.44189 A   42 
 0.69398  0.99612  0.33665 B   43 
 0.69807  1.16166  0.15644 T   43 
 1.00063  0.78202  0.31512 B   44 
 0.80842  0.73901  0.58928 N   44 
 1.32054  0.75604  0.37779 B   45 
 1.59589  1.03759  0.05847 R   45 
 1.57851  0.55212  0.26893 B   46 
 1.30371  0.35966  0.19987 N   46 
 1.88923  0.42757  0.30975 B   47 
 1.93529  0.30962  0.53497 T   47 
 1.91088  0.37561 -0.01978 B   48 
 1.71947  0.20184 -0.07899 D   48 
 1.75481  0.66316 -0.12170 B   49 
 1.49004  0.60023 -0.13083 B   50 
 1.43595  0.36799 -0.19038 S   50 
 1.11426  0.61699 -0.14363 B   51 
 1.16199  0.87685 -0.07797 T   51 
 0.81628  0.62117  0.02501 B   52 
 0.89178  0.30742  0.14241 D   52 
 0.46999  0.60962 -0.10391 B   53 
 0.78715  0.90448 -0.31176 Y   53 
 0.18984  0.65543  0.04886 B   54 
-0.05302  0.43808  0.18383 B   55 
-0.31995  0.48257  0.15737 I   55 
 0.17131  0.18685  0.08198 B   56 
-0.09008  0.00745  0.02902 L   56 
 0.46741  0.25156  0.05854 B   57 
 0.51608  0.46892  0.32283 Q   57 
 0.58467  0.29588 -0.22693 B   58 
 0.36088  0.17119 -0.40142 I   58 
 0.88118  0.23119 -0.38884 B   59 
 1.14130  0.14510 -0.25566 N   59 
 1.13412  0.40363 -0.59190 B   60 
 1.19170  0.59163 -0.47410 S   60 
 1.32376  0.15756 -0.69003 B   61 
 1.70223  0.16022 -0.48665 R   61 
 1.06296 -0.00526 -0.84285 B   62 
 1.33458 -0.32745 -0.66887 W   62 
 0.76472  0.15886 -0.89039 B   63 
 0.71565 -0.23393 -0.70247 W   63 
 0.86092  0.46976 -0.88985 B   64 
 0.70327  0.55975 -0.70354 X   64 
 0.91894  0.81147 -0.99163 B   65 
 1.11029  0.87893 -1.20855 N   65 
 1.13624  1.08571 -0.82993 B   66 
 1.20404  0.94537 -0.60998 D   66 
 1.43008  1.17279 -0.95803 B   67 
 1.62527  1.03964 -0.68281 B   68 
 1.44613  1.23881 -0.29193 R   68 
 1.66857  0.71512 -0.78094 B   69 
 1.50378  0.64911 -0.59731 T   69 
 1.90821  0.53002 -0.84269 B   70 
 2.03702  0.66408 -0.73684 P   70 
 1.82794  0.25008 -1.01733 B   71 
 1.54320  0.27350 -1.10564 B   72 
 1.45431  0.47589 -1.01845 S   72 
 1.21968  0.12819 -1.24687 B   73 
 1.36933 -0.17983 -1.34886 R   73 
 0.90868  0.19103 -1.26936 B   74 
 0.81317  0.44860 -1.31928 N   74 
 0.68058 -0.05125 -1.28557 B   75 
 0.89269 -0.28125 -1.20264 L   75 
 0.41146  0.14267 -1.26150 B   76 
 0.34958  0.01785 -0.98386 X   76 
 0.44444  0.38518 -1.43486 B   77 
 0.47895  0.38912 -1.70548 N   77 
 0.50337  0.63438 -1.21049 B   78 
 0.22046  0.59052 -1.14179 I   78 
 0.47955  0.89838 -1.03640 B   79 
 0.42230  1.02438 -1.19301 P   79 
 0.51314  0.91131 -0.70389 B   80 
 0.79542  0.77435 -0.66735 X   80 
 0.30061  1.14420 -0.66539 B   81 
 0.38852  1.31263 -0.81156 S   81 
 0.04927  0.97359 -0.74409 B   82 
 0.07526  0.92995 -0.94838 A   82 
 0.07272  0.82167 -0.45395 B   83 
 0.24444  0.56433 -0.56081 L   83 
-0.05430  1.10640 -0.30492 B   84 
 0.26380  1.14365 -0.22954 L   84 
-0.32590  1.10757 -0.37804 B   85 
-0.42744  1.16494 -0.60946 S   85 
-0.66625  1.09444 -0.30166 B   86 
-0.75445  1.31665 -0.31588 S   86 
-0.64703  0.90260 -0.53975 B   87 
-0.80490  0.87112 -0.78376 D   87 
-0.58674  0.54857 -0.50758 B   88 
-0.69535  0.47861 -0.27306 I   88 
-0.55938  0.41507 -0.78602 B   89 
-0.75896  0.50147 -0.93824 T   89 
-0.25026  0.40568 -0.81929 B   90 
-0.19025  0.60704 -0.87494 A   90 
-0.18146  0.24205 -0.56305 B   91 
-0.13909  0.44480 -0.38300 S   91 
-0.35352 -0.00303 -0.62713 B   92 
-0.60314  0.02619 -0.55257 V   92 
-0.23467 -0.08625 -0.89752 B   93 
-0.45814  0.06361 -1.09949 N   93 
 0.04826 -0.11429 -0.77641 B   94 
 0.26143  0.07473 -0.77209 X   94 
-0.01359 -0.31429 -0.54920 B   95 
-0.11475 -0.20135 -0.39637 A   95 
-0.10736 -0.54436 -0.73274 B   96 
-0.54903 -0.42983 -0.82609 K   96 
 0.18009 -0.58364 -0.84652 B   97 
 0.22589 -0.36510 -1.16033 K   97 
 0.33365 -0.63528 -0.58373 B   98 
 0.40651 -0.35711 -0.46756 I   98 
 0.16809 -0.88777 -0.47507 B   99 
-0.04002 -0.85388 -0.37836 V   99 
 0.24269 -1.04445 -0.76128 B   100 
 0.01025 -0.96794 -0.85589 S   100 
 0.57016 -1.07873 -0.73489 B   101 
 0.76422 -0.87968 -0.74579 D   101 
 0.58879 -1.34231 -0.48464 B   102 
 0.57657 -1.23015 -0.16135 B   103 
 0.89957 -1.22578 -0.19176 N   103 
 0.34458 -1.07868 -0.14479 B   104 
 0.28124 -0.89435  0.15021 B   105 
-0.09716 -0.80135  0.19456 M   105 
 0.59073 -0.90160  0.23716 B   106 
 0.56044 -1.21767  0.32962 N   106 
 0.65971 -0.62948  0.09615 B   107 
 0.60731 -0.66546 -0.10309 A   107 
 0.52597 -0.53312  0.36689 B   108 
 0.25276 -0.36841  0.02563 W   108 
 0.67724 -0.48079  0.65755 B   109 
 0.92003 -0.40511  0.62781 V   109 
 0.43036 -0.39942  0.83191 B   110 
 0.40746 -0.18798  0.80444 A   110 
 0.26170 -0.64475  0.76780 B   111 
 0.07190 -0.89562  0.53836 W   111 
 0.45709 -0.86657  0.86140 B   112 
 0.85629 -0.93065  0.73952 R   112 
 0.51448 -0.73245  1.16110 B   113 
 0.82764 -0.68883  1.08815 N   113 
 0.17439 -0.64317  1.21632 B   114 
 0.33013 -0.18757  1.35965 R   114 
-0.03539 -0.84413  1.04110 B   115 
-0.08574 -0.55780  0.91045 X   115 
 0.07286 -1.10917  1.02334 B   116 
 0.33409 -1.32958  0.73829 K   116 
-0.11993 -1.34983  1.19990 B   117 
-0.35545 -1.17262  1.24590 B   118 
-0.22992 -0.95788  1.32018 T   118 
-0.66760 -1.01178  1.30531 B   119 
-0.91466 -1.11341  1.40938 D   119 
-0.75422 -0.84645  1.01965 B   120 
-0.56629 -0.93158  0.87858 V   120 
-1.06551 -0.82203  1.04367 B   121 
-1.18210 -1.22005  1.00453 Q   121 
-1.06031 -0.58520  1.25078 B   122 
-0.96803 -0.66557  1.41804 A   122 
-1.01703 -0.36188  1.01628 B   123 
-0.61864 -0.29304  1.15795 W   123 
-1.34754 -0.40421  0.92328 B   124 
-1.28207 -0.53931  0.70027 I   124 
-1.50120 -0.33782  1.14960 B   125 
-1.36332 -0.77530  1.39039 R   125 
-1.80834 -0.16566  1.10915 B   126 
-1.81180 -0.19657  0.80857 B   127 
-1.51732 -0.06373  0.80425 X   127 
-1.98917 -0.11134  0.50154 B   128 
-2.36187 -0.26690  0.46452 R   128 
-1.98387 -0.41302  0.27570 B   129 
-1.73490 -0.35279  0.31898 L   129 
