246 
 0.31252  0.48010  1.20778 B   1 
 0.15747  0.17438  1.45013 K   1 
 0.56605  0.23617  1.27561 B   2 
 0.77806  0.36145  1.19483 V   2 
 0.59469 -0.06331  1.16307 B   3 
 0.16386 -0.09481  1.12685 F   3 
 0.64429 -0.37457  1.18898 B   4 
 0.67401 -0.63847  1.00944 B   5 
 0.99140 -0.90421  0.87438 R   5 
 0.50581 -0.85277  1.17576 B   6 
 0.72942 -1.06658  1.22731 X   6 
 0.28463 -0.64416  1.24031 B   7 
 0.30642 -0.34021  1.48433 E   7 
 0.18764 -0.58644  0.95223 B   8 
 0.26611 -0.35374  0.76838 L   8 
 0.12749 -0.87226  0.86206 B   9 
 0.31959 -0.96972  0.83459 A   9 
-0.09357 -0.92068  1.06767 B   10 
 0.00728 -0.94759  1.25984 A   10 
-0.28092 -0.69012  0.97888 B   11 
-0.20522 -0.51077  1.07406 A   11 
-0.30162 -0.76793  0.67976 B   12 
 0.01900 -0.55637  0.48732 M   12 
-0.42474 -1.03995  0.73724 B   13 
-0.25182 -1.42606  0.83326 K   13 
-0.67341 -0.96652  0.89806 B   14 
-0.71587 -0.66548  1.23593 R   14 
-0.76230 -0.77999  0.64096 B   15 
-0.71948 -0.46090  0.85991 H   15 
-0.71359 -0.99901  0.38575 B   16 
-0.43264 -0.98640  0.19969 B   17 
-0.39357 -0.66453  0.21052 L   17 
-0.37989 -1.27226  0.19223 B   18 
-0.18144 -1.46755  0.32195 D   18 
-0.41456 -1.36229 -0.13403 B   19 
-0.30085 -1.62945  0.00499 N   19 
-0.49999 -1.11731 -0.26268 B   20 
-0.83408 -0.83341 -0.20791 Y   20 
-0.54262 -1.16319 -0.58331 B   21 
-0.94192 -0.93085 -0.69345 R   21 
-0.27676 -1.37150 -0.54056 B   22 
-0.11875 -1.21400 -0.30553 B   23 
-0.05543 -0.95460 -0.69283 Y   23 
 0.09788 -1.26862 -0.09995 B   24 
 0.25933 -1.43582 -0.12954 S   24 
 0.18612 -1.12897  0.19013 B   25 
 0.06991 -1.16485  0.47955 L   25 
 0.48623 -1.06341  0.11000 B   26 
 0.41615 -0.85200 -0.10464 B   27 
 0.38736 -1.06804 -0.36233 N   27 
 0.28457 -0.64226  0.07860 B   28 
-0.12376 -0.69666 -0.09266 W   28 
 0.52337 -0.60409  0.26894 B   29 
 0.51810 -0.76752  0.47103 V   29 
 0.72707 -0.52930  0.05352 B   30 
 0.88663 -0.67662 -0.11914 X   30 
 0.58309 -0.27811 -0.04859 B   31 
 0.41795 -0.34962 -0.17294 A   31 
 0.56690 -0.11831  0.21584 B   32 
 0.40833 -0.20589  0.33203 A   32 
 0.87026 -0.10417  0.25816 B   33 
 1.15335 -0.21765  0.41109 K   33 
 0.93730  0.05262 -0.03229 B   34 
 1.19936 -0.25889 -0.08975 F   34 
 0.71967  0.28556 -0.00346 B   35 
 0.53385  0.18888 -0.28632 E   35 
 0.73316  0.35557  0.34513 B   36 
 0.51852  0.31177  0.37889 S   36 
 0.87767  0.18689  0.56458 B   37 
 1.16044  0.22486  0.59414 N   37 
 0.61612  0.13979  0.75270 B   38 
 0.77977 -0.23585  0.69894 F   38 
 0.48982  0.44336  0.71599 B   39 
 0.62865  0.67022  0.85610 N   39 
 0.18156  0.59778  0.75280 B   40 
 0.07972  0.47441  0.94398 T   40 
 0.30264  0.91239  0.71612 B   41 
 0.27448  1.03773  1.09411 Q   41 
 0.38395  0.88697  0.43245 B   42 
 0.54269  0.74826  0.41649 A   42 
 0.48798  1.14488  0.19579 B   43 
 0.32492  1.28867  0.30818 T   43 
 0.47429  1.20711 -0.17336 B   44 
 0.72500  1.00848 -0.06544 N   44 
 0.56266  1.40154 -0.42102 B   45 
 0.29664  1.83314 -0.42245 R   45 
 0.45894  1.44862 -0.74814 B   46 
 0.34809  1.13073 -0.68500 N   46 
 0.51572  1.56938 -1.05786 B   47 
 0.73230  1.48829 -1.17309 T   47 
 0.18607  1.58973 -1.10954 B   48 
 0.09417  1.34148 -1.09321 D   48 
 0.09760  1.69965 -0.79725 B   49 
 0.05904  1.47316 -0.65109 B   50 
-0.02631  1.27820 -0.77403 S   50 
 0.01426  1.22717 -0.36978 B   51 
 0.10766  1.43661 -0.22304 T   51 
 0.15522  1.00263 -0.15308 B   52 
 0.24942  0.81642 -0.42580 D   52 
-0.00468  0.77180  0.08738 B   53 
-0.15519  1.22742  0.06520 Y   53 
 0.12599  0.59123  0.32029 B   54 
 0.21803  0.25146  0.34315 B   55 
 0.17201  0.10215  0.56567 I   55 
 0.11389  0.24074  0.00721 B   56 
 0.02140 -0.06066  0.06982 L   56 
 0.12311  0.49433 -0.16018 B   57 
 0.40964  0.64863 -0.04375 Q   57 
-0.14539  0.64358 -0.21341 B   58 
-0.34998  0.42272 -0.13966 I   58 
-0.28541  0.82318 -0.47121 B   59 
-0.13801  0.92447 -0.71784 N   59 
-0.44821  1.14672 -0.53257 B   60 
-0.30888  1.30511 -0.44296 S   60 
-0.55129  1.11523 -0.84003 B   61 
-0.31549  1.35238 -1.10977 R   61 
-0.74122  0.83888 -0.76627 B   62 
-0.57414  0.77486 -1.18561 W   62 
-0.79990  0.75578 -0.43795 B   63 
-0.65420  0.41821 -0.67636 W   63 
-0.76203  1.04339 -0.29044 B   64 
-0.58306  0.97456 -0.11467 X   64 
-0.82620  1.33970 -0.09406 B   65 
-1.01797  1.54778 -0.18434 N   65 
-0.62107  1.66415 -0.05899 B   66 
-0.40984  1.58283 -0.20542 D   66 
-0.71377  1.94555 -0.20917 B   67 
-0.43567  1.95023 -0.44200 B   68 
-0.04567  1.91795 -0.17479 R   68 
-0.55909  1.76184 -0.69909 B   69 
-0.39783  1.57743 -0.62684 T   69 
-0.61598  1.80360 -0.99995 B   70 
-0.48710  1.97435 -0.99903 P   70 
-0.82222  1.57141 -1.13731 B   71 
-0.93311  1.40275 -0.91668 B   72 
-0.83590  1.47416 -0.71194 S   72 
-1.11554  1.09406 -0.78572 B   73 
-1.23174  0.99136 -1.10763 R   73 
-1.15986  0.92684 -0.51880 B   74 
-1.19412  1.05057 -0.27086 N   74 
-1.21873  0.59897 -0.52387 B   75 
-1.13875  0.57115 -0.83628 L   75 
-1.20103  0.54797 -0.19570 B   76 
-0.94276  0.38070 -0.23827 X   76 
-1.34760  0.76561 -0.05043 B   77 
-1.61251  0.82706 -0.07242 N   77 
-1.09679  0.95479  0.08082 B   78 
-1.05802  0.71932  0.25327 I   78 
-0.90189  1.10381  0.28177 B   79 
-1.05068  1.17406  0.41063 P   79 
-0.56795  1.09344  0.26662 B   80 
-0.51910  1.18626 -0.03132 X   80 
-0.52727  1.10740  0.58133 B   81 
-0.64880  1.30678  0.63559 S   81 
-0.64356  0.82252  0.64286 B   82 
-0.84786  0.83569  0.59384 A   82 
-0.36777  0.69329  0.52018 B   83 
-0.48215  0.64254  0.21774 L   83 
-0.20504  0.78900  0.80962 B   84 
-0.09838  1.02553  0.60730 L   84 
-0.30175  0.61163  1.00534 B   85 
-0.53503  0.61208  1.11818 S   85 
-0.25767  0.35737  1.24040 B   86 
-0.25914  0.45640  1.45846 S   86 
-0.50978  0.26477  1.09301 B   87 
-0.76881  0.16470  1.18440 D   87 
-0.50519  0.05034  0.80317 B   88 
-0.28880 -0.10461  0.83234 I   88 
-0.79120  0.01006  0.69059 B   89 
-0.95204 -0.04674  0.89400 T   89 
-0.79740  0.22118  0.46224 B   90 
-0.82862  0.41307  0.55944 A   90 
-0.55225  0.11931  0.29888 B   91 
-0.35118  0.26969  0.40966 S   91 
-0.65383 -0.16569  0.25165 B   92 
-0.59953 -0.32691  0.45110 V   92 
-0.91903 -0.10804  0.10844 B   93 
-1.12547 -0.12978  0.37319 N   93 
-0.77620  0.05186 -0.11412 B   94 
-0.73538  0.33305 -0.13543 X   94 
-0.57488 -0.16240 -0.20908 B   95 
-0.42195 -0.17156 -0.05785 A   95 
-0.78655 -0.36728 -0.30201 B   96 
-0.90806 -0.57885  0.09469 K   96 
-0.87729 -0.18204 -0.53561 B   97 
-1.16421  0.04546 -0.41623 K   97 
-0.60771 -0.14652 -0.68181 B   98 
-0.46029  0.08681 -0.54036 I   98 
-0.53809 -0.45451 -0.73889 B   99 
-0.45768 -0.58659 -0.56597 V   99 
-0.82973 -0.47767 -0.90150 B   100 
-0.93728 -0.57161 -0.68142 S   100 
-0.77742 -0.27926 -1.16037 B   101 
-0.75248 -0.00217 -1.16097 D   101 
-0.55193 -0.48613 -1.35735 B   102 
-0.22206 -0.45634 -1.27050 B   103 
-0.22291 -0.22622 -1.49922 N   103 
-0.21241 -0.51093 -0.99854 B   104 
 0.09151 -0.46146 -0.82474 B   105 
 0.11022 -0.66235 -0.48846 M   105 
 0.20476 -0.26402 -1.05189 B   106 
 0.26454 -0.52175 -1.25031 N   106 
 0.09624 -0.00461 -0.91183 B   107 
-0.10937 -0.04077 -0.89926 A   107 
 0.36166 -0.06324 -0.74878 B   108 
 0.01400 -0.09086 -0.43797 W   108 
 0.66827  0.04111 -0.82092 B   109 
 0.66750  0.26649 -0.94241 V   109 
 0.82661 -0.09394 -0.58712 B   110 
 0.81685  0.04422 -0.42341 A   110 
 0.72528 -0.37677 -0.63696 B   111 
 0.45759 -0.65688 -0.67547 W   111 
 0.81509 -0.41169 -0.93167 B   112 
 0.72403 -0.16587 -1.26274 R   112 
 1.12983 -0.31516 -0.87948 B   113 
 1.08954 -0.05842 -1.07380 N   113 
 1.16241 -0.49364 -0.57327 B   114 
 1.36057 -0.08030 -0.36771 R   114 
 0.95131 -0.75901 -0.56269 B   115 
 0.84369 -0.57324 -0.32712 X   115 
 0.91890 -0.87055 -0.82496 B   116 
 0.63923 -0.81028 -1.16589 K   116 
 1.05450 -1.19767 -0.85427 B   117 
 1.09542 -1.24017 -0.56186 B   118 
 1.20016 -1.01021 -0.50237 T   118 
 1.14127 -1.34898 -0.22585 B   119 
 1.21298 -1.60533 -0.11937 D   119 
 0.86550 -1.25442 -0.04851 B   120 
 0.73456 -1.16704 -0.24263 V   120 
 0.86372 -1.45516  0.19186 B   121 
 0.77770 -1.81387 -0.00169 Q   121 
 1.09146 -1.30967  0.35306 B   122 
 1.25816 -1.32464  0.23084 A   122 
 0.88340 -1.09070  0.47758 B   123 
 1.06591 -0.78476  0.23964 W   123 
 0.75769 -1.33716  0.68526 B   124 
 0.52992 -1.35939  0.54422 I   124 
 0.97452 -1.42517  0.84173 B   125 
 1.18523 -1.67220  0.43806 R   125 
 0.92282 -1.50961  1.18204 B   126 
 0.62157 -1.49534  1.16303 B   127 
 0.65591 -1.19685  1.04426 X   127 
 0.30910 -1.51772  1.34971 B   128 
 0.22466 -1.88109  1.50880 R   128 
 0.05774 -1.69968  1.13582 B   129 
 0.12850 -1.49042  0.99911 L   129 
