246 
 1.16482 -0.14292  0.64005 B   1 
 1.03369 -0.11284  1.03772 K   1 
 1.09109 -0.46843  0.77037 B   2 
 1.19717 -0.61966  0.58859 V   2 
 0.80592 -0.60051  0.83681 B   3 
 0.64057 -0.20913  0.92280 F   3 
 0.59961 -0.75912  1.01651 B   4 
 0.30204 -0.87810  1.00926 B   5 
 0.10958 -1.26704  0.97345 R   5 
 0.19141 -0.80142  1.29868 B   6 
 0.12250 -1.08788  1.40622 X   6 
 0.32576 -0.52138  1.28700 B   7 
 0.70614 -0.43733  1.31263 E   7 
 0.17197 -0.40448  1.04531 B   8 
 0.26112 -0.39049  0.75212 L   8 
-0.11437 -0.44925  1.14251 B   9 
-0.15080 -0.66296  1.12995 A   9 
-0.09099 -0.26443  1.38496 B   10 
 0.03045 -0.37198  1.53163 A   10 
-0.02131 -0.00506  1.23000 B   11 
 0.19178 -0.01314  1.19149 A   11 
-0.26291 -0.00781  1.03614 B   12 
-0.12732 -0.22718  0.69250 M   12 
-0.46901  0.00822  1.25912 B   13 
-0.65611 -0.29370  1.50820 K   13 
-0.38764  0.26346  1.40515 B   14 
 0.02814  0.40456  1.52263 R   14 
-0.42340  0.41846  1.11622 B   15 
-0.04054  0.48882  1.10857 H   15 
-0.72650  0.29937  1.01912 B   16 
-0.74871  0.04542  0.79838 B   17 
-0.48791  0.12437  0.62233 L   17 
-0.95467 -0.10634  0.93660 B   18 
-0.97036 -0.36421  1.10274 D   18 
-1.22546 -0.09990  0.73071 B   19 
-1.31363 -0.30470  0.96289 N   19 
-1.14004  0.07034  0.51256 B   20 
-0.98600  0.48296  0.47753 Y   20 
-1.37632  0.09995  0.28890 B   21 
-1.37701  0.55814  0.16395 R   21 
-1.43451 -0.22379  0.37674 B   22 
-1.13227 -0.31926  0.44418 B   23 
-1.14749 -0.27755 -0.02415 Y   23 
-0.99158 -0.54506  0.59046 B   24 
-1.09057 -0.75518  0.62127 S   24 
-0.68973 -0.58294  0.72788 B   25 
-0.57805 -0.49310  1.00719 L   25 
-0.60388 -0.83783  0.55923 B   26 
-0.59045 -0.69227  0.28663 B   27 
-0.91436 -0.73795  0.20354 N   27 
-0.36005 -0.49777  0.34963 B   28 
-0.61636 -0.13295  0.33417 W   28 
-0.15202 -0.71062  0.42788 B   29 
-0.15757 -0.76839  0.68128 V   29 
-0.16608 -0.86957  0.16706 B   30 
-0.33520 -1.06797  0.07212 X   30 
-0.07659 -0.64300 -0.01978 B   31 
-0.25029 -0.51215 -0.04338 A   31 
 0.19622 -0.57569  0.10971 B   32 
 0.15449 -0.46149  0.28728 A   32 
 0.31652 -0.85450  0.06711 B   33 
 0.40005 -1.16241  0.18802 K   33 
 0.28200 -0.85501 -0.26792 B   34 
 0.08539 -1.21029 -0.20359 F   34 
 0.41460 -0.56884 -0.32249 B   35 
 0.12233 -0.42462 -0.45539 E   35 
 0.67755 -0.56315 -0.08285 B   36 
 0.60455 -0.37928  0.01710 S   36 
 0.72005 -0.76289  0.15335 B   37 
 0.84508 -1.01367  0.09212 N   37 
 0.72279 -0.53948  0.39019 B   38 
 0.45242 -0.82605  0.51493 F   38 
 0.89552 -0.31186  0.22342 B   39 
 1.18873 -0.36267  0.18081 N   39 
 0.94819  0.03050  0.23880 B   40 
 0.93956  0.07744  0.48347 T   40 
 1.19825  0.03126  0.00978 B   41 
 1.50883  0.09512  0.25235 Q   41 
 1.03387 -0.04815 -0.22346 B   42 
 0.96374 -0.24577 -0.19662 A   42 
 1.11798 -0.04791 -0.57881 B   43 
 1.24780  0.15367 -0.52973 T   43 
 0.94286 -0.00551 -0.90725 B   44 
 0.92633 -0.31291 -0.76872 N   44 
 0.96808 -0.01326 -1.23321 B   45 
 1.21959  0.39002 -1.40973 R   45 
 0.78127  0.10687 -1.49901 B   46 
 0.54723  0.09487 -1.24919 N   46 
 0.70523  0.10337 -1.82755 B   47 
 0.63609 -0.12557 -1.92536 T   47 
 0.59816  0.41928 -1.80537 B   48 
 0.39439  0.41553 -1.63565 D   48 
 0.84139  0.53516 -1.59361 B   49 
 0.74576  0.48691 -1.34326 B   50 
 0.50175  0.49893 -1.31641 S   50 
 0.71360  0.43478 -0.97191 B   51 
 0.98489  0.41998 -0.98934 T   51 
 0.71122  0.21834 -0.70660 B   52 
 0.43528  0.06892 -0.84607 D   52 
 0.63427  0.27988 -0.35028 B   53 
 0.92388  0.58441 -0.58292 Y   53 
 0.67188  0.08851 -0.09360 B   54 
 0.45402 -0.11986  0.08958 B   55 
 0.45987 -0.13494  0.36100 I   55 
 0.21814 -0.01993 -0.15165 B   56 
 0.00138 -0.04314  0.08456 L   56 
 0.31353  0.06585 -0.42725 B   57 
 0.57901 -0.14836 -0.48288 Q   57 
 0.32010  0.37104 -0.49066 B   58 
 0.13961  0.48114 -0.26399 I   58 
 0.26443  0.57127 -0.76475 B   59 
 0.23625  0.47498 -1.05241 N   59 
 0.42751  0.84060 -0.95400 B   60 
 0.63920  0.76573 -1.00002 S   60 
 0.19307  0.93152 -1.16116 B   61 
 0.27864  0.80200 -1.56180 R   61 
-0.02530  1.00802 -0.90751 B   62 
-0.27523  0.83739 -1.24850 W   62 
 0.08969  1.02645 -0.58412 B   63 
-0.26610  0.77395 -0.62493 W   63 
 0.40510  1.09152 -0.63101 B   64 
 0.50690  0.89635 -0.49242 X   64 
 0.72755  1.25397 -0.62006 B   65 
 0.77810  1.50942 -0.76293 N   65 
 1.05093  1.17843 -0.81575 B   66 
 0.96167  0.95501 -0.93736 D   66 
 1.14914  1.36896 -1.06949 B   67 
 1.09247  1.11574 -1.32295 B   68 
 1.33484  0.73500 -1.17862 R   68 
 0.76345  1.16829 -1.39915 B   69 
 0.71163  0.95016 -1.27681 T   69 
 0.60120  1.24230 -1.65153 B   70 
 0.76685  1.18337 -1.77341 P   70 
 0.28679  1.35403 -1.58846 B   71 
 0.25881  1.39257 -1.29325 B   72 
 0.46105  1.32348 -1.18935 S   72 
 0.05189  1.44932 -0.97751 B   73 
-0.24863  1.52719 -1.15443 R   73 
 0.07094  1.42535 -0.66091 B   74 
 0.30167  1.49688 -0.52090 N   74 
-0.19652  1.36261 -0.47243 B   75 
-0.38008  1.28414 -0.72722 L   75 
-0.03602  1.32131 -0.18408 B   76 
-0.11576  1.02108 -0.18572 X   76 
 0.17370  1.53338 -0.15260 B   77 
 0.13333  1.80307 -0.14366 N   77 
 0.46438  1.36474 -0.20723 B   78 
 0.39907  1.24059  0.05163 I   78 
 0.75033  1.23246 -0.17102 B   79 
 0.83823  1.39399 -0.07171 P   79 
 0.82661  0.91745 -0.25349 B   80 
 0.73420  0.91108 -0.55547 X   80 
 1.03469  0.87831 -0.01672 B   81 
 1.18375  1.06225 -0.05431 S   81 
 0.82315  0.88327  0.21501 B   82 
 0.74716  1.07959  0.21475 A   82 
 0.72969  0.58194  0.12403 B   83 
 0.48050  0.67639 -0.06600 L   83 
 1.01869  0.45879  0.26801 B   84 
 1.10768  0.44822 -0.04857 L   84 
 0.97333  0.48145  0.54468 B   85 
 0.97540  0.69706  0.68843 S   85 
 0.93232  0.34437  0.86307 B   86 
 1.13582  0.37702  0.98504 S   86 
 0.70479  0.54924  0.85221 B   87 
 0.61094  0.75317  1.03945 D   87 
 0.37239  0.47364  0.73473 B   88 
 0.33275  0.21550  0.79371 I   88 
 0.19559  0.72825  0.73103 B   89 
 0.22812  0.85391  0.96260 T   89 
 0.21850  0.81437  0.43302 B   90 
 0.41246  0.91051  0.41360 A   90 
 0.11312  0.55225  0.30128 B   91 
 0.34848  0.41648  0.26267 S   91 
-0.15874  0.54558  0.44206 B   92 
-0.14758  0.43308  0.67857 V   92 
-0.27378  0.81656  0.35543 B   93 
-0.19115  0.99616  0.62765 N   93 
-0.24466  0.74511  0.05618 B   94 
-0.03315  0.80845 -0.12394 X   94 
-0.40680  0.48218  0.05095 B   95 
-0.28164  0.33321  0.14308 A   95 
-0.67578  0.60790  0.13614 B   96 
-0.63503  0.63747  0.59914 K   96 
-0.69913  0.76371 -0.13274 B   97 
-0.53638  1.11079 -0.09559 K   97 
-0.68359  0.52782 -0.33128 B   98 
-0.38230  0.47130 -0.37831 I   98 
-0.93096  0.35335 -0.22481 B   99 
-0.90617  0.22747 -0.03154 V   99 
-1.12598  0.62034 -0.27690 B   100 
-1.09683  0.68262 -0.02372 S   100 
-1.11443  0.64791 -0.60587 B   101 
-0.89821  0.72417 -0.76345 D   101 
-1.32461  0.36708 -0.70287 B   102 
-1.15873  0.06828 -0.72416 B   103 
-1.12018  0.15624 -1.03407 N   103 
-1.03646  0.03432 -0.47732 B   104 
-0.81149 -0.23490 -0.43338 B   105 
-0.75932 -0.33115 -0.05680 M   105 
-0.76493 -0.26518 -0.75011 B   106 
-1.06062 -0.40963 -0.78279 N   106 
-0.51608 -0.07349 -0.75430 B   107 
-0.59332  0.10511 -0.67766 A   107 
-0.38999 -0.34542 -0.65120 B   108 
-0.32392 -0.03708 -0.30654 W   108 
-0.26824 -0.59260 -0.83610 B   109 
-0.16983 -0.50853 -1.05701 V   109 
-0.18797 -0.79345 -0.60985 B   110 
 0.01069 -0.73794 -0.55119 A   110 
-0.45966 -0.79952 -0.47243 B   111 
-0.76897 -0.64961 -0.28951 W   111 
-0.63539 -0.89006 -0.71130 B   112 
-0.67065 -0.71027 -1.09177 R   112 
-0.44374 -1.15008 -0.79356 B   113 
-0.37571 -1.01644 -1.08132 N   113 
-0.38855 -1.25061 -0.45662 B   114 
 0.10100 -1.29108 -0.56188 R   114 
-0.64189 -1.14918 -0.25507 B   115 
-0.39199 -0.98667 -0.14225 X   115 
-0.89046 -1.15384 -0.39814 B   116 
-1.12452 -0.86454 -0.64227 K   116 
-1.11747 -1.39730 -0.27384 B   117 
-0.96523 -1.45650 -0.02422 B   118 
-0.72688 -1.47279 -0.12577 T   118 
-0.83599 -1.54498  0.29563 B   119 
-0.94695 -1.70607  0.50524 D   119 
-0.73643 -1.25720  0.44961 B   120 
-0.82166 -1.09981  0.27517 V   120 
-0.74658 -1.33237  0.75346 B   121 
-1.15644 -1.37716  0.81304 Q   121 
-0.47768 -1.49578  0.75209 B   122 
-0.51482 -1.65429  0.62385 A   122 
-0.29636 -1.22545  0.78010 B   123 
-0.15479 -1.28116  0.37963 W   123 
-0.39499 -1.20078  1.11077 B   124 
-0.55874 -0.99346  1.06103 I   124 
-0.30856 -1.43778  1.23567 B   125 
-0.67551 -1.71517  0.99739 R   125 
-0.18554 -1.42658  1.56786 B   126 
-0.26996 -1.14000  1.61324 B   127 
-0.10484 -1.06247  1.34658 X   127 
-0.26357 -0.86016  1.84700 B   128 
-0.46788 -0.91503  2.19300 R   128 
-0.59783 -0.68678  1.83120 B   129 
-0.50066 -0.67494  1.59056 L   129 
