246 
 0.98012  0.28005  0.86479 B   1 
 1.07664 -0.10766  0.99366 K   1 
 1.24265  0.14466  0.66201 B   2 
 1.32240  0.35679  0.53627 V   2 
 1.22851 -0.08702  0.43996 B   3 
 0.89870 -0.27367  0.65044 F   3 
 1.32541 -0.35211  0.29731 B   4 
 1.26142 -0.53653  0.04304 B   5 
 1.43469 -0.62134 -0.34733 R   5 
 1.28390 -0.83052  0.16529 B   6 
 1.50964 -0.94688 -0.01876 X   6 
 1.13973 -0.74384  0.42666 B   7 
 1.27905 -0.51811  0.71308 E   7 
 0.86569 -0.66523  0.30643 B   8 
 0.76423 -0.38556  0.23163 L   8 
 0.80108 -0.92402  0.15711 B   9 
 0.93405 -0.93079 -0.01445 A   9 
 0.78911 -1.09883  0.40768 B   10 
 0.99627 -1.12692  0.47190 A   10 
 0.56171 -0.94512  0.55192 B   11 
 0.65583 -0.77669  0.65057 A   11 
 0.35396 -0.95579  0.32240 B   12 
 0.42359 -0.59948  0.09264 M   12 
 0.34277 -1.25963  0.31824 B   13 
 0.58652 -1.55970  0.12140 K   13 
 0.26337 -1.32606  0.60525 B   14 
 0.42087 -1.14877  0.99300 R   14 
-0.00178 -1.13602  0.55658 B   15 
 0.13345 -0.88298  0.81979 H   15 
-0.10997 -1.25601  0.25762 B   16 
-0.03663 -1.09447 -0.02914 B   17 
-0.04627 -0.79381  0.09236 L   17 
 0.03624 -1.32815 -0.18610 B   18 
 0.29456 -1.45517 -0.29326 D   18 
-0.19833 -1.34908 -0.43164 B   19 
 0.01550 -1.57524 -0.51382 N   19 
-0.38168 -1.13414 -0.36800 B   20 
-0.62418 -1.02158 -0.01624 Y   20 
-0.62431 -1.11991 -0.58629 B   21 
-1.01880 -1.04178 -0.33364 R   21 
-0.37498 -1.21305 -0.79857 B   22 
-0.12340 -1.06365 -0.65929 B   23 
-0.37810 -0.72041 -0.85581 Y   23 
 0.17996 -1.07477 -0.66442 B   24 
 0.29922 -1.15531 -0.84932 S   24 
 0.42141 -0.98063 -0.45401 B   25 
 0.54012 -1.12244 -0.20032 L   25 
 0.57327 -0.78801 -0.65556 B   26 
 0.34708 -0.57793 -0.67496 B   27 
 0.18110 -0.72467 -0.92957 N   27 
 0.34799 -0.48217 -0.38219 B   28 
-0.05445 -0.65039 -0.28856 W   28 
 0.64389 -0.39829 -0.37141 B   29 
 0.80068 -0.59178 -0.29683 V   29 
 0.63301 -0.20440 -0.60759 B   30 
 0.65067 -0.23587 -0.88268 X   30 
 0.42481 -0.01249 -0.48896 B   31 
 0.23146 -0.11248 -0.51049 A   31 
 0.57094  0.06504 -0.22750 B   32 
 0.54843 -0.10064 -0.09200 A   32 
 0.81576  0.18551 -0.36739 B   33 
 1.13924  0.15920 -0.47261 K   33 
 0.64409  0.41671 -0.54208 B   34 
 0.83687  0.25219 -0.86578 F   34 
 0.47472  0.53450 -0.29735 B   35 
 0.16205  0.43947 -0.42808 E   35 
 0.71210  0.52434 -0.03249 B   36 
 0.58701  0.39461  0.09655 S   36 
 0.98906  0.38019 -0.03463 B   37 
 1.20705  0.51687 -0.16141 N   37 
 0.93589  0.19482  0.22771 B   38 
 1.06948 -0.06595 -0.06372 F   38 
 0.77761  0.42580  0.40393 B   39 
 0.94104  0.65108  0.51755 N   39 
 0.55956  0.43653  0.67331 B   40 
 0.63392  0.24399  0.81310 T   40 
 0.57750  0.77302  0.71121 B   41 
 0.79722  0.78967  1.04411 Q   41 
 0.44623  0.84520  0.45570 B   42 
 0.56884  0.78605  0.29395 A   42 
 0.32362  1.16913  0.34002 B   43 
 0.26288  1.20958  0.57362 T   43 
 0.05357  1.30213  0.11704 B   44 
 0.33506  1.19721 -0.03695 N   44 
-0.07889  1.56568 -0.02419 B   45 
-0.33147  1.84928  0.31171 R   45 
-0.38286  1.64091 -0.17225 B   46 
-0.37497  1.29952 -0.19901 N   46 
-0.56998  1.84022 -0.36972 B   47 
-0.48151  1.87720 -0.60965 T   47 
-0.84490  1.74254 -0.20652 B   48 
-0.86503  1.48125 -0.24732 D   48 
-0.71112  1.73677  0.10892 B   49 
-0.60752  1.48652  0.13700 B   50 
-0.72529  1.30662  0.01796 S   50 
-0.41358  1.18617  0.25461 B   51 
-0.27585  1.37682  0.39173 T   51 
-0.13321  0.99128  0.22889 B   52 
-0.22524  0.92215 -0.09464 D   52 
-0.05195  0.66913  0.39102 B   53 
-0.23903  1.02353  0.65585 Y   53 
 0.22590  0.50598  0.40120 B   54 
 0.35521  0.23247  0.21979 B   55 
 0.49465  0.03130  0.33815 I   55 
 0.05301  0.25780  0.04131 B   56 
 0.07144 -0.06162  0.01056 L   56 
-0.08992  0.52571  0.02688 B   57 
 0.17366  0.74848  0.00783 Q   57 
-0.34002  0.56733  0.20833 B   58 
-0.40583  0.27413  0.28432 I   58 
-0.64141  0.73158  0.18579 B   59 
-0.71771  0.93439 -0.02836 N   59 
-0.84551  0.97182  0.37439 B   60 
-0.70654  1.14735  0.42349 S   60 
-1.12462  0.97260  0.20634 B   61 
-1.17219  1.33632 -0.01740 R   61 
-1.17213  0.63543  0.25032 B   62 
-1.32879  0.73660 -0.16570 W   62 
-0.97897  0.46491  0.47782 B   63 
-0.98942  0.27259  0.08423 W   63 
-0.89156  0.70385  0.68075 B   64 
-0.63358  0.67213  0.67060 X   64 
-0.84539  0.90018  0.98043 B   65 
-1.07383  1.03240  1.11664 N   65 
-0.71956  1.26192  1.02391 B   66 
-0.65616  1.30360  0.76524 D   66 
-0.92790  1.51145  1.09221 B   67 
-0.88735  1.67527  0.77113 B   68 
-0.42058  1.73738  0.71820 R   68 
-1.12479  1.51655  0.58338 B   69 
-0.93387  1.39774  0.46227 T   69 
-1.37649  1.59924  0.42429 B   70 
-1.30718  1.80163  0.42286 P   70 
-1.58572  1.34252  0.34929 B   71 
-1.49146  1.09937  0.49563 B   72 
-1.29214  1.15502  0.61242 S   72 
-1.49007  0.72335  0.56142 B   73 
-1.77848  0.65859  0.36067 R   73 
-1.31665  0.49687  0.70216 B   74 
-1.18968  0.53883  0.94726 N   74 
-1.31647  0.18191  0.59357 B   75 
-1.46794  0.25786  0.31779 L   75 
-1.07303  0.06968  0.79043 B   76 
-0.89304  0.02941  0.54048 X   76 
-1.10987  0.17521  1.06874 B   77 
-1.32380  0.13268  1.23265 N   77 
-0.86675  0.41206  1.09547 B   78 
-0.68842  0.17779  1.09337 I   78 
-0.61068  0.57576  1.18606 B   79 
-0.63965  0.55224  1.39170 P   79 
-0.37961  0.69899  0.97804 B   80 
-0.56050  0.86761  0.78152 X   80 
-0.13794  0.65678  1.17980 B   81 
-0.21623  0.77602  1.37245 S   81 
-0.13967  0.34317  1.16906 B   82 
-0.32170  0.28693  1.25860 A   82 
-0.00699  0.36164  0.86929 B   83 
-0.28810  0.33970  0.70309 L   83 
 0.29371  0.44541  1.01754 B   84 
 0.19938  0.74354  0.91520 L   84 
 0.38241  0.20553  1.13462 B   85 
 0.29161  0.09048  1.34833 S   85 
 0.60983 -0.05751  1.16511 B   86 
 0.74347 -0.01829  1.35995 S   86 
 0.34126 -0.20486  1.16886 B   87 
 0.23142 -0.41498  1.33986 D   87 
 0.17713 -0.33004  0.87323 B   88 
 0.37419 -0.39154  0.70272 I   88 
-0.09942 -0.45147  0.94303 B   89 
-0.06845 -0.61000  1.15369 T   89 
-0.28902 -0.21388  0.87702 B   90 
-0.27211 -0.07603  1.04422 A   90 
-0.20989 -0.17367  0.57820 B   91 
-0.01101  0.01382  0.60297 S   91 
-0.27513 -0.45736  0.48312 B   92 
-0.07765 -0.62524  0.52234 V   92 
-0.57132 -0.47626  0.56109 B   93 
-0.53624 -0.63479  0.85574 N   93 
-0.64272 -0.22817  0.39122 B   94 
-0.66730  0.04395  0.47205 X   94 
-0.53275 -0.32077  0.11775 B   95 
-0.31855 -0.30369  0.13085 A   95 
-0.71944 -0.56511  0.08844 B   96 
-0.50685 -0.89016  0.34544 K   96 
-0.96974 -0.38219  0.05667 B   97 
-1.12642 -0.31631  0.40227 K   97 
-0.88061 -0.21346 -0.18602 B   98 
-0.71101  0.02064 -0.07368 I   98 
-0.82633 -0.44931 -0.39671 B   99 
-0.63224 -0.57509 -0.37871 V   99 
-1.14341 -0.54640 -0.35126 B   100 
-1.05759 -0.72128 -0.17553 S   100 
-1.30998 -0.29073 -0.47776 B   101 
-1.33128 -0.03305 -0.37506 D   101 
-1.25318 -0.34454 -0.83318 B   102 
-0.96117 -0.20977 -0.95072 B   103 
-1.14984  0.04697 -1.01203 N   103 
-0.76131 -0.31575 -0.78991 B   104 
-0.43147 -0.19288 -0.82349 B   105 
-0.16079 -0.44064 -0.68515 M   105 
-0.53251  0.07838 -0.96353 B   106 
-0.58862 -0.08467 -1.24572 N   106 
-0.55141  0.23716 -0.69312 B   107 
-0.68551  0.12250 -0.58084 A   107 
-0.24140  0.25084 -0.75781 B   108 
-0.27558  0.02215 -0.35189 W   108 
-0.08486  0.47889 -0.94109 B   109 
-0.19977  0.70742 -0.92971 V   109 
 0.20710  0.36696 -0.92697 B   110 
 0.29226  0.45016 -0.74861 A   110 
 0.13996  0.08590 -1.02311 B   111 
-0.03937 -0.25958 -1.01400 W   111 
 0.00860  0.15535 -1.29525 B   112 
-0.31680  0.41416 -1.36907 R   112 
 0.25678  0.35172 -1.39988 B   113 
 0.05948  0.60932 -1.40312 N   113 
 0.51380  0.13610 -1.28101 B   114 
 0.73832  0.53651 -1.07696 R   114 
 0.40651 -0.18530 -1.26417 B   115 
 0.46365 -0.11343 -0.95895 X   115 
 0.22017 -0.23893 -1.47554 B   116 
-0.22148 -0.21684 -1.52591 K   116 
 0.34346 -0.47259 -1.71314 B   117 
 0.57803 -0.56024 -1.55102 B   118 
 0.66159 -0.32733 -1.47256 T   118 
 0.85512 -0.71506 -1.38949 B   119 
 1.01510 -0.94051 -1.46549 D   119 
 0.76455 -0.77679 -1.06634 B   120 
 0.52598 -0.70579 -1.08887 V   120 
 0.95515 -1.01086 -0.98293 B   121 
 0.81174 -1.32173 -1.22028 Q   121 
 1.20822 -0.82872 -0.94053 B   122 
 1.24683 -0.75030 -1.12844 A   122 
 1.11288 -0.74113 -0.64057 B   123 
 1.03906 -0.34360 -0.78213 W   123 
 1.19857 -1.05672 -0.52768 B   124 
 0.94194 -1.13311 -0.50373 I   124 
 1.47329 -1.08664 -0.58132 B   125 
 1.38429 -1.13583 -1.08929 R   125 
 1.67982 -1.25834 -0.35007 B   126 
 1.44842 -1.35779 -0.18309 B   127 
 1.35036 -1.05088 -0.15910 X   127 
 1.35421 -1.54041  0.11818 B   128 
 1.45284 -1.93375  0.12374 R   128 
 1.05339 -1.75252  0.03723 B   129 
 0.98178 -1.50734 -0.01018 L   129 
