246 
 1.29937 -0.07889  0.30387 B   1 
 1.28321 -0.35109  0.62305 K   1 
 1.34130 -0.41344  0.18265 B   2 
 1.42278 -0.36853 -0.05924 V   2 
 1.12432 -0.64903  0.15824 B   3 
 0.90609 -0.48806  0.49643 F   3 
 1.01897 -0.94504  0.19417 B   4 
 0.76655 -1.13030  0.12541 B   5 
 0.66507 -1.44883 -0.15358 R   5 
 0.72825 -1.29557  0.39578 B   6 
 0.75937 -1.58700  0.28411 X   6 
 0.78675 -1.04453  0.56947 B   7 
 1.12944 -0.86540  0.62315 E   7 
 0.54840 -0.86829  0.48080 B   8 
 0.54512 -0.64503  0.27046 L   8 
 0.31931 -1.06235  0.53823 B   9 
 0.33016 -1.21694  0.38611 A   9 
 0.36807 -1.07497  0.83981 B   10 
 0.54719 -1.19743  0.86714 A   10 
 0.33033 -0.77282  0.89834 B   11 
 0.51979 -0.67828  0.85226 A   11 
 0.05082 -0.74125  0.76859 B   12 
 0.12928 -0.63317  0.36023 M   12 
-0.08158 -0.94197  0.95471 B   13 
-0.11691 -1.37420  0.94303 K   13 
-0.02207 -0.82491  1.23011 B   14 
 0.36677 -0.65010  1.38770 R   14 
-0.17246 -0.55050  1.12584 B   15 
 0.16620 -0.35944  1.14573 H   15 
-0.45549 -0.68218  0.99156 B   16 
-0.48137 -0.73088  0.65889 B   17 
-0.30618 -0.47327  0.56841 L   17 
-0.59972 -0.99630  0.66907 B   18 
-0.50883 -1.28497  0.61662 D   18 
-0.91193 -0.96132  0.53845 B   19 
-0.88185 -1.27978  0.57458 N   19 
-0.93276 -0.67668  0.48930 B   20 
-0.89254 -0.31150  0.73473 Y   20 
-1.22310 -0.60215  0.35939 B   21 
-1.36288 -0.20488  0.57891 R   21 
-1.17913 -0.90359  0.20737 B   22 
-0.85676 -0.90377  0.17437 B   23 
-1.01329 -0.59008 -0.13931 Y   23 
-0.63306 -1.10172  0.12005 B   24 
-0.66901 -1.30307  0.00576 S   24 
-0.30423 -1.10514  0.17740 B   25 
-0.14123 -1.17531  0.43637 L   25 
-0.21441 -1.14804 -0.12406 B   26 
-0.31220 -0.87273 -0.22563 B   27 
-0.62726 -0.96923 -0.29863 N   27 
-0.12364 -0.69329 -0.06091 B   28 
-0.44941 -0.52064  0.19028 W   28 
 0.14058 -0.81594 -0.16017 B   29 
 0.22038 -1.01520 -0.01353 V   29 
 0.08942 -0.77053 -0.45818 B   30 
-0.05021 -0.91095 -0.65251 X   30 
 0.06852 -0.46447 -0.44641 B   31 
-0.12964 -0.42066 -0.36478 A   31 
 0.34424 -0.39988 -0.32179 B   32 
 0.32991 -0.44500 -0.11185 A   32 
 0.50734 -0.52521 -0.54919 B   33 
 0.68916 -0.78530 -0.67450 K   33 
 0.38022 -0.33047 -0.79283 B   34 
 0.29567 -0.68899 -0.97541 F   34 
 0.42353 -0.04923 -0.64628 B   35 
 0.08084  0.02913 -0.62870 E   35 
 0.73527 -0.09944 -0.48225 B   36 
 0.65400 -0.05900 -0.28004 S   36 
 0.88709 -0.37003 -0.44735 B   37 
 1.04297 -0.46255 -0.66965 N   37 
 0.90630 -0.35961 -0.12249 B   38 
 0.75462 -0.73394 -0.20993 F   38 
 0.96843 -0.03542 -0.10016 B   39 
 1.24105  0.06051 -0.18289 N   39 
 0.94439  0.21315  0.14039 B   40 
 0.99516  0.09134  0.35188 T   40 
 1.11224  0.44508 -0.04131 B   41 
 1.45603  0.45076  0.16156 Q   41 
 0.91085  0.47513 -0.25641 B   42 
 0.89784  0.29530 -0.36680 A   42 
 0.88833  0.72547 -0.52130 B   43 
 0.97761  0.88244 -0.35611 T   43 
 0.62236  0.89574 -0.72280 B   44 
 0.71582  0.58925 -0.82905 N   44 
 0.55511  1.10121 -0.96817 B   45 
 0.64812  1.58240 -0.83835 R   45 
 0.27842  1.28281 -1.07039 B   46 
 0.13395  1.03588 -0.88202 N   46 
 0.11513  1.45656 -1.30888 B   47 
 0.07475  1.33239 -1.53184 T   47 
-0.04983  1.62519 -1.07201 B   48 
-0.19069  1.44447 -0.93845 D   48 
 0.21068  1.66218 -0.85247 B   49 
 0.20354  1.43918 -0.69638 B   50 
-0.01893  1.34353 -0.65436 S   50 
 0.29075  1.16128 -0.45800 B   51 
 0.54194  1.25892 -0.49658 T   51 
 0.41280  0.84490 -0.41051 B   52 
 0.14990  0.72802 -0.59798 D   52 
 0.42828  0.63970 -0.10339 B   53 
 0.56321  1.10030 -0.08388 Y   53 
 0.57947  0.36051 -0.04753 B   54 
 0.47560  0.02344 -0.04216 B   55 
 0.56149 -0.15307  0.14598 I   55 
 0.16474  0.15813 -0.13724 B   56 
 0.03505 -0.08201  0.03255 L   56 
 0.15601  0.42290 -0.28635 B   57 
 0.43607  0.40279 -0.48789 Q   57 
 0.07507  0.67776 -0.12603 B   58 
-0.05370  0.54967  0.12514 I   58 
-0.09989  0.96745 -0.18758 B   59 
-0.18599  1.06820 -0.46190 N   59 
-0.06258  1.33125 -0.15283 B   60 
 0.13855  1.38326 -0.24965 S   60 
-0.36040  1.43906 -0.22916 B   61 
-0.36505  1.62731 -0.61536 R   61 
-0.50921  1.25721  0.02117 B   62 
-0.80025  1.25959 -0.32976 W   62 
-0.31445  1.11103  0.26375 B   63 
-0.60043  0.83241  0.08320 W   63 
-0.04859  1.29854  0.25524 B   64 
 0.12977  1.11282  0.21833 X   64 
 0.21822  1.52078  0.35475 B   65 
 0.16698  1.80585  0.42058 N   65 
 0.48111  1.70503  0.14141 B   66 
 0.41399  1.59225 -0.09406 D   66 
 0.45750  2.03047  0.07923 B   67 
 0.39007  1.99019 -0.27490 B   68 
 0.74303  1.72162 -0.44172 R   68 
 0.04997  1.95622 -0.27589 B   69 
 0.08576  1.70948 -0.33134 T   69 
-0.18959  2.10608 -0.40100 B   70 
-0.05648  2.19972 -0.53986 P   70 
-0.48993  2.03245 -0.26071 B   71 
-0.44096  1.86655 -0.01679 B   72 
-0.20739  1.82640  0.00063 S   72 
-0.55701  1.63655  0.26492 B   73 
-0.90486  1.69285  0.20571 R   73 
-0.44399  1.43058  0.47934 B   74 
-0.20545  1.47652  0.61698 N   74 
-0.62552  1.17421  0.59030 B   75 
-0.85111  1.21139  0.36119 L   75 
-0.38480  1.02430  0.76405 B   76 
-0.39162  0.78697  0.56374 X   76 
-0.22843  1.22812  0.91883 B   77 
-0.32454  1.39656  1.11075 N   77 
 0.06509  1.24826  0.74748 B   78 
 0.10578  0.97782  0.85654 I   78 
 0.37174  1.23585  0.66759 B   79 
 0.44527  1.31871  0.84480 P   79 
 0.49070  1.09415  0.38898 B   80 
 0.32034  1.24359  0.16894 X   80 
 0.76064  0.99474  0.52367 B   81 
 0.84724  1.19994  0.61231 S   81 
 0.62816  0.77892  0.70899 B   82 
 0.51286  0.88903  0.84646 A   82 
 0.58345  0.59123  0.44331 B   83 
 0.27595  0.68562  0.38278 L   83 
 0.92146  0.51957  0.44834 B   84 
 0.91693  0.74009  0.20421 L   84 
 0.95258  0.34783  0.66892 B   85 
 0.94651  0.41020  0.92037 S   85 
 1.03573  0.04020  0.81138 B   86 
 1.25259  0.06039  0.91100 S   86 
 0.77429  0.10855  0.95570 B   87 
 0.69382  0.10147  1.23665 D   87 
 0.44832  0.00939  0.83771 B   88 
 0.48653 -0.22171  0.70801 I   88 
 0.22491  0.12623  1.01808 B   89 
 0.29250  0.08230  1.27101 T   89 
 0.14220  0.37915  0.85701 B   90 
 0.29566  0.52784  0.89676 A   90 
 0.06594  0.23983  0.58879 B   91 
 0.30501  0.25320  0.45469 S   91 
-0.14593  0.05060  0.70315 B   92 
-0.04296 -0.17047  0.79931 V   92 
-0.33902  0.25237  0.83032 B   93 
-0.22542  0.23889  1.14670 N   93 
-0.38064  0.39818  0.56104 B   94 
-0.24901  0.62975  0.45986 X   94 
-0.47371  0.15961  0.38820 B   95 
-0.29723  0.04332  0.34727 A   95 
-0.72862  0.09834  0.55154 B   96 
-0.56595 -0.15310  0.90822 K   96 
-0.86194  0.36534  0.46179 B   97 
-0.77829  0.64315  0.71507 K   97 
-0.85043  0.32902  0.15543 B   98 
-0.57024  0.42660  0.06512 I   98 
-1.01123  0.05257  0.12936 B   99 
-0.90480 -0.14618  0.18399 V   99 
-1.26815  0.20151  0.28376 B   100 
-1.18323  0.09869  0.50969 S   100 
-1.35698  0.42862  0.06095 B   101 
-1.21748  0.65695 -0.01524 D   101 
-1.51680  0.21716 -0.18844 B   102 
-1.30067  0.08100 -0.41645 B   103 
-1.37260  0.34818 -0.58590 N   103 
-1.10900 -0.05178 -0.26590 B   104 
-0.82598 -0.18650 -0.42952 B   105 
-0.64872 -0.46824 -0.22217 M   105 
-0.86563  0.00516 -0.68466 B   106 
-1.11774 -0.18147 -0.78943 N   106 
-0.67831  0.23084 -0.57212 B   107 
-0.76895  0.28050 -0.39030 A   107 
-0.47002  0.02218 -0.68852 B   108 
-0.38043  0.04786 -0.23075 W   108 
-0.35312  0.00757 -0.99872 B   109 
-0.34313  0.23837 -1.10912 V   109 
-0.16867 -0.24410 -0.97406 B   110 
 0.02053 -0.17047 -0.90498 A   110 
-0.38146 -0.43078 -0.86176 B   111 
-0.65169 -0.55011 -0.60811 W   111 
-0.59250 -0.40907 -1.08788 B   112 
-0.77402 -0.06049 -1.24236 R   112 
-0.37843 -0.47116 -1.33571 B   113 
-0.42694 -0.17522 -1.45965 N   113 
-0.20863 -0.73027 -1.16047 B   114 
 0.22682 -0.51798 -1.29347 R   114 
-0.41046 -0.87497 -0.92933 B   115 
-0.18236 -0.74175 -0.75098 X   115 
-0.68162 -0.87869 -1.02279 B   116 
-1.03446 -0.60923 -0.99157 K   116 
-0.80279 -1.20709 -1.08380 B   117 
-0.57670 -1.34849 -0.95009 B   118 
-0.37973 -1.21160 -1.04935 T   118 
-0.34548 -1.56207 -0.78347 B   119 
-0.35294 -1.84417 -0.73288 D   119 
-0.27413 -1.42067 -0.48122 B   120 
-0.43867 -1.23322 -0.49716 V   120 
-0.18036 -1.66498 -0.30919 B   121 
-0.53522 -1.88001 -0.27213 Q   121 
 0.10680 -1.68197 -0.43673 B   122 
 0.07166 -1.72663 -0.63603 A   122 
 0.22253 -1.44548 -0.24330 B   123 
 0.25341 -1.18570 -0.58254 W   123 
 0.21888 -1.66833  0.02128 B   124 
 0.00526 -1.55134  0.13508 I   124 
 0.38849 -1.88031 -0.05315 B   125 
 0.04171 -2.05804 -0.39453 R   125 
 0.59486 -2.03411  0.19050 B   126 
 0.46422 -1.89222  0.42313 B   127 
 0.52487 -1.61377  0.27091 X   127 
 0.47319 -1.83914  0.78382 B   128 
 0.39341 -2.16494  1.01178 R   128 
 0.11800 -1.82798  0.90936 B   129 
 0.13758 -1.63588  0.73556 L   129 
