246 
-1.14387  0.54101 -0.43102 B   1 
-1.36089  0.19250 -0.51867 K   1 
-1.33691  0.44123 -0.14615 B   2 
-1.31825  0.65256  0.00270 V   2 
-1.29259  0.19214  0.05177 B   3 
-1.10995 -0.03502 -0.26911 F   3 
-1.38497 -0.06097  0.21734 B   4 
-1.27365 -0.27643  0.42697 B   5 
-1.30667 -0.36096  0.85284 R   5 
-1.40116 -0.54829  0.31875 B   6 
-1.56360 -0.63492  0.57269 X   6 
-1.34715 -0.46794  0.02340 B   7 
-1.52967 -0.19465 -0.18733 E   7 
-1.03817 -0.45495  0.03299 B   8 
-0.85937 -0.20807  0.06745 L   8 
-0.98034 -0.73372  0.14427 B   9 
-1.03988 -0.73009  0.35307 A   9 
-1.09795 -0.88425 -0.09447 B   10 
-1.31514 -0.86586 -0.07665 A   10 
-0.91156 -0.76504 -0.31170 B   11 
-0.99693 -0.57341 -0.36597 A   11 
-0.64190 -0.83632 -0.17695 B   12 
-0.54548 -0.49544  0.06616 M   12 
-0.69495 -1.13570 -0.18072 B   13 
-0.90820 -1.39947  0.08974 K   13 
-0.74161 -1.19010 -0.47729 B   14 
-0.98783 -0.95150 -0.77568 R   14 
-0.44301 -1.06007 -0.52944 B   15 
-0.60756 -0.76300 -0.71988 H   15 
-0.26162 -1.22515 -0.29423 B   16 
-0.18930 -1.07899  0.00092 B   17 
-0.16076 -0.77617 -0.11193 L   17 
-0.24799 -1.30734  0.17110 B   18 
-0.47024 -1.39115  0.36586 D   18 
 0.04964 -1.39527  0.31054 B   19 
-0.16249 -1.58228  0.46433 N   19 
 0.23848 -1.21498  0.18522 B   20 
 0.35425 -1.12021 -0.23050 Y   20 
 0.54098 -1.26766  0.29677 B   21 
 0.82330 -1.24483 -0.08445 R   21 
 0.37237 -1.32958  0.58598 B   22 
 0.12538 -1.12243  0.55288 B   23 
 0.50097 -0.85404  0.64343 Y   23 
-0.15017 -1.07511  0.67124 B   24 
-0.20813 -1.14739  0.88645 S   24 
-0.42565 -0.91750  0.56778 B   25 
-0.65585 -1.01024  0.37552 L   25 
-0.44892 -0.71811  0.81373 B   26 
-0.19203 -0.55834  0.74928 B   27 
 0.01991 -0.75673  0.92142 N   27 
-0.27906 -0.43822  0.47931 B   28 
 0.01591 -0.67195  0.23974 W   28 
-0.53340 -0.29810  0.58120 B   29 
-0.74392 -0.45010  0.56866 V   29 
-0.39625 -0.13206  0.79824 B   30 
-0.31880 -0.18417  1.05952 X   30 
-0.20979  0.02588  0.61239 B   31 
-0.04794 -0.11114  0.55872 A   31 
-0.42097  0.15343  0.42568 B   32 
-0.48519 -0.00058  0.28976 A   32 
-0.56634  0.30585  0.64851 B   33 
-0.82693  0.33321  0.86703 K   33 
-0.29785  0.48281  0.74869 B   34 
-0.38982  0.33018  1.11918 F   34 
-0.20830  0.58720  0.45966 B   35 
 0.10254  0.42212  0.46255 E   35 
-0.52213  0.64702  0.30302 B   36 
-0.48333  0.50772  0.13503 S   36 
-0.80317  0.55954  0.40721 B   37 
-0.92554  0.72380  0.60801 N   37 
-0.88997  0.39180  0.14200 B   38 
-0.96051  0.13660  0.45929 F   38 
-0.76142  0.60273 -0.07809 B   39 
-0.90298  0.86466 -0.11960 N   39 
-0.65952  0.59533 -0.40943 B   40 
-0.81884  0.43419 -0.51331 T   40 
-0.61791  0.93096 -0.43404 B   41 
-0.93479  1.01969 -0.66007 Q   41 
-0.39048  0.95308 -0.24558 B   42 
-0.45536  0.90442 -0.05035 A   42 
-0.16819  1.23542 -0.18066 B   43 
-0.18957  1.28425 -0.41952 T   43 
 0.18617  1.29307 -0.07370 B   44 
-0.03533  1.23110  0.17339 N   44 
 0.41382  1.51222  0.01053 B   45 
 0.58093  1.77072 -0.39234 R   45 
 0.75936  1.51361  0.03466 B   46 
 0.68923  1.17919  0.05857 N   46 
 1.04337  1.65436  0.14981 B   47 
 1.05839  1.68598  0.40581 T   47 
 1.21240  1.52048 -0.10565 B   48 
 1.18986  1.25764 -0.07832 D   48 
 0.97502  1.56913 -0.34796 B   49 
 0.81757  1.34720 -0.33798 B   50 
 0.92937  1.13794 -0.27382 S   50 
 0.53493  1.10185 -0.37768 B   51 
 0.40074  1.32710 -0.45100 T   51 
 0.24858  0.96334 -0.25093 B   52 
 0.43509  0.84886  0.01370 D   52 
 0.04726  0.67891 -0.37439 B   53 
 0.19593  1.01285 -0.68603 Y   53 
-0.24312  0.57416 -0.28150 B   54 
-0.35257  0.31560 -0.06795 B   55 
-0.56495  0.15667 -0.12766 I   55 
-0.00820  0.26584 -0.01551 B   56 
-0.08175 -0.04544  0.01630 L   56 
 0.18372  0.49865 -0.05269 B   57 
-0.00088  0.76553  0.06630 Q   57 
 0.35327  0.50731 -0.31419 B   58 
 0.32282  0.21497 -0.41262 I   58 
 0.66973  0.60747 -0.40443 B   59 
 0.86008  0.77157 -0.23224 N   59 
 0.83728  0.81972 -0.65308 B   60 
 0.73079  1.02250 -0.64450 S   60 
 1.15170  0.75138 -0.60193 B   61 
 1.35376  1.07737 -0.40826 R   61 
 1.10694  0.41674 -0.66432 B   62 
 1.42201  0.44782 -0.33627 W   62 
 0.81265  0.30799 -0.80472 B   63 
 0.92447  0.08261 -0.44595 W   63 
 0.71041  0.57661 -0.95736 B   64 
 0.47344  0.59458 -0.85158 X   64 
 0.60125  0.80435 -1.21563 B   65 
 0.78694  0.90164 -1.42605 N   65 
 0.54838  1.18601 -1.20468 B   66 
 0.59396  1.21569 -0.94065 D   66 
 0.76556  1.39567 -1.34329 B   67 
 0.88060  1.53464 -1.02859 B   68 
 0.48988  1.68079 -0.80383 R   68 
 1.13043  1.31675 -0.94536 B   69 
 0.97611  1.22667 -0.76286 T   69 
 1.43418  1.33454 -0.89132 B   70 
 1.41496  1.54555 -0.86172 P   70 
 1.59651  1.03652 -0.90314 B   71 
 1.40597  0.83037 -1.00621 B   72 
 1.19458  0.93380 -1.03911 S   72 
 1.30067  0.46920 -1.07092 B   73 
 1.62146  0.33208 -0.99369 R   73 
 1.04394  0.29414 -1.13891 B   74 
 0.84852  0.38176 -1.31805 N   74 
 1.01623 -0.02332 -1.04175 B   75 
 1.27016 -0.00325 -0.84203 L   75 
 0.69993 -0.06816 -1.13423 B   76 
 0.61917 -0.09523 -0.83550 X   76 
 0.65447  0.05289 -1.40484 B   77 
 0.77970 -0.01526 -1.63747 N   77 
 0.47476  0.33370 -1.33580 B   78 
 0.26394  0.13911 -1.26963 I   78 
 0.24447  0.55130 -1.32192 B   79 
 0.19085  0.54125 -1.52367 P   79 
 0.13696  0.69763 -1.04107 B   80 
 0.40843  0.80969 -0.92480 X   80 
-0.16461  0.72129 -1.13796 B   81 
-0.13838  0.84001 -1.34455 S   81 
-0.22594  0.41359 -1.13220 B   82 
-0.10547  0.33152 -1.28408 A   82 
-0.23315  0.43029 -0.80435 B   83 
 0.07757  0.33953 -0.75593 L   83 
-0.54192  0.58362 -0.82811 B   84 
-0.35563  0.84743 -0.76524 L   84 
-0.71607  0.37696 -0.90609 B   85 
-0.73606  0.26626 -1.13954 S   85 
-0.98940  0.16668 -0.85206 B   86 
-1.17314  0.24840 -0.98213 S   86 
-0.77863 -0.02885 -0.95789 B   87 
-0.78607 -0.23998 -1.15995 D   87 
-0.54885 -0.20953 -0.74679 B   88 
-0.67854 -0.24687 -0.51555 I   88 
-0.34938 -0.37534 -0.91655 B   89 
-0.48793 -0.50525 -1.10201 T   89 
-0.10284 -0.18582 -0.92376 B   90 
-0.14968 -0.03281 -1.07086 A   90 
-0.05722 -0.15816 -0.61664 B   91 
-0.20662  0.06570 -0.56292 S   91 
-0.02387 -0.45650 -0.55616 B   92 
-0.25296 -0.57880 -0.52038 V   92 
 0.21226 -0.52521 -0.73970 B   93 
 0.03940 -0.64676 -1.00148 N   93 
 0.39169 -0.31193 -0.60620 B   94 
 0.44251 -0.04354 -0.68727 X   94 
 0.37183 -0.40578 -0.31251 B   95 
 0.17649 -0.34650 -0.24415 A   95 
 0.49973 -0.68323 -0.35809 B   96 
 0.14417 -0.93654 -0.52029 K   96 
 0.77720 -0.55577 -0.42042 B   97 
 0.80746 -0.49056 -0.79878 K   97 
 0.82069 -0.39556 -0.16013 B   98 
 0.67588 -0.12394 -0.19804 I   98 
 0.79795 -0.63447  0.05287 B   99 
 0.58864 -0.71821  0.10752 V   99 
 1.04822 -0.78653 -0.10924 B   100 
 0.86917 -0.92497 -0.24194 S   100 
 1.29976 -0.58034 -0.05154 B   101 
 1.33656 -0.32346 -0.15182 D   101 
 1.36620 -0.65396  0.29862 B   102 
 1.17295 -0.47643  0.51858 B   103 
 1.42102 -0.26760  0.50757 N   103 
 0.91062 -0.52684  0.44324 B   104 
 0.64996 -0.34606  0.59943 B   105 
 0.30139 -0.52332  0.56987 M   105 
 0.85033 -0.11319  0.69442 B   106 
 0.96923 -0.30876  0.93313 N   106 
 0.80283  0.06265  0.43846 B   107 
 0.85911 -0.06518  0.28281 A   107 
 0.54822  0.13012  0.61481 B   108 
 0.38271 -0.06335  0.22313 W   108 
 0.52160  0.36668  0.84597 B   109 
 0.67031  0.56876  0.79492 V   109 
 0.22790  0.31504  0.94108 B   110 
 0.10347  0.42886  0.80861 A   110 
 0.26392  0.01881  1.00185 B   111 
 0.34961 -0.35258  0.92228 W   111 
 0.49689  0.03674  1.20566 B   112 
 0.87394  0.22003  1.15501 R   112 
 0.35180  0.26715  1.39792 B   113 
 0.58674  0.48038  1.32986 N   113 
 0.02957  0.11689  1.38166 B   114 
-0.16301  0.56988  1.28120 R   114 
 0.05225 -0.21634  1.32218 B   115 
-0.09538 -0.10758  1.06148 X   115 
 0.28674 -0.32380  1.44766 B   116 
 0.71021 -0.39214  1.32902 K   116 
 0.21170 -0.54966  1.71150 B   117 
-0.07868 -0.57534  1.64817 B   118 
-0.13340 -0.32456  1.60940 T   118 
-0.42170 -0.65847  1.60057 B   119 
-0.58710 -0.85465  1.72845 D   119 
-0.47039 -0.70717  1.26636 B   120 
-0.23076 -0.68596  1.19860 V   120 
-0.72343 -0.89149  1.25785 B   121 
-0.57319 -1.24432  1.42059 Q   121 
-0.92952 -0.66080  1.31549 B   122 
-0.87941 -0.59365  1.50504 A   122 
-0.93365 -0.56663  1.00267 B   123 
-0.73050 -0.20528  1.11071 W   123 
-1.11966 -0.84821  0.92659 B   124 
-0.91197 -0.97031  0.80731 I   124 
-1.35559 -0.82917  1.07897 B   125 
-1.10041 -0.94020  1.51593 R   125 
-1.66361 -0.93615  0.94009 B   126 
-1.53578 -1.06301  0.69743 B   127 
-1.39024 -0.77996  0.64189 X   127 
-1.59897 -1.23250  0.38077 B   128 
-1.77419 -1.59722  0.40815 R   128 
-1.34192 -1.50518  0.34063 B   129 
-1.20751 -1.28376  0.36050 L   129 
