246 
 0.22992  0.12419  1.31096 B   1 
 0.41267 -0.24576  1.38831 K   1 
 0.58561  0.15355  1.27939 B   2 
 0.61351  0.41111  1.27210 V   2 
 0.77899  0.03930  1.04977 B   3 
 0.50785 -0.29188  0.98109 F   3 
 1.03541 -0.11025  0.94068 B   4 
 1.18488 -0.18179  0.66627 B   5 
 1.53732 -0.05183  0.44606 R   5 
 1.27294 -0.48483  0.71418 B   6 
 1.58328 -0.45551  0.67948 X   6 
 1.00227 -0.55248  0.85120 B   7 
 0.87788 -0.43979  1.20366 E   7 
 0.81308 -0.50017  0.61203 B   8 
 0.64826 -0.24859  0.55165 L   8 
 0.94544 -0.68065  0.40383 B   9 
 1.13086 -0.58301  0.34686 A   9 
 0.89530 -0.94091  0.55627 B   10 
 1.03714 -0.94190  0.72273 A   10 
 0.58603 -0.92135  0.56664 B   11 
 0.53930 -0.79185  0.73398 A   11 
 0.53769 -0.88579  0.26274 B   12 
 0.54365 -0.46108  0.19807 M   12 
 0.66306 -1.15311  0.19006 B   13 
 1.07308 -1.27513  0.11799 K   13 
 0.49688 -1.34989  0.35362 B   14 
 0.36027 -1.31735  0.78590 R   14 
 0.23272 -1.22748  0.19861 B   15 
 0.10413 -1.08221  0.53618 H   15 
 0.34098 -1.23471 -0.12342 B   16 
 0.46105 -0.95614 -0.27069 B   17 
 0.26627 -0.74544 -0.11932 L   17 
 0.69198 -1.07805 -0.39862 B   18 
 0.99617 -1.08212 -0.35629 D   18 
 0.63491 -1.05134 -0.73296 B   19 
 0.93627 -1.16350 -0.71785 N   19 
 0.37055 -0.93392 -0.74690 B   20 
-0.02928 -1.04032 -0.59191 Y   20 
 0.27928 -0.88967 -1.05744 B   21 
-0.17644 -1.02199 -1.07656 R   21 
 0.61087 -0.82255 -1.09548 B   22 
 0.67478 -0.68836 -0.80752 B   23 
 0.42106 -0.36770 -1.04013 Y   23 
 0.91570 -0.62229 -0.63499 B   24 
 1.12884 -0.58708 -0.72571 S   24 
 0.96265 -0.56856 -0.30889 B   25 
 0.99738 -0.76944 -0.07015 L   25 
 1.08994 -0.27908 -0.33691 B   26 
 0.83343 -0.14182 -0.44195 B   27 
 0.88812 -0.20495 -0.76895 N   27 
 0.65594 -0.17930 -0.19300 B   28 
 0.37534 -0.46342 -0.39193 W   28 
 0.84240 -0.03840  0.00720 B   29 
 1.01249 -0.20090  0.11785 V   29 
 0.85994  0.22706 -0.14353 B   30 
 1.01555  0.31807 -0.35443 X   30 
 0.56079  0.29541 -0.13395 B   31 
 0.46534  0.16975 -0.28542 A   31 
 0.51770  0.29022  0.17238 B   32 
 0.50916  0.08323  0.23066 A   32 
 0.71921  0.51341  0.23239 B   33 
 1.02893  0.61265  0.33549 K   33 
 0.56796  0.74696  0.04260 B   34 
 0.93899  0.78409 -0.13054 F   34 
 0.27212  0.70738  0.15821 B   35 
 0.13354  0.60246 -0.14784 E   35 
 0.33585  0.64607  0.50286 B   36 
 0.23567  0.44836  0.50305 S   36 
 0.61287  0.58788  0.63464 B   37 
 0.78054  0.81332  0.69242 N   37 
 0.53009  0.30347  0.76982 B   38 
 0.88229  0.22844  0.56707 F   38 
 0.22556  0.39426  0.86187 B   39 
 0.20054  0.58421  1.09352 N   39 
-0.07275  0.23877  0.94589 B   40 
 0.00300  0.02997  1.05906 T   40 
-0.22285  0.52233  1.05565 B   41 
-0.21613  0.45195  1.44856 Q   41 
-0.23616  0.65988  0.79367 B   42 
-0.04054  0.70503  0.72743 A   42 
-0.41744  0.96211  0.69806 B   43 
-0.59078  0.88575  0.85303 T   43 
-0.57927  1.10576  0.39226 B   44 
-0.24497  1.14615  0.41626 N   44 
-0.72997  1.36328  0.25840 B   45 
-1.20450  1.41095  0.43043 R   45 
-0.92777  1.41692 -0.02084 B   46 
-0.76083  1.13071 -0.10769 N   46 
-1.06642  1.62822 -0.24413 B   47 
-0.90241  1.78183 -0.37167 T   47 
-1.31189  1.40801 -0.29896 B   48 
-1.19481  1.19105 -0.39673 D   48 
-1.35348  1.30438  0.02502 B   49 
-1.17800  1.09852  0.05626 B   50 
-1.13501  0.96169 -0.14332 S   50 
-0.95292  0.83348  0.20031 B   51 
-0.99365  0.97707  0.42800 T   51 
-0.64024  0.74144  0.30520 B   52 
-0.53016  0.79293 -0.01597 D   52 
-0.51325  0.41142  0.41307 B   53 
-0.93495  0.56658  0.58288 Y   53 
-0.23304  0.33168  0.55109 B   54 
 0.07007  0.19872  0.42910 B   55 
 0.20972  0.00706  0.56212 I   55 
-0.09048  0.22169  0.11682 B   56 
 0.07690 -0.04105  0.03762 L   56 
-0.31030  0.42780  0.07670 B   57 
-0.19517  0.69500  0.26328 Q   57 
-0.60570  0.32814  0.07956 B   58 
-0.56442  0.02357  0.03946 I   58 
-0.89875  0.40827 -0.08175 B   59 
-0.94578  0.65650 -0.25200 N   59 
-1.24839  0.49091 -0.00512 B   60 
-1.24052  0.65812  0.15144 S   60 
-1.38535  0.49363 -0.30072 B   61 
-1.47570  0.89386 -0.42824 R   61 
-1.29593  0.16826 -0.36411 B   62 
-1.26651  0.39177 -0.76039 W   62 
-1.17914 -0.02882 -0.10787 B   63 
-0.91999 -0.03639 -0.46113 W   63 
-1.31032  0.11753  0.15153 B   64 
-1.09305  0.15661  0.28913 X   64 
-1.49988  0.17631  0.45336 B   65 
-1.79687  0.18012  0.45239 N   65 
-1.58045  0.50588  0.63629 B   66 
-1.42904  0.66531  0.48031 D   66 
-1.88126  0.64563  0.61841 B   67 
-1.77144  0.93249  0.42548 B   68 
-1.41414  1.12230  0.67217 R   68 
-1.79778  0.81371  0.10609 B   69 
-1.54256  0.80627  0.09950 T   69 
-1.95341  0.89116 -0.14942 B   70 
-1.98731  1.08600 -0.06782 P   70 
-1.96803  0.64648 -0.38442 B   71 
-1.85801  0.39543 -0.26487 B   72 
-1.78312  0.44410 -0.04466 S   72 
-1.72421  0.03883 -0.29044 B   73 
-1.82459 -0.00457 -0.63061 R   73 
-1.55782 -0.17604 -0.12515 B   74 
-1.59259 -0.21027  0.14976 N   74 
-1.37014 -0.40696 -0.27497 B   75 
-1.39119 -0.26258 -0.56390 L   75 
-1.22566 -0.52800 -0.00095 B   76 
-0.95289 -0.41572 -0.09835 X   76 
-1.42974 -0.56010  0.21647 B   77 
-1.65252 -0.71745  0.20954 N   77 
-1.35785 -0.30454  0.42965 B   78 
-1.11768 -0.46570  0.48468 I   78 
-1.27400 -0.13650  0.68519 B   79 
-1.38202 -0.24960  0.82382 P   79 
-1.05250  0.11408  0.68446 B   80 
-1.17345  0.29961  0.45925 X   80 
-0.94209  0.05195  0.97574 B   81 
-1.14410  0.05740  1.10468 S   81 
-0.80211 -0.21891  0.90148 B   82 
-0.95968 -0.34962  0.85245 A   82 
-0.56808 -0.04592  0.74944 B   83 
-0.69758 -0.06437  0.44941 L   83 
-0.44200  0.03894  1.05980 B   84 
-0.59650  0.31988  0.98593 L   84 
-0.32403 -0.19843  1.15390 B   85 
-0.44368 -0.41014  1.24345 S   85 
-0.04873 -0.38643  1.25737 B   86 
-0.05372 -0.40056  1.49640 S   86 
-0.19334 -0.58238  1.07150 B   87 
-0.26640 -0.86430  1.09682 D   87 
-0.12746 -0.60913  0.71801 B   88 
 0.13062 -0.54432  0.68833 I   88 
-0.32030 -0.81174  0.58437 B   89 
-0.32582 -1.03072  0.73434 T   89 
-0.53883 -0.62211  0.47020 B   90 
-0.66372 -0.56665  0.63923 A   90 
-0.35595 -0.44348  0.29183 B   91 
-0.29578 -0.24112  0.46719 S   91 
-0.23855 -0.66847  0.12046 B   92 
-0.03175 -0.78396  0.23278 V   92 
-0.49489 -0.78939  0.00282 B   93 
-0.53642 -1.04226  0.22080 N   93 
-0.57847 -0.51868 -0.12060 B   94 
-0.75339 -0.31971 -0.01569 X   94 
-0.32593 -0.45950 -0.28845 B   95 
-0.17445 -0.39794 -0.14842 A   95 
-0.34989 -0.70684 -0.47193 B   96 
-0.16473 -1.04692 -0.21315 K   96 
-0.60739 -0.59409 -0.60646 B   97 
-0.91795 -0.71801 -0.41535 K   97 
-0.49885 -0.32370 -0.70852 B   98 
-0.52235 -0.12399 -0.47241 I   98 
-0.25624 -0.42971 -0.88982 B   99 
-0.06045 -0.50029 -0.78735 V   99 
-0.47952 -0.61070 -1.06133 B   100 
-0.41937 -0.81618 -0.90969 S   100 
-0.65995 -0.37449 -1.20542 B   101 
-0.83626 -0.19648 -1.08450 D   101 
-0.42699 -0.26017 -1.46059 B   102 
-0.20578 -0.02228 -1.35236 B   103 
-0.43411  0.18241 -1.45836 N   103 
-0.08077 -0.13345 -1.13089 B   104 
 0.13560  0.06832 -0.93726 B   105 
 0.38727 -0.14059 -0.72091 M   105 
 0.00519  0.33974 -1.05007 B   106 
 0.16447  0.30045 -1.33722 N   106 
-0.20452  0.36197 -0.81723 B   107 
-0.31038  0.18223 -0.83232 A   107 
 0.05853  0.47613 -0.68216 B   108 
-0.05777  0.09870 -0.43265 W   108 
 0.16551  0.79021 -0.68583 B   109 
-0.02764  0.95789 -0.69741 V   109 
 0.43249  0.75715 -0.52583 B   110 
 0.37873  0.77665 -0.31915 A   110 
 0.54777  0.53443 -0.69860 B   111 
 0.55552  0.18425 -0.86866 W   111 
 0.54335  0.67648 -0.97418 B   112 
 0.21461  0.85497 -1.17013 R   112 
 0.69800  0.95237 -0.86897 B   113 
 0.43556  1.13159 -0.93453 N   113 
 0.93426  0.77640 -0.66923 B   114 
 0.83801  1.09712 -0.29473 R   114 
 0.98344  0.46161 -0.78579 B   115 
 0.85383  0.41166 -0.49892 X   115 
 0.96180  0.45719 -1.07178 B   116 
 0.63546  0.39020 -1.36689 K   116 
 1.26918  0.38104 -1.23295 B   117 
 1.41235  0.29382 -0.98620 B   118 
 1.33889  0.48568 -0.82751 T   118 
 1.61775  0.15830 -0.72875 B   119 
 1.87443  0.03111 -0.74040 D   119 
 1.42405 -0.05209 -0.54257 B   120 
 1.21991 -0.03844 -0.68612 V   120 
 1.63370 -0.24563 -0.41349 B   121 
 1.76906 -0.45433 -0.74766 Q   121 
 1.72972 -0.04213 -0.19353 B   122 
 1.81305  0.11407 -0.30128 A   122 
 1.47828 -0.11315  0.00260 B   123 
 1.31467  0.27620 -0.06924 W   123 
 1.62879 -0.41587  0.07600 B   124 
 1.45312 -0.55512 -0.07238 I   124 
 1.87845 -0.35308  0.18988 B   125 
 2.06823 -0.20674 -0.26941 R   125 
 2.00430 -0.54952  0.45669 B   126 
 1.79136 -0.76228  0.43009 B   127 
 1.57124 -0.52705  0.45448 X   127 
 1.65762 -1.07042  0.57204 B   128 
 1.90196 -1.39356  0.55316 R   128 
 1.55582 -1.29578  0.28762 B   129 
 1.41621 -1.07856  0.25909 L   129 
