246 
 1.22383 -0.01169  0.53761 B   1 
 1.14498 -0.21924  0.89390 K   1 
 1.27735 -0.36276  0.49004 B   2 
 1.40097 -0.36351  0.26226 V   2 
 1.06178 -0.60020  0.47198 B   3 
 0.79223 -0.38008  0.73044 F   3 
 0.94393 -0.88491  0.54316 B   4 
 0.70255 -1.08147  0.46662 B   5 
 0.64288 -1.44739  0.23828 R   5 
 0.61327 -1.19331  0.75193 B   6 
 0.65564 -1.50031  0.70367 X   6 
 0.64722 -0.91374  0.88346 B   7 
 0.97992 -0.72542  0.96250 E   7 
 0.43278 -0.75889  0.72294 B   8 
 0.47219 -0.57910  0.47752 L   8 
 0.19209 -0.94025  0.77412 B   9 
 0.22521 -1.12058  0.65774 A   9 
 0.18712 -0.89571  1.07657 B   10 
 0.35540 -1.00966  1.15735 A   10 
 0.14780 -0.58821  1.07030 B   11 
 0.34484 -0.50273  1.04161 A   11 
-0.10383 -0.58344  0.88971 B   12 
 0.04754 -0.55341  0.48874 M   12 
-0.27198 -0.74654  1.08357 B   13 
-0.31622 -1.17350  1.14643 K   13 
-0.25836 -0.57947  1.33851 B   14 
 0.10152 -0.37557  1.52692 R   14 
-0.38089 -0.33052  1.16017 B   15 
-0.04593 -0.13685  1.20361 H   15 
-0.63954 -0.48697  1.00492 B   16 
-0.60824 -0.59743  0.68787 B   17 
-0.41316 -0.36021  0.58341 L   17 
-0.73358 -0.85701  0.72617 B   18 
-0.64264 -1.14978  0.74518 D   18 
-1.01715 -0.84928  0.53834 B   19 
-1.00233 -1.15508  0.63778 N   19 
-1.02151 -0.57907  0.43423 B   20 
-1.01504 -0.17405  0.61065 Y   20 
-1.28263 -0.53221  0.24358 B   21 
-1.44796 -0.10174  0.35724 R   21 
-1.22084 -0.85652  0.16045 B   22 
-0.89778 -0.86072  0.18545 B   23 
-0.98876 -0.61255 -0.20369 Y   23 
-0.67338 -1.06384  0.20922 B   24 
-0.69418 -1.28331  0.12984 S   24 
-0.35981 -1.05421  0.32330 B   25 
-0.24644 -1.07343  0.61542 L   25 
-0.21994 -1.15234  0.05573 B   26 
-0.29113 -0.90166 -0.11089 B   27 
-0.59107 -1.01226 -0.21909 N   27 
-0.12951 -0.69322  0.04823 B   28 
-0.48941 -0.47868  0.20145 W   28 
 0.14461 -0.83053  0.02170 B   29 
 0.19228 -0.99819  0.21457 V   29 
 0.14748 -0.84222 -0.28383 B   30 
 0.04023 -1.01756 -0.47018 X   30 
 0.13299 -0.53953 -0.33304 B   31 
-0.07513 -0.48252 -0.29725 A   31 
 0.38436 -0.45085 -0.17596 B   32 
 0.33241 -0.45585  0.03283 A   32 
 0.58125 -0.61554 -0.34369 B   33 
 0.77516 -0.89329 -0.38437 K   33 
 0.50382 -0.47086 -0.63782 B   34 
 0.44293 -0.85783 -0.76255 F   34 
 0.52836 -0.16681 -0.54082 B   35 
 0.19007 -0.08887 -0.59885 E   35 
 0.80524 -0.18324 -0.31794 B   36 
 0.69103 -0.10612 -0.14434 S   36 
 0.94139 -0.44145 -0.20711 B   37 
 1.13116 -0.57299 -0.37728 N   37 
 0.90388 -0.37009  0.10835 B   38 
 0.75988 -0.75520  0.06668 F   38 
 0.96975 -0.04707  0.08062 B   39 
 1.25508  0.03347  0.03091 N   39 
 0.91073  0.24207  0.26267 B   40 
 0.92055  0.16248  0.49870 T   40 
 1.11382  0.43690  0.07352 B   41 
 1.41695  0.48287  0.32921 Q   41 
 0.95393  0.42468 -0.17551 B   42 
 0.95561  0.22724 -0.25107 A   42 
 0.98466  0.62069 -0.48207 B   43 
 1.04788  0.80647 -0.33583 T   43 
 0.76256  0.74831 -0.75542 B   44 
 0.86494  0.42796 -0.78464 N   44 
 0.74466  0.90360 -1.04266 B   45 
 0.82635  1.40123 -0.99024 R   45 
 0.49499  1.06092 -1.22404 B   46 
 0.31334  0.85278 -1.02154 N   46 
 0.38050  1.18571 -1.51568 B   47 
 0.37637  1.02163 -1.71523 T   47 
 0.18128  1.39470 -1.34718 B   48 
 0.01451  1.24132 -1.20933 D   48 
 0.40037  1.47399 -1.09590 B   49 
 0.36016  1.28421 -0.90481 B   50 
 0.13131  1.19666 -0.88566 S   50 
 0.39701  1.05660 -0.60734 B   51 
 0.65358  1.14695 -0.61847 T   51 
 0.50044  0.75559 -0.48108 B   52 
 0.27128  0.60382 -0.68693 D   52 
 0.45662  0.61179 -0.14333 B   53 
 0.59828  1.06876 -0.18632 Y   53 
 0.58825  0.34908 -0.01075 B   54 
 0.47611  0.01831  0.03879 B   55 
 0.52312 -0.11916  0.26862 I   55 
 0.19031  0.13067 -0.13299 B   56 
 0.02663 -0.07420  0.05290 L   56 
 0.21478  0.36268 -0.32790 B   57 
 0.52509  0.30697 -0.46956 Q   57 
 0.11392  0.64254 -0.23460 B   58 
-0.06007  0.56302  0.00928 I   58 
-0.03985  0.91435 -0.37882 B   59 
-0.07404  0.96123 -0.67790 N   59 
 0.00049  1.27844 -0.40630 B   60 
 0.21674  1.31271 -0.47407 S   60 
-0.27646  1.36800 -0.55267 B   61 
-0.20863  1.48037 -0.96179 R   61 
-0.47146  1.23537 -0.30314 B   62 
-0.69662  1.16988 -0.69413 W   62 
-0.32599  1.13865 -0.00713 B   63 
-0.58338  0.82916 -0.18029 W   63 
-0.05783  1.32301 -0.00331 B   64 
 0.11923  1.13487  0.02701 X   64 
 0.19334  1.56178  0.09862 B   65 
 0.13899  1.85378  0.10020 N   65 
 0.49424  1.70447 -0.09548 B   66 
 0.46626  1.54905 -0.31396 D   66 
 0.49051  2.01229 -0.22026 B   67 
 0.48486  1.90579 -0.56696 B   68 
 0.85425  1.61306 -0.61601 R   68 
 0.14938  1.86994 -0.62160 B   69 
 0.18772  1.61743 -0.62301 T   69 
-0.06060  1.99204 -0.81266 B   70 
 0.09715  2.05884 -0.94081 P   70 
-0.38267  1.94403 -0.71635 B   71 
-0.38144  1.82720 -0.44109 B   72 
-0.15566  1.79261 -0.37559 S   72 
-0.55096  1.65340 -0.14650 B   73 
-0.88151  1.69524 -0.27556 R   73 
-0.48261  1.49211  0.11899 B   74 
-0.27062  1.56467  0.28557 N   74 
-0.68748  1.25991  0.24190 B   75 
-0.86855  1.25190 -0.02628 L   75 
-0.48485  1.14690  0.48019 B   76 
-0.46292  0.87615  0.32949 X   76 
-0.35253  1.37720  0.61948 B   77 
-0.47614  1.57802  0.75671 N   77 
-0.03318  1.36679  0.50189 B   78 
-0.01936  1.12192  0.66477 I   78 
 0.28227  1.34167  0.48107 B   79 
 0.32592  1.45682  0.64993 P   79 
 0.44422  1.15100  0.25910 B   80 
 0.31890  1.25532 -0.01143 X   80 
 0.68376  1.08046  0.45540 B   81 
 0.75899  1.29923  0.51820 S   81 
 0.51528  0.90238  0.65129 B   82 
 0.38072  1.03555  0.74335 A   82 
 0.51264  0.66786  0.42150 B   83 
 0.22305  0.74712  0.29119 L   83 
 0.84256  0.60069  0.49932 B   84 
 0.88658  0.77143  0.22153 L   84 
 0.83013  0.47362  0.74995 B   85 
 0.78193  0.58204  0.98033 S   85 
 0.87893  0.19877  0.95951 B   86 
 1.07553  0.23876  1.09031 S   86 
 0.59822  0.29123  1.04018 B   87 
 0.46980  0.33648  1.29887 D   87 
 0.29532  0.16949  0.88707 B   88 
 0.34942 -0.08158  0.81141 I   88 
 0.04706  0.31661  1.00027 B   89 
 0.06827  0.32139  1.26485 T   89 
 0.00048  0.53423  0.78297 B   90 
 0.14856  0.68878  0.82082 A   90 
-0.03148  0.34653  0.53616 B   91 
 0.22760  0.33610  0.44623 S   91 
-0.26501  0.18071  0.64451 B   92 
-0.18632 -0.01768  0.79672 V   92 
-0.47189  0.40145  0.69585 B   93 
-0.41565  0.44837  1.02421 N   93 
-0.46198  0.49384  0.40111 B   94 
-0.30860  0.70318  0.28347 X   94 
-0.52978  0.22645  0.26199 B   95 
-0.35202  0.10573  0.27518 A   95 
-0.81082  0.19521  0.38630 B   96 
-0.71964  0.01630  0.80651 K   96 
-0.91928  0.43971  0.22637 B   97 
-0.87375  0.76069  0.43429 K   97 
-0.85544  0.34661 -0.06097 B   98 
-0.56130  0.42739 -0.11698 I   98 
-1.01653  0.06910 -0.06313 B   99 
-0.92658 -0.11514  0.04540 V   99 
-1.29239  0.24265  0.01309 B   100 
-1.25097  0.18464  0.26558 S   100 
-1.33490  0.42329 -0.26018 B   101 
-1.17822  0.63419 -0.35166 D   101 
-1.45431  0.16770 -0.49010 B   102 
-1.20540 -0.00738 -0.64706 B   103 
-1.23952  0.22275 -0.87321 N   103 
-1.04655 -0.10824 -0.44303 B   104 
-0.74301 -0.26937 -0.52621 B   105 
-0.61222 -0.50598 -0.24212 M   105 
-0.73240 -0.12929 -0.81546 B   106 
-0.96723 -0.33396 -0.92650 N   106 
-0.56166  0.11477 -0.71559 B   107 
-0.68129  0.19706 -0.56507 A   107 
-0.34189 -0.11063 -0.75256 B   108 
-0.33291  0.00113 -0.29905 W   108 
-0.17307 -0.18242 -1.02906 B   109 
-0.13783  0.02362 -1.17693 V   109 
-0.00251 -0.42374 -0.92588 B   110 
 0.17361 -0.33718 -0.83943 A   110 
-0.23653 -0.58745 -0.82017 B   111 
-0.54996 -0.65886 -0.60048 W   111 
-0.40422 -0.60999 -1.08000 B   112 
-0.54665 -0.29784 -1.32616 R   112 
-0.15191 -0.71605 -1.27024 B   113 
-0.17015 -0.44897 -1.45363 N   113 
-0.02225 -0.93652 -1.02272 B   114 
 0.43522 -0.75003 -1.11393 R   114 
-0.26510 -1.03661 -0.80800 B   115 
-0.06816 -0.87075 -0.62013 X   115 
-0.51579 -1.05963 -0.94548 B   116 
-0.86137 -0.79148 -1.02765 K   116 
-0.63314 -1.39446 -0.96477 B   117 
-0.43770 -1.50672 -0.76934 B   118 
-0.22286 -1.38957 -0.85599 T   118 
-0.24488 -1.68366 -0.52779 B   119 
-0.26855 -1.95129 -0.42775 D   119 
-0.22363 -1.48756 -0.24934 B   120 
-0.37782 -1.30755 -0.32863 V   120 
-0.16786 -1.69460 -0.02109 B   121 
-0.52934 -1.90124 -0.00788 Q   121 
 0.13660 -1.73330 -0.09055 B   122 
 0.13561 -1.81480 -0.28109 A   122 
 0.22304 -1.46392  0.07286 B   123 
 0.31955 -1.27224 -0.29791 W   123 
 0.16734 -1.63316  0.36939 B   124 
-0.05966 -1.49834  0.41996 I   124 
 0.34164 -1.85420  0.36679 B   125 
 0.05516 -2.09518  0.00869 R   125 
 0.49815 -1.95813  0.66731 B   126 
 0.33274 -1.77598  0.84274 B   127 
 0.42641 -1.53065  0.65452 X   127 
 0.28003 -1.65608  1.18309 B   128 
 0.15305 -1.93383  1.44994 R   128 
-0.09119 -1.62394  1.23969 B   129 
-0.03648 -1.46776  1.03944 L   129 
