246 
-0.59440 -1.05792  0.56072 B   1 
-0.26169 -1.24355  0.73702 K   1 
-0.55389 -0.94361  0.89787 B   2 
-0.78006 -0.82318  0.93676 V   2 
-0.33008 -0.74849  1.02039 B   3 
-0.04462 -0.88340  0.72336 F   3 
-0.11216 -0.66153  1.23243 B   4 
 0.08389 -0.41806  1.30349 B   5 
 0.10719 -0.09556  1.59512 R   5 
 0.35305 -0.56932  1.38446 B   6 
 0.38787 -0.46171  1.67700 X   6 
 0.31868 -0.77514  1.15409 B   7 
 0.05842 -1.06504  1.12922 E   7 
 0.33659 -0.58132  0.91358 B   8 
 0.10717 -0.45665  0.75256 L   8 
 0.60258 -0.44565  0.97904 B   9 
 0.56508 -0.31569  1.14894 A   9 
 0.77051 -0.70005  0.95528 B   10 
 0.72753 -0.81795  1.13439 A   10 
 0.70117 -0.76541  0.66022 B   11 
 0.51065 -0.86857  0.66440 A   11 
 0.78143 -0.49211  0.53848 B   12 
 0.42310 -0.25537  0.55059 M   12 
 1.07154 -0.51408  0.62685 B   13 
 1.27353 -0.41627  0.99812 K   13 
 1.15975 -0.77581  0.49722 B   14 
 0.93873 -1.17243  0.47648 R   14 
 1.06943 -0.64251  0.20936 B   15 
 0.78488 -0.90645  0.17842 H   15 
 1.21967 -0.33854  0.23200 B   16 
 1.04385 -0.06645  0.32560 B   17 
 0.76331 -0.15222  0.18707 L   17 
 1.24025  0.04345  0.50973 B   18 
 1.27397  0.06771  0.81406 D   18 
 1.33919  0.33810  0.37137 B   19 
 1.48114  0.34042  0.66028 N   19 
 1.19769  0.34467  0.11878 B   20 
 1.17150  0.07979 -0.23388 Y   20 
 1.26611  0.61854 -0.04565 B   21 
 1.32349  0.48493 -0.49777 R   21 
 1.27125  0.74940  0.26860 B   22 
 1.04589  0.56471  0.41044 B   23 
 0.80818  0.85201  0.12363 Y   23 
 0.95499  0.49025  0.69038 B   24 
 0.99164  0.62957  0.87516 S   24 
 0.78486  0.23455  0.82118 B   25 
 0.87800 -0.05346  0.90443 L   25 
 0.55323  0.40740  0.95254 B   26 
 0.43090  0.50441  0.68552 B   27 
 0.62551  0.77812  0.65215 N   27 
 0.33937  0.23180  0.57511 B   28 
 0.63213  0.22973  0.23848 W   28 
 0.16138  0.15298  0.81346 B   29 
 0.29108  0.02242  0.99708 V   29 
-0.01694  0.40126  0.80644 B   30 
 0.00772  0.65819  0.90821 X   30 
-0.12861  0.35920  0.52358 B   31 
 0.03033  0.42034  0.38629 A   31 
-0.25139  0.07746  0.55925 B   32 
-0.08817 -0.06273  0.55467 A   32 
-0.44630  0.16017  0.78104 B   33 
-0.52929  0.17530  1.11163 K   33 
-0.60624  0.39440  0.59939 B   34 
-0.51456  0.64021  0.91592 F   34 
-0.66146  0.21404  0.34079 B   35 
-0.46695  0.41144  0.12381 E   35 
-0.73210 -0.10287  0.48634 B   36 
-0.56845 -0.20694  0.37903 S   36 
-0.68881 -0.18601  0.78417 B   37 
-0.89007 -0.10744  0.97283 N   37 
-0.49720 -0.44210  0.72322 B   38 
-0.29512 -0.22117  1.00806 F   38 
-0.66256 -0.54871  0.45724 B   39 
-0.92988 -0.67876  0.50191 N   39 
-0.60068 -0.75037  0.18205 B   40 
-0.44453 -0.92225  0.27270 T   40 
-0.92393 -0.75949  0.08004 B   41 
-1.01416 -1.13470  0.18227 Q   41 
-0.94724 -0.47309  0.00821 B   42 
-0.93194 -0.35486  0.18280 A   42 
-1.21117 -0.29945 -0.17493 B   43 
-1.22976 -0.50451 -0.30721 T   43 
-1.24552 -0.00271 -0.40099 B   44 
-1.24021  0.06268 -0.06984 N   44 
-1.44917  0.19229 -0.56666 B   45 
-1.63313 -0.03849 -0.97891 R   45 
-1.41798  0.42027 -0.82556 B   46 
-1.09877  0.41155 -0.70163 N   46 
-1.54262  0.67737 -1.00472 B   47 
-1.60625  0.88870 -0.87038 T   47 
-1.35920  0.58218 -1.26750 B   48 
-1.10608  0.60180 -1.19078 D   48 
-1.39953  0.24383 -1.23118 B   49 
-1.19839  0.16632 -1.06480 B   50 
-0.98908  0.29409 -1.08113 S   50 
-0.98053 -0.02535 -0.82510 B   51 
-1.20671 -0.17465 -0.79909 T   51 
-0.89049 -0.09154 -0.50143 B   52 
-0.79351  0.23671 -0.47368 D   52 
-0.61456 -0.29897 -0.36913 B   53 
-0.88692 -0.47163 -0.72515 Y   53 
-0.55371 -0.39601 -0.06779 B   54 
-0.33856 -0.28096  0.18699 B   55 
-0.19595 -0.44986  0.34530 I   55 
-0.26083 -0.02893 -0.04594 B   56 
 0.03416 -0.03445  0.08160 L   56 
-0.46550  0.04730 -0.25739 B   57 
-0.76349  0.01870 -0.08464 Q   57 
-0.42173 -0.05861 -0.54734 B   58 
-0.12365 -0.14252 -0.53393 I   58 
-0.47571  0.05648 -0.86697 B   59 
-0.64064  0.30133 -0.94221 N   59 
-0.63453 -0.04933 -1.18086 B   60 
-0.84658 -0.11575 -1.12465 S   60 
-0.54142  0.18439 -1.38787 B   61 
-0.86758  0.44631 -1.48600 R   61 
-0.20791  0.12235 -1.33496 B   62 
-0.24952  0.57238 -1.39493 W   62 
-0.11251 -0.16244 -1.16782 B   63 
 0.07354  0.20041 -1.00736 W   63 
-0.36759 -0.35742 -1.22100 B   64 
-0.42390 -0.41729 -0.97419 X   64 
-0.56906 -0.63881 -1.32452 B   65 
-0.61776 -0.69822 -1.61143 N   65 
-0.95218 -0.67876 -1.33837 B   66 
-1.01181 -0.44248 -1.22309 D   66 
-1.11795 -0.66693 -1.62598 B   67 
-1.28484 -0.35316 -1.55339 B   68 
-1.49923 -0.41691 -1.13564 R   68 
-1.05526 -0.12641 -1.66608 B   69 
-1.00671 -0.07056 -1.42163 T   69 
-1.04854  0.09939 -1.87696 B   70 
-1.26245  0.10208 -1.87861 P   70 
-0.73640  0.20115 -1.96370 B   71 
-0.53923  0.01303 -1.84059 B   72 
-0.65869 -0.14544 -1.70989 S   72 
-0.18552 -0.08629 -1.73692 B   73 
-0.02742  0.17504 -1.92235 R   73 
-0.03051 -0.28788 -1.54585 B   74 
-0.11330 -0.55232 -1.51165 N   74 
 0.26664 -0.21343 -1.41487 B   75 
 0.24660  0.09803 -1.50064 L   75 
 0.29039 -0.47622 -1.21241 B   76 
 0.26900 -0.28621 -0.96758 X   76 
 0.20233 -0.72425 -1.35618 B   77 
 0.31338 -0.83063 -1.58156 N   77 
-0.10225 -0.79024 -1.21908 B   78 
 0.05894 -0.85651 -0.98178 I   78 
-0.34243 -0.92792 -1.06437 B   79 
-0.31126 -1.12038 -1.13966 P   79 
-0.53512 -0.77590 -0.83719 B   80 
-0.63293 -0.52424 -1.00112 X   80 
-0.57678 -1.03628 -0.66011 B   81 
-0.66364 -1.18996 -0.82230 S   81 
-0.28060 -1.05529 -0.55821 B   82 
-0.16705 -1.09971 -0.72982 A   82 
-0.34137 -0.79959 -0.36140 B   83 
-0.22618 -0.56930 -0.56345 L   83 
-0.52132 -1.01183 -0.15648 B   84 
-0.77043 -0.86077 -0.30938 L   84 
-0.32528 -1.17007 -0.03140 B   85 
-0.18720 -1.36301 -0.13563 S   85 
-0.15348 -1.28309  0.25066 B   86 
-0.23576 -1.50119  0.30561 S   86 
 0.07514 -1.23132  0.05341 B   87 
 0.30933 -1.38731 -0.02585 D   87 
 0.24897 -0.91660  0.02610 B   88 
 0.24162 -0.80941  0.27134 I   88 
 0.45562 -0.92382 -0.20486 B   89 
 0.59398 -1.14941 -0.18394 T   89 
 0.29529 -0.78885 -0.43470 B   90 
 0.15917 -0.94087 -0.50956 A   90 
 0.23193 -0.51818 -0.29366 B   91 
-0.01133 -0.57554 -0.18030 S   91 
 0.52142 -0.43685 -0.23571 B   92 
 0.61350 -0.54150 -0.01370 V   92 
 0.63798 -0.43712 -0.51957 B   93 
 0.77469 -0.74452 -0.51803 N   93 
 0.42859 -0.23181 -0.61707 B   94 
 0.18007 -0.27734 -0.74880 X   94 
 0.48001 -0.00609 -0.41248 B   95 
 0.39226 -0.07238 -0.22740 A   95 
 0.77279  0.04710 -0.49532 B   96 
 1.00723 -0.28574 -0.26915 K   96 
 0.68416  0.15965 -0.77208 B   97 
 0.67330 -0.12590 -1.03030 K   97 
 0.49614  0.38597 -0.67861 B   98 
 0.21846  0.25640 -0.63082 I   98 
 0.70098  0.55212 -0.49585 B   99 
 0.75459  0.47275 -0.28457 V   99 
 0.89832  0.58109 -0.76464 B   100 
 1.03388  0.37338 -0.67915 S   100 
 0.71345  0.76999 -0.96277 B   101 
 0.47738  0.70122 -1.09292 D   101 
 0.74635  1.09192 -0.79625 B   102 
 0.52212  1.14232 -0.54243 B   103 
 0.34342  1.27435 -0.77886 N   103 
 0.55467  0.92604 -0.37155 B   104 
 0.32873  0.88482 -0.10272 B   105 
 0.47130  0.65839  0.18399 M   105 
 0.10730  1.07130 -0.24271 B   106 
 0.28066  1.34161 -0.16368 N   106 
-0.03692  0.83128 -0.38512 B   107 
 0.11560  0.74707 -0.50082 A   107 
-0.15322  0.81472 -0.09072 B   108 
 0.07240  0.41158 -0.16008 W   108 
-0.41987  0.97215  0.02850 B   109 
-0.59689  1.01258 -0.15202 V   109 
-0.41201  0.87256  0.32513 B   110 
-0.51948  0.68699  0.32659 A   110 
-0.12437  0.95563  0.38080 B   111 
 0.26116  0.96038  0.32648 W   111 
-0.14501  1.25779  0.31435 B   112 
-0.27992  1.43736 -0.04324 R   112 
-0.41270  1.31294  0.50515 B   113 
-0.58952  1.39146  0.24465 N   113 
-0.29578  1.11182  0.77452 B   114 
-0.74888  0.89568  0.79356 R   114 
 0.04294  1.09281  0.77565 B   115 
-0.04491  0.79144  0.72043 X   115 
 0.15646  1.33905  0.68209 B   116 
 0.28343  1.50362  0.28855 K   116 
 0.33626  1.51346  0.93410 B   117 
 0.33992  1.28870  1.13021 B   118 
 0.09221  1.21381  1.10971 T   118 
 0.39268  1.04715  1.38655 B   119 
 0.55194  1.05749  1.62472 D   119 
 0.48007  0.75400  1.23533 B   120 
 0.49297  0.84400  1.00253 V   120 
 0.63669  0.60236  1.46017 B   121 
 0.97839  0.83807  1.49511 Q   121 
 0.38030  0.51354  1.61951 B   122 
 0.29410  0.69167  1.68107 A   122 
 0.32862  0.25809  1.42250 B   123 
-0.02089  0.45100  1.26712 W   123 
 0.59704  0.09747  1.57026 B   124 
 0.75474  0.13346  1.35554 I   124 
 0.53359  0.07525  1.84362 B   125 
 0.61138  0.58193  1.91846 R   125 
 0.62562 -0.21671  2.02222 B   126 
 0.79614 -0.32693  1.79842 B   127 
 0.53959 -0.29553  1.60457 X   127 
 0.99875 -0.60959  1.68868 B   128 
 1.33648 -0.67774  1.90261 R   128 
 1.29948 -0.47422  1.50626 B   129 
 1.09250 -0.38686  1.37581 L   129 
