246 
-0.45082 -0.11089  1.25354 B   1 
-0.28166 -0.48022  1.35946 K   1 
-0.13150 -0.06033  1.40799 B   2 
-0.13749  0.19510  1.45144 V   2 
 0.16181 -0.12126  1.29209 B   3 
 0.00357 -0.44574  1.05211 F   3 
 0.45604 -0.23638  1.30585 B   4 
 0.72741 -0.24905  1.13567 B   5 
 1.12194 -0.06490  1.14108 R   5 
 0.82008 -0.55147  1.17849 B   6 
 1.10166 -0.50240  1.30762 X   6 
 0.52840 -0.65538  1.15134 B   7 
 0.23564 -0.61567  1.40652 E   7 
 0.47339 -0.56814  0.85963 B   8 
 0.32702 -0.31735  0.76073 L   8 
 0.71218 -0.70079  0.72244 B   9 
 0.88746 -0.58609  0.77972 A   9 
 0.62912 -0.98678  0.79171 B   10 
 0.67158 -1.01228  1.00472 A   10 
 0.35383 -0.98331  0.64907 B   11 
 0.21558 -0.88931  0.78693 A   11 
 0.45422 -0.89422  0.36989 B   12 
 0.43513 -0.46505  0.37653 M   12 
 0.63281 -1.13755  0.33309 B   13 
 1.03852 -1.22566  0.45896 K   13 
 0.43562 -1.36848  0.36282 B   14 
 0.10419 -1.42279  0.66907 R   14 
 0.26588 -1.23138  0.11547 B   15 
-0.02757 -1.15711  0.36035 H   15 
 0.51619 -1.17393 -0.10706 B   16 
 0.65489 -0.86780 -0.13449 B   17 
 0.38559 -0.69773 -0.07285 L   17 
 0.93255 -0.95343 -0.14573 B   18 
 1.17595 -0.95168  0.04163 D   18 
 1.04126 -0.86777 -0.45653 B   19 
 1.30948 -0.96720 -0.30889 N   19 
 0.80381 -0.76173 -0.58397 B   20 
 0.39670 -0.91278 -0.66554 Y   20 
 0.86912 -0.66479 -0.88904 B   21 
 0.50116 -0.81150 -1.15103 R   21 
 1.16576 -0.57703 -0.74690 B   22 
 1.06436 -0.49585 -0.45001 B   23 
 0.91526 -0.14928 -0.73101 Y   23 
 1.18089 -0.45221 -0.17308 B   24 
 1.40464 -0.39131 -0.13952 S   24 
 1.05690 -0.45783  0.13680 B   25 
 0.99783 -0.69775  0.33048 L   25 
 1.14280 -0.16279  0.21652 B   26 
 0.95358 -0.02003  0.01779 B   27 
 1.16722 -0.01893 -0.24348 N   27 
 0.68452 -0.11092  0.13707 B   28 
 0.57490 -0.36547 -0.21253 W   28 
 0.73075 -0.00139  0.42092 B   29 
 0.84574 -0.17382  0.57783 V   29 
 0.78409  0.28792  0.33757 B   30 
 1.00882  0.42333  0.24737 X   30 
 0.51157  0.33988  0.20609 B   31 
 0.51858  0.24035  0.01143 A   31 
 0.32689  0.27606  0.44597 B   32 
 0.31839  0.06168  0.46282 A   32 
 0.44315  0.49303  0.62880 B   33 
 0.64846  0.58517  0.88525 K   33 
 0.37343  0.75073  0.42344 B   34 
 0.77344  0.83585  0.46549 F   34 
 0.06664  0.67722  0.36933 B   35 
 0.10831  0.62478  0.02379 E   35 
-0.03676  0.55598  0.68747 B   36 
-0.09773  0.35738  0.61021 S   36 
 0.14695  0.48680  0.93028 B   37 
 0.23470  0.70487  1.09464 N   37 
 0.04713  0.17885  0.96514 B   38 
 0.45981  0.15853  0.95689 F   38 
-0.27284  0.23730  0.90465 B   39 
-0.43128  0.37969  1.11676 N   39 
-0.55135  0.05575  0.80618 B   40 
-0.51318 -0.16681  0.91177 T   40 
-0.77139  0.30705  0.86462 B   41 
-0.94627  0.16541  1.19437 Q   41 
-0.67427  0.49006  0.65295 B   42 
-0.47882  0.55539  0.70009 A   42 
-0.82448  0.79637  0.52272 B   43 
-1.03945  0.68492  0.55826 T   43 
-0.83553  0.98685  0.20034 B   44 
-0.56303  1.03698  0.39319 N   44 
-0.93494  1.25773  0.04643 B   45 
-1.43510  1.25142 -0.03640 R   45 
-0.97821  1.35332 -0.28367 B   46 
-0.75432  1.09592 -0.31448 N   46 
-1.01793  1.59595 -0.51450 B   47 
-0.83439  1.77771 -0.52050 T   47 
-1.17514  1.37898 -0.71442 B   48 
-0.99818  1.18936 -0.76982 D   48 
-1.35418  1.21532 -0.47236 B   49 
-1.19048  1.01528 -0.38672 B   50 
-1.03891  0.91989 -0.55505 S   50 
-1.03062  0.73846 -0.18805 B   51 
-1.19469  0.83538  0.00640 T   51 
-0.79862  0.64263  0.04484 B   52 
-0.55483  0.75765 -0.16790 D   52 
-0.69770  0.30435  0.15462 B   53 
-1.16509  0.40633  0.11116 Y   53 
-0.51143  0.21299  0.40136 B   54 
-0.17271  0.11864  0.42967 B   55 
-0.09107 -0.08792  0.58650 I   55 
-0.16376  0.19191  0.08563 B   56 
 0.05375 -0.04383  0.06483 L   56 
-0.36159  0.39186 -0.02969 B   57 
-0.38703  0.62471  0.22447 Q   57 
-0.60565  0.28030 -0.18840 B   58 
-0.51073 -0.00940 -0.24443 I   58 
-0.79184  0.37578 -0.46143 B   59 
-0.78270  0.64891 -0.59606 N   59 
-1.14233  0.42706 -0.55874 B   60 
-1.23304  0.56253 -0.39763 S   60 
-1.11838  0.47843 -0.87957 B   61 
-1.18726  0.89092 -0.97813 R   61 
-0.96781  0.17478 -0.93441 B   62 
-0.78002  0.46897 -1.22774 W   62 
-0.96480 -0.06098 -0.68431 B   63 
-0.56874  0.00868 -0.85837 W   63 
-1.22285  0.02873 -0.50746 B   64 
-1.10639  0.05128 -0.27596 X   64 
-1.54050  0.02200 -0.33559 B   65 
-1.79762  0.01265 -0.48399 N   65 
-1.74174  0.30800 -0.17347 B   66 
-1.55612  0.50019 -0.20928 D   66 
-2.01175  0.43505 -0.31936 B   67 
-1.86093  0.75733 -0.38982 B   68 
-1.69568  0.91388  0.02578 R   68 
-1.71384  0.69877 -0.69273 B   69 
-1.48876  0.70409 -0.57213 T   69 
-1.73519  0.81523 -0.97818 B   70 
-1.82944  0.98984 -0.89821 P   70 
-1.60229  0.61796 -1.22052 B   71 
-1.53202  0.35427 -1.09824 B   72 
-1.57998  0.36455 -0.86573 S   72 
-1.35723  0.01493 -1.10293 B   73 
-1.27405  0.03092 -1.45006 R   73 
-1.26501 -0.21921 -0.90839 B   74 
-1.42350 -0.30534 -0.69527 N   74 
-0.99995 -0.40972 -0.97506 B   75 
-0.89739 -0.21536 -1.21270 L   75 
-0.99150 -0.57290 -0.68538 B   76 
-0.72299 -0.43243 -0.61708 X   76 
-1.26905 -0.65384 -0.60558 B   77 
-1.43799 -0.81697 -0.74446 N   77 
-1.34326 -0.43929 -0.35184 B   78 
-1.14089 -0.59696 -0.20737 I   78 
-1.41614 -0.31796 -0.06804 B   79 
-1.56187 -0.45952 -0.01901 P   79 
-1.25680 -0.06195  0.07660 B   80 
-1.27690  0.15652 -0.15064 X   80 
-1.29389 -0.17202  0.37223 B   81 
-1.53179 -0.19960  0.38257 S   81 
-1.10143 -0.41788  0.34088 B   82 
-1.19704 -0.54414  0.20220 A   82 
-0.84797 -0.20942  0.35154 B   83 
-0.81265 -0.17768  0.02770 L   83 
-0.89993 -0.17803  0.69173 B   84 
-1.03468  0.10454  0.59051 L   84 
-0.81226 -0.42322  0.79810 B   85 
-0.93144 -0.65299  0.78565 S   85 
-0.59939 -0.61466  0.99781 B   86 
-0.71740 -0.67306  1.19786 S   86 
-0.60913 -0.77900  0.73944 B   87 
-0.64776 -1.06370  0.68551 D   87 
-0.37775 -0.73678  0.46615 B   88 
-0.14848 -0.65612  0.57845 I   88 
-0.45361 -0.91950  0.22750 B   89 
-0.50225 -1.16251  0.32264 T   89 
-0.61238 -0.72195  0.04718 B   90 
-0.80943 -0.70442  0.13722 A   90 
-0.39121 -0.50535  0.01058 B   91 
-0.45032 -0.33653  0.21872 S   91 
-0.17735 -0.68920 -0.10876 B   92 
-0.03754 -0.81415  0.07443 V   92 
-0.32659 -0.79753 -0.35403 B   93 
-0.43484 -1.08804 -0.22337 N   93 
-0.37467 -0.51264 -0.46371 B   94 
-0.60279 -0.34459 -0.43354 X   94 
-0.08267 -0.41215 -0.47316 B   95 
-0.02727 -0.37091 -0.26926 A   95 
 0.01760 -0.62199 -0.67644 B   96 
 0.09725 -0.99554 -0.40994 K   96 
-0.15502 -0.49788 -0.90430 B   97 
-0.50002 -0.66883 -0.91287 K   97 
-0.04707 -0.20868 -0.89993 B   98 
-0.20763 -0.05746 -0.68190 I   98 
 0.26442 -0.26828 -0.94878 B   99 
 0.39360 -0.34782 -0.77329 V   99 
 0.17769 -0.42413 -1.23201 B   100 
 0.18332 -0.65126 -1.10083 S   100 
 0.06028 -0.17360 -1.41246 B   101 
-0.17406 -0.02915 -1.37220 D   101 
 0.37032 -0.00366 -1.49873 B   102 
 0.47841  0.21969 -1.26277 B   103 
 0.30523  0.43007 -1.43889 N   103 
 0.49411  0.07508 -1.02639 B   104 
 0.56145  0.24691 -0.72480 B   105 
 0.70204  0.01296 -0.44320 M   105 
 0.46761  0.52844 -0.84864 B   106 
 0.74941  0.55023 -1.02035 N   106 
 0.17064  0.49771 -0.75092 B   107 
 0.10979  0.31934 -0.84158 A   107 
 0.31814  0.59649 -0.48832 B   108 
 0.14620  0.17453 -0.38527 W   108 
 0.37147  0.91027 -0.39448 B   109 
 0.18796  1.06839 -0.47742 V   109 
 0.52957  0.86007 -0.12905 B   110 
 0.38060  0.83849  0.02369 A   110 
 0.74197  0.67863 -0.25031 B   111 
 0.87664  0.36676 -0.44059 W   111 
 0.85277  0.86897 -0.46856 B   112 
 0.63958  1.06583 -0.77535 R   112 
 0.89974  1.12719 -0.26310 B   113 
 0.68082  1.30356 -0.42518 N   113 
 1.03071  0.92798  0.00117 B   114 
 0.72447  1.16907  0.31813 R   114 
 1.17075  0.64278 -0.11776 B   115 
 0.92644  0.53477  0.05611 X   115 
 1.29083  0.69050 -0.37385 B   116 
 1.15973  0.66488 -0.79840 K   116 
 1.64475  0.65937 -0.36904 B   117 
 1.66083  0.53439 -0.09865 B   118 
 1.49547  0.69002  0.02714 T   118 
 1.73191  0.36280  0.20523 B   119 
 1.97635  0.25158  0.30559 D   119 
 1.50175  0.11310  0.23870 B   120 
 1.39264  0.14399  0.01597 V   120 
 1.64614 -0.09146  0.42680 B   121 
 1.95209 -0.22831  0.17941 Q   121 
 1.59635  0.07182  0.69115 B   122 
 1.70014  0.24885  0.66221 A   122 
 1.29317 -0.04551  0.72370 B   123 
 1.13539  0.34271  0.63473 W   123 
 1.42755 -0.34955  0.81951 B   124 
 1.36540 -0.46658  0.58560 I   124 
 1.58042 -0.29788  1.05016 B   125 
 1.94756 -0.06058  0.77218 R   125 
 1.58608 -0.53455  1.31391 B   126 
 1.44241 -0.74799  1.15541 B   127 
 1.20934 -0.53143  1.09919 X   127 
 1.29831 -1.08278  1.16736 B   128 
 1.56117 -1.38556  1.22817 R   128 
 1.37710 -1.25581  0.84195 B   129 
 1.24166 -1.04352  0.77809 L   129 
