246 
-1.22820  0.28437  0.44448 B   1 
-1.37331 -0.10387  0.51120 K   1 
-1.16446  0.18555  0.78293 B   2 
-1.09712  0.41232  0.88880 V   2 
-0.95285 -0.02836  0.89536 B   3 
-0.98111 -0.25534  0.52712 F   3 
-0.86160 -0.27334  1.07332 B   4 
-0.60011 -0.44151  1.15145 B   5 
-0.33066 -0.48204  1.49108 R   5 
-0.70856 -0.74166  1.14602 B   6 
-0.64515 -0.82582  1.44144 X   6 
-0.87705 -0.68693  0.89063 B   7 
-1.20320 -0.47454  0.86024 E   7 
-0.64699 -0.62002  0.69486 B   8 
-0.54378 -0.34379  0.61030 L   8 
-0.47569 -0.87040  0.73236 B   9 
-0.38451 -0.85361  0.92873 A   9 
-0.68628 -1.06477  0.62578 B   10 
-0.83764 -1.08211  0.78267 A   10 
-0.71493 -0.94048  0.34316 B   11 
-0.85169 -0.77371  0.36413 A   11 
-0.41531 -0.94873  0.26495 B   12 
-0.25612 -0.57122  0.39433 M   12 
-0.39578 -1.25127  0.28828 B   13 
-0.32286 -1.51568  0.62440 K   13 
-0.61145 -1.34587  0.09430 B   14 
-1.03414 -1.18823  0.03888 R   14 
-0.45289 -1.17314 -0.13767 B   15 
-0.75752 -0.93210 -0.16394 H   15 
-0.13368 -1.27708 -0.08494 B   16 
 0.08122 -1.08842  0.09375 B   17 
-0.03269 -0.79984 -0.00107 L   17 
 0.19512 -1.30287  0.25374 B   18 
 0.17570 -1.40121  0.54408 D   18 
 0.52166 -1.32208  0.16015 B   19 
 0.50405 -1.52429  0.41001 N   19 
 0.54206 -1.12726 -0.05314 B   20 
 0.33775 -1.06133 -0.43931 Y   20 
 0.84690 -1.11427 -0.16988 B   21 
 0.80169 -1.08624 -0.64182 R   21 
 0.92367 -1.17135  0.15685 B   22 
 0.67903 -1.01480  0.30058 B   23 
 0.95853 -0.67738  0.12933 Y   23 
 0.54429 -1.00255  0.57237 B   24 
 0.65621 -1.05907  0.77030 S   24 
 0.24317 -0.90729  0.68047 B   25 
-0.03151 -1.05924  0.68465 L   25 
 0.34525 -0.68851  0.88664 B   26 
 0.45921 -0.49523  0.67373 B   27 
 0.76663 -0.63360  0.65793 N   27 
 0.19574 -0.42298  0.53144 B   28 
 0.30391 -0.62794  0.15023 W   28 
 0.04697 -0.31812  0.77959 B   29 
-0.08456 -0.50448  0.90429 V   29 
 0.25464 -0.10764  0.85745 B   30 
 0.49162 -0.11596  1.00149 X   30 
 0.23854  0.05809  0.59952 B   31 
 0.35018 -0.05421  0.44861 A   31 
-0.06338  0.12563  0.60179 B   32 
-0.16738 -0.05141  0.53732 A   32 
-0.05627  0.27486  0.86956 B   33 
-0.11096  0.28140  1.20627 K   33 
 0.16959  0.50546  0.77337 B   34 
 0.37373  0.38192  1.10815 F   34 
 0.02635  0.59053  0.50005 B   35 
 0.28962  0.48274  0.29280 E   35 
-0.31752  0.57752  0.59053 B   36 
-0.36982  0.42898  0.43455 S   36 
-0.43807  0.45530  0.85134 B   37 
-0.43080  0.61759  1.08773 N   37 
-0.63976  0.24640  0.70406 B   38 
-0.43360  0.02018  0.98172 F   38 
-0.73131  0.45020  0.46005 B   39 
-0.91527  0.67754  0.52965 N   39 
-0.87023  0.42323  0.14350 B   40 
-1.02168  0.22646  0.16552 T   40 
-0.92394  0.75609  0.10742 B   41 
-1.32098  0.76305  0.14854 Q   41 
-0.63940  0.83802  0.10013 B   42 
-0.55031  0.80119  0.28828 A   42 
-0.49174  1.15986  0.01091 B   43 
-0.67240  1.17712 -0.15328 T   43 
-0.17430  1.28922 -0.14019 B   44 
-0.16363  1.21827  0.18967 N   44 
 0.00269  1.55230 -0.22027 B   45 
-0.18893  1.78874 -0.62577 R   45 
 0.27133  1.61578 -0.42951 B   46 
 0.30344  1.27912 -0.37513 N   46 
 0.52563  1.81530 -0.52571 B   47 
 0.69641  1.87760 -0.34210 T   47 
 0.51089  1.68462 -0.83305 B   48 
 0.56555  1.42658 -0.80534 D   48 
 0.16971  1.66419 -0.85767 B   49 
 0.10591  1.42104 -0.75301 B   50 
 0.27205  1.24268 -0.78445 S   50 
-0.07714  1.12787 -0.60401 B   51 
-0.26889  1.31700 -0.56426 T   51 
-0.17657  0.95733 -0.32423 B   52 
 0.15521  0.90710 -0.25127 D   52 
-0.34645  0.63048 -0.29290 B   53 
-0.50769  0.94783 -0.61544 Y   53 
-0.47768  0.48848 -0.03496 B   54 
-0.36669  0.24062  0.19017 B   55 
-0.52880  0.04186  0.28040 I   55 
-0.07012  0.25702  0.00150 B   56 
-0.04009 -0.05669  0.06474 L   56 
-0.00094  0.51368 -0.14599 B   57 
-0.11324  0.75651  0.07283 Q   57 
-0.04819  0.52191 -0.45405 B   58 
-0.07498  0.21951 -0.51660 I   58 
 0.10480  0.66420 -0.72731 B   59 
 0.32275  0.87688 -0.71827 N   59 
 0.02303  0.87278 -1.01844 B   60 
-0.09068  1.05389 -0.93597 S   60 
 0.30059  0.86570 -1.18891 B   61 
 0.50814  1.24125 -1.16669 R   61 
 0.29531  0.52349 -1.21617 B   62 
 0.73289  0.64494 -1.17585 W   62 
 0.01058  0.35068 -1.13126 B   63 
 0.37127  0.18966 -0.94156 W   63 
-0.21807  0.57884 -1.17094 B   64 
-0.32673  0.56758 -0.93486 X   64 
-0.51205  0.75393 -1.28672 B   65 
-0.53234  0.85741 -1.56439 N   65 
-0.62128  1.11959 -1.23253 B   66 
-0.42250  1.18615 -1.06304 D   66 
-0.59472  1.34654 -1.47362 B   67 
-0.33435  1.53769 -1.30854 B   68 
-0.50452  1.63882 -0.87801 R   68 
-0.05291  1.37675 -1.41674 B   69 
-0.02921  1.28258 -1.18051 T   69 
 0.20118  1.45246 -1.57550 B   70 
 0.16342  1.65899 -1.53442 P   70 
 0.37308  1.18737 -1.69995 B   71 
 0.20843  0.94128 -1.65809 B   72 
 0.01111  1.00246 -1.54068 S   72 
 0.16267  0.56243 -1.64802 B   73 
 0.47581  0.49207 -1.80508 R   73 
-0.03404  0.33933 -1.53530 B   74 
-0.31138  0.37135 -1.53887 N   74 
 0.07327  0.03479 -1.45325 B   75 
 0.38496  0.12054 -1.46956 L   75 
-0.20948 -0.07387 -1.31594 B   76 
-0.06924 -0.08066 -1.03884 X   76 
-0.44309  0.00637 -1.48605 B   77 
-0.48847 -0.06494 -1.74546 N   77 
-0.58708  0.25806 -1.30761 B   78 
-0.65908  0.03881 -1.12477 I   78 
-0.79110  0.43299 -1.13924 B   79 
-0.95933  0.39126 -1.25601 P   79 
-0.71732  0.58928 -0.85291 B   80 
-0.46565  0.75869 -0.94087 X   80 
-1.00606  0.54970 -0.72662 B   81 
-1.14509  0.64718 -0.89583 S   81 
-0.98471  0.23867 -0.69091 B   82 
-0.97833  0.16199 -0.88686 A   82 
-0.78056  0.29062 -0.43905 B   83 
-0.50293  0.26066 -0.60980 L   83 
-1.05346  0.38493 -0.24920 B   84 
-0.92974  0.68221 -0.31681 L   84 
-1.18971  0.14397 -0.19927 B   85 
-1.33341  0.00595 -0.36497 S   85 
-1.31222 -0.10274  0.01513 B   86 
-1.54795 -0.06898  0.04062 S   86 
-1.18669 -0.26977 -0.20892 B   87 
-1.28040 -0.50038 -0.36221 D   87 
-0.84449 -0.38336 -0.20665 B   88 
-0.78183 -0.41621  0.05158 I   88 
-0.77479 -0.53042 -0.47049 B   89 
-0.97033 -0.70223 -0.52261 T   89 
-0.63731 -0.30337 -0.63265 B   90 
-0.79824 -0.17821 -0.70801 A   90 
-0.41010 -0.23394 -0.43084 B   91 
-0.53024 -0.03450 -0.28555 S   91 
-0.28574 -0.51338 -0.41601 B   92 
-0.40556 -0.66844 -0.24188 V   92 
-0.21786 -0.56066 -0.71151 B   93 
-0.48979 -0.73876 -0.79821 N   93 
-0.04304 -0.30608 -0.72295 B   94 
-0.11300 -0.04379 -0.80955 X   94 
 0.15214 -0.36833 -0.49170 B   95 
 0.04130 -0.33621 -0.30996 A   95 
 0.27271 -0.62300 -0.61828 B   96 
-0.04170 -0.95027 -0.51366 K   96 
 0.40970 -0.45756 -0.84407 B   97 
 0.17298 -0.43107 -1.14671 K   97 
 0.57798 -0.26403 -0.67221 B   98 
 0.39201 -0.02736 -0.59747 I   98 
 0.74817 -0.47782 -0.50400 B   99 
 0.64726 -0.58961 -0.32755 V   99 
 0.85727 -0.60183 -0.79511 B   100 
 0.66804 -0.78301 -0.78114 S   100 
 1.03717 -0.35031 -0.91125 B   101 
 0.94682 -0.10385 -1.00340 D   101 
 1.32817 -0.37157 -0.69372 B   102 
 1.29323 -0.20633 -0.39587 B   103 
 1.42544  0.03946 -0.56133 N   103 
 1.06230 -0.30923 -0.28134 B   104 
 0.93589 -0.15956  0.01300 B   105 
 0.69726 -0.39629  0.21502 M   105 
 1.09707  0.11347 -0.04062 B   106 
 1.37895 -0.03066  0.05498 N   106 
 0.86034  0.24862 -0.19676 B   107 
 0.82653  0.11569 -0.35464 A   107 
 0.77449  0.29070  0.10545 B   108 
 0.43824  0.02888 -0.08590 W   108 
 0.85696  0.54362  0.30379 B   109 
 0.89173  0.76122  0.17341 V   109 
 0.71394  0.45328  0.56714 B   110 
 0.51360  0.52839  0.55272 A   110 
 0.84002  0.17639  0.58049 B   111 
 0.92667 -0.18129  0.45337 W   111 
 1.13944  0.25690  0.58099 B   112 
 1.34564  0.49541  0.30007 R   112 
 1.11107  0.47906  0.82785 B   113 
 1.19573  0.72049  0.62825 N   113 
 0.89488  0.27478  1.02333 B   114 
 0.59642  0.67371  1.08775 R   114 
 0.94065 -0.05413  0.95391 B   115 
 0.64108 -0.00237  0.85815 X   115 
 1.21582 -0.10488  0.89082 B   116 
 1.46307 -0.11230  0.52084 K   116 
 1.37802 -0.30917  1.13209 B   117 
 1.12930 -0.39134  1.27483 B   118 
 1.01304 -0.15967  1.28901 T   118 
 0.86389 -0.53702  1.46238 B   119 
 0.86557 -0.74308  1.66171 D   119 
 0.62113 -0.63062  1.24158 B   120 
 0.74847 -0.57628  1.03350 V   120 
 0.46762 -0.85547  1.39635 B   121 
 0.75512 -1.15665  1.40958 Q   121 
 0.30708 -0.65865  1.58210 B   122 
 0.45321 -0.56301  1.69367 A   122 
 0.08183 -0.60236  1.35225 B   123 
 0.22740 -0.20164  1.31037 W   123 
-0.04665 -0.91847  1.40923 B   124 
 0.05296 -1.01566  1.17922 I   124 
-0.12451 -0.92326  1.67970 B   125 
 0.36876 -0.93894  1.83720 R   125 
-0.41868 -1.09653  1.77484 B   126 
-0.45674 -1.22598  1.50446 B   127 
-0.44367 -0.93019  1.37515 X   127 
-0.67417 -1.43831  1.30288 B   128 
-0.71066 -1.82230  1.42815 R   128 
-0.45639 -1.66550  1.09552 B   129 
-0.38998 -1.42346  1.02847 L   129 
