246 
-0.96082 -0.42216  0.82796 B   1 
-0.79441 -0.78677  0.95289 K   1 
-0.76980 -0.37421  1.12727 B   2 
-0.84500 -0.13599  1.19629 V   2 
-0.45115 -0.37912  1.16752 B   3 
-0.41026 -0.65867  0.83874 F   3 
-0.18281 -0.46444  1.31148 B   4 
 0.13343 -0.41301  1.30097 B   5 
 0.43394 -0.19573  1.52918 R   5 
 0.25119 -0.70672  1.34273 B   6 
 0.42212 -0.65857  1.60126 X   6 
 0.03377 -0.83106  1.15867 B   7 
-0.34643 -0.87663  1.23466 E   7 
 0.10818 -0.68916  0.89398 B   8 
-0.01906 -0.43894  0.77028 L   8 
 0.40401 -0.76464  0.87882 B   9 
 0.50509 -0.64795  1.03155 A   9 
 0.35514 -1.06568  0.85704 B   10 
 0.29539 -1.13195  1.05670 A   10 
 0.18586 -1.05926  0.59734 B   11 
-0.01648 -1.01140  0.65834 A   11 
 0.38738 -0.90268  0.42175 B   12 
 0.28478 -0.48908  0.47653 M   12 
 0.60527 -1.11328  0.44685 B   13 
 0.91086 -1.18526  0.74624 K   13 
 0.46655 -1.36377  0.34147 B   14 
 0.04709 -1.51553  0.42874 R   14 
 0.41174 -1.19446  0.06377 B   15 
 0.02915 -1.20431  0.13535 H   15 
 0.72119 -1.06576  0.00758 B   16 
 0.79405 -0.74857  0.09581 B   17 
 0.50066 -0.62357  0.03626 L   17 
 1.05433 -0.80153  0.21414 B   18 
 1.17399 -0.81568  0.49667 D   18 
 1.27867 -0.64066  0.01526 B   19 
 1.45808 -0.74209  0.26254 N   19 
 1.11481 -0.53405 -0.19840 B   20 
 0.83325 -0.70408 -0.49341 Y   20 
 1.29697 -0.36781 -0.41266 B   21 
 1.13386 -0.49093 -0.84137 R   21 
 1.46717 -0.28336 -0.13016 B   22 
 1.22343 -0.27841  0.08334 B   23 
 1.16178  0.10370 -0.18405 Y   23 
 1.18353 -0.28383  0.38426 B   24 
 1.34791 -0.20945  0.53375 S   24 
 0.93102 -0.36828  0.58560 B   25 
 0.83477 -0.64887  0.68837 L   25 
 0.90982 -0.09015  0.73721 B   26 
 0.81411  0.07226  0.49199 B   27 
 1.12137  0.15086  0.37658 N   27 
 0.54406 -0.06861  0.44604 B   28 
 0.66521 -0.25180  0.05772 W   28 
 0.42777 -0.01854  0.72653 B   29 
 0.48535 -0.20825  0.89468 V   29 
 0.45714  0.28577  0.72180 B   30 
 0.66671  0.45921  0.77637 X   30 
 0.27556  0.33719  0.47966 B   31 
 0.39327  0.28300  0.30343 A   31 
 0.01546  0.20516  0.58278 B   32 
 0.04164 -0.00759  0.56354 A   32 
-0.01354  0.38833  0.82697 B   33 
 0.02312  0.44333  1.16169 K   33 
-0.02575  0.67580  0.65190 B   34 
 0.28122  0.78955  0.90059 F   34 
-0.24922  0.58527  0.44138 B   35 
-0.03922  0.61272  0.16026 E   35 
-0.46559  0.38879  0.64431 B   36 
-0.44282  0.20634  0.52054 S   36 
-0.40978  0.28783  0.93446 B   37 
-0.45470  0.47318  1.14870 N   37 
-0.45244 -0.02883  0.87188 B   38 
-0.09030 -0.00546  1.06958 F   38 
-0.70973  0.00889  0.66734 B   39 
-0.97403  0.08579  0.78817 N   39 
-0.86695 -0.17424  0.41840 B   40 
-0.84125 -0.40932  0.49726 T   40 
-1.13224  0.03530  0.39201 B   41 
-1.41155 -0.19065  0.56611 Q   41 
-0.98377  0.26829  0.28524 B   42 
-0.85099  0.34122  0.43270 A   42 
-1.11017  0.57879  0.14047 B   43 
-1.29003  0.44135  0.04745 T   43 
-1.00344  0.83198 -0.11416 B   44 
-0.87077  0.86657  0.19432 N   44 
-1.06813  1.11824 -0.25844 B   45 
-1.45697  1.07979 -0.58152 R   45 
-0.96702  1.27768 -0.54885 B   46 
-0.71037  1.05667 -0.49778 N   46 
-0.93848  1.55900 -0.73264 B   47 
-0.81323  1.75526 -0.62059 T   47 
-0.93652  1.37540 -1.01200 B   48 
-0.72159  1.22081 -0.99623 D   48 
-1.17350  1.14647 -0.91784 B   49 
-1.03491  0.95014 -0.78980 B   50 
-0.80640  0.90881 -0.87029 S   50 
-0.93844  0.65455 -0.57773 B   51 
-1.19038  0.69050 -0.48103 T   51 
-0.83130  0.53467 -0.27541 B   52 
-0.54324  0.71653 -0.31864 D   52 
-0.73132  0.19256 -0.17726 B   53 
-1.13168  0.25414 -0.43543 Y   53 
-0.67088  0.06947  0.11449 B   54 
-0.37526  0.00566  0.29609 B   55 
-0.33966 -0.22052  0.44273 I   55 
-0.21839  0.15165  0.01699 B   56 
 0.02384 -0.05112  0.07636 L   56 
-0.37217  0.35084 -0.15356 B   57 
-0.55976  0.51992  0.08242 Q   57 
-0.48475  0.25210 -0.42701 B   58 
-0.32059 -0.00780 -0.46673 I   58 
-0.53343  0.38484 -0.74059 B   59 
-0.51451  0.68003 -0.81353 N   59 
-0.79806  0.42045 -0.99288 B   60 
-0.97865  0.50837 -0.88247 S   60 
-0.63509  0.54167 -1.24763 B   61 
-0.72725  0.95667 -1.30994 R   61 
-0.42102  0.27354 -1.26025 B   62 
-0.17745  0.64117 -1.37591 W   62 
-0.49157 -0.00892 -1.07755 B   63 
-0.08237  0.13582 -1.01740 W   63 
-0.81445  0.01438 -1.04411 B   64 
-0.82875 -0.00176 -0.78488 X   64 
-1.16747 -0.06090 -1.05809 B   65 
-1.31594 -0.06387 -1.31532 N   65 
-1.47256  0.16197 -0.98179 B   66 
-1.33340  0.37497 -0.89271 D   66 
-1.65969  0.28969 -1.22471 B   67 
-1.55912  0.63303 -1.16490 B   68 
-1.64489  0.71241 -0.70568 R   68 
-1.27767  0.65594 -1.35746 B   69 
-1.14273  0.65775 -1.14061 T   69 
-1.18299  0.82825 -1.59588 B   70 
-1.33568  0.97127 -1.55113 P   70 
-0.91564  0.70197 -1.76287 B   71 
-0.86235  0.42657 -1.65925 B   72 
-1.01592  0.38181 -1.48353 S   72 
-0.64439  0.11542 -1.62179 B   73 
-0.41123  0.21385 -1.87403 R   73 
-0.61228 -0.14460 -1.44141 B   74 
-0.83288 -0.28993 -1.35102 N   74 
-0.31619 -0.28880 -1.39109 B   75 
-0.15292 -0.03866 -1.51573 L   75 
-0.41492 -0.50871 -1.16194 B   76 
-0.24400 -0.36000 -0.94940 X   76 
-0.67542 -0.63228 -1.24448 B   77 
-0.72294 -0.77786 -1.47029 N   77 
-0.90114 -0.48578 -1.03589 B   78 
-0.76549 -0.64972 -0.83240 I   78 
-1.12195 -0.43618 -0.81373 B   79 
-1.24295 -0.59883 -0.86454 P   79 
-1.10338 -0.20256 -0.57513 B   80 
-1.05502  0.05648 -0.74928 X   80 
-1.25430 -0.37671 -0.35653 B   81 
-1.45812 -0.42956 -0.47111 S   81 
-1.02661 -0.58955 -0.32014 B   82 
-1.01840 -0.69201 -0.50385 A   82 
-0.85441 -0.36392 -0.15506 B   83 
-0.67645 -0.25999 -0.40934 L   83 
-1.06662 -0.41170  0.11345 B   84 
-1.18894 -0.12894 -0.00204 L   84 
-0.99442 -0.66397  0.21477 B   85 
-1.04636 -0.89646  0.11276 S   85 
-0.86945 -0.87152  0.46606 B   86 
-1.05445 -0.98305  0.56946 S   86 
-0.72332 -0.97666  0.21817 B   87 
-0.67578 -1.24554  0.11376 D   87 
-0.40307 -0.85376  0.10706 B   88 
-0.27517 -0.77655  0.32924 I   88 
-0.31952 -0.98762 -0.15977 B   89 
-0.35942 -1.24901 -0.13628 T   89 
-0.40843 -0.77287 -0.36647 B   90 
-0.62375 -0.79493 -0.38633 A   90 
-0.24309 -0.53242 -0.25685 B   91 
-0.42535 -0.41904 -0.08584 S   91 
 0.03276 -0.66397 -0.27631 B   92 
 0.08999 -0.81070 -0.06675 V   92 
 0.04207 -0.73149 -0.57551 B   93 
-0.05670 -1.05263 -0.55818 N   93 
-0.00226 -0.43597 -0.65431 B   94 
-0.24496 -0.30205 -0.72029 X   94 
 0.23346 -0.30705 -0.50179 B   95 
 0.17623 -0.30524 -0.29427 A   95 
 0.45669 -0.45721 -0.65357 B   96 
 0.47081 -0.86937 -0.43718 K   96 
 0.39267 -0.30499 -0.91786 B   97 
 0.13362 -0.50380 -1.12206 K   97 
 0.42730 -0.01415 -0.82028 B   98 
 0.15666  0.06984 -0.69425 I   98 
 0.72946 -0.03035 -0.71348 B   99 
 0.77242 -0.13238 -0.50963 V   99 
 0.81965 -0.12961 -1.02014 B   100 
 0.80614 -0.37789 -0.93643 S   100 
 0.75604  0.14077 -1.19892 B   101 
 0.50779  0.24898 -1.26263 D   101 
 1.03030  0.35547 -1.09338 B   102 
 0.96783  0.53260 -0.80708 B   103 
 0.86207  0.75746 -1.01569 N   103 
 0.89705  0.34291 -0.61723 B   104 
 0.77840  0.45181 -0.30246 B   105 
 0.81066  0.17813 -0.02344 M   105 
 0.70216  0.74251 -0.41682 B   106 
 1.02141  0.82880 -0.41867 N   106 
 0.40674  0.66192 -0.48696 B   107 
 0.43208  0.50201 -0.61935 A   107 
 0.38957  0.71626 -0.17515 B   108 
 0.27468  0.26696 -0.23141 W   108 
 0.33007  1.00628 -0.02531 B   109 
 0.18131  1.15932 -0.16675 V   109 
 0.34948  0.91634  0.27386 B   110 
 0.15324  0.84764  0.32634 A   110 
 0.62453  0.78740  0.25235 B   111 
 0.89085  0.53878  0.11501 W   111 
 0.78645  1.03030  0.14784 B   112 
 0.71101  1.26608 -0.19426 R   112 
 0.67924  1.24174  0.38215 B   113 
 0.53413  1.42595  0.15787 N   113 
 0.70475  1.00456  0.64630 B   114 
 0.24467  1.14002  0.79580 R   114 
 0.93665  0.76706  0.57620 B   115 
 0.66524  0.60030  0.58695 X   115 
 1.15211  0.88046  0.42455 B   116 
 1.24610  0.93362 -0.00721 K   116 
 1.45970  0.88464  0.60238 B   117 
 1.36929  0.70676  0.82413 B   118 
 1.13748  0.81437  0.86962 T   118 
 1.31923  0.48191  1.09574 B   119 
 1.50296  0.37679  1.28910 D   119 
 1.15406  0.20907  0.97439 B   120 
 1.16017  0.27599  0.73366 V   120 
 1.22829 -0.01559  1.17956 B   121 
 1.63492 -0.06476  1.10354 Q   121 
 1.02843  0.08126  1.40247 B   122 
 1.09701  0.26986  1.45419 A   122 
 0.77539 -0.07009  1.26174 B   123 
 0.60705  0.31037  1.15957 W   123 
 0.90410 -0.37258  1.36947 B   124 
 0.98446 -0.44226  1.12258 I   124 
 0.91582 -0.35661  1.65027 B   125 
 1.31710 -0.02958  1.63012 R   125 
 0.84124 -0.64262  1.84583 B   126 
 0.83447 -0.83033  1.60911 B   127 
 0.61915 -0.63122  1.47355 X   127 
 0.76987 -1.17258  1.50103 B   128 
 1.02526 -1.45347  1.64369 R   128 
 1.02552 -1.26289  1.23926 B   129 
 0.89848 -1.05651  1.14569 L   129 
