246 
 0.37950  0.56985  1.14811 B   1 
 0.12874  0.36680  1.41668 K   1 
 0.54553  0.27918  1.27586 B   2 
 0.78895  0.32332  1.19861 V   2 
 0.48970 -0.03069  1.21228 B   3 
 0.07132  0.05593  1.13904 F   3 
 0.44340 -0.33404  1.28876 B   4 
 0.40254 -0.62205  1.15408 B   5 
 0.63324 -0.98603  1.09168 R   5 
 0.17019 -0.74808  1.33300 B   6 
 0.31744 -1.00460  1.43734 X   6 
 0.01786 -0.47736  1.34392 B   7 
 0.11647 -0.15523  1.54117 E   7 
-0.04299 -0.44441  1.04236 B   8 
 0.11013 -0.27851  0.83466 L   8 
-0.18057 -0.71233  0.99006 B   9 
-0.02488 -0.86359  0.99631 A   9 
-0.41612 -0.66012  1.17788 B   10 
-0.33761 -0.68145  1.38088 A   10 
-0.52194 -0.40444  1.03798 B   11 
-0.40135 -0.24055  1.11250 A   11 
-0.54967 -0.52293  0.75311 B   12 
-0.17145 -0.44729  0.56384 M   12 
-0.75065 -0.73477  0.83789 B   13 
-0.70508 -1.13186  1.00655 K   13 
-0.97413 -0.56738  0.96087 B   14 
-0.94240 -0.21372  1.24461 R   14 
-0.99063 -0.40992  0.67152 B   15 
-0.86621 -0.08374  0.84392 H   15 
-0.99625 -0.67389  0.45758 B   16 
-0.71519 -0.77358  0.30019 B   17 
-0.58302 -0.47918  0.26699 L   17 
-0.74928 -1.05955  0.34037 B   18 
-0.62448 -1.27813  0.51642 D   18 
-0.79259 -1.19022  0.02923 B   19 
-0.77038 -1.45091  0.21677 N   19 
-0.79492 -0.95671 -0.14204 B   20 
-1.03211 -0.58453 -0.16298 Y   20 
-0.83301 -1.04250 -0.45496 B   21 
-1.13936 -0.72851 -0.63694 R   21 
-0.64339 -1.30735 -0.35595 B   22 
-0.45785 -1.16364 -0.13248 B   23 
-0.30100 -1.00290 -0.54584 Y   23 
-0.27782 -1.24175  0.09917 B   24 
-0.17194 -1.45045  0.11066 S   24 
-0.16689 -1.08567  0.37260 B   25 
-0.30295 -1.03717  0.65133 L   25 
 0.14281 -1.12281  0.31348 B   26 
 0.14949 -0.93999  0.06407 B   27 
 0.07097 -1.17953 -0.16035 N   27 
 0.07697 -0.67347  0.20041 B   28 
-0.31995 -0.63787 -0.00013 W   28 
 0.30642 -0.67294  0.40549 B   29 
 0.24273 -0.79120  0.62807 V   29 
 0.53373 -0.69700  0.20241 B   30 
 0.65092 -0.91078  0.06997 X   30 
 0.47606 -0.43647  0.05059 B   31 
 0.30364 -0.47816 -0.07740 A   31 
 0.49467 -0.23605  0.28555 B   32 
 0.31162 -0.25380  0.39731 A   32 
 0.78604 -0.30176  0.35487 B   33 
 1.01465 -0.46328  0.54995 K   33 
 0.91113 -0.22238  0.05239 B   34 
 1.07156 -0.60059  0.06770 F   34 
 0.77119  0.06418  0.02490 B   35 
 0.57958 -0.02239 -0.25737 E   35 
 0.78724  0.18578  0.35890 B   36 
 0.56785  0.21125  0.37755 S   36 
 0.86396  0.02294  0.61402 B   37 
 1.14340 -0.01662  0.66523 N   37 
 0.59107  0.08492  0.78046 B   38 
 0.63846 -0.32518  0.79926 F   38 
 0.56250  0.40099  0.68698 B   39 
 0.75511  0.59941  0.80488 N   39 
 0.31245  0.64061  0.67008 B   40 
 0.16910  0.58574  0.86650 T   40 
 0.52307  0.89675  0.59926 B   41 
 0.51431  1.08741  0.94991 Q   41 
 0.60738  0.80131  0.33185 B   42 
 0.71844  0.62259  0.35226 A   42 
 0.79501  0.97474  0.07096 B   43 
 0.67648  1.17592  0.14426 T   43 
 0.81903  0.97446 -0.30289 B   44 
 0.99378  0.73415 -0.14266 N   44 
 0.97346  1.09057 -0.56673 B   45 
 0.84782  1.57317 -0.65818 R   45 
 0.90501  1.10875 -0.90579 B   46 
 0.70184  0.85112 -0.80745 N   46 
 1.01059  1.15377 -1.22290 B   47 
 1.19891  0.99604 -1.30304 T   47 
 0.70485  1.25791 -1.30912 B   48 
 0.54277  1.05260 -1.26530 D   48 
 0.63732  1.43997 -1.02677 B   49 
 0.52601  1.26215 -0.85317 B   50 
 0.39300  1.08154 -0.95364 S   50 
 0.39617  1.09073 -0.54428 B   51 
 0.53995  1.28677 -0.42174 T   51 
 0.45308  0.87572 -0.28394 B   52 
 0.50146  0.62679 -0.51549 D   52 
 0.22000  0.74437 -0.02880 B   53 
 0.21270  1.21326 -0.13288 Y   53 
 0.27933  0.57654  0.23997 B   54 
 0.26519  0.23371  0.32183 B   55 
 0.16580  0.14384  0.55841 I   55 
 0.17964  0.19597 -0.01739 B   56 
-0.00110 -0.05142  0.07980 L   56 
 0.27209  0.40408 -0.21878 B   57 
 0.58523  0.48801 -0.09895 Q   57 
 0.06296  0.61217 -0.31962 B   58 
-0.20137  0.47454 -0.23439 I   58 
-0.00431  0.77752 -0.61366 B   59 
 0.17875  0.78915 -0.85691 N   59 
-0.06053  1.11860 -0.73794 B   60 
 0.11480  1.24369 -0.65955 S   60 
-0.15267  1.06582 -1.04596 B   61 
 0.15615  1.17656 -1.32340 R   61 
-0.41947  0.87168 -0.95107 B   62 
-0.25797  0.69232 -1.33785 W   62 
-0.51663  0.86589 -0.62142 B   63 
-0.46577  0.46536 -0.79173 W   63 
-0.40267  1.15160 -0.51515 B   64 
-0.26127  1.06572 -0.31441 X   64 
-0.38590  1.48286 -0.37207 B   65 
-0.50253  1.71833 -0.51056 N   65 
-0.09583  1.73661 -0.36551 B   66 
 0.08889  1.57488 -0.47683 D   66 
-0.09321  2.00288 -0.56407 B   67 
 0.18515  1.88855 -0.76661 B   68 
 0.53403  1.79272 -0.46060 R   68 
 0.02454  1.70211 -1.00381 B   69 
 0.12000  1.49457 -0.88957 T   69 
-0.00216  1.70642 -1.31165 B   70 
 0.17134  1.83103 -1.32339 P   70 
-0.26077  1.52261 -1.43267 B   71 
-0.42767  1.43261 -1.20144 B   72 
-0.32411  1.50721 -1.00100 S   72 
-0.69980  1.21555 -1.04473 B   73 
-0.82483  1.09686 -1.35771 R   73 
-0.80511  1.11587 -0.76163 B   74 
-0.81360  1.28458 -0.53933 N   74 
-0.95824  0.82241 -0.72383 B   75 
-0.87446  0.72020 -1.01930 L   75 
-0.97303  0.82517 -0.39159 B   76 
-0.77418  0.58666 -0.38337 X   76 
-1.05560  1.09693 -0.29526 B   77 
-1.28891  1.22649 -0.35199 N   77 
-0.76692  1.22646 -0.16951 B   78 
-0.80848  1.02266  0.03888 I   78 
-0.54700  1.34586  0.02529 B   79 
-0.67456  1.47640  0.12709 P   79 
-0.23083  1.23854  0.04468 B   80 
-0.14169  1.26147 -0.25748 X   80 
-0.20377  1.29376  0.35631 B   81 
-0.26328  1.52567  0.36824 S   81 
-0.40226  1.06854  0.44765 B   82 
-0.59072  1.13071  0.37741 A   82 
-0.17138  0.84729  0.37312 B   83 
-0.28025  0.78041  0.07179 L   83 
-0.00240  0.94063  0.65974 B   84 
 0.17966  1.09898  0.43607 L   84 
-0.15710  0.83413  0.86913 B   85 
-0.38514  0.92012  0.95723 S   85 
-0.20233  0.62176  1.14244 B   86 
-0.18536  0.75275  1.34222 S   86 
-0.46279  0.58097  0.98639 B   87 
-0.74410  0.57579  1.06573 D   87 
-0.50738  0.32799  0.73337 B   88 
-0.34843  0.12523  0.80626 I   88 
-0.78640  0.35213  0.60048 B   89 
-0.96690  0.37894  0.79329 T   89 
-0.71819  0.51418  0.34389 B   90 
-0.69597  0.72065  0.40805 A   90 
-0.50636  0.32052  0.22227 B   91 
-0.27560  0.42410  0.32874 S   91 
-0.68538  0.07247  0.20804 B   92 
-0.69146 -0.06109  0.43353 V   92 
-0.91397  0.17788  0.03255 B   93 
-1.13066  0.26118  0.27606 N   93 
-0.71911  0.25021 -0.19614 B   94 
-0.59572  0.50026 -0.25476 X   94 
-0.58587 -0.02536 -0.23810 B   95 
-0.45036 -0.05173 -0.07291 A   95 
-0.84380 -0.17430 -0.31997 B   96 
-1.04244 -0.27177  0.08984 K   96 
-0.86363 -0.01353 -0.58620 B   97 
-1.07581  0.30303 -0.53056 K   97 
-0.58862 -0.08158 -0.70888 B   98 
-0.38597  0.12073 -0.58978 I   98 
-0.61069 -0.40169 -0.71260 B   99 
-0.58188 -0.51970 -0.51497 V   99 
-0.88748 -0.36831 -0.89780 B   100 
-1.02901 -0.38885 -0.67786 S   100 
-0.76570 -0.24009 -1.17681 B   101 
-0.65971  0.01413 -1.21600 D   101 
-0.60206 -0.53295 -1.31789 B   102 
-0.28302 -0.58385 -1.20447 B   103 
-0.20405 -0.40546 -1.46373 N   103 
-0.30372 -0.59176 -0.92781 B   104 
-0.00797 -0.60190 -0.73428 B   105 
-0.06667 -0.73946 -0.37176 M   105 
 0.17003 -0.48653 -0.97595 B   106 
 0.16063 -0.78048 -1.12717 N   106 
 0.13640 -0.18706 -0.88719 B   107 
-0.07104 -0.16057 -0.88964 A   107 
 0.36392 -0.29007 -0.69202 B   108 
 0.00850 -0.16432 -0.41617 W   108 
 0.69092 -0.29110 -0.74838 B   109 
 0.76314 -0.09894 -0.90141 V   109 
 0.79008 -0.42371 -0.48276 B   110 
 0.81349 -0.26269 -0.34308 A   110 
 0.61209 -0.67023 -0.49986 B   111 
 0.27567 -0.86493 -0.52252 W   111 
 0.70225 -0.77892 -0.77590 B   112 
 0.70500 -0.57750 -1.14704 R   112 
 1.02840 -0.76845 -0.70795 B   113 
 1.07591 -0.54788 -0.94117 N   113 
 0.99109 -0.89394 -0.37698 B   114 
 1.29229 -0.52530 -0.21648 R   114 
 0.71054 -1.08247 -0.34797 B   115 
 0.65112 -0.83647 -0.15422 X   115 
 0.65979 -1.22317 -0.59272 B   116 
 0.42814 -1.14487 -0.96459 K   116 
 0.69359 -1.57535 -0.55981 B   117 
 0.70526 -1.57727 -0.26173 B   118 
 0.87034 -1.37996 -0.22699 T   118 
 0.69976 -1.63571  0.08954 B   119 
 0.68676 -1.87982  0.23933 D   119 
 0.45586 -1.43787  0.22300 B   120 
 0.36669 -1.35127  0.00617 V   120 
 0.38251 -1.58580  0.48911 B   121 
 0.20386 -1.93275  0.34333 Q   121 
 0.63471 -1.48584  0.64853 B   122 
 0.79542 -1.56818  0.54683 A   122 
 0.49495 -1.19888  0.71822 B   123 
 0.77173 -1.00267  0.45666 W   123 
 0.29150 -1.36027  0.94678 B   124 
 0.07479 -1.34050  0.78892 I   124 
 0.46429 -1.47830  1.13507 B   125 
 0.61235 -1.84005  0.79508 R   125 
 0.37278 -1.48529  1.47739 B   126 
 0.09068 -1.38940  1.42702 B   127 
 0.21793 -1.13778  1.26928 X   127 
-0.22338 -1.28985  1.58339 B   128 
-0.41968 -1.58156  1.78549 R   128 
-0.50626 -1.42650  1.37519 B   129 
-0.36983 -1.27247  1.21660 L   129 
