246 
 0.29066  1.24769  0.38169 B   1 
-0.00137  1.45952  0.16702 K   1 
-0.00314  1.29005  0.58234 B   2 
 0.08598  1.22101  0.81571 V   2 
-0.29011  1.14849  0.55426 B   3 
-0.23394  1.11132  0.12603 F   3 
-0.60609  1.14345  0.54246 B   4 
-0.85200  0.93871  0.52328 B   5 
-1.15972  0.77674  0.78533 R   5 
-1.04485  1.08392  0.31446 B   6 
-1.30188  1.11318  0.49182 X   6 
-0.80466  1.16967  0.13680 B   7 
-0.53590  1.44229  0.21330 E   7 
-0.70150  0.88910  0.05699 B   8 
-0.47163  0.72866  0.18158 L   8 
-0.96011  0.77155 -0.05589 B   9 
-1.08977  0.73376  0.11416 A   9 
-0.98461  0.97241 -0.28511 B   10 
-1.04910  1.16054 -0.19416 A   10 
-0.71462  0.90757 -0.42311 B   11 
-0.56344  1.01958 -0.31560 A   11 
-0.75747  0.60235 -0.45408 B   12 
-0.59426  0.43017 -0.09587 M   12 
-1.00479  0.63337 -0.62822 B   13 
-1.42455  0.69019 -0.53452 K   13 
-0.90062  0.80176 -0.86035 B   14 
-0.63139  1.16778 -0.84882 R   14 
-0.67629  0.56466 -0.90780 B   15 
-0.39437  0.81371 -0.80738 H   15 
-0.87470  0.28892 -0.89858 B   16 
-0.89867  0.10373 -0.61780 B   17 
-0.59306  0.14597 -0.51749 L   17 
-1.18723  0.06797 -0.62113 B   18 
-1.42891  0.17695 -0.46603 D   18 
-1.23665 -0.26540 -0.66777 B   19 
-1.53300 -0.15384 -0.60982 N   19 
-0.96843 -0.36896 -0.70241 B   20 
-0.63194 -0.28502 -0.97616 Y   20 
-0.97377 -0.69235 -0.74842 B   21 
-0.65894 -0.77730 -1.09370 R   21 
-1.23276 -0.67149 -0.52843 B   22 
-1.13245 -0.42284 -0.34643 B   23 
-0.85378 -0.78305 -0.22858 Y   23 
-1.24771 -0.22461 -0.14744 B   24 
-1.43931 -0.27124 -0.02089 S   24 
-1.15668  0.07738 -0.03814 B   25 
-1.19739  0.36240 -0.16329 L   25 
-1.14298  0.00271  0.27012 B   26 
-0.90213 -0.18978  0.24531 B   27 
-1.08239 -0.46733  0.17912 N   27 
-0.68973  0.01379  0.15405 B   28 
-0.64714 -0.16013 -0.25457 W   28 
-0.71722  0.20586  0.39292 B   29 
-0.89542  0.39094  0.35325 V   29 
-0.66267 -0.00208  0.61034 B   30 
-0.82057 -0.18912  0.74096 X   30 
-0.37964 -0.07835  0.51907 B   31 
-0.40538 -0.20838  0.34506 A   31 
-0.24623  0.20058  0.53019 B   32 
-0.31235  0.30832  0.35602 A   32 
-0.29526  0.24270  0.82992 B   33 
-0.47573  0.38244  1.08351 K   33 
-0.12691 -0.03123  0.93020 B   34 
-0.47615 -0.12023  1.12799 F   34 
 0.13981  0.02134  0.76123 B   35 
 0.10892 -0.26880  0.56439 E   35 
 0.17162  0.37507  0.78291 B   36 
 0.16713  0.40533  0.56338 S   36 
-0.04237  0.57621  0.88891 B   37 
-0.06292  0.60807  1.17323 N   37 
-0.05604  0.75998  0.62048 B   38 
-0.44921  0.66881  0.70929 F   38 
 0.26834  0.75386  0.55571 B   39 
 0.44930  0.91497  0.73367 N   39 
 0.47518  0.80708  0.28256 B   40 
 0.35584  0.98566  0.15604 T   40 
 0.76245  0.80096  0.46262 B   41 
 0.85348  1.18956  0.45368 Q   41 
 0.74950  0.51579  0.54162 B   42 
 0.58491  0.48554  0.67081 A   42 
 1.00418  0.30516  0.69692 B   43 
 1.16518  0.43188  0.56308 T   43 
 1.10351 -0.05602  0.70089 B   44 
 0.85057  0.03071  0.90693 N   44 
 1.30032 -0.28377  0.82874 B   45 
 1.77330 -0.24155  0.65109 R   45 
 1.39819 -0.60420  0.74084 B   46 
 1.10317 -0.57211  0.56979 N   46 
 1.53523 -0.90080  0.82437 B   47 
 1.42536 -1.02443  1.02288 T   47 
 1.62394 -0.94873  0.50564 B   48 
 1.39778 -0.95647  0.36732 D   48 
 1.71798 -0.62675  0.43551 B   49 
 1.49011 -0.50339  0.35182 B   50 
 1.32827 -0.64451  0.23224 S   50 
 1.23125 -0.24742  0.25630 B   51 
 1.40336 -0.08123  0.38623 T   51 
 0.96367 -0.05448  0.34809 B   52 
 0.79019 -0.34461  0.40853 D   52 
 0.74587  0.16285  0.14314 B   53 
 1.22196  0.18625  0.08377 Y   53 
 0.52164  0.37628  0.23308 B   54 
 0.16989  0.36521  0.25745 B   55 
 0.01138  0.57218  0.18023 I   55 
 0.21228  0.03032  0.15810 B   56 
-0.07016  0.06342  0.00827 L   56 
 0.47435 -0.11137  0.21856 B   57 
 0.55819  0.01835  0.52775 Q   57 
 0.67720 -0.14845 -0.01528 B   58 
 0.49401 -0.09583 -0.25971 I   58 
 0.90473 -0.38671 -0.11421 B   59 
 0.99909 -0.62285  0.05355 N   59 
 1.25807 -0.41522 -0.21058 B   60 
 1.37701 -0.31111 -0.04461 S   60 
 1.27720 -0.72381 -0.31331 B   61 
 1.48933 -0.97001 -0.03225 R   61 
 1.03700 -0.67671 -0.55407 B   62 
 0.98297 -1.10107 -0.39640 W   62 
 0.93528 -0.35789 -0.63247 B   63 
 0.60073 -0.62898 -0.55123 W   63 
 1.19437 -0.18300 -0.54194 B   64 
 1.07543 -0.01565 -0.38220 X   64 
 1.47695  0.04186 -0.55055 B   65 
 1.72599 -0.02666 -0.69720 N   65 
 1.75058  0.10771 -0.28718 B   66 
 1.64455 -0.04696 -0.09351 D   66 
 2.05786 -0.01365 -0.32160 B   67 
 2.03126 -0.24616 -0.04446 B   68 
 1.89825  0.01480  0.32803 R   68 
 1.89625 -0.51996 -0.19817 B   69 
 1.67797 -0.46693 -0.07662 T   69 
 1.97731 -0.81500 -0.24155 B   70 
 2.11897 -0.79788 -0.08215 P   70 
 1.80392 -0.97358 -0.48670 B   71 
 1.63926 -0.77009 -0.63127 B   72 
 1.67023 -0.55977 -0.52510 S   72 
 1.36046 -0.66928 -0.87175 B   73 
 1.31403 -0.99919 -1.00089 R   73 
 1.17982 -0.41988 -0.95141 B   74 
 1.28311 -0.16083 -0.96475 N   74 
 0.87162 -0.45689 -1.07240 B   75 
 0.85939 -0.77088 -0.99475 L   75 
 0.78647 -0.13541 -1.06966 B   76 
 0.57732 -0.19540 -0.84795 X   76 
 1.01317  0.03121 -1.17355 B   77 
 1.12658  0.01658 -1.42127 N   77 
 1.13654  0.17928 -0.89288 B   78 
 0.88238  0.32757 -0.90282 I   78 
 1.22474  0.39302 -0.67583 B   79 
 1.30958  0.52883 -0.81012 P   79 
 1.15145  0.37540 -0.34999 B   80 
 1.26161  0.08781 -0.27980 X   80 
 1.12659  0.68977 -0.31197 B   81 
 1.33947  0.76392 -0.39349 S   81 
 0.86498  0.72353 -0.48196 B   82 
 0.92216  0.67697 -0.67914 A   82 
 0.69739  0.58748 -0.23454 B   83 
 0.69941  0.28204 -0.35215 L   83 
 0.73116  0.88418 -0.06064 B   84 
 0.96111  0.70561  0.09262 L   84 
 0.55767  1.06196 -0.19261 B   85 
 0.59228  1.17536 -0.42303 S   85 
 0.27804  1.27068 -0.20188 B   86 
 0.35378  1.49742 -0.18738 S   86 
 0.25078  1.11606 -0.46495 B   87 
 0.19433  1.19834 -0.73973 D   87 
 0.06877  0.80652 -0.49762 B   88 
-0.12723  0.81934 -0.31567 I   88 
 0.09576  0.69183 -0.78435 B   89 
 0.05165  0.88940 -0.95608 T   89 
 0.32529  0.48538 -0.74635 B   90 
 0.50920  0.60110 -0.74135 A   90 
 0.19428  0.31167 -0.52312 B   91 
 0.29139  0.43579 -0.29844 S   91 
-0.05969  0.23712 -0.67712 B   92 
-0.24700  0.41951 -0.65787 V   92 
 0.06186  0.10148 -0.92408 B   93 
 0.05483  0.36375 -1.13467 N   93 
 0.21198 -0.10493 -0.74984 B   94 
 0.48066 -0.09868 -0.65519 X   94 
-0.02692 -0.22141 -0.59231 B   95 
-0.08019 -0.07251 -0.44624 A   95 
-0.17692 -0.33306 -0.83817 B   96 
-0.39855  0.04147 -1.00401 K   96 
 0.04422 -0.54691 -0.88803 B   97 
 0.31023 -0.40443 -1.12734 K   97 
 0.04094 -0.69013 -0.61456 B   98 
 0.22643 -0.52711 -0.42695 I   98 
-0.26766 -0.77753 -0.60489 B   99 
-0.42899 -0.61880 -0.55402 V   99 
-0.21799 -0.94030 -0.89311 B   100 
-0.31030 -0.73003 -1.01997 S   100 
-0.00922 -1.17864 -0.79971 B   101 
 0.25651 -1.15212 -0.72173 D   101 
-0.23566 -1.39603 -0.61555 B   102 
-0.27887 -1.30818 -0.28744 B   103 
-0.03179 -1.51317 -0.24051 N   103 
-0.36050 -1.04295 -0.29247 B   104 
-0.38795 -0.86652  0.01271 B   105 
-0.62042 -0.55170 -0.01262 M   105 
-0.19501 -1.07367  0.16524 B   106 
-0.43888 -1.29673  0.17703 N   106 
 0.06561 -0.90829  0.10682 B   107 
 0.06888 -0.89841 -0.10206 A   107 
-0.05887 -0.75301  0.35352 B   108 
-0.04879 -0.44484  0.00258 W   108 
-0.00933 -0.81594  0.67553 B   109 
 0.22268 -0.91469  0.72005 V   109 
-0.19457 -0.59727  0.80139 B   110 
-0.07373 -0.42073  0.81610 A   110 
-0.44622 -0.67421  0.64810 B   111 
-0.66411 -0.73884  0.33196 W   111 
-0.46901 -0.97134  0.73377 B   112 
-0.17918 -1.27621  0.69671 R   112 
-0.44077 -0.91134  1.06042 B   113 
-0.16342 -1.07930  1.07330 N   113 
-0.65112 -0.62431  1.05346 B   114 
-0.30596 -0.38002  1.32468 R   114 
-0.87035 -0.63891  0.79497 B   115 
-0.69109 -0.38573  0.72182 X   115 
-0.94745 -0.91072  0.74547 B   116 
-0.80130 -1.24279  0.48769 K   116 
-1.29019 -0.97266  0.81578 B   117 
-1.36807 -0.68603  0.84346 B   118 
-1.16963 -0.60471  0.98974 T   118 
-1.51586 -0.36256  0.86253 B   119 
-1.79036 -0.28213  0.88184 D   119 
-1.38743 -0.17553  0.60764 B   120 
-1.25789 -0.35952  0.49888 V   120 
-1.60645  0.04395  0.56364 B   121 
-1.92116 -0.18353  0.41282 Q   121 
-1.52419  0.21763  0.81281 B   122 
-1.55917  0.09378  0.97525 A   122 
-1.28227  0.36402  0.64915 B   123 
-0.99576  0.15648  0.89074 W   123 
-1.51875  0.54704  0.47521 B   124 
-1.48264  0.40553  0.24951 I   124 
-1.66186  0.69311  0.66866 B   125 
-1.90453  0.26615  0.83358 R   125 
-1.76742  1.02370  0.59668 B   126 
-1.69332  1.00756  0.30417 B   127 
-1.39701  0.91855  0.39721 X   127 
-1.67286  1.19256 -0.00944 B   128 
-2.02673  1.31554 -0.16475 R   128 
-1.78103  0.96296 -0.28805 B   129 
-1.57712  0.84717 -0.17624 L   129 
