246 
 0.44915  0.28480 -1.22640 B   1 
 0.49130 -0.10339 -1.38059 K   1 
 0.14892  0.18607 -1.39519 B   2 
 0.02456  0.41285 -1.41159 V   2 
-0.07325 -0.02786 -1.30547 B   3 
 0.22696 -0.25495 -1.09047 F   3 
-0.26825 -0.27281 -1.35008 B   4 
-0.49621 -0.44101 -1.20007 B   5 
-0.92959 -0.48150 -1.21204 R   5 
-0.42236 -0.74114 -1.27977 B   6 
-0.68941 -0.82522 -1.42115 X   6 
-0.11842 -0.68645 -1.24462 B   7 
 0.11455 -0.47399 -1.47482 E   7 
-0.11635 -0.61965 -0.94252 B   8 
-0.11792 -0.34347 -0.80900 L   8 
-0.25522 -0.87006 -0.83551 B   9 
-0.46425 -0.85323 -0.89191 A   9 
-0.03822 -1.06442 -0.92837 B   10 
-0.06109 -1.08167 -1.14518 A   10 
 0.19669 -0.94021 -0.76858 B   11 
 0.26856 -0.77340 -0.88676 A   11 
 0.06397 -0.94855 -0.48881 B   12 
-0.13744 -0.57104 -0.44990 M   12 
 0.03352 -1.25109 -0.48896 B   13 
-0.27084 -1.51541 -0.64929 K   13 
 0.32074 -1.34570 -0.52949 B   14 
 0.63495 -1.18797 -0.81757 R   14 
 0.39650 -1.17308 -0.25884 B   15 
 0.61249 -0.93197 -0.47520 H   15 
 0.15089 -1.27707 -0.04827 B   16 
-0.12412 -1.08841  0.00153 B   17 
 0.02177 -0.79983 -0.02465 L   17 
-0.31990 -1.30284 -0.01416 B   18 
-0.52982 -1.40108 -0.21573 D   18 
-0.45815 -1.32215  0.29611 B   19 
-0.63822 -1.52428  0.12192 N   19 
-0.30787 -1.12740  0.44894 B   20 
 0.11927 -1.06154  0.54073 Y   20 
-0.41443 -1.11452  0.75749 B   21 
-0.02387 -1.08663  1.02627 R   21 
-0.71405 -1.17152  0.60622 B   22 
-0.66685 -1.01487  0.32650 B   23 
-0.71534 -0.67757  0.65081 Y   23 
-0.78841 -1.00250  0.04856 B   24 
-1.01198 -1.05899  0.00702 S   24 
-0.67763 -0.90714 -0.25154 B   25 
-0.50425 -1.05902 -0.46469 L   25 
-0.90115 -0.68832 -0.30581 B   26 
-0.81131 -0.49513 -0.08158 B   27 
-0.99686 -0.63358  0.16401 N   27 
-0.53294 -0.42286 -0.19188 B   28 
-0.31051 -0.62797  0.13597 W   28 
-0.62737 -0.31789 -0.46532 B   29 
-0.63834 -0.50418 -0.64631 V   29 
-0.82049 -0.10744 -0.35623 B   30 
-1.08317 -0.11577 -0.26731 X   30 
-0.61256  0.05822 -0.20269 B   31 
-0.56875 -0.05415 -0.02020 A   31 
-0.42020  0.12583 -0.43538 B   32 
-0.30397 -0.05121 -0.47366 A   32 
-0.62986  0.27514 -0.60202 B   33 
-0.85261  0.28180 -0.86037 K   33 
-0.70136  0.50566 -0.36709 B   34 
-1.08904  0.38217 -0.42600 F   34 
-0.39992  0.59068 -0.30106 B   35 
-0.41043  0.48276  0.03379 E   35 
-0.24815  0.57778 -0.62263 B   36 
-0.09507  0.42920 -0.56247 S   36 
-0.37044  0.45567 -0.88268 B   37 
-0.55617  0.61803 -1.02903 N   37 
-0.12797  0.24677 -0.94257 B   38 
-0.47322  0.02058 -0.96324 F   38 
 0.11780  0.45051 -0.85574 B   39 
 0.18277  0.67792 -1.04131 N   39 
 0.44957  0.42348 -0.75866 B   40 
 0.53005  0.22675 -0.88890 T   40 
 0.51177  0.75634 -0.77648 B   41 
 0.73552  0.76341 -1.10704 Q   41 
 0.33443  0.83820 -0.55382 B   42 
 0.13304  0.80141 -0.60655 A   42 
 0.30787  1.15998 -0.38323 B   43 
 0.54978  1.17723 -0.41605 T   43 
 0.21954  1.28922 -0.04289 B   44 
-0.03999  1.21837 -0.24681 N   44 
 0.16712  1.55223  0.14425 B   45 
 0.60093  1.78859  0.25826 R   45 
 0.15469  1.61558  0.48456 B   46 
 0.09237  1.27893  0.47408 N   46 
 0.06491  1.81501  0.74127 B   47 
-0.18551  1.87733  0.75406 T   47 
 0.30979  1.68424  0.92752 B   48 
 0.25340  1.42620  0.95147 D   48 
 0.54799  1.66389  0.68200 B   49 
 0.50882  1.42078  0.56575 B   50 
 0.42607  1.24237  0.71316 S   50 
 0.51234  1.12770  0.32965 B   51 
 0.60518  1.31689  0.15728 T   51 
 0.36194  0.95727  0.07356 B   52 
 0.09276  0.90699  0.28076 D   52 
 0.44713  0.63047 -0.07683 B   53 
 0.79787  0.94776  0.00714 Y   53 
 0.33391  0.48858 -0.34323 B   54 
 0.09009  0.24077 -0.40304 B   55 
 0.12518  0.04207 -0.58529 I   55 
 0.04395  0.25704 -0.05458 B   56 
-0.02382 -0.05666 -0.07235 L   56 
 0.11247  0.51364  0.09333 B   57 
 0.01708  0.75656 -0.13327 Q   57 
 0.37881  0.52178  0.25519 B   58 
 0.44392  0.21937  0.27477 I   58 
 0.48978  0.66395  0.54810 B   59 
 0.34276  0.87658  0.70930 N   59 
 0.76536  0.87246  0.67271 B   60 
 0.77530  1.05362  0.53266 S   60 
 0.71750  0.86526  0.99490 B   61 
 0.56708  1.24077  1.13973 R   61 
 0.74174  0.52305  1.00824 B   62 
 0.42956  0.64440  1.31755 W   62 
 0.85974  0.35033  0.73550 B   63 
 0.48253  0.18928  0.88976 W   63 
 1.03714  0.57853  0.58595 B   64 
 0.92617  0.56737  0.35095 X   64 
 1.31483  0.75365  0.43527 B   65 
 1.54057  0.85705  0.59828 N   65 
 1.34358  1.11936  0.31691 B   66 
 1.08597  1.18592  0.36023 D   66 
 1.51119  1.34623  0.49233 B   67 
 1.21738  1.53737  0.58571 B   68 
 0.99701  1.63867  0.17863 R   68 
 1.11931  1.37633  0.87078 B   69 
 0.92312  1.28222  0.73703 T   69 
 1.07757  1.45193  1.16751 B   70 
 1.07040  1.65848  1.11225 P   70 
 1.06236  1.18676  1.37908 B   71 
 1.13613  0.94072  1.22596 B   72 
 1.17305  1.00198  0.99936 S   72 
 1.15780  0.56188  1.18429 B   73 
 1.07679  0.49140  1.52509 R   73 
 1.19791  0.33887  0.96107 B   74 
 1.37894  0.37095  0.75094 N   74 
 1.06604  0.03433  0.99040 B   75 
 0.87816  0.12000  1.23966 L   75 
 1.14263 -0.07423  0.68550 B   76 
 0.84022 -0.08096  0.61479 X   76 
 1.42312  0.00602  0.61596 B   77 
 1.65099 -0.06536  0.74794 N   77 
 1.37903  0.25780  0.39105 B   78 
 1.28525  0.03862  0.21827 I   78 
 1.38124  0.43283  0.12660 B   79 
 1.57883  0.39110  0.07279 P   79 
 1.11450  0.58919 -0.00090 B   80 
 1.02009  0.75851  0.24848 X   80 
 1.20339  0.54971 -0.30328 B   81 
 1.42238  0.64717 -0.30095 S   81 
 1.16228  0.23869 -0.31000 B   82 
 1.30827  0.16195 -0.17917 A   82 
 0.83812  0.29067 -0.31552 B   83 
 0.79043  0.26059  0.00690 L   83 
 0.86816  0.38510 -0.64657 B   84 
 0.84044  0.68233 -0.50822 L   84 
 0.91749  0.14419 -0.78312 B   85 
 1.13678  0.00615 -0.78672 S   85 
 0.83200 -0.10243 -1.01488 B   86 
 0.96402 -0.06860 -1.21182 S   86 
 0.92290 -0.26955 -0.77476 B   87 
 1.10054 -0.50019 -0.74808 D   87 
 0.70116 -0.38322 -0.51415 B   88 
 0.46308 -0.41601 -0.63217 I   88 
 0.85843 -0.53038 -0.29120 B   89 
 1.02405 -0.70216 -0.40754 T   89 
 0.89428 -0.30341 -0.08155 B   90 
 1.05547 -0.17824 -0.15633 A   90 
 0.59364 -0.23398 -0.03724 B   91 
 0.55960 -0.03446 -0.22259 S   91 
 0.50231 -0.51344  0.04838 B   92 
 0.44594 -0.66842 -0.15540 V   92 
 0.68500 -0.56083  0.29033 B   93 
 0.92622 -0.73889  0.13771 N   93 
 0.58140 -0.30629  0.43169 B   94 
 0.69273 -0.04401  0.43387 X   94 
 0.27878 -0.36852  0.43250 B   95 
 0.21084 -0.33632  0.23077 A   95 
 0.29821 -0.62325  0.60612 B   96 
 0.42018 -0.95042  0.29792 K   96 
 0.38310 -0.45792  0.85628 B   97 
 0.76710 -0.43146  0.86953 K   97 
 0.14330 -0.26437  0.87476 B   98 
 0.20563 -0.02764  0.68436 I   98 
-0.09498 -0.47815  0.89690 B   99 
-0.16526 -0.58986  0.70613 V   99 
 0.05786 -0.60228  1.16758 B   100 
 0.16879 -0.78341  1.01358 S   100 
 0.03119 -0.35084  1.38013 B   101 
 0.15988 -0.10438  1.37026 D   101 
-0.32251 -0.37210  1.46317 B   102 
-0.52819 -0.20676  1.24499 B   103 
-0.48643  0.03895  1.45272 N   103 
-0.46745 -0.30957  0.99444 B   104 
-0.61163 -0.15978  0.70844 B   105 
-0.61298 -0.39639  0.39570 M   105 
-0.67416  0.11320  0.86648 B   106 
-0.92861 -0.03097  1.02088 N   106 
-0.40236  0.24836  0.78558 B   107 
-0.25970  0.11539  0.86112 A   107 
-0.57865  0.29055  0.52556 B   108 
-0.21593  0.02875  0.39091 W   108 
-0.78357  0.54351  0.46131 B   109 
-0.70603  0.76106  0.57185 V   109 
-0.89335  0.45329  0.18243 B   110 
-0.75350  0.52844  0.03827 A   110 
-0.98465  0.17637  0.27031 B   111 
-0.94302 -0.18137  0.41827 W   111 
-1.17752  0.25681  0.49937 B   112 
-1.09489  0.49518  0.83800 R   112 
-1.34835  0.47905  0.31902 B   113 
-1.24986  0.72040  0.51227 N   113 
-1.35911  0.27488  0.02768 B   114 
-1.21655  0.67390 -0.24220 R   114 
-1.33539 -0.05406  0.10723 B   115 
-1.06946 -0.00226 -0.06064 X   115 
-1.46398 -0.10489  0.35855 B   116 
-1.33953 -0.11249  0.78579 K   116 
-1.75307 -0.30915  0.32761 B   117 
-1.70252 -0.39121  0.04530 B   118 
-1.63862 -0.15951 -0.05278 T   118 
-1.67555 -0.53677 -0.27862 B   119 
-1.82933 -0.74277 -0.40556 D   119 
-1.35038 -0.63038 -0.32266 B   120 
-1.27285 -0.57614 -0.09133 V   120 
-1.37026 -0.85515 -0.53983 B   121 
-1.56524 -1.15639 -0.32823 Q   121 
-1.40931 -0.65824 -0.78213 B   122 
-1.58871 -0.56260 -0.74189 A   122 
-1.08844 -0.60196 -0.80688 B   123 
-1.14991 -0.20129 -0.66830 W   123 
-1.04951 -0.91803 -0.94204 B   124 
-0.93738 -1.01531 -0.71792 I   124 
-1.20663 -0.92271 -1.17556 B   125 
-1.64439 -0.93846 -0.89899 R   125 
-1.09040 -1.09588 -1.46212 B   126 
-0.85884 -1.22541 -1.31750 B   127 
-0.76818 -0.92966 -1.22424 X   127 
-0.56468 -1.43775 -1.35453 B   128 
-0.63720 -1.82169 -1.46316 R   128 
-0.54587 -1.66505 -1.05450 B   129 
-0.53718 -1.42305 -0.96044 L   129 
