246 
 0.24091  1.25415 -0.39494 B   1 
 0.07959  1.24088 -0.78228 K   1 
-0.10224  1.35705 -0.38902 B   2 
-0.11941  1.45827 -0.15105 V   2 
-0.36772  1.18022 -0.42689 B   3 
-0.15183  0.90413 -0.68200 F   3 
-0.65242  1.11491 -0.54811 B   4 
-0.89021  0.90109 -0.52581 B   5 
-1.29071  0.87866 -0.35643 R   5 
-0.96985  0.85630 -0.83163 B   6 
-1.27155  0.94131 -0.82039 X   6 
-0.67188  0.85812 -0.92006 B   7 
-0.42892  1.16329 -0.93577 E   7 
-0.57439  0.60867 -0.76515 B   8 
-0.42933  0.59744 -0.49508 L   8 
-0.77821  0.40466 -0.86652 B   9 
-0.96735  0.45477 -0.77231 A   9 
-0.69037  0.42008 -1.15898 B   10 
-0.76618  0.61059 -1.23504 A   10 
-0.39586  0.33308 -1.11613 B   11 
-0.28869  0.51106 -1.05455 A   11 
-0.45349  0.06853 -0.96562 B   12 
-0.46235  0.17670 -0.54991 M   12 
-0.60802 -0.05410 -1.19700 B   13 
-1.02282 -0.02566 -1.32082 K   13 
-0.40468 -0.04370 -1.42424 B   14 
-0.12639  0.29563 -1.54256 R   14 
-0.20478 -0.21895 -1.22900 B   15 
 0.03844  0.08440 -1.20869 H   15 
-0.41744 -0.46308 -1.12575 B   16 
-0.56826 -0.44368 -0.82479 B   17 
-0.32410 -0.29800 -0.66856 L   17 
-0.83431 -0.52322 -0.91110 B   18 
-1.10523 -0.38658 -0.95880 D   18 
-0.89461 -0.82029 -0.75661 B   19 
-1.17707 -0.74927 -0.89372 N   19 
-0.64622 -0.87591 -0.61850 B   20 
-0.22265 -0.91656 -0.73745 Y   20 
-0.66548 -1.15722 -0.45352 B   21 
-0.25054 -1.37649 -0.52636 R   21 
-0.98656 -1.05356 -0.40808 B   22 
-0.94143 -0.73284 -0.39736 B   23 
-0.76917 -0.89591  0.00889 Y   23 
-1.10509 -0.47840 -0.42293 B   24 
-1.33463 -0.47192 -0.37637 S   24 
-1.03453 -0.16115 -0.49913 B   25 
-0.99395 -0.02035 -0.77677 L   25 
-1.15063 -0.03239 -0.23318 B   26 
-0.94005 -0.15636 -0.04354 B   27 
-1.10666 -0.44399  0.01490 N   27 
-0.68961 -0.01542 -0.15444 B   28 
-0.50757 -0.38899 -0.31670 W   28 
-0.78933  0.27320 -0.11617 B   29 
-0.91805  0.36348 -0.32320 V   29 
-0.84577  0.25034  0.18346 B   30 
-1.06020  0.15528  0.33165 X   30 
-0.55885  0.18465  0.27073 B   31 
-0.52705 -0.02573  0.21995 A   31 
-0.41328  0.43229  0.15582 B   32 
-0.39447  0.40076 -0.05623 A   32 
-0.57165  0.63646  0.32090 B   33 
-0.82224  0.86670  0.34544 K   33 
-0.48466  0.51136  0.62126 B   34 
-0.89055  0.50032  0.68567 F   34 
-0.16919  0.49701  0.56906 B   35 
-0.14919  0.14689  0.59901 E   35 
-0.11313  0.79200  0.37817 B   36 
-0.02794  0.68330  0.20480 S   36 
-0.33021  0.97602  0.24968 B   37 
-0.45751  1.16781  0.42079 N   37 
-0.21877  0.95642 -0.05563 B   38 
-0.62220  0.87082 -0.08201 F   38 
 0.10257  0.96857  0.02214 B   39 
 0.21421  1.23229  0.11356 N   39 
 0.40431  0.88199 -0.12511 B   40 
 0.36286  0.92525 -0.36708 T   40 
 0.59552  1.03450  0.10975 B   41 
 0.72124  1.34858 -0.10221 Q   41 
 0.52402  0.85669  0.33559 B   42 
 0.31978  0.88220  0.38382 A   42 
 0.67465  0.82889  0.66707 B   43 
 0.88713  0.87540  0.55489 T   43 
 0.72764  0.56598  0.92862 B   44 
 0.42417  0.71382  0.92600 N   44 
 0.83444  0.49839  1.23023 B   45 
 1.34082  0.50620  1.25412 R   45 
 0.92629  0.21203  1.40210 B   46 
 0.72705  0.08388  1.15469 N   46 
 0.98896  0.05377  1.69323 B   47 
 0.79812  0.05723  1.86738 T   47 
 1.19048 -0.15950  1.53305 B   48 
 1.03734 -0.28734  1.35828 D   48 
 1.33631  0.06633  1.32053 B   49 
 1.17328  0.07344  1.10254 B   50 
 1.05818 -0.13637  1.04655 S   50 
 0.99990  0.17181  0.78330 B   51 
 1.12284  0.40919  0.83486 T   51 
 0.73860  0.33167  0.63027 B   52 
 0.52717  0.11128  0.78725 D   52 
 0.64187  0.34129  0.27359 B   53 
 1.10273  0.40582  0.39268 Y   53 
 0.42298  0.52352  0.12259 B   54 
 0.09078  0.46903  0.01718 B   55 
-0.00300  0.55730 -0.22228 I   55 
 0.13495  0.15496  0.16957 B   56 
-0.06101  0.04248 -0.05904 L   56 
 0.33653  0.12546  0.39521 B   57 
 0.30468  0.42662  0.56178 Q   57 
 0.61011 -0.00883  0.32948 B   58 
 0.54400 -0.14570  0.05935 I   58 
 0.83306 -0.21529  0.49071 B   59 
 0.82968 -0.28313  0.78769 N   59 
 1.19104 -0.23462  0.57086 B   60 
 1.24498 -0.03330  0.66622 S   60 
 1.21792 -0.53416  0.69617 B   61 
 1.27667 -0.52170  1.12161 R   61 
 1.09770 -0.68293  0.41105 B   62 
 0.94377 -0.92946  0.76231 W   62 
 1.06752 -0.49816  0.12280 B   63 
 0.70259 -0.71889  0.22339 W   63 
 1.28632 -0.26265  0.17347 B   64 
 1.13163 -0.05652  0.13817 X   64 
 1.57057 -0.04346  0.13288 B   65 
 1.84896 -0.14213  0.16427 N   65 
 1.72380  0.21292  0.37654 B   66 
 1.53526  0.18987  0.56783 D   66 
 2.00602  0.15022  0.54010 B   67 
 1.84947  0.13000  0.86668 B   68 
 1.60771  0.53443  0.91697 R   68 
 1.75899 -0.19939  0.87841 B   69 
 1.51702 -0.12258  0.85035 T   69 
 1.82051 -0.44211  1.05952 B   70 
 1.88909 -0.30884  1.21218 P   70 
 1.74245 -0.74283  0.92246 B   71 
 1.66917 -0.69871  0.63592 B   72 
 1.67686 -0.46532  0.59190 S   72 
 1.51895 -0.81196  0.30377 B   73 
 1.49414 -1.15526  0.39970 R   73 
 1.41016 -0.69578  0.02837 B   74 
 1.53581 -0.48351 -0.10242 N   74 
 1.17227 -0.85020 -0.14644 B   75 
 1.09906 -1.05123  0.09646 L   75 
 1.12562 -0.61187 -0.37366 B   76 
 0.84131 -0.56181 -0.25897 X   76 
 1.39039 -0.50492 -0.46538 B   77 
 1.58993 -0.64536 -0.58746 N   77 
 1.40773 -0.19973 -0.31546 B   78 
 1.19420 -0.13344 -0.50703 I   78 
 1.42450  0.11263 -0.26325 B   79 
 1.56845  0.15289 -0.40931 P   79 
 1.22770  0.28158 -0.05211 B   80 
 1.27196  0.11775  0.21430 X   80 
 1.22158  0.54585 -0.22821 B   81 
 1.45565  0.59154 -0.25248 S   81 
 1.05265  0.42539 -0.46362 B   82 
 1.17772  0.28063 -0.55147 A   82 
 0.78858  0.43854 -0.26893 B   83 
 0.80599  0.12961 -0.16221 L   83 
 0.78089  0.78053 -0.31785 B   84 
 0.91294  0.77232 -0.01661 L   84 
 0.69201  0.81059 -0.58302 B   85 
 0.82557  0.76707 -0.80079 S   85 
 0.46100  0.92015 -0.82067 B   86 
 0.54728  1.11911 -0.92228 S   86 
 0.52394  0.63689 -0.91898 B   87 
 0.58857  0.52682 -1.18196 D   87 
 0.33934  0.34404 -0.81811 B   88 
 0.08997  0.42945 -0.77112 I   88 
 0.46518  0.08715 -0.93756 B   89 
 0.51216  0.13109 -1.19511 T   89 
 0.63933 -0.01202 -0.69968 B   90 
 0.81709  0.11305 -0.69986 A   90 
 0.41442 -0.03653 -0.48524 B   91 
 0.42736  0.21187 -0.36927 S   91 
 0.23531 -0.23076 -0.64004 B   92 
 0.07484 -0.10884 -0.80768 V   92 
 0.42985 -0.46395 -0.68413 B   93 
 0.53250 -0.38635 -0.99498 N   93 
 0.47788 -0.49507 -0.38044 B   94 
 0.68692 -0.38727 -0.21959 X   94 
 0.18593 -0.53276 -0.28667 B   95 
 0.09478 -0.33795 -0.29602 A   95 
 0.13422 -0.79320 -0.44450 B   96 
 0.03439 -0.63790 -0.87207 K   96 
 0.33449 -0.95226 -0.26642 B   97 
 0.68598 -0.93860 -0.42327 K   97 
 0.20966 -0.90086  0.01122 B   98 
 0.32185 -0.62908  0.10986 I   98 
-0.08499 -1.01643 -0.04161 B   99 
-0.23652 -0.88957 -0.16309 V   99 
 0.05733 -1.30791 -0.12418 B   100 
 0.04391 -1.23543 -0.37596 S   100 
 0.18754 -1.40237  0.16433 B   101 
 0.40246 -1.28922  0.30000 D   101 
-0.11363 -1.50085  0.34336 B   102 
-0.27324 -1.24292  0.50222 B   103 
-0.08641 -1.33258  0.75187 N   103 
-0.31926 -1.05262  0.30549 B   104 
-0.44656 -0.73647  0.39964 B   105 
-0.61751 -0.54549  0.10282 M   105 
-0.35094 -0.77382  0.70437 B   106 
-0.60086 -0.98305  0.76029 N   106 
-0.07315 -0.63477  0.65759 B   107 
 0.01291 -0.75169  0.50705 A   107 
-0.26830 -0.38689  0.68833 B   108 
-0.09025 -0.35460  0.25765 W   108 
-0.35586 -0.23455  0.96981 B   109 
-0.17120 -0.24519  1.14686 V   109 
-0.55270 -0.02000  0.85495 B   110 
-0.43031  0.14760  0.80095 A   110 
-0.73021 -0.21528  0.70297 B   111 
-0.81163 -0.49276  0.44224 W   111 
-0.81452 -0.40013  0.93719 B   112 
-0.56563 -0.61087  1.20546 R   112 
-0.91105 -0.15256  1.13843 B   113 
-0.67945 -0.22849  1.35266 N   113 
-1.07178  0.03150  0.87966 B   114 
-0.83834  0.44437  1.04524 R   114 
-1.17207 -0.17253  0.62785 B   115 
-0.95405  0.01236  0.48687 X   115 
-1.25036 -0.42795  0.73229 B   116 
-1.04881 -0.81695  0.81059 K   116 
-1.59750 -0.49313  0.69354 B   117 
-1.65079 -0.26585  0.50782 B   118 
-1.51873 -0.08048  0.63268 T   118 
-1.76091 -0.02694  0.26776 B   119 
-2.01135  0.00034  0.13088 D   119 
-1.52460 -0.01143  0.02208 B   120 
-1.38191 -0.19820  0.10707 V   120 
-1.68547  0.09614 -0.22414 B   121 
-1.93670 -0.22620 -0.30492 Q   121 
-1.69076  0.39540 -0.12705 B   122 
-1.79900  0.38994  0.04960 A   122 
-1.39063  0.45332 -0.24240 B   123 
-1.24451  0.48513  0.15905 W   123 
-1.52007  0.45150 -0.56321 B   124 
-1.41258  0.21179 -0.62025 I   124 
-1.71225  0.65705 -0.57078 B   125 
-2.04171  0.38042 -0.28215 R   125 
-1.74727  0.85421 -0.86321 B   126 
-1.56621  0.67899 -1.03004 B   127 
-1.34086  0.71610 -0.80152 X   127 
-1.40571  0.63915 -1.35506 B   128 
-1.65580  0.58138 -1.66905 R   128 
-1.41815  0.27406 -1.44779 B   129 
-1.28732  0.28560 -1.22365 L   129 
