246 
-0.97279  0.63282  0.66343 B   1 
-1.23283  0.31129  0.73575 K   1 
-0.89882  0.48356  0.98064 B   2 
-0.74189  0.66211  1.08391 V   2 
-0.76114  0.20045  1.04444 B   3 
-0.92030  0.03595  0.67630 F   3 
-0.73616 -0.07810  1.19208 B   4 
-0.54137 -0.33160  1.21567 B   5 
-0.25647 -0.49561  1.50120 R   5 
-0.74728 -0.57549  1.21485 B   6 
-0.67480 -0.70642  1.49049 X   6 
-0.92146 -0.44093  0.99539 B   7 
-1.15371 -0.12929  1.03205 E   7 
-0.71376 -0.43525  0.76614 B   8 
-0.53417 -0.20260  0.67821 L   8 
-0.63707 -0.73111  0.76147 B   9 
-0.51812 -0.76656  0.93967 A   9 
-0.91540 -0.83108  0.68386 B   10 
-1.03864 -0.81279  0.86359 A   10 
-0.93984 -0.67562  0.41669 B   11 
-1.00518 -0.47572  0.46893 A   11 
-0.67678 -0.77594  0.28749 B   12 
-0.37880 -0.48966  0.40513 M   12 
-0.76086 -1.06811  0.29268 B   13 
-0.73652 -1.37519  0.59815 K   13 
-1.02185 -1.06386  0.13471 B   14 
-1.36623 -0.76837  0.16086 R   14 
-0.84869 -0.93131 -0.11274 B   15 
-1.05042 -0.60051 -0.07439 H   15 
-0.58176 -1.14145 -0.12108 B   16 
-0.29090 -1.05580  0.02646 B   17 
-0.30950 -0.73750 -0.03339 L   17 
-0.23692 -1.31152  0.15394 B   18 
-0.24680 -1.42734  0.43825 D   18 
 0.04498 -1.42956  0.00442 B   19 
-0.00538 -1.63897  0.24366 N   19 
 0.10069 -1.23181 -0.19969 B   20 
-0.12185 -1.06108 -0.54107 Y   20 
 0.37036 -1.30999 -0.36669 B   21 
 0.26934 -1.21928 -0.82180 R   21 
 0.46923 -1.42334 -0.06127 B   22 
 0.31839 -1.20954  0.12991 B   23 
 0.66985 -0.96986 -0.07092 Y   23 
 0.23764 -1.18114  0.42120 B   24 
 0.35044 -1.29234  0.59385 S   24 
 0.00793 -1.00199  0.58421 B   25 
-0.29875 -1.05226  0.62867 L   25 
 0.20887 -0.85308  0.77974 B   26 
 0.35071 -0.68828  0.55975 B   27 
 0.58470 -0.91953  0.48440 N   27 
 0.11124 -0.51719  0.46882 B   28 
 0.08417 -0.70561  0.06534 W   28 
 0.04636 -0.39492  0.74368 B   29 
-0.12220 -0.53813  0.88027 V   29 
 0.32342 -0.27590  0.79431 B   30 
 0.56093 -0.37842  0.89458 X   30 
 0.32866 -0.08844  0.55124 B   31 
 0.37078 -0.21534  0.37812 A   31 
 0.07307  0.07608  0.60896 B   32 
-0.09439 -0.04791  0.55513 A   32 
 0.17085  0.18540  0.87823 B   33 
 0.17169  0.17477  1.21925 K   33 
 0.44633  0.33532  0.75545 B   34 
 0.64110  0.11608  1.04358 F   34 
 0.30350  0.49164  0.51542 B   35 
 0.47931  0.32385  0.26083 E   35 
-0.00615  0.58567  0.66335 B   36 
-0.12917  0.48051  0.51190 S   36 
-0.12229  0.48459  0.93499 B   37 
-0.02440  0.60937  1.17399 N   37 
-0.40340  0.37228  0.81509 B   38 
-0.25092  0.06223  1.04180 F   38 
-0.45268  0.61929  0.60058 B   39 
-0.53348  0.88667  0.71171 N   39 
-0.63693  0.67381  0.31196 B   40 
-0.84257  0.53829  0.35049 T   40 
-0.57578  1.00718  0.30157 B   41 
-0.93488  1.14294  0.41110 Q   41 
-0.28486  0.98893  0.24902 B   42 
-0.18775  0.90486  0.41694 A   42 
-0.04890  1.24981  0.15097 B   43 
-0.23410  1.34386  0.02155 T   43 
 0.26802  1.27989 -0.04649 B   44 
 0.30133  1.17546  0.27280 N   44 
 0.51195  1.47496 -0.14341 B   45 
 0.35784  1.80303 -0.49791 R   45 
 0.75222  1.46586 -0.39275 B   46 
 0.67241  1.13429 -0.36082 N   46 
 1.04319  1.57712 -0.52194 B   47 
 1.24983  1.55883 -0.36793 T   47 
 0.93905  1.49185 -0.82795 B   48 
 0.90366  1.22906 -0.82241 D   48 
 0.61249  1.59005 -0.79407 B   49 
 0.48388  1.37300 -0.69161 B   50 
 0.57085  1.15347 -0.75977 S   50 
 0.23390  1.14462 -0.52726 B   51 
 0.12820  1.38198 -0.44597 T   51 
 0.12323  0.98924 -0.24291 B   52 
 0.42348  0.82303 -0.23097 D   52 
-0.14350  0.73719 -0.19821 B   53 
-0.22915  1.12211 -0.47251 Y   53 
-0.27685  0.62149  0.07153 B   54 
-0.22770  0.32868  0.26201 B   55 
-0.43394  0.18775  0.36940 I   55 
 0.02499  0.26398  0.02583 B   56 
-0.04744 -0.04633  0.06794 L   56 
 0.15704  0.49633 -0.11905 B   57 
 0.16978  0.73853  0.12719 Q   57 
 0.07117  0.55208 -0.41354 B   58 
-0.06828  0.28459 -0.48480 I   58 
 0.22253  0.66233 -0.70208 B   59 
 0.49981  0.78715 -0.72082 N   59 
 0.17708  0.91544 -0.96442 B   60 
 0.14706  1.11459 -0.85499 S   60 
 0.40664  0.83327 -1.18052 B   61 
 0.73305  1.11264 -1.17675 R   61 
 0.27837  0.51760 -1.22267 B   62 
 0.73170  0.47989 -1.25301 W   62 
-0.03310  0.44275 -1.09805 B   63 
 0.27232  0.15093 -0.98153 W   63 
-0.17094  0.73734 -1.08665 B   64 
-0.24098  0.73870 -0.83613 X   64 
-0.39890  1.01217 -1.14133 B   65 
-0.42214  1.14483 -1.40606 N   65 
-0.36451  1.38549 -1.05174 B   66 
-0.13252  1.36324 -0.91626 D   66 
-0.29595  1.61413 -1.28273 B   67 
 0.03588  1.68824 -1.15634 B   68 
-0.02346  1.79518 -0.69854 R   68 
 0.22445  1.45425 -1.31916 B   69 
 0.24803  1.33348 -1.09534 T   69 
 0.46289  1.45623 -1.51573 B   70 
 0.50599  1.65794 -1.45897 P   70 
 0.51134  1.16330 -1.68052 B   71 
 0.27917  0.98397 -1.62252 B   72 
 0.13500  1.09534 -1.46994 S   72 
 0.10609  0.64373 -1.62268 B   73 
 0.34846  0.48896 -1.83475 R   73 
-0.13739  0.48931 -1.48834 B   74 
-0.38347  0.61293 -1.44231 N   74 
-0.13232  0.15962 -1.44067 B   75 
 0.18374  0.13676 -1.50661 L   75 
-0.41193  0.13869 -1.26179 B   76 
-0.24399  0.05624 -1.01380 X   76 
-0.62503  0.31011 -1.38488 B   77 
-0.72982  0.28571 -1.63561 N   77 
-0.64443  0.57548 -1.17245 B   78 
-0.76087  0.37540 -0.99053 I   78 
-0.74765  0.79024 -0.96318 B   79 
-0.93501  0.81995 -1.05090 P   79 
-0.58300  0.88182 -0.68686 B   80 
-0.30376  0.96492 -0.80891 X   80 
-0.84565  0.92870 -0.51450 B   81 
-0.96505  1.08436 -0.65225 S   81 
-0.92919  0.62668 -0.49784 B   82 
-0.97867  0.57322 -0.69535 A   82 
-0.68529  0.58035 -0.28296 B   83 
-0.46369  0.47676 -0.50042 L   83 
-0.87727  0.74059 -0.04446 B   84 
-0.66890  0.98427 -0.11827 L   84 
-1.08018  0.55567  0.01680 B   85 
-1.28557  0.49212 -0.12788 S   85 
-1.24835  0.34358  0.23721 B   86 
-1.45106  0.45180  0.30471 S   86 
-1.22316  0.16843 -0.01287 B   87 
-1.41276  0.00010 -0.15839 D   87 
-0.94569 -0.05321 -0.07528 B   88 
-0.86143 -0.13199  0.16634 I   88 
-0.97103 -0.18675 -0.35389 B   89 
-1.21960 -0.27635 -0.37946 T   89 
-0.78823 -0.00356 -0.52643 B   90 
-0.90454  0.17558 -0.56675 A   90 
-0.52420 -0.03605 -0.36394 B   91 
-0.54459  0.17585 -0.19074 S   91 
-0.50441 -0.34097 -0.38416 B   92 
-0.64399 -0.46398 -0.19948 V   92 
-0.50124 -0.37720 -0.68886 B   93 
-0.82777 -0.44339 -0.73553 N   93 
-0.25225 -0.19653 -0.71829 B   94 
-0.23814  0.08153 -0.77891 X   94 
-0.05951 -0.34458 -0.52755 B   95 
-0.12436 -0.29621 -0.32805 A   95 
-0.05526 -0.61027 -0.68504 B   96 
-0.44521 -0.82175 -0.54324 K   96 
 0.09630 -0.47793 -0.92303 B   97 
-0.15780 -0.34193 -1.17851 K   97 
 0.34471 -0.37133 -0.77391 B   98 
 0.26605 -0.09508 -0.65694 I   98 
 0.45223 -0.64622 -0.64805 B   99 
 0.34558 -0.73533 -0.46231 V   99 
 0.46743 -0.76859 -0.95922 B   100 
 0.23108 -0.87599 -0.92131 S   100 
 0.70475 -0.58156 -1.09267 B   101 
 0.69365 -0.31088 -1.15597 D   101 
 0.99849 -0.72204 -0.93007 B   102 
 1.06731 -0.58673 -0.62316 B   103 
 1.25129 -0.38387 -0.79714 N   103 
 0.83436 -0.61732 -0.47540 B   104 
 0.81257 -0.46545 -0.15684 B   105 
 0.53858 -0.62785  0.07197 M   105 
 1.04921 -0.25852 -0.22453 B   106 
 1.27382 -0.49820 -0.18614 N   106 
 0.85442 -0.03611 -0.33072 B   107 
 0.75367 -0.13268 -0.48649 A   107 
 0.83378  0.00059 -0.01656 B   108 
 0.40320 -0.11139 -0.15902 W   108 
 1.02734  0.18887  0.17629 B   109 
 1.11641  0.39445  0.05235 V   109 
 0.90190  0.12493  0.45584 B   110 
 0.74055  0.26411  0.47991 A   110 
 0.92394 -0.17802  0.43399 B   111 
 0.86078 -0.52866  0.27694 W   111 
 1.22929 -0.20342  0.38646 B   112 
 1.46235 -0.02021  0.08573 R   112 
 1.31660 -0.01172  0.64477 B   113 
 1.45005  0.20661  0.44522 N   113 
 1.07375 -0.15061  0.86480 B   114 
 0.94608  0.31642  0.99881 R   114 
 0.99121 -0.46660  0.77297 B   115 
 0.71798 -0.30741  0.73309 X   115 
 1.21902 -0.60006  0.66085 B   116 
 1.39126 -0.65154  0.25371 K   116 
 1.33313 -0.87100  0.86041 B   117 
 1.09507 -0.87916  1.03999 B   118 
 1.07035 -0.62471  1.08507 T   118 
 0.82594 -0.94582  1.26352 B   119 
 0.78471 -1.16005  1.44953 D   119 
 0.53631 -0.92873  1.08390 B   120 
 0.64275 -0.89898  0.85973 V   120 
 0.33836 -1.10371  1.25205 B   121 
 0.50134 -1.48367  1.20098 Q   121 
 0.28556 -0.88489  1.47193 B   122 
 0.47050 -0.85617  1.56093 A   122 
 0.06311 -0.73246  1.28749 B   123 
 0.33157 -0.40199  1.24012 W   123 
-0.15780 -0.99106  1.35077 B   124 
-0.13310 -1.09151  1.10264 I   124 
-0.19204 -0.99759  1.63010 B   125 
 0.28212 -1.19460  1.69889 R   125 
-0.51091 -1.07076  1.76641 B   126 
-0.63081 -1.15089  1.50085 B   127 
-0.53438 -0.86495  1.38543 X   127 
-0.93561 -1.25545  1.33011 B   128 
-1.08508 -1.61565  1.44143 R   128 
-0.84358 -1.51969  1.07762 B   129 
-0.70745 -1.30848  1.01166 L   129 
