246 
 1.19903  0.09278  0.58363 B   1 
 1.15346 -0.19124  0.88941 K   1 
 1.31470 -0.22756  0.47239 B   2 
 1.43957 -0.16225  0.25488 V   2 
 1.14499 -0.49019  0.39887 B   3 
 0.83714 -0.37481  0.68143 F   3 
 1.07862 -0.79925  0.40850 B   4 
 0.87705 -1.01532  0.28424 B   5 
 0.88642 -1.33383 -0.01251 R   5 
 0.80519 -1.19476  0.53825 B   6 
 0.90206 -1.47434  0.43422 X   6 
 0.78715 -0.94496  0.72233 B   7 
 1.08002 -0.72167  0.85184 E   7 
 0.55082 -0.80066  0.58429 B   8 
 0.56101 -0.57204  0.38000 L   8 
 0.34550 -1.02708  0.58818 B   9 
 0.41169 -1.17257  0.44117 A   9 
 0.32859 -1.04448  0.89297 B   10 
 0.51332 -1.14152  0.95845 A   10 
 0.23537 -0.75316  0.94379 B   11 
 0.41447 -0.63120  0.94149 A   11 
-0.01064 -0.75616  0.75556 B   12 
 0.13843 -0.62227  0.37550 M   12 
-0.14976 -0.98061  0.90631 B   13 
-0.11831 -1.41272  0.88409 K   13 
-0.16949 -0.86718  1.18887 B   14 
 0.14586 -0.64572  1.42990 R   14 
-0.33185 -0.61278  1.05579 B   15 
-0.03724 -0.37693  1.15155 H   15 
-0.55647 -0.77760  0.86122 B   16 
-0.50175 -0.81645  0.53076 B   17 
-0.35050 -0.53342  0.48314 L   17 
-0.57950 -1.09605  0.51261 B   18 
-0.43828 -1.36682  0.47958 D   18 
-0.85736 -1.10025  0.31631 B   19 
-0.78981 -1.41248  0.35598 N   19 
-0.90823 -0.81967  0.26576 B   20 
-0.97619 -0.46232  0.51654 Y   20 
-1.17090 -0.78168  0.07527 B   21 
-1.41159 -0.41688  0.26113 R   21 
-1.05138 -1.06778 -0.06533 B   22 
-0.73307 -1.02136 -0.02608 B   23 
-0.86139 -0.72079 -0.36445 Y   23 
-0.47651 -1.18362 -0.03087 B   24 
-0.45692 -1.38341 -0.15169 S   24 
-0.17122 -1.14300  0.09788 B   25 
-0.06021 -1.19962  0.38603 L   25 
-0.01252 -1.16106 -0.17648 B   26 
-0.12483 -0.89848 -0.29527 B   27 
-0.39886 -1.03539 -0.43693 N   27 
-0.00498 -0.70088 -0.09162 B   28 
-0.39930 -0.58568  0.08235 W   28 
 0.28951 -0.78119 -0.13073 B   29 
 0.36357 -0.97283  0.02856 V   29 
 0.29856 -0.73184 -0.43235 B   30 
 0.22669 -0.88281 -0.65375 X   30 
 0.23121 -0.43245 -0.42336 B   31 
 0.01580 -0.42015 -0.38736 A   31 
 0.46067 -0.33465 -0.24031 B   32 
 0.40761 -0.38949 -0.03908 A   32 
 0.68594 -0.42683 -0.42679 B   33 
 0.92664 -0.65369 -0.51051 K   33 
 0.58805 -0.24255 -0.69117 B   34 
 0.59855 -0.60199 -0.89044 F   34 
 0.55688  0.03606 -0.53671 B   35 
 0.21095  0.06471 -0.59495 E   35 
 0.82922  0.02381 -0.30805 B   36 
 0.70079  0.04450 -0.12859 S   36 
 1.00755 -0.22390 -0.24227 B   37 
 1.21996 -0.28484 -0.42514 N   37 
 0.95368 -0.22356  0.07884 B   38 
 0.88095 -0.61180 -0.04263 F   38 
 0.96151  0.10502  0.11664 B   39 
 1.22865  0.24148  0.09704 N   39 
 0.84960  0.33816  0.34762 B   40 
 0.87020  0.21655  0.56424 T   40 
 1.01742  0.59830  0.20924 B   41 
 1.30406  0.64434  0.48327 Q   41 
 0.86564  0.60811 -0.04492 B   42 
 0.90338  0.43268 -0.15670 A   42 
 0.86523  0.86294 -0.30646 B   43 
 0.89245  1.02433 -0.12451 T   43 
 0.62772  1.00185 -0.56069 B   44 
 0.78576  0.71593 -0.64572 N   44 
 0.58643  1.20524 -0.81343 B   45 
 0.57772  1.68930 -0.66287 R   45 
 0.31527  1.34999 -0.97313 B   46 
 0.17075  1.07804 -0.82318 N   46 
 0.18442  1.50822 -1.24066 B   47 
 0.21220  1.38841 -1.46788 T   47 
-0.05102  1.64262 -1.04505 B   48 
-0.18976  1.43882 -0.94728 D   48 
 0.14707  1.70727 -0.77300 B   49 
 0.13861  1.47956 -0.62392 B   50 
-0.07129  1.35202 -0.63291 S   50 
 0.21125  1.20760 -0.37409 B   51 
 0.44783  1.34102 -0.35538 T   51 
 0.36477  0.90992 -0.30295 B   52 
 0.16903  0.76463 -0.54482 D   52 
 0.34260  0.69710 -0.00147 B   53 
 0.40143  1.17098  0.05065 Y   53 
 0.51700  0.43998  0.08455 B   54 
 0.46472  0.09170  0.06442 B   55 
 0.53227 -0.07819  0.26568 I   55 
 0.16586  0.18496 -0.09622 B   56 
 0.03867 -0.07747  0.03894 L   56 
 0.15139  0.45148 -0.24171 B   57 
 0.46855  0.47882 -0.37634 Q   57 
 0.00117  0.68598 -0.10154 B   58 
-0.15923  0.53136  0.11396 I   58 
-0.19646  0.95037 -0.19830 B   59 
-0.23437  1.04864 -0.48416 N   59 
-0.22105  1.31417 -0.15361 B   60 
-0.01343  1.39768 -0.20310 S   60 
-0.50750  1.38193 -0.29327 B   61 
-0.45515  1.58258 -0.66958 R   61 
-0.67921  1.17134 -0.08341 B   62 
-0.88382  1.14647 -0.49007 W   62 
-0.52291  1.04464  0.19526 B   63 
-0.71886  0.73584 -0.04610 W   63 
-0.29183  1.26785  0.24718 B   64 
-0.08460  1.11063  0.24941 X   64 
-0.08847  1.52135  0.40488 B   65 
-0.19383  1.79359  0.45970 N   65 
 0.18491  1.74891  0.25637 B   66 
 0.18795  1.63709  0.01110 D   66 
 0.12826  2.06997  0.19278 B   67 
 0.14634  2.03446 -0.16776 B   68 
 0.56247  1.82489 -0.25411 R   68 
-0.17667  1.95307 -0.24431 B   69 
-0.09408  1.71617 -0.29218 T   69 
-0.40238  2.07253 -0.41834 B   70 
-0.25728  2.18930 -0.52361 P   70 
-0.71208  1.95199 -0.34860 B   71 
-0.69387  1.78523 -0.10105 B   72 
-0.46644  1.77767 -0.03260 S   72 
-0.83380  1.53039  0.14633 B   73 
-1.16475  1.53949  0.01193 R   73 
-0.74151  1.33415  0.37902 B   74 
-0.54806  1.40777  0.56641 N   74 
-0.90354  1.05067  0.44522 B   75 
-1.07665  1.06468  0.17208 L   75 
-0.68731  0.92943  0.66694 B   76 
-0.61560  0.70150  0.46844 X   76 
-0.59990  1.14701  0.85393 B   77 
-0.75907  1.29265  1.02095 N   77 
-0.28221  1.21488  0.75201 B   78 
-0.22733  0.94881  0.86549 I   78 
 0.03294  1.24884  0.74196 B   79 
 0.05315  1.33424  0.93163 P   79 
 0.22917  1.13625  0.49565 B   80 
 0.09101  1.26872  0.24438 X   80 
 0.47475  1.07060  0.68610 B   81 
 0.50906  1.28232  0.79315 S   81 
 0.33793  0.83124  0.83596 B   82 
 0.18062  0.91859  0.94523 A   82 
 0.38010  0.64964  0.56567 B   83 
 0.08283  0.70214  0.43917 L   83 
 0.71562  0.62606  0.64497 B   84 
 0.73238  0.85312  0.40744 L   84 
 0.72255  0.45193  0.86575 B   85 
 0.65274  0.50297  1.11004 S   85 
 0.81654  0.15373  1.02094 B   86 
 1.00112  0.20030  1.16627 S   86 
 0.52280  0.17896  1.10423 B   87 
 0.38488  0.14968  1.36031 D   87 
 0.24845  0.03963  0.91626 B   88 
 0.34730 -0.17856  0.79664 I   88 
-0.02351  0.11678  1.04346 B   89 
-0.00708  0.07295  1.30477 T   89 
-0.10504  0.36164  0.86984 B   90 
 0.01270  0.52877  0.94364 A   90 
-0.09980  0.22356  0.59042 B   91 
 0.15821  0.27563  0.51272 S   91 
-0.30162  0.00211  0.65368 B   92 
-0.19102 -0.20587  0.76872 V   92 
-0.54510  0.16961  0.73631 B   93 
-0.50255  0.15990  1.06990 N   93 
-0.54775  0.31851  0.46553 B   94 
-0.43240  0.57006  0.39764 X   94 
-0.56508  0.07616  0.27471 B   95 
-0.36890 -0.01248  0.27308 A   95 
-0.83777 -0.02667  0.37708 B   96 
-0.72198 -0.26647  0.75917 K   96 
-0.98575  0.22223  0.26188 B   97 
-1.00078  0.49895  0.52933 K   97 
-0.90249  0.19988 -0.03456 B   98 
-0.62664  0.33932 -0.05987 I   98 
-1.01168 -0.09521 -0.09753 B   99 
-0.89193 -0.27900 -0.02207 V   99 
-1.31500  0.00999 -0.00286 B   100 
-1.26737 -0.08860  0.23555 S   100 
-1.38520  0.23087 -0.23822 B   101 
-1.26724  0.47934 -0.28002 D   101 
-1.45418  0.00893 -0.51829 B   102 
-1.17603 -0.08648 -0.69370 B   103 
-1.24740  0.17433 -0.87300 N   103 
-1.00457 -0.19676 -0.50535 B   104 
-0.67614 -0.28387 -0.60313 B   105 
-0.50928 -0.54577 -0.36363 M   105 
-0.68665 -0.08988 -0.85938 B   106 
-0.87987 -0.30587 -1.01870 N   106 
-0.56335  0.15533 -0.70656 B   107 
-0.69772  0.18462 -0.54900 A   107 
-0.30655 -0.01728 -0.77537 B   108 
-0.32373  0.00287 -0.30896 W   108 
-0.12393 -0.00319 -1.05206 B   109 
-0.12384  0.23085 -1.15589 V   109 
 0.08536 -0.22720 -0.98890 B   110 
 0.24212 -0.13045 -0.87911 A   110 
-0.11728 -0.44618 -0.92784 B   111 
-0.41599 -0.61212 -0.74120 W   111 
-0.27475 -0.44555 -1.19494 B   112 
-0.46699 -0.12019 -1.38337 R   112 
-0.00505 -0.46721 -1.38961 B   113 
-0.06795 -0.17641 -1.51915 N   113 
 0.15832 -0.70651 -1.18291 B   114 
 0.57660 -0.43008 -1.21465 R   114 
-0.06578 -0.88705 -1.00325 B   115 
 0.09600 -0.73015 -0.77787 X   115 
-0.30651 -0.92521 -1.15448 B   116 
-0.69306 -0.70946 -1.20033 K   116 
-0.36225 -1.26475 -1.24312 B   117 
-0.15265 -1.37807 -1.06362 B   118 
 0.03913 -1.21108 -1.11582 T   118 
 0.06523 -1.56336 -0.85141 B   119 
 0.08811 -1.84546 -0.80570 D   119 
 0.04752 -1.42523 -0.53988 B   120 
-0.13509 -1.26229 -0.59058 V   120 
 0.13608 -1.66046 -0.35307 B   121 
-0.18310 -1.92452 -0.39705 Q   121 
 0.44348 -1.63192 -0.41393 B   122 
 0.45957 -1.67326 -0.61637 A   122 
 0.47848 -1.38923 -0.19803 B   123 
 0.54444 -1.11465 -0.52017 W   123 
 0.44971 -1.62053  0.05761 B   124 
 0.20170 -1.53927  0.12207 I   124 
 0.66051 -1.80349  0.02113 B   125 
 0.42627 -2.01476 -0.38982 R   125 
 0.82889 -1.93614  0.30338 B   126 
 0.63139 -1.82321  0.50226 B   127 
 0.68255 -1.53328  0.36921 X   127 
 0.55361 -1.78352  0.85633 B   128 
 0.47437 -2.12594  1.05868 R   128 
 0.18185 -1.82730  0.90013 B   129 
 0.21066 -1.62773  0.73634 L   129 
