246 
-0.99116  0.89652  0.02770 B   1 
-1.31847  0.64583 -0.05142 K   1 
-1.13333  0.77898  0.33486 B   2 
-1.01675  0.93473  0.50609 V   2 
-1.12234  0.48512  0.46411 B   3 
-1.09810  0.30828  0.06907 F   3 
-1.24631  0.22931  0.60268 B   4 
-1.16046 -0.05253  0.72902 B   5 
-1.11735 -0.23068  1.12399 R   5 
-1.38653 -0.24834  0.61753 B   6 
-1.50366 -0.35332  0.88888 X   6 
-1.38107 -0.11211  0.33821 B   7 
-1.51523  0.24165  0.24198 E   7 
-1.08965 -0.17846  0.25820 B   8 
-0.84111 -0.00009  0.28089 L   8 
-1.09550 -0.48162  0.29690 B   9 
-1.10059 -0.51611  0.51124 A   9 
-1.30581 -0.53347  0.08111 B   10 
-1.49651 -0.46725  0.16523 A   10 
-1.14805 -0.41313 -0.15716 B   11 
-1.18095 -0.19909 -0.14940 A   11 
-0.88945 -0.58016 -0.12272 B   12 
-0.63950 -0.34604  0.13670 M   12 
-1.03081 -0.84635 -0.16292 B   13 
-1.24512 -1.10878  0.10801 K   13 
-1.15976 -0.81115 -0.43719 B   14 
-1.38378 -0.45210 -0.60299 R   14 
-0.85656 -0.74986 -0.55167 B   15 
-0.96212 -0.38336 -0.62999 H   15 
-0.68466 -1.00823 -0.41320 B   16 
-0.50431 -0.96350 -0.13181 B   17 
-0.41176 -0.65871 -0.19330 L   17 
-0.58855 -1.20561  0.00546 B   18 
-0.77384 -1.27834  0.23939 D   18 
-0.30814 -1.39629  0.03311 B   19 
-0.52519 -1.55779  0.20755 N   19 
-0.10798 -1.24252 -0.10886 B   20 
-0.06922 -1.07770 -0.51696 Y   20 
 0.18120 -1.39439 -0.10268 B   21 
 0.35977 -1.34661 -0.54016 R   21 
 0.07416 -1.48360  0.20795 B   22 
-0.09824 -1.22056  0.28604 B   23 
 0.35163 -1.08464  0.30703 Y   23 
-0.31049 -1.13820  0.48689 B   24 
-0.33584 -1.24574  0.69351 S   24 
-0.54076 -0.89681  0.49867 B   25 
-0.82649 -0.87854  0.36989 L   25 
-0.44387 -0.76635  0.77140 B   26 
-0.17296 -0.66386  0.66289 B   27 
 0.00223 -0.94505  0.72727 N   27 
-0.27961 -0.46206  0.45603 B   28 
-0.13472 -0.69317  0.10301 W   28 
-0.44778 -0.29392  0.65137 B   29 
-0.69149 -0.38118  0.67523 V   29 
-0.21975 -0.22690  0.84373 B   30 
-0.10318 -0.36050  1.05713 X   30 
-0.04276 -0.07823  0.64168 B   31 
 0.05223 -0.23282  0.51951 A   31 
-0.24229  0.14015  0.55101 B   32 
-0.38038  0.04602  0.41541 A   32 
-0.27787  0.26254  0.82989 B   33 
-0.45902  0.29733  1.11691 K   33 
 0.04745  0.33683  0.87558 B   34 
 0.00241  0.12339  1.22405 F   34 
 0.09452  0.48522  0.59591 B   35 
 0.33168  0.25344  0.47792 E   35 
-0.21345  0.65791  0.55196 B   36 
-0.25943  0.56025  0.35838 S   36 
-0.47528  0.61902  0.71757 B   37 
-0.49114  0.75237  0.97103 N   37 
-0.66859  0.55014  0.46480 B   38 
-0.73763  0.24880  0.73905 F   38 
-0.53685  0.77129  0.25698 B   39 
-0.59716  1.06176  0.30559 N   39 
-0.52242  0.82266 -0.08563 B   40 
-0.74299  0.73721 -0.16429 T   40 
-0.38717  1.13273 -0.06237 B   41 
-0.70533  1.35071 -0.16553 Q   41 
-0.12647  1.05001  0.05130 B   42 
-0.15565  0.97131  0.24534 A   42 
 0.18017  1.24320  0.09596 B   43 
 0.11959  1.35427 -0.11354 T   43 
 0.54986  1.18297  0.10179 B   44 
 0.38416  1.11733  0.38848 N   44 
 0.84665  1.31082  0.15195 B   45 
 0.98585  1.61300 -0.23063 R   45 
 1.17167  1.22096  0.07277 B   46 
 1.01030  0.91921  0.05749 N   46 
 1.50374  1.25378  0.12161 B   47 
 1.58704  1.21525  0.36313 T   47 
 1.55919  1.15113 -0.19167 B   48 
 1.46443  0.90380 -0.20529 D   48 
 1.29837  1.31611 -0.34062 B   49 
 1.08753  1.14465 -0.32352 B   50 
 1.14175  0.90511 -0.33286 S   50 
 0.74237  0.99460 -0.32018 B   51 
 0.67023  1.25692 -0.31003 T   51 
 0.46531  0.90358 -0.14074 B   52 
 0.66427  0.68391  0.03269 D   52 
 0.16371  0.71802 -0.24693 B   53 
 0.33025  1.07238 -0.52519 Y   53 
-0.11466  0.66811 -0.09220 B   54 
-0.24485  0.39931  0.09552 B   55 
-0.50340  0.31789  0.07441 I   55 
 0.07007  0.25474  0.03433 B   56 
-0.08554 -0.02650  0.03152 L   56 
 0.30969  0.43474 -0.01661 B   57 
 0.24865  0.70004  0.19634 Q   57 
 0.40779  0.46689 -0.31080 B   58 
 0.26735  0.22555 -0.44535 I   58 
 0.70945  0.50542 -0.47155 B   59 
 0.97552  0.56880 -0.33738 N   59 
 0.87093  0.72539 -0.71749 B   60 
 0.83661  0.93925 -0.64253 S   60 
 1.15221  0.57112 -0.77429 B   61 
 1.48359  0.77774 -0.59511 R   61 
 0.99405  0.28464 -0.87816 B   62 
 1.37097  0.15358 -0.65770 W   62 
 0.65638  0.29065 -0.94209 B   63 
 0.77448 -0.03811 -0.67755 W   63 
 0.60846  0.60566 -1.00829 B   64 
 0.41991  0.65422 -0.83578 X   64 
 0.51700  0.91070 -1.17881 B   65 
 0.66901  1.00898 -1.41430 N   65 
 0.58741  1.27818 -1.08619 B   66 
 0.70020  1.22829 -0.84648 D   66 
 0.81960  1.45581 -1.24389 B   67 
 1.04174  1.47835 -0.95802 B   68 
 0.77824  1.65480 -0.60593 R   68 
 1.22519  1.19195 -0.99175 B   69 
 1.09783  1.09971 -0.79049 T   69 
 1.52363  1.12020 -1.02763 B   70 
 1.57730  1.31498 -0.95727 P   70 
 1.57962  0.80426 -1.13878 B   71 
 1.31667  0.68418 -1.21532 B   72 
 1.14547  0.84132 -1.16569 S   72 
 1.09396  0.38835 -1.30812 B   73 
 1.36620  0.16158 -1.35433 R   73 
 0.78761  0.30484 -1.32673 B   74 
 0.59218  0.48005 -1.42192 N   74 
 0.68769 -0.00993 -1.28277 B   75 
 0.97485 -0.10393 -1.16671 L   75 
 0.36042  0.04927 -1.28402 B   76 
 0.34735 -0.03135 -0.98431 X   76 
 0.29227  0.24186 -1.50359 B   77 
 0.33272  0.20578 -1.77099 N   77 
 0.22833  0.53158 -1.33656 B   78 
-0.01029  0.38471 -1.24615 I   78 
 0.08551  0.78846 -1.21746 B   79 
-0.01416  0.84303 -1.39286 P   79 
 0.09657  0.88121 -0.89632 B   80 
 0.40855  0.88999 -0.84775 X   80 
-0.19719  1.00201 -0.89409 B   81 
-0.18493  1.15866 -1.07513 S   81 
-0.34650  0.72767 -0.92434 B   82 
-0.29585  0.65941 -1.11694 A   82 
-0.27151  0.66257 -0.61138 B   83 
-0.00112  0.48892 -0.67357 L   83 
-0.51521  0.88810 -0.51565 B   84 
-0.24793  1.07332 -0.46553 L   84 
-0.75733  0.75718 -0.57357 B   85 
-0.86413  0.71724 -0.80627 S   85 
-1.06129  0.61408 -0.47882 B   86 
-1.23629  0.76854 -0.53241 S   86 
-0.95122  0.40580 -0.67467 B   87 
-1.06979  0.26088 -0.89916 D   87 
-0.74504  0.12698 -0.57587 B   88 
-0.82217  0.06577 -0.32689 I   88 
-0.65123 -0.03461 -0.82323 B   89 
-0.86214 -0.07541 -0.97919 T   89 
-0.36742  0.08387 -0.86972 B   90 
-0.39823  0.27564 -0.96729 A   90 
-0.24514  0.02123 -0.58991 B   91 
-0.30208  0.25403 -0.45618 S   91 
-0.29142 -0.28143 -0.59510 B   92 
-0.53191 -0.34849 -0.51519 V   92 
-0.13731 -0.35770 -0.84926 B   93 
-0.39515 -0.36302 -1.06531 N   93 
 0.12468 -0.23587 -0.73961 B   94 
 0.23468  0.02323 -0.78386 X   94 
 0.14623 -0.39272 -0.47431 B   95 
-0.00000 -0.30633 -0.34203 A   95 
 0.16884 -0.67243 -0.60340 B   96 
-0.27466 -0.78114 -0.69497 K   96 
 0.44937 -0.60577 -0.72164 B   97 
 0.40889 -0.45698 -1.07456 K   97 
 0.59926 -0.53203 -0.46202 B   98 
 0.53976 -0.23261 -0.40736 I   98 
 0.55499 -0.80365 -0.29701 B   99 
 0.34894 -0.84423 -0.19847 V   99 
 0.70167 -0.96681 -0.54978 B   100 
 0.46310 -1.01889 -0.64572 S   100 
 1.01035 -0.85029 -0.53388 B   101 
 1.09942 -0.59369 -0.59403 D   101 
 1.13095 -1.02367 -0.23749 B   102 
 1.05818 -0.86528  0.05723 B   103 
 1.34842 -0.72814  0.01010 N   103 
 0.78303 -0.82890  0.05517 B   104 
 0.63415 -0.63480  0.31047 B   105 
 0.25132 -0.70744  0.35472 M   105 
 0.91247 -0.49010  0.38120 B   106 
 1.01818 -0.76249  0.53609 N   106 
 0.86260 -0.24941  0.18557 B   107 
 0.83913 -0.34374  0.00039 A   107 
 0.68937 -0.16794  0.43821 B   108 
 0.38601 -0.20969  0.08542 W   108 
 0.79108  0.00185  0.70454 B   109 
 0.97820  0.16722  0.64798 V   109 
 0.52640  0.00191  0.87162 B   110 
 0.41539  0.17242  0.80386 A   110 
 0.48329 -0.29951  0.86628 B   111 
 0.43029 -0.64819  0.70131 W   111 
 0.75141 -0.39139  0.99200 B   112 
 1.14365 -0.29994  0.86507 R   112 
 0.73280 -0.18839  1.25572 B   113 
 0.99894 -0.02953  1.15965 N   113 
 0.38563 -0.24558  1.30939 B   114 
 0.32286  0.25111  1.35111 R   114 
 0.29083 -0.54809  1.18858 B   115 
 0.12693 -0.34433  1.00635 X   115 
 0.50373 -0.73799  1.21837 B   116 
 0.84604 -0.87638  0.96987 K   116 
 0.42703 -0.99730  1.44887 B   117 
 0.13636 -0.93389  1.47069 B   118 
 0.15345 -0.67593  1.49428 T   118 
-0.21680 -0.91524  1.51280 B   119 
-0.39957 -1.09031  1.64748 D   119 
-0.35466 -0.86473  1.20477 B   120 
-0.14280 -0.88684  1.07403 V   120 
-0.64656 -0.97279  1.23933 B   121 
-0.57772 -1.38097  1.28612 Q   121 
-0.75283 -0.72063  1.39467 B   122 
-0.64179 -0.71782  1.56964 A   122 
-0.80090 -0.55275  1.11855 B   123 
-0.47770 -0.29175  1.22316 W   123 
-1.07643 -0.75135  1.05283 B   124 
-0.94989 -0.88675  0.85810 I   124 
-1.25280 -0.71377  1.26898 B   125 
-0.94917 -0.99049  1.58459 R   125 
-1.60226 -0.70310  1.21085 B   126 
-1.57970 -0.79224  0.92300 B   127 
-1.37181 -0.54919  0.87731 X   127 
-1.76376 -0.85563  0.61463 B   128 
-2.03059 -1.16074  0.62837 R   128 
-1.61921 -1.16405  0.45332 B   129 
-1.42282 -0.99491  0.47097 L   129 
