246 
 0.40097  0.93866  0.86316 B   1 
 0.03619  1.13451  0.93256 K   1 
 0.23612  0.79500  1.14699 B   2 
 0.42704  0.65156  1.24769 V   2 
-0.02576  0.60926  1.15694 B   3 
-0.17802  0.79839  0.79782 F   3 
-0.30938  0.52115  1.26561 B   4 
-0.52910  0.29023  1.23155 B   5 
-0.67128 -0.05668  1.45299 R   5 
-0.80188  0.45595  1.23068 B   6 
-0.94501  0.32292  1.47601 X   6 
-0.67701  0.68007  1.05522 B   7 
-0.41197  0.94662  1.16063 E   7 
-0.61597  0.51388  0.80147 B   8 
-0.35003  0.38613  0.71746 L   8 
-0.89372  0.39658  0.75114 B   9 
-0.92627  0.24732  0.90548 A   9 
-1.02956  0.66605  0.70193 B   10 
-1.04865  0.76097  0.89802 A   10 
-0.85537  0.75440  0.46111 B   11 
-0.67458  0.83919  0.54526 A   11 
-0.89903  0.50303  0.28543 B   12 
-0.58083  0.23525  0.39329 M   12 
-1.20010  0.54176  0.26771 B   13 
-1.52688  0.42542  0.52825 K   13 
-1.22312  0.82206  0.14941 B   14 
-0.99110  1.19744  0.25827 R   14 
-1.04133  0.71096 -0.10238 B   15 
-0.75272  0.95023  0.00270 H   15 
-1.20375  0.42089 -0.17279 B   16 
-1.08662  0.12614 -0.05828 B   17 
-0.77128  0.20008 -0.07684 L   17 
-1.34120  0.01619  0.02922 B   18 
-1.48363 -0.03555  0.29639 D   18 
-1.39727 -0.25299 -0.17116 B   19 
-1.63390 -0.27177  0.04627 N   19 
-1.17459 -0.24664 -0.35620 B   20 
-1.01039  0.04907 -0.64047 Y   20 
-1.19184 -0.49532 -0.56735 B   21 
-1.07574 -0.31219 -0.98989 R   21 
-1.31626 -0.65623 -0.29435 B   22 
-1.14889 -0.50765 -0.05999 B   23 
-0.83747 -0.78460 -0.27821 Y   23 
-1.16179 -0.47022  0.24102 B   24 
-1.26921 -0.62364  0.38181 S   24 
-1.03853 -0.24523  0.45460 B   25 
-1.14177  0.04007  0.53525 L   25 
-0.87838 -0.45043  0.63635 B   26 
-0.67261 -0.53052  0.41975 B   27 
-0.85470 -0.78101  0.28557 N   27 
-0.53465 -0.25743  0.38410 B   28 
-0.68567 -0.19529 -0.03106 W   28 
-0.45123 -0.21926  0.67785 B   29 
-0.63217 -0.09684  0.81876 V   29 
-0.29431 -0.48048  0.70297 B   30 
-0.36613 -0.74313  0.75619 X   30 
-0.08619 -0.42023  0.48547 B   31 
-0.18753 -0.45277  0.29437 A   31 
 0.02855 -0.15561  0.59743 B   32 
-0.11521 -0.00167  0.55326 A   32 
 0.12610 -0.27734  0.86142 B   33 
 0.08331 -0.33309  1.19528 K   33 
 0.32962 -0.50538  0.71993 B   34 
 0.11836 -0.77270  0.94998 F   34 
 0.48291 -0.30549  0.52244 B   35 
 0.37080 -0.46185  0.22771 E   35 
 0.51107 -0.01247  0.72230 B   36 
 0.40231  0.11609  0.57818 S   36 
 0.36713  0.04373  0.99362 B   37 
 0.48276 -0.07111  1.22966 N   37 
 0.22275  0.32074  0.90178 B   38 
-0.07871  0.09112  1.06663 F   38 
 0.47782  0.43846  0.72703 B   39 
 0.71679  0.53896  0.87923 N   39 
 0.52905  0.67157  0.47552 B   40 
 0.35899  0.84666  0.52612 T   40 
 0.86738  0.66205  0.49621 B   41 
 0.93218  1.01548  0.67019 Q   41 
 0.90153  0.38342  0.40171 B   42 
 0.81867  0.25003  0.54325 A   42 
 1.20529  0.20630  0.30320 B   43 
 1.28003  0.42118  0.21301 T   43 
 1.30493 -0.06800  0.06831 B   44 
 1.17733 -0.16573  0.36518 N   44 
 1.54522 -0.26268 -0.03799 B   45 
 1.87629 -0.00883 -0.32610 R   45 
 1.59892 -0.45968 -0.31779 B   46 
 1.25729 -0.43505 -0.31448 N   46 
 1.76758 -0.70748 -0.47232 B   47 
 1.76838 -0.93612 -0.35198 T   47 
 1.69613 -0.57028 -0.76867 B   48 
 1.43176 -0.57488 -0.78939 D   48 
 1.73651 -0.24228 -0.67806 B   49 
 1.49276 -0.16431 -0.58504 B   50 
 1.29770 -0.27060 -0.69021 S   50 
 1.21233  0.02087 -0.41556 B   51 
 1.42062  0.14600 -0.29276 T   51 
 1.01472  0.06183 -0.13894 B   52 
 0.89891 -0.25757 -0.18886 D   52 
 0.71974  0.27865 -0.08752 B   53 
 1.11008  0.46135 -0.29963 Y   53 
 0.55883  0.34983  0.18261 B   54 
 0.26103  0.22933  0.32832 B   55 
 0.07901  0.39344  0.44606 I   55 
 0.26087  0.01002  0.05314 B   56 
-0.05966  0.02895  0.06794 L   56 
 0.52425 -0.06243 -0.08025 B   57 
 0.74076 -0.07812  0.18872 Q   57 
 0.59317  0.07567 -0.35114 B   58 
 0.31466  0.18406 -0.43335 I   58 
 0.75343 -0.01095 -0.64292 B   59 
 0.92268 -0.26068 -0.68535 N   59 
 1.01968  0.11140 -0.86449 B   60 
 1.20000  0.15262 -0.72915 S   60 
 0.99669 -0.09100 -1.11877 B   61 
 1.32355 -0.36973 -1.12765 R   61 
 0.66989 -0.00511 -1.17963 B   62 
 0.70910 -0.44870 -1.27733 W   62 
 0.53411  0.26874 -1.02242 B   63 
 0.28581 -0.09038 -0.98513 W   63 
 0.80007  0.44455 -0.95707 B   64 
 0.76621  0.47395 -0.70083 X   64 
 1.03833  0.71584 -0.94640 B   65 
 1.19009  0.79931 -1.18770 N   65 
 1.40204  0.72264 -0.81895 B   66 
 1.40482  0.47156 -0.72084 D   66 
 1.65972  0.72514 -1.02855 B   67 
 1.77416  0.39201 -0.94194 B   68 
 1.82599  0.39391 -0.47093 R   68 
 1.59035  0.19919 -1.15607 B   69 
 1.45423  0.12351 -0.95364 T   69 
 1.64960 -0.00268 -1.38243 B   70 
 1.84930 -0.02427 -1.30878 P   70 
 1.38542 -0.06691 -1.58588 B   71 
 1.16619  0.12468 -1.51762 B   72 
 1.23772  0.25785 -1.33428 S   72 
 0.80401  0.24419 -1.53385 B   73 
 0.71141  0.01806 -1.79455 R   73 
 0.60014  0.43850 -1.38600 B   74 
 0.67736  0.68969 -1.29170 N   74 
 0.27260  0.37803 -1.37887 B   75 
 0.30756  0.07627 -1.49061 L   75 
 0.18975  0.62011 -1.16640 B   76 
 0.11232  0.40523 -0.95586 X   76 
 0.33537  0.87254 -1.23730 B   77 
 0.31833  1.01059 -1.47202 N   77 
 0.57264  0.89692 -0.99435 B   78 
 0.33995  0.95302 -0.82290 I   78 
 0.74695  0.99630 -0.74876 B   79 
 0.75417  1.19738 -0.80528 P   79 
 0.83722  0.80554 -0.48931 B   80 
 0.97565  0.56399 -0.63851 X   80 
 0.82435  1.04197 -0.27758 B   81 
 0.97104  1.20286 -0.37788 S   81 
 0.51260  1.07696 -0.28527 B   82 
 0.47090  1.14841 -0.47885 A   82 
 0.48609  0.79831 -0.11362 B   83 
 0.44092  0.60078 -0.37066 L   83 
 0.58970  0.97187  0.16666 B   84 
 0.86980  0.81539  0.09380 L   84 
 0.36940  1.13355  0.23337 B   85 
 0.28753  1.34757  0.11234 S   85 
 0.11288  1.23241  0.44846 B   86 
 0.17994  1.43564  0.55598 S   86 
-0.03127  1.22142  0.17836 B   87 
-0.21341  1.40488  0.04189 D   87 
-0.19812  0.92783  0.05196 B   88 
-0.28488  0.79622  0.26838 I   88 
-0.30685  0.97673 -0.23419 B   89 
-0.43264  1.21050 -0.23518 T   89 
-0.08089  0.85187 -0.40770 B   90 
 0.08007  0.99791 -0.40986 A   90 
-0.08557  0.56378 -0.28874 B   91 
 0.10277  0.58748 -0.09052 S   91 
-0.37993  0.50318 -0.34747 B   92 
-0.54093  0.59269 -0.16096 V   92 
-0.38599  0.54249 -0.65175 B   93 
-0.49939  0.85913 -0.65979 N   93 
-0.16543  0.33020 -0.69412 B   94 
 0.11573  0.36643 -0.72276 X   94 
-0.29783  0.09049 -0.55108 B   95 
-0.27981  0.12966 -0.34016 A   95 
-0.54310  0.07226 -0.73796 B   96 
-0.82744  0.40017 -0.56905 K   96 
-0.36593 -0.01925 -0.97744 B   97 
-0.24913  0.28878 -1.17696 K   97 
-0.23523 -0.26971 -0.85297 B   98 
 0.01224 -0.17093 -0.69428 I   98 
-0.49983 -0.43451 -0.77682 B   99 
-0.62230 -0.37240 -0.58986 V   99 
-0.58792 -0.41849 -1.09933 B   100 
-0.73526 -0.20920 -1.04172 S   100 
-0.35311 -0.60218 -1.24158 B   101 
-0.08301 -0.54197 -1.27022 D   101 
-0.45904 -0.93504 -1.13944 B   102 
-0.34423 -1.03059 -0.83133 B   103 
-0.09864 -1.15351 -1.00410 N   103 
-0.42605 -0.83062 -0.65712 B   104 
-0.31075 -0.83706 -0.32293 B   105 
-0.53639 -0.62890 -0.07890 M   105 
-0.06277 -1.02747 -0.39807 B   106 
-0.26549 -1.28782 -0.42012 N   106 
 0.13428 -0.78814 -0.44890 B   107 
 0.03797 -0.67942 -0.59937 A   107 
 0.13708 -0.81181 -0.13282 B   108 
-0.02902 -0.38522 -0.22590 W   108 
 0.33496 -1.00364  0.05198 B   109 
 0.56310 -1.04128 -0.05799 V   109 
 0.22523 -0.93417  0.33677 B   110 
 0.33353 -0.76003  0.39947 A   110 
-0.06669 -0.99644  0.27635 B   111 
-0.40635 -0.96127  0.08928 W   111 
-0.03770 -1.29098  0.18390 B   112 
 0.20861 -1.44488 -0.12264 R   112 
 0.14012 -1.38877  0.44833 B   113 
 0.39516 -1.45607  0.25934 N   113 
-0.05656 -1.20622  0.68216 B   114 
 0.36874 -1.03441  0.88704 R   114 
-0.37154 -1.15727  0.56602 B   115 
-0.25559 -0.86092  0.58387 X   115 
-0.45508 -1.38171  0.40813 B   116 
-0.43899 -1.49374 -0.02229 K   116 
-0.72175 -1.56390  0.55628 B   117 
-0.78539 -1.36065  0.76515 B   118 
-0.54375 -1.30648  0.84305 T   118 
-0.91570 -1.14246  1.01465 B   119 
-1.15051 -1.16253  1.17792 D   119 
-0.92868 -0.82892  0.88061 B   120 
-0.86087 -0.89347  0.64887 V   120 
-1.14859 -0.68738  1.05288 B   121 
-1.49055 -0.89397  0.93490 Q   121 
-0.96315 -0.63832  1.30233 B   122 
-0.91349 -0.82873  1.36735 A   122 
-0.83185 -0.36993  1.17016 B   123 
-0.45931 -0.57660  1.12517 W   123 
-1.12763 -0.20173  1.23266 B   124 
-1.19866 -0.20166  0.97338 I   124 
-1.16619 -0.21296  1.51128 B   125 
-1.28953 -0.71563  1.48926 R   125 
-1.30263  0.06653  1.68121 B   126 
-1.37545  0.21354  1.42743 B   127 
-1.06799  0.17909  1.33433 X   127 
-1.51121  0.52278  1.28984 B   128 
-1.89979  0.59887  1.37753 R   128 
-1.73180  0.43389  0.99747 B   129 
-1.49605  0.34202  0.93859 L   129 
