246 
-0.58962 -0.28756 -1.16472 B   1 
-0.56822 -0.70673 -1.15575 K   1 
-0.88733 -0.42297 -1.01839 B   2 
-1.04101 -0.21429 -1.01687 V   2 
-0.92734 -0.56164 -0.73143 B   3 
-0.51734 -0.70225 -0.73813 F   3 
-1.03172 -0.78642 -0.53497 B   4 
-1.04631 -0.85816 -0.22288 B   5 
-1.34463 -0.86494  0.09423 R   5 
-0.97443 -1.16915 -0.22149 B   6 
-1.23424 -1.28257 -0.08729 X   6 
-0.75364 -1.12946 -0.43664 B   7 
-0.80086 -1.05134 -0.81621 E   7 
-0.56437 -0.94361 -0.27737 B   8 
-0.54379 -0.63778 -0.28963 L   8 
-0.52589 -1.11487 -0.02711 B   9 
-0.71308 -1.10622  0.08263 A   9 
-0.39003 -1.34701 -0.17251 B   10 
-0.54832 -1.45086 -0.28199 A   10 
-0.15002 -1.18699 -0.28623 B   11 
-0.22169 -1.09073 -0.46665 A   11 
-0.05056 -1.06765 -0.01823 B   12 
-0.25768 -0.69323  0.02050 M   12 
 0.00349 -1.33938  0.10706 B   13 
-0.25016 -1.62098  0.31817 K   13 
 0.19861 -1.46506 -0.09100 B   14 
 0.18213 -1.46712 -0.54521 R   14 
 0.39134 -1.20232 -0.03987 B   15 
 0.33459 -1.09113 -0.40866 H   15 
 0.38953 -1.18931  0.29970 B   16 
 0.18575 -0.97555  0.46244 B   17 
 0.19734 -0.73669  0.24321 L   17 
 0.09281 -1.16059  0.66658 B   18 
-0.16462 -1.31644  0.72812 D   18 
 0.21181 -1.03808  0.96083 B   19 
 0.01942 -1.27908  1.05318 N   19 
 0.37093 -0.81023  0.87938 B   20 
 0.71263 -0.74681  0.60656 Y   20 
 0.50271 -0.66181  1.13886 B   21 
 0.94830 -0.55632  1.01282 R   21 
 0.20691 -0.75217  1.28111 B   22 
 0.01133 -0.73023  1.02366 B   23 
 0.11333 -0.28599  1.14005 Y   23 
-0.26407 -0.82470  0.93760 B   24 
-0.43305 -0.87514  1.09189 S   24 
-0.41414 -0.87188  0.64318 B   25 
-0.40048 -1.11199  0.44139 L   25 
-0.66016 -0.67816  0.69545 B   26 
-0.49421 -0.41720  0.70124 B   27 
-0.42213 -0.42570  1.03084 N   27 
-0.39395 -0.41995  0.40999 B   28 
 0.03306 -0.48750  0.52009 W   28 
-0.67055 -0.43083  0.27552 B   29 
-0.75431 -0.67392  0.23715 V   29 
-0.78288 -0.17928  0.40817 B   30 
-0.90264 -0.12875  0.65329 X   30 
-0.57610  0.01786  0.29580 B   31 
-0.39429 -0.01168  0.41379 A   31 
-0.61711 -0.03303 -0.00661 B   32 
-0.51845 -0.21869 -0.05255 A   32 
-0.91230  0.04991 -0.00877 B   33 
-1.24314 -0.03345 -0.00847 K   33 
-0.86018  0.36212  0.10634 B   34 
-1.13796  0.25697  0.39059 F   34 
-0.62777  0.44232 -0.09863 B   35 
-0.38159  0.48449  0.14937 E   35 
-0.73704  0.28484 -0.39840 B   36 
-0.55330  0.16288 -0.42066 S   36 
-0.96739  0.07601 -0.42704 B   37 
-1.23551  0.17728 -0.43848 N   37 
-0.78796 -0.15766 -0.56566 B   38 
-0.98491 -0.34339 -0.25342 F   38 
-0.60958  0.04323 -0.75873 B   39 
-0.74671  0.16696 -0.99592 N   39 
-0.30727  0.03236 -0.92820 B   40 
-0.29071 -0.20647 -0.99768 T   40 
-0.35902  0.32155 -1.09754 B   41 
-0.42946  0.17263 -1.46119 Q   41 
-0.35157  0.50249 -0.86316 B   42 
-0.51765  0.46346 -0.73831 A   42 
-0.33456  0.86704 -0.85059 B   43 
-0.19345  0.84957 -1.04978 T   43 
-0.19757  1.13263 -0.62469 B   44 
-0.49779  1.00462 -0.53841 N   44 
-0.17266  1.45290 -0.56341 B   45 
 0.14629  1.67950 -0.88587 R   45 
 0.03329  1.65267 -0.36936 B   46 
 0.06674  1.34830 -0.21584 N   46 
 0.09521  1.94723 -0.21727 B   47 
-0.08515  2.02916 -0.05139 T   47 
 0.42346  1.88640 -0.23477 B   48 
 0.46478  1.66708 -0.09148 D   48 
 0.42741  1.74679 -0.54770 B   49 
 0.38206  1.48139 -0.50707 B   50 
 0.46886  1.38763 -0.29712 S   50 
 0.29761  1.11747 -0.55278 B   51 
 0.19823  1.20982 -0.78882 T   51 
 0.06247  0.86878 -0.54232 B   52 
 0.02870  0.93095 -0.20629 D   52 
 0.10100  0.50334 -0.58290 B   53 
 0.32194  0.79748 -0.89179 Y   53 
-0.12245  0.27323 -0.61511 B   54 
-0.27023  0.04347 -0.39193 B   55 
-0.31984 -0.21509 -0.45983 I   55 
-0.07041  0.20668 -0.15265 B   56 
-0.05138 -0.07948 -0.00751 L   56 
 0.01334  0.49511 -0.19968 B   57 
-0.26654  0.62876 -0.35222 Q   57 
 0.30540  0.54828 -0.29494 B   58 
 0.43898  0.27717 -0.22617 I   58 
 0.54516  0.78984 -0.24509 B   59 
 0.49951  1.06130 -0.11455 N   59 
 0.76858  1.00835 -0.43819 B   60 
 0.63563  1.11352 -0.59245 S   60 
 0.95526  1.13952 -0.20561 B   61 
 0.85566  1.55203 -0.13834 R   61 
 1.06621  0.83304 -0.09772 B   62 
 1.02905  1.09662  0.27241 W   62 
 1.00634  0.55375 -0.28892 B   63 
 0.88944  0.50227  0.13025 W   63 
 0.97130  0.68411 -0.58504 B   64 
 0.73814  0.58531 -0.64454 X   64 
 1.01817  0.75784 -0.93555 B   65 
 1.25919  0.90107 -1.03361 N   65 
 0.86702  1.03771 -1.15327 B   66 
 0.70129  1.13675 -0.96514 D   66 
 1.04545  1.30265 -1.24440 B   67 
 0.85753  1.53828 -1.04255 B   68 
 0.40414  1.47870 -1.16675 R   68 
 1.02256  1.51868 -0.74389 B   69 
 0.81951  1.39364 -0.65240 T   69 
 1.17565  1.71380 -0.55952 B   70 
 1.08191  1.87857 -0.65867 P   70 
 1.37426  1.56265 -0.32926 B   71 
 1.38294  1.27018 -0.39096 B   72 
 1.23993  1.22858 -0.57612 S   72 
 1.46398  0.90787 -0.30214 B   73 
 1.65602  0.99210 -0.01283 R   73 
 1.39617  0.60984 -0.39021 B   74 
 1.37142  0.53705 -0.65862 N   74 
 1.40040  0.35671 -0.17364 B   75 
 1.41760  0.55300  0.08315 L   75 
 1.27412  0.12554 -0.37668 B   76 
 1.01840  0.11439 -0.20067 X   76 
 1.40145  0.14677 -0.64740 B   77 
 1.66642  0.11858 -0.70602 N   77 
 1.15606  0.28502 -0.83869 B   78 
 1.02866  0.02221 -0.80147 I   78 
 0.93508  0.33358 -1.06091 B   79 
 1.04595  0.25751 -1.22092 P   79 
 0.62508  0.44376 -1.00081 B   80 
 0.68632  0.70837 -0.83955 X   80 
 0.49184  0.27523 -1.23476 B   81 
 0.62092  0.34687 -1.42363 S   81 
 0.53618 -0.00606 -1.10293 B   82 
 0.74496 -0.03300 -1.10175 A   82 
 0.29490  0.06484 -0.89181 B   83 
 0.48754  0.17535 -0.65138 L   83 
 0.06817  0.01046 -1.14686 B   84 
 0.06867  0.33947 -1.14466 L   84 
 0.06987 -0.26852 -1.18274 B   85 
 0.25370 -0.41274 -1.29480 S   85 
-0.08489 -0.58136 -1.17792 B   86 
-0.13510 -0.64315 -1.40380 S   86 
 0.18218 -0.64036 -1.03991 B   87 
 0.38069 -0.85255 -1.07202 D   87 
 0.23318 -0.61725 -0.68371 B   88 
-0.00350 -0.67681 -0.57363 I   88 
 0.52965 -0.67063 -0.61052 B   89 
 0.60840 -0.88793 -0.74110 T   89 
 0.63992 -0.38078 -0.58648 B   90 
 0.66986 -0.31140 -0.79028 A   90 
 0.44433 -0.27525 -0.36790 B   91 
 0.24567 -0.16873 -0.52446 S   91 
 0.50850 -0.48555 -0.15476 B   92 
 0.37008 -0.70608 -0.18517 V   92 
 0.81062 -0.44268 -0.12239 B   93 
 0.91876 -0.68683 -0.32704 N   93 
 0.77119 -0.14499 -0.04937 B   94 
 0.78457  0.08459 -0.21759 X   94 
 0.57753 -0.17668  0.18926 B   95 
 0.38593 -0.22583  0.10431 A   95 
 0.77186 -0.33693  0.36806 B   96 
 0.72916 -0.77121  0.20534 K   96 
 0.95886 -0.09004  0.40268 B   97 
 1.22732 -0.09147  0.12654 K   97 
 0.75707  0.11231  0.51949 B   98 
 0.61251  0.24269  0.27807 I   98 
 0.66013 -0.05301  0.77686 B   99 
 0.51010 -0.22782  0.74951 V   99 
 0.98008 -0.06534  0.87435 B   100 
 0.99778 -0.30236  0.76327 S   100 
 1.04291  0.25292  0.93658 B   101 
 1.06410  0.46177  0.75401 D   101 
 0.85933  0.29663  1.24776 B   102 
 0.52803  0.37236  1.20593 B   103 
 0.63644  0.67792  1.21816 N   103 
 0.42611  0.17023  1.04532 B   104 
 0.09540  0.19875  0.92353 B   105 
-0.05834 -0.14544  0.81541 M   105 
 0.09114  0.51677  0.97095 B   106 
 0.05518  0.47077  1.29646 N   106 
 0.19110  0.58375  0.68076 B   107 
 0.37414  0.48317  0.66997 A   107 
-0.11753  0.52815  0.63459 B   108 
 0.10779  0.20582  0.38247 W   108 
-0.36591  0.74716  0.65578 B   109 
-0.29149  0.98395  0.59294 V   109 
-0.60828  0.55840  0.59582 B   110 
-0.62764  0.55535  0.38228 A   110 
-0.54319  0.35135  0.80945 B   111 
-0.32523  0.08532  0.99200 W   111 
-0.54181  0.53491  1.05933 B   112 
-0.31467  0.88491  1.12434 R   112 
-0.83752  0.67511  0.99605 B   113 
-0.69851  0.96614  0.96032 N   113 
-0.99136  0.36996  0.89657 B   114 
-1.17448  0.60792  0.49381 R   114 
-0.83927  0.10306  1.04053 B   115 
-0.78150  0.05885  0.73022 X   115 
-0.74564  0.17174  1.30281 B   116 
-0.36837  0.33233  1.47592 K   116 
-0.91609 -0.00291  1.56107 B   117 
-1.05171 -0.19861  1.38135 B   118 
-1.13144 -0.03456  1.19664 T   118 
-1.21604 -0.46722  1.21498 B   119 
-1.35726 -0.69423  1.31853 D   119 
-0.99725 -0.59651  0.98726 B   120 
-0.80046 -0.45750  1.05374 V   120 
-1.10209 -0.88877  0.94646 B   121 
-1.01906 -1.05813  1.31789 Q   121 
-1.34212 -0.80787  0.75976 B   122 
-1.46297 -0.69006  0.88003 A   122 
-1.15053 -0.79299  0.49554 B   123 
-1.19900 -0.36744  0.48666 W   123 
-1.13642 -1.13864  0.49369 B   124 
-0.88284 -1.14271  0.58287 I   124 
-1.40216 -1.22725  0.46594 B   125 
-1.51439 -1.09139  0.95310 R   125 
-1.47249 -1.51255  0.26777 B   126 
-1.18195 -1.58847  0.23409 B   127 
-1.12957 -1.28906  0.12457 X   127 
-0.95037 -1.81992  0.07349 B   128 
-0.97865 -2.20709  0.19086 R   128 
-0.67775 -1.90276  0.32019 B   129 
-0.66826 -1.64511  0.28829 L   129 
