246 
 0.88287  0.34886  0.94115 B   1 
 0.62317  0.51179  1.22794 K   1 
 0.78341  0.09618  1.17490 B   2 
 0.95143 -0.09274  1.11795 V   2 
 0.49866 -0.04872  1.20803 B   3 
 0.29711  0.30546  1.06021 F   3 
 0.25063 -0.15685  1.37174 B   4 
-0.02130 -0.32212  1.33292 B   5 
-0.17305 -0.72093  1.41962 R   5 
-0.22694 -0.15733  1.51302 B   6 
-0.31582 -0.38333  1.71151 X   6 
-0.10890  0.11390  1.41756 B   7 
 0.23607  0.27082  1.51123 E   7 
-0.17629  0.09215  1.11637 B   8 
 0.00654  0.00300  0.88674 L   8 
-0.47639  0.03763  1.13660 B   9 
-0.49707 -0.16564  1.21018 A   9 
-0.54487  0.30540  1.26734 B   10 
-0.47598  0.29109  1.47441 A   10 
-0.43798  0.48815  1.04080 B   11 
-0.22435  0.50531  1.07282 A   11 
-0.59891  0.36211  0.80805 B   12 
-0.34520  0.05234  0.65229 M   12 
-0.86904  0.42786  0.93120 B   13 
-1.11638  0.22300  1.22284 K   13 
-0.85332  0.73063  0.96549 B   14 
-0.50878  0.98236  1.12203 R   14 
-0.79540  0.74605  0.64114 B   15 
-0.43618  0.87774  0.71333 H   15 
-1.04196  0.54337  0.52448 B   16 
-0.97677  0.22268  0.44315 B   17 
-0.67533  0.27118  0.33347 L   17 
-1.21066  0.10399  0.56869 B   18 
-1.27070 -0.06276  0.81956 D   18 
-1.39533 -0.02415  0.31328 B   19 
-1.54821 -0.13031  0.57592 N   19 
-1.24831  0.05621  0.07707 B   20 
-1.10959  0.44042 -0.09130 Y   20 
-1.39551 -0.05189 -0.19380 B   21 
-1.37356  0.30781 -0.50314 R   21 
-1.46600 -0.31721  0.00755 B   22 
-1.20085 -0.31880  0.19385 B   23 
-1.05774 -0.47341 -0.22677 Y   23 
-1.10862 -0.43554  0.45850 B   24 
-1.20297 -0.62981  0.54937 S   24 
-0.87013 -0.35738  0.67861 B   25 
-0.86408 -0.14321  0.90807 L   25 
-0.72108 -0.63763  0.67293 B   26 
-0.62211 -0.61484  0.38077 B   27 
-0.89616 -0.75002  0.23750 N   27 
-0.43552 -0.37205  0.41420 B   28 
-0.68687 -0.09966  0.16589 W   28 
-0.25745 -0.49204  0.63466 B   29 
-0.34632 -0.44248  0.87388 V   29 
-0.17510 -0.74232  0.47953 B   30 
-0.29308 -0.99002  0.43827 X   30 
-0.03734 -0.59810  0.24613 B   31 
-0.19817 -0.52303  0.11827 A   31 
 0.17201 -0.43440  0.40455 B   32 
 0.06748 -0.26827  0.49280 A   32 
 0.31160 -0.67870  0.52642 B   33 
 0.36232 -0.88993  0.78951 K   33 
 0.39310 -0.82092  0.23220 B   34 
 0.20194 -1.14993  0.38784 F   34 
 0.52381 -0.56185  0.09710 B   35 
 0.28816 -0.54117 -0.16354 E   35 
 0.68911 -0.41069  0.37355 B   36 
 0.57857 -0.21937  0.35603 S   36 
 0.65739 -0.48620  0.67486 B   37 
 0.80655 -0.71204  0.76984 N   37 
 0.56976 -0.19000  0.77781 B   38 
 0.28579 -0.44692  0.93316 F   38 
 0.77885 -0.02114  0.58488 B   39 
 1.07099 -0.02887  0.65532 N   39 
 0.80825  0.30151  0.46135 B   40 
 0.71492  0.44072  0.64588 T   40 
 1.12099  0.25659  0.33825 B   41 
 1.32752  0.46995  0.60509 Q   41 
 1.04931  0.06049  0.12817 B   42 
 0.98287 -0.11878  0.21841 A   42 
 1.24913 -0.06702 -0.14961 B   43 
 1.34565  0.15764 -0.15999 T   43 
 1.19444 -0.19451 -0.49759 B   44 
 1.14515 -0.41693 -0.24848 N   44 
 1.32929 -0.32833 -0.76377 B   45 
 1.60809  0.00865 -1.02022 R   45 
 1.23895 -0.36312 -1.09635 B   46 
 0.93467 -0.31687 -0.94601 N   46 
 1.27937 -0.51318 -1.39565 B   47 
 1.25760 -0.77064 -1.39713 T   47 
 1.15753 -0.24142 -1.54750 B   48 
 0.90857 -0.21445 -1.46016 D   48 
 1.30901 -0.00655 -1.34921 B   49 
 1.13615  0.03340 -1.14264 B   50 
 0.89727  0.00927 -1.19517 S   50 
 0.98195  0.13065 -0.81337 B   51 
 1.24337  0.16123 -0.74378 T   51 
 0.89890  0.04353 -0.49281 B   52 
 0.69357 -0.19832 -0.62425 D   52 
 0.70280  0.22809 -0.23953 B   53 
 1.04075  0.46113 -0.48896 Y   53 
 0.65916  0.16743  0.07406 B   54 
 0.40126  0.01397  0.25946 B   55 
 0.31514  0.11116  0.49834 I   55 
 0.25735 -0.03818 -0.05738 B   56 
-0.02558 -0.00422  0.09133 L   56 
 0.43694 -0.05477 -0.30210 B   57 
 0.71455 -0.21928 -0.17826 Q   57 
 0.45143  0.19413 -0.48929 B   58 
 0.20004  0.35041 -0.39734 I   58 
 0.48364  0.25231 -0.82678 B   59 
 0.55914  0.04464 -1.03651 N   59 
 0.68950  0.44763 -1.06006 B   60 
 0.90725  0.40169 -1.00523 S   60 
 0.53574  0.40144 -1.34355 B   61 
 0.75796  0.13973 -1.60189 R   61 
 0.24104  0.53142 -1.22467 B   62 
 0.12958  0.19408 -1.51038 W   62 
 0.23832  0.70006 -0.92518 B   63 
-0.07110  0.39078 -0.95004 W   63 
 0.54774  0.79854 -0.90334 B   64 
 0.60473  0.69882 -0.66994 X   64 
 0.83990  1.00887 -0.87350 B   65 
 0.92487  1.18939 -1.09352 N   65 
 1.21350  0.92284 -0.91345 B   66 
 1.18068  0.65695 -0.94336 D   66 
 1.38376  1.00940 -1.18521 B   67 
 1.42768  0.66969 -1.30454 B   68 
 1.62282  0.43248 -0.94372 R   68 
 1.14222  0.62429 -1.48694 B   69 
 1.06140  0.46865 -1.30125 T   69 
 1.07238  0.55823 -1.78064 B   70 
 1.27199  0.48730 -1.81052 P   70 
 0.75073  0.62479 -1.86679 B   71 
 0.62240  0.77326 -1.64116 B   72 
 0.78007  0.79127 -1.46428 S   72 
 0.31821  0.91278 -1.45751 B   73 
 0.09266  0.85472 -1.72849 R   73 
 0.22951  1.02273 -1.17252 B   74 
 0.39556  1.18658 -1.01910 N   74 
-0.08311  0.99251 -1.06138 B   75 
-0.16552  0.78495 -1.29568 L   75 
-0.02857  1.10206 -0.75213 B   76 
-0.08990  0.81761 -0.64337 X   76 
 0.14854  1.34398 -0.75918 B   77 
 0.09588  1.58151 -0.88267 N   77 
 0.44751  1.22541 -0.64746 B   78 
 0.30353  1.20653 -0.39133 I   78 
 0.70956  1.17520 -0.47605 B   79 
 0.75136  1.37642 -0.43806 P   79 
 0.82293  0.87413 -0.38464 B   80 
 0.83906  0.72916 -0.66481 X   80 
 0.93960  0.97371 -0.10650 B   81 
 1.08443  1.15118 -0.17716 S   81 
 0.66188  1.03206  0.02742 B   82 
 0.58206  1.19350 -0.08158 A   82 
 0.61809  0.70798  0.05685 B   83 
 0.44449  0.66909 -0.21789 L   83 
 0.84597  0.71003  0.31662 B   84 
 1.03765  0.58941  0.07796 L   84 
 0.70831  0.83353  0.52855 B   85 
 0.65202  1.08503  0.55571 S   85 
 0.56748  0.83166  0.84794 B   86 
 0.71578  0.94830  0.99546 S   86 
 0.34854  0.96806  0.68267 B   87 
 0.18787  1.20869  0.72441 D   87 
 0.07950  0.79061  0.52101 B   88 
 0.03340  0.57585  0.67411 I   88 
-0.09639  0.98395  0.35433 B   89 
-0.15001  1.19608  0.50466 T   89 
 0.02271  0.94503  0.06964 B   90 
 0.20736  1.05964  0.06619 A   90 
-0.02012  0.63736  0.04365 B   91 
 0.22001  0.54433  0.13854 S   91 
-0.32309  0.63727  0.08817 B   92 
-0.38813  0.63413  0.34210 V   92 
-0.41346  0.82337 -0.13848 B   93 
-0.43618  1.10959  0.03686 N   93 
-0.28126  0.64401 -0.35262 B   94 
-0.02408  0.66765 -0.47299 X   94 
-0.42040  0.37606 -0.28708 B   95 
-0.32768  0.30334 -0.10692 A   95 
-0.70751  0.47261 -0.34761 B   96 
-0.82792  0.69369  0.04422 K   96 
-0.64479  0.49918 -0.65171 B   97 
-0.51958  0.85547 -0.72725 K   97 
-0.55246  0.21069 -0.71136 B   98 
-0.25097  0.19758 -0.63982 I   98 
-0.81347  0.05108 -0.61460 B   99 
-0.85043  0.02106 -0.38757 V   99 
-0.99055  0.23256 -0.83310 B   100 
-1.05194  0.39602 -0.63730 S   100 
-0.86905  0.12657 -1.12141 B   101 
-0.61566  0.17177 -1.22700 D   101 
-1.02134 -0.20347 -1.13966 B   102 
-0.84531 -0.44851 -0.97776 B   103 
-0.70755 -0.48767 -1.26889 N   103 
-0.81289 -0.35633 -0.71798 B   104 
-0.60481 -0.53748 -0.49683 B   105 
-0.67965 -0.46182 -0.11938 M   105 
-0.45207 -0.68375 -0.73906 B   106 
-0.71248 -0.88173 -0.78765 N   106 
-0.22518 -0.46715 -0.75616 B   107 
-0.33155 -0.29076 -0.79236 A   107 
-0.12998 -0.64537 -0.51193 B   108 
-0.19848 -0.21771 -0.33686 W   108 
 0.05797 -0.91854 -0.52451 B   109 
 0.22188 -0.91401 -0.72116 V   109 
 0.06518 -0.99198 -0.22033 B   110 
 0.22945 -0.88134 -0.13811 A   110 
-0.23652 -0.99286 -0.17888 B   111 
-0.59579 -0.84276 -0.17869 W   111 
-0.31646 -1.20333 -0.39207 B   112 
-0.22804 -1.20259 -0.80499 R   112 
-0.09718 -1.43344 -0.29173 B   113 
 0.05877 -1.41722 -0.57583 N   113 
-0.15552 -1.37707  0.05482 B   114 
 0.34192 -1.36403  0.12381 R   114 
-0.46644 -1.25235  0.10837 B   115 
-0.27708 -1.01443  0.20389 X   115 
-0.65111 -1.36090 -0.08239 B   116 
-0.80054 -1.24431 -0.48508 K   116 
-0.89607 -1.57127  0.06592 B   117 
-0.83535 -1.49495  0.34784 B   118 
-0.57620 -1.50585  0.33720 T   118 
-0.81884 -1.42078  0.69578 B   119 
-0.98735 -1.50119  0.91335 D   119 
-0.79014 -1.08225  0.72762 B   120 
-0.81773 -1.02774  0.48527 V   120 
-0.89972 -1.02878  1.01608 B   121 
-1.30307 -1.12167  0.96893 Q   121 
-0.63955 -1.12524  1.16447 B   122 
-0.62397 -1.32592  1.11513 A   122 
-0.49047 -0.83787  1.12051 B   123 
-0.21890 -1.02292  0.84568 W   123 
-0.69661 -0.70074  1.36212 B   124 
-0.84253 -0.56589  1.18104 I   124 
-0.64760 -0.84632  1.59801 B   125 
-0.89928 -1.25972  1.41326 R   125 
-0.64546 -0.67909  1.91049 B   126 
-0.75263 -0.41998  1.79783 B   127 
-0.51021 -0.42728  1.58437 X   127 
-0.83823 -0.07381  1.87421 B   128 
-1.14543 -0.02154  2.13377 R   128 
-1.15440  0.01238  1.68806 B   129 
-0.98182 -0.05597  1.50631 L   129 
