246 
 1.08869  0.38711  0.67216 B   1 
 1.36727  0.10910  0.52607 K   1 
 1.25804  0.52108  0.38624 B   2 
 1.18781  0.77021  0.39942 V   2 
 1.22931  0.43962  0.07686 B   3 
 1.12631  0.03388  0.18948 F   3 
 1.33916  0.36304 -0.20964 B   4 
 1.23803  0.30109 -0.50746 B   5 
 1.23065  0.49977 -0.89484 R   5 
 1.41940  0.05174 -0.59002 B   6 
 1.56054  0.17102 -0.84344 X   6 
 1.39061 -0.07556 -0.30793 B   7 
 1.55248  0.04465  0.02637 E   7 
 1.08470 -0.12194 -0.30726 B   8 
 0.86625  0.05327 -0.18200 L   8 
 1.05824 -0.28134 -0.56674 B   9 
 1.08996 -0.14044 -0.72891 A   9 
 1.22700 -0.51794 -0.47172 B   10 
 1.43461 -0.44928 -0.47456 A   10 
 1.05266 -0.59474 -0.22708 B   11 
 1.11277 -0.46256 -0.06624 A   11 
 0.78299 -0.62260 -0.37693 B   12 
 0.60436 -0.23230 -0.35800 M   12 
 0.88274 -0.84507 -0.55863 B   13 
 1.09959 -0.84219 -0.93435 K   13 
 0.97401 -1.05675 -0.35876 B   14 
 1.21469 -1.00342  0.02311 R   14 
 0.66747 -1.04808 -0.23731 B   15 
 0.80545 -0.90090  0.09570 H   15 
 0.48657 -1.06983 -0.52415 B   16 
 0.35583 -0.79341 -0.66629 B   17 
 0.29409 -0.63379 -0.39068 L   17 
 0.42819 -0.85490 -0.94113 B   18 
 0.63485 -0.75716 -1.14627 D   18 
 0.13317 -0.89840 -1.10491 B   19 
 0.35134 -0.90702 -1.34145 N   19 
-0.06468 -0.87307 -0.89495 B   20 
-0.14123 -1.07438 -0.50917 Y   20 
-0.36657 -0.90721 -1.01504 B   21 
-0.59919 -1.17668 -0.70067 R   21 
-0.22768 -0.74634 -1.28100 B   22 
-0.01435 -0.55687 -1.12736 B   23 
-0.43596 -0.37081 -1.03286 Y   23 
 0.23332 -0.39342 -1.19153 B   24 
 0.27469 -0.30751 -1.40556 S   24 
 0.49115 -0.27892 -1.01308 B   25 
 0.75526 -0.42022 -0.91909 L   25 
 0.45177  0.02808 -1.08373 B   26 
 0.18292  0.06064 -0.93429 B   27 
-0.01478 -0.03103 -1.19200 N   27 
 0.28285  0.00773 -0.64776 B   28 
 0.06072 -0.37658 -0.60311 W   28 
 0.49714  0.22852 -0.64172 B   29 
 0.72894  0.14611 -0.72574 V   29 
 0.30949  0.46006 -0.71008 B   30 
 0.20929  0.56209 -0.94783 X   30 
 0.12507  0.43206 -0.46624 B   31 
-0.00513  0.26141 -0.50839 A   31 
 0.33504  0.46016 -0.24075 B   32 
 0.43923  0.27223 -0.22879 A   32 
 0.42557  0.74155 -0.32225 B   33 
 0.64926  0.94709 -0.47757 K   33 
 0.12211  0.88447 -0.29180 B   34 
 0.19014  1.00906 -0.67763 F   34 
 0.05394  0.77238  0.00016 B   35 
-0.22482  0.58425 -0.10371 E   35 
 0.37141  0.78707  0.16015 B   36 
 0.37637  0.57038  0.20650 S   36 
 0.64753  0.83911  0.02398 B   37 
 0.71641  1.11169 -0.03286 N   37 
 0.79213  0.56704  0.12924 B   38 
 0.86201  0.57609 -0.27796 F   38 
 0.66031  0.57090  0.43267 B   39 
 0.76276  0.77630  0.62679 N   39 
 0.60298  0.34455  0.68900 B   40 
 0.79746  0.18961  0.67128 T   40 
 0.51225  0.58013  0.91538 B   41 
 0.83680  0.57582  1.14783 Q   41 
 0.26248  0.66524  0.78084 B   42 
 0.30938  0.75869  0.59710 A   42 
-0.00797  0.87744  0.90401 B   43 
 0.03503  0.77512  1.12214 T   43 
-0.37752  0.91516  0.85561 B   44 
-0.18157  1.06121  0.62273 N   44 
-0.64565  1.08921  0.92462 B   45 
-0.79997  1.01159  1.40129 R   45 
-0.98734  1.03531  0.90671 B   46 
-0.86878  0.80598  0.68160 N   46 
-1.30214  1.15623  0.90307 B   47 
-1.35377  1.33221  0.72106 T   47 
-1.41470  0.86467  1.02171 B   48 
-1.35449  0.68302  0.83808 D   48 
-1.15967  0.80361  1.24230 B   49 
-0.97160  0.67019  1.09746 B   50 
-1.05605  0.52508  0.91798 S   50 
-0.65103  0.51390  0.97721 B   51 
-0.54604  0.67033  1.17375 T   51 
-0.36445  0.54128  0.79181 B   52 
-0.56205  0.57529  0.51303 D   52 
-0.10691  0.28791  0.71345 B   53 
-0.26646  0.32727  1.16481 Y   53 
 0.18250  0.32168  0.57553 B   54 
 0.30395  0.27330  0.24788 B   55 
 0.54454  0.15743  0.19673 I   55 
-0.03205  0.19729  0.17615 B   56 
 0.08522 -0.00874 -0.04091 L   56 
-0.25219  0.31573  0.34913 B   57 
-0.12839  0.63056  0.41993 Q   57 
-0.38704  0.13034  0.56043 B   58 
-0.29874 -0.14842  0.45761 I   58 
-0.70160  0.08937  0.69346 B   59 
-0.93546  0.28161  0.65925 N   59 
-0.86827  0.06914  1.02021 B   60 
-0.79707  0.25213  1.13844 S   60 
-1.17183 -0.01596  0.93801 B   61 
-1.44542  0.31174  0.98674 R   61 
-1.06732 -0.30269  0.78071 B   62 
-1.42175 -0.14400  0.54185 W   62 
-0.74437 -0.41212  0.82396 B   63 
-0.86301 -0.39173  0.40262 W   63 
-0.66764 -0.27658  1.10971 B   64 
-0.45155 -0.15113  1.03737 X   64 
-0.56451 -0.23498  1.45340 B   65 
-0.73554 -0.32443  1.67916 N   65 
-0.57441  0.07659  1.68012 B   66 
-0.65665  0.24978  1.49061 D   66 
-0.80299  0.11084  1.91868 B   67 
-0.97687  0.38492  1.75674 B   68 
-0.64527  0.71203  1.66967 R   68 
-1.19753  0.21688  1.55701 B   69 
-1.05489  0.28871  1.35769 T   69 
-1.50461  0.20210  1.52566 B   70 
-1.52282  0.38656  1.63247 P   70 
-1.61504 -0.06754  1.35127 B   71 
-1.38298 -0.25040  1.30514 B   72 
-1.18816 -0.14797  1.39468 S   72 
-1.21469 -0.54681  1.13326 B   73 
-1.51687 -0.67047  0.98813 R   73 
-0.92707 -0.67120  1.07865 B   74 
-0.72717 -0.67249  1.27357 N   74 
-0.86188 -0.85175  0.80635 B   75 
-1.13867 -0.76675  0.66169 L   75 
-0.53343 -0.87852  0.85129 B   76 
-0.48728 -0.70270  0.59938 X   76 
-0.47430 -0.93947  1.13893 B   77 
-0.55719 -1.15773  1.28011 N   77 
-0.35125 -0.64504  1.25764 B   78 
-0.12224 -0.71270  1.08540 I   78 
-0.16180 -0.42250  1.38076 B   79 
-0.08253 -0.54131  1.53334 P   79 
-0.11462 -0.11839  1.24984 B   80 
-0.41274 -0.01639  1.22762 X   80 
 0.18912 -0.09796  1.34050 B   81 
 0.17041 -0.13647  1.57636 S   81 
 0.29710 -0.31942  1.14616 B   82 
 0.21100 -0.49869  1.21519 A   82 
 0.26065 -0.10708  0.89838 B   83 
-0.03540 -0.21036  0.80451 L   83 
 0.54183  0.05897  1.01143 B   84 
 0.30983  0.26289  1.12477 L   84 
 0.75480 -0.11244  0.94524 B   85 
 0.82098 -0.33479  1.06073 S   85 
 1.04903 -0.18695  0.77284 B   86 
 1.23232 -0.16551  0.92550 S   86 
 0.88668 -0.44408  0.73570 B   87 
 0.95251 -0.72744  0.76456 D   87 
 0.66383 -0.50216  0.45826 B   88 
 0.76793 -0.36518  0.25311 I   88 
 0.51581 -0.77270  0.48977 B   89 
 0.69518 -0.95702  0.55555 T   89 
 0.24527 -0.68054  0.61250 B   90 
 0.28530 -0.64196  0.82262 A   90 
 0.15791 -0.48290  0.38783 B   91 
 0.26218 -0.24775  0.48349 S   91 
 0.16486 -0.68314  0.15625 B   92 
 0.40413 -0.70973  0.05250 V   92 
-0.03270 -0.89451  0.25851 B   93 
 0.18847 -1.11156  0.38950 N   93 
-0.25881 -0.68553  0.28508 B   94 
-0.34089 -0.53776  0.51446 X   94 
-0.26113 -0.57652 -0.00400 B   95 
-0.08768 -0.45019 -0.02138 A   95 
-0.33688 -0.84375 -0.13914 B   96 
 0.07165 -1.06549 -0.16792 K   96 
-0.62105 -0.83895 -0.01128 B   97 
-0.61382 -1.02329  0.32680 K   97 
-0.72142 -0.56695 -0.11734 B   98 
-0.61777 -0.35124  0.07992 I   98 
-0.68794 -0.61796 -0.43237 B   99 
-0.47649 -0.60739 -0.52717 V   99 
-0.88884 -0.88351 -0.39837 B   100 
-0.67504 -1.03437 -0.37941 S   100 
-1.17501 -0.74029 -0.31645 B   101 
-1.23916 -0.61017 -0.07906 D   101 
-1.27212 -0.59893 -0.63744 B   102 
-1.13830 -0.29028 -0.70124 B   103 
-1.41292 -0.18582 -0.56361 N   103 
-0.86398 -0.32185 -0.67320 B   104 
-0.65670 -0.03564 -0.68483 B   105 
-0.28356 -0.12003 -0.77113 M   105 
-0.90161  0.16098 -0.61586 B   106 
-1.01693  0.13041 -0.92429 N   106 
-0.85096  0.15154 -0.30596 B   107 
-0.86648 -0.05238 -0.26223 A   107 
-0.63421  0.36133 -0.40334 B   108 
-0.39268  0.00888 -0.21445 W   108 
-0.67434  0.68873 -0.43944 B   109 
-0.84558  0.78380 -0.27452 V   109 
-0.39035  0.76547 -0.54635 B   110 
-0.26993  0.79828 -0.37197 A   110 
-0.38638  0.56649 -0.77686 B   111 
-0.40171  0.21478 -0.94320 W   111 
-0.64284  0.65652 -0.92607 B   112 
-1.03481  0.69138 -0.77291 R   112 
-0.56110  0.97953 -0.93542 B   113 
-0.81644  1.05557 -0.75017 N   113 
-0.21968  0.91870 -1.01550 B   114 
-0.09011  1.24611 -0.65719 R   114 
-0.18183  0.62124 -1.17418 B   115 
-0.02191  0.57737 -0.90199 X   115 
-0.41017  0.56696 -1.33907 B   116 
-0.79939  0.35735 -1.28753 K   116 
-0.33386  0.56725 -1.68610 B   117 
-0.03748  0.56764 -1.65228 B   118 
-0.01868  0.74863 -1.46714 T   118 
 0.31759  0.54384 -1.66632 B   119 
 0.49467  0.50308 -1.88808 D   119 
 0.41465  0.31422 -1.43330 B   120 
 0.18501  0.24141 -1.36672 V   120 
 0.69270  0.21787 -1.54045 B   121 
 0.58101  0.01385 -1.88605 Q   121 
 0.85093  0.47207 -1.44369 B   122 
 0.76760  0.62825 -1.55145 A   122 
 0.87909  0.35658 -1.13937 B   123 
 0.60952  0.65960 -1.00143 W   123 
 1.11528  0.13092 -1.25327 B   124 
 0.94601 -0.07708 -1.23453 I   124 
 1.32437  0.28514 -1.36163 B   125 
 1.03749  0.41207 -1.77390 R   125 
 1.66031  0.18075 -1.31851 B   126 
 1.58540 -0.08936 -1.20563 B   127 
 1.40502  0.06607 -0.98726 X   127 
 1.71355 -0.39861 -1.06094 B   128 
 1.93941 -0.62805 -1.30755 R   128 
 1.50986 -0.68487 -1.19733 B   129 
 1.34073 -0.52918 -1.07633 L   129 
