246 
 0.08101 -1.27327  0.39890 B   1 
 0.40889 -1.24724  0.65977 K   1 
-0.03213 -1.21039  0.73300 B   2 
-0.28596 -1.25677  0.70879 V   2 
-0.00980 -0.94165  0.90751 B   3 
 0.35392 -0.83194  0.69875 F   3 
 0.05533 -0.77517  1.16839 B   4 
 0.03802 -0.47716  1.28521 B   5 
-0.20667 -0.25380  1.56777 R   5 
 0.31733 -0.44757  1.43682 B   6 
 0.21372 -0.38657  1.72651 X   6 
 0.46836 -0.59503  1.20867 B   7 
 0.45570 -0.97502  1.12006 E   7 
 0.41463 -0.39521  0.97865 B   8 
 0.19918 -0.40979  0.76076 L   8 
 0.51794 -0.13935  1.11020 B   9 
 0.37249 -0.08535  1.26214 A   9 
 0.80706 -0.23553  1.13556 B   10 
 0.80835 -0.38127  1.29861 A   10 
 0.85906 -0.28354  0.83367 B   11 
 0.77765 -0.47927  0.78877 A   11 
 0.77766 -0.00194  0.73349 B   12 
 0.35792 -0.03175  0.64674 M   12 
 0.99147  0.14080  0.89587 B   13 
 1.00324  0.28206  1.30589 K   13 
 1.24782  0.00729  0.79814 B   14 
 1.32977 -0.43384  0.72550 R   14 
 1.15983  0.10198  0.49469 B   15 
 1.11410 -0.27117  0.39341 H   15 
 1.08107  0.42758  0.55180 B   16 
 0.75989  0.52233  0.59142 B   17 
 0.63068  0.30816  0.38483 L   17 
 0.80066  0.69824  0.81935 B   18 
 0.74505  0.69120  1.12135 D   18 
 0.72383  1.01034  0.70778 B   19 
 0.76699  1.05308  1.02390 N   19 
 0.66764  0.96933  0.42666 B   20 
 0.88786  0.79888  0.08364 Y   20 
 0.58620  1.25078  0.28217 B   21 
 0.81030  1.24873 -0.13656 R   21 
 0.44107  1.30903  0.58458 B   22 
 0.35368  1.00735  0.66438 B   23 
 0.05898  1.13494  0.32061 Y   23 
 0.26999  0.85180  0.91132 B   24 
 0.17162  0.95524  1.09712 S   24 
 0.27058  0.52895  0.99617 B   25 
 0.50060  0.34532  1.10539 L   25 
-0.03981  0.50649  1.05889 B   26 
-0.13415  0.55031  0.76760 B   27 
-0.14851  0.88715  0.78291 N   27 
-0.01124  0.29784  0.64095 B   28 
 0.28467  0.52249  0.39397 W   28 
-0.14908  0.09312  0.82479 B   29 
-0.01034  0.04000  1.03812 V   29 
-0.43560  0.18295  0.76709 B   30 
-0.59754  0.38441  0.86793 X   30 
-0.43266  0.12611  0.46541 B   31 
-0.32029  0.29015  0.37423 A   31 
-0.35951 -0.17444  0.47147 B   32 
-0.14856 -0.18648  0.51237 A   32 
-0.60618 -0.25964  0.63244 B   33 
-0.75015 -0.34766  0.92898 K   33 
-0.83217 -0.14332  0.41146 B   34 
-0.98323  0.05679  0.73727 F   34 
-0.70648 -0.27893  0.15018 B   35 
-0.63394  0.02574 -0.01044 E   35 
-0.59609 -0.59270  0.27652 B   36 
-0.38476 -0.56043  0.21795 S   36 
-0.57678 -0.67756  0.57638 B   37 
-0.81851 -0.76478  0.70379 N   37 
-0.26062 -0.75525  0.57217 B   38 
-0.30594 -0.50389  0.89705 F   38 
-0.26215 -0.89756  0.27350 B   39 
-0.39387 -1.16655  0.24769 N   39 
-0.03113 -0.97739  0.02756 B   40 
 0.17330 -1.03307  0.15888 T   40 
-0.24788 -1.16233 -0.15628 B   41 
-0.10692 -1.52712 -0.07604 Q   41 
-0.42656 -0.93995 -0.23597 B   42 
-0.52585 -0.86433 -0.06534 A   42 
-0.69352 -0.93326 -0.48504 B   43 
-0.55235 -1.08563 -0.61445 T   43 
-0.85341 -0.68588 -0.71650 B   44 
-0.96170 -0.68163 -0.39680 N   44 
-1.09174 -0.62898 -0.93308 B   45 
-0.99896 -0.85788 -1.37586 R   45 
-1.15249 -0.39153 -1.17784 B   46 
-0.93257 -0.22639 -0.97366 N   46 
-1.36643 -0.23648 -1.38742 B   47 
-1.57412 -0.12865 -1.27788 T   47 
-1.11185 -0.16173 -1.59078 B   48 
-0.94914 -0.00661 -1.45005 D   48 
-0.94154 -0.45765 -1.56141 B   49 
-0.77774 -0.42369 -1.34655 B   50 
-0.69466 -0.19549 -1.30876 S   50 
-0.54680 -0.48072 -1.05489 B   51 
-0.63147 -0.73741 -1.08750 T   51 
-0.50821 -0.52821 -0.71799 B   52 
-0.64334 -0.21613 -0.67042 D   52 
-0.20027 -0.54660 -0.51425 B   53 
-0.22243 -0.79116 -0.92709 Y   53 
-0.15988 -0.63242 -0.20615 B   54 
-0.12346 -0.45199  0.09478 B   55 
 0.05420 -0.52373  0.28771 I   55 
-0.16949 -0.17174 -0.11295 B   56 
 0.02935 -0.01910  0.08824 L   56 
-0.32538 -0.20197 -0.37218 B   57 
-0.57072 -0.42894 -0.28413 Q   57 
-0.16392 -0.21502 -0.63857 B   58 
 0.11042 -0.10486 -0.54543 I   58 
-0.20628 -0.10810 -0.96275 B   59 
-0.46572 -0.00259 -1.08263 N   59 
-0.19294 -0.23858 -1.30589 B   60 
-0.32460 -0.42619 -1.30688 S   60 
-0.22167  0.03253 -1.48429 B   61 
-0.60863  0.05855 -1.66919 R   61 
 0.05740  0.17508 -1.34401 B   62 
-0.23863  0.51348 -1.41955 W   62 
 0.26890 -0.01743 -1.15335 B   63 
 0.15097  0.35495 -0.95476 W   63 
 0.20776 -0.31531 -1.26930 B   64 
 0.14845 -0.43364 -1.04537 X   64 
 0.25143 -0.64147 -1.41829 B   65 
 0.31359 -0.67369 -1.70694 N   65 
-0.01076 -0.89989 -1.53254 B   66 
-0.22666 -0.76714 -1.44070 D   66 
-0.08094 -0.94594 -1.85393 B   67 
-0.41652 -0.80985 -1.83282 B   68 
-0.63017 -1.05177 -1.48588 R   68 
-0.35821 -0.47699 -1.88403 B   69 
-0.40906 -0.44119 -1.63630 T   69 
-0.44657 -0.26319 -2.08893 B   70 
-0.60970 -0.38872 -2.14722 P   70 
-0.25435  0.01673 -2.09138 B   71 
-0.01591 -0.03214 -1.91766 B   72 
-0.03694 -0.24817 -1.82093 S   72 
 0.29040  0.08543 -1.72253 B   73 
 0.28911  0.41383 -1.86333 R   73 
 0.49048 -0.00960 -1.49425 B   74 
 0.58353 -0.27241 -1.47928 N   74 
 0.64089  0.20674 -1.29036 B   75 
 0.45224  0.45291 -1.38299 L   75 
 0.77694 -0.01667 -1.08496 B   76 
 0.59035  0.08282 -0.85740 X   76 
 0.89456 -0.24264 -1.24322 B   77 
 1.09317 -0.22566 -1.42952 N   77 
 0.67505 -0.49756 -1.19073 B   78 
 0.78630 -0.48943 -0.91825 I   78 
 0.54466 -0.77305 -1.10314 B   79 
 0.70331 -0.89442 -1.16462 P   79 
 0.25574 -0.80320 -0.93740 B   80 
 0.06215 -0.63870 -1.12511 X   80 
 0.34634 -1.05997 -0.77384 B   81 
 0.41068 -1.20816 -0.95093 S   81 
 0.55998 -0.91333 -0.59685 B   82 
 0.71058 -0.85427 -0.73157 A   82 
 0.31351 -0.77839 -0.42698 B   83 
 0.30251 -0.49754 -0.59471 L   83 
 0.26375 -1.08419 -0.27392 B   84 
 0.01535 -1.09100 -0.48957 L   84 
 0.48248 -1.11052 -0.09905 B   85 
 0.72860 -1.16394 -0.16009 S   85 
 0.62085 -1.13965  0.22009 B   86 
 0.68119 -1.36885  0.25452 S   86 
 0.80475 -0.93220  0.08970 B   87 
 1.09535 -0.90286  0.07765 D   87 
 0.74805 -0.57643  0.10474 B   88 
 0.62307 -0.53378  0.33765 I   88 
 0.95903 -0.42341 -0.06309 B   89 
 1.19831 -0.52139 -0.00292 T   89 
 0.80445 -0.37809 -0.32918 B   90 
 0.81151 -0.56773 -0.43515 A   90 
 0.55891 -0.22442 -0.21399 B   91 
 0.38562 -0.43227 -0.16828 S   91 
 0.71514  0.00386 -0.08265 B   92 
 0.80110 -0.05721  0.15736 V   92 
 0.86519  0.11653 -0.32546 B   93 
 1.15788 -0.04387 -0.28319 N   93 
 0.60133  0.16773 -0.47798 B   94 
 0.47005  0.00334 -0.67015 X   94 
 0.45653  0.34498 -0.27045 B   95 
 0.39082  0.21219 -0.11427 A   95 
 0.66322  0.57451 -0.27356 B   96 
 0.99672  0.41835  0.01155 K   96 
 0.58690  0.65220 -0.56556 B   97 
 0.81094  0.46028 -0.81315 K   97 
 0.28475  0.70366 -0.52860 B   98 
 0.14422  0.42838 -0.55416 I   98 
 0.29751  0.92909 -0.30060 B   99 
 0.34109  0.86654 -0.08151 V   99 
 0.48734  1.11078 -0.50792 B   100 
 0.69943  1.01537 -0.38650 S   100 
 0.27403  1.17904 -0.75073 B   101 
 0.16615  1.00356 -0.93772 D   101 
 0.06416  1.42673 -0.58624 B   102 
-0.19172  1.29369 -0.40166 B   103 
-0.35697  1.32671 -0.67892 N   103 
-0.07084  1.11695 -0.22507 B   104 
-0.27477  0.90851 -0.02511 B   105 
-0.08956  0.77195  0.29245 M   105 
-0.52687  0.94416 -0.22152 B   106 
-0.57963  1.24852 -0.10342 N   106 
-0.45697  0.69071 -0.39346 B   107 
-0.26450  0.73324 -0.46335 A   107 
-0.59872  0.56334 -0.14017 B   108 
-0.16430  0.39155 -0.14128 W   108 
-0.92347  0.50965 -0.09819 B   109 
-1.04308  0.46309 -0.31974 V   109 
-0.92057  0.39084  0.19137 B   110 
-0.88772  0.18032  0.16706 A   110 
-0.76631  0.61974  0.32001 B   111 
-0.46578  0.86227  0.36968 W   111 
-0.95386  0.85529  0.24598 B   112 
-1.08896  0.97035 -0.13721 R   112 
-1.23185  0.70961  0.35821 B   113 
-1.35743  0.70531  0.05903 N   113 
-1.07790  0.58026  0.65189 B   114 
-1.29148  0.13634  0.55343 R   114 
-0.81017  0.76766  0.74298 B   115 
-0.67873  0.48637  0.67095 X   115 
-0.85585  1.04356  0.67918 B   116 
-0.77577  1.30887  0.33093 K   116 
-0.88218  1.24998  0.96720 B   117 
-0.78340  1.04546  1.16059 B   118 
-0.92014  0.84152  1.07633 T   118 
-0.65021  0.84792  1.42531 B   119 
-0.58787  0.91505  1.69698 D   119 
-0.37041  0.69247  1.30702 B   120 
-0.36557  0.80644  1.08464 V   120 
-0.20726  0.63258  1.56754 B   121 
-0.10175  1.01708  1.68824 Q   121 
-0.38107  0.38514  1.65458 B   122 
-0.56953  0.46441  1.68845 A   122 
-0.21977  0.18318  1.45474 B   123 
-0.56941  0.14964  1.20947 W   123 
 0.05024  0.19479  1.67069 B   124 
 0.19401  0.35008  1.50491 I   124 
-0.04347  0.09778  1.91777 B   125 
-0.31342  0.53165  2.00300 R   125 
 0.16742 -0.10413  2.11870 B   126 
 0.41305 -0.05485  1.94972 B   127 
 0.24173 -0.15405  1.69439 X   127 
 0.76453 -0.13945  1.90178 B   128 
 1.01556 -0.02368  2.19852 R   128 
 0.94818  0.17466  1.80355 B   129 
 0.76607  0.13949  1.62165 L   129 
