246 
 0.64730  0.53635  1.03935 B   1 
 0.34691  0.51397  1.33176 K   1 
 0.67601  0.22954  1.22217 B   2 
 0.91006  0.14834  1.14605 V   2 
 0.48743 -0.03033  1.21321 B   3 
 0.14570  0.21661  1.11242 F   3 
 0.31729 -0.26422  1.34112 B   4 
 0.14811 -0.52377  1.25882 B   5 
 0.19337 -0.95670  1.26978 R   5 
-0.10663 -0.50191  1.44990 B   6 
-0.08106 -0.77446  1.60299 X   6 
-0.12477 -0.19454  1.40745 B   7 
 0.11431  0.08071  1.54703 E   7 
-0.18021 -0.19138  1.10307 B   8 
 0.01932 -0.14837  0.87405 L   8 
-0.42335 -0.37647  1.09511 B   9 
-0.34919 -0.57699  1.13322 A   9 
-0.60273 -0.19449  1.26301 B   10 
-0.53132 -0.21232  1.46895 A   10 
-0.59324  0.05296  1.07641 B   11 
-0.40964  0.15764  1.12425 A   11 
-0.68417 -0.08903  0.81655 B   12 
-0.32090 -0.22104  0.62893 M   12 
-0.95291 -0.17300  0.93137 B   13 
-1.07681 -0.51374  1.16959 K   13 
-1.07445  0.09397  1.01532 B   14 
-0.87734  0.44139  1.23220 R   14 
-1.03508  0.18962  0.70212 B   15 
-0.77230  0.45278  0.81736 H   15 
-1.16608 -0.07799  0.53870 B   16 
-0.96502 -0.31648  0.41064 B   17 
-0.71946 -0.12056  0.32962 L   17 
-1.11842 -0.54672  0.50015 B   18 
-1.09286 -0.76347  0.71628 D   18 
-1.22999 -0.69720  0.21613 B   19 
-1.31439 -0.90414  0.44782 N   19 
-1.13878 -0.52012  0.00592 B   20 
-1.19047 -0.09164 -0.08867 Y   20 
-1.22616 -0.63362 -0.28769 B   21 
-1.37347 -0.25423 -0.53246 R   21 
-1.16643 -0.93301 -0.13700 B   22 
-0.92581 -0.84862  0.06299 B   23 
-0.73552 -0.84765 -0.36723 Y   23 
-0.78653 -0.95600  0.31047 B   24 
-0.78191 -1.18444  0.36239 S   24 
-0.60502 -0.81931  0.55501 B   25 
-0.69208 -0.66834  0.81613 L   25 
-0.34599 -0.99807  0.51334 B   26 
-0.27273 -0.88325  0.23563 B   27 
-0.45908 -1.09920  0.05522 N   27 
-0.21471 -0.59268  0.31981 B   28 
-0.56581 -0.42233  0.10363 W   28 
 0.00195 -0.65701  0.52868 B   29 
-0.09569 -0.69460  0.76666 V   29 
 0.18545 -0.81322  0.34048 B   30 
 0.19077 -1.07618  0.25215 X   30 
 0.23972 -0.58467  0.14282 B   31 
 0.06020 -0.56819  0.01893 A   31 
 0.35571 -0.37513  0.33868 B   32 
 0.18913 -0.29110  0.44594 A   32 
 0.59226 -0.54866  0.42784 B   33 
 0.73694 -0.75726  0.65579 K   33 
 0.72408 -0.58619  0.12018 B   34 
 0.70391 -0.98734  0.20788 F   34 
 0.72205 -0.27697  0.03752 B   35 
 0.49795 -0.31855 -0.23069 E   35 
 0.80632 -0.11855  0.34478 B   36 
 0.62128  0.00328  0.35160 S   36 
 0.81699 -0.25130  0.62719 B   37 
 1.05333 -0.39970  0.69348 N   37 
 0.60725 -0.04806  0.77113 B   38 
 0.47179 -0.42719  0.86436 F   38 
 0.71483  0.22688  0.62184 B   39 
 0.98038  0.33801  0.70846 N   39 
 0.59393  0.54480  0.55449 B   40 
 0.45107  0.59346  0.75289 T   40 
 0.89137  0.66605  0.44579 B   41 
 0.98432  0.89913  0.75629 Q   41 
 0.91202  0.49834  0.20253 B   42 
 0.93481  0.29563  0.25805 A   42 
 1.14316  0.52359 -0.07904 B   43 
 1.12816  0.76571 -0.04665 T   43 
 1.14583  0.44765 -0.44587 B   44 
 1.20599  0.18710 -0.23983 N   44 
 1.32198  0.43639 -0.72117 B   45 
 1.41514  0.90108 -0.90128 R   45 
 1.25139  0.42332 -1.06003 B   46 
 0.96137  0.30229 -0.92376 N   46 
 1.34995  0.36148 -1.37657 B   47 
 1.44626  0.12592 -1.42122 T   47 
 1.11641  0.57225 -1.48966 B   48 
 0.88341  0.46987 -1.41505 D   48 
 1.14939  0.81161 -1.24665 B   49 
 0.98051  0.73383 -1.04771 B   50 
 0.77715  0.61533 -1.11849 S   50 
 0.80457  0.69339 -0.71746 B   51 
 1.02545  0.82462 -0.62740 T   51 
 0.77494  0.52423 -0.42123 B   52 
 0.69813  0.24316 -0.60295 D   52 
 0.52106  0.55500 -0.15427 B   53 
 0.71390  0.95354 -0.34060 Y   53 
 0.51461  0.42785  0.14190 B   54 
 0.35640  0.14599  0.28318 B   55 
 0.23978  0.15152  0.52873 I   55 
 0.24603  0.09107 -0.04640 B   56 
-0.01942 -0.03095  0.08762 L   56 
 0.40979  0.19899 -0.27868 B   57 
 0.73374  0.15668 -0.16587 Q   57 
 0.30767  0.45654 -0.42164 B   58 
 0.01443  0.46585 -0.32165 I   58 
 0.30463  0.58057 -0.74247 B   59 
 0.46193  0.46822 -0.97795 N   59 
 0.39674  0.88433 -0.92740 B   60 
 0.61278  0.93147 -0.86707 S   60 
 0.27546  0.82447 -1.22380 B   61 
 0.58727  0.73845 -1.50661 R   61 
-0.04418  0.78670 -1.10429 B   62 
 0.00320  0.49036 -1.44750 W   62 
-0.11743  0.88163 -0.78216 B   63 
-0.25510  0.47646 -0.87650 W   63 
 0.11498  1.10217 -0.72506 B   64 
 0.21461  0.99947 -0.50782 X   64 
 0.28180  1.41188 -0.64299 B   65 
 0.27284  1.64648 -0.82493 N   65 
 0.65346  1.50969 -0.67263 B   66 
 0.74322  1.26673 -0.74735 D   66 
 0.76204  1.70874 -0.91537 B   67 
 0.95203  1.45065 -1.08528 B   68 
 1.23899  1.26661 -0.75616 R   68 
 0.71447  1.31526 -1.29035 B   69 
 0.71538  1.11033 -1.13792 T   69 
 0.67689  1.27711 -1.59471 B   70 
 0.88655  1.30893 -1.62300 P   70 
 0.35828  1.20724 -1.68910 B   71 
 0.18068  1.24131 -1.45094 B   72 
 0.31634  1.29666 -1.26386 S   72 
-0.15064  1.19644 -1.26672 B   73 
-0.33048  1.09202 -1.55728 R   73 
-0.27453  1.20403 -0.97386 B   74 
-0.19736  1.39528 -0.78564 N   74 
-0.53826  1.01893 -0.88914 B   75 
-0.52245  0.84059 -1.15879 L   75 
-0.53365  1.08576 -0.56337 B   76 
-0.45870  0.78973 -0.50637 X   76 
-0.48438  1.37837 -0.51979 B   77 
-0.64028  1.58496 -0.60613 N   77 
-0.16221  1.38803 -0.41009 B   78 
-0.27802  1.26284 -0.17009 I   78 
 0.09726  1.43091 -0.23286 B   79 
 0.04474  1.61967 -0.16011 P   79 
 0.33541  1.20112 -0.18458 B   80 
 0.41032  1.12961 -0.48299 X   80 
 0.39948  1.29228  0.11287 B   81 
 0.44783  1.52493  0.08130 S   81 
 0.12746  1.19655  0.23662 B   82 
-0.01824  1.32171  0.15045 A   82 
 0.23457  0.88730  0.21017 B   83 
 0.09244  0.82350 -0.07768 L   83 
 0.44150  0.94553  0.48073 B   84 
 0.66293  0.96641  0.23828 L   84 
 0.26657  0.95589  0.70076 B   85 
 0.10367  1.14699  0.76479 S   85 
 0.14699  0.83607  1.00602 B   86 
 0.22944  0.97897  1.17963 S   86 
-0.11263  0.88702  0.85157 B   87 
-0.36362  1.01954  0.92158 D   87 
-0.27581  0.63937  0.64651 B   88 
-0.21785  0.40363  0.75945 I   88 
-0.52260  0.75976  0.50265 B   89 
-0.66337  0.89608  0.68174 T   89 
-0.40350  0.82805  0.22354 B   90 
-0.29020  1.01157  0.25047 A   90 
-0.30384  0.54325  0.14525 B   91 
-0.04598  0.55204  0.23879 S   91 
-0.57362  0.40048  0.16988 B   92 
-0.62605  0.32466  0.41528 V   92 
-0.74179  0.56300 -0.02879 B   93 
-0.88786  0.77384  0.18892 N   93 
-0.54666  0.50154 -0.26042 B   94 
-0.32963  0.65777 -0.35880 X   94 
-0.54934  0.19284 -0.24823 B   95 
-0.43082  0.13900 -0.07677 A   95 
-0.85016  0.16024 -0.31034 B   96 
-1.05055  0.23276  0.10377 K   96 
-0.81118  0.26430 -0.60149 B   97 
-0.86084  0.64613 -0.61005 K   97 
-0.60000  0.06241 -0.70124 B   98 
-0.32367  0.17279 -0.61382 I   98 
-0.75971 -0.21085 -0.64844 B   99 
-0.77541 -0.29309 -0.43210 V   99 
-1.00310 -0.09242 -0.84533 B   100 
-1.12816 -0.01018 -0.62985 S   100 
-0.85176 -0.08133 -1.13873 B   101 
-0.64756  0.08957 -1.21931 D   101 
-0.83966 -0.43588 -1.21997 B   102 
-0.56956 -0.60079 -1.08921 B   103 
-0.43379 -0.52327 -1.37352 N   103 
-0.57771 -0.55047 -0.81638 B   104 
-0.30674 -0.65527 -0.61486 B   105 
-0.40129 -0.68767 -0.23565 M   105 
-0.10862 -0.67364 -0.86747 B   106 
-0.25295 -0.95510 -0.96398 N   106 
-0.00367 -0.37936 -0.83474 B   107 
-0.17859 -0.26554 -0.84846 A   107 
 0.16556 -0.53587 -0.61717 B   108 
-0.08498 -0.22116 -0.37965 W   108 
 0.45604 -0.68988 -0.66203 B   109 
 0.59709 -0.57874 -0.84454 V   109 
 0.50058 -0.80397 -0.37399 B   110 
 0.59890 -0.64789 -0.26464 A   110 
 0.23224 -0.94635 -0.35243 B   111 
-0.15609 -0.97459 -0.35062 W   111 
 0.25193 -1.12981 -0.60161 B   112 
 0.32366 -1.01809 -1.00248 R   112 
 0.55291 -1.25164 -0.52630 B   113 
 0.68014 -1.11861 -0.79353 N   113 
 0.48126 -1.28827 -0.17960 B   114 
 0.92078 -1.06719 -0.07802 R   114 
 0.14841 -1.32655 -0.12631 B   115 
 0.21212 -1.04980  0.01840 X   115 
 0.02911 -1.47104 -0.34349 B   116 
-0.16350 -1.36531 -0.73053 K   116 
-0.09258 -1.79067 -0.24715 B   117 
-0.06795 -1.74553  0.04670 B   118 
 0.16820 -1.63781  0.05087 T   118 
-0.08075 -1.73343  0.40240 B   119 
-0.19144 -1.91689  0.59290 D   119 
-0.20681 -1.42884  0.49057 B   120 
-0.26001 -1.35119  0.25904 V   120 
-0.32389 -1.48077  0.77635 B   121 
-0.64312 -1.73385  0.68928 Q   121 
-0.04569 -1.47534  0.92329 B   122 
 0.05763 -1.63609  0.84309 A   122 
-0.04251 -1.14890  0.93613 B   123 
 0.27862 -1.14274  0.65266 W   123 
-0.28423 -1.16223  1.18326 B   124 
-0.47821 -1.07737  1.01761 I   124 
-0.17106 -1.30921  1.39499 B   125 
-0.21301 -1.75235  1.12996 R   125 
-0.23912 -1.21562  1.72998 B   126 
-0.45322 -1.01623  1.65436 B   127 
-0.23702 -0.87759  1.45835 X   127 
-0.68405 -0.76359  1.78038 B   128 
-0.97755 -0.89959  2.02499 R   128 
-1.00827 -0.79642  1.59105 B   129 
-0.82645 -0.74802  1.41192 L   129 
