246 
 0.93720  0.28531  0.90948 B   1 
 1.09233 -0.09885  0.97731 K   1 
 1.21465  0.22422  0.69116 B   2 
 1.26017  0.46293  0.60108 V   2 
 1.23280  0.03063  0.43549 B   3 
 0.93725 -0.23397  0.61028 F   3 
 1.36668 -0.19133  0.25431 B   4 
 1.32806 -0.34124 -0.02640 B   5 
 1.50745 -0.33701 -0.42314 R   5 
 1.39586 -0.64397  0.04866 B   6 
 1.63429 -0.69493 -0.14863 X   6 
 1.24342 -0.62184  0.31864 B   7 
 1.35069 -0.42532  0.63845 E   7 
 0.95929 -0.56742  0.20893 B   8 
 0.81613 -0.29793  0.17757 L   8 
 0.93247 -0.80642  0.02024 B   9 
 1.06291 -0.76627 -0.14867 A   9 
 0.94984 -1.01803  0.24025 B   10 
 1.15962 -1.02441  0.30174 A   10 
 0.70369 -0.92464  0.40404 B   11 
 0.77263 -0.76151  0.52891 A   11 
 0.49718 -0.93037  0.17322 B   12 
 0.50981 -0.53616  0.00283 M   12 
 0.53165 -1.22801  0.12150 B   13 
 0.81531 -1.45361 -0.11692 K   13 
 0.46653 -1.34964  0.39363 B   14 
 0.60025 -1.21353  0.80617 R   14 
 0.17531 -1.19629  0.37213 B   15 
 0.27416 -0.97011  0.67324 H   15 
 0.08281 -1.28294  0.05683 B   16 
 0.12767 -1.06941 -0.20027 B   17 
 0.07447 -0.79634 -0.03339 L   17 
 0.23291 -1.26208 -0.39095 B   18 
 0.50607 -1.33057 -0.51358 D   18 
 0.00123 -1.27933 -0.63951 B   19 
 0.24558 -1.45519 -0.75349 N   19 
-0.21152 -1.10696 -0.54523 B   20 
-0.46397 -1.08844 -0.18310 Y   20 
-0.45612 -1.09536 -0.76148 B   21 
-0.85484 -1.11776 -0.50441 R   21 
-0.19818 -1.11570 -0.98273 B   22 
 0.02977 -0.95386 -0.81884 B   23 
-0.27586 -0.62628 -0.96230 Y   23 
 0.33128 -0.91840 -0.82205 B   24 
 0.45908 -0.95023 -1.01584 S   24 
 0.55836 -0.82315 -0.59667 B   25 
 0.70001 -0.98343 -0.36688 L   25 
 0.67719 -0.58082 -0.76383 B   26 
 0.42182 -0.40664 -0.75283 B   27 
 0.27673 -0.53500 -1.02919 N   27 
 0.41183 -0.35876 -0.44870 B   28 
 0.04033 -0.59801 -0.38729 W   28 
 0.69190 -0.23417 -0.42143 B   29 
 0.87682 -0.41118 -0.37616 V   29 
 0.64925 -0.00960 -0.62452 B   30 
 0.66816  0.00532 -0.90092 X   30 
 0.41604  0.12797 -0.47983 B   31 
 0.23963  0.00470 -0.51901 A   31 
 0.55197  0.18472 -0.20776 B   32 
 0.55619 -0.00157 -0.10009 A   32 
 0.77426  0.36093 -0.32419 B   33 
 1.09676  0.40023 -0.42839 K   33 
 0.56778  0.58818 -0.46262 B   34 
 0.77921  0.50709 -0.80575 F   34 
 0.38558  0.63952 -0.20451 B   35 
 0.08918  0.52025 -0.35218 E   35 
 0.62492  0.62382  0.05830 B   36 
 0.52226  0.45823  0.16399 S   36 
 0.92033  0.52498  0.03694 B   37 
 1.11382  0.71094 -0.06433 N   37 
 0.89870  0.29504  0.26644 B   38 
 1.06643  0.10606 -0.06057 F   38 
 0.70966  0.46924  0.47470 B   39 
 0.83877  0.69593  0.62407 N   39 
 0.49569  0.40489  0.73985 B   40 
 0.59975  0.20624  0.84869 T   40 
 0.46338  0.73016  0.83008 B   41 
 0.68205  0.72735  1.16408 Q   41 
 0.31973  0.82086  0.58745 B   42 
 0.44790  0.80679  0.41992 A   42 
 0.14854  1.13678  0.52238 B   43 
 0.08520  1.13064  0.75869 T   43 
-0.14104  1.26095  0.31974 B   44 
 0.15116  1.22482  0.15459 N   44 
-0.31321  1.52043  0.21988 B   45 
-0.60148  1.70690  0.59295 R   45 
-0.62677  1.57140  0.08181 B   46 
-0.56805  1.24349  0.00212 N   46 
-0.84401  1.76876 -0.08429 B   47 
-0.76495  1.85564 -0.31443 T   47 
-1.09920  1.60664  0.05837 B   48 
-1.08038  1.35492 -0.02301 D   48 
-0.96233  1.57179  0.37059 B   49 
-0.82203  1.33864  0.36044 B   50 
-0.91287  1.16394  0.21335 S   50 
-0.58383  1.05614  0.43195 B   51 
-0.47465  1.24150  0.59880 T   51 
-0.27772  0.91198  0.37942 B   52 
-0.36217  0.88124  0.04799 D   52 
-0.14712  0.58433  0.49015 B   53 
-0.38210  0.86085  0.80489 Y   53 
 0.15217  0.46516  0.47800 B   54 
 0.31889  0.24590  0.25762 B   55 
 0.48834  0.05193  0.34473 I   55 
 0.01422  0.25318  0.08172 B   56 
 0.08000 -0.05109  0.00164 L   56 
-0.16746  0.49553  0.10765 B   57 
 0.05946  0.75553  0.12677 Q   57 
-0.41879  0.47028  0.29039 B   58 
-0.43896  0.16228  0.31884 I   58 
-0.74167  0.58892  0.29023 B   59 
-0.85007  0.80893  0.10952 N   59 
-0.97725  0.76335  0.51163 B   60 
-0.86562  0.94789  0.58920 S   60 
-1.25530  0.74850  0.34247 B   61 
-1.35955  1.13140  0.17778 R   61 
-1.25115  0.40533  0.33265 B   62 
-1.42615  0.54561 -0.06428 W   62 
-1.03190  0.23229  0.53298 B   63 
-1.01804  0.10448  0.11406 W   63 
-0.97893  0.44695  0.77178 B   64 
-0.71924  0.45628  0.75985 X   64 
-0.95918  0.59871  1.09898 B   65 
-1.20324  0.67222  1.25147 N   65 
-0.88855  0.96394  1.19995 B   66 
-0.83519  1.05458  0.95174 D   66 
-1.13115  1.16561  1.30394 B   67 
-1.11946  1.38181  1.01291 B   68 
-0.66795  1.52075  0.97588 R   68 
-1.33260  1.22057  0.79986 B   69 
-1.12747  1.15216  0.66394 T   69 
-1.59573  1.28839  0.65268 B   70 
-1.55760  1.49660  0.68372 P   70 
-1.76495  1.01809  0.53600 B   71 
-1.63354  0.77199  0.64365 B   72 
-1.44345  0.83798  0.77006 S   72 
-1.57497  0.39483  0.64988 B   73 
-1.85276  0.31971  0.43807 R   73 
-1.36786  0.17776  0.75553 B   74 
-1.24573  0.19947  1.00567 N   74 
-1.32171 -0.11273  0.59906 B   75 
-1.48613 -0.01820  0.33676 L   75 
-1.06187 -0.21653  0.77883 B   76 
-0.88085 -0.18976  0.52781 X   76 
-1.11081 -0.16253  1.06976 B   77 
-1.31398 -0.26177  1.22246 N   77 
-0.90569  0.10100  1.13606 B   78 
-0.69427 -0.10062  1.09948 I   78 
-0.67603  0.28508  1.25415 B   79 
-0.69869  0.22563  1.45323 P   79 
-0.46855  0.47256  1.07070 B   80 
-0.67501  0.64075  0.90082 X   80 
-0.22090  0.43609  1.26623 B   81 
-0.31390  0.51064  1.47421 S   81 
-0.17568  0.13134  1.20659 B   82 
-0.34614  0.03513  1.28407 A   82 
-0.05084  0.21614  0.91498 B   83 
-0.32744  0.17852  0.74408 L   83 
 0.23562  0.31987  1.07806 B   84 
 0.09641  0.61276  1.02246 L   84 
 0.36070  0.08070  1.15725 B   85 
 0.29073 -0.07864  1.34927 S   85 
 0.62536 -0.14674  1.14895 B   86 
 0.75390 -0.11884  1.34909 S   86 
 0.38200 -0.33146  1.12644 B   87 
 0.30698 -0.57981  1.26118 D   87 
 0.23501 -0.43210  0.81295 B   88 
 0.43703 -0.43592  0.63728 I   88 
-0.01934 -0.60305  0.85963 B   89 
 0.03757 -0.78609  1.04329 T   89 
-0.24321 -0.38924  0.82933 B   90 
-0.24520 -0.27826  1.01620 A   90 
-0.17457 -0.29141  0.54143 B   91 
-0.00580 -0.08240  0.59755 S   91 
-0.19763 -0.56328  0.40240 B   92 
 0.02326 -0.70368  0.41725 V   92 
-0.48668 -0.63837  0.47294 B   93 
-0.42471 -0.83392  0.73960 N   93 
-0.59651 -0.38034  0.34310 B   94 
-0.66068 -0.13100  0.46518 X   94 
-0.47715 -0.41150  0.05985 B   95 
-0.26779 -0.36472  0.07799 A   95 
-0.62540 -0.67346 -0.00950 B   96 
-0.36340 -0.99906  0.19603 K   96 
-0.90067 -0.52748 -0.01526 B   97 
-1.06135 -0.54069  0.33451 K   97 
-0.84076 -0.31145 -0.22752 B   98 
-0.70689 -0.07503 -0.07797 I   98 
-0.75421 -0.50063 -0.47183 B   99 
-0.54325 -0.59711 -0.47140 V   99 
-1.05257 -0.65009 -0.44587 B   100 
-0.93940 -0.83541 -0.29863 S   100 
-1.25711 -0.40572 -0.53282 B   101 
-1.31561 -0.17341 -0.39136 D   101 
-1.19710 -0.39418 -0.89158 B   102 
-0.93004 -0.20043 -0.98315 B   103 
-1.15581  0.03148 -1.00580 N   103 
-0.71465 -0.29903 -0.83852 B   104 
-0.40740 -0.12434 -0.84858 B   105 
-0.10098 -0.34722 -0.74746 M   105 
-0.54965  0.14720 -0.94568 B   106 
-0.58401  0.02371 -1.25053 N   106 
-0.58894  0.25712 -0.65402 B   107 
-0.70298  0.10750 -0.56264 A   107 
-0.28530  0.32709 -0.71210 B   108 
-0.27995  0.03527 -0.34735 W   108 
-0.16694  0.60187 -0.85562 B   109 
-0.31468  0.80595 -0.81002 V   109 
 0.13866  0.53419 -0.85570 B   110 
 0.21249  0.60032 -0.66554 A   110 
 0.11332  0.26477 -0.99537 B   111 
-0.01202 -0.10085 -1.04250 W   111 
-0.03019  0.35538 -1.25486 B   112 
-0.39160  0.57075 -1.29117 R   112 
 0.18445  0.60068 -1.32456 B   113 
-0.04930  0.82307 -1.28984 N   113 
 0.47230  0.41017 -1.23782 B   114 
 0.63661  0.80287 -0.97105 R   114 
 0.41466  0.07767 -1.27268 B   115 
 0.46399  0.10871 -0.95933 X   115 
 0.23598  0.03040 -1.49204 B   116 
-0.20455 -0.00644 -1.54356 K   116 
 0.39011 -0.14208 -1.76176 B   117 
 0.63708 -0.21779 -1.61256 B   118 
 0.68567  0.00987 -1.49768 T   118 
 0.93617 -0.35260 -1.47394 B   119 
 1.12724 -0.53681 -1.58234 D   119 
 0.85973 -0.47695 -1.16550 B   120 
 0.61295 -0.43992 -1.17949 V   120 
 1.08427 -0.68990 -1.11745 B   121 
 0.98632 -0.97781 -1.40215 Q   121 
 1.30763 -0.48075 -1.04411 B   122 
 1.33180 -0.36903 -1.21698 A   122 
 1.20380 -0.45642 -0.73529 B   123 
 1.06949 -0.05729 -0.81385 W   123 
 1.33721 -0.76930 -0.67211 B   124 
 1.09525 -0.88612 -0.66344 I   124 
 1.61265 -0.74890 -0.72650 B   125 
 1.52601 -0.73089 -1.23694 R   125 
 1.84533 -0.92168 -0.52250 B   126 
 1.63348 -1.07958 -0.37587 B   127 
 1.49077 -0.79843 -0.30538 X   127 
 1.57133 -1.31909 -0.10798 B   128 
 1.72791 -1.68915 -0.16281 R   128 
 1.30480 -1.55865 -0.22465 B   129 
 1.19665 -1.32263 -0.23401 L   129 
