246 
 0.69054  1.10961 -0.28074 B   1 
 0.68819  1.09280 -0.70020 K   1 
 0.40995  1.29130 -0.40969 B   2 
 0.33232  1.41915 -0.19804 V   2 
 0.14152  1.17976 -0.54638 B   3 
 0.35655  0.83394 -0.69501 F   3 
-0.08366  1.17127 -0.76826 B   4 
-0.35962  1.02401 -0.83843 B   5 
-0.78515  1.11633 -0.83807 R   5 
-0.32801  0.96626 -1.15075 B   6 
-0.57840  1.12140 -1.25852 X   6 
-0.02936  0.88735 -1.11627 B   7 
 0.27268  1.12224 -1.03880 E   7 
-0.06583  0.64037 -0.93351 B   8 
-0.04056  0.62456 -0.62820 L   8 
-0.26281  0.48095 -1.10447 B   9 
-0.45317  0.58468 -1.09171 A   9 
-0.07138  0.44286 -1.33981 B   10 
-0.06050  0.63643 -1.44100 A   10 
 0.15189  0.29344 -1.18499 B   11 
 0.27091  0.44641 -1.08809 A   11 
-0.02493  0.06837 -1.06652 B   12 
-0.15973  0.22040 -0.68796 M   12 
-0.10816 -0.03852 -1.33875 B   13 
-0.42357  0.07418 -1.61446 K   13 
 0.16038 -0.10182 -1.46903 B   14 
 0.54113  0.14639 -1.47262 R   14 
 0.21941 -0.29716 -1.20990 B   15 
 0.50775 -0.06014 -1.09913 H   15 
-0.07236 -0.47078 -1.19547 B   16 
-0.31389 -0.38315 -0.97709 B   17 
-0.11679 -0.28362 -0.73941 L   17 
-0.53924 -0.40599 -1.15945 B   18 
-0.72670 -0.21482 -1.30998 D   18 
-0.72845 -0.66138 -1.03808 B   19 
-0.90997 -0.54057 -1.27490 N   19 
-0.57358 -0.75909 -0.81373 B   20 
-0.16290 -0.91225 -0.75812 Y   20 
-0.72605 -1.00790 -0.66685 B   21 
-0.38708 -1.32632 -0.57062 R   21 
-1.00157 -0.82640 -0.75083 B   22 
-0.88138 -0.52647 -0.72612 B   23 
-0.92255 -0.68036 -0.28348 Y   23 
-0.95078 -0.24475 -0.81553 B   24 
-1.17072 -0.17872 -0.86202 S   24 
-0.77639  0.03624 -0.86096 B   25 
-0.59969  0.13203 -1.10212 L   25 
-0.94528  0.21729 -0.66226 B   26 
-0.86122  0.06827 -0.40458 B   27 
-1.10668 -0.16320 -0.41313 N   27 
-0.56001  0.13248 -0.41048 B   28 
-0.43531 -0.28917 -0.48592 W   28 
-0.58740  0.43894 -0.41649 B   29 
-0.60096  0.53404 -0.65806 V   29 
-0.75552  0.46315 -0.16225 B   30 
-1.02659  0.43874 -0.10838 X   30 
-0.55002  0.34097  0.03034 B   31 
-0.55789  0.12482 -0.00226 A   31 
-0.31266  0.53269 -0.02097 B   32 
-0.22499  0.47454 -0.20871 A   32 
-0.46174  0.78553  0.06772 B   33 
-0.63356  1.07010 -0.00915 K   33 
-0.52930  0.67698  0.37932 B   34 
-0.91743  0.77008  0.28079 F   34 
-0.23284  0.58227  0.45411 B   35 
-0.31799  0.24292  0.49247 E   35 
-0.03436  0.83267  0.29757 B   36 
 0.07772  0.68849  0.17196 S   36 
-0.13131  1.04788  0.09318 B   37 
-0.25824  1.28204  0.19963 N   37 
 0.07674  0.96898 -0.14452 B   38 
-0.29483  0.97959 -0.32509 F   38 
 0.33683  0.91267  0.05205 B   39 
 0.47114  1.15058  0.17746 N   39 
 0.63764  0.74111  0.03457 B   40 
 0.70247  0.76622 -0.20482 T   40 
 0.76004  0.86847  0.32402 B   41 
 1.03338  1.11839  0.17501 Q   41 
 0.56547  0.73866  0.50573 B   42 
 0.37239  0.81721  0.47047 A   42 
 0.56842  0.71226  0.86993 B   43 
 0.81158  0.69424  0.84889 T   43 
 0.44899  0.47458  1.13371 B   44 
 0.21866  0.68925  1.01195 N   44 
 0.41366  0.41697  1.45368 B   45 
 0.85738  0.30649  1.67267 R   45 
 0.35616  0.13757  1.65017 B   46 
 0.23768  0.03426  1.34584 N   46 
 0.26171  0.00182  1.94409 B   47 
 0.02776  0.06969  2.03021 T   47 
 0.44497 -0.26955  1.87677 B   48 
 0.34047 -0.37558  1.65728 D   48 
 0.71329 -0.10964  1.73584 B   49 
 0.65151 -0.08782  1.47154 B   50 
 0.51501 -0.26901  1.37696 S   50 
 0.64223  0.01343  1.10916 B   51 
 0.79458  0.21886  1.20246 T   51 
 0.50876  0.21318  0.86516 B   52 
 0.20423  0.06806  0.92936 D   52 
 0.55842  0.20642  0.49888 B   53 
 0.94095  0.17196  0.78737 Y   53 
 0.46780  0.41788  0.27305 B   54 
 0.19728  0.43288  0.04715 B   55 
 0.22640  0.51417 -0.21067 I   55 
 0.09736  0.13597  0.20739 B   56 
-0.02111  0.04906 -0.07849 L   56 
 0.18473  0.08420  0.49393 B   57 
 0.17310  0.40067  0.63240 Q   57 
 0.41754 -0.11776  0.54099 B   58 
 0.42373 -0.26368  0.26760 I   58 
 0.50160 -0.35244  0.77801 B   59 
 0.36990 -0.38456  1.05085 N   59 
 0.78515 -0.44759  0.99131 B   60 
 0.85030 -0.25572  1.09843 S   60 
 0.68377 -0.72932  1.11976 B   61 
 0.58042 -0.68468  1.53440 R   61 
 0.64429 -0.87549  0.81161 B   62 
 0.31152 -1.03824  1.07737 W   62 
 0.77352 -0.72158  0.53276 B   63 
 0.35337 -0.83663  0.48530 W   63 
 1.01102 -0.54087  0.66258 B   64 
 0.94056 -0.30897  0.56811 X   64 
 1.33655 -0.40151  0.73394 B   65 
 1.54669 -0.55961  0.87202 N   65 
 1.44909 -0.16391  1.01581 B   66 
 1.20383 -0.12028  1.11885 D   66 
 1.62270 -0.27373  1.27684 B   67 
 1.35612 -0.22016  1.51692 B   68 
 1.22820  0.23322  1.46571 R   68 
 1.18491 -0.51519  1.49532 B   69 
 1.00020 -0.38650  1.37466 T   69 
 1.10840 -0.74423  1.68816 B   70 
 1.14733 -0.61523  1.85432 P   70 
 1.01132 -1.03085  1.53410 B   71 
 1.06469 -1.00221  1.24126 B   72 
 1.14914 -0.78364  1.20171 S   72 
 1.02539 -1.11211  0.87780 B   73 
 0.87752 -1.42698  0.95944 R   73 
 1.06189 -1.00425  0.58080 B   74 
 1.27818 -0.84366  0.50741 N   74 
 0.87503 -1.11575  0.32852 B   75 
 0.66649 -1.26569  0.52549 L   75 
 0.98085 -0.89954  0.09903 B   76 
 0.69813 -0.77094  0.09362 X   76 
 1.27873 -0.86946  0.11667 B   77 
 1.46508 -1.06589  0.08306 N   77 
 1.31814 -0.56264  0.25891 B   78 
 1.21705 -0.46880 -0.00121 I   78 
 1.39542 -0.25949  0.31087 B   79 
 1.58863 -0.27094  0.23200 P   79 
 1.18572 -0.02644  0.42734 B   80 
 1.08267 -0.16589  0.69136 X   80 
 1.31531  0.21075  0.26049 B   81 
 1.54463  0.19642  0.32882 S   81 
 1.22134  0.10896 -0.02107 B   82 
 1.32750 -0.07016 -0.05208 A   82 
 0.91708  0.20588  0.05540 B   83 
 0.81176 -0.08470  0.16311 L   83 
 1.01814  0.53238  0.00443 B   84 
 1.02097  0.52600  0.33337 L   84 
 1.04596  0.55351 -0.27467 B   85 
 1.23474  0.45584 -0.42292 S   85 
 0.95787  0.68822 -0.58441 B   86 
 1.12474  0.84854 -0.64613 S   86 
 0.97636  0.38912 -0.64806 B   87 
 1.10325  0.23868 -0.86421 D   87 
 0.69768  0.16154 -0.62448 B   88 
 0.48061  0.30850 -0.67896 I   88 
 0.78694 -0.12943 -0.68336 B   89 
 0.93646 -0.12644 -0.90269 T   89 
 0.82708 -0.24056 -0.39562 B   90 
 1.01810 -0.16222 -0.32768 A   90 
 0.54043 -0.18713 -0.28540 B   91 
 0.57373  0.06220 -0.17566 S   91 
 0.38796 -0.34887 -0.49603 B   92 
 0.33973 -0.21135 -0.71394 V   92 
 0.51643 -0.62507 -0.45896 B   93 
 0.74420 -0.60870 -0.70601 N   93 
 0.43759 -0.63327 -0.16026 B   94 
 0.59177 -0.56142  0.06833 X   94 
 0.13290 -0.58982 -0.18717 B   95 
 0.10633 -0.38114 -0.23291 A   95 
 0.07758 -0.84612 -0.35046 B   96 
 0.18914 -0.71932 -0.78448 K   96 
 0.14760 -1.02781 -0.10714 B   97 
 0.52253 -1.11555 -0.11495 K   97 
-0.05371 -0.91806  0.09960 B   98 
 0.08051 -0.67170  0.23180 I   98 
-0.32646 -0.96518 -0.06274 B   99 
-0.38268 -0.81997 -0.23469 V   99 
-0.24536 -1.28941 -0.08093 B   100 
-0.14427 -1.24385 -0.31870 S   100 
-0.26200 -1.37998  0.23630 B   101 
-0.09178 -1.30712  0.44394 D   101 
-0.62267 -1.38365  0.28486 B   102 
-0.75644 -1.07932  0.36689 B   103 
-0.70692 -1.18299  0.67031 N   103 
-0.67404 -0.90627  0.16614 B   104 
-0.73964 -0.56054  0.20063 B   105 
-0.73085 -0.36804 -0.14093 M   105 
-0.77815 -0.58598  0.51886 B   106 
-1.07626 -0.72222  0.47490 N   106 
-0.47705 -0.52309  0.58268 B   107 
-0.37488 -0.67291  0.47849 A   107 
-0.59722 -0.23402  0.53295 B   108 
-0.26946 -0.29246  0.20523 W   108 
-0.74034 -0.03532  0.75686 B   109 
-0.64493 -0.07018  0.99189 V   109 
-0.81637  0.20603  0.57263 B   110 
-0.64337  0.33270  0.56909 A   110 
-0.96874  0.04322  0.36522 B   111 
-1.01653 -0.23372  0.09573 W   111 
-1.17969 -0.08942  0.54974 B   112 
-1.11364 -0.32268  0.89550 R   112 
-1.27587  0.19453  0.69544 B   113 
-1.16969  0.08956  0.98355 N   113 
-1.27401  0.38209  0.39296 B   114 
-1.01993  0.74305  0.63280 R   114 
-1.32267  0.18150  0.12372 B   115 
-1.02757  0.29254  0.07712 X   115 
-1.49828 -0.03489  0.19164 B   116 
-1.45012 -0.44972  0.34551 K   116 
-1.80979 -0.01935  0.02141 B   117 
-1.72829  0.19234 -0.17233 B   118 
-1.60883  0.35343 -0.00751 T   118 
-1.67401  0.42282 -0.43836 B   119 
-1.83858  0.49380 -0.66213 D   119 
-1.36790  0.35457 -0.57283 B   120 
-1.32162  0.14965 -0.43743 V   120 
-1.39091  0.46972 -0.86316 B   121 
-1.66877  0.20966 -1.03258 Q   121 
-1.35345  0.77041 -0.77833 B   122 
-1.51717  0.81028 -0.65769 A   122 
-1.02812  0.74217 -0.76829 B   123 
-1.03969  0.78204 -0.34191 W   123 
-1.02396  0.73610 -1.11416 B   124 
-0.96983  0.47292 -1.12282 I   124 
-1.13827  0.97941 -1.19766 B   125 
-1.61174  0.82257 -1.05764 R   125 
-1.00855  1.14597 -1.48234 B   126 
-0.83105  0.91547 -1.56406 B   127 
-0.70614  0.92264 -1.26619 X   127 
-0.57727  0.80318 -1.80066 B   128 
-0.69768  0.77261 -2.18672 R   128 
-0.64938  0.44367 -1.88780 B   129 
-0.61366  0.44820 -1.63053 L   129 
