246 
-0.64011  0.46760 -1.07635 B   1 
-0.76699  0.10630 -1.24841 K   1 
-0.96798  0.38365 -0.95875 B   2 
-1.03882  0.60633 -0.84667 V   2 
-1.05719  0.15217 -0.75470 B   3 
-0.72238 -0.09278 -0.88045 F   3 
-1.23586 -0.09038 -0.65847 B   4 
-1.27811 -0.28520 -0.40743 B   5 
-1.56337 -0.33773 -0.08268 R   5 
-1.31974 -0.56871 -0.54804 B   6 
-1.60427 -0.64090 -0.43759 X   6 
-1.09668 -0.50958 -0.75627 B   7 
-1.10934 -0.25961 -1.05586 E   7 
-0.85607 -0.48556 -0.56324 B   8 
-0.72952 -0.23091 -0.44816 L   8 
-0.88278 -0.75284 -0.41734 B   9 
-1.05628 -0.73512 -0.28795 A   9 
-0.83525 -0.92516 -0.66540 B   10 
-1.01867 -0.91273 -0.78384 A   10 
-0.55315 -0.81687 -0.73494 B   11 
-0.58456 -0.63295 -0.84514 A   11 
-0.42115 -0.86848 -0.45950 B   12 
-0.48440 -0.50686 -0.23629 M   12 
-0.46710 -1.16887 -0.47008 B   13 
-0.80564 -1.41802 -0.36273 K   13 
-0.32620 -1.24749 -0.72904 B   14 
-0.33735 -1.04097 -1.13377 R   14 
-0.05422 -1.11194 -0.60080 B   15 
-0.06435 -0.83610 -0.87539 H   15 
-0.05510 -1.25225 -0.29130 B   16 
-0.17287 -1.08144 -0.02548 B   17 
-0.07593 -0.78743 -0.12247 L   17 
-0.32699 -1.29785  0.09272 B   18 
-0.62336 -1.37380  0.11991 D   18 
-0.17587 -1.36475  0.39011 B   19 
-0.44150 -1.54636  0.39934 N   19 
 0.05387 -1.18844  0.38997 B   20 
 0.39913 -1.12215  0.12236 Y   20 
 0.22643 -1.22221  0.66531 B   21 
 0.68209 -1.21938  0.53145 R   21 
-0.08384 -1.26728  0.79800 B   22 
-0.25649 -1.07168  0.60578 B   23 
-0.00662 -0.78468  0.88238 Y   23 
-0.54656 -1.02463  0.52951 B   24 
-0.72419 -1.08202  0.67112 S   24 
-0.70039 -0.88477  0.26834 B   25 
-0.76948 -0.99970 -0.01552 L   25 
-0.86353 -0.66792  0.43310 B   26 
-0.61675 -0.50508  0.52398 B   27 
-0.55585 -0.68241  0.80461 N   27 
-0.52060 -0.40909  0.24752 B   28 
-0.14555 -0.65057  0.25458 W   28 
-0.78198 -0.27013  0.16341 B   29 
-0.94516 -0.42961  0.03882 V   29 
-0.80053 -0.08336  0.40479 B   30 
-0.89770 -0.11257  0.66301 X   30 
-0.53656  0.06594  0.35701 B   31 
-0.37793 -0.06931  0.42330 A   31 
-0.58946  0.17158  0.07107 B   32 
-0.56159  0.00550 -0.06293 A   32 
-0.83685  0.33577  0.14763 B   33 
-1.17591  0.37114  0.16146 K   33 
-0.67994  0.52880  0.37470 B   34 
-0.98007  0.40218  0.62551 F   34 
-0.43192  0.61356  0.19097 B   35 
-0.18932  0.45969  0.39432 E   35 
-0.58611  0.65060 -0.12756 B   36 
-0.45650  0.50015 -0.22602 S   36 
-0.87469  0.56204 -0.20738 B   37 
-1.09020  0.73709 -0.13537 N   37 
-0.78697  0.37155 -0.45644 B   38 
-1.03994  0.13934 -0.22652 F   38 
-0.54740  0.56909 -0.57063 B   39 
-0.62987  0.82216 -0.71037 N   39 
-0.26620  0.53960 -0.77135 B   40 
-0.33359  0.36570 -0.93675 T   40 
-0.21150  0.87354 -0.79314 B   41 
-0.32563  0.93395 -1.17090 Q   41 
-0.14372  0.91772 -0.50821 B   42 
-0.31432  0.88210 -0.38854 A   42 
-0.00023  1.21151 -0.34561 B   43 
 0.12801  1.24105 -0.55195 T   43 
 0.21862  1.28906 -0.05161 B   44 
-0.10835  1.23893  0.01576 N   44 
 0.35346  1.52154  0.13470 B   45 
 0.73512  1.75369 -0.10508 R   45 
 0.61418  1.53635  0.36226 B   46 
 0.53720  1.20261  0.36619 N   46 
 0.77369  1.69499  0.61352 B   47 
 0.63164  1.74671  0.82305 T   47 
 1.06000  1.54756  0.52382 B   48 
 1.02030  1.28700  0.55334 D   48 
 1.01825  1.56943  0.18440 B   49 
 0.88235  1.34377  0.11540 B   50 
 0.92849  1.14394  0.25084 S   50 
 0.67628  1.08677 -0.06664 B   51 
 0.61816  1.30108 -0.22416 T   51 
 0.36883  0.94893 -0.12762 B   52 
 0.35527  0.86148  0.20418 D   52 
 0.27735  0.64926 -0.32383 B   53 
 0.59072  0.96299 -0.50854 Y   53 
-0.01218  0.54231 -0.41686 B   54 
-0.23354  0.29745 -0.29242 B   55 
-0.36983  0.12737 -0.45498 I   55 
 0.00814  0.26343 -0.03894 B   56 
-0.07588 -0.04676 -0.03270 L   56 
 0.18813  0.49898  0.02839 B   57 
-0.02549  0.76790 -0.01040 Q   57 
 0.48135  0.49314 -0.07740 B   58 
 0.51073  0.19324 -0.15000 I   58 
 0.78997  0.59659  0.03383 B   59 
 0.84086  0.77975  0.27190 N   59 
 1.07790  0.79455 -0.07959 B   60 
 0.99192  0.99370 -0.15360 S   60 
 1.29612  0.74091  0.15631 B   61 
 1.34659  1.08744  0.40527 R   61 
 1.29148  0.40115  0.10711 B   62 
 1.34492  0.46794  0.55493 W   62 
 1.13968  0.27212 -0.17298 B   63 
 1.00753  0.07892  0.19747 W   63 
 1.15579  0.52461 -0.37767 B   64 
 0.90347  0.54273 -0.43825 X   64 
 1.22939  0.72800 -0.66699 B   65 
 1.50637  0.81494 -0.72976 N   65 
 1.18827  1.10738 -0.72134 B   66 
 1.06566  1.15882 -0.48684 D   66 
 1.44919  1.31289 -0.71733 B   67 
 1.35351  1.47946 -0.40963 B   68 
 0.90937  1.62933 -0.47907 R   68 
 1.49791  1.27711 -0.17506 B   69 
 1.26293  1.19625 -0.11608 T   69 
 1.70760  1.30918  0.04966 B   70 
 1.67862  1.52107  0.04433 P   70 
 1.83812  1.01673  0.16257 B   71 
 1.74448  0.79700 -0.01734 B   72 
 1.59801  0.89044 -0.17946 S   72 
 1.69248  0.42859 -0.10276 B   73 
 1.89866  0.30865  0.16329 R   73 
 1.52555  0.24032 -0.29734 B   74 
 1.47983  0.30729 -0.56451 N   74 
 1.43845 -0.06947 -0.21108 B   75 
 1.52049 -0.02558  0.09893 L   75 
 1.24144 -0.13187 -0.47167 B   76 
 0.99609 -0.13852 -0.28126 X   76 
 1.37111 -0.03361 -0.72363 B   77 
 1.61005 -0.11524 -0.82700 N   77 
 1.19183  0.24551 -0.80023 B   78 
 0.98003  0.04965 -0.85910 I   78 
 1.00433  0.45570 -0.94596 B   79 
 1.08329  0.42835 -1.13752 P   79 
 0.75192  0.61955 -0.80002 B   80 
 0.90020  0.74926 -0.55311 X   80 
 0.57068  0.62557 -1.06080 B   81 
 0.71875  0.72883 -1.21852 S   81 
 0.51221  0.31735 -1.06813 B   82 
 0.69830  0.22790 -1.10920 A   82 
 0.30875  0.35900 -0.81381 B   83 
 0.52523  0.28270 -0.58048 L   83 
 0.08017  0.49962 -1.03151 B   84 
 0.19586  0.77358 -0.89074 L   84 
-0.01558  0.28185 -1.18159 B   85 
 0.10732  0.15289 -1.36980 S   85 
-0.27016  0.06733 -1.28654 B   86 
-0.33634  0.13258 -1.50726 S   86 
-0.04222 -0.12861 -1.22733 B   87 
 0.06972 -0.35480 -1.37486 D   87 
 0.00971 -0.28469 -0.90647 B   88 
-0.23404 -0.30843 -0.79827 I   88 
 0.26787 -0.45631 -0.90721 B   89 
 0.26694 -0.60469 -1.12733 T   89 
 0.47241 -0.25977 -0.77961 B   90 
 0.52701 -0.12020 -0.93703 A   90 
 0.32378 -0.20702 -0.51073 B   91 
 0.17677  0.01518 -0.57655 S   91 
 0.30786 -0.49853 -0.41829 B   92 
 0.10130 -0.62531 -0.51819 V   92 
 0.60548 -0.57323 -0.41575 B   93 
 0.62349 -0.72030 -0.71780 N   93 
 0.67203 -0.34442 -0.21898 B   94 
 0.76684 -0.08152 -0.27452 X   94 
 0.47692 -0.41597  0.00963 B   95 
 0.28119 -0.35817 -0.05887 A   95 
 0.60082 -0.69167  0.07331 B   96 
 0.41049 -0.96849 -0.24926 K   96 
 0.86205 -0.56017  0.18093 B   97 
 1.11603 -0.52333 -0.10624 K   97 
 0.74266 -0.37902  0.40055 B   98 
 0.65561 -0.11613  0.26093 I   98 
 0.59111 -0.60145  0.57527 B   99 
 0.38967 -0.68768  0.49913 V   99 
 0.88538 -0.75707  0.61014 B   100 
 0.82015 -0.91124  0.40812 S   100 
 1.05503 -0.53875  0.79088 B   101 
 1.15005 -0.28927  0.71259 D   101 
 0.89496 -0.58290  1.11473 B   102 
 0.61167 -0.39553  1.15808 B   103 
 0.82011 -0.17998  1.28202 N   103 
 0.44719 -0.46034  0.94412 B   104 
 0.14878 -0.27690  0.89594 B   105 
-0.11459 -0.46748  0.67660 M   105 
 0.25567 -0.03082  1.07321 B   106 
 0.20229 -0.20334  1.35026 N   106 
 0.37595  0.12308  0.82718 B   107 
 0.51227 -0.01441  0.74811 A   107 
 0.06794  0.19537  0.80789 B   108 
 0.16883 -0.03312  0.41312 W   108 
-0.08820  0.44801  0.95587 B   109 
 0.06514  0.65042  0.98864 V   109 
-0.38066  0.39405  0.85828 B   110 
-0.39751  0.49310  0.66882 A   110 
-0.39459  0.10475  0.95238 B   111 
-0.28566 -0.26858  0.97128 W   111 
-0.33176  0.14612  1.25318 B   112 
 0.00287  0.33749  1.42560 R   112 
-0.55889  0.38567  1.29931 B   113 
-0.32636  0.60077  1.36971 N   113 
-0.80878  0.22390  1.10420 B   114 
-0.89248  0.66110  0.87134 R   114 
-0.76142 -0.11197  1.09791 B   115 
-0.71937 -0.02862  0.79316 X   115 
-0.65256 -0.20154  1.34772 B   116 
-0.24488 -0.26460  1.51476 K   116 
-0.87623 -0.40879  1.53013 B   117 
-1.06981 -0.44897  1.30675 B   118 
-1.08498 -0.20390  1.22251 T   118 
-1.31599 -0.54696  1.06876 B   119 
-1.52891 -0.73814  1.08638 D   119 
-1.15385 -0.62287  0.77826 B   120 
-0.92158 -0.59893  0.86741 V   120 
-1.35397 -0.81566  0.63384 B   121 
-1.33963 -1.14967  0.88238 Q   121 
-1.54837 -0.58825  0.53636 B   122 
-1.62162 -0.50505  0.71147 A   122 
-1.36081 -0.51865  0.27807 B   123 
-1.25703 -0.14344  0.45688 W   123 
-1.46865 -0.81132  0.12844 B   124 
-1.23357 -0.93522  0.16913 I   124 
-1.74827 -0.78850  0.10537 B   125 
-1.81117 -0.85694  0.61501 R   125 
-1.91190 -0.91612 -0.18195 B   126 
-1.66600 -1.05694 -0.28693 B   127 
-1.51086 -0.77430 -0.26624 X   127 
-1.52842 -1.25234 -0.56240 B   128 
-1.69183 -1.61953 -0.61666 R   128 
-1.30483 -1.51855 -0.41686 B   129 
-1.20534 -1.29188 -0.33804 L   129 
