246 
-0.99119  0.85944  0.25654 B   1 
-1.32089  0.60113  0.22802 K   1 
-1.06971  0.72393  0.57880 B   2 
-0.92703  0.87615  0.73254 V   2 
-1.02685  0.42535  0.68923 B   3 
-1.07300  0.26660  0.28850 F   3 
-1.11572  0.15966  0.83593 B   4 
-1.00023 -0.12418  0.93006 B   5 
-0.87870 -0.31752  1.30080 R   5 
-1.23809 -0.32278  0.85349 B   6 
-1.29911 -0.44333  1.13654 X   6 
-1.28901 -0.17457  0.58507 B   7 
-1.44811  0.17811  0.53303 E   7 
-1.01629 -0.22723  0.44875 B   8 
-0.77268 -0.04145  0.43314 L   8 
-1.00681 -0.53179  0.47304 B   9 
-0.97045 -0.57561  0.68260 A   9 
-1.25264 -0.58162  0.29820 B   10 
-1.42570 -0.52576  0.41968 A   10 
-1.14588 -0.44574  0.04075 B   11 
-1.18231 -0.23350  0.06495 A   11 
-0.88116 -0.60498  0.01795 B   12 
-0.59294 -0.37365  0.23705 M   12 
-1.02056 -0.87397 -0.00799 B   13 
-1.17295 -1.15510  0.28518 K   13 
-1.19983 -0.83153 -0.25120 B   14 
-1.46043 -0.47371 -0.35440 R   14 
-0.92540 -0.75485 -0.41732 B   15 
-1.05338 -0.38923 -0.45652 H   15 
-0.72376 -1.01279 -0.32626 B   16 
-0.49478 -0.97393 -0.08180 B   17 
-0.42349 -0.66374 -0.14461 L   17 
-0.54524 -1.22450  0.05686 B   18 
-0.68108 -1.31362  0.31753 D   18 
-0.25976 -1.40631  0.02216 B   19 
-0.43570 -1.58262  0.22609 N   19 
-0.09408 -1.23970 -0.14713 B   20 
-0.13736 -1.05626 -0.54674 Y   20 
 0.19493 -1.38154 -0.20264 B   21 
 0.28641 -1.30882 -0.66297 R   21 
 0.15082 -1.48768  0.11782 B   22 
-0.01056 -1.23440  0.23955 B   23 
 0.43148 -1.08392  0.18250 Y   23 
-0.18317 -1.16818  0.48038 B   24 
-0.16625 -1.28531  0.68260 S   24 
-0.41330 -0.93569  0.54683 B   25 
-0.71858 -0.92187  0.47491 L   25 
-0.27012 -0.81377  0.80261 B   26 
-0.02733 -0.69733  0.65040 B   27 
 0.16415 -0.97476  0.66704 N   27 
-0.17635 -0.49068  0.47727 B   28 
-0.09470 -0.70122  0.09252 W   28 
-0.30895 -0.33704  0.70861 B   29 
-0.54142 -0.43369  0.77342 V   29 
-0.05054 -0.27044  0.85788 B   30 
 0.10766 -0.40894  1.03889 X   30 
 0.08118 -0.10715  0.63374 B   31 
 0.15541 -0.25296  0.48855 A   31 
-0.13752  0.10783  0.59281 B   32 
-0.29621  0.01486  0.48105 A   32 
-0.12300  0.21682  0.87904 B   33 
-0.24758  0.23292  1.19626 K   33 
 0.20304  0.30036  0.86655 B   34 
 0.23017  0.07071  1.20647 F   34 
 0.19259  0.46217  0.59058 B   35 
 0.40918  0.24408  0.41910 E   35 
-0.12255  0.62577  0.61357 B   36 
-0.20168  0.53497  0.42750 S   36 
-0.34730  0.57070  0.82320 B   37 
-0.31853  0.69240  1.08134 N   37 
-0.58299  0.50604  0.60807 B   38 
-0.59112  0.19099  0.87538 F   38 
-0.49866  0.74038  0.39027 B   39 
-0.55628  1.02621  0.46342 N   39 
-0.55051  0.80688  0.05395 B   40 
-0.77965  0.71726  0.01393 T   40 
-0.42145  1.12019  0.06655 B   41 
-0.75894  1.33118  0.03556 Q   41 
-0.14191  1.04179  0.12520 B   42 
-0.13187  0.95386  0.31719 A   42 
 0.16250  1.24345  0.12098 B   43 
 0.06058  1.36124 -0.06779 T   43 
 0.52809  1.19594  0.05451 B   44 
 0.42125  1.11232  0.36362 N   44 
 0.82557  1.33178  0.05435 B   45 
 0.88212  1.65478 -0.33234 R   45 
 1.13203  1.25678 -0.08860 B   46 
 0.97862  0.95052 -0.08806 N   46 
 1.46638  1.29902 -0.10129 B   47 
 1.59475  1.25307  0.11819 T   47 
 1.46438  1.21191 -0.42403 B   48 
 1.37524  0.96224 -0.43169 D   48 
 1.17591  1.37395 -0.51327 B   49 
 0.97663  1.19467 -0.46534 B   50 
 1.03436  0.95779 -0.49634 S   50 
 0.64235  1.03269 -0.40473 B   51 
 0.56659  1.29166 -0.36846 T   51 
 0.40661  0.92445 -0.18121 B   52 
 0.64040  0.70459 -0.05904 D   52 
 0.09535  0.73323 -0.23794 B   53 
 0.19706  1.10480 -0.52486 Y   53 
-0.14742  0.66705 -0.03642 B   54 
-0.23277  0.38607  0.15904 B   55 
-0.48844  0.29667  0.18279 I   55 
 0.06861  0.25531  0.03296 B   56 
-0.07733 -0.03079  0.04566 L   56 
 0.28952  0.44557 -0.05313 B   57 
 0.26287  0.69920  0.18017 Q   57 
 0.32946  0.49373 -0.35856 B   58 
 0.17250  0.25364 -0.47602 I   58 
 0.59424  0.54961 -0.57090 B   59 
 0.87911  0.61640 -0.48602 N   59 
 0.70060  0.78543 -0.83172 B   60 
 0.67547  0.99455 -0.74132 S   60 
 0.97004  0.64363 -0.94766 B   61 
 1.32376  0.85379 -0.82387 R   61 
 0.80265  0.35654 -1.03390 B   62 
 1.21770  0.22934 -0.89460 W   62 
 0.45895  0.35353 -1.03307 B   63 
 0.63340  0.01802 -0.81168 W   63 
 0.39118  0.66923 -1.07369 B   64 
 0.23738  0.70374 -0.86676 X   64 
 0.26124  0.97794 -1.20898 B   65 
 0.36345  1.09148 -1.46370 N   65 
 0.33825  1.34333 -1.11340 B   66 
 0.49552  1.28715 -0.90178 D   66 
 0.53177  1.53556 -1.30295 B   67 
 0.80321  1.55352 -1.06301 B   68 
 0.60638  1.70540 -0.65961 R   68 
 0.98441  1.27539 -1.14442 B   69 
 0.89979  1.17022 -0.92760 T   69 
 1.27249  1.21569 -1.23902 B   70 
 1.33337  1.40902 -1.17056 P   70 
 1.31473  0.90696 -1.37396 B   71 
 1.04529  0.78119 -1.40565 B   72 
 0.88249  0.92999 -1.31722 S   72 
 0.81688  0.48204 -1.46939 B   73 
 1.08133  0.26708 -1.57677 R   73 
 0.51480  0.38878 -1.43432 B   74 
 0.30041  0.56101 -1.48257 N   74 
 0.43323  0.06913 -1.38782 B   75 
 0.73949 -0.01971 -1.33232 L   75 
 0.11018  0.11689 -1.32485 B   76 
 0.15602  0.02307 -1.03229 X   76 
-0.00320  0.31625 -1.51812 B   77 
-0.01302  0.29312 -1.78980 N   77 
-0.04201  0.59612 -1.32815 B   78 
-0.25536  0.43728 -1.20190 I   78 
-0.16644  0.84252 -1.17203 B   79 
-0.29882  0.90107 -1.32278 P   79 
-0.09740  0.92172 -0.85452 B   80 
 0.21781  0.93926 -0.86488 X   80 
-0.38851  1.03200 -0.79141 B   81 
-0.41474  1.19662 -0.96369 S   81 
-0.53363  0.75418 -0.80649 B   82 
-0.51847  0.69606 -1.00825 A   82 
-0.39924  0.67835 -0.51666 B   83 
-0.14101  0.51706 -0.63679 L   83 
-0.62630  0.89094 -0.36611 B   84 
-0.35930  1.08303 -0.35797 L   84 
-0.87149  0.75428 -0.38395 B   85 
-1.01922  0.72067 -0.59419 S   85 
-1.14826  0.59674 -0.24102 B   86 
-1.33421  0.74717 -0.25329 S   86 
-1.07173  0.40102 -0.46394 B   87 
-1.22671  0.26183 -0.66904 D   87 
-0.84340  0.12557 -0.41922 B   88 
-0.87052  0.05107 -0.16348 I   88 
-0.79378 -0.02188 -0.68735 B   89 
-1.02919 -0.06327 -0.80284 T   89 
-0.52703  0.10830 -0.78035 B   90 
-0.58071  0.30289 -0.86096 A   90 
-0.35254  0.03800 -0.53180 B   91 
-0.38928  0.26271 -0.37859 S   91 
-0.39105 -0.26559 -0.54297 B   92 
-0.61030 -0.34436 -0.42278 V   92 
-0.28574 -0.32546 -0.82491 B   93 
-0.57949 -0.33047 -0.98883 N   93 
-0.01104 -0.19940 -0.76047 B   94 
 0.08183  0.06503 -0.81187 X   94 
 0.06429 -0.36665 -0.51187 B   95 
-0.05655 -0.29117 -0.35049 A   95 
 0.06943 -0.63960 -0.65639 B   96 
-0.38039 -0.75966 -0.66844 K   96 
 0.32076 -0.55820 -0.82170 B   97 
 0.21052 -0.39589 -1.15310 K   97 
 0.51498 -0.49050 -0.59147 B   98 
 0.45906 -0.19596 -0.51211 I   98 
 0.50976 -0.77034 -0.43453 B   99 
 0.32714 -0.82226 -0.30122 V   99 
 0.61031 -0.91728 -0.71795 B   100 
 0.35937 -0.97347 -0.76991 S   100 
 0.91329 -0.79087 -0.75449 B   101 
 0.98267 -0.52897 -0.81769 D   101 
 1.09215 -0.97251 -0.49475 B   102 
 1.07221 -0.82955 -0.18425 B   103 
 1.34465 -0.68049 -0.27818 N   103 
 0.80076 -0.80272 -0.13296 B   104 
 0.69772 -0.62508  0.15487 B   105 
 0.33215 -0.71284  0.26645 M   105 
 0.98050 -0.47393  0.17917 B   106 
 1.12063 -0.74889  0.29805 N   106 
 0.88833 -0.22695  0.00831 B   107 
 0.83281 -0.31401 -0.17356 A   107 
 0.76384 -0.16249  0.29260 B   108 
 0.40053 -0.19959  0.00128 W   108 
 0.90951 -0.00085  0.54311 B   109 
 1.07821  0.17321  0.46063 V   109 
 0.68122 -0.01719  0.75662 B   110 
 0.55500  0.15211  0.71925 A   110 
 0.64576 -0.31942  0.74476 B   111 
 0.57171 -0.66233  0.57584 W   111 
 0.93511 -0.40722  0.81340 B   112 
 1.29380 -0.29680  0.61985 R   112 
 0.96130 -0.21650  1.08551 B   113 
 1.20029 -0.04450  0.94915 N   113 
 0.63211 -0.28800  1.20042 B   114 
 0.56540  0.20394  1.27732 R   114 
 0.52416 -0.58816  1.08491 B   115 
 0.32354 -0.38260  0.94676 X   115 
 0.74374 -0.77164  1.06499 B   116 
 1.03649 -0.88723  0.75033 K   116 
 0.71873 -1.04312  1.29286 B   117 
 0.43584 -0.99087  1.37182 B   118 
 0.45033 -0.73373  1.40433 T   118 
 0.09662 -0.98636  1.48020 B   119 
-0.05282 -1.17332  1.63804 D   119 
-0.09818 -0.92750  1.20628 B   120 
 0.08570 -0.93658  1.03725 V   120 
-0.37539 -1.04705  1.28960 B   121 
-0.28831 -1.45422  1.30272 Q   121 
-0.45698 -0.80564  1.47421 B   122 
-0.31502 -0.80648  1.62520 A   122 
-0.56066 -0.62784  1.22049 B   123 
-0.23046 -0.36048  1.27530 W   123 
-0.83837 -0.83291  1.19795 B   124 
-0.74736 -0.95533  0.97660 I   124 
-0.97169 -0.81081  1.44489 B   125 
-0.60682 -1.09009  1.68416 R   125 
-1.32599 -0.80984  1.45384 B   126 
-1.35585 -0.88569  1.16286 B   127 
-1.16674 -0.63381  1.09093 X   127 
-1.59309 -0.94215  0.89171 B   128 
-1.84446 -1.25668  0.94031 R   128 
-1.47357 -1.23814  0.69134 B   129 
-1.28186 -1.06318  0.68012 L   129 
