246 
-0.43359  0.93724  0.84882 B   1 
-0.81075  0.77984  0.94480 K   1 
-0.41021  0.73072  1.14068 B   2 
-0.17377  0.79308  1.22656 V   2 
-0.42926  0.41100  1.16499 B   3 
-0.69057  0.39662  0.81941 F   3 
-0.53267  0.13984  1.29066 B   4 
-0.49248 -0.17736  1.26764 B   5 
-0.30010 -0.49659  1.49277 R   5 
-0.79228 -0.28515  1.28703 B   6 
-0.76559 -0.46972  1.53921 X   6 
-0.89759 -0.05462  1.10710 B   7 
-0.93336  0.32314  1.19888 E   7 
-0.74342 -0.12220  0.84749 B   8 
-0.48189  0.00060  0.74440 L   8 
-0.82881 -0.41376  0.81370 B   9 
-0.72500 -0.52641  0.96763 A   9 
-1.12605 -0.35199  0.77744 B   10 
-1.20154 -0.29901  0.97574 A   10 
-1.09830 -0.17119  0.52708 B   11 
-1.04659  0.02603  0.60048 A   11 
-0.93938 -0.37038  0.35095 B   12 
-0.52613 -0.28698  0.43383 M   12 
-1.15901 -0.58064  0.35352 B   13 
-1.25953 -0.89674  0.63312 K   13 
-1.39764 -0.42730  0.24112 B   14 
-1.53856 -0.00666  0.34008 R   14 
-1.21058 -0.36639 -0.02363 B   15 
-1.21038  0.01253  0.06587 H   15 
-1.09041 -0.67776 -0.08753 B   16 
-0.78179 -0.76722  0.01473 B   17 
-0.64275 -0.47659 -0.02331 L   17 
-0.85114 -1.03043  0.11705 B   18 
-0.88609 -1.16246  0.39217 D   18 
-0.68743 -1.25148 -0.08318 B   19 
-0.80962 -1.43804  0.14896 N   19 
-0.56260 -1.08221 -0.28226 B   20 
-0.70466 -0.78067 -0.57227 Y   20 
-0.39107 -1.26066 -0.49547 B   21 
-0.48297 -1.07299 -0.92195 R   21 
-0.32953 -1.44707 -0.21731 B   22 
-0.32795 -1.21393  0.00776 B   23 
 0.07106 -1.15515 -0.23440 Y   23 
-0.34934 -1.18791  0.30949 B   24 
-0.28990 -1.36191  0.45473 S   24 
-0.43591 -0.94190  0.51785 B   25 
-0.71823 -0.83945  0.60926 L   25 
-0.16645 -0.93887  0.68570 B   26 
 0.01336 -0.83838  0.45496 B   27 
 0.08707 -1.14281  0.32930 N   27 
-0.11451 -0.56109  0.41440 B   28 
-0.27922 -0.65663  0.01095 W   28 
-0.07652 -0.46008  0.70260 B   29 
-0.27767 -0.51784  0.85681 V   29 
 0.22626 -0.50129  0.71356 B   30 
 0.38834 -0.71991  0.76749 X   30 
 0.29834 -0.31082  0.48383 B   31 
 0.25014 -0.41794  0.29930 A   31 
 0.17027 -0.05075  0.59194 B   32 
-0.04182 -0.06752  0.55952 A   32 
 0.33991 -0.04048  0.84716 B   33 
 0.37400 -0.09485  1.18225 K   33 
 0.63732 -0.03157  0.68933 B   34 
 0.72498 -0.35408  0.92875 F   34 
 0.56751  0.20489  0.48521 B   35 
 0.60342  0.00729  0.19617 E   35 
 0.36774  0.41922  0.68709 B   36 
 0.19206  0.40952  0.55230 S   36 
 0.24811  0.35402  0.96804 B   37 
 0.42225  0.38149  1.19430 N   37 
-0.06259  0.41211  0.88992 B   38 
-0.06417  0.04051  1.07072 F   38 
-0.00355  0.67694  0.70062 B   39 
 0.07595  0.93206  0.83833 N   39 
-0.16597  0.85276  0.44975 B   40 
-0.40602  0.83279  0.51393 T   40 
 0.05444  1.11044  0.44815 B   41 
-0.17073  1.39011  0.62270 Q   41 
 0.28757  0.95795  0.34753 B   42 
 0.34685  0.81565  0.49220 A   42 
 0.61042  1.07850  0.22678 B   43 
 0.48538  1.26783  0.13506 T   43 
 0.87383  0.97376 -0.01813 B   44 
 0.88551  0.82558  0.28497 N   44 
 1.17019  1.03365 -0.14276 B   45 
 1.16499  1.43835 -0.44813 R   45 
 1.34235  0.93993 -0.42834 B   46 
 1.10938  0.69017 -0.40235 N   46 
 1.63261  0.90880 -0.59720 B   47 
 1.81726  0.77075 -0.48054 T   47 
 1.46559  0.92717 -0.88620 B   48 
 1.30248  0.71807 -0.88965 D   48 
 1.24053  1.16843 -0.79360 B   49 
 1.03209  1.03195 -0.68371 B   50 
 0.98706  0.80926 -0.77746 S   50 
 0.72132  0.93754 -0.49355 B   51 
 0.76091  1.18307 -0.38280 T   51 
 0.58020  0.82129 -0.20404 B   52 
 0.75346  0.52854 -0.25098 D   52 
 0.22950  0.73054 -0.13026 B   53 
 0.32077  1.13973 -0.36472 Y   53 
 0.08754  0.66152  0.15082 B   54 
 0.00238  0.36054  0.31390 B   55 
-0.23309  0.32717  0.44568 I   55 
 0.15840  0.21115  0.03612 B   56 
-0.05632 -0.02532  0.07211 L   56 
 0.37272  0.36466 -0.11525 B   57 
 0.53465  0.53417  0.13873 Q   57 
 0.29426  0.49370 -0.38801 B   58 
 0.03119  0.34205 -0.45024 I   58 
 0.44669  0.55162 -0.69088 B   59 
 0.74470  0.52439 -0.74795 N   59 
 0.50667  0.82609 -0.92756 B   60 
 0.59466  0.99770 -0.80370 S   60 
 0.63633  0.67047 -1.18273 B   61 
 1.05739  0.74884 -1.21706 R   61 
 0.36164  0.46806 -1.22084 B   62 
 0.72608  0.21570 -1.32740 W   62 
 0.07186  0.54121 -1.05108 B   63 
 0.19760  0.12421 -1.00293 W   63 
 0.10514  0.86100 -1.00067 B   64 
 0.07452  0.86384 -0.74236 X   64 
 0.04394  1.21700 -1.00161 B   65 
 0.06141  1.37729 -1.25105 N   65 
 0.27316  1.50910 -0.89811 B   66 
 0.47533  1.35757 -0.80410 D   66 
 0.42161  1.70211 -1.12405 B   67 
 0.75694  1.58527 -1.05001 B   68 
 0.81265  1.64633 -0.58342 R   68 
 0.78053  1.31241 -1.25448 B   69 
 0.76475  1.16755 -1.04472 T   69 
 0.96276  1.22217 -1.48718 B   70 
 1.10850  1.36678 -1.42707 P   70 
 0.83656  0.96812 -1.67385 B   71 
 0.55382  0.92106 -1.58860 B   72 
 0.50467  1.06794 -1.40838 S   72 
 0.23316  0.71415 -1.57936 B   73 
 0.33735  0.48927 -1.83675 R   73 
-0.03790  0.68405 -1.41566 B   74 
-0.17995  0.90580 -1.32292 N   74 
-0.19566  0.39191 -1.38803 B   75 
 0.05507  0.22480 -1.50624 L   75 
-0.42468  0.48853 -1.16706 B   76 
-0.29500  0.30211 -0.95509 X   76 
-0.53352  0.75731 -1.24361 B   77 
-0.66388  0.82105 -1.47465 N   77 
-0.39110  0.96705 -1.01634 B   78 
-0.57149  0.82869 -0.82925 I   78 
-0.34632  1.17512 -0.78124 B   79 
-0.50116  1.30474 -0.83514 P   79 
-0.12780  1.13617 -0.53108 B   80 
 0.13895  1.08570 -0.69254 X   80 
-0.30863  1.28355 -0.31551 B   81 
-0.34714  1.49443 -0.42280 S   81 
-0.53151  1.06306 -0.30229 B   82 
-0.62337  1.06751 -0.49165 A   82 
-0.32238  0.87451 -0.13339 B   83 
-0.21054  0.70460 -0.38981 L   83 
-0.37777  1.07572  0.14204 B   84 
-0.08444  1.19193  0.04873 L   84 
-0.63799  1.00897  0.22538 B   85 
-0.86209  1.07482  0.11313 S   85 
-0.86427  0.88078  0.45821 B   86 
-0.97468  1.06506  0.56409 S   86 
-0.96019  0.75067  0.19797 B   87 
-1.22413  0.71878  0.07642 D   87 
-0.84300  0.43131  0.07845 B   88 
-0.78361  0.29022  0.29811 I   88 
-0.96415  0.36567 -0.19924 B   89 
-1.22481  0.41481 -0.18856 T   89 
-0.73462  0.45550 -0.38896 B   90 
-0.74749  0.67222 -0.39949 A   90 
-0.50724  0.27579 -0.27420 B   91 
-0.39730  0.44523 -0.08839 S   91 
-0.64757  0.00661 -0.31446 B   92 
-0.80824 -0.05444 -0.11652 V   92 
-0.69791  0.01394 -0.61707 B   93 
-1.01563  0.12449 -0.61303 N   93 
-0.39688  0.05010 -0.67689 B   94 
-0.25045  0.29008 -0.72331 X   94 
-0.28586 -0.19742 -0.52904 B   95 
-0.29397 -0.15003 -0.31920 A   95 
-0.43513 -0.40718 -0.69974 B   96 
-0.85939 -0.41496 -0.50780 K   96 
-0.26555 -0.33702 -0.95161 B   97 
-0.44244 -0.06104 -1.15379 K   97 
 0.01765 -0.38771 -0.83965 B   98 
 0.10416 -0.12680 -0.69604 I   98 
-0.01591 -0.69363 -0.74880 B   99 
-0.13112 -0.74195 -0.55334 V   99 
-0.10049 -0.76542 -1.06459 B   100 
-0.35253 -0.74595 -0.99440 S   100 
 0.18199 -0.70436 -1.22457 B   101 
 0.30284 -0.45791 -1.26991 D   101 
 0.37988 -0.99157 -1.12064 B   102 
 0.54229 -0.94961 -0.82213 B   103 
 0.78265 -0.84327 -1.01236 N   103 
 0.34466 -0.88025 -0.64002 B   104 
 0.43943 -0.78083 -0.31421 B   105 
 0.14901 -0.81514 -0.05292 M   105 
 0.73891 -0.71098 -0.40819 B   106 
 0.81326 -1.03297 -0.42077 N   106 
 0.67353 -0.40964 -0.46826 B   107 
 0.52074 -0.42239 -0.61050 A   107 
 0.71028 -0.40918 -0.15342 B   108 
 0.26957 -0.27401 -0.22916 W   108 
 0.99312 -0.36832  0.01520 B   109 
 1.15953 -0.21934 -0.10998 V   109 
 0.88532 -0.39806  0.30754 B   110 
 0.82101 -0.20189  0.36560 A   110 
 0.74773 -0.66646  0.26543 B   111 
 0.49780 -0.91598  0.10150 W   111 
 0.99011 -0.83287  0.16696 B   112 
 1.24799 -0.75101 -0.15726 R   112 
 1.19143 -0.74519  0.41773 B   113 
 1.39361 -0.59723  0.21151 N   113 
 0.93854 -0.77352  0.66657 B   114 
 1.08206 -0.32667  0.84572 R   114 
 0.69708 -0.99227  0.57200 B   115 
 0.54015 -0.71523  0.58660 X   115 
 0.81101 -1.20477  0.41663 B   116 
 0.88563 -1.28058 -0.01553 K   116 
 0.79347 -1.52023  0.57920 B   117 
 0.60649 -1.43325  0.79475 B   118 
 0.71979 -1.20827  0.85748 T   118 
 0.36826 -1.38699  1.05541 B   119 
 0.24536 -1.57520  1.23337 D   119 
 0.10924 -1.20562  0.92713 B   120 
 0.18975 -1.20316  0.69053 V   120 
-0.12955 -1.28032  1.11548 B   121 
-0.18926 -1.68069  1.01707 Q   121 
-0.03845 -1.09508  1.35296 B   122 
 0.14416 -1.17345  1.41179 A   122 
-0.17189 -0.82993  1.21646 B   123 
 0.21983 -0.67229  1.14418 W   123 
-0.48470 -0.95139  1.30062 B   124 
-0.54286 -1.01731  1.04657 I   124 
-0.48549 -0.97680  1.58097 B   125 
-0.17294 -1.38940  1.55967 R   125 
-0.77941 -0.90009  1.76355 B   126 
-0.95268 -0.87483  1.51727 B   127 
-0.73820 -0.66153  1.40377 X   127 
-1.28545 -0.79169  1.39340 B   128 
-1.58342 -1.04207  1.50742 R   128 
-1.36984 -1.03107  1.11480 B   129 
-1.15380 -0.90812  1.03929 L   129 
