246 
 0.25009  0.60683 -1.16452 B   1 
 0.22997  0.27754 -1.42414 K   1 
-0.08267  0.57103 -1.29246 B   2 
-0.18742  0.79732 -1.22180 V   2 
-0.30367  0.34839 -1.22344 B   3 
 0.00835  0.05894 -1.14109 F   3 
-0.52437  0.13340 -1.29473 B   4 
-0.73640 -0.06246 -1.15529 B   5 
-1.16700 -0.08252 -1.09377 R   5 
-0.70456 -0.32978 -1.32677 B   6 
-0.99867 -0.36055 -1.43129 X   6 
-0.39554 -0.29816 -1.33752 B   7 
-0.18877 -0.03722 -1.54138 E   7 
-0.33452 -0.32046 -1.03501 B   8 
-0.28816 -0.09398 -0.83336 L   8 
-0.47404 -0.58592 -0.97581 B   9 
-0.68740 -0.54633 -0.98389 A   9 
-0.29479 -0.75324 -1.15847 B   10 
-0.35684 -0.70710 -1.36303 A   10 
-0.02541 -0.68816 -1.01940 B   11 
 0.03906 -0.49721 -1.09902 A   11 
-0.10711 -0.77129 -0.73240 B   12 
-0.26434 -0.41371 -0.55349 M   12 
-0.16376 -1.05994 -0.80940 B   13 
-0.51373 -1.25661 -0.97386 K   13 
 0.10235 -1.14913 -0.92906 B   14 
 0.37376 -0.92697 -1.21815 R   14 
 0.23946 -1.06370 -0.64150 B   15 
 0.43455 -0.77867 -0.82120 H   15 
 0.02645 -1.21471 -0.42402 B   16 
-0.21774 -1.03851 -0.27227 B   17 
-0.05377 -0.75980 -0.24623 L   17 
-0.43143 -1.23249 -0.30781 B   18 
-0.68135 -1.26167 -0.48397 D   18 
-0.51417 -1.33464  0.00600 B   19 
-0.73922 -1.47218 -0.17856 N   19 
-0.32274 -1.19703  0.17417 B   20 
 0.11801 -1.17522  0.19600 Y   20 
-0.37186 -1.26896  0.48904 B   21 
 0.06076 -1.33273  0.67432 R   21 
-0.69725 -1.26981  0.38891 B   22 
-0.68626 -1.04163  0.15907 B   23 
-0.64696 -0.80939  0.56629 Y   23 
-0.85319 -0.94619 -0.07588 B   24 
-1.08468 -0.98054 -0.08720 S   24 
-0.78886 -0.77314 -0.35399 B   25 
-0.66977 -0.86392 -0.62992 L   25 
-0.99818 -0.54018 -0.30201 B   26 
-0.85361 -0.42230 -0.05528 B   27 
-1.00462 -0.61842  0.17415 N   27 
-0.59366 -0.33144 -0.19332 B   28 
-0.33612 -0.62928  0.01643 W   28 
-0.72500 -0.14955 -0.40396 B   29 
-0.78404 -0.27594 -0.62332 V   29 
-0.87656  0.02771 -0.20622 B   30 
-1.11922  0.00364 -0.07389 X   30 
-0.63105  0.13522 -0.05649 B   31 
-0.56598 -0.02602  0.07623 A   31 
-0.47735  0.25958 -0.29447 B   32 
-0.38579  0.09684 -0.40145 A   32 
-0.69898  0.45754 -0.37005 B   33 
-0.96218  0.54549 -0.56853 K   33 
-0.70740  0.61382 -0.07181 B   34 
-1.10879  0.52604 -0.08605 F   34 
-0.39273  0.66576 -0.04468 B   35 
-0.35375  0.46723  0.24333 E   35 
-0.30158  0.73980 -0.38056 B   36 
-0.15406  0.57492 -0.39415 S   36 
-0.47797  0.70136 -0.63531 B   37 
-0.67141  0.90518 -0.69284 N   37 
-0.26925  0.50981 -0.79580 B   38 
-0.63140  0.31126 -0.81034 F   38 
 0.00500  0.67150 -0.70583 B   39 
 0.05622  0.93996 -0.83104 N   39 
 0.34495  0.60619 -0.68597 B   40 
 0.38357  0.45208 -0.87807 T   40 
 0.43226  0.92789 -0.62374 B   41 
 0.59418  1.02107 -0.97656 Q   41 
 0.30476  0.94902 -0.35724 B   42 
 0.09478  0.93594 -0.37801 A   42 
 0.33717  1.20948 -0.10336 B   43 
 0.57011  1.22682 -0.17638 T   43 
 0.32180  1.23927  0.26976 B   44 
 0.02524  1.23876  0.10848 N   44 
 0.32656  1.43964  0.52817 B   45 
 0.79284  1.61817  0.61628 R   45 
 0.37978  1.40365  0.86854 B   46 
 0.28704  1.08641  0.77863 N   46 
 0.35451  1.52459  1.18234 B   47 
 0.11674  1.58947  1.25991 T   47 
 0.61576  1.33755  1.27465 B   48 
 0.54184  1.08556  1.23755 D   48 
 0.80436  1.37969  0.99166 B   49 
 0.72401  1.18141  0.82321 B   50 
 0.65299  0.97139  0.92931 S   50 
 0.66005  0.96794  0.51991 B   51 
 0.73752  1.19504  0.39129 T   51 
 0.45251  0.88309  0.26111 B   52 
 0.22055  0.78531  0.49468 D   52 
 0.48069  0.60998  0.01353 B   53 
 0.86740  0.87753  0.11156 Y   53 
 0.31031  0.55410 -0.25436 B   54 
 0.03882  0.34242 -0.33131 B   55 
 0.02361  0.20287 -0.56417 I   55 
 0.05625  0.26021  0.01038 B   56 
-0.04108 -0.03278 -0.07906 L   56 
 0.17212  0.46135  0.20667 B   57 
 0.06028  0.76204  0.07808 Q   57 
 0.46242  0.41356  0.30985 B   58 
 0.50293  0.11603  0.23297 I   58 
 0.63527  0.46224  0.60324 B   59 
 0.53826  0.62509  0.84174 N   59 
 0.94581  0.61666  0.72435 B   60 
 0.94698  0.82978  0.64002 S   60 
 0.95486  0.51953  1.03520 B   61 
 0.86606  0.84317  1.30349 R   61 
 0.95069  0.18709  0.94947 B   62 
 0.70970  0.22610  1.33451 W   62 
 1.00317  0.09532  0.62242 B   63 
 0.64619 -0.08962  0.79671 W   63 
 1.17103  0.35029  0.50960 B   64 
 1.01995  0.41057  0.30661 X   64 
 1.43231  0.55121  0.36179 B   65 
 1.69143  0.59576  0.49997 N   65 
 1.47206  0.93423  0.34474 B   66 
 1.23299  0.99472  0.45363 D   66 
 1.68729  1.09555  0.53964 B   67 
 1.43255  1.26235  0.73678 B   68 
 1.15393  1.48331  0.42359 R   68 
 1.37224  1.03023  0.98030 B   69 
 1.14805  0.98520  0.86651 T   69 
 1.39014  1.01946  1.28862 B   70 
 1.39168  1.23331  1.29445 P   70 
 1.38893  0.70565  1.41837 B   71 
 1.41258  0.51108  1.19253 B   72 
 1.41439  0.63311  0.98863 S   72 
 1.39298  0.15937  1.04544 B   73 
 1.36720 -0.00252  1.36293 R   73 
 1.37335  0.00804  0.76635 B   74 
 1.51676  0.09233  0.54211 N   74 
 1.22226 -0.28736  0.73621 B   75 
 1.08944 -0.26979  1.03086 L   75 
 1.23418 -0.30703  0.40442 B   76 
 0.92466 -0.28263  0.39448 X   76 
 1.50407 -0.22024  0.30656 B   77 
 1.74436 -0.33431  0.36729 N   77 
 1.44360  0.08664  0.17206 B   78 
 1.30190 -0.07068 -0.03253 I   78 
 1.41479  0.32965 -0.02965 B   79 
 1.59537  0.29807 -0.13000 P   79 
 1.14470  0.52521 -0.05538 B   80 
 1.11094  0.61957  0.24417 X   80 
 1.17523  0.57054 -0.36828 B   81 
 1.39898  0.65549 -0.38181 S   81 
 1.10622  0.27602 -0.45173 B   82 
 1.26555  0.16003 -0.37771 A   82 
 0.79203  0.33882 -0.37997 B   83 
 0.79925  0.21971 -0.07520 L   83 
 0.77166  0.52267 -0.67187 B   84 
 0.79509  0.76885 -0.45485 L   84 
 0.77472  0.32914 -0.87597 B   85 
 0.97687  0.19022 -0.95957 S   85 
 0.62835  0.16209 -1.14525 B   86 
 0.72618  0.24601 -1.34710 S   86 
 0.74488 -0.06971 -0.98232 B   87 
 0.90332 -0.30449 -1.05465 D   87 
 0.56320 -0.24511 -0.72495 B   88 
 0.30613 -0.23442 -0.79904 I   88 
 0.74355 -0.45522 -0.58559 B   89 
 0.87029 -0.59240 -0.77424 T   89 
 0.83562 -0.29891 -0.33292 B   90 
 0.99160 -0.16338 -0.40033 A   90 
 0.55479 -0.23444 -0.21398 B   91 
 0.50650  0.01074 -0.32745 S   91 
 0.45555 -0.52331 -0.19208 B   92 
 0.35077 -0.61161 -0.41556 V   92 
 0.67300 -0.64418 -0.01244 B   93 
 0.86693 -0.77969 -0.25163 N   93 
 0.61879 -0.43706  0.21042 B   94 
 0.75153 -0.19041  0.26268 X   94 
 0.31672 -0.48621  0.25273 B   95 
 0.21751 -0.39541  0.08463 A   95 
 0.34373 -0.78041  0.34288 B   96 
 0.38021 -1.01013 -0.06060 K   96 
 0.48555 -0.69643  0.60736 B   97 
 0.86671 -0.68844  0.55277 K   97 
 0.27081 -0.50786  0.72414 B   98 
 0.31941 -0.22900  0.59744 I   98 
 0.02216 -0.71052  0.73264 B   99 
-0.09016 -0.76060  0.53594 V   99 
 0.20858 -0.91203  0.92413 B   100 
 0.27426 -1.04549  0.70802 S   100 
 0.24203 -0.73091  1.19834 B   101 
 0.38828 -0.49659  1.23155 D   101 
-0.09204 -0.76248  1.33922 B   102 
-0.31741 -0.53460  1.21868 B   103 
-0.21822 -0.36001  1.47353 N   103 
-0.31098 -0.56373  0.94274 B   104 
-0.48934 -0.33357  0.74215 B   105 
-0.56655 -0.47091  0.38303 M   105 
-0.49872 -0.11500  0.97783 B   106 
-0.73382 -0.28815  1.13311 N   106 
-0.23449  0.02793  0.88597 B   107 
-0.09311 -0.12602  0.89317 A   107 
-0.44929  0.14876  0.68664 B   108 
-0.14048 -0.07638  0.41797 W   108 
-0.63910  0.41661  0.73497 B   109 
-0.52441  0.59070  0.88362 V   109 
-0.80372  0.41364  0.46877 B   110 
-0.68529  0.52182  0.32644 A   110 
-0.90231  0.12657  0.49349 B   111 
-0.86715 -0.25975  0.52698 W   111 
-1.04404  0.14507  0.76865 B   112 
-0.88242  0.27384  1.13691 R   112 
-1.22355  0.41542  0.69258 B   113 
-1.07167  0.58796  0.92162 N   113 
-1.30336  0.30338  0.36431 B   114 
-1.17570  0.75752  0.19160 R   114 
-1.29524 -0.03522  0.34470 B   115 
-1.05941  0.05291  0.14923 X   115 
-1.38165 -0.15107  0.59247 B   116 
-1.18524 -0.28464  0.96884 K   116 
-1.68861 -0.32766  0.56339 B   117 
-1.69590 -0.32750  0.26517 B   118 
-1.62998 -0.07985  0.22377 T   118 
-1.73927 -0.37544 -0.08506 B   119 
-1.93057 -0.53110 -0.23124 D   119 
-1.43647 -0.46402 -0.21509 B   120 
-1.31501 -0.48081  0.00270 V   120 
-1.51401 -0.61663 -0.47734 B   121 
-1.69466 -0.95865 -0.32264 Q   121 
-1.57745 -0.35751 -0.64421 B   122 
-1.73780 -0.27106 -0.54542 A   122 
-1.26221 -0.30789 -0.71424 B   123 
-1.26268  0.03850 -0.46217 W   123 
-1.27576 -0.57342 -0.93558 B   124 
-1.13506 -0.73450 -0.77272 I   124 
-1.47126 -0.50573 -1.12647 B   125 
-1.85326 -0.58427 -0.78547 R   125 
-1.42298 -0.59393 -1.46633 B   126 
-1.18199 -0.76743 -1.41031 B   127 
-1.05054 -0.51398 -1.25909 X   127 
-0.91888 -0.97063 -1.56022 B   128 
-1.04305 -1.30480 -1.75356 R   128 
-0.86784 -1.27461 -1.34335 B   129 
-0.82137 -1.06996 -1.19021 L   129 
