246 
-0.02117  0.65402  1.16564 B   1 
-0.28470  0.40906  1.38192 K   1 
 0.16245  0.40508  1.34644 B   2 
 0.40408  0.49617  1.32445 V   2 
 0.18400  0.08929  1.29173 B   3 
-0.21360  0.08837  1.11902 F   3 
 0.18008 -0.21582  1.37480 B   4 
 0.22857 -0.50838  1.25307 B   5 
 0.53306 -0.81926  1.26874 R   5 
-0.01094 -0.67571  1.38159 B   6 
 0.15379 -0.89540  1.53315 X   6 
-0.21063 -0.44120  1.33988 B   7 
-0.22559 -0.10251  1.53345 E   7 
-0.20323 -0.42631  1.03093 B   8 
-0.03998 -0.23642  0.85374 L   8 
-0.27026 -0.71733  0.96572 B   9 
-0.09442 -0.83390  1.01722 A   9 
-0.54921 -0.71063  1.09073 B   10 
-0.51862 -0.71224  1.30726 A   10 
-0.66588 -0.48399  0.91419 B   11 
-0.60031 -0.29789  1.00374 A   11 
-0.60179 -0.61042  0.63875 B   12 
-0.21124 -0.46314  0.53690 M   12 
-0.77255 -0.85704  0.68853 B   13 
-0.69289 -1.23384  0.88822 K   13 
-1.04676 -0.73619  0.74595 B   14 
-1.15200 -0.37869  1.00615 R   14 
-1.02397 -0.59021  0.45106 B   15 
-1.00921 -0.24277  0.62616 H   15 
-0.92770 -0.85343  0.25891 B   16 
-0.60352 -0.89694  0.17694 B   17 
-0.52641 -0.58250  0.15618 L   17 
-0.59053 -1.18318  0.22646 B   18 
-0.47151 -1.36904  0.44008 D   18 
-0.53268 -1.32512 -0.07729 B   19 
-0.50598 -1.57276  0.12664 N   19 
-0.53910 -1.09982 -0.25912 B   20 
-0.83152 -0.78363 -0.35773 Y   20 
-0.48448 -1.19680 -0.56627 B   21 
-0.79329 -0.95427 -0.83343 R   21 
-0.27655 -1.41618 -0.40962 B   22 
-0.18065 -1.23421 -0.15921 B   23 
 0.03603 -1.05208 -0.53496 Y   23 
-0.04928 -1.27042  0.11209 B   24 
 0.08894 -1.45321  0.16091 S   24 
-0.03867 -1.09056  0.39311 B   25 
-0.24380 -1.06586  0.62947 L   25 
 0.27739 -1.06537  0.40915 B   26 
 0.30788 -0.88920  0.15674 B   27 
 0.33253 -1.14341 -0.06388 N   27 
 0.15516 -0.64057  0.25545 B   28 
-0.18193 -0.68926 -0.03270 W   28 
 0.32478 -0.59024  0.50725 B   29 
 0.23398 -0.71517  0.71637 V   29 
 0.59410 -0.57131  0.36373 B   30 
 0.77828 -0.75921  0.27570 X   30 
 0.52518 -0.33039  0.18636 B   31 
 0.39945 -0.40820  0.02515 A   31 
 0.44850 -0.12641  0.40598 B   32 
 0.25106 -0.17889  0.47364 A   32 
 0.72208 -0.13074  0.54439 B   33 
 0.92444 -0.23943  0.79667 K   33 
 0.89781 -0.03283  0.27425 B   34 
 1.11966 -0.37052  0.35017 F   34 
 0.71600  0.21905  0.19708 B   35 
 0.61730  0.09082 -0.11549 E   35 
 0.62850  0.34700  0.51735 B   36 
 0.41029  0.32793  0.48347 S   36 
 0.67223  0.20733  0.79317 B   37 
 0.93372  0.22591  0.90956 N   37 
 0.36092  0.21571  0.88821 B   38 
 0.48044 -0.17599  0.94361 F   38 
 0.29515  0.51787  0.77061 B   39 
 0.41235  0.75306  0.91661 N   39 
 0.01501  0.70172  0.68146 B   40 
-0.15761  0.62234  0.84283 T   40 
 0.18312  0.99389  0.64462 B   41 
 0.05477  1.18473  0.97094 Q   41 
 0.34531  0.91296  0.41037 B   42 
 0.48057  0.76072  0.46713 A   42 
 0.55261  1.11630  0.18895 B   43 
 0.38365  1.29059  0.22005 T   43 
 0.66440  1.11457 -0.16860 B   44 
 0.83891  0.91725  0.04252 N   44 
 0.85182  1.25502 -0.39683 B   45 
 0.66112  1.70069 -0.54539 R   45 
 0.86374  1.25329 -0.74300 B   46 
 0.69647  0.96162 -0.67762 N   46 
 1.03099  1.31336 -1.02963 B   47 
 1.25966  1.19560 -1.05413 T   47 
 0.74035  1.35212 -1.19020 B   48 
 0.61510  1.11908 -1.17170 D   48 
 0.57393  1.52152 -0.94315 B   49 
 0.46088  1.32783 -0.78871 B   50 
 0.39285  1.12241 -0.90525 S   50 
 0.29680  1.13894 -0.50754 B   51 
 0.36687  1.36202 -0.36809 T   51 
 0.33046  0.94428 -0.22786 B   52 
 0.47943  0.70639 -0.42569 D   52 
 0.07316  0.77288 -0.02515 B   53 
 0.00077  1.22880 -0.15795 Y   53 
 0.09804  0.62504  0.26024 B   54 
 0.13105  0.28785  0.35846 B   55 
-0.00253  0.18375  0.57117 I   55 
 0.13748  0.22790  0.01178 B   56 
-0.01012 -0.04923  0.08054 L   56 
 0.23335  0.44697 -0.17592 B   57 
 0.48687  0.59443  0.00696 Q   57 
 0.01818  0.60680 -0.33517 B   58 
-0.22728  0.42007 -0.30426 I   58 
-0.00777  0.75017 -0.64677 B   59 
 0.22210  0.79443 -0.84175 N   59 
-0.09735  1.07072 -0.80223 B   60 
 0.02690  1.22995 -0.69387 S   60 
-0.10171  0.99523 -1.11914 B   61 
 0.23697  1.16138 -1.32481 R   61 
-0.34096  0.75282 -1.07579 B   62 
-0.06076  0.60330 -1.40287 W   62 
-0.51071  0.73308 -0.77756 B   63 
-0.34477  0.34828 -0.90564 W   63 
-0.48241  1.03767 -0.66649 B   64 
-0.37898  0.98552 -0.43358 X   64 
-0.56416  1.36786 -0.54492 B   65 
-0.68757  1.57254 -0.72126 N   65 
-0.33834  1.67504 -0.48821 B   66 
-0.10491  1.55211 -0.54357 D   66 
-0.33986  1.93297 -0.69751 B   67 
-0.00470  1.87383 -0.82300 B   68 
 0.27317  1.85562 -0.43960 R   68 
-0.06538  1.65482 -1.07829 B   69 
 0.03827  1.47279 -0.93214 T   69 
-0.01846  1.64846 -1.38367 B   70 
 0.12556  1.80533 -1.36323 P   70 
-0.20056  1.41419 -1.54878 B   71 
-0.39713  1.29623 -1.35676 B   72 
-0.36052  1.39359 -1.14310 S   72 
-0.65173  1.03135 -1.25312 B   73 
-0.67356  0.88460 -1.57818 R   73 
-0.80012  0.91724 -0.99596 B   74 
-0.89349  1.08448 -0.79282 N   74 
-0.89846  0.59957 -0.97560 B   75 
-0.72880  0.51143 -1.23678 L   75 
-0.99205  0.60489 -0.65650 B   76 
-0.75880  0.41164 -0.58760 X   76 
-1.14582  0.85595 -0.59930 B   77 
-1.37940  0.93473 -0.71624 N   77 
-0.92577  1.04322 -0.41921 B   78 
-0.97568  0.83877 -0.21331 I   78 
-0.78564  1.20785 -0.18720 B   79 
-0.95641  1.31163 -0.12597 P   79 
-0.46859  1.16695 -0.08892 B   80 
-0.31631  1.20232 -0.36338 X   80 
-0.52752  1.23175  0.21640 B   81 
-0.63162  1.44702  0.19948 S   81 
-0.69490  0.97264  0.27398 B   82 
-0.86960  0.99426  0.15853 A   82 
-0.41481  0.80137  0.26876 B   83 
-0.43398  0.70880 -0.04459 L   83 
-0.34001  0.93173  0.57993 B   84 
-0.14395  1.11981  0.39435 L   84 
-0.51658  0.79972  0.75461 B   85 
-0.77118  0.83934  0.78232 S   85 
-0.58377  0.58723  1.02327 B   86 
-0.64029  0.72230  1.21279 S   86 
-0.78682  0.49204  0.81454 B   87 
-1.07252  0.43148  0.82736 D   87 
-0.72047  0.23104  0.57478 B   88 
-0.54747  0.06583  0.69504 I   88 
-0.95920  0.19608  0.38013 B   89 
-1.18203  0.18912  0.52424 T   89 
-0.86443  0.36422  0.13621 B   90 
-0.89823  0.57198  0.19039 A   90 
-0.59659  0.21532  0.07911 B   91 
-0.42210  0.36516  0.22885 S   91 
-0.71594 -0.06397  0.04010 B   92 
-0.74964 -0.19220  0.26625 V   92 
-0.91215 -0.00989 -0.18956 B   93 
-1.19236  0.03201 -0.00813 N   93 
-0.68617  0.09644 -0.37157 B   94 
-0.60285  0.36525 -0.41620 X   94 
-0.49634 -0.14719 -0.36408 B   95 
-0.40152 -0.14286 -0.17086 A   95 
-0.69382 -0.34653 -0.49326 B   96 
-0.96160 -0.47519 -0.13460 K   96 
-0.68033 -0.19758 -0.76667 B   97 
-0.95646  0.07048 -0.78161 K   97 
-0.37625 -0.21074 -0.81833 B   98 
-0.25052  0.03032 -0.66912 I   98 
-0.33481 -0.52871 -0.80651 B   99 
-0.33166 -0.63513 -0.60040 V   99 
-0.56074 -0.55506 -1.05205 B   100 
-0.74382 -0.60007 -0.86960 S   100 
-0.40314 -0.40960 -1.30328 B   101 
-0.34180 -0.13991 -1.33329 D   101 
-0.15748 -0.66571 -1.38397 B   102 
 0.12912 -0.64919 -1.19734 B   103 
 0.23162 -0.46292 -1.44243 N   103 
 0.04517 -0.65646 -0.93289 B   104 
 0.28270 -0.60338 -0.67641 B   105 
 0.16710 -0.74384 -0.32898 M   105 
 0.48744 -0.45852 -0.87764 B   106 
 0.57096 -0.75082 -1.00784 N   106 
 0.37673 -0.17057 -0.81835 B   107 
 0.17471 -0.18658 -0.87004 A   107 
 0.56677 -0.22220 -0.56997 B   108 
 0.13861 -0.16620 -0.39170 W   108 
 0.89171 -0.15810 -0.54960 B   109 
 0.95989  0.04208 -0.69394 V   109 
 0.94848 -0.26345 -0.26038 B   110 
 0.90660 -0.09869 -0.12966 A   110 
 0.83049 -0.54109 -0.30204 B   111 
 0.55301 -0.80009 -0.38879 W   111 
 1.00284 -0.63396 -0.54247 B   112 
 1.05495 -0.44243 -0.91519 R   112 
 1.29521 -0.55668 -0.40229 B   113 
 1.35347 -0.33503 -0.63202 N   113 
 1.20516 -0.68153 -0.08138 B   114 
 1.38288 -0.25699  0.12001 R   114 
 0.96741 -0.92233 -0.10552 B   115 
 0.81746 -0.69017  0.05324 X   115 
 1.00432 -1.07448 -0.34586 B   116 
 0.85710 -1.05087 -0.76520 K   116 
 1.09640 -1.41197 -0.28358 B   117 
 1.03703 -1.40647  0.00871 B   118 
 1.14800 -1.17932  0.06771 T   118 
 0.95955 -1.45889  0.35235 B   119 
 0.95851 -1.69803  0.51048 D   119 
 0.65755 -1.31218  0.41331 B   120 
 0.60753 -1.24904  0.17671 V   120 
 0.55291 -1.46737  0.66439 B   121 
 0.48420 -1.84566  0.50404 Q   121 
 0.73592 -1.31585  0.87070 B   122 
 0.92894 -1.36573  0.81410 A   122 
 0.53109 -1.06191  0.88793 B   123 
 0.81906 -0.81826  0.68486 W   123 
 0.31410 -1.25719  1.07354 B   124 
 0.14149 -1.28427  0.86923 I   124 
 0.45656 -1.33470  1.30363 B   125 
 0.74791 -1.66476  1.03059 R   125 
 0.28941 -1.35426  1.61554 B   126 
 0.01435 -1.31819  1.49572 B   127 
 0.12461 -1.04876  1.35562 X   127 
-0.34098 -1.28152  1.56913 B   128 
-0.51982 -1.60343  1.73903 R   128 
-0.53456 -1.47598  1.31075 B   129 
-0.39658 -1.30027  1.17818 L   129 
