246 
 0.65094  0.28437  1.13239 B   1 
 0.74184 -0.10387  1.26371 K   1 
 0.97319  0.18555  1.01086 B   2 
 1.06576  0.41232  0.92617 V   2 
 1.04717 -0.02836  0.78295 B   3 
 0.68944 -0.25534  0.87471 F   3 
 1.20660 -0.27334  0.66219 B   4 
 1.23814 -0.44151  0.39111 B   5 
 1.52584 -0.48204  0.06679 R   5 
 1.25163 -0.74166  0.49885 B   6 
 1.53155 -0.82582  0.38512 X   6 
 1.02936 -0.68693  0.70912 B   7 
 1.05605 -0.47454  1.03559 E   7 
 0.79662 -0.62002  0.51655 B   8 
 0.69544 -0.34379  0.42957 L   8 
 0.80382 -0.87040  0.34134 B   9 
 0.98138 -0.85361  0.21745 A   9 
 0.73541 -1.06477  0.56723 B   10 
 0.91620 -1.08211  0.68905 A   10 
 0.46206 -0.94048  0.64451 B   11 
 0.50645 -0.77371  0.77555 A   11 
 0.33303 -0.94873  0.36301 B   12 
 0.43280 -0.57122  0.18378 M   12 
 0.35261 -1.25127  0.33972 B   13 
 0.67096 -1.51568  0.20956 K   13 
 0.19902 -1.34587  0.58580 B   14 
 0.21781 -1.18823  1.01169 R   14 
-0.05696 -1.17314  0.46991 B   15 
-0.02994 -0.93210  0.77448 H   15 
-0.06045 -1.27708  0.14639 B   16 
 0.07823 -1.08842 -0.09626 B   17 
 0.00462 -0.79984  0.03238 L   17 
 0.21601 -1.30287 -0.23620 B   18 
 0.50531 -1.40121 -0.26748 D   18 
 0.06716 -1.32208 -0.54154 B   19 
 0.31628 -1.52429 -0.56757 N   19 
-0.14644 -1.12726 -0.52460 B   20 
-0.49127 -1.06133 -0.25636 Y   20 
-0.31432 -1.11427 -0.80455 B   21 
-0.77125 -1.08624 -0.67810 R   21 
-0.00588 -1.17135 -0.93687 B   22 
 0.17814 -1.01480 -0.72090 B   23 
-0.03904 -0.67738 -0.96643 Y   23 
 0.46919 -1.00255 -0.63539 B   24 
 0.64469 -1.05907 -0.77997 S   24 
 0.62793 -0.90729 -0.35761 B   25 
 0.67973 -1.05924 -0.08782 L   25 
 0.81324 -0.68851 -0.49392 B   26 
 0.58378 -0.49523 -0.56919 B   27 
 0.51485 -0.63360 -0.86921 N   27 
 0.48939 -0.42298 -0.28502 B   28 
 0.09520 -0.62794 -0.32538 W   28 
 0.75960 -0.31812 -0.18159 B   29 
 0.90524 -0.50448 -0.07370 V   29 
 0.80022 -0.10764 -0.39963 B   30 
 0.90094 -0.11596 -0.65802 X   30 
 0.54901  0.05809 -0.33899 B   31 
 0.38101 -0.05421 -0.42274 A   31 
 0.60366  0.12563 -0.04205 B   32 
 0.55822 -0.05141  0.07156 A   32 
 0.86613  0.27486 -0.09554 B   33 
 1.20722  0.28140 -0.10013 K   33 
 0.73219  0.50546 -0.30127 B   34 
 1.02645  0.38192 -0.56043 F   34 
 0.48789  0.59053 -0.11276 B   35 
 0.23808  0.48274 -0.33605 E   35 
 0.63669  0.57752  0.21018 B   36 
 0.49215  0.42898  0.28876 S   36 
 0.91446  0.45530  0.28363 B   37 
 1.14600  0.61759  0.23543 N   37 
 0.80443  0.24640  0.50783 B   38 
 1.04209  0.02018  0.25659 F   38 
 0.58001  0.45020  0.64034 B   39 
 0.68050  0.67754  0.80943 N   39 
 0.29239  0.42323  0.83211 B   40 
 0.34037  0.22646  0.97743 T   40 
 0.26618  0.75609  0.89127 B   41 
 0.37561  0.76305  1.27514 Q   41 
 0.20961  0.83802  0.61231 B   42 
 0.37944  0.80119  0.49191 A   42 
 0.09611  1.15986  0.48238 B   43 
-0.03423  1.17712  0.68880 T   43 
-0.10781  1.28922  0.19599 B   44 
 0.21520  1.21827  0.12821 N   44 
-0.21739  1.55230  0.03559 B   45 
-0.58347  1.78874  0.29469 R   45 
-0.47009  1.61578 -0.19265 B   46 
-0.42212  1.27912 -0.23371 N   46 
-0.60898  1.81530 -0.42639 B   47 
-0.45780  1.87760 -0.62645 T   47 
-0.90910  1.68462 -0.35852 B   48 
-0.89129  1.42658 -0.41716 D   48 
-0.87411  1.66419 -0.01824 B   49 
-0.75996  1.42104  0.02642 B   50 
-0.81976  1.24268 -0.13174 S   50 
-0.58145  1.12787  0.18082 B   51 
-0.50901  1.31700  0.36276 T   51 
-0.28866  0.95733  0.23017 B   52 
-0.27440  0.90710 -0.10923 D   52 
-0.22831  0.63048  0.39204 B   53 
-0.51796  0.94783  0.60682 Y   53 
 0.04850  0.48848  0.47650 B   54 
 0.25094  0.24062  0.32811 B   55 
 0.36794  0.04186  0.47209 I   55 
 0.01365  0.25702  0.06880 B   56 
 0.07072 -0.05669  0.02825 L   56 
-0.14361  0.51368  0.02627 B   57 
 0.09138  0.75651  0.09888 Q   57 
-0.43879  0.52191  0.12628 B   58 
-0.49574  0.21951  0.16352 I   58 
-0.73446  0.66420  0.02305 B   59 
-0.76339  0.87688 -0.19316 N   59 
-1.00698  0.87278  0.15411 B   60 
-0.90601  1.05389  0.25178 S   60 
-1.22304  0.86570 -0.08963 B   61 
-1.23719  1.24125 -0.29789 R   61 
-1.24897  0.52349 -0.07970 B   62 
-1.28523  0.64494 -0.51764 W   62 
-1.11592  0.35068  0.18596 B   63 
-0.99171  0.18966 -0.20219 W   63 
-1.11530  0.57884  0.41803 B   64 
-0.86395  0.56758  0.48406 X   64 
-1.17829  0.75393  0.72765 B   65 
-1.44822  0.85741  0.79583 N   65 
-1.10596  1.11959  0.82581 B   66 
-0.97355  1.18615  0.60063 D   66 
-1.34800  1.34654  0.84150 B   67 
-1.23063  1.53769  0.55644 B   68 
-0.77710  1.63882  0.64928 R   68 
-1.38604  1.37675  0.29805 B   69 
-1.15751  1.28258  0.23370 T   69 
-1.58650  1.45246  0.07537 B   70 
-1.53949  1.65899  0.10543 P   70 
-1.73890  1.18737 -0.07231 B   71 
-1.66910  0.94128  0.08257 B   72 
-1.51921  1.00246  0.25652 S   72 
-1.65123  0.56243  0.12589 B   73 
-1.86027  0.49207 -0.15523 R   73 
-1.50608  0.33933  0.30005 B   74 
-1.46145  0.37135  0.57380 N   74 
-1.44390  0.03479  0.18012 B   75 
-1.51407  0.12054 -0.12400 L   75 
-1.25959 -0.07387  0.43475 B   76 
-1.01105 -0.08066  0.24853 X   76 
-1.38657  0.00637  0.69434 B   77 
-1.63416 -0.06494  0.78406 N   77 
-1.18584  0.25806  0.80516 B   78 
-0.99327  0.03881  0.84433 I   78 
-0.98461  0.43299  0.97686 B   79 
-1.07040  0.39126  1.16281 P   79 
-0.71544  0.58928  0.85449 B   80 
-0.84574  0.75869  0.62191 X   80 
-0.54093  0.54970  1.11693 B   81 
-0.68344  0.64718  1.28322 S   81 
-0.50948  0.23867  1.08970 B   82 
-0.70356  0.16199  1.11743 A   82 
-0.29688  0.29062  0.84492 B   83 
-0.51323  0.26066  0.60115 L   83 
-0.06254  0.38493  1.08073 B   84 
-0.15060  0.68221  0.97062 L   84 
 0.01028  0.14397  1.20624 B   85 
-0.12795  0.00595  1.37653 S   85 
 0.24270 -0.10274  1.28967 B   86 
 0.30872 -0.06898  1.51739 S   86 
 0.00026 -0.26977  1.20494 B   87 
-0.13443 -0.50038  1.32383 D   87 
-0.05691 -0.38336  0.86754 B   88 
 0.18652 -0.41621  0.76100 I   88 
-0.32884 -0.53042  0.84470 B   89 
-0.34623 -0.70223  1.04632 T   89 
-0.51241 -0.30337  0.73746 B   90 
-0.55868 -0.17821  0.90903 A   90 
-0.35311 -0.23394  0.47867 B   91 
-0.18916 -0.03450  0.57176 S   91 
-0.36009 -0.51338  0.35362 B   92 
-0.16780 -0.66844  0.44139 V   92 
-0.66289 -0.56066  0.33806 B   93 
-0.70107 -0.73876  0.62092 N   93 
-0.70450 -0.30608  0.16789 B   94 
-0.77764 -0.04379  0.25182 X   94 
-0.51064 -0.36833 -0.06448 B   95 
-0.31243 -0.33621  0.01314 A   95 
-0.65623 -0.62300 -0.16123 B   96 
-0.49863 -0.95027  0.13024 K   96 
-0.90237 -0.45756 -0.25695 B   97 
-1.15933 -0.43107  0.02871 K   97 
-0.76234 -0.26403 -0.45251 B   98 
-0.65645 -0.02736 -0.28234 I   98 
-0.62623 -0.47782 -0.64932 B   99 
-0.43494 -0.58961 -0.58057 V   99 
-0.93186 -0.60183 -0.70623 B   100 
-0.88525 -0.78301 -0.52230 S   100 
-1.07747 -0.35031 -0.86323 B   101 
-1.15253 -0.10385 -0.75825 D   101 
-0.91376 -0.37157 -1.18757 B   102 
-0.61436 -0.20633 -1.20488 B   103 
-0.80026  0.03946 -1.30636 N   103 
-0.46148 -0.30923 -0.99733 B   104 
-0.14966 -0.15956 -0.92394 B   105 
 0.09071 -0.39629 -0.72400 M   105 
-0.23045  0.11347 -1.07337 B   106 
-0.18524 -0.03066 -1.36756 N   106 
-0.34313  0.24862 -0.81312 B   107 
-0.49274  0.11569 -0.75241 A   107 
-0.03060  0.29070 -0.78104 B   108 
-0.16068  0.02888 -0.41667 W   108 
 0.15041  0.54362 -0.89668 B   109 
 0.01597  0.76122 -0.90829 V   109 
 0.43459  0.45328 -0.80155 B   110 
 0.45517  0.52839 -0.60175 A   110 
 0.42586  0.17639 -0.92803 B   111 
 0.28562 -0.18129 -0.99130 W   111 
 0.37436  0.25690 -1.22300 B   112 
 0.06191  0.49541 -1.37730 R   112 
 0.62240  0.47906 -1.23791 B   113 
 0.41113  0.72049 -1.28663 N   113 
 0.85244  0.27478 -1.05894 B   114 
 0.96770  0.67371 -0.77619 R   114 
 0.77614 -0.05413 -1.09196 B   115 
 0.73383 -0.00237 -0.78032 X   115 
 0.66624 -0.10488 -1.35201 B   116 
 0.25894 -0.11230 -1.53128 K   116 
 0.87568 -0.30917 -1.55363 B   117 
 1.05943 -0.39134 -1.33346 B   118 
 1.09358 -0.15967 -1.22143 T   118 
 1.29020 -0.53702 -1.10464 B   119 
 1.48621 -0.74308 -1.14089 D   119 
 1.11491 -0.63062 -0.82724 B   120 
 0.88788 -0.57628 -0.91651 V   120 
 1.29397 -0.85547 -0.70292 B   121 
 1.25709 -1.15665 -0.98836 Q   121 
 1.50477 -0.65865 -0.57707 B   122 
 1.58928 -0.56301 -0.74035 A   122 
 1.31751 -0.60236 -0.31534 B   123 
 1.25100 -0.20164 -0.45143 W   123 
 1.39593 -0.91847 -0.19870 B   124 
 1.15213 -1.01566 -0.25687 I   124 
 1.67581 -0.92326 -0.16897 B   125 
 1.74529 -0.93894 -0.68210 R   125 
 1.82058 -1.09653  0.10422 B   126 
 1.56090 -1.22598  0.18864 B   127 
 1.43129 -0.93019  0.19821 X   127 
 1.40013 -1.43831  0.43775 B   128 
 1.52984 -1.82230  0.45195 R   128 
 1.15812 -1.66550  0.25928 B   129 
 1.08056 -1.42346  0.20552 L   129 
