246 
 1.31030  0.13422  0.22805 B   1 
 1.39760 -0.24777  0.37872 K   1 
 1.41247 -0.08277 -0.03814 B   2 
 1.45027  0.08800 -0.22939 V   2 
 1.25423 -0.32830 -0.17176 B   3 
 1.04924 -0.40464  0.20249 F   3 
 1.22522 -0.62355 -0.28130 B   4 
 1.01561 -0.81528 -0.42984 B   5 
 0.95581 -0.98372 -0.82689 R   5 
 1.05077 -1.08991 -0.27104 B   6 
 1.13379 -1.27756 -0.50825 X   6 
 1.07135 -0.94155  0.00132 B   7 
 1.36758 -0.72440  0.13359 E   7 
 0.78962 -0.81381  0.00773 B   8 
 0.70855 -0.52852 -0.07062 L   8 
 0.62045 -1.06495 -0.03414 B   9 
 0.64731 -1.12323 -0.24160 A   9 
 0.70843 -1.20162  0.22483 B   10 
 0.91290 -1.27107  0.19023 A   10 
 0.60986 -0.98218  0.42046 B   11 
 0.76512 -0.83107  0.42487 A   11 
 0.31652 -0.96904  0.32178 B   12 
 0.31588 -0.66888  0.01438 M   12 
 0.25841 -1.25966  0.38973 B   13 
 0.32232 -1.63018  0.17330 K   13 
 0.32362 -1.27148  0.68756 B   14 
 0.67848 -1.09369  0.90904 R   14 
 0.10221 -1.03021  0.72700 B   15 
 0.38755 -0.78845  0.83527 H   15 
-0.15753 -1.15438  0.54646 B   16 
-0.21323 -1.04941  0.23088 B   17 
-0.11487 -0.74330  0.27408 L   17 
-0.26509 -1.31027  0.11332 B   18 
-0.11756 -1.50714 -0.07059 D   18 
-0.59087 -1.30242  0.01554 B   19 
-0.48401 -1.58127 -0.10467 N   19 
-0.68267 -1.04385  0.10817 B   20 
-0.69695 -0.83648  0.49805 Y   20 
-0.99636 -0.99703  0.02986 B   21 
-1.19499 -0.79776  0.41247 R   21 
-0.90374 -1.17123 -0.24760 B   22 
-0.59678 -1.07161 -0.27703 B   23 
-0.85956 -0.70228 -0.40288 Y   23 
-0.34221 -1.15582 -0.41944 B   24 
-0.34498 -1.28345 -0.61592 S   24 
-0.01689 -1.09882 -0.37102 B   25 
 0.18920 -1.23474 -0.17707 L   25 
 0.04165 -0.97294 -0.65652 B   26 
-0.12887 -0.71834 -0.61434 B   27 
-0.41989 -0.84928 -0.72420 N   27 
 0.03255 -0.59246 -0.38416 B   28 
-0.28986 -0.64708 -0.08069 W   28 
 0.30322 -0.58149 -0.53019 B   29 
 0.44458 -0.79704 -0.49646 V   29 
 0.20584 -0.41927 -0.77038 B   30 
 0.07891 -0.48560 -1.00801 X   30 
 0.11672 -0.17057 -0.61399 B   31 
-0.07429 -0.22297 -0.52114 A   31 
 0.38363 -0.10078 -0.47395 B   32 
 0.40665 -0.23941 -0.31095 A   32 
 0.54118 -0.05966 -0.73377 B   33 
 0.76069 -0.17489 -0.96817 K   33 
 0.34298  0.18426 -0.85484 B   34 
 0.32088 -0.05800 -1.18626 F   34 
 0.33854  0.36675 -0.59191 B   35 
-0.00796  0.33520 -0.53873 E   35 
 0.67158  0.33049 -0.47205 B   36 
 0.60936  0.25041 -0.27496 S   36 
 0.88476  0.12475 -0.57063 B   37 
 1.02844  0.18946 -0.81030 N   37 
 0.94186 -0.01085 -0.28017 B   38 
 0.87061 -0.32792 -0.53545 F   38 
 0.93002  0.27015 -0.10594 B   39 
 1.16058  0.46112 -0.13317 N   39 
 0.87995  0.36399  0.22408 B   40 
 0.98364  0.17669  0.35178 T   40 
 0.96564  0.68837  0.17486 B   41 
 1.32165  0.69005  0.35551 Q   41 
 0.73727  0.75998  0.00037 B   42 
 0.75218  0.65483 -0.18242 A   42 
 0.62453  1.08830 -0.11297 B   43 
 0.69539  1.16885  0.10700 T   43 
 0.30329  1.25564 -0.20855 B   44 
 0.45062  1.06909 -0.44824 N   44 
 0.16018  1.52518 -0.32610 B   45 
 0.15557  1.89799  0.01748 R   45 
-0.16149  1.65364 -0.32900 B   46 
-0.22033  1.31962 -0.28110 N   46 
-0.38911  1.86790 -0.45553 B   47 
-0.42761  1.85458 -0.71068 T   47 
-0.55723  1.85866 -0.16673 B   48 
-0.63473  1.60696 -0.13542 D   48 
-0.28668  1.85738  0.04358 B   49 
-0.22258  1.59453  0.07439 B   50 
-0.40995  1.43570  0.06592 S   50 
-0.04442  1.27202  0.15121 B   51 
 0.17063  1.43850  0.16363 T   51 
 0.15215  1.01384  0.04188 B   52 
-0.09827  0.93198 -0.17837 D   52 
 0.25303  0.70254  0.21388 B   53 
 0.27970  1.11964  0.45062 Y   53 
 0.47021  0.47970  0.12962 B   54 
 0.44823  0.16407 -0.02637 B   55 
 0.59544 -0.04967  0.05467 I   55 
 0.10527  0.24050 -0.04534 B   56 
 0.05679 -0.07534 -0.01055 L   56 
 0.01712  0.53140 -0.05006 B   57 
 0.26659  0.68056 -0.23708 Q   57 
-0.09942  0.65256  0.21251 B   58 
-0.16253  0.39456  0.37228 I   58 
-0.34267  0.88068  0.29681 B   59 
-0.48353  1.06977  0.10388 N   59 
-0.38601  1.18306  0.50087 B   60 
-0.21610  1.32450  0.44039 S   60 
-0.70782  1.23148  0.48554 B   61 
-0.80432  1.56763  0.23594 R   61 
-0.77801  0.92300  0.61894 B   62 
-1.10364  1.01013  0.31197 W   62 
-0.52586  0.73850  0.76219 B   63 
-0.76046  0.51021  0.47088 W   63 
-0.31353  0.97121  0.84389 B   64 
-0.10333  0.87747  0.72266 X   64 
-0.09466  1.18394  1.03709 B   65 
-0.20141  1.38200  1.23100 N   65 
 0.08972  1.50737  0.93722 B   66 
 0.02121  1.50245  0.67654 D   66 
-0.01580  1.80582  1.03786 B   67 
-0.11624  1.91690  0.70749 B   68 
 0.26512  1.85848  0.43237 R   68 
-0.43673  1.79931  0.69077 B   69 
-0.35241  1.62493  0.52428 T   69 
-0.71816  1.92113  0.65257 B   70 
-0.62877  2.09937  0.57506 P   70 
-0.97335  1.71532  0.74104 B   71 
-0.85716  1.47521  0.87622 B   72 
-0.62034  1.49443  0.87212 S   72 
-0.88070  1.12006  1.01419 B   73 
-1.23678  1.10378  0.98938 R   73 
-0.69720  0.87635  1.10425 B   74 
-0.46024  0.91458  1.24688 N   74 
-0.79939  0.56021  1.07965 B   75 
-1.05452  0.63798  0.89627 L   75 
-0.51070  0.41627  1.16058 B   76 
-0.48792  0.30535  0.87131 X   76 
-0.38720  0.55896  1.39368 B   77 
-0.49450  0.58831  1.64281 N   77 
-0.13020  0.73190  1.25238 B   78 
-0.01495  0.46302  1.21917 I   78 
 0.15849  0.83860  1.17593 B   79 
 0.23272  0.84664  1.37113 P   79 
 0.27076  0.87783  0.86334 B   80 
 0.04424  1.06112  0.74144 X   80 
 0.57110  0.80236  0.93401 B   81 
 0.61862  0.95834  1.10972 S   81 
 0.51629  0.49927  0.99405 B   82 
 0.39702  0.49916  1.16752 A   82 
 0.48284  0.45059  0.67106 B   83 
 0.15676  0.47781  0.66322 L   83 
 0.82614  0.47618  0.64094 B   84 
 0.74024  0.77438  0.53160 L   84 
 0.92350  0.23718  0.75283 B   85 
 0.93499  0.17279  1.00358 S   85 
 1.09249 -0.06747  0.73117 B   86 
 1.30966 -0.03929  0.82812 S   86 
 0.84267 -0.14451  0.89089 B   87 
 0.80207 -0.30089  1.13452 D   87 
 0.53606 -0.25985  0.74023 B   88 
 0.60977 -0.38616  0.51595 I   88 
 0.31634 -0.30236  0.95473 B   89 
 0.42356 -0.43828  1.15599 T   89 
 0.15802 -0.03543  0.93393 B   90 
 0.27690  0.11267  1.03964 A   90 
 0.08267 -0.05020  0.63181 B   91 
 0.29339  0.08558  0.52008 S   91 
-0.06381 -0.31891  0.64226 B   92 
 0.09855 -0.52364  0.62119 V   92 
-0.28053 -0.25695  0.85049 B   93 
-0.12792 -0.38416  1.12199 N   93 
-0.38819 -0.02030  0.68344 B   94 
-0.32722  0.25722  0.70485 X   94 
-0.44490 -0.16754  0.41782 B   95 
-0.25300 -0.20104  0.32618 A   95 
-0.65618 -0.36156  0.53241 B   96 
-0.39638 -0.69626  0.72575 K   96 
-0.85759 -0.12877  0.58105 B   97 
-0.80886  0.01227  0.93610 K   97 
-0.87675 -0.01559  0.29447 B   98 
-0.64022  0.18225  0.26135 I   98 
-0.97159 -0.28028  0.13983 B   99 
-0.81626 -0.44606  0.09291 V   99 
-1.23431 -0.29240  0.34686 B   100 
-1.10022 -0.46129  0.49628 S   100 
-1.40038 -0.02056  0.25948 B   101 
-1.32792  0.24477  0.30131 D   101 
-1.53738 -0.12710 -0.06041 B   102 
-1.32624 -0.08096 -0.32599 B   103 
-1.47850  0.20475 -0.34736 N   103 
-1.09175 -0.21256 -0.25722 B   104 
-0.80827 -0.17729 -0.46559 B   105 
-0.54625 -0.46516 -0.41796 M   105 
-0.92280  0.09227 -0.59835 B   106 
-1.13634 -0.08397 -0.77919 N   106 
-0.77979  0.28107 -0.39196 B   107 
-0.85576  0.21574 -0.20839 A   107 
-0.54547  0.21228 -0.59403 B   108 
-0.40721  0.04695 -0.17956 W   108 
-0.46841  0.37330 -0.87374 B   109 
-0.52580  0.62249 -0.86067 V   109 
-0.22939  0.19689 -0.97233 B   110 
-0.05506  0.27720 -0.87670 A   110 
-0.37761 -0.06896 -0.96248 B   111 
-0.57894 -0.35779 -0.79621 W   111 
-0.61476 -0.00188 -1.15062 B   112 
-0.88961  0.31724 -1.11990 R   112 
-0.42515  0.11567 -1.39828 B   113 
-0.55569  0.41098 -1.36597 N   113 
-0.17958 -0.14019 -1.36807 B   114 
 0.17499  0.21533 -1.38413 R   114 
-0.31190 -0.42223 -1.23375 B   115 
-0.09995 -0.33145 -1.01369 X   115 
-0.58448 -0.45354 -1.31737 B   116 
-0.98303 -0.33193 -1.16101 K   116 
-0.63352 -0.73581 -1.52755 B   117 
-0.36596 -0.85794 -1.47773 B   118 
-0.21991 -0.64447 -1.49986 T   118 
-0.07269 -1.05509 -1.43344 B   119 
-0.00859 -1.31960 -1.52356 D   119 
 0.00173 -1.05551 -1.10041 B   120 
-0.20219 -0.93235 -1.02483 V   120 
 0.17013 -1.31728 -1.06589 B   121 
-0.11815 -1.60984 -1.13553 Q   121 
 0.43505 -1.19766 -1.18639 B   122 
 0.38630 -1.15305 -1.38281 A   122 
 0.51669 -1.05570 -0.90368 B   123 
 0.44394 -0.67116 -1.07792 W   123 
 0.59781 -1.36742 -0.77747 B   124 
 0.37911 -1.37661 -0.62142 I   124 
 0.80087 -1.46847 -0.94419 B   125 
 0.46411 -1.55313 -1.32864 R   125 
 1.06612 -1.65689 -0.80365 B   126 
 0.93674 -1.67785 -0.53137 B   127 
 0.91199 -1.35572 -0.53237 X   127 
 0.97866 -1.79644 -0.18907 B   128 
 1.00539 -2.19861 -0.14407 R   128 
 0.64917 -1.93793 -0.07304 B   129 
 0.60194 -1.68989 -0.13415 L   129 
