246 
-0.29602 -1.24850 -0.37487 B   1 
-0.05515 -1.46410 -0.10704 K   1 
-0.48183 -1.32851 -0.07914 B   2 
-0.72292 -1.27158 -0.15531 V   2 
-0.45399 -1.20715  0.21695 B   3 
-0.03221 -1.13222  0.15054 F   3 
-0.43089 -1.22497  0.53185 B   4 
-0.41826 -1.03842  0.79224 B   5 
-0.68031 -0.92120  1.11964 R   5 
-0.19199 -1.18081  0.96660 B   6 
-0.35694 -1.24320  1.22597 X   6 
-0.01733 -1.23399  0.71505 B   7 
-0.08275 -1.49081  0.42840 E   7 
 0.03699 -0.94104  0.63161 B   8 
-0.10791 -0.77410  0.41891 L   8 
 0.15009 -0.83473  0.89494 B   9 
-0.01742 -0.82032  1.03238 A   9 
 0.39470 -1.01817  0.89658 B   10 
 0.32081 -1.21721  0.94904 A   10 
 0.51725 -0.92255  0.62829 B   11 
 0.41305 -1.03099  0.47228 A   11 
 0.52644 -0.61992  0.69378 B   12 
 0.15035 -0.46473  0.55570 M   12 
 0.71149 -0.65562  0.93240 B   13 
 0.63802 -0.75104  1.34917 K   13 
 0.95175 -0.79688  0.80826 B   14 
 0.95817 -1.14140  0.51185 R   14 
 0.97265 -0.54059  0.60170 B   15 
 0.88111 -0.77488  0.30452 H   15 
 0.94980 -0.28214  0.82115 B   16 
 0.65681 -0.12198  0.86820 B   17 
 0.54874 -0.14889  0.56350 L   17 
 0.66810 -0.10786  1.15842 B   18 
 0.53083 -0.24659  1.39560 D   18 
 0.69101  0.22349  1.23217 B   19 
 0.65275  0.08574  1.52059 N   19 
 0.70768  0.34932  0.97187 B   20 
 0.97437  0.31276  0.62151 Y   20 
 0.72908  0.67401  1.00093 B   21 
 1.05497  0.80934  0.68306 R   21 
 0.52107  0.61647  1.26423 B   22 
 0.35496  0.36249  1.15059 B   23 
 0.19975  0.73223  0.90460 Y   23 
 0.17606  0.14110  1.25621 B   24 
 0.05352  0.16306  1.45470 S   24 
 0.08679 -0.16087  1.14540 B   25 
 0.23473 -0.43739  1.15988 L   25 
-0.22656 -0.10992  1.14715 B   26 
-0.22543  0.10149  0.92137 B   27 
-0.17394  0.36905  1.12053 N   27 
-0.12686 -0.07771  0.69103 B   28 
 0.26545  0.13059  0.64940 W   28 
-0.34922 -0.28953  0.71091 B   29 
-0.28898 -0.48377  0.87284 V   29 
-0.58373 -0.09586  0.67950 B   30 
-0.72227  0.06790  0.85547 X   30 
-0.50910  0.00843  0.40056 B   31 
-0.34467  0.14946  0.43091 A   31 
-0.50386 -0.25969  0.24626 B   32 
-0.31966 -0.35803  0.29834 A   32 
-0.79749 -0.32887  0.30117 B   33 
-1.03283 -0.50134  0.47803 K   33 
-0.92453 -0.05182  0.15785 B   34 
-1.11544 -0.00519  0.51896 F   34 
-0.76205 -0.07071 -0.11728 B   35 
-0.58688  0.23090 -0.07005 E   35 
-0.75787 -0.42164 -0.17584 B   36 
-0.53666 -0.43476 -0.18055 S   36 
-0.84023 -0.64604  0.02505 B   37 
-1.12034 -0.70166  0.05190 N   37 
-0.55826 -0.80858  0.01601 B   38 
-0.63912 -0.75451  0.41765 F   38 
-0.50622 -0.77301 -0.30877 B   39 
-0.67797 -0.93357 -0.49609 N   39 
-0.23766 -0.78883 -0.52753 B   40 
-0.09357 -0.96535 -0.42645 T   40 
-0.42820 -0.77533 -0.80770 B   41 
-0.39305 -1.15408 -0.92893 Q   41 
-0.52816 -0.49906 -0.77014 B   42 
-0.65308 -0.49156 -0.59976 A   42 
-0.70840 -0.28278 -1.00270 B   43 
-0.57135 -0.38610 -1.17717 T   43 
-0.74356  0.08341 -1.07345 B   44 
-0.93287 -0.03806 -0.82172 N   44 
-0.89560  0.31452 -1.24785 B   45 
-0.73292  0.32211 -1.72799 R   45 
-0.83607  0.64732 -1.32318 B   46 
-0.65225  0.60673 -1.03702 N   46 
-0.94699  0.94588 -1.43405 B   47 
-1.15012  1.04487 -1.30876 T   47 
-0.63634  1.02531 -1.52864 B   48 
-0.49072  1.02691 -1.30698 D   48 
-0.54541  0.71785 -1.64959 B   49 
-0.44418  0.58469 -1.43473 B   50 
-0.32978  0.72223 -1.26620 S   50 
-0.31989  0.31831 -1.19968 B   51 
-0.44307  0.15581 -1.38007 T   51 
-0.38672  0.09917 -0.94519 B   52 
-0.46263  0.36977 -0.74787 D   52 
-0.15788 -0.11709 -0.75146 B   53 
-0.11459 -0.09988 -1.22955 Y   53 
-0.22292 -0.35319 -0.54183 B   54 
-0.23499 -0.37056 -0.18971 B   55 
-0.13640 -0.58213 -0.05026 I   55 
-0.16310 -0.02664 -0.20897 B   56 
-0.00081 -0.06897  0.06523 L   56 
-0.24385  0.12915 -0.45721 B   57 
-0.54516 -0.01788 -0.54122 Q   57 
-0.02120  0.19969 -0.66374 B   58 
 0.23316  0.15287 -0.49290 I   58 
 0.05078  0.46142 -0.87500 B   59 
-0.13787  0.69004 -0.94543 N   59 
 0.13153  0.52393 -1.22788 B   60 
-0.03033  0.41630 -1.34934 S   60 
 0.20966  0.84022 -1.22612 B   61 
-0.09702  1.07875 -1.40960 R   61 
 0.46205  0.79432 -0.99794 B   62 
 0.27462  1.19966 -0.90616 W   62 
 0.56823  0.47593 -0.92382 B   63 
 0.47904  0.71385 -0.56682 W   63 
 0.48175  0.31441 -1.19280 B   64 
 0.33975  0.12653 -1.08232 X   64 
 0.49699  0.11282 -1.49215 B   65 
 0.62865  0.21121 -1.73955 N   65 
 0.22943  0.04717 -1.76174 B   66 
 0.02861  0.17769 -1.63802 D   66 
 0.24309  0.19363 -2.05957 B   67 
-0.04979  0.40091 -2.00633 B   68 
-0.39612  0.10214 -1.88251 R   68 
 0.08751  0.67504 -1.85528 B   69 
-0.02147  0.59634 -1.63811 T   69 
 0.10524  0.97784 -1.91444 B   70 
-0.05753  0.95891 -2.05197 P   70 
 0.34386  1.14176 -1.73695 B   71 
 0.50953  0.93850 -1.59321 B   72 
 0.41861  0.72339 -1.63713 S   72 
 0.76716  0.83629 -1.33072 B   73 
 0.87242  1.17092 -1.26279 R   73 
 0.87224  0.58107 -1.17261 B   74 
 0.90144  0.33238 -1.29612 N   74 
 1.00140  0.60423 -0.86638 B   75 
 0.90056  0.90931 -0.82733 L   75 
 1.02632  0.27804 -0.80647 B   76 
 0.80860  0.30447 -0.58648 X   76 
 1.13413  0.13764 -1.04857 B   77 
 1.37564  0.18024 -1.16816 N   77 
 0.86118 -0.02239 -1.17430 B   78 
 0.89181 -0.18812 -0.93288 I   78 
 0.65792 -0.24533 -1.27206 B   79 
 0.79894 -0.36338 -1.37135 P   79 
 0.33463 -0.25902 -1.18751 B   80 
 0.23870  0.02961 -1.27272 X   80 
 0.32163 -0.57638 -1.18602 B   81 
 0.40062 -0.62765 -1.40646 S   81 
 0.50328 -0.61621 -0.93326 B   82 
 0.69408 -0.55009 -0.99275 A   82 
 0.25261 -0.51307 -0.74796 B   83 
 0.34644 -0.20002 -0.72987 L   83 
 0.10068 -0.81918 -0.79929 B   84 
-0.07416 -0.63646 -1.00976 L   84 
 0.25216 -0.99853 -0.64436 B   85 
 0.48911 -1.09050 -0.69485 S   85 
 0.28768 -1.22630 -0.38225 B   86 
 0.28769 -1.44715 -0.47492 S   86 
 0.53903 -1.05392 -0.35124 B   87 
 0.82118 -1.11830 -0.30995 D   87 
 0.55474 -0.75733 -0.14679 B   88 
 0.38168 -0.79914  0.05318 I   88 
 0.83070 -0.61869 -0.17369 B   89 
 1.01850 -0.80487 -0.15046 T   89 
 0.76859 -0.39921 -0.38516 B   90 
 0.76561 -0.50081 -0.57728 A   90 
 0.53778 -0.25398 -0.23414 B   91 
 0.31976 -0.38777 -0.33358 S   91 
 0.69496 -0.18683  0.01994 B   92 
 0.69664 -0.38372  0.19300 V   92 
 0.92620 -0.02339 -0.09832 B   93 
 1.15628 -0.26803 -0.11828 N   93 
 0.73128  0.17935 -0.22641 B   94 
 0.62749  0.18587 -0.49169 X   94 
 0.57431  0.26475  0.02561 B   95 
 0.44209  0.10122  0.07166 A   95 
 0.81634  0.38385  0.17613 B   96 
 1.01834  0.00795  0.36266 K   96 
 0.84152  0.61698 -0.02914 B   97 
 1.08096  0.51421 -0.31276 K   97 
 0.55824  0.73754 -0.00622 B   98 
 0.37685  0.57465 -0.19790 I   98 
 0.55339  0.80046  0.30840 B   99 
 0.52078  0.62653  0.45839 V   99 
 0.82632  0.98871  0.26260 B   100 
 0.97218  0.78275  0.33427 S   100 
 0.70736  1.23397  0.07602 B   101 
 0.62183  1.22143 -0.18841 D   101 
 0.51569  1.41853  0.32432 B   102 
 0.19706  1.30209  0.37076 B   103 
 0.12552  1.52073  0.14197 N   103 
 0.22531  1.03270  0.43130 B   104 
-0.06431  0.83119  0.45442 B   105 
-0.00646  0.50277  0.66078 M   105 
-0.23923  1.03959  0.28304 B   106 
-0.25893  1.24207  0.54377 N   106 
-0.17808  0.89940  0.00864 B   107 
 0.03068  0.90628 -0.00189 A   107 
-0.40745  0.71624  0.12828 B   108 
-0.03466  0.43832  0.08332 W   108 
-0.73493  0.75714  0.09383 B   109 
-0.79542  0.86923 -0.12828 V   109 
-0.83680  0.51593  0.26532 B   110 
-0.84250  0.34836  0.13163 A   110 
-0.68060  0.58557  0.51730 B   111 
-0.36244  0.65836  0.72961 W   111 
-0.78775  0.87246  0.56580 B   112 
-0.78481  1.20023  0.29957 R   112 
-1.10971  0.78920  0.54316 B   113 
-1.14562  0.97599  0.28027 N   113 
-1.07310  0.48861  0.73022 B   114 
-1.33753  0.25035  0.37570 R   114 
-0.80852  0.50701  0.94177 B   115 
-0.72299  0.27458  0.74115 X   115 
-0.77705  0.77532  1.03821 B   116 
-0.55093  1.13672  0.91040 K   116 
-0.83912  0.80558  1.38675 B   117 
-0.84197  0.51262  1.44291 B   118 
-0.98888  0.43517  1.24339 T   118 
-0.83084  0.17846  1.56560 B   119 
-0.83377  0.07634  1.83348 D   119 
-0.56738  0.02228  1.41513 B   120 
-0.47783  0.22350  1.29698 V   120 
-0.49869 -0.20889  1.61492 B   121 
-0.35407  0.00547  1.94154 Q   121 
-0.73678 -0.39499  1.52719 B   122 
-0.90677 -0.28731  1.57675 A   122 
-0.57152 -0.50942  1.26963 B   123 
-0.83868 -0.30062  1.00781 W   123 
-0.37549 -0.69542  1.48562 B   124 
-0.16272 -0.53425  1.45363 I   124 
-0.55181 -0.86663  1.62289 B   125 
-0.73967 -0.47345  1.90306 R   125 
-0.45098 -1.19751  1.70010 B   126 
-0.16350 -1.15284  1.61841 B   127 
-0.27398 -1.04942  1.33296 X   127 
 0.16232 -1.31048  1.57385 B   128 
 0.33956 -1.44710  1.91208 R   128 
 0.42645 -1.06843  1.69084 B   129 
 0.29865 -0.94680  1.50015 L   129 
