246 
-0.07977  1.28147 -0.37199 B   1 
-0.33087  1.24483 -0.70642 K   1 
-0.42196  1.32293 -0.27419 B   2 
-0.39379  1.41682 -0.03428 V   2 
-0.65520  1.10301 -0.25391 B   3 
-0.46967  0.87175 -0.57017 F   3 
-0.94664  0.99051 -0.30308 B   4 
-1.13192  0.73827 -0.23369 B   5 
-1.46590  0.64443  0.02945 R   5 
-1.27906  0.68388 -0.51166 B   6 
-1.57745  0.71488 -0.42015 X   6 
-1.01845  0.73862 -0.67195 B   7 
-0.84166  1.08162 -0.73116 E   7 
-0.84449  0.50818 -0.56076 B   8 
-0.63500  0.51924 -0.33693 L   8 
-1.03089  0.27298 -0.61886 B   9 
-1.19499  0.28826 -0.47745 A   9 
-1.02509  0.30688 -0.92267 B   10 
-1.14836  0.48214 -0.96643 A   10 
-0.71929  0.27203 -0.96022 B   11 
-0.63084  0.46523 -0.91771 A   11 
-0.69165 -0.00025 -0.81510 B   12 
-0.61096  0.09985 -0.40515 M   12 
-0.87804 -0.14522 -1.00667 B   13 
-1.30953 -0.18804 -1.02038 K   13 
-0.74467 -0.09690 -1.27680 B   14 
-0.56632  0.28709 -1.44212 R   14 
-0.47511 -0.23691 -1.14824 B   15 
-0.28851  0.10393 -1.17281 H   15 
-0.61060 -0.51554 -1.00866 B   16 
-0.67993 -0.52623 -0.67884 B   17 
-0.43136 -0.34208 -0.58114 L   17 
-0.94228 -0.64990 -0.69977 B   18 
-1.23509 -0.56201 -0.67006 D   18 
-0.91078 -0.95472 -0.55196 B   19 
-1.22673 -0.93240 -0.60942 N   19 
-0.62955 -0.96782 -0.48411 B   20 
-0.25019 -0.93265 -0.70785 Y   20 
-0.55888 -1.25009 -0.33560 B   21 
-0.14632 -1.39284 -0.52263 R   21 
-0.87001 -1.20450 -0.20513 B   22 
-0.87734 -0.88097 -0.18816 B   23 
-0.58179 -1.01627  0.15191 Y   23 
-1.08182 -0.65866 -0.15746 B   24 
-1.28944 -0.69282 -0.05438 S   24 
-1.08674 -0.33310 -0.23108 B   25 
-1.14287 -0.18415 -0.50167 L   25 
-1.15011 -0.22966  0.06230 B   26 
-0.88030 -0.31724  0.18563 B   27 
-0.97630 -0.63017  0.26790 N   27 
-0.69374 -0.13353  0.02337 B   28 
-0.50040 -0.46775 -0.20011 W   28 
-0.82656  0.13282  0.10158 B   29 
-1.01734  0.20171 -0.06102 V   29 
-0.79938  0.09698  0.40402 B   30 
-0.94966 -0.03572  0.59582 X   30 
-0.49290  0.08127  0.41249 B   31 
-0.44089 -0.11974  0.34365 A   31 
-0.42485  0.35182  0.27871 B   32 
-0.45632  0.32652  0.06732 A   32 
-0.56691  0.52333  0.48948 B   33 
-0.83725  0.70608  0.58911 K   33 
-0.38608  0.41179  0.75082 B   34 
-0.75409  0.32944  0.91452 F   34 
-0.09680  0.45324  0.62022 B   35 
-0.01213  0.11163  0.62453 E   35 
-0.14137  0.75570  0.43819 B   36 
-0.08691  0.66554  0.24317 S   36 
-0.41155  0.90056  0.37894 B   37 
-0.52042  1.06523  0.58704 N   37 
-0.38081  0.90426  0.05482 B   38 
-0.75752  0.74998  0.12601 F   38 
-0.05687  0.97130  0.04981 B   39 
 0.02933  1.24935  0.12483 N   39 
 0.20681  0.94034 -0.17321 B   40 
 0.09791  0.97855 -0.39416 T   40 
 0.42408  1.12109  0.01417 B   41 
 0.43725  1.45472 -0.20468 Q   41 
 0.44356  0.93091  0.24040 B   42 
 0.25731  0.91988  0.33982 A   42 
 0.67690  0.92591  0.52125 B   43 
 0.84262  1.01003  0.36202 T   43 
 0.83817  0.67321  0.74591 B   44 
 0.52412  0.76593  0.82800 N   44 
 1.02866  0.62175  1.00670 B   45 
 1.51561  0.71739  0.90285 R   45 
 1.20772  0.35378  1.13362 B   46 
 0.97555  0.19577  0.93751 N   46 
 1.36850  0.20547  1.39031 B   47 
 1.23108  0.17359  1.60677 T   47 
 1.55440  0.03246  1.17291 B   48 
 1.38476 -0.11805  1.03540 D   48 
 1.60117  0.28272  0.94353 B   49 
 1.38868  0.26386  0.77430 B   50 
 1.29939  0.03787  0.73741 S   50 
 1.12515  0.33424  0.51496 B   51 
 1.21620  0.58879  0.54714 T   51 
 0.81056  0.44790  0.44177 B   52 
 0.68613  0.19222  0.63430 D   52 
 0.62505  0.44469  0.12201 B   53 
 1.08379  0.58714  0.12477 Y   53 
 0.34765  0.58775  0.04136 B   54 
 0.01326  0.47744  0.02002 B   55 
-0.15226  0.55082 -0.18282 I   55 
 0.14650  0.17411  0.13858 B   56 
-0.08031  0.03189 -0.03932 L   56 
 0.40137  0.17755  0.30424 B   57 
 0.36411  0.46659  0.49006 Q   57 
 0.66713  0.09376  0.16440 B   58 
 0.55728 -0.04936 -0.08764 I   58 
 0.95503 -0.07256  0.25254 B   59 
 1.03949 -0.14342  0.53655 N   59 
 1.31967 -0.03016  0.23886 B   60 
 1.36228  0.17635  0.32870 S   60 
 1.42707 -0.32188  0.33641 B   61 
 1.59046 -0.30434  0.73340 R   61 
 1.26383 -0.48598  0.08283 B   62 
 1.24849 -0.75964  0.44715 W   62 
 1.13033 -0.30594 -0.17775 B   63 
 0.84531 -0.58804 -0.00112 W   63 
 1.31273 -0.03651 -0.17065 B   64 
 1.12227  0.13992 -0.15430 X   64 
 1.53664  0.22931 -0.26909 B   65 
 1.82608  0.18030 -0.31430 N   65 
 1.70283  0.50560 -0.05785 B   66 
 1.57639  0.44782  0.17311 D   66 
 2.02399  0.49113  0.02569 B   67 
 1.96236  0.44013  0.37949 B   68 
 1.67824  0.79563  0.51153 R   68 
 1.93372  0.09990  0.39514 B   69 
 1.68343  0.13369  0.43319 T   69 
 2.07907 -0.13049  0.54107 B   70 
 2.16160  0.01090  0.67879 P   70 
 2.01921 -0.43859  0.41145 B   71 
 1.86839 -0.40456  0.15548 B   72 
 1.82577 -0.17291  0.12408 S   72 
 1.65860 -0.53837 -0.13401 B   73 
 1.71646 -0.88184 -0.05430 R   73 
 1.46492 -0.43971 -0.36624 B   74 
 1.51576 -0.20728 -0.51233 N   74 
 1.21899 -0.63117 -0.48395 B   75 
 1.24507 -0.84470 -0.24210 L   75 
 1.07666 -0.40197 -0.67843 B   76 
 0.82722 -0.40356 -0.49329 X   76 
 1.28743 -0.24946 -0.82766 B   77 
 1.46920 -0.35155 -1.00367 N   77 
 1.29204  0.05232 -0.67008 B   78 
 1.02847  0.08262 -0.79775 I   78 
 1.26978  0.36218 -0.60636 B   79 
 1.36257  0.42861 -0.78145 P   79 
 1.10883  0.49178 -0.34339 B   80 
 1.24664  0.33506 -0.10628 X   80 
 1.01395  0.75298 -0.49721 B   81 
 1.22299  0.83903 -0.57699 S   81 
 0.81245  0.60769 -0.68893 B   82 
 0.93285  0.48797 -0.81337 A   82 
 0.60898  0.57234 -0.43365 B   83 
 0.70414  0.26995 -0.35221 L   83 
 0.53250  0.90832 -0.45984 B   84 
 0.73712  0.91972 -0.20244 L   84 
 0.37465  0.92553 -0.69202 B   85 
 0.45295  0.90850 -0.93846 S   85 
 0.07542  0.99593 -0.85740 B   86 
 0.09850  1.20806 -0.96614 S   86 
 0.15689  0.72914 -0.98407 B   87 
 0.16893  0.63509 -1.26060 D   87 
 0.05555  0.40745 -0.85658 B   88 
-0.18388  0.44754 -0.74367 I   88 
 0.18710  0.17782 -1.01803 B   89 
 0.15826  0.23228 -1.27624 T   89 
 0.43054  0.10774 -0.83754 B   90 
 0.57904  0.26187 -0.87542 A   90 
 0.27568  0.04192 -0.57514 B   91 
 0.27676  0.28740 -0.45243 S   91 
 0.09744 -0.17873 -0.69053 B   92 
-0.11866 -0.08468 -0.80532 V   92 
 0.30987 -0.37392 -0.79512 B   93 
 0.31474 -0.27600 -1.11695 N   93 
 0.43892 -0.39975 -0.51551 B   94 
 0.66150 -0.25907 -0.40663 X   94 
 0.19134 -0.48882 -0.35358 B   95 
 0.06994 -0.31278 -0.32878 A   95 
 0.14457 -0.75243 -0.50765 B   96 
-0.08623 -0.61191 -0.88698 K   96 
 0.40738 -0.87623 -0.39487 B   97 
 0.69938 -0.79971 -0.63406 K   97 
 0.35151 -0.85062 -0.09233 B   98 
 0.43875 -0.56462 -0.01002 I   98 
 0.07651 -1.01513 -0.07573 B   99 
-0.12001 -0.91520 -0.14789 V   99 
 0.23896 -1.27637 -0.20762 B   100 
 0.14938 -1.20440 -0.44347 S   100 
 0.45282 -1.35007  0.03310 B   101 
 0.67364 -1.20280  0.11646 D   101 
 0.22848 -1.50160  0.27632 B   102 
 0.07475 -1.27730  0.48441 B   103 
 0.33172 -1.33594  0.67361 N   103 
-0.05119 -1.09564  0.31655 B   104 
-0.20044 -0.80763  0.45724 B   105 
-0.47119 -0.64591  0.22414 M   105 
-0.02478 -0.83131  0.72554 B   106 
-0.21371 -1.08153  0.83072 N   106 
 0.20464 -0.64545  0.61825 B   107 
 0.26715 -0.74381  0.44460 A   107 
-0.01424 -0.43574  0.71091 B   108 
 0.03906 -0.36788  0.25180 W   108 
-0.05034 -0.30429  1.01344 B   109 
 0.17279 -0.28466  1.13746 V   109 
-0.30280 -0.12599  0.96398 B   110 
-0.22790  0.06100  0.89040 A   110 
-0.47861 -0.34742  0.85085 B   111 
-0.57735 -0.63177  0.60387 W   111 
-0.46801 -0.54686  1.08802 B   112 
-0.12715 -0.71413  1.27282 R   112 
-0.54906 -0.32227  1.32060 B   113 
-0.26086 -0.35918  1.46509 N   113 
-0.79914 -0.16602  1.12130 B   114 
-0.60257  0.27925  1.24569 R   114 
-0.92569 -0.38144  0.89180 B   115 
-0.78501 -0.15976  0.71110 X   115 
-0.93109 -0.64780  0.99811 B   116 
-0.65470 -0.99662  1.00129 K   116 
-1.26077 -0.77201  1.04433 B   117 
-1.39691 -0.55533  0.89102 B   118 
-1.26970 -0.35127  0.98882 T   118 
-1.60307 -0.33648  0.70013 B   119 
-1.88124 -0.35165  0.63239 D   119 
-1.44390 -0.27716  0.40418 B   120 
-1.25528 -0.43720  0.43995 V   120 
-1.67823 -0.19640  0.21276 B   121 
-1.88489 -0.55661  0.17986 Q   121 
-1.70778  0.09621  0.32466 B   122 
-1.76445  0.06991  0.52226 A   122 
-1.46132  0.20688  0.14095 B   123 
-1.22412  0.25897  0.49387 W   123 
-1.66683  0.18628 -0.13657 B   124 
-1.53952 -0.03035 -0.23214 I   124 
-1.88574  0.35528 -0.08404 B   125 
-2.07934  0.02212  0.26223 R   125 
-2.02697  0.54673 -0.34674 B   126 
-1.86856  0.40769 -0.56329 B   127 
-1.60133  0.48083 -0.39709 X   127 
-1.79283  0.40023 -0.91994 B   128 
-2.10220  0.30345 -1.16365 R   128 
-1.76815  0.03967 -1.02684 B   129 
-1.58781  0.07121 -0.84253 L   129 
