246 
 1.06307  0.41812  0.69425 B   1 
 1.36963  0.22726  0.48017 K   1 
 1.18712  0.63477  0.43724 B   2 
 1.08010  0.86033  0.50680 V   2 
 1.14793  0.61519  0.11903 B   3 
 1.11838  0.18352  0.14554 F   3 
 1.24619  0.61898 -0.18154 B   4 
 1.13354  0.60363 -0.48127 B   5 
 1.06572  0.87377 -0.81596 R   5 
 1.34474  0.41090 -0.62315 B   6 
 1.44580  0.60192 -0.85046 X   6 
 1.35777  0.22518 -0.37426 B   7 
 1.52394  0.29941 -0.02889 E   7 
 1.06380  0.12875 -0.37097 B   8 
 0.83090  0.23496 -0.20190 L   8 
 1.04280  0.02414 -0.65742 B   9 
 1.03968  0.19874 -0.78651 A   9 
 1.25315 -0.19504 -0.62281 B   10 
 1.44669 -0.09327 -0.61934 A   10 
 1.11211 -0.34891 -0.39352 B   11 
 1.16296 -0.24453 -0.21055 A   11 
 0.83944 -0.39034 -0.53455 B   12 
 0.60410 -0.04817 -0.42442 M   12 
 0.95851 -0.55048 -0.76397 B   13 
 1.14295 -0.43367 -1.13886 K   13 
 1.09667 -0.78034 -0.61848 B   14 
 1.35451 -0.76709 -0.24440 R   14 
 0.80270 -0.84872 -0.48545 B   15 
 0.94104 -0.75225 -0.13452 H   15 
 0.60605 -0.84104 -0.76248 B   16 
 0.42333 -0.56734 -0.83603 B   17 
 0.35866 -0.48074 -0.53015 L   17 
 0.48322 -0.55774 -1.12042 B   18 
 0.65584 -0.38638 -1.30800 D   18 
 0.18696 -0.61564 -1.27738 B   19 
 0.38511 -0.53839 -1.51903 N   19 
 0.00419 -0.66789 -1.05890 B   20 
-0.01036 -0.95438 -0.72286 Y   20 
-0.29695 -0.72695 -1.17093 B   21 
-0.46002 -1.09074 -0.91282 R   21 
-0.20556 -0.49363 -1.40139 B   22 
-0.01330 -0.30671 -1.21943 B   23 
-0.45032 -0.21795 -1.06961 Y   23 
 0.20022 -0.09417 -1.25698 B   24 
 0.21123  0.03975 -1.44894 S   24 
 0.44989  0.02289 -1.06885 B   25 
 0.73920 -0.08815 -1.01860 L   25 
 0.35783  0.32672 -1.06985 B   26 
 0.09939  0.28195 -0.90590 B   27 
-0.10068  0.21339 -1.16892 N   27 
 0.22791  0.18872 -0.64194 B   28 
 0.07252 -0.22837 -0.67218 W   28 
 0.40497  0.43642 -0.59724 B   29 
 0.63969  0.41341 -0.70660 V   29 
 0.17885  0.64205 -0.60617 B   30 
 0.04611  0.77251 -0.81192 X   30 
 0.02020  0.53368 -0.36671 B   31 
-0.08462  0.35593 -0.43929 A   31 
 0.23980  0.54968 -0.14936 B   32 
 0.37263  0.38364 -0.18258 A   32 
 0.27885  0.85297 -0.17185 B   33 
 0.45523  1.12083 -0.28825 K   33 
-0.03997  0.93328 -0.09872 B   34 
-0.02185  1.14439 -0.45103 F   34 
-0.06734  0.75353  0.16471 B   35 
-0.32045  0.54661  0.03430 E   35 
 0.25523  0.78824  0.31081 B   36 
 0.29744  0.57066  0.30903 S   36 
 0.50864  0.91305  0.17779 B   37 
 0.52962  1.19911  0.17835 N   37 
 0.70151  0.65348  0.21574 B   38 
 0.73784  0.75795 -0.18244 F   38 
 0.59425  0.57241  0.51803 B   39 
 0.67791  0.74764  0.74751 N   39 
 0.59265  0.29171  0.72158 B   40 
 0.80699  0.17883  0.66279 T   40 
 0.48383  0.45680  0.99706 B   41 
 0.82186  0.45945  1.20945 Q   41 
 0.21432  0.52446  0.89451 B   42 
 0.23191  0.66033  0.73351 A   42 
-0.07572  0.65798  1.07169 B   43 
-0.00077  0.52164  1.26060 T   43 
-0.44924  0.64200  1.04792 B   44 
-0.29682  0.86384  0.84416 N   44 
-0.73518  0.75032  1.16391 B   45 
-0.83867  0.55119  1.61854 R   45 
-1.06464  0.64443  1.14895 B   46 
-0.92928  0.48980  0.87492 N   46 
-1.39379  0.70865  1.18454 B   47 
-1.48597  0.90710  1.04712 T   47 
-1.45012  0.38418  1.24198 B   48 
-1.37650  0.25711  1.02113 D   48 
-1.17260  0.32285  1.43343 B   49 
-0.97763  0.25583  1.25554 B   50 
-1.05186  0.13873  1.05260 S   50 
-0.64673  0.18404  1.09121 B   51 
-0.55273  0.31200  1.31237 T   51 
-0.38292  0.29699  0.90440 B   52 
-0.60409  0.35394  0.64796 D   52 
-0.09575  0.11236  0.76258 B   53 
-0.22458  0.03032  1.21801 Y   53 
 0.17347  0.22216  0.62335 B   54 
 0.27561  0.26357  0.28825 B   55 
 0.52672  0.20301  0.20337 I   55 
-0.04890  0.14843  0.21577 B   56 
 0.08217  0.01439 -0.04532 L   56 
-0.27097  0.18980  0.41921 B   57 
-0.19275  0.49954  0.55113 Q   57 
-0.35873 -0.05520  0.59088 B   58 
-0.23614 -0.28780  0.42673 I   58 
-0.65197 -0.17517  0.72483 B   59 
-0.91487 -0.02226  0.74264 N   59 
-0.78802 -0.29015  1.04611 B   60 
-0.73742 -0.12614  1.19801 S   60 
-1.07997 -0.40641  0.96011 B   61 
-1.39679 -0.14674  1.08973 R   61 
-0.94432 -0.63273  0.74042 B   62 
-1.33634 -0.49029  0.55634 W   62 
-0.60591 -0.69266  0.74561 B   63 
-0.75808 -0.60613  0.34390 W   63 
-0.52968 -0.60800  1.05047 B   64 
-0.34196 -0.43573  0.99804 X   64 
-0.40838 -0.62138  1.39046 B   65 
-0.54563 -0.78299  1.59846 N   65 
-0.44942 -0.36948  1.67932 B   66 
-0.57189 -0.17735  1.53525 D   66 
-0.66167 -0.42421  1.92890 B   67 
-0.88802 -0.15596  1.83730 B   68 
-0.61912  0.23320  1.80928 R   68 
-1.09435 -0.31396  1.61531 B   69 
-0.98029 -0.17957  1.43047 T   69 
-1.39685 -0.37353  1.59424 B   70 
-1.43542 -0.22083  1.73903 P   70 
-1.47686 -0.61609  1.37047 B   71 
-1.22332 -0.74370  1.27637 B   72 
-1.04060 -0.63057  1.37777 S   72 
-1.02447 -0.96558  1.03773 B   73 
-1.31385 -1.10580  0.88195 R   73 
-0.72599 -1.02571  0.94569 B   74 
-0.51405 -1.03343  1.12728 N   74 
-0.65440 -1.13259  0.63837 B   75 
-0.95129 -1.06751  0.52706 L   75 
-0.32334 -1.11227  0.66283 B   76 
-0.32454 -0.88308  0.45315 X   76 
-0.23365 -1.22035  0.92782 B   77 
-0.27047 -1.47382  1.02185 N   77 
-0.14933 -0.94029  1.10211 B   78 
 0.07360 -0.93138  0.91000 I   78 
 0.01193 -0.71924  1.26243 B   79 
 0.12016 -0.85185  1.38234 P   79 
 0.00096 -0.39116  1.19844 B   80 
-0.31023 -0.33854  1.21112 X   80 
 0.30382 -0.33894  1.27872 B   81 
 0.30940 -0.42785  1.50127 S   81 
 0.42987 -0.49411  1.03684 B   82 
 0.37831 -0.69566  1.06903 A   82 
 0.34195 -0.24450  0.84249 B   83 
 0.05934 -0.37462  0.74086 L   83 
 0.60158 -0.06034  0.97699 B   84 
 0.34994  0.07371  1.14119 L   84 
 0.83300 -0.17600  0.86659 B   85 
 0.94167 -0.40297  0.92850 S   85 
 1.12122 -0.16264  0.67015 B   86 
 1.31003 -0.14255  0.81611 S   86 
 0.99861 -0.43021  0.58511 B   87 
 1.10985 -0.69817  0.54934 D   87 
 0.76704 -0.46656  0.31114 B   88 
 0.83254 -0.27467  0.13628 I   88 
 0.66587 -0.75879  0.28958 B   89 
 0.87628 -0.91976  0.30653 T   89 
 0.39443 -0.74089  0.44041 B   90 
 0.44387 -0.74028  0.65206 A   90 
 0.26043 -0.51879  0.26752 B   91 
 0.33374 -0.29428  0.40731 S   91 
 0.28083 -0.66288 -0.00191 B   92 
 0.51270 -0.62676 -0.11877 V   92 
 0.12705 -0.92101  0.06038 B   93 
 0.38871 -1.11993  0.13214 N   93 
-0.12619 -0.76319  0.14078 B   94 
-0.21257 -0.68190  0.39986 X   94 
-0.16754 -0.59890 -0.11758 B   95 
-0.01776 -0.44431 -0.11444 A   95 
-0.21078 -0.84138 -0.30399 B   96 
 0.22394 -0.98028 -0.39686 K   96 
-0.48161 -0.91104 -0.16646 B   97 
-0.41995 -1.15722  0.12324 K   97 
-0.63098 -0.64393 -0.20703 B   98 
-0.54750 -0.45921  0.02769 I   98 
-0.61410 -0.62250 -0.52675 B   99 
-0.41474 -0.55709 -0.62571 V   99 
-0.76793 -0.91933 -0.54261 B   100 
-0.53240 -1.03260 -0.56554 S   100 
-1.06584 -0.84644 -0.41993 B   101 
-1.13119 -0.78079 -0.15760 D   101 
-1.20802 -0.66038 -0.69853 B   102 
-1.12924 -0.32716 -0.69965 B   103 
-1.40548 -0.30117 -0.53147 N   103 
-0.85202 -0.31711 -0.69047 B   104 
-0.69342 -0.00389 -0.64859 B   105 
-0.31938 -0.00450 -0.76644 M   105 
-0.96002  0.13011 -0.52871 B   106 
-1.09235  0.14479 -0.83143 N   106 
-0.88502  0.06565 -0.23053 B   107 
-0.86516 -0.14254 -0.23126 A   107 
-0.71172  0.32449 -0.28920 B   108 
-0.40447 -0.01344 -0.19103 W   108 
-0.80505  0.64074 -0.25205 B   109 
-0.97594  0.66949 -0.06356 V   109 
-0.54551  0.78464 -0.35153 B   110 
-0.41873  0.80062 -0.17931 A   110 
-0.52816  0.64105 -0.61953 B   111 
-0.50108  0.33377 -0.85711 W   111 
-0.80614  0.71535 -0.73504 B   112 
-1.18591  0.65126 -0.56187 R   112 
-0.77674  1.04240 -0.67779 B   113 
-1.02592  1.03443 -0.47009 N   113 
-0.43713  1.05785 -0.78318 B   114 
-0.33326  1.32140 -0.36830 R   114 
-0.36556  0.81025 -1.00378 B   115 
-0.18046  0.73880 -0.75434 X   115 
-0.59456  0.75342 -1.16690 B   116 
-0.94123  0.47513 -1.14578 K   116 
-0.54593  0.83812 -1.50853 B   117 
-0.25153  0.88152 -1.48772 B   118 
-0.24712  1.02096 -1.26881 T   118 
 0.10079  0.92134 -1.52125 B   119 
 0.26461  0.95764 -1.75372 D   119 
 0.24997  0.66834 -1.34754 B   120 
 0.04026  0.54571 -1.28880 V   120 
 0.53064  0.64446 -1.48438 B   121 
 0.42610  0.50023 -1.86096 Q   121 
 0.65421  0.89620 -1.34165 B   122 
 0.53956  1.05491 -1.40960 A   122 
 0.72317  0.72688 -1.07088 B   123 
 0.42096  0.94505 -0.85972 W   123 
 0.98228  0.57270 -1.24049 B   124 
 0.84945  0.33980 -1.26012 I   124 
 1.15587  0.77894 -1.32156 B   125 
 0.82209  0.93792 -1.68445 R   125 
 1.50628  0.72609 -1.31593 B   126 
 1.48325  0.42983 -1.26105 B   127 
 1.29804  0.50419 -1.00698 X   127 
 1.66873  0.12353 -1.19197 B   128 
 1.90813 -0.00869 -1.49144 R   128 
 1.50238 -0.15862 -1.37842 B   129 
 1.32077 -0.06202 -1.21975 L   129 
