246 
 0.25818  0.77458  1.05843 B   1 
-0.09830  0.72419  1.27435 K   1 
 0.29189  0.50346  1.29023 B   2 
 0.54800  0.46433  1.28364 V   2 
 0.15965  0.21088  1.28079 B   3 
-0.18243  0.36841  1.06613 F   3 
 0.00557 -0.03691  1.40275 B   4 
-0.08955 -0.33358  1.32725 B   5 
 0.02551 -0.74354  1.41828 R   5 
-0.38440 -0.34317  1.44912 B   6 
-0.35202 -0.58507  1.64612 X   6 
-0.44395 -0.05319  1.35440 B   7 
-0.29963  0.27980  1.49827 E   7 
-0.41963 -0.09657  1.04902 B   8 
-0.17884 -0.03974  0.86764 L   8 
-0.61694 -0.32768  1.01599 B   9 
-0.52146 -0.50274  1.10198 A   9 
-0.86186 -0.16876  1.10681 B   10 
-0.84334 -0.14763  1.32369 A   10 
-0.84799  0.05217  0.88970 B   11 
-0.70361  0.19741  0.96050 A   11 
-0.84373 -0.13447  0.64251 B   12 
-0.42747 -0.20900  0.56655 M   12 
-1.11417 -0.25854  0.70512 B   13 
-1.23392 -0.58788  0.96085 K   13 
-1.29732 -0.01471  0.71475 B   14 
-1.22511  0.38858  0.91158 R   14 
-1.19654  0.05040  0.40751 B   15 
-1.02137  0.37376  0.53537 H   15 
-1.23327 -0.25550  0.26414 B   16 
-0.96813 -0.46026  0.22568 B   17 
-0.74771 -0.22834  0.17208 L   17 
-1.09712 -0.70545  0.31398 B   18 
-1.09046 -0.88590  0.56245 D   18 
-1.10486 -0.90738  0.04027 B   19 
-1.20848 -1.09930  0.27702 N   19 
-0.99508 -0.74059 -0.16948 B   20 
-1.09417 -0.34588 -0.34154 Y   20 
-0.98374 -0.90269 -0.45289 B   21 
-1.12703 -0.59273 -0.78296 R   21 
-0.91362 -1.16386 -0.24606 B   22 
-0.75026 -1.00905 -0.01291 B   23 
-0.45969 -1.01810 -0.38277 Y   23 
-0.66230 -1.05610  0.27384 B   24 
-0.63168 -1.27110  0.36178 S   24 
-0.57557 -0.85760  0.52783 B   25 
-0.75106 -0.69897  0.73422 L   25 
-0.28762 -0.98238  0.57582 B   26 
-0.16696 -0.88755  0.30727 B   27 
-0.26094 -1.15669  0.12660 N   27 
-0.18342 -0.58356  0.35421 B   28 
-0.49177 -0.51564  0.03903 W   28 
-0.01944 -0.57718  0.61454 B   29 
-0.16651 -0.60659  0.82687 V   29 
 0.23011 -0.71254  0.50099 B   30 
 0.30313 -0.97705  0.46002 X   30 
 0.29266 -0.50195  0.28653 B   31 
 0.15061 -0.53737  0.12400 A   31 
 0.31688 -0.25184  0.46703 B   32 
 0.11653 -0.19240  0.51844 A   32 
 0.54918 -0.36118  0.63467 B   33 
 0.66474 -0.50768  0.92031 K   33 
 0.75951 -0.40567  0.37540 B   34 
 0.78726 -0.78950  0.52004 F   34 
 0.72523 -0.11517  0.24545 B   35 
 0.58760 -0.23280 -0.05638 E   35 
 0.69970  0.09149  0.53397 B   36 
 0.50087  0.17230  0.47860 S   36 
 0.66078 -0.00283  0.82906 B   37 
 0.89437 -0.09041  0.97062 N   37 
 0.38943  0.16770  0.88652 B   38 
 0.30228 -0.21799  1.00663 F   38 
 0.48234  0.43996  0.72313 B   39 
 0.69370  0.61290  0.84879 N   39 
 0.32957  0.71605  0.57938 B   40 
 0.13466  0.75651  0.72943 T   40 
 0.61931  0.88298  0.52314 B   41 
 0.58832  1.16436  0.80465 Q   41 
 0.72996  0.69638  0.32148 B   42 
 0.77251  0.51054  0.41284 A   42 
 1.01729  0.73647  0.09971 B   43 
 0.95294  0.97230  0.08814 T   43 
 1.12648  0.62111 -0.23957 B   44 
 1.17619  0.40410  0.01420 N   44 
 1.36620  0.61504 -0.46192 B   45 
 1.42048  1.06512 -0.68894 R   45 
 1.38770  0.54880 -0.80122 B   46 
 1.09794  0.38677 -0.71685 N   46 
 1.57286  0.47278 -1.07265 B   47 
 1.71656  0.25875 -1.05539 T   47 
 1.34309  0.61617 -1.26861 B   48 
 1.12008  0.47699 -1.23347 D   48 
 1.27115  0.88346 -1.06659 B   49 
 1.07320  0.79575 -0.90145 B   50 
 0.91825  0.63036 -0.99654 S   50 
 0.82860  0.75795 -0.61791 B   51 
 0.99310  0.94155 -0.50239 T   51 
 0.75411  0.62149 -0.31283 B   52 
 0.77592  0.31163 -0.45924 D   52 
 0.43918  0.62944 -0.11936 B   53 
 0.60131  1.03519 -0.31892 Y   53 
 0.37950  0.53860  0.18413 B   54 
 0.24165  0.24821  0.32942 B   55 
 0.06714  0.25762  0.53771 I   55 
 0.23017  0.13413 -0.00325 B   56 
-0.03547 -0.02403  0.08472 L   56 
 0.42654  0.24622 -0.20644 B   57 
 0.71330  0.28520 -0.01746 Q   57 
 0.32135  0.45886 -0.40873 B   58 
 0.01526  0.41863 -0.38105 I   58 
 0.37883  0.54188 -0.73755 B   59 
 0.60793  0.43827 -0.90958 N   59 
 0.46113  0.83483 -0.94335 B   60 
 0.64314  0.93232 -0.84385 S   60 
 0.43166  0.71750 -1.24586 B   61 
 0.81528  0.66605 -1.43240 R   61 
 0.10361  0.62831 -1.19783 B   62 
 0.28738  0.31080 -1.46851 W   62 
-0.06461  0.74235 -0.92064 B   63 
-0.10153  0.30936 -0.97690 W   63 
 0.10384  1.01133 -0.84861 B   64 
 0.16099  0.95715 -0.60068 X   64 
 0.18812  1.35622 -0.78200 B   65 
 0.18545  1.56138 -0.99676 N   65 
 0.53238  1.52485 -0.74163 B   66 
 0.67880  1.29882 -0.75354 D   66 
 0.66318  1.71285 -0.98222 B   67 
 0.93184  1.48195 -1.06022 B   68 
 1.15274  1.40041 -0.64901 R   68 
 0.78150  1.27764 -1.28930 B   69 
 0.77892  1.09624 -1.10951 T   69 
 0.82995  1.19783 -1.58389 B   70 
 1.03113  1.26893 -1.56843 P   70 
 0.56296  1.05308 -1.73579 B   71 
 0.32739  1.07674 -1.55312 B   72 
 0.39919  1.18011 -1.35156 S   72 
-0.02705  0.98567 -1.44446 B   73 
-0.10603  0.81357 -1.74748 R   73 
-0.22090  1.00101 -1.19275 B   74 
-0.22850  1.22442 -1.02546 N   74 
-0.46143  0.77626 -1.14149 B   75 
-0.34683  0.57530 -1.36787 L   75 
-0.55165  0.87956 -0.83850 B   76 
-0.44373  0.61404 -0.71872 X   76 
-0.56644  1.17906 -0.83287 B   77 
-0.72844  1.33755 -0.98478 N   77 
-0.28956  1.26779 -0.65571 B   78 
-0.43931  1.14975 -0.43137 I   78 
-0.09530  1.38358 -0.43338 B   79 
-0.19642  1.56444 -0.40610 P   79 
 0.15866  1.21522 -0.29550 B   80 
 0.31836  1.12699 -0.55335 X   80 
 0.12803  1.35123 -0.01010 B   81 
 0.14189  1.58365 -0.06711 S   81 
-0.14578  1.21608  0.06225 B   82 
-0.28405  1.29759 -0.07397 A   82 
 0.01629  0.93478  0.11139 B   83 
-0.03452  0.81029 -0.18702 L   83 
 0.13412  1.06531  0.40887 B   84 
 0.40300  1.10363  0.22316 L   84 
-0.09019  1.06441  0.57858 B   85 
-0.29451  1.22366  0.57196 S   85 
-0.26109  0.95828  0.86384 B   86 
-0.25160  1.13414  1.02614 S   86 
-0.47752  0.93625  0.64813 B   87 
-0.75705  1.02103  0.63668 D   87 
-0.53769  0.63828  0.45422 B   88 
-0.47062  0.43424  0.61408 I   88 
-0.75662  0.68758  0.24035 B   89 
-0.95975  0.81143  0.35812 T   89 
-0.58394  0.74655 -0.01155 B   90 
-0.51471  0.95141  0.01037 A   90 
-0.41995  0.48152 -0.01784 B   91 
-0.19999  0.55423  0.12930 S   91 
-0.65823  0.28973 -0.03253 B   92 
-0.75758  0.23340  0.20343 V   92 
-0.79566  0.38997 -0.28794 B   93 
-1.02656  0.58955 -0.14637 N   93 
-0.54034  0.34408 -0.45590 B   94 
-0.33576  0.52953 -0.52623 X   94 
-0.49266  0.04501 -0.39476 B   95 
-0.41432  0.03696 -0.19440 A   95 
-0.75740 -0.05612 -0.51765 B   96 
-1.06616  0.02038 -0.17748 K   96 
-0.66406  0.01961 -0.80518 B   97 
-0.77509  0.37929 -0.88661 K   97 
-0.40283 -0.14423 -0.82010 B   98 
-0.18129  0.03030 -0.69110 I   98 
-0.52103 -0.43674 -0.76149 B   99 
-0.57692 -0.49505 -0.54403 V   99 
-0.72285 -0.39473 -1.02518 B   100 
-0.91097 -0.31600 -0.86014 S   100 
-0.50597 -0.38630 -1.27420 B   101 
-0.32068 -0.18721 -1.33274 D   101 
-0.41249 -0.73758 -1.29196 B   102 
-0.16037 -0.82681 -1.07814 B   103 
 0.02789 -0.75602 -1.33274 N   103 
-0.24638 -0.74828 -0.82621 B   104 
-0.02186 -0.77079 -0.55400 B   105 
-0.20290 -0.77831 -0.20620 M   105 
 0.23422 -0.77662 -0.74840 B   106 
 0.17013 -1.09105 -0.82833 N   106 
 0.27487 -0.46520 -0.74077 B   107 
 0.09229 -0.39244 -0.81226 A   107 
 0.40745 -0.55720 -0.46795 B   108 
 0.05415 -0.27608 -0.34801 W   108 
 0.72185 -0.65180 -0.41987 B   109 
 0.88338 -0.53556 -0.58097 V   109 
 0.71050 -0.72032 -0.11467 B   110 
 0.74919 -0.53575 -0.01258 A   110 
 0.47430 -0.91177 -0.13203 B   111 
 0.10926 -1.01946 -0.21421 W   111 
 0.58826 -1.11455 -0.33705 B   112 
 0.73941 -1.03720 -0.72369 R   112 
 0.87646 -1.16190 -0.17641 B   113 
 1.04265 -1.03699 -0.42556 N   113 
 0.72622 -1.17251  0.14607 B   114 
 1.08028 -0.85498  0.30790 R   114 
 0.40257 -1.27254  0.12759 B   115 
 0.37848 -0.97385  0.23619 X   115 
 0.36941 -1.46259 -0.08468 B   116 
 0.26658 -1.44423 -0.51731 K   116 
 0.28429 -1.78727  0.03191 B   117 
 0.22500 -1.70455  0.31232 B   118 
 0.43000 -1.55049  0.35268 T   118 
 0.12005 -1.65459  0.64896 B   119 
-0.00214 -1.83388  0.83637 D   119 
-0.07499 -1.37466  0.65551 B   120 
-0.07999 -1.33684  0.40850 V   120 
-0.25027 -1.41654  0.91163 B   121 
-0.48806 -1.73857  0.79632 Q   121 
-0.02400 -1.33675  1.11521 B   122 
 0.12252 -1.48073  1.08782 A   122 
-0.08064 -1.01747  1.07535 B   123 
 0.29610 -0.97750  0.87536 W   123 
-0.37131 -1.05212  1.25970 B   124 
-0.52829 -1.02889  1.04270 I   124 
-0.29223 -1.14714  1.51260 B   125 
-0.18802 -1.61680  1.32042 R   125 
-0.45856 -1.03184  1.80355 B   126 
-0.67743 -0.89117  1.64983 B   127 
-0.44571 -0.73421  1.48843 X   127 
-0.97281 -0.67908  1.67727 B   128 
-1.29092 -0.84392  1.86729 R   128 
-1.22733 -0.79990  1.42694 B   129 
-1.01704 -0.73578  1.28854 L   129 
