246 
 0.66392  0.76605  0.87138 B   1 
 0.38721  1.07802  0.91981 K   1 
 0.44720  0.69658  1.14811 B   2 
 0.57182  0.49884  1.26009 V   2 
 0.13694  0.61340  1.14689 B   3 
 0.07570  0.83317  0.77829 F   3 
-0.16408  0.63213  1.24201 B   4 
-0.44862  0.49072  1.19951 B   5 
-0.71198  0.22104  1.41748 R   5 
-0.64654  0.74057  1.18280 B   6 
-0.83754  0.67244  1.42207 X   6 
-0.44406  0.90244  1.01131 B   7 
-0.10782  1.06360  1.12694 E   7 
-0.43352  0.71819  0.76297 B   8 
-0.22511  0.50388  0.69411 L   8 
-0.73224  0.70295  0.69993 B   9 
-0.82131  0.57870  0.85416 A   9 
-0.76374  1.00126  0.64071 B   10 
-0.75722  1.10250  0.83444 A   10 
-0.55936  1.01686  0.40806 B   11 
-0.36423  1.03616  0.50031 A   11 
-0.67990  0.79124  0.23334 B   12 
-0.47955  0.43304  0.36041 M   12 
-0.94768  0.93133  0.19986 B   13 
-1.30558  0.94289  0.44476 K   13 
-0.86672  1.19874  0.07726 B   14 
-0.52375  1.47348  0.19337 R   14 
-0.72403  1.02437 -0.16363 B   15 
-0.37515  1.15178 -0.04680 H   15 
-0.97384  0.80661 -0.23880 B   16 
-0.97150  0.49295 -0.11503 B   17 
-0.64963  0.45253 -0.11837 L   17 
-1.25198  0.48054 -0.03932 B   18 
-1.41505  0.48903  0.22084 D   18 
-1.38925  0.24181 -0.23912 B   19 
-1.62693  0.31240 -0.03381 N   19 
-1.17037  0.16533 -0.41264 B   20 
-0.90143  0.37758 -0.69163 Y   20 
-1.26367 -0.06793 -0.62146 B   21 
-1.07285  0.05145 -1.03966 R   21 
-1.44804 -0.16789 -0.35328 B   22 
-1.24989 -0.07981 -0.11247 B   23 
-1.04484 -0.45362 -0.31127 Y   23 
-1.26213 -0.03161  0.18704 B   24 
-1.42220 -0.13423  0.32397 S   24 
-1.07786  0.14279  0.40397 B   25 
-1.07899  0.44838  0.47589 L   25 
-1.00705 -0.09987  0.59603 B   26 
-0.83265 -0.25246  0.39115 B   27 
-1.08437 -0.42811  0.25082 N   27 
-0.60701 -0.04518  0.35937 B   28 
-0.70875  0.05347 -0.06365 W   28 
-0.52845 -0.02986  0.65652 B   29 
-0.66158  0.15164  0.78658 V   29 
-0.47329 -0.32843  0.69266 B   30 
-0.63412 -0.54831  0.74524 X   30 
-0.24791 -0.35025  0.48535 B   31 
-0.34579 -0.35115  0.28973 A   31 
-0.05341 -0.13866  0.59990 B   32 
-0.13267  0.05421  0.54665 A   32 
-0.01584 -0.27901  0.86992 B   33 
-0.08988 -0.30688  1.20180 K   33 
 0.10177 -0.56738  0.74167 B   34 
-0.19902 -0.73827  0.96379 F   34 
 0.32342 -0.43872  0.54991 B   35 
 0.17697 -0.55495  0.25171 E   35 
 0.44285 -0.16797  0.74749 B   36 
 0.39191 -0.01389  0.59652 S   36 
 0.31568 -0.05764  1.01045 B   37 
 0.37379 -0.19860  1.25340 N   37 
 0.28066  0.24947  0.90813 B   38 
-0.08868  0.14330  1.06009 F   38 
 0.56811  0.26649  0.74523 B   39 
 0.82022  0.28234  0.90820 N   39 
 0.70806  0.46011  0.49393 B   40 
 0.60737  0.68465  0.53374 T   40 
 1.02077  0.33460  0.53194 B   41 
 1.19662  0.64855  0.70483 Q   41 
 0.96011  0.05880  0.44258 B   42 
 0.82997 -0.03352  0.58127 A   42 
 1.18742 -0.21531  0.36175 B   43 
 1.33601 -0.04230  0.27297 T   43 
 1.19575 -0.51376  0.13548 B   44 
 1.02931 -0.55269  0.42659 N   44 
 1.35787 -0.78258  0.04385 B   45 
 1.76874 -0.66748 -0.22999 R   45 
 1.35196 -0.99393 -0.23052 B   46 
 1.04036 -0.85242 -0.24491 N   46 
 1.43064 -1.28913 -0.37334 B   47 
 1.34671 -1.50035 -0.25043 T   47 
 1.42430 -1.14424 -0.67454 B   48 
 1.17597 -1.05758 -0.70863 D   48 
 1.57210 -0.84807 -0.58585 B   49 
 1.36679 -0.68787 -0.50629 B   50 
 1.15175 -0.72299 -0.61999 S   50 
 1.16102 -0.41224 -0.35349 B   51 
 1.39422 -0.36353 -0.22172 T   51 
 0.97806 -0.29746 -0.08779 B   52 
 0.76082 -0.55827 -0.13980 D   52 
 0.77480  0.00949 -0.05401 B   53 
 1.21317  0.03952 -0.24810 Y   53 
 0.63700  0.13971  0.20671 B   54 
 0.30982  0.13404  0.33848 B   55 
 0.19118  0.35435  0.44485 I   55 
 0.24552 -0.07943  0.06624 B   56 
-0.04879  0.04976  0.06447 L   56 
 0.47290 -0.24242 -0.05271 B   57 
 0.65850 -0.32439  0.22710 Q   57 
 0.59726 -0.14457 -0.32134 B   58 
 0.37761  0.05117 -0.41889 I   58 
 0.73004 -0.28966 -0.60354 B   59 
 0.80369 -0.58367 -0.63435 N   59 
 1.03161 -0.27351 -0.81269 B   60 
 1.20893 -0.29343 -0.66883 S   60 
 0.95089 -0.46263 -1.06541 B   61 
 1.16064 -0.83745 -1.05435 R   61 
 0.67727 -0.27065 -1.14384 B   62 
 0.56419 -0.70297 -1.23419 W   62 
 0.63832  0.03766 -0.99698 B   63 
 0.27937 -0.21200 -0.96817 W   63 
 0.94566  0.11228 -0.92023 B   64 
 0.91296  0.15892 -0.66642 X   64 
 1.26262  0.28444 -0.90063 B   65 
 1.44430  0.30323 -1.13485 N   65 
 1.60010  0.16850 -0.75491 B   66 
 1.51121 -0.06507 -0.65384 D   66 
 1.85150  0.07559 -0.95113 B   67 
 1.83921 -0.27393 -0.85489 B   68 
 1.86784 -0.27659 -0.38191 R   68 
 1.60941 -0.39721 -1.07583 B   69 
 1.44678 -0.41522 -0.87972 T   69 
 1.60469 -0.61351 -1.29649 B   70 
 1.78103 -0.70081 -1.21252 P   70 
 1.34380 -0.58807 -1.51236 B   71 
 1.20201 -0.33055 -1.45761 B   72 
 1.30726 -0.22518 -1.27244 S   72 
 0.90496 -0.09351 -1.49367 B   73 
 0.75107 -0.28095 -1.75607 R   73 
 0.77503  0.16354 -1.35869 B   74 
 0.93049  0.37504 -1.26354 N   74 
 0.44689  0.22049 -1.36755 B   75 
 0.37971 -0.07778 -1.47380 L   75 
 0.44409  0.48227 -1.16243 B   76 
 0.28773  0.31364 -0.95359 X   76 
 0.67127  0.66649 -1.22878 B   77 
 0.71351  0.79511 -1.46566 N   77 
 0.89138  0.61414 -0.97436 B   78 
 0.68541  0.75227 -0.81566 I   78 
 1.07845  0.65401 -0.72140 B   79 
 1.15753  0.83843 -0.77983 P   79 
 1.08541  0.45132 -0.45546 B   80 
 1.13770  0.17260 -0.59457 X   80 
 1.14623  0.68354 -0.24745 B   81 
 1.34390  0.78072 -0.34203 S   81 
 0.86670  0.82410 -0.27142 B   82 
 0.86091  0.89999 -0.46770 A   82 
 0.73758  0.57693 -0.09809 B   83 
 0.63789  0.39998 -0.35476 L   83 
 0.88267  0.71184  0.18505 B   84 
 1.09387  0.46600  0.12839 L   84 
 0.72955  0.94164  0.23855 B   85 
 0.73248  1.16721  0.11101 S   85 
 0.51421  1.12936  0.43913 B   86 
 0.64292  1.29978  0.54752 S   86 
 0.38716  1.16123  0.16218 B   87 
 0.28623  1.39243  0.01447 D   87 
 0.13442  0.94011  0.03090 B   88 
-0.00202  0.85295  0.24415 I   88 
 0.06206  1.01541 -0.26097 B   89 
 0.02546  1.27814 -0.27111 T   89 
 0.23792  0.81509 -0.42127 B   90 
 0.43952  0.89621 -0.41694 A   90 
 0.12828  0.54999 -0.29932 B   91 
 0.30427  0.51267 -0.09207 S   91 
-0.16594  0.59343 -0.37226 B   92 
-0.29381  0.73848 -0.19525 V   92 
-0.14466  0.62366 -0.67689 B   93 
-0.14055  0.95961 -0.69441 N   93 
-0.00995  0.34700 -0.70547 B   94 
 0.26726  0.28277 -0.72018 X   94 
-0.22348  0.17219 -0.56656 B   95 
-0.20221  0.20873 -0.35547 A   95 
-0.45140  0.23469 -0.76546 B   96 
-0.61122  0.64548 -0.61511 K   96 
-0.30675  0.08065 -0.99452 B   97 
-0.08164  0.32329 -1.19143 K   97 
-0.27676 -0.19590 -0.86062 B   98 
-0.01757 -0.18443 -0.69070 I   98 
-0.58518 -0.25660 -0.79612 B   99 
-0.68650 -0.15058 -0.61638 V   99 
-0.64805 -0.22032 -1.12286 B   100 
-0.71588  0.02861 -1.07529 S   100 
-0.48568 -0.47797 -1.25080 B   101 
-0.21051 -0.51588 -1.26634 D   101 
-0.70498 -0.75046 -1.15029 B   102 
-0.64409 -0.87098 -0.83563 B   103 
-0.44919 -1.07626 -0.99420 N   103 
-0.65889 -0.65014 -0.66816 B   104 
-0.56772 -0.68652 -0.32848 B   105 
-0.71744 -0.40618 -0.09872 M   105 
-0.39828 -0.95311 -0.38866 B   106 
-0.67765 -1.12765 -0.41794 N   106 
-0.12835 -0.79841 -0.43219 B   107 
-0.17423 -0.66742 -0.58864 A   107 
-0.14777 -0.81250 -0.11612 B   108 
-0.15111 -0.35764 -0.22255 W   108 
-0.03711 -1.05560  0.08076 B   109 
 0.16833 -1.17307 -0.01700 V   109 
-0.12821 -0.94429  0.35875 B   110 
 0.03099 -0.81672  0.42484 A   110 
-0.42064 -0.90331  0.28428 B   111 
-0.71842 -0.75805  0.07976 W   111 
-0.49175 -1.19218  0.19690 B   112 
-0.30109 -1.43058 -0.09488 R   112 
-0.37071 -1.33787  0.47116 B   113 
-0.14692 -1.49473  0.29621 N   113 
-0.50175 -1.09187  0.69251 B   114 
-0.05264 -1.07219  0.91675 R   114 
-0.77472 -0.94022  0.55991 B   115 
-0.56396 -0.70198  0.58017 X   115 
-0.92403 -1.12626  0.40063 B   116 
-0.92907 -1.24923 -0.02708 K   116 
-1.24358 -1.20049  0.53713 B   117 
-1.24172 -0.98187  0.74009 B   118 
-0.99997 -1.01252  0.82955 T   118 
-1.29891 -0.72498  0.98004 B   119 
-1.53296 -0.65779  1.13136 D   119 
-1.19630 -0.43034  0.84184 B   120 
-1.14508 -0.52100  0.61463 V   120 
-1.36066 -0.21651  1.00102 B   121 
-1.74759 -0.29517  0.86821 Q   121 
-1.18082 -0.22758  1.25899 B   122 
-1.20328 -0.42146  1.32869 A   122 
-0.95883 -0.02519  1.13054 B   123 
-0.67968 -0.34929  1.10701 W   123 
-1.18020  0.23676  1.17591 B   124 
-1.23539  0.25399  0.91337 I   124 
-1.23239  0.24758  1.45231 B   125 
-1.52156 -0.18167  1.42995 R   125 
-1.27055  0.56179  1.61178 B   126 
-1.27661  0.71757  1.35292 B   127 
-0.99650  0.57611  1.27601 X   127 
-1.29035  1.05061  1.20496 B   128 
-1.63175  1.25905  1.27186 R   128 
-1.51509  1.03527  0.90281 B   129 
-1.32359  0.86578  0.85709 L   129 
