246 
 0.88367  0.56245  0.83047 B   1 
 0.86935  0.95931  0.69430 K   1 
 0.64029  0.74791  1.01688 B   2 
 0.59296  0.58466  1.21252 V   2 
 0.35270  0.85627  0.92346 B   3 
 0.49457  0.89185  0.51539 F   3 
 0.12543  1.07422  0.89410 B   4 
-0.17498  1.10893  0.78775 B   5 
-0.57495  1.15008  0.95487 R   5 
-0.16153  1.39028  0.63759 B   6 
-0.37989  1.54676  0.79947 X   6 
 0.11722  1.32410  0.51705 B   7 
 0.46011  1.30659  0.70286 E   7 
 0.03810  1.07962  0.34471 B   8 
 0.06628  0.78189  0.41305 L   8 
-0.18924  1.20454  0.18300 B   9 
-0.35598  1.22879  0.32000 A   9 
-0.01358  1.41218  0.04330 B   10 
 0.03193  1.56416  0.19383 A   10 
 0.18025  1.21324 -0.09454 B   11 
 0.32829  1.16011  0.05452 A   11 
-0.03377  1.04155 -0.23832 B   12 
-0.12910  0.72746  0.03891 M   12 
-0.14157  1.27447 -0.40137 B   13 
-0.43537  1.58188 -0.31544 K   13 
 0.10715  1.37158 -0.54903 B   14 
 0.52813  1.43271 -0.38894 R   14 
 0.13321  1.06541 -0.66893 B   15 
 0.46377  1.01712 -0.46894 H   15 
-0.18597  1.01213 -0.77267 B   16 
-0.40169  0.83671 -0.58190 B   17 
-0.18428  0.63073 -0.45721 L   17 
-0.63103  1.01271 -0.61332 B   18 
-0.78165  1.21824 -0.44181 D   18 
-0.86294  0.82999 -0.78239 B   19 
-1.02298  1.09775 -0.70292 N   19 
-0.72490  0.58172 -0.83874 B   20 
-0.34995  0.47007 -1.04406 Y   20 
-0.91897  0.37516 -1.00123 B   21 
-0.64509  0.17978 -1.33645 R   21 
-1.15646  0.51732 -0.80300 B   22 
-0.98071  0.57539 -0.53700 B   23 
-1.04123  0.10896 -0.54620 Y   23 
-0.99690  0.74419 -0.28517 B   24 
-1.20112  0.81540 -0.19504 S   24 
-0.77306  0.86208 -0.06739 B   25 
-0.58642  1.11418 -0.08029 L   25 
-0.90008  0.72971  0.19171 B   26 
-0.84062  0.43732  0.11017 B   27 
-1.12589  0.38783 -0.06326 N   27 
-0.53289  0.45074  0.11187 B   28 
-0.49261  0.39770 -0.32926 W   28 
-0.50138  0.54531  0.40302 B   29 
-0.50159  0.80432  0.42528 V   29 
-0.65642  0.31478  0.53073 B   30 
-0.92597  0.26579  0.57451 X   30 
-0.47403  0.08812  0.43270 B   31 
-0.52371  0.05765  0.22187 A   31 
-0.20557  0.18382  0.55309 B   32 
-0.13457  0.34379  0.42787 A   32 
-0.30173  0.17665  0.84416 B   33 
-0.41762  0.33788  1.12161 K   33 
-0.38223 -0.15040  0.84477 B   34 
-0.74741 -0.01568  0.97707 F   34 
-0.10780 -0.25963  0.72142 B   35 
-0.25536 -0.39062  0.42995 E   35 
 0.13152 -0.04499  0.87393 B   36 
 0.21134  0.02998  0.68122 S   36 
 0.07318  0.21581  1.03540 B   37 
-0.00445  0.18550  1.30986 N   37 
 0.25730  0.41341  0.85357 B   38 
-0.10911  0.60245  0.88167 F   38 
 0.50592  0.19989  0.80822 B   39 
 0.68578  0.14327  1.04235 N   39 
 0.76800  0.15682  0.58532 B   40 
 0.83140  0.39092  0.52770 T   40 
 0.91850 -0.08810  0.76516 B   41 
 1.23135  0.11654  0.90526 Q   41 
 0.70658 -0.29242  0.73237 B   42 
 0.53136 -0.22932  0.83242 A   42 
 0.71207 -0.64877  0.81195 B   43 
 0.94682 -0.64237  0.74305 T   43 
 0.55502 -0.96522  0.68734 B   44 
 0.36742 -0.77898  0.89729 N   44 
 0.51605 -1.28682  0.73209 B   45 
 0.93501 -1.54382  0.60767 R   45 
 0.41039 -1.55299  0.53724 B   46 
 0.26802 -1.28706  0.37496 N   46 
 0.29795 -1.86996  0.51230 B   47 
 0.08312 -1.92470  0.64500 T   47 
 0.42457 -1.88978  0.20354 B   48 
 0.29717 -1.70634  0.06050 D   48 
 0.71547 -1.71848  0.26240 B   49 
 0.65346 -1.45701  0.21842 B   50 
 0.48292 -1.41358  0.04685 S   50 
 0.65609 -1.08073  0.21085 B   51 
 0.84678 -1.11655  0.40182 T   51 
 0.55813 -0.78515  0.35328 B   52 
 0.23291 -0.87746  0.29304 D   52 
 0.59790 -0.43817  0.23206 B   53 
 0.97277 -0.73775  0.21058 Y   53 
 0.54460 -0.15815  0.38264 B   54 
 0.27725  0.07198  0.38272 B   55 
 0.31594  0.34108  0.37927 I   55 
 0.12586 -0.16302  0.16900 B   56 
-0.01299  0.08995  0.02744 L   56 
 0.20773 -0.45527  0.18645 B   57 
 0.25964 -0.49672  0.52564 Q   57 
 0.39862 -0.56644 -0.03356 B   58 
 0.37110 -0.34674 -0.25047 I   58 
 0.44128 -0.86360 -0.20148 B   59 
 0.31162 -1.12936 -0.12817 N   59 
 0.70585 -1.10510 -0.28290 B   60 
 0.80866 -1.15495 -0.08421 S   60 
 0.55525 -1.30525 -0.49126 B   61 
 0.47105 -1.68578 -0.31039 R   61 
 0.48214 -1.05074 -0.70979 B   62 
 0.13006 -1.34007 -0.72319 W   62 
 0.63250 -0.74422 -0.67002 B   63 
 0.19721 -0.71692 -0.71237 W   63 
 0.90280 -0.82509 -0.50782 B   64 
 0.87596 -0.66568 -0.30401 X   64 
 1.25038 -0.86496 -0.41790 B   65 
 1.42932 -1.04990 -0.56622 N   65 
 1.41210 -1.07069 -0.13488 B   66 
 1.18190 -1.14817 -0.01794 D   66 
 1.56699 -1.35820 -0.19558 B   67 
 1.32063 -1.56328 -0.02579 B   68 
 1.28059 -1.37978  0.40925 R   68 
 1.09582 -1.62112 -0.27666 B   69 
 0.93660 -1.46219 -0.15573 T   69 
 0.98105 -1.86869 -0.42170 B   70 
 1.04737 -1.99218 -0.26007 P   70 
 0.82782 -1.79993 -0.71682 B   71 
 0.87953 -1.51325 -0.78437 B   72 
 1.00331 -1.41572 -0.60651 S   72 
 0.81235 -1.19539 -0.98482 B   73 
 0.60882 -1.35859 -1.22898 R   73 
 0.86254 -0.88142 -0.97600 B   74 
 1.10392 -0.77277 -0.88722 N   74 
 0.65258 -0.66526 -1.11807 B   75 
 0.42342 -0.88945 -1.16273 L   75 
 0.79290 -0.38731 -1.00117 B   76 
 0.53988 -0.33528 -0.82862 X   76 
 1.09134 -0.40609 -1.02410 B   77 
 1.23601 -0.43680 -1.25338 N   77 
 1.19159 -0.45571 -0.70252 B   78 
 1.10485 -0.17621 -0.67026 I   78 
 1.32641 -0.42129 -0.41755 B   79 
 1.51217 -0.35588 -0.48749 P   79 
 1.16755 -0.45859 -0.12561 B   80 
 1.04533 -0.74769 -0.16101 X   80 
 1.33651 -0.23544  0.02454 B   81 
 1.56026 -0.31306 -0.01253 S   81 
 1.21895  0.00827 -0.13439 B   82 
 1.28829 -0.01714 -0.33152 A   82 
 0.94047 -0.02641  0.03608 B   83 
 0.78389 -0.20911 -0.18581 L   83 
 1.10092  0.11241  0.30884 B   84 
 1.10939 -0.20445  0.39707 L   84 
 1.12641  0.38469  0.24303 B   85 
 1.28992  0.49195  0.07298 S   85 
 1.05919  0.72295  0.29691 B   86 
 1.25227  0.82210  0.39813 S   86 
 1.01888  0.69750 -0.00572 B   87 
 1.11015  0.85684 -0.23318 D   87 
 0.70244  0.61954 -0.15996 B   88 
 0.51633  0.72148  0.00330 I   88 
 0.73325  0.58934 -0.46694 B   89 
 0.87595  0.79490 -0.55555 T   89 
 0.75745  0.28060 -0.49597 B   90 
 0.96130  0.23126 -0.43892 A   90 
 0.48865  0.20051 -0.35994 B   91 
 0.57124  0.16574 -0.10053 S   91 
 0.30372  0.36119 -0.54366 B   92 
 0.27808  0.61093 -0.46822 V   92 
 0.37784  0.24198 -0.81654 B   93 
 0.59932  0.47516 -0.91534 N   93 
 0.30516 -0.04355 -0.72331 B   94 
 0.47499 -0.24725 -0.61912 X   94 
 0.01388  0.00543 -0.63274 B   95 
 0.02669  0.10998 -0.44499 A   95 
-0.09277  0.09024 -0.90995 B   96 
 0.03182  0.53818 -0.93699 K   96 
-0.05365 -0.19726 -1.02366 B   97 
 0.29738 -0.22817 -1.17907 K   97 
-0.22592 -0.35662 -0.82306 B   98 
-0.04439 -0.41731 -0.57903 I   98 
-0.50599 -0.20507 -0.86256 B   99 
-0.53704  0.00316 -0.76515 V   99 
-0.48869 -0.28346 -1.18750 B   100 
-0.38577 -0.04634 -1.23231 S   100 
-0.51567 -0.61255 -1.17801 B   101 
-0.33035 -0.79646 -1.08194 D   101 
-0.86930 -0.64735 -1.09937 B   102 
-0.94075 -0.63392 -0.76477 B   103 
-0.90559 -0.95589 -0.78405 N   103 
-0.83105 -0.39504 -0.67569 B   104 
-0.82869 -0.32663 -0.32879 B   105 
-0.79047  0.05524 -0.24812 M   105 
-0.86466 -0.63724 -0.25374 B   106 
-1.18416 -0.62368 -0.33802 N   106 
-0.55583 -0.69094 -0.23316 B   107 
-0.48635 -0.63775 -0.42312 A   107 
-0.61961 -0.55623  0.04658 B   108 
-0.31599 -0.27080 -0.16457 W   108 
-0.71743 -0.70858  0.32465 B   109 
-0.62553 -0.94696  0.34161 V   109 
-0.74982 -0.46033  0.51252 B   110 
-0.55593 -0.42674  0.59775 A   110 
-0.93479 -0.30305  0.32869 B   111 
-1.04022 -0.12275  0.00009 W   111 
-1.16327 -0.51028  0.29716 B   112 
-1.13574 -0.91050  0.16528 R   112 
-1.20038 -0.56498  0.62385 B   113 
-1.11018 -0.87465  0.58825 N   113 
-1.16909 -0.22169  0.71246 B   114 
-0.84579 -0.35682  1.07244 R   114 
-1.26079 -0.01971  0.45577 B   115 
-0.95095  0.04631  0.49087 X   115 
-1.47302 -0.14055  0.30534 B   116 
-1.50174 -0.40848 -0.04887 K   116 
-1.77933  0.03787  0.32972 B   117 
-1.66299  0.28116  0.45725 B   118 
-1.51154  0.16532  0.63342 T   118 
-1.57129  0.60000  0.58676 B   119 
-1.72394  0.84039  0.62001 D   119 
-1.28674  0.69837  0.42615 B   120 
-1.27760  0.50837  0.26403 V   120 
-1.29341  1.01014  0.45497 B   121 
-1.61931  1.10761  0.21448 Q   121 
-1.19746  1.01380  0.75463 B   122 
-1.34799  0.91551  0.85772 A   122 
-0.88337  0.98460  0.66958 B   123 
-0.87817  0.58823  0.83201 W   123 
-0.88770  1.31384  0.56346 B   124 
-0.88501  1.24479  0.30367 I   124 
-0.95517  1.46757  0.78942 B   125 
-1.44683  1.30528  0.77190 R   125 
-0.80203  1.78328  0.83929 B   126 
-0.67356  1.78918  0.56584 B   127 
-0.54337  1.50164  0.63479 X   127 
-0.45091  1.97455  0.34435 B   128 
-0.58302  2.33964  0.22718 R   128 
-0.59216  1.95747 -0.00465 B   129 
-0.55084  1.71119  0.06697 L   129 
