246 
-1.33561  0.04822 -0.02695 B   1 
-1.42416 -0.36006  0.01432 K   1 
-1.37854 -0.03411  0.31911 B   2 
-1.39373  0.20212  0.42462 V   2 
-1.18582 -0.20290  0.51288 B   3 
-1.04246 -0.43383  0.17519 F   3 
-1.12135 -0.42465  0.72894 B   4 
-0.87875 -0.53928  0.90436 B   5 
-0.74320 -0.52516  1.31791 R   5 
-0.92375 -0.85464  0.88418 B   6 
-0.95444 -0.92296  1.18875 X   6 
-0.99857 -0.83494  0.58314 B   7 
-1.32516 -0.68888  0.42692 E   7 
-0.73000 -0.72685  0.47397 B   8 
-0.65399 -0.43664  0.40988 L   8 
-0.54160 -0.93968  0.58644 B   9 
-0.52972 -0.90435  0.80037 A   9 
-0.66358 -1.17143  0.42864 B   10 
-0.85484 -1.21615  0.52480 A   10 
-0.61248 -1.05699  0.14503 B   11 
-0.77496 -0.91921  0.10536 A   11 
-0.30804 -1.00852  0.17539 B   12 
-0.27356 -0.60663  0.32334 M   12 
-0.24503 -1.30161  0.22629 B   13 
-0.24956 -1.54475  0.58554 K   13 
-0.35854 -1.43704 -0.02244 B   14 
-0.75548 -1.36332 -0.23123 R   14 
-0.16161 -1.23897 -0.19788 B   15 
-0.47492 -1.06065 -0.34496 H   15 
 0.13168 -1.27973 -0.03115 B   16 
 0.23328 -1.05223  0.19606 B   17 
 0.11108 -0.79138  0.04683 L   17 
 0.31953 -1.23983  0.40081 B   18 
 0.21696 -1.33790  0.67322 D   18 
 0.65606 -1.19710  0.42684 B   19 
 0.58766 -1.39710  0.66963 N   19 
 0.71550 -1.00356  0.21977 B   20 
 0.65173 -0.98067 -0.21683 Y   20 
 1.03455 -0.93354  0.21428 B   21 
 1.15389 -0.91816 -0.24515 R   21 
 1.00036 -0.97250  0.55076 B   22 
 0.69735 -0.86442  0.58969 B   23 
 0.95516 -0.48117  0.50049 Y   23 
 0.47579 -0.87607  0.79693 B   24 
 0.51909 -0.90873  1.02487 S   24 
 0.14415 -0.83918  0.78762 B   25 
-0.08316 -1.04069  0.70836 L   25 
 0.12706 -0.60342  0.99955 B   26 
 0.27265 -0.39355  0.82512 B   27 
 0.58524 -0.47086  0.92619 N   27 
 0.06767 -0.37393  0.59603 B   28 
 0.33717 -0.55732  0.29146 W   28 
-0.17478 -0.29752  0.76948 B   29 
-0.30675 -0.50461  0.85479 V   29 
-0.04822 -0.05073  0.89819 B   30 
 0.12054 -0.01263  1.11509 X   30 
-0.00156  0.10697  0.63895 B   31 
 0.17389  0.01690  0.54433 A   31 
-0.29187  0.11571  0.53234 B   32 
-0.33369 -0.07839  0.44931 A   32 
-0.40568  0.26554  0.77444 B   33 
-0.57545  0.26403  1.07039 K   33 
-0.20478  0.53426  0.74497 B   34 
-0.11297  0.45441  1.13767 F   34 
-0.25542  0.58842  0.43359 B   35 
 0.07847  0.53128  0.33799 E   35 
-0.60112  0.51074  0.40109 B   36 
-0.56826  0.35380  0.24806 S   36 
-0.78212  0.36972  0.61285 B   37 
-0.88706  0.53217  0.82468 N   37 
-0.87906  0.12510  0.42108 B   38 
-0.74725 -0.05558  0.76859 F   38 
-0.91336  0.30588  0.14613 B   39 
-1.14698  0.49447  0.13129 N   39 
-0.92512  0.25056 -0.19596 B   40 
-1.03749  0.02869 -0.21286 T   40 
-1.02040  0.56679 -0.27278 B   41 
-1.40117  0.49821 -0.37123 Q   41 
-0.77062  0.70142 -0.18787 B   42 
-0.74833  0.68366  0.02160 A   42 
-0.66012  1.04484 -0.24443 B   43 
-0.77158  1.02611 -0.46150 T   43 
-0.33789  1.23124 -0.28635 B   44 
-0.43151  1.16608  0.03137 N   44 
-0.19330  1.52264 -0.31993 B   45 
-0.26861  1.71518 -0.78286 R   45 
 0.11608  1.63463 -0.42819 B   46 
 0.18575  1.31069 -0.34139 N   46 
 0.34861  1.87827 -0.44559 B   47 
 0.43016  1.97336 -0.21961 T   47 
 0.46606  1.74489 -0.72874 B   48 
 0.55199  1.50223 -0.66496 D   48 
 0.16458  1.65959 -0.86753 B   49 
 0.11192  1.40952 -0.77351 B   50 
 0.30713  1.26589 -0.73268 S   50 
-0.05716  1.08794 -0.67527 B   51 
-0.28074  1.23732 -0.71792 T   51 
-0.21690  0.90365 -0.43492 B   52 
 0.07138  0.91816 -0.24889 D   52 
-0.32660  0.55064 -0.43983 B   53 
-0.41737  0.82901 -0.82063 Y   53 
-0.51293  0.38814 -0.23295 B   54 
-0.44636  0.16768  0.03426 B   55 
-0.59215 -0.05767  0.07770 I   55 
-0.11024  0.23893 -0.04167 B   56 
-0.04964 -0.06281  0.05102 L   56 
-0.03996  0.50297 -0.17493 B   57 
-0.26286  0.72155 -0.02660 Q   57 
 0.02340  0.49975 -0.48018 B   58 
 0.07397  0.19734 -0.52561 I   58 
 0.23506  0.66657 -0.69394 B   59 
 0.39486  0.91697 -0.62628 N   59 
 0.22548  0.85356 -1.01000 B   60 
 0.06006  1.01027 -0.98523 S   60 
 0.54185  0.89828 -1.07369 B   61 
 0.65880  1.30667 -1.00929 R   61 
 0.60680  0.56115 -1.07574 B   62 
 0.97363  0.76411 -0.89660 W   62 
 0.34555  0.33784 -1.08134 B   63 
 0.63889  0.24998 -0.76790 W   63 
 0.10909  0.51791 -1.21391 B   64 
-0.07181  0.48789 -1.02941 X   64 
-0.15136  0.63286 -1.43626 B   65 
-0.09065  0.72850 -1.71082 N   65 
-0.33519  0.97137 -1.45006 B   66 
-0.22369  1.07587 -1.22799 D   66 
-0.26599  1.19742 -1.68340 B   67 
-0.11822  1.43594 -1.45351 B   68 
-0.44378  1.50596 -1.11639 R   68 
 0.20692  1.33082 -1.44620 B   69 
 0.16227  1.24466 -1.20994 T   69 
 0.48303  1.45242 -1.51310 B   70 
 0.39753  1.64826 -1.50287 P   70 
 0.73148  1.22406 -1.55096 B   71 
 0.60868  0.95141 -1.55018 B   72 
 0.37521  0.97470 -1.51259 S   72 
 0.62973  0.57087 -1.52849 B   73 
 0.98525  0.56035 -1.56273 R   73 
 0.44850  0.31519 -1.47410 B   74 
 0.18910  0.29370 -1.57511 N   74 
 0.57194  0.03732 -1.33791 B   75 
 0.84919  0.18082 -1.25240 L   75 
 0.28281 -0.12224 -1.29850 B   76 
 0.31559 -0.10010 -0.99039 X   76 
 0.11366 -0.08929 -1.54396 B   77 
 0.17564 -0.16987 -1.79715 N   77 
-0.12574  0.13164 -1.44498 B   78 
-0.21762 -0.09595 -1.28235 I   78 
-0.40330  0.26570 -1.37038 B   79 
-0.50962  0.19178 -1.53443 P   79 
-0.46358  0.43531 -1.08851 B   80 
-0.23107  0.64895 -1.09688 X   80 
-0.76650  0.34233 -1.06658 B   81 
-0.85204  0.41025 -1.27996 S   81 
-0.70468  0.04136 -1.00284 B   82 
-0.61646 -0.03415 -1.17843 A   82 
-0.61460  0.13316 -0.70073 B   83 
-0.29404  0.15542 -0.76297 L   83 
-0.94886  0.17510 -0.62374 B   84 
-0.86366  0.49001 -0.66648 L   84 
-1.04929 -0.08704 -0.60603 B   85 
-1.09891 -0.25116 -0.80034 S   85 
-1.19386 -0.35099 -0.42918 B   86 
-1.42552 -0.36261 -0.48882 S   86 
-0.97031 -0.49267 -0.58347 B   87 
-0.96202 -0.73805 -0.74214 D   87 
-0.63645 -0.53890 -0.45535 B   88 
-0.66379 -0.55728 -0.18965 I   88 
-0.45376 -0.67192 -0.66755 B   89 
-0.58502 -0.87826 -0.77085 T   89 
-0.31032 -0.42403 -0.78889 B   90 
-0.45384 -0.33243 -0.92398 A   90 
-0.18453 -0.31105 -0.52700 B   91 
-0.38116 -0.13711 -0.44700 S   91 
-0.02621 -0.56153 -0.44975 B   92 
-0.17029 -0.73529 -0.31645 V   92 
 0.14838 -0.59719 -0.69957 B   93 
-0.03987 -0.82452 -0.86104 N   93 
 0.26835 -0.31403 -0.66901 B   94 
 0.18829 -0.07055 -0.79349 X   94 
 0.37751 -0.33620 -0.38084 B   95 
 0.20607 -0.32446 -0.25116 A   95 
 0.57767 -0.56414 -0.43910 B   96 
 0.30940 -0.94457 -0.42504 K   96 
 0.75387 -0.37729 -0.61563 B   97 
 0.63789 -0.39868 -0.98226 K   97 
 0.81416 -0.15395 -0.41120 B   98 
 0.57524  0.04346 -0.42262 I   98 
 0.94917 -0.33010 -0.17945 B   99 
 0.81404 -0.45777 -0.04068 V   99 
 1.17362 -0.43319 -0.40533 B   100 
 1.02659 -0.64702 -0.44390 S   100 
 1.33559 -0.15285 -0.47082 B   101 
 1.24151  0.07117 -0.60634 D   101 
 1.53047 -0.11660 -0.16560 B   102 
 1.36459  0.04115  0.08904 B   103 
 1.50105  0.30641 -0.03858 N   103 
 1.13010 -0.10305  0.12450 B   104 
 0.88409  0.02195  0.34557 B   105 
 0.63534 -0.25444  0.47017 M   105 
 1.00310  0.32030  0.33060 B   106 
 1.25407  0.23329  0.52760 N   106 
 0.81650  0.40666  0.09308 B   107 
 0.86428  0.26855 -0.05652 A   107 
 0.62396  0.43384  0.34341 B   108 
 0.42808  0.11129  0.06804 W   108 
 0.58558  0.69931  0.53874 B   109 
 0.62508  0.91858  0.41256 V   109 
 0.37742  0.58532  0.74282 B   110 
 0.18505  0.62073  0.65492 A   110 
 0.53739  0.33766  0.81909 B   111 
 0.72469  0.00213  0.75628 W   111 
 0.79838  0.47380  0.91651 B   112 
 1.04473  0.74516  0.70676 R   112 
 0.64644  0.68830  1.12146 B   113 
 0.75194  0.93995  0.94586 N   113 
 0.41490  0.44799  1.24526 B   114 
 0.04762  0.78315  1.17355 R   114 
 0.53926  0.13334  1.22029 B   115 
 0.28835  0.12631  1.02387 X   115 
 0.82340  0.13553  1.25954 B   116 
 1.18208  0.17265  0.99868 K   116 
 0.92371 -0.03228  1.55624 B   117 
 0.65931 -0.15931  1.61046 B   118 
 0.50665  0.04604  1.56668 T   118 
 0.37499 -0.35153  1.70559 B   119 
 0.34274 -0.55200  1.90800 D   119 
 0.24582 -0.49135  1.42238 B   120 
 0.42647 -0.41527  1.26732 V   120 
 0.08985 -0.74019  1.53113 B   121 
 0.40257 -0.98091  1.66455 Q   121 
-0.15769 -0.57622  1.63532 B   122 
-0.07935 -0.45364  1.78293 A   122 
-0.29394 -0.56563  1.33857 B   123 
-0.21589 -0.14483  1.31980 W   123 
-0.37648 -0.90001  1.37110 B   124 
-0.18695 -0.97813  1.19719 I   124 
-0.54228 -0.91755  1.59791 B   125 
-0.14128 -0.83770  1.91604 R   125 
-0.81572 -1.14303  1.59869 B   126 
-0.73292 -1.27937  1.34204 B   127 
-0.72751 -0.98748  1.20363 X   127 
-0.82464 -1.53076  1.09429 B   128 
-0.83465 -1.91372  1.22739 R   128 
-0.51154 -1.71378  0.99178 B   129 
-0.46951 -1.46402  0.93395 L   129 
