246 
 1.22247  0.17221  0.51265 B   1 
 1.27173 -0.19562  0.70890 K   1 
 1.38287 -0.06295  0.29506 B   2 
 1.46423  0.09318  0.10487 V   2 
 1.25923 -0.32052  0.14826 B   3 
 0.97315 -0.37110  0.47000 F   3 
 1.25563 -0.62375  0.05852 B   4 
 1.08557 -0.82965 -0.11882 B   5 
 1.11874 -1.02905 -0.50448 R   5 
 1.08247 -1.09066  0.06488 B   6 
 1.21761 -1.29465 -0.13133 X   6 
 1.03991 -0.92148  0.32213 B   7 
 1.29807 -0.69011  0.50165 E   7 
 0.76462 -0.79813  0.25338 B   8 
 0.70449 -0.52103  0.13631 L   8 
 0.60912 -1.05440  0.19350 B   9 
 0.68305 -1.12804  0.00305 A   9 
 0.63458 -1.16934  0.47568 B   10 
 0.84135 -1.23797  0.49470 A   10 
 0.49399 -0.93709  0.62547 B   11 
 0.64437 -0.78365  0.65367 A   11 
 0.23141 -0.93626  0.46113 B   12 
 0.30248 -0.66068  0.13926 M   12 
 0.15851 -1.22168  0.53646 B   13 
 0.26984 -1.60668  0.37036 K   13 
 0.15312 -1.20952  0.84128 B   14 
 0.44762 -1.00959  1.12393 R   14 
-0.07086 -0.96949  0.80956 B   15 
 0.18230 -0.71560  0.96136 H   15 
-0.28215 -1.11129  0.58433 B   16 
-0.26320 -1.03181  0.25718 B   17 
-0.17678 -0.72175  0.29771 L   17 
-0.28708 -1.30173  0.15168 B   18 
-0.10151 -1.50979  0.02276 D   18 
-0.58144 -1.30661 -0.01886 B   19 
-0.45034 -1.59214 -0.08893 N   19 
-0.69157 -1.04318  0.02952 B   20 
-0.79506 -0.80669  0.38810 Y   20 
-0.97858 -1.00752 -0.12241 B   21 
-1.25977 -0.78260  0.18726 R   21 
-0.82476 -1.20105 -0.35649 B   22 
-0.51908 -1.09911 -0.32211 B   23 
-0.74483 -0.74479 -0.53374 Y   23 
-0.23869 -1.18996 -0.39495 B   24 
-0.19628 -1.33235 -0.57613 S   24 
 0.06678 -1.12423 -0.27748 B   25 
 0.22217 -1.24153 -0.03120 L   25 
 0.18997 -1.01976 -0.55078 B   26 
 0.01490 -0.76543 -0.56915 B   27 
-0.24316 -0.90904 -0.73250 N   27 
 0.11907 -0.61966 -0.31858 B   28 
-0.26486 -0.65590 -0.09427 W   28 
 0.41618 -0.61564 -0.39869 B   29 
 0.54542 -0.82568 -0.31648 V   29 
 0.37729 -0.47395 -0.66684 B   30 
 0.30854 -0.56037 -0.92136 X   30 
 0.25502 -0.21541 -0.55522 B   31 
 0.04761 -0.26354 -0.50507 A   31 
 0.48251 -0.13082 -0.36335 B   32 
 0.46694 -0.25611 -0.18907 A   32 
 0.69592 -0.10729 -0.58227 B   33 
 0.96338 -0.23670 -0.74998 K   33 
 0.53161  0.12341 -0.76453 B   34 
 0.58612 -0.14395 -1.07205 F   34 
 0.46696  0.32548 -0.52487 B   35 
 0.11748  0.29260 -0.55066 E   35 
 0.76322  0.30385 -0.32900 B   36 
 0.65696  0.23820 -0.14589 S   36 
 0.99294  0.09456 -0.35933 B   37 
 1.18825  0.14293 -0.56375 N   37 
 0.98108 -0.01736 -0.05381 B   38 
 0.97000 -0.35423 -0.29293 F   38 
 0.92995  0.27598  0.09039 B   39 
 1.16100  0.46794  0.10213 N   39 
 0.80521  0.39412  0.39157 B   40 
 0.87616  0.21887  0.55403 T   40 
 0.90069  0.71507  0.33812 B   41 
 1.20534  0.73630  0.59525 Q   41 
 0.71897  0.76941  0.11062 B   42 
 0.77546  0.65076 -0.05498 A   42 
 0.63622  1.08620 -0.05106 B   43 
 0.65452  1.18454  0.17229 T   43 
 0.34613  1.24056 -0.23095 B   44 
 0.54442  1.03849 -0.41483 N   44 
 0.23466  1.49794 -0.39910 B   45 
 0.15165  1.89595 -0.09620 R   45 
-0.07734  1.62066 -0.48614 B   46 
-0.14641  1.29041 -0.42702 N   46 
-0.26908  1.82090 -0.67815 B   47 
-0.24763  1.78739 -0.93345 T   47 
-0.49940  1.83122 -0.43607 B   48 
-0.58261  1.58148 -0.40380 D   48 
-0.28476  1.85043 -0.16963 B   49 
-0.23010  1.59178 -0.10434 B   50 
-0.41081  1.42980 -0.14327 S   50 
-0.07525  1.27901  0.03656 B   51 
 0.13150  1.44936  0.08510 T   51 
 0.14067  1.01636 -0.00391 B   52 
-0.05228  0.91382 -0.26882 D   52 
 0.19838  0.72085  0.21060 B   53 
 0.17059  1.15530  0.41362 Y   53 
 0.42864  0.49568  0.19643 B   54 
 0.44257  0.16868  0.06485 B   55 
 0.56659 -0.03583  0.19417 I   55 
 0.11345  0.23795 -0.03859 B   56 
 0.05752 -0.07501  0.00877 L   56 
 0.02943  0.52618 -0.08633 B   57 
 0.31570  0.66447 -0.22193 Q   57 
-0.14433  0.66530  0.13197 B   58 
-0.24324  0.41938  0.29264 I   58 
-0.39996  0.89533  0.13976 B   59 
-0.49200  1.06675 -0.09468 N   59 
-0.48858  1.21178  0.30395 B   60 
-0.30897  1.35084  0.27334 S   60 
-0.79804  1.25375  0.21110 B   61 
-0.83349  1.56813 -0.07961 R   61 
-0.89784  0.95536  0.34853 B   62 
-1.14355  1.01343 -0.03109 W   62 
-0.68603  0.78647  0.56007 B   63 
-0.84751  0.53274  0.24138 W   63 
-0.49779  1.02813  0.66998 B   64 
-0.26549  0.92870  0.60820 X   64 
-0.32899  1.25854  0.89111 B   65 
-0.47720  1.46920  1.03903 N   65 
-0.12579  1.57623  0.81135 B   66 
-0.13223  1.55018  0.54311 D   66 
-0.25102  1.87981  0.86121 B   67 
-0.27217  1.96354  0.50891 B   68 
 0.16230  1.89021  0.33456 R   68 
-0.58039  1.83992  0.42806 B   69 
-0.46028  1.65462  0.29971 T   69 
-0.84510  1.95394  0.31658 B   70 
-0.73982  2.12710  0.24801 P   70 
-1.11430  1.75151  0.35973 B   71 
-1.03303  1.52440  0.53647 B   72 
-0.80163  1.54701  0.58557 S   72 
-1.08861  1.18058  0.69275 B   73 
-1.42937  1.15677  0.58789 R   73 
-0.93145  0.94747  0.84152 B   74 
-0.73376  1.00032  1.03147 N   74 
-1.02591  0.62879  0.81893 B   75 
-1.23159  0.68815  0.57616 L   75 
-0.76405  0.49612  0.97526 B   76 
-0.67532  0.36365  0.70866 X   76 
-0.69742  0.65826  1.21861 B   77 
-0.85931  0.70496  1.43321 N   77 
-0.41434  0.82389  1.12722 B   78 
-0.29515  0.55512  1.14268 I   78 
-0.11555  0.92898  1.11123 B   79 
-0.08841  0.95318  1.31704 P   79 
 0.06599  0.94583  0.83085 B   80 
-0.12583  1.11557  0.64601 X   80 
 0.34170  0.88081  0.97453 B   81 
 0.34770  1.05058  1.14366 S   81 
 0.27381  0.58241  1.04394 B   82 
 0.11770  0.59373  1.18470 A   82 
 0.31577  0.50850  0.72678 B   83 
 0.00039  0.52984  0.64187 L   83 
 0.65680  0.53716  0.77467 B   84 
 0.59917  0.82466  0.62541 L   84 
 0.72513  0.30906  0.92440 B   85 
 0.67824  0.26433  1.17531 S   85 
 0.89386  0.00637  0.96626 B   86 
 1.08282  0.04538  1.10814 S   86 
 0.61373 -0.06212  1.06965 B   87 
 0.51759 -0.19993  1.30886 D   87 
 0.34996 -0.19358  0.86191 B   88 
 0.47319 -0.33558  0.67128 I   88 
 0.08653 -0.22296  1.02265 B   89 
 0.14404 -0.34127  1.25323 T   89 
-0.06210  0.03902  0.94502 B   90 
 0.02949  0.19669  1.06333 A   90 
-0.06564 -0.00013  0.63579 B   91 
 0.16549  0.12998  0.56533 S   91 
-0.21119 -0.26954  0.63326 B   92 
-0.04882 -0.47268  0.66632 V   92 
-0.47001 -0.19522  0.78041 B   93 
-0.38454 -0.29871  1.08890 N   93 
-0.53563  0.02615  0.57499 B   94 
-0.48062  0.30542  0.58803 X   94 
-0.52977 -0.14198  0.31586 B   95 
-0.32197 -0.17936  0.27384 A   95 
-0.76225 -0.32994  0.39353 B   96 
-0.55491 -0.64460  0.66721 K   96 
-0.96892 -0.09734  0.37601 B   97 
-1.00321  0.07135  0.72053 K   97 
-0.92109 -0.00685  0.08475 B   98 
-0.68286  0.19159  0.09162 I   98 
-0.97824 -0.28413 -0.06631 B   99 
-0.81665 -0.45053 -0.06300 V   99 
-1.28171 -0.28447  0.07489 B   100 
-1.18616 -0.43922  0.26397 S   100 
-1.42249 -0.02284 -0.06948 B   101 
-1.36104  0.24604 -0.03304 D   101 
-1.48212 -0.15584 -0.40295 B   102 
-1.21523 -0.12690 -0.61550 B   103 
-1.35778  0.15386 -0.69375 N   103 
-1.00327 -0.24907 -0.48442 B   104 
-0.67925 -0.22542 -0.62396 B   105 
-0.43598 -0.50456 -0.49477 M   105 
-0.75940  0.03127 -0.80027 B   106 
-0.92578 -0.16174 -1.01106 N   106 
-0.66750  0.23763 -0.58196 B   107 
-0.78398  0.18542 -0.41629 A   107 
-0.39299  0.15725 -0.71854 B   108 
-0.35460  0.02651 -0.27170 W   108 
-0.25303  0.29749 -0.98472 B   109 
-0.31132  0.54600 -1.00483 V   109 
 0.00189  0.11785 -1.01140 B   110 
 0.14960  0.20804 -0.88477 A   110 
-0.14520 -0.14878 -1.01513 B   111 
-0.38015 -0.42714 -0.87759 W   111 
-0.33232 -0.10016 -1.25754 B   112 
-0.60610  0.21596 -1.31615 R   112 
-0.09035  0.00100 -1.46327 B   113 
-0.22415  0.29581 -1.48520 N   113 
 0.14101 -0.24784 -1.35728 B   114 
 0.49051  0.11100 -1.31905 R   114 
-0.01940 -0.52078 -1.23536 B   115 
 0.13618 -0.40999 -0.98020 X   115 
-0.26536 -0.56276 -1.37683 B   116 
-0.68898 -0.43585 -1.32658 K   116 
-0.26517 -0.86111 -1.56983 B   117 
-0.01663 -0.97477 -1.45025 B   118 
 0.13107 -0.76134 -1.45481 T   118 
 0.25802 -1.16324 -1.32421 B   119 
 0.34061 -1.43284 -1.37608 D   119 
 0.25350 -1.13686 -0.98403 B   120 
 0.03791 -1.01151 -0.96739 V   120 
 0.40876 -1.39248 -0.89118 B   121 
 0.14371 -1.69408 -1.00220 Q   121 
 0.69463 -1.27828 -0.95638 B   122 
 0.69267 -1.24969 -1.16163 A   122 
 0.70908 -1.11371 -0.67451 B   123 
 0.67942 -0.74492 -0.89046 W   123 
 0.75813 -1.41347 -0.50893 B   124 
 0.50927 -1.41412 -0.40726 I   124 
 0.99399 -1.52380 -0.61590 B   125 
 0.75496 -1.64313 -1.05975 R   125 
 1.21916 -1.69660 -0.40366 B   126 
 1.03033 -1.69862 -0.16775 B   127 
 1.00722 -1.37795 -0.19971 X   127 
 0.99176 -1.78985  0.18322 B   128 
 1.00645 -2.18689  0.26460 R   128 
 0.64406 -1.92723  0.23093 B   129 
 0.61280 -1.68541  0.14130 L   129 
