246 
-0.32182 -1.01504  0.80811 B   1 
 0.05858 -1.11460  0.95516 K   1 
-0.25685 -0.83697  1.11215 B   2 
-0.49315 -0.74620  1.16775 V   2 
-0.05578 -0.59206  1.16479 B   3 
 0.20626 -0.73483  0.85036 F   3 
 0.17025 -0.43702  1.32254 B   4 
 0.32896 -0.15851  1.32195 B   5 
 0.33502  0.21125  1.55182 R   5 
 0.62862 -0.25124  1.38102 B   6 
 0.68321 -0.08858  1.64357 X   6 
 0.59979 -0.49809  1.19435 B   7 
 0.39265 -0.82289  1.25760 E   7 
 0.55149 -0.35046  0.92676 B   8 
 0.28447 -0.29219  0.78744 L   8 
 0.79634 -0.16746  0.92630 B   9 
 0.76006 -0.01591  1.07754 A   9 
 1.00101 -0.39437  0.91584 B   10 
 1.00349 -0.48298  1.11576 A   10 
 0.90510 -0.52149  0.64979 B   11 
 0.73760 -0.64915  0.70082 A   11 
 0.91982 -0.26590  0.47540 B   12 
 0.53085 -0.08637  0.50806 M   12 
 1.21854 -0.22849  0.51804 B   13 
 1.44850 -0.03646  0.83181 K   13 
 1.33250 -0.49342  0.41846 B   14 
 1.18266 -0.91545  0.49611 R   14 
 1.18271 -0.42916  0.13172 B   15 
 0.94656 -0.73339  0.18891 H   15 
 1.27976 -0.10733  0.08189 B   16 
 1.07370  0.14824  0.15889 B   17 
 0.79622 -0.00160  0.08271 L   17 
 1.27102  0.31736  0.28934 B   18 
 1.34054  0.40095  0.57661 D   18 
 1.29805  0.59347  0.09238 B   19 
 1.47489  0.66889  0.35057 N   19 
 1.12497  0.53332 -0.13187 B   20 
 1.09794  0.20814 -0.42977 Y   20 
 1.12230  0.78000 -0.34604 B   21 
 1.14078  0.57681 -0.77491 R   21 
 1.14683  0.96481 -0.06118 B   22 
 0.97790  0.77762  0.14238 B   23 
 0.65780  0.97007 -0.14363 Y   23 
 0.93962  0.74241  0.44149 B   24 
 0.97606  0.91669  0.59379 S   24 
 0.83538  0.49232  0.63648 B   25 
 0.98724  0.24104  0.74765 L   25 
 0.59708  0.64997  0.77485 B   26 
 0.42514  0.67798  0.51927 B   27 
 0.56321  0.96681  0.41243 N   27 
 0.36817  0.37943  0.46918 B   28 
 0.60905  0.35976  0.09419 W   28 
 0.24009  0.31962  0.74254 B   29 
 0.41385  0.24499  0.92092 V   29 
 0.02221  0.53347  0.72565 B   30 
 0.01548  0.80534  0.78058 X   30 
-0.11741  0.42496  0.47468 B   31 
 0.00869  0.48304  0.30564 A   31 
-0.18369  0.13934  0.57341 B   32 
-0.00080  0.02627  0.56452 A   32 
-0.35845  0.23110  0.80806 B   33 
-0.39771  0.29333  1.14121 K   33 
-0.57938  0.40243  0.62025 B   34 
-0.48999  0.71220  0.87534 F   34 
-0.63674  0.17215  0.40546 B   35 
-0.51019  0.35358  0.13168 E   35 
-0.63134 -0.12011  0.60833 B   36 
-0.46804 -0.21657  0.49362 S   36 
-0.53477 -0.14073  0.90454 B   37 
-0.71945 -0.05992  1.10859 N   37 
-0.31169 -0.37251  0.85428 B   38 
-0.11453 -0.07637  1.06454 F   38 
-0.49027 -0.54865  0.63855 B   39 
-0.72263 -0.70648  0.74566 N   39 
-0.43191 -0.78537  0.39200 B   40 
-0.23767 -0.91307  0.48200 T   40 
-0.75944 -0.86036  0.34630 B   41 
-0.76887 -1.22005  0.51925 Q   41 
-0.84135 -0.59829  0.23522 B   42 
-0.82345 -0.44951  0.38435 A   42 
-1.15347 -0.50149  0.07227 B   43 
-1.15388 -0.72755 -0.02150 T   43 
-1.26863 -0.25887 -0.18891 B   44 
-1.23035 -0.13464  0.12263 N   44 
-1.52328 -0.12924 -0.34795 B   45 
-1.71816 -0.45532 -0.68374 R   45 
-1.56700  0.05024 -0.64096 B   46 
-1.23740  0.11125 -0.57044 N   46 
-1.75711  0.24947 -0.83563 B   47 
-1.83774  0.46987 -0.72755 T   47 
-1.59692  0.13646 -1.10642 B   48 
-1.34304  0.20675 -1.07566 D   48 
-1.57287 -0.19194 -1.01151 B   49 
-1.34090 -0.20756 -0.86978 B   50 
-1.16095 -0.05538 -0.93955 S   50 
-1.06302 -0.31847 -0.64143 B   51 
-1.25440 -0.49230 -0.55614 T   51 
-0.92031 -0.31103 -0.33027 B   52 
-0.87873  0.02748 -0.37031 D   52 
-0.59745 -0.44811 -0.21348 B   53 
-0.88108 -0.72055 -0.48929 Y   53 
-0.48088 -0.47902  0.08549 B   54 
-0.25668 -0.28935  0.28092 B   55 
-0.06709 -0.40393  0.43857 I   55 
-0.25566 -0.07491  0.00194 B   56 
 0.05023 -0.01371  0.07938 L   56 
-0.49691 -0.06921 -0.18294 B   57 
-0.75957 -0.10975  0.03804 Q   57 
-0.47477 -0.21816 -0.45594 B   58 
-0.16760 -0.25335 -0.47792 I   58 
-0.59021 -0.17198 -0.77666 B   59 
-0.80358  0.02817 -0.86166 N   59 
-0.76897 -0.35505 -1.04025 B   60 
-0.95685 -0.44076 -0.94080 S   60 
-0.74630 -0.15146 -1.29360 B   61 
-1.12301  0.03736 -1.37750 R   61 
-0.40305 -0.15302 -1.28625 B   62 
-0.52953  0.26760 -1.40844 W   62 
-0.23829 -0.38566 -1.09422 B   63 
-0.09800  0.02362 -1.02478 W   63 
-0.46060 -0.62251 -1.07426 B   64 
-0.47208 -0.64441 -0.81531 X   64 
-0.62239 -0.94457 -1.09849 B   65 
-0.69811 -1.06139 -1.36086 N   65 
-0.99117 -1.04244 -1.04379 B   66 
-1.07477 -0.80064 -0.95883 D   66 
-1.19353 -1.10739 -1.29907 B   67 
-1.40092 -0.81377 -1.25051 B   68 
-1.54306 -0.83187 -0.79884 R   68 
-1.23124 -0.57979 -1.43293 B   69 
-1.16074 -0.47412 -1.21135 T   69 
-1.29201 -0.39735 -1.67485 B   70 
-1.50143 -0.42659 -1.64230 P   70 
-1.01667 -0.26803 -1.82576 B   71 
-0.77524 -0.39962 -1.70823 B   72 
-0.84686 -0.54771 -1.53674 S   72 
-0.39902 -0.42527 -1.64884 B   73 
-0.31482 -0.18135 -1.89600 R   73 
-0.18727 -0.56389 -1.45617 B   74 
-0.21773 -0.82706 -1.36804 N   74 
 0.10736 -0.42398 -1.38825 B   75 
 0.02243 -0.13957 -1.51735 L   75 
 0.20314 -0.63941 -1.15366 B   76 
 0.18223 -0.41355 -0.94142 X   76 
 0.14083 -0.91958 -1.24067 B   77 
 0.23736 -1.04738 -1.46155 N   77 
-0.12657 -1.00390 -1.04751 B   78 
 0.07400 -1.00166 -0.83198 I   78 
-0.31636 -1.14524 -0.83638 B   79 
-0.26276 -1.34139 -0.88464 P   79 
-0.50021 -0.98477 -0.60768 B   80 
-0.66116 -0.78412 -0.79101 X   80 
-0.47208 -1.21210 -0.38764 B   81 
-0.55199 -1.40367 -0.50755 S   81 
-0.16612 -1.16847 -0.33325 B   82 
-0.07065 -1.22593 -0.51186 A   82 
-0.24326 -0.89322 -0.17171 B   83 
-0.19779 -0.68881 -0.42327 L   83 
-0.35466 -1.08909  0.09028 B   84 
-0.64436 -1.00659 -0.04208 L   84 
-0.11922 -1.19143  0.20523 B   85 
 0.03490 -1.37752  0.11158 S   85 
 0.10578 -1.22500  0.46998 B   86 
 0.07059 -1.43929  0.57098 S   86 
 0.29346 -1.17660  0.23273 B   87 
 0.53833 -1.30805  0.14208 D   87 
 0.40497 -0.84986  0.12873 B   88 
 0.41215 -0.70237  0.35207 I   88 
 0.57689 -0.86814 -0.12858 B   89 
 0.75372 -1.06331 -0.09523 T   89 
 0.36628 -0.80210 -0.34774 B   90 
 0.24971 -0.98353 -0.37487 A   90 
 0.27656 -0.52275 -0.24247 B   91 
 0.06431 -0.59392 -0.08371 S   91 
 0.55273 -0.39048 -0.24554 B   92 
 0.69045 -0.43852 -0.02773 V   92 
 0.62845 -0.42486 -0.54092 B   93 
 0.81522 -0.70333 -0.51338 N   93 
 0.37554 -0.27374 -0.63422 B   94 
 0.12326 -0.37849 -0.71527 X   94 
 0.41411 -0.00968 -0.47854 B   95 
 0.36478 -0.05362 -0.27365 A   95 
 0.67948  0.07026 -0.61492 B   96 
 0.99614 -0.17792 -0.38033 K   96 
 0.53642  0.11660 -0.88787 B   97 
 0.54059 -0.20934 -1.09299 K   97 
 0.32635  0.32584 -0.80185 B   98 
 0.08422  0.16751 -0.69010 I   98 
 0.52200  0.55066 -0.68292 B   99 
 0.61636  0.51958 -0.47329 V   99 
 0.67349  0.55935 -0.98125 B   100 
 0.85316  0.39282 -0.88734 S   100 
 0.43386  0.67994 -1.17399 B   101 
 0.19796  0.55472 -1.25187 D   101 
 0.43261  1.02794 -1.06748 B   102 
 0.23914  1.08976 -0.79182 B   103 
 0.01023  1.14904 -1.01397 N   103 
 0.33122  0.91514 -0.59671 B   104 
 0.15394  0.89032 -0.29180 B   105 
 0.37067  0.74301 -0.00004 M   105 
-0.11314  1.01368 -0.42161 B   106 
 0.01986  1.31639 -0.41497 N   106 
-0.23145  0.73327 -0.49946 B   107 
-0.08358  0.65297 -0.62365 A   107 
-0.30259  0.75322 -0.19122 B   108 
-0.02201  0.38196 -0.23214 W   108 
-0.57402  0.88853 -0.05660 B   109 
-0.77794  0.86910 -0.21021 V   109 
-0.50935  0.84646  0.24674 B   110 
-0.58192  0.65043  0.29460 A   110 
-0.23558  0.97975  0.24148 B   111 
 0.13249  1.03142  0.12548 W   111 
-0.31690  1.25850  0.13275 B   112 
-0.52755  1.34857 -0.22198 R   112 
-0.56204  1.30714  0.35329 B   113 
-0.78310  1.31031  0.11576 N   113 
-0.37706  1.17751  0.62834 B   114 
-0.77923  0.90394  0.75399 R   114 
-0.04311  1.20920  0.57766 B   115 
-0.08410  0.89321  0.58526 X   115 
 0.01252  1.44848  0.42958 B   116 
 0.05518  1.55609 -0.00016 K   116 
 0.19159  1.69015  0.61875 B   117 
 0.26034  1.50759  0.84443 B   118 
 0.02884  1.39451  0.87623 T   118 
 0.38798  1.32683  1.12349 B   119 
 0.57353  1.40344  1.32818 D   119 
 0.50367  1.02732  1.00794 B   120 
 0.46947  1.07467  0.76492 V   120 
 0.71288  0.94362  1.22543 B   121 
 1.01021  1.22955  1.16732 Q   121 
 0.49943  0.84824  1.43605 B   122 
 0.39277  1.01987  1.48207 A   122 
 0.46677  0.55660  1.29245 B   123 
 0.07153  0.66454  1.16735 W   123 
 0.77628  0.46672  1.41818 B   124 
 0.89514  0.48617  1.17784 I   124 
 0.75487  0.48518  1.69826 B   125 
 0.75317  1.00287  1.67925 R   125 
 0.91911  0.24714  1.90313 B   126 
 1.07455  0.12466  1.67476 B   127 
 0.79280  0.08230  1.52244 X   127 
 1.30643 -0.14015  1.57935 B   128 
 1.67645 -0.11792  1.74386 R   128 
 1.55199  0.00287  1.33179 B   129 
 1.31742  0.03370  1.22447 L   129 
