246 
 0.06630  0.54212  1.22009 B   1 
-0.12367  0.24188  1.44371 K   1 
 0.30875  0.31031  1.34601 B   2 
 0.52886  0.43930  1.30037 V   2 
 0.36593  0.00744  1.25556 B   3 
-0.04935 -0.04056  1.14086 F   3 
 0.41786 -0.30050  1.30545 B   4 
 0.48781 -0.57067  1.14772 B   5 
 0.83182 -0.83075  1.08763 R   5 
 0.29690 -0.78336  1.28984 B   6 
 0.51227 -0.98684  1.39272 X   6 
 0.06214 -0.57999  1.30156 B   7 
 0.02953 -0.26527  1.53024 E   7 
 0.01979 -0.53811  0.99795 B   8 
 0.12545 -0.31093  0.82094 L   8 
-0.01478 -0.82946  0.91214 B   9 
 0.18154 -0.92127  0.92593 A   9 
-0.26933 -0.87667  1.07481 B   10 
-0.20589 -0.89178  1.28356 A   10 
-0.44251 -0.65680  0.94138 B   11 
-0.39084 -0.47100  1.04020 A   11 
-0.40434 -0.74806  0.64783 B   12 
-0.05879 -0.53393  0.50877 M   12 
-0.52895 -1.02149  0.69441 B   13 
-0.36723 -1.39686  0.83983 K   13 
-0.80533 -0.94991  0.80202 B   14 
-0.91865 -0.63630  1.11089 R   14 
-0.84894 -0.77781  0.52405 B   15 
-0.85656 -0.44831  0.73133 H   15 
-0.74723 -1.00576  0.29346 B   16 
-0.43665 -0.99138  0.16294 B   17 
-0.40874 -0.66818  0.16519 L   17 
-0.37598 -1.27529  0.17944 B   18 
-0.20055 -1.45780  0.35339 D   18 
-0.34610 -1.38040 -0.14277 B   19 
-0.25373 -1.63721  0.02794 N   19 
-0.41207 -1.14429 -0.29693 B   20 
-0.75779 -0.87011 -0.31961 Y   20 
-0.39221 -1.20536 -0.61724 B   21 
-0.76947 -0.99200 -0.81142 R   21 
-0.13384 -1.40226 -0.51534 B   22 
-0.02721 -1.22940 -0.26283 B   23 
 0.10128 -0.98483 -0.64359 Y   23 
 0.14808 -1.26756 -0.01790 B   24 
 0.31653 -1.43016 -0.00854 S   24 
 0.17631 -1.11259  0.27642 B   25 
 0.00854 -1.14004  0.54035 L   25 
 0.48433 -1.04013  0.25083 B   26 
 0.45052 -0.84070  0.01682 B   27 
 0.47655 -1.06848 -0.23086 N   27 
 0.28130 -0.62799  0.16173 B   28 
-0.08581 -0.70389 -0.08014 W   28 
 0.47880 -0.57340  0.39133 B   29 
 0.43975 -0.72808  0.59658 V   29 
 0.71747 -0.50087  0.21451 B   30 
 0.91054 -0.64983  0.08218 X   30 
 0.58884 -0.25947  0.07511 B   31 
 0.45206 -0.34196 -0.07434 A   31 
 0.51886 -0.08912  0.32372 B   32 
 0.34356 -0.17710  0.41228 A   32 
 0.80831 -0.06262  0.42138 B   33 
 1.06031 -0.15951  0.62998 K   33 
 0.92485  0.08379  0.14135 B   34 
 1.20109 -0.22059  0.14925 F   34 
 0.69968  0.31003  0.11750 B   35 
 0.57318  0.19488 -0.19010 E   35 
 0.64531  0.39537  0.45862 B   36 
 0.42937  0.34562  0.45366 S   36 
 0.75015  0.24141  0.70921 B   37 
 1.02117  0.29044  0.78933 N   37 
 0.45912  0.19336  0.84707 B   38 
 0.63973 -0.17832  0.84329 F   38 
 0.33413  0.49049  0.77260 B   39 
 0.43805  0.72785  0.92502 N   39 
 0.02054  0.63552  0.74344 B   40 
-0.11230  0.51700  0.91794 T   40 
 0.13811  0.95229  0.71481 B   41 
 0.03584  1.09269  1.07427 Q   41 
 0.27213  0.91755  0.45297 B   42 
 0.43459  0.78389  0.47381 A   42 
 0.41218  1.16853  0.22771 B   43 
 0.22715  1.31125  0.30042 T   43 
 0.46679  1.21433 -0.14006 B   44 
 0.69773  1.02937  0.02247 N   44 
 0.59522  1.40090 -0.37595 B   45 
 0.32306  1.82252 -0.44823 R   45 
 0.55391  1.43025 -0.71861 B   46 
 0.44147  1.11170 -0.66194 N   46 
 0.66495  1.53950 -1.01772 B   47 
 0.90143  1.46112 -1.08625 T   47 
 0.35056  1.54612 -1.13117 B   48 
 0.26375  1.29575 -1.12027 D   48 
 0.20190  1.66620 -0.84672 B   49 
 0.14237  1.44499 -0.69951 B   50 
 0.08688  1.24209 -0.82661 S   50 
 0.05175  1.20990 -0.41992 B   51 
 0.11027  1.42858 -0.26867 T   51 
 0.15509  0.99992 -0.16997 B   52 
 0.30390  0.80557 -0.41081 D   52 
-0.04124  0.77420  0.04724 B   53 
-0.19670  1.22294 -0.02492 Y   53 
 0.04779  0.60847  0.30902 B   54 
 0.14270  0.27341  0.36525 B   55 
 0.05942  0.13228  0.58222 I   55 
 0.10415  0.24465  0.01667 B   56 
 0.00942 -0.05682  0.07547 L   56 
 0.13818  0.49098 -0.15818 B   57 
 0.39346  0.66002  0.00220 Q   57 
-0.11925  0.62836 -0.26798 B   58 
-0.32825  0.40389 -0.22318 I   58 
-0.21274  0.79175 -0.55588 B   59 
-0.02413  0.88742 -0.77517 N   59 
-0.36943  1.10649 -0.66235 B   60 
-0.25369  1.27334 -0.55605 S   60 
-0.41177  1.05825 -0.98177 B   61 
-0.13556  1.29166 -1.21379 R   61 
-0.60492  0.77888 -0.93152 B   62 
-0.36009  0.70276 -1.30850 W   62 
-0.72232  0.70796 -0.61635 B   63 
-0.52548  0.36574 -0.80650 W   63 
-0.72050  1.00278 -0.47855 B   64 
-0.57618  0.94784 -0.26922 X   64 
-0.82830  1.30484 -0.31234 B   65 
-1.00494  1.50205 -0.44698 N   65 
-0.64202  1.63744 -0.25532 B   66 
-0.40490  1.55731 -0.35545 D   66 
-0.71202  1.90874 -0.43374 B   67 
-0.39519  1.91310 -0.61030 B   68 
-0.06193  1.90592 -0.27351 R   68 
-0.46291  1.70966 -0.87646 B   69 
-0.31342  1.53424 -0.76639 T   69 
-0.46307  1.73644 -1.18433 B   70 
-0.34118  1.91146 -1.16760 P   70 
-0.63353  1.49153 -1.34641 B   71 
-0.77963  1.32875 -1.14251 B   72 
-0.72471  1.41222 -0.92691 S   72 
-0.97537  1.01980 -1.03316 B   73 
-1.02600  0.89939 -1.36574 R   73 
-1.06489  0.86276 -0.77143 B   74 
-1.14855  0.99575 -0.54063 N   74 
-1.11317  0.53312 -0.77146 B   75 
-0.97497  0.49471 -1.06162 L   75 
-1.15640  0.49691 -0.44369 B   76 
-0.89045  0.33706 -0.42893 X   76 
-1.33338  0.71535 -0.33924 B   77 
-1.59090  0.76654 -0.41343 N   77 
-1.11688  0.91861 -0.17270 B   78 
-1.10523  0.69226  0.01522 I   78 
-0.96737  1.08282  0.05370 B   79 
-1.13960  1.15332  0.14882 P   79 
-0.63642  1.08344  0.10190 B   80 
-0.53466  1.16503 -0.18578 X   80 
-0.65625  1.11232  0.41759 B   81 
-0.79100  1.30949  0.43834 S   81 
-0.77458  0.82646  0.47006 B   82 
-0.96624  0.83039  0.38305 A   82 
-0.47732  0.70177  0.40766 B   83 
-0.53119  0.63412  0.09198 L   83 
-0.37470  0.81543  0.71745 B   84 
-0.23798  1.04662  0.52741 L   84 
-0.50194  0.64337  0.89999 B   85 
-0.75226  0.64054  0.96698 S   85 
-0.49640  0.40113  1.15125 B   86 
-0.54158  0.50932  1.36008 S   86 
-0.71365  0.29355  0.96394 B   87 
-0.98257  0.18855  1.00995 D   87 
-0.64884  0.06717  0.69088 B   88 
-0.43788 -0.07876  0.76760 I   88 
-0.90731  0.01216  0.52882 B   89 
-1.10211 -0.04142  0.70102 T   89 
-0.87582  0.21293  0.29334 B   90 
-0.92982  0.40762  0.37350 A   90 
-0.60166  0.11273  0.18396 B   91 
-0.42911  0.27465  0.32299 S   91 
-0.68502 -0.17739  0.13248 B   92 
-0.66515 -0.32791  0.34619 V   92 
-0.91984 -0.13521 -0.06051 B   93 
-1.17190 -0.15274  0.16162 N   93 
-0.74179  0.01986 -0.25990 B   94 
-0.70505  0.30112 -0.28686 X   94 
-0.52065 -0.19115 -0.30490 B   95 
-0.39882 -0.18848 -0.12743 A   95 
-0.70554 -0.40708 -0.42575 B   96 
-0.89418 -0.60551 -0.04900 K   96 
-0.75537 -0.23531 -0.68096 B   97 
-1.06551 -0.01302 -0.62866 K   97 
-0.46407 -0.19674 -0.77561 B   98 
-0.35214  0.04745 -0.62060 I   98 
-0.37690 -0.50429 -0.80357 B   99 
-0.32715 -0.62594 -0.61241 V   99 
-0.63190 -0.54455 -1.01661 B   100 
-0.77657 -0.63263 -0.81626 S   100 
-0.53688 -0.35573 -1.27045 B   101 
-0.51951 -0.07823 -1.27987 D   101 
-0.27293 -0.56290 -1.41138 B   102 
 0.03372 -0.51794 -1.26583 B   103 
 0.07005 -0.29802 -1.50160 N   103 
-0.00670 -0.56043 -0.99455 B   104 
 0.25755 -0.49299 -0.76951 B   105 
 0.21769 -0.67848 -0.42629 M   105 
 0.40644 -0.30167 -0.98077 B   106 
 0.50931 -0.56544 -1.15168 N   106 
 0.26669 -0.04041 -0.87633 B   107 
 0.06343 -0.08314 -0.90076 A   107 
 0.49801 -0.08271 -0.66379 B   108 
 0.09878 -0.10904 -0.42263 W   108 
 0.80990  0.02906 -0.68221 B   109 
 0.82618  0.24885 -0.81253 V   109 
 0.92473 -0.09023 -0.41659 B   110 
 0.88065  0.05441 -0.26454 A   110 
 0.84206 -0.37830 -0.47069 B   111 
 0.59385 -0.66895 -0.54496 W   111 
 0.98676 -0.42269 -0.74130 B   112 
 0.95343 -0.19464 -1.09514 R   112 
 1.28335 -0.31311 -0.63583 B   113 
 1.27377 -0.06652 -0.84654 N   113 
 1.26220 -0.47703 -0.32062 B   114 
 1.40714 -0.04860 -0.10197 R   114 
 1.05990 -0.74889 -0.33685 B   115 
 0.90494 -0.55703 -0.13495 X   115 
 1.08050 -0.87265 -0.59480 B   116 
 0.86873 -0.83686 -0.98460 K   116 
 1.22770 -1.19581 -0.58221 B   117 
 1.21379 -1.22426 -0.28558 B   118 
 1.29937 -0.98845 -0.21881 T   118 
 1.19822 -1.31687  0.05795 B   119 
 1.25521 -1.56576  0.18835 D   119 
 0.89155 -1.22445  0.17568 B   120 
 0.79737 -1.15010 -0.04356 V   120 
 0.84968 -1.41462  0.42095 B   121 
 0.81114 -1.78409  0.23242 Q   121 
 1.03903 -1.25450  0.61467 B   122 
 1.22613 -1.26889  0.52673 A   122 
 0.80556 -1.03777  0.68719 B   123 
 1.02164 -0.73616  0.47303 W   123 
 0.64939 -1.27930  0.87941 B   124 
 0.45299 -1.31549  0.69945 I   124 
 0.83501 -1.35290  1.07782 B   125 
 1.12450 -1.60956  0.73330 R   125 
 0.72224 -1.42441  1.40612 B   126 
 0.42972 -1.42146  1.33035 B   127 
 0.47805 -1.12733  1.20570 X   127 
 0.08832 -1.44667  1.45605 B   128 
-0.01510 -1.80558  1.61402 R   128 
-0.11331 -1.64629  1.20799 B   129 
-0.02351 -1.44075  1.07692 L   129 
