246 
 0.48391  1.22566 -0.22473 B   1 
 0.38428  1.27019 -0.63011 K   1 
 0.16327  1.38241 -0.25623 B   2 
 0.12485  1.46556 -0.01379 V   2 
-0.11658  1.25496 -0.34908 B   3 
 0.09240  0.96879 -0.59878 F   3 
-0.38564  1.24702 -0.51508 B   4 
-0.65329  1.07382 -0.54864 B   5 
-1.07397  1.10354 -0.44025 R   5 
-0.69049  1.06746 -0.86559 B   6 
-0.97414  1.19943 -0.88790 X   6 
-0.38555  1.02770 -0.91077 B   7 
-0.10020  1.28934 -0.86048 E   7 
-0.35160  0.75401 -0.77052 B   8 
-0.25337  0.69749 -0.48546 L   8 
-0.56549  0.59489 -0.92009 B   9 
-0.75727  0.66745 -0.84858 A   9 
-0.43218  0.61928 -1.19417 B   10 
-0.46597  0.82511 -1.25986 A   10 
-0.16421  0.48216 -1.11980 B   11 
-0.04244  0.63470 -1.02565 A   11 
-0.28332  0.21933 -1.00717 B   12 
-0.34007  0.29361 -0.58782 M   12 
-0.41680  0.14264 -1.26939 B   13 
-0.79849  0.24835 -1.44642 K   13 
-0.18153  0.13797 -1.46361 B   14 
 0.15929  0.43570 -1.50587 R   14 
-0.04271 -0.08274 -1.26160 B   15 
 0.23705  0.17416 -1.17601 H   15 
-0.30286 -0.29637 -1.21509 B   16 
-0.49379 -0.27692 -0.93783 B   17 
-0.25771 -0.18617 -0.73467 L   17 
-0.75216 -0.30471 -1.06833 B   18 
-0.98893 -0.12226 -1.13901 D   18 
-0.87937 -0.59942 -0.95555 B   19 
-1.12339 -0.47239 -1.12271 N   19 
-0.66647 -0.70582 -0.79057 B   20 
-0.24051 -0.80539 -0.85264 Y   20 
-0.75286 -0.99258 -0.66007 B   21 
-0.36917 -1.27009 -0.69652 R   21 
-1.05794 -0.84187 -0.64949 B   22 
-0.96756 -0.53475 -0.59926 B   23 
-0.88654 -0.75599 -0.19208 Y   23 
-1.08538 -0.25577 -0.62088 B   24 
-1.31578 -0.21566 -0.60649 S   24 
-0.95724  0.05078 -0.65304 B   25 
-0.85363  0.20499 -0.90611 L   25 
-1.09248  0.17491 -0.39403 B   26 
-0.93470  0.00333 -0.19071 B   27 
-1.14946 -0.25698 -0.18640 N   27 
-0.65189  0.10995 -0.25020 B   28 
-0.50490 -0.27403 -0.42335 W   28 
-0.71202  0.40693 -0.19646 B   29 
-0.79222  0.53343 -0.40895 V   29 
-0.81689  0.36952  0.08831 B   30 
-1.06343  0.29913  0.19432 X   30 
-0.56001  0.25102  0.20756 B   31 
-0.55257  0.04306  0.14014 A   31 
-0.36304  0.48001  0.14055 B   32 
-0.31660  0.46302 -0.06891 A   32 
-0.51269  0.69332  0.30216 B   33 
-0.72677  0.95867  0.31520 K   33 
-0.49289  0.53188  0.59709 B   34 
-0.90089  0.58214  0.60254 F   34 
-0.17888  0.47045  0.58835 B   35 
-0.21634  0.12050  0.58423 E   35 
-0.05050  0.76674  0.43890 B   36 
 0.04325  0.65992  0.26882 S   36 
-0.21510  0.99349  0.30114 B   37 
-0.33720  1.18908  0.47176 N   37 
-0.06200  0.98064  0.01407 B   38 
-0.46471  0.96450 -0.07728 F   38 
 0.24161  0.93382  0.13688 B   39 
 0.37595  1.16752  0.26996 N   39 
 0.54610  0.81127  0.02512 B   40 
 0.54951  0.88009 -0.21444 T   40 
 0.71934  0.91106  0.29901 B   41 
 0.92186  1.21644  0.14056 Q   41 
 0.58800  0.72970  0.49289 B   42 
 0.38489  0.78425  0.51445 A   42 
 0.67969  0.65103  0.83749 B   43 
 0.91150  0.67109  0.76160 T   43 
 0.65168  0.36277  1.07510 B   44 
 0.37783  0.55792  1.04542 N   44 
 0.69924  0.25455  1.38001 B   45 
 1.19123  0.17758  1.47523 R   45 
 0.71953 -0.05589  1.53232 B   46 
 0.54404 -0.12940  1.24749 N   46 
 0.71205 -0.24520  1.81131 B   47 
 0.49927 -0.22467  1.95644 T   47 
 0.90172 -0.47492  1.65961 B   48 
 0.76006 -0.56150  1.45278 D   48 
 1.11077 -0.25955  1.49424 B   49 
 0.98633 -0.20835  1.25751 B   50 
 0.85120 -0.39133  1.16445 S   50 
 0.88107 -0.05756  0.92913 B   51 
 1.02867  0.15160  1.02178 T   51 
 0.67347  0.15465  0.75849 B   52 
 0.40975 -0.04018  0.86055 D   52 
 0.63558  0.20867  0.39474 B   53 
 1.07689  0.18723  0.58322 Y   53 
 0.47242  0.43578  0.23436 B   54 
 0.15615  0.44497  0.07840 B   55 
 0.11480  0.56639 -0.16134 I   55 
 0.12875  0.11665  0.20198 B   56 
-0.04410  0.05650 -0.06226 L   56 
 0.28631  0.03652  0.44930 B   57 
 0.27449  0.32442  0.64019 Q   57 
 0.54357 -0.13491  0.40891 B   58 
 0.50029 -0.23691  0.11943 I   58 
 0.70548 -0.38734  0.57740 B   59 
 0.64612 -0.47743  0.86231 N   59 
 1.03980 -0.47129  0.70442 B   60 
 1.10785 -0.28984  0.82681 S   60 
 1.00187 -0.78031  0.80042 B   61 
 0.99533 -0.81195  1.22887 R   61 
 0.90630 -0.88397  0.48737 B   62 
 0.66479 -1.12954  0.78607 W   62 
 0.94903 -0.67411  0.21853 B   63 
 0.54408 -0.83965  0.24354 W   63 
 1.19010 -0.48237  0.32354 B   64 
 1.07532 -0.25157  0.28857 X   64 
 1.50676 -0.31001  0.34616 B   65 
 1.75902 -0.45504  0.40577 N   65 
 1.65707 -0.10260  0.63419 B   66 
 1.43992 -0.10989  0.79376 D   66 
 1.89802 -0.22354  0.82823 B   67 
 1.69161 -0.24418  1.12579 B   68 
 1.50823  0.18892  1.18353 R   68 
 1.55217 -0.55422  1.09042 B   69 
 1.33169 -0.43691  1.03691 T   69 
 1.54795 -0.81753  1.25212 B   70 
 1.61124 -0.71000  1.42590 P   70 
 1.44792 -1.08941  1.07497 B   71 
 1.42726 -1.01096  0.78715 B   72 
 1.47649 -0.77918  0.76915 S   72 
 1.31497 -1.07099  0.42727 B   73 
 1.22457 -1.41223  0.48256 R   73 
 1.26869 -0.91678  0.15295 B   74 
 1.44337 -0.71804  0.06383 N   74 
 1.04030 -1.01567 -0.06853 B   75 
 0.90119 -1.22095  0.13949 L   75 
 1.06553 -0.75538 -0.27402 B   76 
 0.77762 -0.66896 -0.19567 X   76 
 1.35427 -0.68608 -0.31615 B   77 
 1.54701 -0.84692 -0.42304 N   77 
 1.39367 -0.40091 -0.13436 B   78 
 1.22467 -0.28540 -0.34599 I   78 
 1.44870 -0.10073 -0.04811 B   79 
 1.61789 -0.07288 -0.16761 P   79 
 1.24913  0.08051  0.14982 B   80 
 1.22666 -0.10928  0.40130 X   80 
 1.30991  0.35557  0.00304 B   81 
 1.54908  0.36421  0.01665 S   81 
 1.16331  0.28370 -0.26494 B   82 
 1.27739  0.12801 -0.34899 A   82 
 0.87729  0.32406 -0.10883 B   83 
 0.83159  0.00885 -0.03344 L   83 
 0.92849  0.66554 -0.12251 B   84 
 1.00964  0.61160  0.19175 L   84 
 0.88719  0.73099 -0.39293 B   85 
 1.04479  0.68394 -0.59319 S   85 
 0.71472  0.89561 -0.64788 B   86 
 0.84445  1.08535 -0.71516 S   86 
 0.74902  0.61475 -0.76532 B   87 
 0.83633  0.51716 -1.02668 D   87 
 0.50935  0.34882 -0.72230 B   88 
 0.27132  0.46974 -0.70205 I   88 
 0.61228  0.08530 -0.84902 B   89 
 0.70456  0.14159 -1.09148 T   89 
 0.73075 -0.05984 -0.60073 B   90 
 0.92308  0.03412 -0.56301 A   90 
 0.47428 -0.06449 -0.42360 B   91 
 0.50614  0.16829 -0.28176 S   91 
 0.29425 -0.21373 -0.62130 B   92 
 0.18169 -0.05412 -0.79615 V   92 
 0.45618 -0.47124 -0.66173 B   93 
 0.61608 -0.38665 -0.94538 N   93 
 0.45147 -0.53418 -0.35921 B   94 
 0.64686 -0.47530 -0.16035 X   94 
 0.14621 -0.53110 -0.31166 B   95 
 0.08778 -0.32391 -0.31336 A   95 
 0.08117 -0.76601 -0.50140 B   96 
 0.07301 -0.56253 -0.92024 K   96 
 0.22542 -0.96949 -0.31456 B   97 
 0.59497 -1.00083 -0.41838 K   97 
 0.06828 -0.92094 -0.05330 B   98 
 0.20324 -0.67999  0.08780 I   98 
-0.22859 -0.98218 -0.15858 B   99 
-0.33882 -0.82290 -0.28622 V   99 
-0.12043 -1.28537 -0.25027 B   100 
-0.08377 -1.19161 -0.49254 S   100 
-0.05201 -1.42279  0.04221 B   101 
 0.15382 -1.35758  0.21766 D   101 
-0.38853 -1.48486  0.16611 B   102 
-0.53040 -1.21798  0.32702 B   103 
-0.39994 -1.35679  0.58967 N   103 
-0.51646 -1.00748  0.14666 B   104 
-0.60805 -0.68342  0.25442 B   105 
-0.70054 -0.44378 -0.04191 M   105 
-0.56737 -0.76034  0.56398 B   106 
-0.85138 -0.92975  0.56230 N   106 
-0.26805 -0.66522  0.57126 B   107 
-0.17822 -0.78210  0.42291 A   107 
-0.42631 -0.39209  0.60000 B   108 
-0.18101 -0.35469  0.20419 W   108 
-0.53256 -0.25069  0.88075 B   109 
-0.38119 -0.30559  1.07982 V   109 
-0.67494  0.00169  0.76241 B   110 
-0.52200  0.15085  0.74380 A   110 
-0.85400 -0.14907  0.56760 B   111 
-0.93471 -0.38758  0.27061 W   111 
-1.00020 -0.33594  0.76722 B   112 
-0.83014 -0.60545  1.04429 R   112 
-1.08856 -0.09298  0.97761 B   113 
-0.90686 -0.22274  1.21307 N   113 
-1.17799  0.13513  0.71944 B   114 
-0.91386  0.48961  0.95810 R   114 
-1.26751 -0.02881  0.43623 B   115 
-1.00515  0.12874  0.34716 X   115 
-1.39832 -0.27558  0.50155 B   116 
-1.27177 -0.69731  0.56641 K   116 
-1.74108 -0.27984  0.40802 B   117 
-1.73042 -0.03268  0.24133 B   118 
-1.59303  0.11794  0.40204 T   118 
-1.76512  0.23958  0.01438 B   119 
-1.98444  0.31835 -0.15262 D   119 
-1.49403  0.23603 -0.19284 B   120 
-1.39576  0.02222 -0.10861 V   120 
-1.59698  0.38793 -0.44662 B   121 
-1.87805  0.11855 -0.59485 Q   121 
-1.57240  0.67523 -0.32064 B   122 
-1.70623  0.67329 -0.16241 A   122 
-1.25279  0.69245 -0.38619 B   123 
-1.16740  0.66748  0.03287 W   123 
-1.32987  0.73767 -0.72039 B   124 
-1.25193  0.48901 -0.78644 I   124 
-1.48563  0.97179 -0.73336 B   125 
-1.89338  0.73033 -0.52404 R   125 
-1.44513  1.19494 -1.00571 B   126 
-1.26873  1.00653 -1.16286 B   127 
-1.07843  0.98778 -0.90244 X   127 
-1.06769  0.96734 -1.46459 B   128 
-1.27202  0.97671 -1.81478 R   128 
-1.12010  0.61787 -1.59560 B   129 
-1.02527  0.58978 -1.35538 L   129 
