246 
-0.06135  0.47902  1.24647 B   1 
-0.20184  0.13888  1.44847 K   1 
 0.21443  0.28618  1.36948 B   2 
 0.40978  0.45355  1.33791 V   2 
 0.32592  0.00307  1.26655 B   3 
-0.07146 -0.10977  1.13511 F   3 
 0.42945 -0.29348  1.30328 B   4 
 0.54958 -0.53862  1.13523 B   5 
 0.93515 -0.73170  1.07477 R   5 
 0.39504 -0.78844  1.26008 B   6 
 0.63983 -0.95685  1.36051 X   6 
 0.12817 -0.62965  1.27336 B   7 
 0.03517 -0.33806  1.51570 E   7 
 0.08716 -0.57946  0.97082 B   8 
 0.15617 -0.32825  0.80884 L   8 
 0.10622 -0.86735  0.86985 B   9 
 0.31511 -0.92444  0.88609 A   9 
-0.14038 -0.96654  1.02099 B   10 
-0.08078 -0.98165  1.23086 A   10 
-0.34570 -0.77306  0.89233 B   11 
-0.32985 -0.58671  1.00178 A   11 
-0.28450 -0.84044  0.59624 B   12 
 0.02192 -0.56262  0.47996 M   12 
-0.36067 -1.13339  0.62512 B   13 
-0.13982 -1.48242  0.75781 K   13 
-0.64803 -1.11656  0.72627 B   14 
-0.82239 -0.84433  1.04577 R   14 
-0.71369 -0.93990  0.45559 B   15 
-0.78412 -0.62830  0.67817 H   15 
-0.56775 -1.13409  0.21796 B   16 
-0.26112 -1.05925  0.09931 B   17 
-0.29009 -0.73668  0.11818 L   17 
-0.15231 -1.32886  0.10417 B   18 
 0.04764 -1.48738  0.27516 D   18 
-0.09609 -1.40975 -0.22148 B   19 
 0.03515 -1.65553 -0.06026 N   19 
-0.19818 -1.18065 -0.36627 B   20 
-0.58571 -0.96955 -0.38782 Y   20 
-0.15956 -1.22006 -0.68826 B   21 
-0.56303 -1.06501 -0.88506 R   21 
 0.12643 -1.37452 -0.58698 B   22 
 0.19460 -1.19966 -0.32280 B   23 
 0.28841 -0.91644 -0.68652 Y   23 
 0.36737 -1.22005 -0.07398 B   24 
 0.56130 -1.35134 -0.06658 S   24 
 0.36039 -1.07859  0.22830 B   25 
 0.19311 -1.14878  0.48452 L   25 
 0.65161 -0.95270  0.21710 B   26 
 0.58969 -0.74983 -0.00803 B   27 
 0.66154 -0.95602 -0.26537 N   27 
 0.38220 -0.57768  0.14095 B   28 
 0.04044 -0.70278 -0.11707 W   28 
 0.56105 -0.50219  0.37974 B   29 
 0.54421 -0.67210  0.57577 V   29 
 0.78797 -0.38009  0.21514 B   30 
 1.00747 -0.48610  0.08264 X   30 
 0.62290 -0.15742  0.08315 B   31 
 0.50658 -0.25416 -0.07484 A   31 
 0.51777 -0.01535  0.33709 B   32 
 0.35824 -0.13695  0.41507 A   32 
 0.79549  0.05550  0.44605 B   33 
 1.05497 -0.00744  0.65846 K   33 
 0.89201  0.23470  0.17770 B   34 
 1.21681 -0.01733  0.18059 F   34 
 0.63153  0.41955  0.15692 B   35 
 0.53518  0.30097 -0.16016 E   35 
 0.55416  0.47574  0.49965 B   36 
 0.35042  0.38975  0.48469 S   36 
 0.67764  0.32897  0.74603 B   37 
 0.93375  0.41973  0.83792 N   37 
 0.39594  0.22399  0.87107 B   38 
 0.63866 -0.11012  0.85568 F   38 
 0.22303  0.49861  0.80671 B   39 
 0.27991  0.74182  0.97400 N   39 
-0.11018  0.58860  0.77358 B   40 
-0.22483  0.43969  0.93735 T   40 
-0.04897  0.92199  0.76447 B   41 
-0.18356  1.02307  1.12647 Q   41 
 0.09589  0.92508  0.50613 B   42 
 0.27858  0.82060  0.52619 A   42 
 0.19587  1.20823  0.29835 B   43 
-0.01307  1.31270  0.37132 T   43 
 0.25129  1.28250 -0.06462 B   44 
 0.50661  1.13177  0.09679 N   44 
 0.35135  1.50087 -0.28654 B   45 
 0.01180  1.87236 -0.34787 R   45 
 0.31456  1.54102 -0.62862 B   46 
 0.25798  1.20525 -0.59142 N   46 
 0.41266  1.68373 -0.91800 B   47 
 0.66090  1.65122 -0.98187 T   47 
 0.10502  1.64200 -1.04199 B   48 
 0.06297  1.38017 -1.04629 D   48 
-0.06973  1.71910 -0.75748 B   49 
-0.09359  1.48334 -0.62333 B   50 
-0.10947  1.28103 -0.76198 S   50 
-0.14912  1.22143 -0.35880 B   51 
-0.13364  1.43848 -0.19518 T   51 
-0.01733  1.01935 -0.11582 B   52 
 0.16938  0.86688 -0.36039 D   52 
-0.17691  0.75174  0.08316 B   53 
-0.40632  1.17006  0.02737 Y   53 
-0.06723  0.59006  0.33959 B   54 
 0.08317  0.27392  0.38285 B   55 
 0.02013  0.10906  0.58967 I   55 
 0.05940  0.25771  0.03215 B   56 
 0.01720 -0.05831  0.07291 L   56 
 0.05451  0.51526 -0.12928 B   57 
 0.27208  0.71701  0.04799 Q   57 
-0.21997  0.61177 -0.24129 B   58 
-0.38770  0.35246 -0.21480 I   58 
-0.33294  0.77177 -0.52407 B   59 
-0.15822  0.91026 -0.73170 N   59 
-0.53928  1.05995 -0.62063 B   60 
-0.45726  1.23833 -0.50237 S   60 
-0.56415  1.02236 -0.94330 B   61 
-0.32691  1.31215 -1.15389 R   61 
-0.70686  0.71152 -0.91346 B   62 
-0.44269  0.69925 -1.28483 W   62 
-0.81832  0.60453 -0.60642 B   63 
-0.55987  0.31222 -0.80586 W   63 
-0.87158  0.88738 -0.45454 B   64 
-0.72544  0.84704 -0.24316 X   64 
-1.03475  1.15688 -0.27781 B   65 
-1.23949  1.32752 -0.40888 N   65 
-0.91091  1.51312 -0.19824 B   66 
-0.66091  1.48069 -0.29371 D   66 
-1.02247  1.77743 -0.36567 B   67 
-0.70673  1.84597 -0.53055 B   68 
-0.38629  1.87842 -0.18298 R   68 
-0.73090  1.64850 -0.80847 B   69 
-0.55605  1.49591 -0.70181 T   69 
-0.72765  1.69137 -1.11449 B   70 
-0.63865  1.88367 -1.08504 P   70 
-0.84846  1.42975 -1.29413 B   71 
-0.96922  1.23344 -1.10362 B   72 
-0.93538  1.31344 -0.88243 S   72 
-1.11086  0.88987 -1.01630 B   73 
-1.13096  0.78058 -1.35590 R   73 
-1.17845  0.70588 -0.76579 B   74 
-1.29006  0.80981 -0.53192 N   74 
-1.16846  0.37334 -0.78347 B   75 
-1.01811  0.37506 -1.07010 L   75 
-1.21330  0.31264 -0.45956 B   76 
-0.92403  0.20061 -0.44320 X   76 
-1.42836  0.49125 -0.35096 B   77 
-1.68882  0.50107 -0.43161 N   77 
-1.25509  0.71963 -0.16726 B   78 
-1.20906  0.48893  0.00978 I   78 
-1.14252  0.89480  0.07194 B   79 
-1.32684  0.92924  0.16424 P   79 
-0.81813  0.95003  0.13173 B   80 
-0.72465  1.06333 -0.14790 X   80 
-0.85098  0.95803  0.44756 B   81 
-1.01856  1.12753  0.47307 S   81 
-0.91896  0.65362  0.48194 B   82 
-1.10601  0.62903  0.38853 A   82 
-0.60296  0.58573  0.42408 B   83 
-0.63590  0.52686  0.10380 L   83 
-0.52992  0.69860  0.74242 B   84 
-0.43069  0.95982  0.56873 L   84 
-0.62994  0.49757  0.91184 B   85 
-0.87760  0.44791  0.96975 S   85 
-0.58882  0.24678  1.15112 B   86 
-0.65765  0.33414  1.36323 S   86 
-0.77898  0.11350  0.95129 B   87 
-1.02657 -0.03874  0.98267 D   87 
-0.66852 -0.08326  0.67006 B   88 
-0.43742 -0.19443  0.74700 I   88 
-0.90908 -0.17333  0.49652 B   89 
-1.09600 -0.26896  0.65896 T   89 
-0.90693  0.04223  0.27229 B   90 
-0.99616  0.22005  0.35982 A   90 
-0.61672 -0.00304  0.16790 B   91 
-0.47877  0.17856  0.32059 S   91 
-0.64681 -0.30001  0.09954 B   92 
-0.60660 -0.45610  0.30628 V   92 
-0.88023 -0.28875 -0.09933 B   93 
-1.13112 -0.36150  0.11269 N   93 
-0.72680 -0.09474 -0.28459 B   94 
-0.73899  0.18968 -0.29660 X   94 
-0.47113 -0.26160 -0.33193 B   95 
-0.35633 -0.24746 -0.15037 A   95 
-0.61228 -0.49943 -0.46952 B   96 
-0.77323 -0.74746 -0.10969 K   96 
-0.68459 -0.32540 -0.71772 B   97 
-1.03002 -0.16321 -0.66568 K   97 
-0.40210 -0.23201 -0.80008 B   98 
-0.33860  0.01915 -0.62959 I   98 
-0.26191 -0.51791 -0.83980 B   99 
-0.19674 -0.63922 -0.65312 V   99 
-0.50029 -0.59013 -1.06338 B   100 
-0.63258 -0.71254 -0.87274 S   100 
-0.43304 -0.37436 -1.30428 B   101 
-0.46411 -0.09794 -1.29965 D   101 
-0.13338 -0.52490 -1.44570 B   102 
 0.15679 -0.43549 -1.28744 B   103 
 0.16037 -0.20025 -1.51087 N   103 
 0.11729 -0.49885 -1.02012 B   104 
 0.35972 -0.39894 -0.78292 B   105 
 0.34384 -0.60671 -0.45069 M   105 
 0.47844 -0.17368 -0.97930 B   106 
 0.63020 -0.40612 -1.15904 N   106 
 0.29257  0.05348 -0.86733 B   107 
 0.10059 -0.02237 -0.90093 A   107 
 0.52206  0.04044 -0.64907 B   108 
 0.12735 -0.06744 -0.42367 W   108 
 0.81004  0.20527 -0.65107 B   109 
 0.79114  0.43125 -0.76995 V   109 
 0.93691  0.09352 -0.38765 B   110 
 0.86429  0.21998 -0.23043 A   110 
 0.90721 -0.20116 -0.45850 B   111 
 0.71555 -0.52593 -0.55544 W   111 
 1.06448 -0.20526 -0.72568 B   112 
 1.00118  0.03229 -1.06903 R   112 
 1.33454 -0.05188 -0.60466 B   113 
 1.28763  0.20031 -0.80340 N   113 
 1.33405 -0.23370 -0.29869 B   114 
 1.39622  0.20095 -0.05460 R   114 
 1.18278 -0.53517 -0.33517 B   115 
 0.99147 -0.38412 -0.12980 X   115 
 1.23142 -0.63945 -0.59792 B   116 
 1.02696 -0.61991 -0.99275 K   116 
 1.43235 -0.93250 -0.59580 B   117 
 1.41583 -0.97884 -0.30158 B   118 
 1.45718 -0.73572 -0.22051 T   118 
 1.40764 -1.09108  0.03632 B   119 
 1.50374 -1.33302  0.15644 D   119 
 1.08658 -1.05953  0.14750 B   120 
 0.98665 -0.99090 -0.07106 V   120 
 1.07210 -1.26698  0.38166 B   121 
 1.10357 -1.62688  0.17424 Q   121 
 1.22545 -1.08719  0.58945 B   122 
 1.41444 -1.06427  0.50755 A   122 
 0.95593 -0.91830  0.66410 B   123 
 1.12163 -0.57280  0.47253 W   123 
 0.83930 -1.19318  0.83879 B   124 
 0.65702 -1.25305  0.65049 I   124 
 1.02964 -1.24414  1.03983 B   125 
 1.36842 -1.42798  0.69369 R   125 
 0.92249 -1.35161  1.36011 B   126 
 0.63604 -1.39521  1.27431 B   127 
 0.63557 -1.09088  1.16583 X   127 
 0.30109 -1.48578  1.38655 B   128 
 0.25776 -1.86514  1.52324 R   128 
 0.14397 -1.70363  1.12218 B   129 
 0.19994 -1.47891  1.00445 L   129 
