246 
 0.19122 -1.06856  0.78008 B   1 
 0.56008 -0.96743  0.95315 K   1 
 0.13878 -0.89397  1.08854 B   2 
-0.11368 -0.93754  1.12771 V   2 
 0.18417 -0.58322  1.15599 B   3 
 0.50037 -0.56144  0.86026 F   3 
 0.29047 -0.34131  1.32975 B   4 
 0.28552 -0.02099  1.34124 B   5 
 0.08950  0.29178  1.57222 R   5 
 0.58669  0.04854  1.42089 B   6 
 0.53560  0.20619  1.68717 X   6 
 0.69822 -0.17153  1.23182 B   7 
 0.68135 -0.55866  1.27928 E   7 
 0.59747 -0.05847  0.96201 B   8 
 0.34657 -0.13808  0.80447 L   8 
 0.71505  0.22315  0.97935 B   9 
 0.59804  0.32952  1.12819 A   9 
 1.00679  0.13169  0.98252 B   10 
 1.04215  0.04889  1.18183 A   10 
 1.00452 -0.01614  0.70997 B   11 
 0.92236 -0.21288  0.74868 A   11 
 0.89767  0.21824  0.53790 B   12 
 0.47027  0.17474  0.54378 M   12 
 1.13293  0.40005  0.60155 B   13 
 1.21465  0.66980  0.93133 K   13 
 1.37123  0.23334  0.50932 B   14 
 1.45214 -0.20910  0.57482 R   14 
 1.22671  0.22392  0.21298 B   15 
 1.17483 -0.15993  0.25243 H   15 
 1.14967  0.55224  0.17118 B   16 
 0.83828  0.66513  0.23439 B   17 
 0.68033  0.39851  0.13840 L   17 
 0.91435  0.90570  0.37893 B   18 
 0.91478  1.00183  0.67066 D   18 
 0.80898  1.16485  0.18530 B   19 
 0.90752  1.30940  0.45552 N   19 
 0.70393  1.03405 -0.05076 B   20 
 0.86330  0.75170 -0.35091 Y   20 
 0.58899  1.25349 -0.26375 B   21 
 0.73324  1.10432 -0.69094 R   21 
 0.49950  1.41414  0.02276 B   22 
 0.43737  1.15950  0.21331 B   23 
 0.08134  1.17428 -0.09381 Y   23 
 0.40476  1.09826  0.50888 B   24 
 0.33865  1.26099  0.66396 S   24 
 0.43068  0.82251  0.69523 B   25 
 0.68224  0.67862  0.81593 L   25 
 0.13768  0.83236  0.81706 B   26 
-0.00931  0.77930  0.55013 B   27 
-0.03099  1.10216  0.45422 N   27 
 0.09624  0.49519  0.49516 B   28 
 0.33531  0.61464  0.13794 W   28 
 0.00045  0.36828  0.75864 B   29 
 0.17721  0.38508  0.94853 V   29 
-0.29440  0.44287  0.72721 B   30 
-0.44144  0.67158  0.78246 X   30 
-0.34457  0.28838  0.46670 B   31 
-0.25573  0.40877  0.30713 A   31 
-0.26234  0.00494  0.55956 B   32 
-0.04720  0.00046  0.56316 A   32 
-0.47292 -0.01351  0.78167 B   33 
-0.55784  0.00739  1.11146 K   33 
-0.73877  0.02949  0.57940 B   34 
-0.83419  0.33179  0.84118 F   34 
-0.65853 -0.18966  0.36033 B   35 
-0.62577  0.04127  0.09673 E   35 
-0.51743 -0.44654  0.56209 B   36 
-0.32136 -0.44255  0.45880 S   36 
-0.44137 -0.42684  0.86428 B   37 
-0.65313 -0.45857  1.05513 N   37 
-0.12900 -0.51165  0.82902 B   38 
-0.12224 -0.16481  1.05361 F   38 
-0.18039 -0.74549  0.60070 B   39 
-0.30628 -1.00322  0.69069 N   39 
 0.00444 -0.91038  0.35805 B   40 
 0.23095 -0.92554  0.46103 T   40 
-0.23631 -1.13903  0.28921 B   41 
-0.07198 -1.46036  0.45986 Q   41 
-0.43324 -0.95043  0.17355 B   42 
-0.50216 -0.81895  0.32406 A   42 
-0.74109 -1.01876 -0.01060 B   43 
-0.62116 -1.21011 -0.10492 T   43 
-0.94789 -0.85797 -0.27839 B   44 
-0.99638 -0.74357  0.03549 N   44 
-1.22324 -0.86908 -0.45448 B   45 
-1.20546 -1.23571 -0.80422 R   45 
-1.33472 -0.72528 -0.74923 B   46 
-1.08654 -0.50858 -0.65554 N   46 
-1.58783 -0.64238 -0.95610 B   47 
-1.77538 -0.49748 -0.85319 T   47 
-1.37685 -0.64820 -1.21534 B   48 
-1.19613 -0.46031 -1.16660 D   48 
-1.19503 -0.92261 -1.12009 B   49 
-0.99604 -0.82410 -0.96248 B   50 
-0.91453 -0.59921 -1.01892 S   50 
-0.71431 -0.78778 -0.71556 B   51 
-0.79557 -1.03772 -0.64451 T   51 
-0.61372 -0.72112 -0.39512 B   52 
-0.74748 -0.40689 -0.43100 D   52 
-0.27347 -0.68029 -0.25641 B   53 
-0.36274 -1.04795 -0.55238 Y   53 
-0.17516 -0.65943  0.04989 B   54 
-0.09023 -0.39005  0.26123 B   55 
 0.12163 -0.39887  0.43141 I   55 
-0.18183 -0.19404 -0.01627 B   56 
 0.04547  0.01056  0.08267 L   56 
-0.38122 -0.30414 -0.21761 B   57 
-0.59939 -0.48054 -0.01576 Q   57 
-0.27052 -0.41072 -0.48888 B   58 
 0.01266 -0.28469 -0.48936 I   58 
-0.37434 -0.41701 -0.81676 B   59 
-0.65436 -0.34932 -0.91585 N   59 
-0.41955 -0.65507 -1.09287 B   60 
-0.54337 -0.82785 -1.00715 S   60 
-0.48853 -0.45843 -1.34331 B   61 
-0.90326 -0.48322 -1.45282 R   61 
-0.19314 -0.28629 -1.31189 B   62 
-0.50822  0.01677 -1.44123 W   62 
 0.05530 -0.41071 -1.10955 B   63 
-0.03598  0.01024 -1.02905 W   63 
-0.01671 -0.72807 -1.10605 B   64 
-0.03068 -0.76274 -0.84862 X   64 
 0.00916 -1.08650 -1.14266 B   65 
 0.01881 -1.21537 -1.41010 N   65 
-0.26135 -1.35962 -1.11432 B   66 
-0.46095 -1.19690 -1.03463 D   66 
-0.38731 -1.50818 -1.38340 B   67 
-0.71748 -1.36208 -1.34853 B   68 
-0.85701 -1.46704 -0.90801 R   68 
-0.67971 -1.06756 -1.51779 B   69 
-0.68578 -0.94938 -1.29145 T   69 
-0.81035 -0.93183 -1.76277 B   70 
-0.97741 -1.06429 -1.74509 P   70 
-0.63047 -0.67521 -1.89353 B   71 
-0.36305 -0.67088 -1.75978 B   72 
-0.35951 -0.84134 -1.59425 S   72 
-0.03015 -0.50482 -1.67422 B   73 
-0.06708 -0.24252 -1.91403 R   73 
 0.21091 -0.52447 -1.46762 B   74 
 0.31316 -0.77002 -1.38274 N   74 
 0.38913 -0.25741 -1.37871 B   75 
 0.17933 -0.05040 -1.51249 L   75 
 0.56703 -0.40356 -1.13870 B   76 
 0.42192 -0.22774 -0.92769 X   76 
 0.66083 -0.67313 -1.23082 B   77 
 0.82167 -0.72584 -1.44481 N   77 
 0.46245 -0.88858 -1.05719 B   78 
 0.62105 -0.79342 -0.82811 I   78 
 0.35867 -1.11457 -0.86039 B   79 
 0.50717 -1.25457 -0.90543 P   79 
 0.10573 -1.07821 -0.64463 B   80 
-0.12370 -0.97975 -0.83812 X   80 
 0.23239 -1.26830 -0.42392 B   81 
 0.26801 -1.46918 -0.54979 S   81 
 0.47002 -1.07792 -0.34804 B   82 
 0.59175 -1.07221 -0.51970 A   82 
 0.25448 -0.88606 -0.19138 B   83 
 0.20458 -0.67724 -0.43843 L   83 
 0.24278 -1.12131  0.06148 B   84 
-0.04033 -1.19179 -0.09062 L   84 
 0.49034 -1.09472  0.19233 B   85 
 0.72280 -1.17341  0.10910 S   85 
 0.68522 -1.01994  0.47211 B   86 
 0.75783 -1.22627  0.56966 S   86 
 0.83591 -0.87408  0.24878 B   87 
 1.11845 -0.85989  0.17510 D   87 
 0.77199 -0.53213  0.15397 B   88 
 0.69015 -0.41004  0.37777 I   88 
 0.94416 -0.45093 -0.09069 B   89 
 1.19328 -0.53084 -0.04567 T   89 
 0.74249 -0.49220 -0.32388 B   90 
 0.73600 -0.70648 -0.35973 A   90 
 0.51736 -0.30101 -0.22422 B   91 
 0.36173 -0.47590 -0.08099 S   91 
 0.68776 -0.04713 -0.20745 B   92 
 0.81773 -0.02720  0.01934 V   92 
 0.78766 -0.02703 -0.49690 B   93 
 1.08795 -0.17345 -0.45725 N   93 
 0.49904 -0.02127 -0.60721 B   94 
 0.34014 -0.23611 -0.70612 X   94 
 0.38898  0.21975 -0.44831 B   95 
 0.35684  0.14902 -0.24754 A   95 
 0.58451  0.42822 -0.56545 B   96 
 0.96890  0.36566 -0.31005 K   96 
 0.45406  0.40624 -0.84762 B   97 
 0.63518  0.13545 -1.05304 K   97 
 0.16222  0.47684 -0.77585 B   98 
 0.02791  0.21356 -0.68192 I   98 
 0.20925  0.76499 -0.64272 B   99 
 0.29382  0.77791 -0.42709 V   99 
 0.35259  0.86067 -0.92965 B   100 
 0.58604  0.80454 -0.82392 S   100 
 0.09672  0.85069 -1.13833 B   101 
-0.03789  0.62638 -1.23300 D   101 
-0.08729  1.14577 -1.03099 B   102 
-0.30117  1.09045 -0.76938 B   103 
-0.51497  1.03420 -1.00686 N   103 
-0.14484  0.97910 -0.56889 B   104 
-0.30254  0.85622 -0.27726 B   105 
-0.05861  0.82777  0.02850 M   105 
-0.58710  0.83229 -0.42508 B   106 
-0.62686  1.16016 -0.40810 N   106 
-0.54186  0.53382 -0.51200 B   107 
-0.36669  0.54429 -0.62577 A   107 
-0.63125  0.50312 -0.20944 B   108 
-0.19919  0.32688 -0.23182 W   108 
-0.94116  0.47709 -0.09376 B   109 
-1.09754  0.36303 -0.26137 V   109 
-0.88205  0.46189  0.21323 B   110 
-0.84771  0.25442  0.25521 A   110 
-0.71409  0.71552  0.22765 B   111 
-0.41714  0.95084  0.13795 W   111 
-0.91912  0.91870  0.11442 B   112 
-1.12505  0.90333 -0.25392 R   112 
-1.16748  0.82799  0.31737 B   113 
-1.34514  0.72798  0.06491 N   113 
-0.95884  0.79936  0.60430 B   114 
-1.17301  0.35523  0.70047 R   114 
-0.68491  0.99767  0.57729 B   115 
-0.56016  0.70439  0.58092 X   115 
-0.74987  1.23769  0.43429 B   116 
-0.74258  1.36856  0.00897 K   116 
-0.72977  1.52926  0.63638 B   117 
-0.59125  1.39808  0.86571 B   118 
-0.73470  1.18224  0.88081 T   118 
-0.40618  1.29621  1.15244 B   119 
-0.29762  1.44825  1.36991 D   119 
-0.14789  1.10119  1.04428 B   120 
-0.18703  1.13404  0.79963 V   120 
 0.06164  1.12661  1.27564 B   121 
 0.17546  1.52570  1.23952 Q   121 
-0.08578  0.92826  1.47043 B   122 
-0.26729  1.02035  1.50942 A   122 
 0.04266  0.66600  1.32391 B   123 
-0.34452  0.56373  1.17174 W   123 
 0.34692  0.74041  1.47076 B   124 
 0.45334  0.82660  1.23942 I   124 
 0.30269  0.73467  1.74870 B   125 
 0.03951  1.18055  1.73137 R   125 
 0.55267  0.60484  1.96379 B   126 
 0.76188  0.58682  1.74648 B   127 
 0.55016  0.41356  1.57462 X   127 
 1.10123  0.47974  1.66669 B   128 
 1.39832  0.67986  1.85686 R   128 
 1.25424  0.73681  1.43747 B   129 
 1.04328  0.64876  1.31406 L   129 
