246 
-0.47783  0.07423 -1.24623 B   1 
-0.51138 -0.33451 -1.33592 K   1 
-0.80575 -0.04363 -1.16285 B   2 
-0.93057  0.18028 -1.12480 V   2 
-0.89721 -0.23540 -0.92195 B   3 
-0.51071 -0.43164 -0.92655 F   3 
-1.05221 -0.47995 -0.79473 B   4 
-1.11311 -0.61680 -0.51131 B   5 
-1.44564 -0.64906 -0.23206 R   5 
-1.08223 -0.92739 -0.57810 B   6 
-1.36858 -1.02713 -0.49792 X   6 
-0.83403 -0.87452 -0.75758 B   7 
-0.82510 -0.70698 -1.11008 E   7 
-0.64301 -0.76016 -0.54272 B   8 
-0.58220 -0.46617 -0.47968 L   8 
-0.65696 -0.98701 -0.33830 B   9 
-0.85329 -0.97482 -0.24631 A   9 
-0.53545 -1.19851 -0.52267 B   10 
-0.69146 -1.24983 -0.66708 A   10 
-0.26509 -1.05550 -0.57361 B   11 
-0.30175 -0.91146 -0.73129 A   11 
-0.18400 -1.01589 -0.27728 B   12 
-0.34472 -0.63266 -0.16822 M   12 
-0.18050 -1.31378 -0.21640 B   13 
-0.49148 -1.59359 -0.10151 K   13 
 0.01926 -1.42001 -0.42110 B   14 
 0.05714 -1.31758 -0.86231 R   14 
 0.23646 -1.20791 -0.29215 B   15 
 0.23894 -1.00951 -0.62715 H   15 
 0.19569 -1.27129  0.03921 B   16 
 0.00289 -1.07103  0.23007 B   17 
 0.07106 -0.79370  0.07616 L   17 
-0.13670 -1.28080  0.37522 B   18 
-0.41743 -1.40544  0.37518 D   18 
-0.03911 -1.24699  0.69939 B   19 
-0.27037 -1.47042  0.71443 N   19 
 0.15641 -1.03362  0.68886 B   20 
 0.53360 -0.96337  0.46976 Y   20 
 0.27406 -0.96902  0.98671 B   21 
 0.74133 -0.90702  0.92861 R   21 
-0.04575 -1.04290  1.07707 B   22 
-0.20468 -0.93426  0.81640 B   23 
-0.06144 -0.54829  1.04401 Y   23 
-0.47760 -0.96397  0.68674 B   24 
-0.66887 -1.02142  0.80927 S   24 
-0.59612 -0.92050  0.37773 B   25 
-0.58920 -1.10843  0.12635 L   25 
-0.81986 -0.70832  0.45329 B   26 
-0.62383 -0.48369  0.53565 B   27 
-0.59340 -0.57677  0.85863 N   27 
-0.49060 -0.43625  0.26200 B   28 
-0.09199 -0.59096  0.38929 W   28 
-0.74822 -0.37446  0.10541 B   29 
-0.85714 -0.58710  0.00293 V   29 
-0.84256 -0.14500  0.28412 B   30 
-0.98336 -0.13312  0.52289 X   30 
-0.60033  0.03850  0.24047 B   31 
-0.43922 -0.04407  0.36327 A   31 
-0.61100  0.06361 -0.06771 B   32 
-0.53209 -0.11981 -0.14799 A   32 
-0.89078  0.18885 -0.07552 B   33 
-1.22720  0.15889 -0.12380 K   33 
-0.81336  0.45561  0.11496 B   34 
-1.13431  0.33290  0.34069 F   34 
-0.54976  0.54342 -0.04397 B   35 
-0.33168  0.49091  0.22726 E   35 
-0.64157  0.47571 -0.38100 B   36 
-0.47358  0.33536 -0.41579 S   36 
-0.89162  0.31618 -0.47857 B   37 
-1.14129  0.45703 -0.48863 N   37 
-0.72822  0.09506 -0.65297 B   38 
-0.98323 -0.12380 -0.41245 F   38 
-0.50381  0.30460 -0.77623 B   39 
-0.59463  0.49777 -0.98790 N   39 
-0.18728  0.28614 -0.91655 B   40 
-0.19317  0.06933 -1.03942 T   40 
-0.18101  0.61037 -1.01566 B   41 
-0.22586  0.55932 -1.40906 Q   41 
-0.17861  0.73082 -0.74508 B   42 
-0.36206  0.69051 -0.64804 A   42 
-0.11680  1.07631 -0.64429 B   43 
 0.04375  1.08270 -0.82890 T   43 
 0.02497  1.26043 -0.35045 B   44 
-0.29729  1.16354 -0.32361 N   44 
 0.08307  1.55117 -0.21246 B   45 
 0.46465  1.79308 -0.44253 R   45 
 0.28813  1.66858  0.04081 B   46 
 0.26381  1.33608  0.11940 N   46 
 0.36852  1.90857  0.26368 B   47 
 0.18156  1.97767  0.42809 T   47 
 0.68603  1.80399  0.26063 B   48 
 0.68154  1.55445  0.35035 D   48 
 0.70954  1.73921 -0.07505 B   49 
 0.62612  1.48153 -0.10314 B   50 
 0.67447  1.33097  0.08501 S   50 
 0.50195  1.15435 -0.24166 B   51 
 0.44416  1.31131 -0.45647 T   51 
 0.23742  0.94840 -0.31137 B   52 
 0.17189  0.93801  0.02556 D   52 
 0.23353  0.59989 -0.43465 B   53 
 0.52560  0.91869 -0.64393 Y   53 
-0.01202  0.41963 -0.54017 B   54 
-0.21358  0.17090 -0.39205 B   55 
-0.28734 -0.05520 -0.52383 I   55 
-0.02465  0.24391 -0.10431 B   56 
-0.05984 -0.06700 -0.03072 L   56 
 0.10029  0.51933 -0.07359 B   57 
-0.13993  0.72479 -0.21338 Q   57 
 0.40604  0.54744 -0.12772 B   58 
 0.49469  0.25073 -0.11447 I   58 
 0.66699  0.73229 -0.00099 B   59 
 0.64109  0.97124  0.18621 N   59 
 0.93799  0.95193 -0.11616 B   60 
 0.83900  1.10800 -0.25172 S   60 
 1.11071  0.99760  0.15629 B   61 
 1.05729  1.39473  0.31136 R   61 
 1.16787  0.66151  0.19696 B   62 
 1.12064  0.83784  0.61473 W   62 
 1.09613  0.44468 -0.05991 B   63 
 0.92428  0.31889  0.32305 W   63 
 1.11373  0.64193 -0.31816 B   64 
 0.87867  0.59566 -0.41952 X   64 
 1.21126  0.78440 -0.63546 B   65 
 1.47859  0.90759 -0.67519 N   65 
 1.12427  1.12563 -0.79219 B   66 
 0.95122  1.20399 -0.60092 D   66 
 1.34470  1.37394 -0.80154 B   67 
 1.16562  1.58406 -0.56626 B   68 
 0.72648  1.62357 -0.73987 R   68 
 1.28985  1.47308 -0.26782 B   69 
 1.06300  1.36310 -0.22680 T   69 
 1.44342  1.59623 -0.02960 B   70 
 1.38405  1.79135 -0.09421 P   70 
 1.59209  1.36887  0.17415 B   71 
 1.57066  1.09987  0.04530 B   72 
 1.44670  1.12313 -0.15610 S   72 
 1.59352  0.71887  0.05159 B   73 
 1.75873  0.70581  0.36815 R   73 
 1.49923  0.46208 -0.11071 B   74 
 1.49769  0.45600 -0.38985 N   74 
 1.44513  0.16919  0.03858 B   75 
 1.45641  0.29791  0.33535 L   75 
 1.31557  0.01144 -0.22399 B   76 
 1.04131  0.00015 -0.07857 X   76 
 1.47605  0.07324 -0.46971 B   77 
 1.74034  0.01894 -0.51021 N   77 
 1.27501  0.28657 -0.64290 B   78 
 1.11155  0.04464 -0.68077 I   78 
 1.09026  0.41679 -0.86534 B   79 
 1.20885  0.36260 -1.02867 P   79 
 0.79192  0.55654 -0.80770 B   80 
 0.86672  0.76575 -0.58318 X   80 
 0.66722  0.46708 -1.08580 B   81 
 0.82606  0.55877 -1.24015 S   81 
 0.65915  0.16000 -1.02171 B   82 
 0.86112  0.10204 -1.00893 A   82 
 0.40539  0.21760 -0.82146 B   83 
 0.58039  0.24072 -0.54584 L   83 
 0.20575  0.25698 -1.10076 B   84 
 0.24800  0.57310 -1.01993 L   84 
 0.17607 -0.00376 -1.20201 B   85 
 0.35206 -0.14541 -1.32896 S   85 
-0.01684 -0.28242 -1.28555 B   86 
-0.04713 -0.28358 -1.52312 S   86 
 0.22204 -0.41081 -1.14306 B   87 
 0.39422 -0.63806 -1.20767 D   87 
 0.23257 -0.47623 -0.78863 B   88 
-0.02125 -0.52225 -0.71690 I   88 
 0.50887 -0.58915 -0.70495 B   89 
 0.57428 -0.78101 -0.87637 T   89 
 0.65159 -0.33233 -0.60285 B   90 
 0.71433 -0.22438 -0.78077 A   90 
 0.44634 -0.25003 -0.38315 B   91 
 0.28310 -0.08214 -0.52630 S   91 
 0.45714 -0.51003 -0.22174 B   92 
 0.29632 -0.69442 -0.31587 V   92 
 0.75620 -0.52201 -0.15403 B   93 
 0.85597 -0.72756 -0.40097 N   93 
 0.74667 -0.24585 -0.01565 B   94 
 0.80931  0.01084 -0.12230 X   94 
 0.52338 -0.30041  0.19079 B   95 
 0.33863 -0.29951  0.08029 A   95 
 0.67283 -0.52435  0.34223 B   96 
 0.59479 -0.89936  0.07732 K   96 
 0.88434 -0.32293  0.45092 B   97 
 1.18153 -0.30321  0.20675 K   97 
 0.69754 -0.12365  0.59481 B   98 
 0.60077  0.07801  0.37998 I   98 
 0.55016 -0.32577  0.79579 B   99 
 0.38339 -0.46507  0.71456 V   99 
 0.85193 -0.40820  0.91483 B   100 
 0.85236 -0.61411  0.75226 S   100 
 0.94700 -0.12537  1.05655 B   101 
 1.01640  0.11339  0.93174 D   101 
 0.73458 -0.12518  1.35206 B   102 
 0.42308  0.00752  1.30103 B   103 
 0.56739  0.28239  1.39530 N   103 
 0.31615 -0.13550  1.08855 B   104 
 0.00876 -0.03039  0.94895 B   105 
-0.17363 -0.31404  0.74879 M   105 
 0.03952  0.26573  1.07048 B   106 
-0.04073  0.15389  1.37118 N   106 
 0.18123  0.38009  0.81449 B   107 
 0.34989  0.25784  0.79586 A   107 
-0.12421  0.38390  0.72984 B   108 
 0.08664  0.09590  0.42844 W   108 
-0.34331  0.62775  0.78119 B   109 
-0.23226  0.85845  0.78347 V   109 
-0.59887  0.49639  0.65709 B   110 
-0.59275  0.54431  0.44816 A   110 
-0.58682  0.23926  0.81983 B   111 
-0.42806 -0.09092  0.95164 W   111 
-0.59192  0.35968  1.10550 B   112 
-0.33135  0.64743  1.27172 R   112 
-0.85757  0.55383  1.05222 B   113 
-0.67925  0.82082  1.09928 N   113 
-1.03611  0.30584  0.86974 B   114 
-1.13778  0.65310  0.52125 R   114 
-0.93770 -0.00652  0.95832 B   115 
-0.84932  0.01176  0.65263 X   115 
-0.86814 -0.01349  1.23651 B   116 
-0.49691  0.04483  1.47497 K   116 
-1.08919 -0.21360  1.42976 B   117 
-1.22620 -0.34102  1.19742 B   118 
-1.26163 -0.12954  1.05110 T   118 
-1.40240 -0.53724  0.95807 B   119 
-1.58283 -0.75748  0.99172 D   119 
-1.17624 -0.64389  0.72586 B   120 
-0.97269 -0.55496  0.84043 V   120 
-1.31192 -0.90011  0.60744 B   121 
-1.29627 -1.15908  0.93337 Q   121 
-1.51555 -0.74382  0.42545 B   122 
-1.63389 -0.63901  0.55947 A   122 
-1.29339 -0.69938  0.19006 B   123 
-1.28568 -0.28039  0.27902 W   123 
-1.32343 -1.03382  0.10685 B   124 
-1.08497 -1.09633  0.21407 I   124 
-1.59307 -1.07244  0.03582 B   125 
-1.74453 -1.03388  0.52973 R   125 
-1.67505 -1.29190 -0.23014 B   126 
-1.39465 -1.40163 -0.25571 B   127 
-1.29173 -1.09684 -0.28551 X   127 
-1.17700 -1.62364 -0.44632 B   128 
-1.26835 -2.01833 -0.42783 R   128 
-0.94870 -1.80020 -0.20395 B   129 
-0.90263 -1.54649 -0.17237 L   129 
