246 
-1.19691 -0.58165  0.12643 B   1 
-1.07911 -0.96399  0.25365 K   1 
-1.18922 -0.59540  0.48438 B   2 
-1.31345 -0.37616  0.54496 V   2 
-0.93592 -0.60829  0.68148 B   3 
-0.70571 -0.81528  0.37804 F   3 
-0.76961 -0.72098  0.92573 B   4 
-0.49867 -0.66840  1.08879 B   5 
-0.37902 -0.50188  1.47292 R   5 
-0.38804 -0.96445  1.13347 B   6 
-0.37702 -0.96972  1.44687 X   6 
-0.46849 -1.04890  0.84536 B   7 
-0.82790 -1.10904  0.70532 E   7 
-0.28606 -0.85622  0.68623 B   8 
-0.35893 -0.58613  0.56034 L   8 
-0.01697 -0.92697  0.81281 B   9 
-0.01961 -0.84368  1.01334 A   9 
-0.01631 -1.21734  0.71703 B   10 
-0.16130 -1.32277  0.84228 A   10 
-0.03105 -1.15839  0.41297 B   11 
-0.24026 -1.12396  0.36823 A   11 
 0.21383 -0.96939  0.39666 B   12 
 0.05492 -0.57554  0.46165 M   12 
 0.40997 -1.18064  0.49339 B   13 
 0.52839 -1.31180  0.88959 K   13 
 0.37049 -1.40456  0.28994 B   14 
-0.01712 -1.57099  0.12068 R   14 
 0.44587 -1.18243  0.05807 B   15 
 0.08290 -1.20671 -0.08070 H   15 
 0.72594 -1.04493  0.19272 B   16 
 0.71064 -0.75222  0.35943 B   17 
 0.47614 -0.61782  0.18002 L   17 
 0.87957 -0.82803  0.58364 B   18 
 0.84108 -0.89919  0.87995 D   18 
 1.15531 -0.63009  0.56029 B   19 
 1.19495 -0.77955  0.84263 N   19 
 1.11149 -0.48238  0.31508 B   20 
 1.03683 -0.58907 -0.10713 Y   20 
 1.35828 -0.27607  0.25801 B   21 
 1.44766 -0.30966 -0.20721 R   21 
 1.35278 -0.25066  0.59747 B   22 
 1.03567 -0.28921  0.65192 B   23 
 1.07768  0.13920  0.46216 Y   23 
 0.85023 -0.35560  0.88296 B   24 
 0.90790 -0.31306  1.10604 S   24 
 0.54109 -0.47921  0.90715 B   25 
 0.43617 -0.77485  0.89504 L   25 
 0.41730 -0.23765  1.07180 B   26 
 0.44196 -0.02887  0.84491 B   27 
 0.75528  0.07159  0.92004 N   27 
 0.24846 -0.15756  0.64273 B   28 
 0.56738 -0.25810  0.34742 W   28 
 0.00204 -0.16548  0.82691 B   29 
-0.01355 -0.38535  0.96473 V   29 
-0.00229  0.13346  0.89097 B   30 
 0.13163  0.29227  1.07488 X   30 
-0.04114  0.23290  0.60313 B   31 
 0.15433  0.21564  0.50646 A   31 
-0.30225  0.08262  0.53271 B   32 
-0.24781 -0.12179  0.49308 A   32 
-0.46948  0.21241  0.75454 B   33 
-0.61268  0.19835  1.06389 K   33 
-0.42175  0.52943  0.65129 B   34 
-0.29604  0.59042  1.03793 F   34 
-0.49759  0.48345  0.34373 B   35 
-0.17866  0.56744  0.22078 E   35 
-0.76481  0.24982  0.36841 B   36 
-0.66374  0.09629  0.24455 S   36 
-0.85278  0.09209  0.62312 B   37 
-1.01877  0.23009  0.81199 N   37 
-0.82458 -0.20530  0.49359 B   38 
-0.61640 -0.22243  0.85016 F   38 
-0.94586 -0.12692  0.19592 B   39 
-1.24139 -0.07621  0.17451 N   39 
-0.93583 -0.25576 -0.12583 B   40 
-0.92895 -0.50194 -0.08727 T   40 
-1.17183 -0.04529 -0.24826 B   41 
-1.47537 -0.30195 -0.28533 Q   41 
-1.01514  0.20456 -0.22087 B   42 
-0.98338  0.24608 -0.01603 A   42 
-1.08298  0.53794 -0.35353 B   43 
-1.17580  0.42220 -0.54816 T   43 
-0.88958  0.83757 -0.46823 B   44 
-0.93512  0.80887 -0.13497 N   44 
-0.90223  1.14714 -0.57289 B   45 
-1.06847  1.17495 -1.05106 R   45 
-0.68578  1.36222 -0.73681 B   46 
-0.46843  1.13551 -0.60012 N   46 
-0.59808  1.67499 -0.82745 B   47 
-0.56783  1.84446 -0.63477 T   47 
-0.43624  1.55191 -1.09280 B   48 
-0.24379  1.39740 -0.99569 D   48 
-0.66285  1.30858 -1.17567 B   49 
-0.58809  1.09038 -1.03093 B   50 
-0.34731  1.06630 -0.98792 S   50 
-0.58142  0.75793 -0.85462 B   51 
-0.84990  0.77344 -0.89702 T   51 
-0.62955  0.57922 -0.56653 B   52 
-0.37992  0.76614 -0.42278 D   52 
-0.55753  0.22433 -0.49210 B   53 
-0.77687  0.33692 -0.90435 Y   53 
-0.64001  0.04461 -0.23750 B   54 
-0.47158 -0.05464  0.05612 B   55 
-0.49135 -0.30587  0.15822 I   55 
-0.21163  0.14499 -0.07191 B   56 
-0.01273 -0.06555  0.06748 L   56 
-0.27826  0.37461 -0.25965 B   57 
-0.57580  0.49222 -0.12888 Q   57 
-0.22645  0.33339 -0.56431 B   58 
-0.03849  0.08699 -0.55824 I   58 
-0.12389  0.52699 -0.82949 B   59 
-0.10182  0.83084 -0.82965 N   59 
-0.22715  0.61299 -1.17138 B   60 
-0.44683  0.67662 -1.15649 S   60 
 0.02834  0.78343 -1.28014 B   61 
-0.06270  1.20242 -1.30780 R   61 
 0.24627  0.52350 -1.22703 B   62 
 0.47485  0.90701 -1.13471 W   62 
 0.12324  0.20981 -1.15915 B   63 
 0.42843  0.33945 -0.87268 W   63 
-0.17280  0.22576 -1.29340 B   64 
-0.31414  0.15734 -1.08602 X   64 
-0.46041  0.15479 -1.50010 B   65 
-0.45757  0.20405 -1.79300 N   65 
-0.78374  0.35746 -1.55453 B   66 
-0.73172  0.54799 -1.37106 D   66 
-0.83495  0.53177 -1.83262 B   67 
-0.81491  0.85585 -1.67093 B   68 
-1.12840  0.84036 -1.31593 R   68 
-0.47895  0.91744 -1.68354 B   69 
-0.47288  0.87525 -1.43171 T   69 
-0.29559  1.13458 -1.80490 B   70 
-0.46400  1.26550 -1.82116 P   70 
 0.03102  1.04488 -1.82924 B   71 
 0.05328  0.75420 -1.76269 B   72 
-0.16230  0.67467 -1.70212 S   72 
 0.25379  0.44198 -1.67302 B   73 
 0.57055  0.58961 -1.74747 R   73 
 0.21756  0.15078 -1.55029 B   74 
-0.00188 -0.00993 -1.61335 N   74 
 0.46104 -0.00057 -1.38056 B   75 
 0.63764  0.26971 -1.35757 L   75 
 0.28387 -0.26242 -1.27734 B   76 
 0.30755 -0.15990 -0.98506 X   76 
 0.11520 -0.36674 -1.50231 B   77 
 0.20364 -0.46348 -1.74160 N   77 
-0.19883 -0.26568 -1.41809 B   78 
-0.16805 -0.46747 -1.20591 I   78 
-0.50535 -0.26226 -1.33680 B   79 
-0.56638 -0.41125 -1.47005 P   79 
-0.63429 -0.08192 -1.08638 B   80 
-0.53213  0.20709 -1.16259 X   80 
-0.85566 -0.29685 -1.01095 B   81 
-0.96700 -0.32540 -1.22132 S   81 
-0.65657 -0.51258 -0.90009 B   82 
-0.54612 -0.57562 -1.06785 A   82 
-0.61590 -0.32510 -0.63361 B   83 
-0.34600 -0.17169 -0.73725 L   83 
-0.92823 -0.42644 -0.52591 B   84 
-1.00443 -0.12616 -0.63671 L   84 
-0.89103 -0.69400 -0.44753 B   85 
-0.85973 -0.90097 -0.60030 S   85 
-0.88894 -0.94820 -0.20831 B   86 
-1.08798 -1.07845 -0.23624 S   86 
-0.62764 -1.00081 -0.35933 B   87 
-0.50604 -1.24289 -0.46919 D   87 
-0.31000 -0.85782 -0.26622 B   88 
-0.32055 -0.82728 -0.00043 I   88 
-0.08975 -0.93473 -0.47036 B   89 
-0.10841 -1.19546 -0.51664 T   89 
-0.08418 -0.68252 -0.65232 B   90 
-0.25639 -0.70015 -0.78376 A   90 
-0.02297 -0.46928 -0.43334 B   91 
-0.27733 -0.39302 -0.36402 S   91 
 0.23704 -0.59407 -0.33041 B   92 
 0.19575 -0.78026 -0.15055 V   92 
 0.40303 -0.59946 -0.58844 B   93 
 0.34330 -0.91746 -0.68061 N   93 
 0.37383 -0.29411 -0.62606 B   94 
 0.18508 -0.14965 -0.78320 X   94 
 0.48540 -0.19877 -0.35419 B   95 
 0.33147 -0.23912 -0.20921 A   95 
 0.76902 -0.31494 -0.39266 B   96 
 0.71515 -0.76243 -0.27541 K   96 
 0.83153 -0.11226 -0.62099 B   97 
 0.73337 -0.26556 -0.96039 K   97 
 0.78151  0.15273 -0.47070 B   98 
 0.47718  0.20932 -0.48978 I   98 
 0.98829  0.11527 -0.22821 B   99 
 0.93296 -0.02599 -0.05272 V   99 
 1.23070  0.08033 -0.45635 B   100 
 1.20290 -0.17977 -0.43620 S   100 
 1.23804  0.38136 -0.59216 B   101 
 1.04607  0.50017 -0.75474 D   101 
 1.39734  0.57024 -0.32497 B   102 
 1.18082  0.68556 -0.08609 B   103 
 1.17185  0.94806 -0.27658 N   103 
 1.04426  0.46127  0.00380 B   104 
 0.77236  0.50399  0.22576 B   105 
 0.68793  0.17939  0.42898 M   105 
 0.73425  0.81184  0.14103 B   106 
 0.99975  0.89679  0.31896 N   106 
 0.52490  0.74708 -0.08406 B   107 
 0.63015  0.61737 -0.20991 A   107 
 0.34718  0.73700  0.17821 B   108 
 0.32418  0.30844 -0.00628 W   108 
 0.19021  0.99057  0.32371 B   109 
 0.11803  1.16909  0.15496 V   109 
 0.06535  0.84179  0.56916 B   110 
-0.12212  0.76382  0.50015 A   110 
 0.32544  0.71997  0.67041 B   111 
 0.64903  0.50446  0.64916 W   111 
 0.49148  0.97906  0.70836 B   112 
 0.57469  1.27935  0.42336 R   112 
 0.25923  1.13852  0.88650 B   113 
 0.22871  1.36438  0.65552 N   113 
 0.17270  0.85268  1.08011 B   114 
-0.31123  0.95486  0.99206 R   114 
 0.43169  0.63441  1.09948 B   115 
 0.21114  0.46887  0.93968 X   115 
 0.68097  0.77628  1.10293 B   116 
 0.97377  0.91599  0.79825 K   116 
 0.85444  0.74437  1.41139 B   117 
 0.68373  0.52516  1.51999 B   118 
 0.45083  0.62124  1.45743 T   118 
 0.52737  0.24985  1.68306 B   119 
 0.59830  0.10773  1.92174 D   119 
 0.47562  0.00728  1.44871 B   120 
 0.59528  0.12166  1.26145 V   120 
 0.45928 -0.25433  1.62009 B   121 
 0.85127 -0.28693  1.75726 Q   121 
 0.16538 -0.20478  1.72101 B   122 
 0.17830 -0.03058  1.83254 A   122 
 0.03537 -0.32448  1.44623 B   123 
-0.09723  0.06874  1.33988 W   123 
 0.12303 -0.64252  1.55039 B   124 
 0.32375 -0.66062  1.37248 I   124 
-0.01026 -0.68386  1.79486 B   125 
 0.30955 -0.35944  2.04154 R   125 
-0.14286 -1.00363  1.87085 B   126 
-0.00957 -1.13939  1.63607 B   127 
-0.14658 -0.91697  1.44596 X   127 
 0.02545 -1.45260  1.45259 B   128 
 0.20180 -1.75652  1.65509 R   128 
 0.38608 -1.48784  1.34893 B   129 
 0.30277 -1.26680  1.24082 L   129 
