246 
-0.38956 -1.02010 -0.77107 B   1 
-0.21757 -1.34021 -0.56088 K   1 
-0.62408 -1.15238 -0.53470 B   2 
-0.84304 -1.03790 -0.61292 V   2 
-0.62425 -1.12905 -0.21433 B   3 
-0.19135 -1.10636 -0.21211 F   3 
-0.64875 -1.24169  0.08016 B   4 
-0.65079 -1.14402  0.38548 B   5 
-0.94064 -1.08745  0.70545 R   5 
-0.47084 -1.36543  0.52857 B   6 
-0.67754 -1.47380  0.73811 X   6 
-0.26984 -1.36986  0.29153 B   7 
-0.32447 -1.51766 -0.06565 E   7 
-0.16881 -1.07793  0.30890 B   8 
-0.26035 -0.83516  0.14523 L   8 
-0.08238 -1.07283  0.60206 B   9 
-0.26479 -1.07270  0.71989 A   9 
 0.13525 -1.28533  0.57092 B   10 
 0.03088 -1.47652  0.55146 A   10 
 0.30563 -1.13625  0.35906 B   11 
 0.21235 -1.17619  0.16759 A   11 
 0.34223 -0.87156  0.51577 B   12 
 0.01152 -0.62477  0.39612 M   12 
 0.48552 -1.00461  0.74863 B   13 
 0.34215 -1.20479  1.10581 K   13 
 0.72201 -1.13984  0.61123 B   14 
 0.72862 -1.37894  0.22473 R   14 
 0.80333 -0.84110  0.49751 B   15 
 0.72730 -0.96041  0.13478 H   15 
 0.78107 -0.65801  0.78292 B   16 
 0.50613 -0.47397  0.84807 B   17 
 0.44025 -0.39292  0.54093 L   17 
 0.47746 -0.54739  1.12797 B   18 
 0.29180 -0.72566  1.29559 D   18 
 0.52987 -0.26024  1.30276 B   19 
 0.43426 -0.46839  1.52894 N   19 
 0.59880 -0.06810  1.09734 B   20 
 0.90635 -0.04265  0.78115 Y   20 
 0.65530  0.22610  1.22767 B   21 
 1.03733  0.39464  1.00139 R   21 
 0.40634  0.12803  1.43816 B   22 
 0.22843 -0.05163  1.23548 B   23 
 0.15627  0.39373  1.10223 Y   23 
 0.01061 -0.26269  1.24894 B   24 
-0.13544 -0.28049  1.43129 S   24 
-0.09810 -0.50070  1.04165 B   25 
 0.01138 -0.78927  0.98420 L   25 
-0.39989 -0.40311  1.02808 B   26 
-0.34071 -0.13791  0.88030 B   27 
-0.28595  0.04784  1.15671 N   27 
-0.23285 -0.25520  0.61669 B   28 
 0.18384 -0.10931  0.68080 W   28 
-0.47994 -0.42520  0.54775 B   29 
-0.46763 -0.66534  0.64656 V   29 
-0.68214 -0.19596  0.55491 B   30 
-0.82338 -0.07093  0.75838 X   30 
-0.55625 -0.02794  0.33092 B   31 
-0.38187  0.06988  0.41966 A   31 
-0.56178 -0.23640  0.10237 B   32 
-0.40030 -0.37378  0.13935 A   32 
-0.86646 -0.27079  0.10375 B   33 
-1.14394 -0.44755  0.19416 K   33 
-0.93693  0.05265  0.04162 B   34 
-1.17036  0.02143  0.37859 F   34 
-0.74034  0.08939 -0.20829 B   35 
-0.53823  0.33194 -0.05271 E   35 
-0.77070 -0.22500 -0.37211 B   36 
-0.55436 -0.27133 -0.35873 S   36 
-0.90769 -0.48219 -0.25994 B   37 
-1.19343 -0.49773 -0.27956 N   37 
-0.64929 -0.67783 -0.29100 B   38 
-0.77952 -0.73146  0.09752 F   38 
-0.54742 -0.55757 -0.58188 B   39 
-0.70894 -0.62670 -0.82582 N   39 
-0.25432 -0.55137 -0.76703 B   40 
-0.14878 -0.77039 -0.71195 T   40 
-0.39977 -0.42623 -1.04661 B   41 
-0.39415 -0.75345 -1.27525 Q   41 
-0.46959 -0.16078 -0.93529 B   42 
-0.61573 -0.18361 -0.78424 A   42 
-0.58698  0.13997 -1.10592 B   43 
-0.44005  0.07172 -1.28936 T   43 
-0.56671  0.51153 -1.06269 B   44 
-0.80345  0.35359 -0.88112 N   44 
-0.66290  0.80473 -1.17095 B   45 
-0.43357  0.92641 -1.60644 R   45 
-0.55304  1.13103 -1.13302 B   46 
-0.41835  0.97966 -0.85685 N   46 
-0.60970  1.46267 -1.15621 B   47 
-0.81504  1.55179 -1.02716 T   47 
-0.28137  1.51562 -1.19024 B   48 
-0.16983  1.42900 -0.96575 D   48 
-0.21231  1.24661 -1.39098 B   49 
-0.15984  1.04202 -1.21911 B   50 
-0.05478  1.10410 -1.00577 S   50 
-0.10388  0.70225 -1.06721 B   51 
-0.21891  0.62151 -1.30038 T   51 
-0.23264  0.43186 -0.90120 B   52 
-0.30236  0.64136 -0.63820 D   52 
-0.06195  0.13472 -0.76245 B   53 
 0.05099  0.28393 -1.20486 Y   53 
-0.18462 -0.13883 -0.64394 B   54 
-0.24892 -0.25631 -0.31760 B   55 
-0.19784 -0.51233 -0.24163 I   55 
-0.13358  0.06208 -0.22200 B   56 
-0.01853 -0.08399  0.04020 L   56 
-0.15839  0.29450 -0.41637 B   57 
-0.46027  0.22860 -0.57125 Q   57 
 0.09841  0.38587 -0.56771 B   58 
 0.31811  0.25111 -0.39552 I   58 
 0.23126  0.68296 -0.67913 B   59 
 0.08393  0.94923 -0.69347 N   59 
 0.36862  0.83225 -0.98538 B   60 
 0.21388  0.79217 -1.14964 S   60 
 0.48372  1.11745 -0.87786 B   61 
 0.23785  1.44501 -1.00770 R   61 
 0.69340  0.96708 -0.65135 B   62 
 0.54566  1.35232 -0.45739 W   62 
 0.74823  0.62825 -0.66954 B   63 
 0.63864  0.76235 -0.26702 W   63 
 0.68202  0.56850 -0.98252 B   64 
 0.50383  0.38173 -0.95042 X   64 
 0.71517  0.46361 -1.32660 B   65 
 0.89185  0.60773 -1.51694 N   65 
 0.48289  0.52334 -1.62835 B   66 
 0.28390  0.64227 -1.49077 D   66 
 0.55675  0.74638 -1.86315 B   67 
 0.28679  0.97301 -1.77752 B   68 
-0.10754  0.71043 -1.78743 R   68 
 0.43351  1.16533 -1.53605 B   69 
 0.28583  1.04499 -1.36593 T   69 
 0.49634  1.46529 -1.49629 B   70 
 0.35381  1.51369 -1.64832 P   70 
 0.72535  1.52978 -1.25400 B   71 
 0.84271  1.26962 -1.16475 B   72 
 0.73343  1.09419 -1.28201 S   72 
 1.04576  1.05529 -0.92277 B   73 
 1.18027  1.33409 -0.74430 R   73 
 1.09521  0.75162 -0.84204 B   74 
 1.11119  0.54863 -1.03308 N   74 
 1.18113  0.66321 -0.53253 B   75 
 1.11374  0.95552 -0.41095 L   75 
 1.15723  0.33417 -0.57461 B   76 
 0.91517  0.32950 -0.37998 X   76 
 1.28059  0.25543 -0.83640 B   77 
 1.54008  0.29200 -0.91233 N   77 
 1.01093  0.18494 -1.03195 B   78 
 0.98629 -0.04685 -0.85207 I   78 
 0.79806  0.03583 -1.21367 B   79 
 0.93634 -0.06894 -1.33021 P   79 
 0.46678  0.04983 -1.17000 B   80 
 0.41996  0.36221 -1.17052 X   80 
 0.41506 -0.24774 -1.26833 B   81 
 0.51788 -0.24419 -1.48484 S   81 
 0.55248 -0.38826 -1.02371 B   82 
 0.75646 -0.33900 -1.04055 A   82 
 0.29238 -0.30521 -0.84134 B   83 
 0.42016 -0.03035 -0.71783 L   83 
 0.11314 -0.55451 -0.99989 B   84 
-0.00620 -0.29273 -1.15952 L   84 
 0.21788 -0.79314 -0.89404 B   85 
 0.44660 -0.90292 -0.94684 S   85 
 0.18750 -1.09025 -0.71337 B   86 
 0.17381 -1.27135 -0.86949 S   86 
 0.45098 -0.97695 -0.60567 B   87 
 0.71434 -1.09480 -0.55866 D   87 
 0.47339 -0.75967 -0.31880 B   88 
 0.26974 -0.82996 -0.15984 I   88 
 0.76520 -0.66517 -0.27390 B   89 
 0.92361 -0.87750 -0.29109 T   89 
 0.76121 -0.38644 -0.41190 B   90 
 0.77334 -0.42554 -0.62536 A   90 
 0.53066 -0.25684 -0.24691 B   91 
 0.31441 -0.31905 -0.40403 S   91 
 0.65692 -0.29299  0.02972 B   92 
 0.60980 -0.52953  0.13242 V   92 
 0.92089 -0.14124 -0.00849 B   93 
 1.11986 -0.40280 -0.08047 N   93 
 0.77250  0.11852 -0.08601 B   94 
 0.70927  0.21888 -0.34508 X   94 
 0.59273  0.15037  0.16323 B   95 
 0.43632  0.00384  0.14293 A   95 
 0.82347  0.17995  0.36645 B   96 
 0.94933 -0.26130  0.44620 K   96 
 0.90600  0.45578  0.24719 B   97 
 1.16916  0.40363 -0.02914 K   97 
 0.63921  0.60799  0.27821 B   98 
 0.46856  0.53948  0.02848 I   98 
 0.59715  0.57602  0.59472 B   99 
 0.52245  0.37336  0.67935 V   99 
 0.89475  0.72331  0.63685 B   100 
 1.00262  0.48486  0.65516 S   100 
 0.83451  1.02813  0.52475 B   101 
 0.78676  1.10736  0.26237 D   101 
 0.63329  1.16009  0.79779 B   102 
 0.29949  1.08763  0.77402 B   103 
 0.28861  1.37214  0.61844 N   103 
 0.28570  0.81142  0.75048 B   104 
-0.02665  0.66094  0.68115 B   105 
-0.03942  0.28168  0.78010 M   105 
-0.14853  0.93551  0.56644 B   106 
-0.18043  1.05326  0.87382 N   106 
-0.06636  0.87387  0.26956 B   107 
 0.14102  0.85009  0.28241 A   107 
-0.33110  0.70282  0.30314 B   108 
 0.00755  0.39440  0.21132 W   108 
-0.64283  0.80377  0.25083 B   109 
-0.65681  0.98410  0.06960 V   109 
-0.79684  0.54245  0.32805 B   110 
-0.80377  0.42450  0.14909 A   110 
-0.67093  0.50942  0.60337 B   111 
-0.37990  0.46509  0.85819 W   111 
-0.74809  0.78282  0.72762 B   112 
-0.66714  1.16928  0.57788 R   112 
-1.07124  0.76238  0.64850 B   113 
-1.04613  1.02115  0.45433 N   113 
-1.09870  0.41841  0.73573 B   114 
-1.33683  0.33975  0.30043 R   114 
-0.86683  0.33159  0.96766 B   115 
-0.78252  0.15749  0.71434 X   115 
-0.81695  0.55129  1.14519 B   116 
-0.53248  0.89330  1.15886 K   116 
-0.92403  0.48775  1.47798 B   117 
-0.97062  0.19557  1.43990 B   118 
-1.09585  0.20440  1.21269 T   118 
-1.01801 -0.15715  1.45334 B   119 
-1.07164 -0.33134  1.67465 D   119 
-0.75680 -0.30245  1.28871 B   120 
-0.62741 -0.09248  1.24829 V   120 
-0.74611 -0.58983  1.41270 B   121 
-0.62459 -0.50641  1.80233 Q   121 
-0.99013 -0.70158  1.24844 B   122 
-1.15104 -0.58740  1.31187 A   122 
-0.80498 -0.76049  0.98579 B   123 
-1.00447 -0.44435  0.77656 W   123 
-0.66601 -1.03038  1.15171 B   124 
-0.43279 -0.90305  1.19253 I   124 
-0.87970 -1.20379  1.21092 B   125 
-1.05627 -0.88508  1.57919 R   125 
-0.83209 -1.55444  1.19125 B   126 
-0.53260 -1.53435  1.15634 B   127 
-0.58770 -1.33566  0.90760 X   127 
-0.22547 -1.72198  1.09758 B   128 
-0.11640 -1.97806  1.39253 R   128 
 0.04678 -1.57020  1.30944 B   129 
-0.03664 -1.37932  1.15422 L   129 
