246 
-0.21558 -0.05806  1.31798 B   1 
-0.02059 -0.41878  1.40794 K   1 
 0.12484  0.00556  1.40988 B   2 
 0.12008  0.26264  1.44230 V   2 
 0.39409 -0.05572  1.24578 B   3 
 0.20389 -0.39418  1.05294 F   3 
 0.68892 -0.16482  1.21133 B   4 
 0.92559 -0.18092  0.99572 B   5 
 1.30975  0.01022  0.92167 R   5 
 1.03230 -0.47923  1.03450 B   6 
 1.33110 -0.41900  1.10840 X   6 
 0.74329 -0.58946  1.06507 B   7 
 0.50012 -0.54263  1.36686 E   7 
 0.63459 -0.51743  0.78449 B   8 
 0.46635 -0.27434  0.70258 L   8 
 0.84827 -0.65232  0.61249 B   9 
 1.02792 -0.53191  0.63206 A   9 
 0.78646 -0.93604  0.70824 B   10 
 0.86710 -0.95046  0.91102 A   10 
 0.49006 -0.94435  0.61760 B   11 
 0.37638 -0.84624  0.77383 A   11 
 0.53638 -0.86711  0.32121 B   12 
 0.50760 -0.43853  0.31212 M   12 
 0.71176 -1.10875  0.26364 B   13 
 1.13562 -1.18348  0.31803 K   13 
 0.52920 -1.34141  0.33869 B   14 
 0.25961 -1.38669  0.70182 R   14 
 0.31431 -1.21946  0.12018 B   15 
 0.06772 -1.13863  0.41044 H   15 
 0.51905 -1.16843 -0.14619 B   16 
 0.64255 -0.86158 -0.21176 B   17 
 0.38434 -0.69352 -0.11016 L   17 
 0.91583 -0.94274 -0.26909 B   18 
 1.18876 -0.92763 -0.12900 D   18 
 0.96474 -0.87031 -0.59791 B   19 
 1.25760 -0.95773 -0.49681 N   19 
 0.70560 -0.77477 -0.68499 B   20 
 0.29454 -0.93677 -0.68498 Y   20 
 0.71257 -0.69157 -1.00084 B   21 
 0.30753 -0.85726 -1.18536 R   21 
 1.02751 -0.59181 -0.91859 B   22 
 0.97893 -0.49816 -0.61219 B   23 
 0.77285 -0.16828 -0.87678 Y   23 
 1.14208 -0.43913 -0.36304 B   24 
 1.36655 -0.37273 -0.37314 S   24 
 1.07587 -0.43194 -0.03593 B   25 
 1.05879 -0.66320  0.17568 L   25 
 1.16695 -0.13191  0.01379 B   26 
 0.94150 -0.00229 -0.15367 B   27 
 1.10469 -0.01006 -0.44899 N   27 
 0.70066 -0.09204  0.01611 B   28 
 0.53678 -0.36511 -0.29632 W   28 
 0.79419  0.03189  0.28181 B   29 
 0.93993 -0.13069  0.42290 V   29 
 0.82414  0.31773  0.17744 B   30 
 1.02544  0.45256  0.04225 X   30 
 0.53120  0.35844  0.09511 B   31 
 0.50577  0.24974 -0.09301 A   31 
 0.39428  0.30305  0.36696 B   32 
 0.39453  0.08962  0.39457 A   32 
 0.53575  0.53063  0.51600 B   33 
 0.78126  0.63868  0.72685 K   33 
 0.42363  0.77682  0.31535 B   34 
 0.82232  0.87093  0.28072 F   34 
 0.11413  0.69537  0.32079 B   35 
 0.09449  0.62702 -0.02392 E   35 
 0.07268  0.58786  0.65743 B   36 
 0.00403  0.38471  0.60134 S   36 
 0.29870  0.53376  0.86594 B   37 
 0.40880  0.76105  1.00193 N   37 
 0.21483  0.22614  0.93189 B   38 
 0.61971  0.21274  0.85023 F   38 
-0.11222  0.27593  0.92758 B   39 
-0.23370  0.42560  1.15826 N   39 
-0.39904  0.08494  0.88914 B   40 
-0.33676 -0.13154  0.99589 T   40 
-0.61151  0.33485  0.97510 B   41 
-0.72065  0.20626  1.33695 Q   41 
-0.55875  0.50909  0.74146 B   42 
-0.35978  0.58007  0.74962 A   42 
-0.73782  0.80604  0.62700 B   43 
-0.93995  0.69266  0.70565 T   43 
-0.81149  0.98047  0.30377 B   44 
-0.51022  1.04468  0.44187 N   44 
-0.94394  1.24179  0.15844 B   45 
-1.45050  1.22264  0.16757 R   45 
-1.04820  1.32051 -0.16235 B   46 
-0.82683  1.06593 -0.22159 N   46 
-1.13500  1.55096 -0.39277 B   47 
-0.96032  1.73543 -0.43986 T   47 
-1.31981  1.32182 -0.55121 B   48 
-1.15077  1.13290 -0.62915 D   48 
-1.44819  1.16693 -0.27379 B   49 
-1.26662  0.97419 -0.21029 B   50 
-1.14527  0.87346 -0.39880 S   50 
-1.06655  0.71017 -0.03163 B   51 
-1.19554  0.81347  0.18473 T   51 
-0.79411  0.62984  0.15961 B   52 
-0.59553  0.73871 -0.09852 D   52 
-0.66635  0.29910  0.26429 B   53 
-1.13644  0.39059  0.30138 Y   53 
-0.43651  0.22310  0.47718 B   54 
-0.09586  0.13622  0.44808 B   55 
 0.01795 -0.06103  0.59662 I   55 
-0.15069  0.19291  0.10516 B   56 
 0.06563 -0.03969  0.05595 L   56 
-0.37114  0.38352  0.01866 B   57 
-0.35664  0.62790  0.26264 Q   57 
-0.63673  0.26011 -0.08830 B   58 
-0.54588 -0.03024 -0.14761 I   58 
-0.87130  0.33896 -0.32722 B   59 
-0.89359  0.60538 -0.47329 N   59 
-1.23478  0.37928 -0.36188 B   60 
-1.29862  0.52076 -0.19323 S   60 
-1.27012  0.41548 -0.68373 B   61 
-1.36630  0.82143 -0.78647 R   61 
-1.12396  0.11224 -0.75129 B   62 
-0.99958  0.39516 -1.08646 W   62 
-1.06999 -0.11105 -0.49561 B   63 
-0.71353 -0.04291 -0.74120 W   63 
-1.29438 -0.01747 -0.27927 B   64 
-1.13890  0.01832 -0.07381 X   64 
-1.57575 -0.02148 -0.05278 B   65 
-1.85499 -0.04255 -0.15179 N   65 
-1.75203  0.26843  0.13012 B   66 
-1.58093  0.46191  0.05291 D   66 
-2.04706  0.38348  0.02984 B   67 
-1.91979  0.70459 -0.08092 B   68 
-1.68680  0.88396  0.29068 R   68 
-1.82794  0.63405 -0.40249 B   69 
-1.58509  0.64917 -0.32483 T   69 
-1.90319  0.73616 -0.68429 B   70 
-1.98608  0.91275 -0.59646 P   70 
-1.81082  0.52977 -0.93763 B   71 
-1.71290  0.27359 -0.81844 B   72 
-1.71862  0.29427 -0.58179 S   72 
-1.53299 -0.06243 -0.83952 B   73 
-1.51388 -0.06180 -1.19632 R   73 
-1.40129 -0.28522 -0.65460 B   74 
-1.51668 -0.36373 -0.41278 N   74 
-1.14762 -0.47402 -0.75947 B   75 
-1.09446 -0.28960 -1.02010 L   75 
-1.08308 -0.62282 -0.46911 B   76 
-0.81043 -0.47448 -0.45668 X   76 
-1.33960 -0.70469 -0.33703 B   77 
-1.52640 -0.87731 -0.43577 N   77 
-1.37266 -0.47946 -0.08385 B   78 
-1.14361 -0.62636  0.02859 I   78 
-1.39659 -0.34585  0.20276 B   79 
-1.52741 -0.48742  0.28352 P   79 
-1.22062 -0.08037  0.30477 B   80 
-1.28685  0.12647  0.07541 X   80 
-1.20119 -0.17664  0.60684 B   81 
-1.43257 -0.20789  0.66114 S   81 
-1.01113 -0.42029  0.55223 B   82 
-1.12674 -0.55479  0.43882 A   82 
-0.76539 -0.20711  0.50771 B   83 
-0.78958 -0.19046  0.18172 L   83 
-0.75627 -0.16022  0.84996 B   84 
-0.91433  0.11470  0.76226 L   84 
-0.64458 -0.39839  0.94955 B   85 
-0.75803 -0.63056  0.96902 S   85 
-0.39442 -0.57615  1.11588 B   86 
-0.47306 -0.62688  1.33633 S   86 
-0.44606 -0.75295  0.87107 B   87 
-0.48630 -1.04057  0.83769 D   87 
-0.26865 -0.71992  0.55891 B   88 
-0.02513 -0.62988  0.62431 I   88 
-0.38130 -0.91529  0.34622 B   89 
-0.40572 -1.15423  0.45927 T   89 
-0.57494 -0.72953  0.18891 B   90 
-0.75303 -0.71115  0.31215 A   90 
-0.36965 -0.51108  0.10342 B   91 
-0.39484 -0.33346  0.31111 S   91 
-0.17595 -0.69668 -0.04425 B   92 
-0.00232 -0.81013  0.11607 V   92 
-0.36388 -0.81937 -0.25352 B   93 
-0.43932 -1.10508 -0.09270 N   93 
-0.43827 -0.54102 -0.36526 B   94 
-0.66159 -0.37576 -0.30193 X   94 
-0.15543 -0.43595 -0.43170 B   95 
-0.06545 -0.38393 -0.24318 A   95 
-0.08782 -0.65359 -0.64021 B   96 
 0.04807 -1.01233 -0.37613 K   96 
-0.30169 -0.54371 -0.83847 B   97 
-0.63806 -0.72095 -0.77705 K   97 
-0.20229 -0.25278 -0.86650 B   98 
-0.32502 -0.09405 -0.63001 I   98 
 0.09683 -0.30916 -0.96805 B   99 
 0.25743 -0.37782 -0.81539 V   99 
-0.03520 -0.48004 -1.22378 B   100 
-0.00021 -0.70042 -1.08580 S   100 
-0.18959 -0.24065 -1.39103 B   101 
-0.41658 -0.09858 -1.31560 D   101 
 0.09541 -0.06963 -1.53928 B   102 
 0.23822  0.16675 -1.33685 B   103 
 0.03083  0.36527 -1.48801 N   103 
 0.29983  0.03404 -1.10100 B   104 
 0.41568  0.22143 -0.82444 B   105 
 0.61056  0.00390 -0.56272 M   105 
 0.29384  0.49494 -0.94170 B   106 
 0.53959  0.51336 -1.16223 N   106 
 0.02011  0.46373 -0.79073 B   107 
-0.05134  0.28014 -0.86092 A   107 
 0.20970  0.57769 -0.56371 B   108 
 0.07011  0.15824 -0.41269 W   108 
 0.27080  0.89653 -0.49506 B   109 
 0.07132  1.04719 -0.55047 V   109 
 0.47521  0.86204 -0.26054 B   110 
 0.35666  0.84525 -0.08263 A   110 
 0.66707  0.67872 -0.40996 B   111 
 0.77351  0.36044 -0.60737 W   111 
 0.73191  0.86021 -0.65286 B   112 
 0.46209  1.03820 -0.92458 R   112 
 0.80822  1.12886 -0.47091 B   113 
 0.55926  1.29328 -0.59851 N   113 
 0.98963  0.94501 -0.22603 B   114 
 0.73904  1.19571  0.12996 R   114 
 1.11346  0.65691 -0.35549 B   115 
 0.90721  0.55314 -0.13577 X   115 
 1.18436  0.69429 -0.63091 B   116 
 0.97994  0.64585 -1.02326 K   116 
 1.53409  0.66969 -0.68865 B   117 
 1.60167  0.55825 -0.42031 B   118 
 1.45756  0.71684 -0.27379 T   118 
 1.73056  0.40284 -0.12693 B   119 
 1.99186  0.30094 -0.06748 D   119 
 1.51674  0.15103 -0.04143 B   120 
 1.36867  0.16918 -0.24196 V   120 
 1.69782 -0.04160  0.12644 B   121 
 1.95788 -0.18484 -0.16578 Q   121 
 1.69201  0.13336  0.38791 B   122 
 1.78427  0.31060  0.33289 A   122 
 1.40276  0.01242  0.47980 B   123 
 1.22151  0.39302  0.40360 W   123 
 1.56003 -0.28421  0.56320 B   124 
 1.46000 -0.41350  0.34978 I   124 
 1.75040 -0.21875  0.75996 B   125 
 2.05540  0.01127  0.41004 R   125 
 1.80945 -0.44225  1.02861 B   126 
 1.64531 -0.66561  0.90827 B   127 
 1.40035 -0.45618  0.88546 X   127 
 1.51446 -1.00192  0.96088 B   128 
 1.79178 -1.29672  0.98666 R   128 
 1.53809 -1.18907  0.63461 B   129 
 1.38790 -0.98255  0.58687 L   129 
