246 
 1.17274  0.57352  0.28752 B   1 
 1.42432  0.35856  0.02918 K   1 
 1.20321  0.74499 -0.02560 B   2 
 1.10052  0.97536  0.03398 V   2 
 1.08053  0.66738 -0.31215 B   3 
 1.09597  0.24665 -0.20890 F   3 
 1.09242  0.62084 -0.62472 B   4 
 0.90402  0.54806 -0.87366 B   5 
 0.72488  0.75132 -1.21453 R   5 
 1.08404  0.34076 -1.03645 B   6 
 1.10274  0.49152 -1.31085 X   6 
 1.18012  0.20317 -0.77482 B   7 
 1.42728  0.34393 -0.50742 E   7 
 0.90745  0.09839 -0.67284 B   8 
 0.72136  0.22471 -0.46422 L   8 
 0.81807 -0.05648 -0.92076 B   9 
 0.76510  0.09198 -1.07014 A   9 
 1.04765 -0.25823 -0.91217 B   10 
 1.22546 -0.15059 -0.98018 A   10 
 0.98803 -0.37354 -0.63059 B   11 
 1.07782 -0.23634 -0.48892 A   11 
 0.69176 -0.44931 -0.67997 B   12 
 0.46728 -0.10163 -0.56454 M   12 
 0.75686 -0.64354 -0.90467 B   13 
 0.82150 -0.58916 -1.33019 K   13 
 0.94841 -0.83854 -0.76910 B   14 
 1.29640 -0.74930 -0.49066 R   14 
 0.70874 -0.89252 -0.54901 B   15 
 0.92885 -0.72989 -0.27206 H   15 
 0.44408 -0.94161 -0.75642 B   16 
 0.22575 -0.69224 -0.81847 B   17 
 0.23985 -0.55467 -0.52500 L   17 
 0.20477 -0.73154 -1.10582 B   18 
 0.30455 -0.59044 -1.35975 D   18 
-0.11705 -0.82720 -1.16091 B   19 
 0.00041 -0.78739 -1.45796 N   19 
-0.22821 -0.84603 -0.89416 B   20 
-0.12627 -1.06809 -0.52604 Y   20 
-0.54237 -0.93496 -0.90520 B   21 
-0.59747 -1.25230 -0.55618 R   21 
-0.53738 -0.74353 -1.18668 B   22 
-0.31933 -0.52028 -1.09936 B   23 
-0.70480 -0.42189 -0.84830 Y   23 
-0.14293 -0.31036 -1.22972 B   24 
-0.19605 -0.21265 -1.43595 S   24 
 0.13774 -0.15264 -1.14153 B   25 
 0.43812 -0.24243 -1.15802 L   25 
 0.02353  0.14260 -1.16554 B   26 
-0.17565  0.11865 -0.93011 B   27 
-0.43331 -0.00302 -1.11098 N   27 
 0.02739  0.07884 -0.70192 B   28 
-0.09448 -0.34223 -0.61903 W   28 
 0.18830  0.33674 -0.74988 B   29 
 0.38538  0.30297 -0.91601 V   29 
-0.04824  0.52919 -0.72751 B   30 
-0.24261  0.61588 -0.90552 X   30 
-0.12582  0.45981 -0.43869 B   31 
-0.23102  0.26829 -0.44886 A   31 
 0.14256  0.52232 -0.29802 B   32 
 0.27486  0.35790 -0.34020 A   32 
 0.14818  0.81790 -0.37939 B   33 
 0.26280  1.06676 -0.58270 K   33 
-0.14422  0.89849 -0.23294 B   34 
-0.24080  1.04366 -0.60525 F   34 
-0.08340  0.76793  0.05291 B   35 
-0.34402  0.53206  0.03479 E   35 
 0.26264  0.83979  0.09403 B   36 
 0.32103  0.62706  0.11559 S   36 
 0.45867  0.94779 -0.12368 B   37 
 0.45471  1.22990 -0.17536 N   37 
 0.67583  0.70631 -0.10046 B   38 
 0.59322  0.73906 -0.50405 F   38 
 0.66233  0.67684  0.22879 B   39 
 0.79026  0.89321  0.39368 N   39 
 0.74007  0.43724  0.46706 B   40 
 0.93900  0.32342  0.36903 T   40 
 0.69692  0.64495  0.73159 B   41 
 1.07857  0.69770  0.83618 Q   41 
 0.40494  0.68343  0.70006 B   42 
 0.36639  0.78884  0.52090 A   42 
 0.16399  0.83601  0.92811 B   43 
 0.29887  0.73846  1.10751 T   43 
-0.19911  0.80264  1.01403 B   44 
-0.12737  0.98975  0.74236 N   44 
-0.45068  0.91962  1.18716 B   45 
-0.40904  0.80149  1.67844 R   45 
-0.76154  0.80101  1.28346 B   46 
-0.69346  0.60479  1.01108 N   46 
-1.07273  0.85870  1.39995 B   47 
-1.21534  1.02590  1.26407 T   47 
-1.08358  0.54793  1.52268 B   48 
-1.06250  0.38612  1.31361 D   48 
-0.76021  0.53186  1.63497 B   49 
-0.61620  0.44113  1.42242 B   50 
-0.73276  0.28701  1.27055 S   50 
-0.33781  0.35303  1.18496 B   51 
-0.19825  0.52179  1.34670 T   51 
-0.14549  0.44012  0.91538 B   52 
-0.43220  0.44227  0.72640 D   52 
 0.10668  0.24352  0.72982 B   53 
 0.11435  0.23974  1.21010 Y   53 
 0.31744  0.33622  0.50419 B   54 
 0.32044  0.32063  0.15179 B   55 
 0.54307  0.25491  0.01021 I   55 
-0.00058  0.18280  0.19381 B   56 
 0.06517  0.00898 -0.06845 L   56 
-0.16143  0.25191  0.44234 B   57 
-0.07671  0.58286  0.49479 Q   57 
-0.17799  0.03859  0.66911 B   58 
-0.08558 -0.21507  0.51682 I   58 
-0.41234 -0.06591  0.89820 B   59 
-0.67238  0.07818  0.96478 N   59 
-0.44538 -0.12635  1.25904 B   60 
-0.36934  0.06391  1.36178 S   60 
-0.73878 -0.26653  1.27924 B   61 
-1.02905  0.00060  1.44953 R   61 
-0.64954 -0.52349  1.06975 B   62 
-1.08749 -0.43047  0.98375 W   62 
-0.31873 -0.56933  0.98849 B   63 
-0.58143 -0.56162  0.63786 W   63 
-0.16970 -0.42880  1.24138 B   64 
-0.01868 -0.26206  1.11079 X   64 
 0.04040 -0.37675  1.53058 B   65 
-0.02074 -0.50334  1.79222 N   65 
 0.05851 -0.07886  1.77453 B   66 
-0.11441  0.07987  1.64196 D   66 
-0.07221 -0.09562  2.07943 B   67 
-0.33681  0.14360  2.01358 B   68 
-0.11969  0.53086  1.84798 R   68 
-0.58172 -0.05889  1.88773 B   69 
-0.53419  0.04426  1.65896 T   69 
-0.87234 -0.13209  1.96313 B   70 
-0.88273  0.04257  2.08623 P   70 
-0.98951 -0.41349  1.81349 B   71 
-0.76138 -0.54670  1.67336 B   72 
-0.56819 -0.41076  1.69917 S   72 
-0.61710 -0.80042  1.42733 B   73 
-0.92505 -0.97656  1.38472 R   73 
-0.35106 -0.86529  1.26550 B   74 
-0.09776 -0.83277  1.37837 N   74 
-0.35721 -1.02281  0.97200 B   75 
-0.67760 -0.98941  0.94035 L   75 
-0.03498 -0.98657  0.89805 B   76 
-0.11271 -0.79879  0.66311 X   76 
 0.13239 -1.04218  1.14063 B   77 
 0.14420 -1.27589  1.28093 N   77 
 0.23702 -0.73261  1.23621 B   78 
 0.39753 -0.75022  0.99001 I   78 
 0.41657 -0.48078  1.30633 B   79 
 0.56423 -0.58582  1.41047 P   79 
 0.36085 -0.17006  1.19588 B   80 
 0.06161 -0.12723  1.28751 X   80 
 0.66856 -0.09348  1.17754 B   81 
 0.74213 -0.14086  1.40071 S   81 
 0.73654 -0.28481  0.93828 B   82 
 0.71297 -0.47906  1.01591 A   82 
 0.57815 -0.07733  0.73909 B   83 
 0.29061 -0.23360  0.74412 L   83 
 0.84807  0.13713  0.76290 B   84 
 0.64034  0.28928  0.96772 L   84 
 1.04954  0.01197  0.61170 B   85 
 1.18978 -0.19620  0.67614 S   85 
 1.27106  0.00029  0.34219 B   86 
 1.49011  0.05295  0.42344 S   86 
 1.15301 -0.28240  0.33981 B   87 
 1.27254 -0.54827  0.31783 D   87 
 0.85944 -0.37549  0.15230 B   88 
 0.85829 -0.21577 -0.06258 I   88 
 0.78135 -0.67030  0.20784 B   89 
 1.00124 -0.81798  0.19029 T   89 
 0.56082 -0.63545  0.42441 B   90 
 0.66587 -0.59520  0.61039 A   90 
 0.36646 -0.45284  0.26302 B   91 
 0.45583 -0.20445  0.33809 S   91 
 0.32473 -0.64200  0.02585 B   92 
 0.51201 -0.61908 -0.15614 V   92 
 0.21618 -0.89017  0.17005 B   93 
 0.50335 -1.06351  0.19593 N   93 
-0.01795 -0.72970  0.29226 B   94 
-0.03696 -0.60651  0.54848 X   94 
-0.14194 -0.61590  0.03317 B   95 
-0.01062 -0.45796 -0.03129 A   95 
-0.21368 -0.88922 -0.09158 B   96 
 0.18937 -1.02680 -0.28005 K   96 
-0.42984 -0.94282  0.12641 B   97 
-0.27091 -1.13080  0.42261 K   97 
-0.60666 -0.69282  0.08717 B   98 
-0.47829 -0.46620  0.25553 I   98 
-0.67949 -0.72836 -0.22331 B   99 
-0.52095 -0.67461 -0.38391 V   99 
-0.80612 -1.02858 -0.14672 B   100 
-0.57706 -1.13559 -0.21680 S   100 
-1.06434 -0.94565  0.04185 B   101 
-1.06099 -0.83650  0.29773 D   101 
-1.29232 -0.81768 -0.21133 B   102 
-1.24533 -0.48743 -0.28860 B   103 
-1.46641 -0.44169 -0.05557 N   103 
-0.97800 -0.46595 -0.36007 B   104 
-0.84109 -0.14480 -0.41607 B   105 
-0.51471 -0.15307 -0.63332 M   105 
-1.07524 -0.00118 -0.24889 B   106 
-1.28586 -0.04567 -0.49994 N   106 
-0.91660 -0.00849  0.02215 B   107 
-0.88014 -0.21260  0.04951 A   107 
-0.78842  0.24172 -0.12425 B   108 
-0.43858 -0.06193 -0.06384 W   108 
-0.89451  0.55595 -0.11385 B   109 
-1.00931  0.61182  0.10809 V   109 
-0.68507  0.68896 -0.30468 B   110 
-0.51796  0.74004 -0.18038 A   110 
-0.72937  0.50044 -0.53971 B   111 
-0.74221  0.15677 -0.72227 W   111 
-1.03358  0.54283 -0.58218 B   112 
-1.34489  0.49718 -0.30054 R   112 
-1.01747  0.87569 -0.58928 B   113 
-1.19896  0.89608 -0.32107 N   113 
-0.72204  0.88421 -0.78761 B   114 
-0.53166  1.22132 -0.46746 R   114 
-0.69265  0.60386 -0.97637 B   115 
-0.44119  0.58490 -0.78145 X   115 
-0.95179  0.51057 -1.05651 B   116 
-1.25472  0.22828 -0.89333 K   116 
-1.00552  0.53445 -1.40693 B   117 
-0.72137  0.59141 -1.47767 B   118 
-0.66925  0.76785 -1.29453 T   118 
-0.39624  0.63722 -1.61561 B   119 
-0.30571  0.63719 -1.88764 D   119 
-0.18448  0.42491 -1.45273 B   120 
-0.35906  0.30732 -1.31797 V   120 
 0.04921  0.38702 -1.65774 B   121 
-0.14146  0.17407 -1.96078 Q   121 
 0.18525  0.66452 -1.59852 B   122 
 0.04341  0.80428 -1.65595 A   122 
 0.33951  0.54898 -1.33472 B   123 
 0.08899  0.79042 -1.08478 W   123 
 0.55463  0.37633 -1.54352 B   124 
 0.44169  0.13907 -1.48678 I   124 
 0.68143  0.57084 -1.70267 B   125 
 0.24913  0.65021 -1.97688 R   125 
 1.02326  0.53247 -1.78806 B   126 
 1.04123  0.25017 -1.68175 B   127 
 0.92672  0.36211 -1.40114 X   127 
 1.26376 -0.03195 -1.61945 B   128 
 1.42271 -0.20695 -1.94897 R   128 
 1.07737 -0.34870 -1.70295 B   129 
 0.93841 -0.23185 -1.51714 L   129 
