246 
 0.64087  0.44136  1.08692 B   1 
 0.44333  0.21916  1.38330 K   1 
 0.81616  0.13499  1.14849 B   2 
 1.03950  0.18014  1.02500 V   2 
 0.73343 -0.16532  1.07011 B   3 
 0.31364 -0.06062  1.09708 F   3 
 0.68998 -0.47347  1.12643 B   4 
 0.60783 -0.74531  0.97772 B   5 
 0.80246 -1.10723  0.83374 R   5 
 0.41294 -0.88240  1.19010 B   6 
 0.56656 -1.15195  1.23611 X   6 
 0.27946 -0.61017  1.25854 B   7 
 0.43285 -0.31221  1.45878 E   7 
 0.15773 -0.54549  0.98154 B   8 
 0.27109 -0.36373  0.76195 L   8 
-0.00041 -0.80303  0.93562 B   9 
 0.14568 -0.95826  0.89418 A   9 
-0.18805 -0.76365  1.17379 B   10 
-0.06942 -0.80735  1.35224 A   10 
-0.30881 -0.49249  1.08420 B   11 
-0.16750 -0.34018  1.14578 A   11 
-0.40189 -0.58100  0.80231 B   12 
-0.06919 -0.49689  0.54378 M   12 
-0.59020 -0.79482  0.90849 B   13 
-0.52890 -1.20791  1.02596 K   13 
-0.77431 -0.63470  1.09166 B   14 
-0.66636 -0.31229  1.39330 R   14 
-0.84422 -0.44860  0.82847 B   15 
-0.67070 -0.14483  0.99935 H   15 
-0.90762 -0.68952  0.59734 B   16 
-0.67138 -0.78039  0.37455 B   17 
-0.53537 -0.48778  0.34097 L   17 
-0.70976 -1.06794  0.39456 B   18 
-0.56105 -1.30635  0.51862 D   18 
-0.82419 -1.16550  0.08937 B   19 
-0.77520 -1.44421  0.24282 N   19 
-0.85163 -0.91600 -0.05508 B   20 
-1.06986 -0.53739  0.01005 Y   20 
-0.95920 -0.96890 -0.35898 B   21 
-1.28184 -0.63014 -0.44087 R   21 
-0.76575 -1.24733 -0.32805 B   22 
-0.53044 -1.13180 -0.13753 B   23 
-0.45726 -0.93463 -0.55833 Y   23 
-0.30935 -1.23755  0.04165 B   24 
-0.21350 -1.44911  0.01073 S   24 
-0.13568 -1.11273  0.29796 B   25 
-0.20713 -1.08883  0.60272 L   25 
 0.15232 -1.15203  0.17030 B   26 
 0.11471 -0.94534 -0.05672 B   27 
-0.02090 -1.15895 -0.28007 N   27 
 0.08551 -0.69201  0.11606 B   28 
-0.34274 -0.62584  0.00995 W   28 
 0.35296 -0.71821  0.26602 B   29 
 0.33232 -0.85647  0.48520 V   29 
 0.53067 -0.72783  0.01739 B   30 
 0.60681 -0.93030 -0.15636 X   30 
 0.45462 -0.45193 -0.09372 B   31 
 0.25720 -0.47593 -0.18483 A   31 
 0.53212 -0.27667  0.14918 B   32 
 0.37627 -0.30065  0.29564 A   32 
 0.82810 -0.35679  0.14770 B   33 
 1.08489 -0.54313  0.27316 K   33 
 0.88988 -0.25082 -0.16598 B   34 
 1.03171 -0.63281 -0.22059 F   34 
 0.76112  0.04069 -0.13609 B   35 
 0.51014 -0.01194 -0.37718 E   35 
 0.85335  0.12768  0.19637 B   36 
 0.64436  0.15701  0.26414 S   36 
 0.97454 -0.06195  0.41281 B   37 
 1.25628 -0.11390  0.39871 N   37 
 0.74639 -0.00970  0.63915 B   38 
 0.77708 -0.42074  0.60936 F   38 
 0.71374  0.31481  0.58361 B   39 
 0.93619  0.49517  0.67503 N   39 
 0.47750  0.56152  0.64320 B   40 
 0.37658  0.49106  0.85997 T   40 
 0.68030  0.81774  0.55261 B   41 
 0.75513  0.97240  0.91297 Q   41 
 0.70138  0.74741  0.26566 B   42 
 0.80560  0.56463  0.24507 A   42 
 0.83752  0.94107 -0.01238 B   43 
 0.74694  1.13697  0.10300 T   43 
 0.78173  0.97767 -0.38101 B   44 
 0.97482  0.71790 -0.28510 N   44 
 0.88211  1.11551 -0.66007 B   45 
 0.76308  1.60804 -0.67733 R   45 
 0.74431  1.16946 -0.97324 B   46 
 0.55455  0.90879 -0.85763 N   46 
 0.78232  1.24324 -1.30011 B   47 
 0.94164  1.08938 -1.43316 T   47 
 0.47057  1.36365 -1.30841 B   48 
 0.31186  1.15940 -1.24984 D   48 
 0.47316  1.51819 -1.00257 B   49 
 0.39281  1.32689 -0.82623 B   50 
 0.23308  1.16091 -0.91192 S   50 
 0.32335  1.12886 -0.51380 B   51 
 0.49901  1.30769 -0.40757 T   51 
 0.42383  0.88736 -0.29283 B   52 
 0.41013  0.66173 -0.55133 D   52 
 0.24412  0.73735 -0.00669 B   53 
 0.23728  1.21434 -0.06302 Y   53 
 0.35098  0.54186  0.22630 B   54 
 0.33819  0.19304  0.27728 B   55 
 0.28702  0.08256  0.52039 I   55 
 0.18100  0.19185 -0.03753 B   56 
 0.01339 -0.05912  0.07306 L   56 
 0.23849  0.41658 -0.23402 B   57 
 0.57354  0.47964 -0.17727 Q   57 
 0.02290  0.63926 -0.26776 B   58 
-0.22362  0.50089 -0.14065 I   58 
-0.09719  0.83503 -0.52384 B   59 
 0.03051  0.86611 -0.79869 N   59 
-0.16215  1.18825 -0.60106 B   60 
 0.03157  1.30009 -0.55109 S   60 
-0.31987  1.16914 -0.88550 B   61 
-0.07194  1.29886 -1.21155 R   61 
-0.56945  0.97366 -0.75368 B   62 
-0.50230  0.82978 -1.18105 W   62 
-0.59472  0.93741 -0.41281 B   63 
-0.60024  0.55479 -0.62631 W   63 
-0.44734  1.20786 -0.30768 B   64 
-0.27087  1.09851 -0.15095 X   64 
-0.38488  1.52252 -0.14163 B   65 
-0.51684  1.77373 -0.22938 N   65 
-0.08824  1.76647 -0.17434 B   66 
 0.06077  1.61184 -0.33730 D   66 
-0.11507  2.05116 -0.34335 B   67 
 0.10828  1.95033 -0.61079 B   68 
 0.50911  1.81496 -0.39736 R   68 
-0.10764  1.79301 -0.82398 B   69 
-0.00014  1.57257 -0.75266 T   69 
-0.19873  1.82892 -1.11709 B   70 
-0.02592  1.94939 -1.15439 P   70 
-0.48556  1.66516 -1.19596 B   71 
-0.60378  1.55691 -0.94352 B   72 
-0.45666  1.60822 -0.76409 S   72 
-0.84655  1.33257 -0.75257 B   73 
-1.04057  1.24929 -1.04082 R   73 
-0.89411  1.20783 -0.46386 B   74 
-0.84725  1.35355 -0.23035 N   74 
-1.04955  0.91626 -0.42120 B   75 
-1.03525  0.84202 -0.73592 L   75 
-0.99346  0.88606 -0.09478 B   76 
-0.80898  0.64269 -0.15166 X   76 
-1.04069  1.14888  0.04176 B   77 
-1.27429  1.28968  0.04885 N   77 
-0.72609  1.25736  0.11374 B   78 
-0.73222  1.03486  0.30646 I   78 
-0.46445  1.35068  0.26673 B   79 
-0.56118  1.47371  0.40524 P   79 
-0.15684  1.23353  0.20753 B   80 
-0.13276  1.28428 -0.10330 X   80 
-0.06176  1.25645  0.50973 B   81 
-0.10627  1.48749  0.55557 S   81 
-0.24689  1.02858  0.62052 B   82 
-0.44277  1.10251  0.59860 A   82 
-0.04785  0.80984  0.47788 B   83 
-0.22117  0.77648  0.20224 L   83 
 0.18227  0.86938  0.72871 B   84 
 0.32014  1.04445  0.48665 L   84 
 0.07056  0.74657  0.95577 B   85 
-0.12927  0.82935  1.09850 S   85 
 0.07421  0.50913  1.21160 B   86 
 0.13934  0.61890  1.41424 S   86 
-0.21505  0.49119  1.11227 B   87 
-0.47308  0.48560  1.24955 D   87 
-0.32424  0.26617  0.85256 B   88 
-0.16331  0.05294  0.87044 I   88 
-0.62361  0.31099  0.78574 B   89 
-0.75767  0.32312  1.01455 T   89 
-0.60368  0.49609  0.53657 B   90 
-0.55855  0.69442  0.61321 A   90 
-0.43191  0.31002  0.35480 B   91 
-0.17915  0.39618  0.41813 S   91 
-0.62148  0.06954  0.35665 B   92 
-0.58600 -0.08578  0.56483 V   92 
-0.87679  0.19811  0.24505 B   93 
-1.03273  0.26231  0.53617 N   93 
-0.73159  0.28779 -0.01259 B   94 
-0.61165  0.53907 -0.07308 X   94 
-0.62355  0.01435 -0.10753 B   95 
-0.45753 -0.03208  0.02142 A   95 
-0.89977 -0.11866 -0.14528 B   96 
-1.01147 -0.25142  0.28693 K   96 
-0.96787  0.06850 -0.38497 B   97 
-1.14812  0.38344 -0.25592 K   97 
-0.72867  0.00577 -0.56978 B   98 
-0.49598  0.18961 -0.47901 I   98 
-0.76624 -0.31164 -0.59819 B   99 
-0.70188 -0.44962 -0.42318 V   99 
-1.07408 -0.25244 -0.71550 B   100 
-1.16661 -0.29117 -0.47308 S   100 
-1.00822 -0.10016 -1.00114 B   101 
-0.90095  0.15378 -1.03861 D   101 
-0.89234 -0.38166 -1.20059 B   102 
-0.55930 -0.45220 -1.16380 B   103 
-0.52865 -0.25087 -1.41638 N   103 
-0.52126 -0.48729 -0.89112 B   104 
-0.19205 -0.52472 -0.76766 B   105 
-0.17908 -0.69636 -0.41529 M   105 
-0.06400 -0.39047 -1.03031 B   106 
-0.11923 -0.66741 -1.20242 N   106 
-0.06376 -0.10064 -0.90913 B   107 
-0.26550 -0.06850 -0.86436 A   107 
 0.19478 -0.22877 -0.77794 B   108 
-0.08772 -0.12188 -0.42157 W   108 
 0.50198 -0.23289 -0.90331 B   109 
 0.54921 -0.02834 -1.04989 V   109 
 0.64874 -0.39410 -0.67871 B   110 
 0.70886 -0.24860 -0.53310 A   110 
 0.45963 -0.63280 -0.67972 B   111 
 0.11716 -0.81518 -0.64722 W   111 
 0.48396 -0.71560 -0.97753 B   112 
 0.41760 -0.47810 -1.32033 R   112 
 0.81723 -0.72074 -0.98081 B   113 
 0.82470 -0.47923 -1.19740 N   113 
 0.84496 -0.87778 -0.66261 B   114 
 1.19054 -0.53530 -0.53747 R   114 
 0.56827 -1.06070 -0.59135 B   115 
 0.56304 -0.83388 -0.36748 X   115 
 0.46016 -1.17471 -0.83133 B   116 
 0.15898 -1.05330 -1.13567 K   116 
 0.48335 -1.52919 -0.83913 B   117 
 0.55781 -1.56133 -0.55205 B   118 
 0.73571 -1.37299 -0.53564 T   118 
 0.62409 -1.65457 -0.21478 B   119 
 0.63151 -1.91205 -0.08890 D   119 
 0.42371 -1.46468 -0.01421 B   120 
 0.29486 -1.35439 -0.19778 V   120 
 0.40146 -1.63655  0.24663 B   121 
 0.17965 -1.96221  0.11139 Q   121 
 0.68618 -1.55989  0.35648 B   122 
 0.81758 -1.63587  0.21538 A   122 
 0.57820 -1.27773  0.48084 B   123 
 0.80230 -1.06373  0.18503 W   123 
 0.42034 -1.45575  0.73198 B   124 
 0.17630 -1.41445  0.62706 I   124 
 0.62328 -1.59666  0.86688 B   125 
 0.67853 -1.92629  0.47107 R   125 
 0.60616 -1.63554  1.21874 B   126 
 0.32469 -1.52756  1.23943 B   127 
 0.42747 -1.26487  1.08189 X   127 
 0.05600 -1.43584  1.46831 B   128 
-0.10669 -1.74101  1.68016 R   128 
-0.27076 -1.54328  1.31428 B   129 
-0.16385 -1.37782  1.14492 L   129 
