246 
 0.30676  0.66892  1.11595 B   1 
-0.00267  0.53728  1.36727 K   1 
 0.41192  0.37990  1.29975 B   2 
 0.66701  0.38234  1.25401 V   2 
 0.32109  0.07369  1.26564 B   3 
-0.06782  0.20114  1.12275 F   3 
 0.22262 -0.20823  1.36974 B   4 
 0.15869 -0.50452  1.26538 B   5 
 0.34122 -0.89956  1.28039 R   5 
-0.11022 -0.57497  1.42223 B   6 
-0.01562 -0.83127  1.57629 X   6 
-0.22253 -0.28839  1.37900 B   7 
-0.10508  0.04273  1.54920 E   7 
-0.23896 -0.28946  1.07003 B   8 
-0.03845 -0.17383  0.86871 L   8 
-0.40549 -0.54268  1.03019 B   9 
-0.27505 -0.70995  1.07674 A   9 
-0.65327 -0.43636  1.17437 B   10 
-0.60524 -0.43950  1.38770 A   10 
-0.70278 -0.19091  0.99149 B   11 
-0.57060 -0.03476  1.06292 A   11 
-0.71043 -0.34268  0.72155 B   12 
-0.30420 -0.34139  0.58163 M   12 
-0.94873 -0.51421  0.80057 B   13 
-0.98221 -0.88719  1.01959 K   13 
-1.15996 -0.30502  0.86925 B   14 
-1.11471  0.07721  1.11100 R   14 
-1.11666 -0.18761  0.56408 B   15 
-0.97011  0.14087  0.71313 H   15 
-1.13243 -0.47545  0.38414 B   16 
-0.85065 -0.62999  0.28205 B   17 
-0.67471 -0.36170  0.23401 L   17 
-0.93001 -0.90130  0.35022 B   18 
-0.86121 -1.10774  0.56701 D   18 
-0.95132 -1.06667  0.05365 B   19 
-0.99069 -1.30011  0.27177 N   19 
-0.89840 -0.86021 -0.14242 B   20 
-1.07546 -0.46765 -0.24120 Y   20 
-0.90796 -0.98237 -0.44526 B   21 
-1.14058 -0.66028 -0.70545 R   21 
-0.77229 -1.25288 -0.28930 B   22 
-0.59830 -1.10441 -0.05974 B   23 
-0.36853 -1.02232 -0.46195 Y   23 
-0.46239 -1.17213  0.20316 B   24 
-0.38969 -1.38890  0.25437 S   24 
-0.36626 -0.99537  0.46952 B   25 
-0.52856 -0.89275  0.71788 L   25 
-0.06002 -1.07863  0.46077 B   26 
 0.00452 -0.93376  0.19522 B   27 
-0.07797 -1.18991 -0.00846 N   27 
-0.04612 -0.64420  0.28728 B   28 
-0.40494 -0.58690  0.02845 W   28 
 0.15291 -0.64444  0.52200 B   29 
 0.04506 -0.72240  0.74532 V   29 
 0.39857 -0.72414  0.35833 B   30 
 0.50007 -0.96692  0.27039 X   30 
 0.39855 -0.48157  0.17016 B   31 
 0.23975 -0.51841  0.02430 A   31 
 0.41531 -0.25493  0.38011 B   32 
 0.21881 -0.23428  0.46541 A   32 
 0.68304 -0.34649  0.49824 B   33 
 0.85942 -0.50724  0.74208 K   33 
 0.85584 -0.32530  0.20992 B   34 
 0.95743 -0.71496  0.29275 F   34 
 0.76287 -0.02993  0.12888 B   35 
 0.59859 -0.12948 -0.16605 E   35 
 0.75321  0.13305  0.44503 B   36 
 0.53912  0.18804  0.42850 S   36 
 0.77264 -0.00184  0.72595 B   37 
 1.03471 -0.06867  0.82148 N   37 
 0.49234  0.11585  0.84255 B   38 
 0.47798 -0.29055  0.91614 F   38 
 0.52131  0.41731  0.70938 B   39 
 0.72355  0.60429  0.82983 N   39 
 0.31222  0.68176  0.62829 B   40 
 0.13857  0.67249  0.80689 T   40 
 0.56452  0.89751  0.55917 B   41 
 0.53822  1.13372  0.87994 Q   41 
 0.66789  0.75677  0.31993 B   42 
 0.74880  0.57002  0.37713 A   42 
 0.91016  0.86824  0.07048 B   43 
 0.81312  1.09075  0.10161 T   43 
 0.98154  0.81406 -0.29326 B   44 
 1.09829  0.57786 -0.08221 N   44 
 1.18344  0.87294 -0.54369 B   45 
 1.14063  1.35049 -0.70854 R   45 
 1.16224  0.85320 -0.88886 B   46 
 0.91352  0.63879 -0.79144 N   46 
 1.31287  0.84107 -1.19035 B   47 
 1.48547  0.65162 -1.22318 T   47 
 1.03868  0.96989 -1.33169 B   48 
 0.84472  0.79435 -1.28803 D   48 
 0.96221  1.19570 -1.08553 B   49 
 0.80539  1.05850 -0.91024 B   50 
 0.66196  0.88395 -1.00701 S   50 
 0.61398  0.94831 -0.60548 B   51 
 0.76736  1.13969 -0.48728 T   51 
 0.60587  0.76534 -0.31616 B   52 
 0.64750  0.48313 -0.50733 D   52 
 0.32573  0.70013 -0.08391 B   53 
 0.39873  1.14768 -0.24238 Y   53 
 0.32563  0.56437  0.20848 B   54 
 0.25241  0.24035  0.32718 B   55 
 0.11176  0.19666  0.55573 I   55 
 0.20648  0.16778 -0.01406 B   56 
-0.01862 -0.03953  0.08428 L   56 
 0.35265  0.33333 -0.22296 B   57 
 0.65662  0.39298 -0.06964 Q   57 
 0.18997  0.55024 -0.37686 B   58 
-0.09999  0.45962 -0.31533 I   58 
 0.18516  0.68111 -0.69494 B   59 
 0.39761  0.63654 -0.90869 N   59 
 0.19451  1.00642 -0.86532 B   60 
 0.37439  1.11811 -0.77756 S   60 
 0.13597  0.92413 -1.17508 B   61 
 0.49037  0.95658 -1.41582 R   61 
-0.16571  0.77960 -1.09776 B   62 
 0.01674  0.53048 -1.43319 W   62 
-0.30409  0.83094 -0.78735 B   63 
-0.28947  0.40776 -0.90016 W   63 
-0.16511  1.11195 -0.70001 B   64 
-0.06426  1.03720 -0.47217 X   64 
-0.11974  1.45489 -0.59599 B   65 
-0.18291  1.68202 -0.77667 N   65 
 0.20029  1.66890 -0.57727 B   66 
 0.37278  1.47171 -0.64078 D   66 
 0.26624  1.90323 -0.80328 B   67 
 0.54906  1.72849 -0.94838 B   68 
 0.83866  1.63237 -0.58584 R   68 
 0.39522  1.53304 -1.18279 B   69 
 0.44470  1.33270 -1.03229 T   69 
 0.40902  1.49870 -1.48960 B   70 
 0.59858  1.59788 -1.49060 P   70 
 0.14449  1.33390 -1.62440 B   71 
-0.06174  1.29780 -1.41090 B   72 
 0.02488  1.38547 -1.20773 S   72 
-0.37983  1.13983 -1.27093 B   73 
-0.47941  0.99620 -1.58259 R   73 
-0.53364  1.09358 -0.99638 B   74 
-0.54638  1.29071 -0.79908 N   74 
-0.73060  0.82946 -0.94696 B   75 
-0.62513  0.67830 -1.21303 L   75 
-0.78725  0.87926 -0.62304 B   76 
-0.62714  0.62112 -0.55804 X   76 
-0.84188  1.16977 -0.57236 B   77 
-1.04514  1.31854 -0.67721 N   77 
-0.55618  1.27810 -0.42215 B   78 
-0.65269  1.11139 -0.19950 I   78 
-0.34824  1.39448 -0.21290 B   79 
-0.46786  1.55259 -0.14677 P   79 
-0.05571  1.25214 -0.13531 B   80 
 0.07372  1.22239 -0.42191 X   80 
-0.06117  1.34546  0.16825 B   81 
-0.08804  1.58243  0.14405 S   81 
-0.29978  1.16135  0.25566 B   82 
-0.46690  1.23645  0.15198 A   82 
-0.09517  0.90492  0.24199 B   83 
-0.17300  0.81177 -0.06197 L   83 
 0.04729  1.01455  0.53712 B   84 
 0.27719  1.11697  0.32520 L   84 
-0.14652  0.95773  0.73289 B   85 
-0.36935  1.08273  0.77621 S   85 
-0.25617  0.79189  1.01980 B   86 
-0.24641  0.94570  1.20311 S   86 
-0.49764  0.76311  0.83347 B   87 
-0.78464  0.80397  0.87118 D   87 
-0.54509  0.48560  0.60819 B   88 
-0.42732  0.27640  0.72674 I   88 
-0.79849  0.52612  0.43430 B   89 
-0.99650  0.60127  0.59435 T   89 
-0.67561  0.64191  0.17307 B   90 
-0.63257  0.85079  0.21504 A   90 
-0.47974  0.40855  0.10712 B   91 
-0.25211  0.49600  0.23305 S   91 
-0.68898  0.18522  0.09634 B   92 
-0.74285  0.08541  0.33268 V   92 
-0.87585  0.29349 -0.12165 B   93 
-1.10781  0.43558  0.07630 N   93 
-0.64502  0.30907 -0.32653 B   94 
-0.48077  0.53142 -0.39562 X   94 
-0.54816  0.01589 -0.31599 B   95 
-0.44006 -0.00448 -0.13093 A   95 
-0.81207 -0.10940 -0.41635 B   96 
-1.07337 -0.12456 -0.03113 K   96 
-0.77453  0.01483 -0.69968 B   97 
-0.94478  0.36004 -0.71307 K   97 
-0.49862 -0.10312 -0.77226 B   98 
-0.28613  0.08659 -0.64964 I   98 
-0.56543 -0.41546 -0.74146 B   99 
-0.57928 -0.50813 -0.52925 V   99 
-0.80863 -0.37328 -0.96752 B   100 
-0.97862 -0.34583 -0.76958 S   100 
-0.63512 -0.30048 -1.23901 B   101 
-0.48984 -0.06922 -1.29203 D   101 
-0.49821 -0.62795 -1.31940 B   102 
-0.20684 -0.70241 -1.15567 B   103 
-0.07073 -0.57226 -1.41988 N   103 
-0.26370 -0.66993 -0.88595 B   104 
 0.00035 -0.69051 -0.65170 B   105 
-0.12327 -0.76901 -0.28790 M   105 
 0.22244 -0.63228 -0.87684 B   106 
 0.19066 -0.94058 -0.99218 N   106 
 0.22076 -0.32168 -0.82976 B   107 
 0.02126 -0.27006 -0.86540 A   107 
 0.40440 -0.42478 -0.59286 B   108 
 0.03818 -0.21921 -0.38827 W   108 
 0.73241 -0.47434 -0.60064 B   109 
 0.85027 -0.31535 -0.76308 V   109 
 0.77683 -0.58089 -0.30970 B   110 
 0.80488 -0.40656 -0.18802 A   110 
 0.56918 -0.80324 -0.32334 B   111 
 0.21414 -0.95563 -0.37154 W   111 
 0.67751 -0.95891 -0.56864 B   112 
 0.75642 -0.81185 -0.95654 R   112 
 0.99041 -0.98014 -0.45576 B   113 
 1.09834 -0.80107 -0.70392 N   113 
 0.89355 -1.05374 -0.12128 B   114 
 1.22117 -0.70724  0.03676 R   114 
 0.58761 -1.20001 -0.11134 B   115 
 0.53955 -0.92444  0.04143 X   115 
 0.54906 -1.36527 -0.34260 B   116 
 0.38046 -1.30999 -0.75076 K   116 
 0.52781 -1.71112 -0.26392 B   117 
 0.50084 -1.67388  0.03082 B   118 
 0.68654 -1.49587  0.06571 T   118 
 0.44216 -1.68280  0.38198 B   119 
 0.37543 -1.90068  0.55597 D   119 
 0.21389 -1.43971  0.45441 B   120 
 0.16647 -1.37298  0.21826 V   120 
 0.08676 -1.53969  0.72258 B   121 
-0.11938 -1.87819  0.59424 Q   121 
 0.32813 -1.45127  0.90405 B   122 
 0.48714 -1.56613  0.83717 A   122 
 0.22295 -1.14229  0.91846 B   123 
 0.55605 -1.01967  0.67861 W   123 
-0.02900 -1.24436  1.13244 B   124 
-0.21867 -1.21934  0.94358 I   124 
 0.09967 -1.35631  1.35638 B   125 
 0.23693 -1.77663  1.08644 R   125 
-0.03495 -1.30514  1.68022 B   126 
-0.29171 -1.18250  1.57849 B   127 
-0.11076 -0.97260  1.41241 X   127 
-0.60578 -1.02413  1.67479 B   128 
-0.86590 -1.25875  1.87915 R   128 
-0.87626 -1.15140  1.44527 B   129 
-0.70010 -1.03868  1.29116 L   129 
