246 
-0.03190  0.18439  1.32359 B   1 
 0.05178 -0.20590  1.45362 K   1 
 0.32086  0.14339  1.37108 B   2 
 0.40112  0.38959  1.36050 V   2 
 0.53121 -0.02356  1.19484 B   3 
 0.21949 -0.30202  1.07993 F   3 
 0.76925 -0.22719  1.15141 B   4 
 0.95569 -0.34768  0.92015 B   5 
 1.36551 -0.30492  0.77938 R   5 
 0.96855 -0.65700  0.99787 B   6 
 1.27859 -0.68974  1.03219 X   6 
 0.66710 -0.66097  1.07350 B   7 
 0.49647 -0.49862  1.38484 E   7 
 0.54725 -0.59344  0.79636 B   8 
 0.45321 -0.32099  0.69132 L   8 
 0.68134 -0.81195  0.62988 B   9 
 0.89041 -0.75602  0.61207 A   9 
 0.54860 -1.04482  0.77698 B   10 
 0.64889 -1.05909  0.97080 A   10 
 0.25460 -0.96642  0.71736 B   11 
 0.20074 -0.81729  0.86506 A   11 
 0.27974 -0.94713  0.40921 B   12 
 0.38491 -0.53786  0.33156 M   12 
 0.36097 -1.23831  0.37645 B   13 
 0.74365 -1.44102  0.40231 K   13 
 0.12774 -1.38625  0.50610 B   14 
-0.08762 -1.29356  0.89548 R   14 
-0.06742 -1.22913  0.29158 B   15 
-0.23233 -1.03531  0.58625 H   15 
 0.10267 -1.28276  0.00232 B   16 
 0.30489 -1.04475 -0.12483 B   17 
 0.12923 -0.78949 -0.02877 L   17 
 0.52812 -1.21805 -0.19335 B   18 
 0.80927 -1.27605 -0.08410 D   18 
 0.54955 -1.20824 -0.53276 B   19 
 0.81190 -1.37369 -0.44659 N   19 
 0.32341 -1.04452 -0.60972 B   20 
-0.11320 -1.06057 -0.54394 Y   20 
 0.31065 -1.00916 -0.93424 B   21 
-0.14787 -1.05412 -1.04953 R   21 
 0.64936 -1.00917 -0.89985 B   22 
 0.67677 -0.86658 -0.61015 B   23 
 0.54805 -0.52370 -0.90539 Y   23 
 0.88408 -0.83343 -0.39083 B   24 
 1.11419 -0.84659 -0.43299 S   24 
 0.87096 -0.76328 -0.06474 B   25 
 0.81317 -0.94708  0.18312 L   25 
 1.05711 -0.50629 -0.07454 B   26 
 0.86172 -0.33203 -0.23924 B   27 
 0.97032 -0.43065 -0.54319 N   27 
 0.63182 -0.31501 -0.03493 B   28 
 0.34808 -0.55619 -0.28060 W   28 
 0.79634 -0.19610  0.19637 B   29 
 0.90280 -0.37829  0.34821 V   29 
 0.89858  0.04816  0.04347 B   30 
 1.11032  0.09074 -0.13068 X   30 
 0.62428  0.17233 -0.01650 B   31 
 0.53960  0.05509 -0.18061 A   31 
 0.51733  0.20022  0.27247 B   32 
 0.45503  0.00398  0.33512 A   32 
 0.74246  0.38545  0.36747 B   33 
 1.03693  0.43243  0.53325 K   33 
 0.68509  0.62720  0.14007 B   34 
 1.08399  0.57942  0.05279 F   34 
 0.36976  0.65371  0.18819 B   35 
 0.28067  0.55239 -0.13690 E   35 
 0.34553  0.60961  0.54042 B   36 
 0.20973  0.43506  0.52570 S   36 
 0.57086  0.51103  0.73277 B   37 
 0.76455  0.70467  0.81797 N   37 
 0.40568  0.25928  0.85668 B   38 
 0.77016  0.10290  0.74058 F   38 
 0.11335  0.41312  0.87500 B   39 
 0.07888  0.62251  1.08792 N   39 
-0.22110  0.32410  0.89616 B   40 
-0.21474  0.11463  1.03114 T   40 
-0.33053  0.63885  0.95891 B   41 
-0.42130  0.60056  1.34578 Q   41 
-0.26013  0.75475  0.69558 B   42 
-0.04994  0.75660  0.67299 A   42 
-0.35224  1.07701  0.55063 B   43 
-0.56617  1.04757  0.66578 T   43 
-0.41338  1.22336  0.21125 B   44 
-0.09060  1.20169  0.30768 N   44 
-0.47720  1.49299  0.03755 B   45 
-0.95772  1.64321  0.09747 R   45 
-0.59655  1.56020 -0.28060 B   46 
-0.47639  1.24153 -0.31718 N   46 
-0.63930  1.77509 -0.53698 B   47 
-0.42447  1.88409 -0.63041 T   47 
-0.90696  1.60149 -0.63686 B   48 
-0.81818  1.35912 -0.69780 D   48 
-1.03609  1.53419 -0.32665 B   49 
-0.91648  1.30211 -0.24933 B   50 
-0.86086  1.14390 -0.42900 S   50 
-0.78520  1.01190 -0.04883 B   51 
-0.84322  1.17858  0.15847 T   51 
-0.52692  0.87127  0.12656 B   52 
-0.34341  0.87484 -0.16367 D   52 
-0.49495  0.53307  0.27239 B   53 
-0.90274  0.77833  0.33788 Y   53 
-0.27224  0.41329  0.47233 B   54 
 0.01654  0.21603  0.42612 B   55 
 0.08327  0.01288  0.59406 I   55 
-0.06640  0.24351  0.08527 B   56 
 0.05730 -0.05164  0.05534 L   56 
-0.22651  0.48349 -0.01061 B   57 
-0.10182  0.73837  0.18675 Q   57 
-0.52975  0.44198 -0.06997 B   58 
-0.54334  0.13287 -0.08835 I   58 
-0.75974  0.56267 -0.29549 B   59 
-0.71860  0.80068 -0.48116 N   59 
-1.09360  0.71580 -0.30194 B   60 
-1.08535  0.89064 -0.15398 S   60 
-1.16160  0.72036 -0.62054 B   61 
-1.14020  1.11878 -0.77997 R   61 
-1.12844  0.37991 -0.65009 B   62 
-0.97145  0.56096 -1.03794 W   62 
-1.11069  0.18575 -0.36701 B   63 
-0.78977  0.10077 -0.65303 W   63 
-1.26135  0.37478 -0.14911 B   64 
-1.07473  0.38315  0.03191 X   64 
-1.49450  0.49258  0.10039 B   65 
-1.77755  0.55233  0.03306 N   65 
-1.54359  0.84517  0.24820 B   66 
-1.33365  0.95995  0.12404 D   66 
-1.79926  1.03729  0.15843 B   67 
-1.59552  1.28165 -0.01580 B   68 
-1.26758  1.41992  0.29704 R   68 
-1.57726  1.14448 -0.32833 B   69 
-1.33330  1.08846 -0.27753 T   69 
-1.65648  1.22897 -0.61483 B   70 
-1.66677  1.43266 -0.55025 P   70 
-1.67027  0.97321 -0.83779 B   71 
-1.64103  0.71644 -0.68735 B   72 
-1.60609  0.76777 -0.45798 S   72 
-1.57972  0.34011 -0.66899 B   73 
-1.61266  0.28902 -1.02110 R   73 
-1.49893  0.11180 -0.46278 B   74 
-1.59716  0.10715 -0.20147 N   74 
-1.33446 -0.16178 -0.55816 B   75 
-1.26440 -0.03993 -0.84973 L   75 
-1.27862 -0.28532 -0.25446 B   76 
-0.97451 -0.23484 -0.29271 X   76 
-1.52619 -0.26055 -0.08699 B   77 
-1.76958 -0.37303 -0.13751 N   77 
-1.45083 -0.00675  0.12708 B   78 
-1.26533 -0.20537  0.24032 I   78 
-1.39065  0.16258  0.38838 B   79 
-1.54609  0.08354  0.50358 P   79 
-1.12804  0.36592  0.42764 B   80 
-1.15866  0.55208  0.17430 X   80 
-1.09653  0.30788  0.73833 B   81 
-1.31585  0.36182  0.81867 S   81 
-1.00171  0.01035  0.70742 B   82 
-1.16845 -0.09179  0.62944 A   82 
-0.71083  0.12312  0.60502 B   83 
-0.77504  0.10519  0.28457 L   83 
-0.63866  0.20751  0.93226 B   84 
-0.71405  0.50564  0.81527 L   84 
-0.59367 -0.03945  1.05917 B   85 
-0.76979 -0.21677  1.12768 S   85 
-0.39024 -0.26704  1.22845 B   86 
-0.44835 -0.26054  1.46070 S   86 
-0.52887 -0.44656  1.02252 B   87 
-0.66105 -0.70661  1.04149 D   87 
-0.39661 -0.51384  0.69390 B   88 
-0.13044 -0.50156  0.72011 I   88 
-0.59375 -0.68654  0.52833 B   89 
-0.67494 -0.88764  0.68143 T   89 
-0.74031 -0.46894  0.36124 B   90 
-0.88423 -0.37737  0.49593 A   90 
-0.49165 -0.34312  0.22156 B   91 
-0.43025 -0.14223  0.39817 S   91 
-0.38865 -0.59938  0.08929 B   92 
-0.23794 -0.74236  0.24918 V   92 
-0.63337 -0.67883 -0.07793 B   93 
-0.77022 -0.90079  0.13465 N   93 
-0.63254 -0.40812 -0.22699 B   94 
-0.78177 -0.17186 -0.17131 X   94 
-0.34363 -0.41152 -0.33638 B   95 
-0.21590 -0.36853 -0.16851 A   95 
-0.37776 -0.66393 -0.51114 B   96 
-0.32406 -1.01073 -0.20496 K   96 
-0.57282 -0.51586 -0.70387 B   97 
-0.93523 -0.56298 -0.58232 K   97 
-0.39284 -0.28001 -0.78925 B   98 
-0.42482 -0.06099 -0.57202 I   98 
-0.14395 -0.44428 -0.90773 B   99 
 0.00738 -0.54203 -0.76160 V   99 
-0.35782 -0.59314 -1.11779 B   100 
-0.37385 -0.79329 -0.94894 S   100 
-0.45222 -0.33958 -1.30729 B   101 
-0.61040 -0.12226 -1.23553 D   101 
-0.15244 -0.29238 -1.50818 B   102 
 0.08432 -0.09258 -1.36237 B   103 
-0.07030  0.14228 -1.52425 N   103 
 0.13463 -0.20703 -1.11457 B   104 
 0.34143 -0.03474 -0.88529 B   105 
 0.49420 -0.26918 -0.61054 M   105 
 0.29538  0.24638 -1.03448 B   106 
 0.50041  0.15456 -1.27717 N   106 
 0.05014  0.32661 -0.85529 B   107 
-0.08422  0.16948 -0.88684 A   107 
 0.29625  0.39961 -0.66934 B   108 
 0.05607  0.07243 -0.43804 W   108 
 0.46279  0.68648 -0.66087 B   109 
 0.31441  0.88612 -0.72156 V   109 
 0.67765  0.61667 -0.44423 B   110 
 0.58653  0.66266 -0.25563 A   110 
 0.77938  0.36292 -0.57842 B   111 
 0.75195  0.00497 -0.72916 W   111 
 0.86205  0.48043 -0.85318 B   112 
 0.62512  0.70132 -1.12410 R   112 
 1.04348  0.72975 -0.72659 B   113 
 0.84256  0.94940 -0.85574 N   113 
 1.19168  0.52911 -0.47270 B   114 
 1.08535  0.89153 -0.14146 R   114 
 1.19972  0.20231 -0.56342 B   115 
 1.00510  0.20116 -0.31102 X   115 
 1.23853  0.17888 -0.84666 B   116 
 0.97524  0.15104 -1.20440 K   116 
 1.55114  0.03324 -0.93221 B   117 
 1.61833 -0.05916 -0.65664 B   118 
 1.55333  0.15534 -0.52567 T   118 
 1.73300 -0.20971 -0.35494 B   119 
 1.95523 -0.38360 -0.30425 D   119 
 1.46593 -0.36393 -0.20889 B   120 
 1.30378 -0.32365 -0.39477 V   120 
 1.60006 -0.58247 -0.02910 B   121 
 1.75790 -0.83936 -0.31655 Q   121 
 1.68655 -0.38361  0.19892 B   122 
 1.82055 -0.25522  0.10668 A   122 
 1.39031 -0.38973  0.33655 B   123 
 1.32769  0.01638  0.21542 W   123 
 1.45758 -0.70846  0.45302 B   124 
 1.29278 -0.82358  0.27453 I   124 
 1.68497 -0.68493  0.61727 B   125 
 1.99304 -0.61479  0.20672 R   125 
 1.70929 -0.87931  0.91263 B   126 
 1.46828 -1.04947  0.84723 B   127 
 1.30014 -0.77571  0.81304 X   127 
 1.24813 -1.31427  0.96726 B   128 
 1.42049 -1.67818  1.01555 R   128 
 1.16531 -1.53865  0.67600 B   129 
 1.08172 -1.30201  0.60888 L   129 
