246 
-0.49560  0.54522  1.11536 B   1 
-0.69260  0.21211  1.27805 K   1 
-0.27680  0.36937  1.33802 B   2 
-0.08494  0.54150  1.36499 V   2 
-0.13267  0.08507  1.29829 B   3 
-0.45839 -0.04884  1.04553 F   3 
-0.04416 -0.20514  1.38747 B   4 
 0.13009 -0.45486  1.28727 B   5 
 0.51538 -0.63730  1.37595 R   5 
-0.05464 -0.70264  1.36704 B   6 
 0.14256 -0.85647  1.55630 X   6 
-0.31178 -0.55286  1.27728 B   7 
-0.48694 -0.25169  1.45342 E   7 
-0.24624 -0.52107  0.97658 B   8 
-0.12891 -0.27699  0.83247 L   8 
-0.18944 -0.81329  0.90714 B   9 
 0.00169 -0.86199  0.99800 A   9 
-0.47170 -0.91254  0.97010 B   10 
-0.48822 -0.91383  1.18816 A   10 
-0.62245 -0.73388  0.76639 B   11 
-0.64805 -0.54129  0.86235 A   11 
-0.46163 -0.81544  0.51452 B   12 
-0.13778 -0.53390  0.49330 M   12 
-0.53903 -1.10883  0.53419 B   13 
-0.37296 -1.44193  0.75705 K   13 
-0.84385 -1.09654  0.52882 B   14 
-1.12176 -0.81326  0.75041 R   14 
-0.81419 -0.93764  0.24131 B   15 
-0.96161 -0.61682  0.40542 H   15 
-0.59236 -1.13951  0.08156 B   16 
-0.26467 -1.06062  0.07128 B   17 
-0.30285 -0.73872  0.05818 L   17 
-0.16056 -1.32554  0.13070 B   18 
-0.02998 -1.46715  0.36995 D   18 
 0.00601 -1.42240 -0.14971 B   19 
 0.07672 -1.65404  0.06235 N   19 
-0.04281 -1.20547 -0.33524 B   20 
-0.40181 -1.00968 -0.50257 Y   20 
 0.10541 -1.26135 -0.62096 B   21 
-0.20711 -1.13182 -0.95428 R   21 
 0.34077 -1.39975 -0.41760 B   22 
 0.31087 -1.20816 -0.15796 B   23 
 0.52084 -0.94251 -0.48452 Y   23 
 0.38710 -1.20857  0.13592 B   24 
 0.56828 -1.33233  0.21814 S   24 
 0.27397 -1.05083  0.40749 B   25 
 0.02934 -1.11249  0.59433 L   25 
 0.54931 -0.91557  0.48925 B   26 
 0.56633 -0.72786  0.24400 B   27 
 0.72565 -0.94540  0.04103 N   27 
 0.31774 -0.55510  0.30093 B   28 
 0.08818 -0.70635 -0.05043 W   28 
 0.40182 -0.46017  0.58133 B   29 
 0.32053 -0.61940  0.77006 V   29 
 0.66997 -0.33951  0.49751 B   30 
 0.92322 -0.44492  0.45589 X   30 
 0.55773 -0.13049  0.30267 B   31 
 0.50464 -0.23991  0.12085 A   31 
 0.36926  0.02171  0.49511 B   32 
 0.19430 -0.10091  0.52100 A   32 
 0.59109  0.10826  0.68829 B   33 
 0.76185  0.06643  0.98069 K   33 
 0.77204  0.27553  0.45869 B   34 
 1.07921  0.03566  0.58955 F   34 
 0.53232  0.44964  0.33755 B   35 
 0.55332  0.31026  0.01503 E   35 
 0.34034  0.52206  0.62825 B   36 
 0.15558  0.42824  0.54957 S   36 
 0.37293  0.39369  0.91100 B   37 
 0.58012  0.49839  1.07946 N   37 
 0.06684  0.28596  0.93780 B   38 
 0.30448 -0.03973  1.02855 F   38 
-0.07689  0.55030  0.80024 B   39 
-0.08479  0.80430  0.96084 N   39 
-0.37925  0.62651  0.64860 B   40 
-0.54143  0.48300  0.77206 T   40 
-0.32328  0.96083  0.63967 B   41 
-0.57623  1.07709  0.92581 Q   41 
-0.09802  0.95463  0.44745 B   42 
 0.06786  0.85793  0.53591 A   42 
 0.06378  1.22912  0.26906 B   43 
-0.15893  1.33006  0.25867 T   43 
 0.24037  1.28497 -0.05656 B   44 
 0.42609  1.15256  0.19230 N   44 
 0.40802  1.49404 -0.24399 B   45 
 0.10558  1.84933 -0.44237 R   45 
 0.49135  1.51375 -0.57962 B   46 
 0.43004  1.17879 -0.54265 N   46 
 0.68156  1.64351 -0.82603 B   47 
 0.93699  1.61626 -0.79821 T   47 
 0.43647  1.58412 -1.04547 B   48 
 0.40212  1.32114 -1.04712 D   48 
 0.17299  1.67073 -0.84420 B   49 
 0.10744  1.44211 -0.71160 B   50 
 0.14332  1.23196 -0.83388 S   50 
-0.03259  1.19354 -0.46612 B   51 
-0.07770  1.41977 -0.32153 T   51 
 0.00973  1.01007 -0.18012 B   52 
 0.27164  0.85090 -0.33501 D   52 
-0.20513  0.74850 -0.03151 B   53 
-0.40682  1.15472 -0.18977 Y   53 
-0.18876  0.60532  0.25685 B   54 
-0.05827  0.29757  0.36956 B   55 
-0.18672  0.14237  0.55215 I   55 
 0.04103  0.26104  0.03397 B   56 
-0.00829 -0.05352  0.07797 L   56 
 0.08876  0.50887 -0.13549 B   57 
 0.22871  0.72772  0.09250 Q   57 
-0.13130  0.58925 -0.34120 B   58 
-0.29423  0.32607 -0.35747 I   58 
-0.14161  0.72918 -0.65526 B   59 
 0.09224  0.86197 -0.79843 N   59 
-0.30574  1.00408 -0.83537 B   60 
-0.27220  1.19155 -0.70785 S   60 
-0.21687  0.94773 -1.14372 B   61 
 0.07456  1.23352 -1.27786 R   61 
-0.35678  0.63419 -1.14491 B   62 
 0.01975  0.61059 -1.40089 W   62 
-0.56612  0.54060 -0.88887 B   63 
-0.25061  0.24693 -0.96776 W   63 
-0.67257  0.82942 -0.78321 B   64 
-0.60808  0.80609 -0.53228 X   64 
-0.89053  1.10242 -0.69128 B   65 
-1.03960  1.25818 -0.89559 N   65 
-0.80683  1.46668 -0.59705 B   66 
-0.53881  1.43782 -0.59822 D   66 
-0.85718  1.71716 -0.80933 B   67 
-0.50487  1.78751 -0.85936 B   68 
-0.32502  1.85054 -0.42551 R   68 
-0.42863  1.57414 -1.11524 B   69 
-0.29940  1.43398 -0.94527 T   69 
-0.32025  1.59999 -1.40349 B   70 
-0.24961  1.79665 -1.35762 P   70 
-0.36778  1.32468 -1.59650 B   71 
-0.54429  1.13514 -1.44704 B   72 
-0.59021  1.22847 -1.23338 S   72 
-0.70264  0.79219 -1.39193 B   73 
-0.60244  0.66352 -1.70986 R   73 
-0.85020  0.62017 -1.16876 B   74 
-1.03729  0.73295 -0.99488 N   74 
-0.83011  0.28772 -1.16045 B   75 
-0.58988  0.27877 -1.37719 L   75 
-0.98345  0.24360 -0.86864 B   76 
-0.71620  0.14292 -0.74641 X   76 
-1.22525  0.42029 -0.85254 B   77 
-1.44181  0.41641 -1.01845 N   77 
-1.12945  0.66451 -0.63551 B   78 
-1.14436  0.44579 -0.43898 I   78 
-1.10906  0.85658 -0.38399 B   79 
-1.31439  0.88959 -0.36328 P   79 
-0.82621  0.92646 -0.21976 B   80 
-0.64330  1.02724 -0.45674 X   80 
-0.96645  0.95087  0.06419 B   81 
-1.13483  1.11552  0.01941 S   81 
-1.03791  0.64664  0.09257 B   82 
-1.18071  0.61031 -0.05778 A   82 
-0.72051  0.58681  0.15165 B   83 
-0.63975  0.50908 -0.15586 L   83 
-0.76374  0.71974  0.46769 B   84 
-0.61415  0.97422  0.32237 L   84 
-0.91342  0.52505  0.60484 B   85 
-1.16511  0.47000  0.57694 S   85 
-0.95420  0.28958  0.85926 B   86 
-1.09339  0.38613  1.02856 S   86 
-1.06158  0.13876  0.61518 B   87 
-1.30259 -0.02013  0.56906 D   87 
-0.85790 -0.06934  0.40253 B   88 
-0.66620 -0.16783  0.56139 I   88 
-1.02226 -0.17735  0.16291 B   89 
-1.25251 -0.27032  0.25680 T   89 
-0.94561  0.02533 -0.06023 B   90 
-1.06207  0.20449 -0.02046 A   90 
-0.63661 -0.01542 -0.05507 B   91 
-0.56256  0.17914  0.12376 S   91 
-0.63707 -0.31662 -0.11033 B   92 
-0.66875 -0.45944  0.10721 V   92 
-0.78737 -0.32468 -0.37774 B   93 
-1.09509 -0.39432 -0.26095 N   93 
-0.58199 -0.13600 -0.51087 B   94 
-0.59321  0.14671 -0.54464 X   94 
-0.32346 -0.29612 -0.45636 B   95 
-0.27881 -0.26785 -0.24767 A   95 
-0.40496 -0.54607 -0.61853 B   96 
-0.67706 -0.77920 -0.32101 K   96 
-0.38930 -0.38878 -0.88711 B   97 
-0.73359 -0.23623 -0.96785 K   97 
-0.09708 -0.29023 -0.87292 B   98 
-0.09999 -0.02788 -0.70755 I   98 
 0.05213 -0.57277 -0.84338 B   99 
 0.05034 -0.68113 -0.63828 V   99 
-0.09311 -0.66569 -1.13027 B   100 
-0.28150 -0.78189 -0.98943 S   100 
 0.05038 -0.46144 -1.34661 B   101 
 0.01581 -0.18645 -1.37079 D   101 
 0.38251 -0.60896 -1.36609 B   102 
 0.59871 -0.50070 -1.12365 B   103 
 0.67614 -0.27828 -1.34682 N   103 
 0.47000 -0.55043 -0.88282 B   104 
 0.61395 -0.42899 -0.58357 B   105 
 0.48693 -0.61837 -0.26452 M   105 
 0.79017 -0.21097 -0.74109 B   106 
 0.99797 -0.44756 -0.84216 N   106 
 0.57391  0.01538 -0.71491 B   107 
 0.40650 -0.06894 -0.80765 A   107 
 0.71383  0.02262 -0.43058 B   108 
 0.26704 -0.08639 -0.34856 W   108 
 0.98239  0.19713 -0.34384 B   109 
 1.00269  0.41533 -0.47626 V   109 
 1.01178  0.10476 -0.04623 B   110 
 0.88749  0.23714  0.06785 A   110 
 1.01252 -0.19427 -0.10383 B   111 
 0.87077 -0.53049 -0.23973 W   111 
 1.25259 -0.20769 -0.29959 B   112 
 1.30876  0.00799 -0.65827 R   112 
 1.46192 -0.03839 -0.10308 B   113 
 1.48321  0.20053 -0.32162 N   113 
 1.35807 -0.20280  0.19502 B   114 
 1.32590  0.24670  0.41705 R   114 
 1.23296 -0.51097  0.12816 B   115 
 0.98033 -0.35557  0.24484 X   115 
 1.37097 -0.62795 -0.09443 B   116 
 1.31555 -0.63763 -0.53592 K   116 
 1.56279 -0.91315 -0.00433 B   117 
 1.44610 -0.94359  0.26852 B   118 
 1.45346 -0.69503  0.34303 T   118 
 1.32302 -1.03707  0.58938 B   119 
 1.37493 -1.26840  0.75058 D   119 
 0.98291 -1.01071  0.58084 B   120 
 0.96387 -0.95792  0.33729 V   120 
 0.89114 -1.20518  0.80852 B   121 
 0.99744 -1.57474  0.64829 Q   121 
 0.96060 -1.00881  1.04437 B   122 
 1.16592 -0.98383  1.03132 A   122 
 0.67960 -0.84563  1.01053 B   123 
 0.89656 -0.50571  0.86596 W   123 
 0.51352 -1.11429  1.15166 B   124 
 0.40853 -1.19094  0.91635 I   124 
 0.62320 -1.14725  1.40881 B   125 
 1.06335 -1.33801  1.21322 R   125 
 0.41332 -1.24042  1.67877 B   126 
 0.17490 -1.29880  1.50252 B   127 
 0.20780 -1.00119  1.38114 X   127 
-0.17691 -1.39473  1.49805 B   128 
-0.25962 -1.76719  1.63557 R   128 
-0.22979 -1.63237  1.21034 B   129 
-0.13964 -1.41272  1.10490 L   129 
