246 
 0.59456  0.63363  1.01584 B   1 
 0.26188  0.70574  1.26153 K   1 
 0.55406  0.36557  1.25010 B   2 
 0.78022  0.24187  1.22328 V   2 
 0.33023  0.13532  1.25818 B   3 
 0.04477  0.40109  1.06900 F   3 
 0.11232 -0.04630  1.39798 B   4 
-0.08375 -0.29254  1.33727 B   5 
-0.10706 -0.71784  1.42768 R   5 
-0.35289 -0.20232  1.48325 B   6 
-0.38770 -0.44221  1.68228 X   6 
-0.31852  0.09131  1.38727 B   7 
-0.05822  0.35453  1.51122 E   7 
-0.33646  0.04436  1.08198 B   8 
-0.10706  0.01733  0.88011 L   8 
-0.60246 -0.10583  1.07055 B   9 
-0.56497 -0.30349  1.15228 A   9 
-0.77036  0.12616  1.17768 B   10 
-0.72736  0.13825  1.39177 A   10 
-0.70104  0.33077  0.95526 B   11 
-0.51051  0.41788  1.01062 A   11 
-0.78134  0.15547  0.71281 B   12 
-0.42304 -0.05540  0.60445 M   12 
-1.07144  0.13014  0.80031 B   13 
-1.27341 -0.14077  1.07238 K   13 
-1.15964  0.42159  0.81954 B   14 
-0.93857  0.77504  1.00062 R   14 
-1.06934  0.45074  0.50365 B   15 
-0.78477  0.69455  0.60931 H   15 
-1.21961  0.17647  0.37070 B   16 
-1.04382 -0.10586  0.31509 B   17 
-0.76328  0.03783  0.23829 L   17 
-1.24022 -0.29331  0.41923 B   18 
-1.27392 -0.46702  0.67029 D   18 
-1.33921 -0.47873  0.15170 B   19 
-1.48113 -0.62572  0.40045 N   19 
-1.19772 -0.35766 -0.07009 B   20 
-1.17153  0.04842 -0.24220 Y   20 
-1.26618 -0.51203 -0.34975 B   21 
-1.32358 -0.16956 -0.67376 R   21 
-1.27131 -0.78292 -0.14361 B   22 
-1.04592 -0.69437  0.07173 B   23 
-0.80826 -0.79895 -0.32055 Y   23 
-0.95499 -0.77045  0.35123 B   24 
-0.99164 -0.98369  0.44115 S   24 
-0.78483 -0.61494  0.59266 B   25 
-0.87793 -0.40759  0.80922 L   25 
-0.55321 -0.83038  0.61952 B   26 
-0.43091 -0.78029  0.33986 B   27 
-0.62555 -1.00028  0.17366 N   27 
-0.33936 -0.48909  0.38116 B   28 
-0.63214 -0.31835  0.09106 W   28 
-0.16134 -0.54054  0.62686 B   29 
-0.29101 -0.51975  0.85121 V   29 
 0.01695 -0.75178  0.49617 B   30 
-0.00773 -1.02509  0.45526 X   30 
 0.12861 -0.57346  0.27260 B   31 
-0.03035 -0.55743  0.12319 A   31 
 0.25142 -0.34767  0.44483 B   32 
 0.08821 -0.22411  0.51124 A   32 
 0.44633 -0.53053  0.59513 B   33 
 0.52934 -0.70952  0.87348 K   33 
 0.60624 -0.64198  0.32045 B   34 
 0.51455 -1.01343  0.47089 F   34 
 0.66146 -0.35620  0.18728 B   35 
 0.46691 -0.41804 -0.09944 E   35 
 0.73214 -0.15514  0.47220 B   36 
 0.56849 -0.01125  0.43164 S   36 
 0.68888 -0.23268  0.77155 B   37 
 0.89015 -0.39533  0.89528 N   37 
 0.49729  0.01943  0.84736 B   38 
 0.29521 -0.31460  0.98289 F   38 
 0.66265  0.24511  0.67078 B   39 
 0.92999  0.33517  0.77466 N   39 
 0.60077  0.55765  0.53397 B   40 
 0.44465  0.66083  0.69864 T   40 
 0.92402  0.61671  0.45027 B   41 
 1.01430  0.88994  0.72698 Q   41 
 0.94729  0.40503  0.24440 B   42 
 0.93199  0.21515  0.33609 A   42 
 1.21119  0.34673 -0.00116 B   43 
 1.22980  0.59048 -0.01268 T   43 
 1.24549  0.20350 -0.34562 B   44 
 1.24020 -0.01924 -0.09201 N   44 
 1.44911  0.11796 -0.58680 B   45 
 1.63307  0.52445 -0.82759 R   45 
 1.41787  0.05070 -0.92515 B   46 
 1.09868 -0.00393 -0.81354 N   46 
 1.54248 -0.08177 -1.20915 B   47 
 1.60609 -0.33199 -1.19901 T   47 
 1.35905  0.13244 -1.38866 B   48 
 1.10594  0.07698 -1.33212 D   48 
 1.39942  0.40687 -1.18744 B   49 
 1.19830  0.39043 -1.00461 B   50 
 0.98898  0.28812 -1.08284 S   50 
 0.98048  0.43594 -0.70106 B   51 
 1.20667  0.55200 -0.60367 T   51 
 0.89046  0.33076 -0.38788 B   52 
 0.79345  0.03292 -0.52859 D   52 
 0.61457  0.44381 -0.16931 B   53 
 0.88692  0.77180 -0.39064 Y   53 
 0.55375  0.37652  0.14004 B   54 
 0.33860  0.14916  0.30270 B   55 
 0.19603  0.21582  0.52441 I   55 
 0.26083  0.04806 -0.02525 B   56 
-0.03415 -0.01115  0.08788 L   56 
 0.46548  0.08824 -0.24642 B   57 
 0.76349  0.02626 -0.08268 Q   57 
 0.42170  0.32535 -0.44406 B   58 
 0.12362  0.39122 -0.39032 I   58 
 0.47565  0.38620 -0.77829 B   59 
 0.64055  0.21217 -0.96627 N   59 
 0.63446  0.63524 -0.99671 B   60 
 0.84651  0.66447 -0.91479 S   60 
 0.54130  0.53697 -1.29304 B   61 
 0.86743  0.35965 -1.50940 R   61 
 0.20780  0.56410 -1.21611 B   62 
 0.24936  0.20493 -1.49383 W   62 
 0.11245  0.72655 -0.92861 B   63 
-0.07363  0.33220 -0.97189 W   63 
 0.36755  0.92188 -0.87679 B   64 
 0.42388  0.84980 -0.63327 X   64 
 0.56903  1.21721 -0.82513 B   65 
 0.61773  1.41258 -1.04349 N   65 
 0.95217  1.25869 -0.81711 B   66 
 1.01178  0.99647 -0.83598 D   66 
 1.11791  1.39279 -1.07183 B   67 
 1.28477  1.08495 -1.16654 B   68 
 1.49919  0.93044 -0.77323 R   68 
 1.05516  0.94539 -1.37778 B   69 
 1.00661  0.77440 -1.19436 T   69 
 1.04840  0.85591 -1.67349 B   70 
 1.26231  0.85440 -1.67630 P   70 
 0.73625  0.81144 -1.79955 B   71 
 0.53910  0.91239 -1.59864 B   72 
 0.65859  0.98386 -1.40607 S   72 
 0.18541  0.94628 -1.45908 B   73 
 0.02727  0.81331 -1.75060 R   73 
 0.03043  1.02478 -1.19263 B   74 
 0.11325  1.23634 -1.03035 N   74 
-0.26672  0.89467 -1.11666 B   75 
-0.24671  0.66831 -1.34716 L   75 
-0.29042  1.02036 -0.80966 B   76 
-0.26904  0.73315 -0.69325 X   76 
-0.20234  1.30705 -0.80956 B   77 
-0.31340  1.51217 -0.95110 N   77 
 0.10226  1.29531 -0.65789 B   78 
-0.05892  1.23355 -0.41936 I   78 
 0.34245  1.33674 -0.45501 B   79 
 0.31130  1.54099 -0.42354 P   79 
 0.53515  1.09123 -0.33482 B   80 
 0.63291  0.95581 -0.60292 X   80 
 0.57685  1.22758 -0.05099 B   81 
 0.66371  1.44189 -0.11415 S   81 
 0.28067  1.19290  0.04673 B   82 
 0.16711  1.31744 -0.07940 A   82 
 0.34144  0.87296  0.08864 B   83 
 0.22621  0.77517 -0.20169 L   83 
 0.52142  0.95368  0.37237 B   84 
 0.77051  0.89974  0.16429 L   84 
 0.32540  1.02780  0.55999 B   85 
 0.18734  1.24700  0.56668 S   85 
 0.15364  0.98402  0.86070 B   86 
 0.23595  1.14508  1.01767 S   86 
-0.07501  1.03825  0.66414 B   87 
-0.30919  1.21295  0.67389 D   87 
-0.24887  0.77974  0.48259 B   88 
-0.24151  0.56395  0.64092 I   88 
-0.45553  0.90190  0.28647 B   89 
-0.59387  1.08654  0.41779 T   89 
-0.29523  0.90049  0.01991 B   90 
-0.15910  1.06954  0.03144 A   90 
-0.23190  0.59559  0.00607 B   91 
 0.01138  0.58830  0.13288 S   91 
-0.52139  0.49618  0.01541 B   92 
-0.61345  0.47528  0.25997 V   92 
-0.63797  0.63887 -0.22997 B   93 
-0.77465  0.90399 -0.07435 N   93 
-0.42861  0.51020 -0.41736 B   94 
-0.18009  0.61568 -0.50848 X   94 
-0.48003  0.21230 -0.35366 B   95 
-0.39227  0.17674 -0.16032 A   95 
-0.77283  0.20788 -0.45198 B   96 
-1.00722  0.38229 -0.08929 K   96 
-0.68423  0.24941 -0.74786 B   97 
-0.67336  0.62598 -0.82791 K   97 
-0.49623  0.00673 -0.78061 B   98 
-0.21853  0.09481 -0.67428 I   98 
-0.70108 -0.22868 -0.70589 B   99 
-0.75466 -0.26606 -0.48330 V   99 
-0.89843 -0.11884 -0.95290 B   100 
-1.03396  0.01793 -0.77470 S   100 
-0.71360 -0.18281 -1.21909 B   101 
-0.47753 -0.05803 -1.29718 D   101 
-0.74652 -0.54483 -1.23661 B   102 
-0.52229 -0.71581 -1.04238 B   103 
-0.34361 -0.71138 -1.31317 N   103 
-0.55479 -0.61449 -0.78604 B   104 
-0.32883 -0.71376 -0.53285 B   105 
-0.47136 -0.66178 -0.17121 M   105 
-0.10744 -0.80482 -0.74755 B   106 
-0.28082 -1.07827 -0.81482 N   106 
 0.03680 -0.52575 -0.75029 B   107 
-0.11572 -0.39485 -0.80808 A   107 
 0.15312 -0.65918 -0.48735 B   108 
-0.07246 -0.27566 -0.34500 W   108 
 0.41977 -0.85520 -0.46327 B   109 
 0.59676 -0.79959 -0.63972 V   109 
 0.41194 -0.91791 -0.15671 B   110 
 0.51943 -0.75814 -0.06233 A   110 
 0.12429 -1.01769 -0.15021 B   111 
-0.26124 -0.99452 -0.19954 W   111 
 0.14490 -1.24570 -0.35933 B   112 
 0.27976 -1.22157 -0.75876 R   112 
 0.41259 -1.38917 -0.22200 B   113 
 0.58939 -1.32637 -0.48676 N   113 
 0.29572 -1.35038  0.11194 B   114 
 0.74884 -1.17301  0.23682 R   114 
-0.04300 -1.33448  0.12249 B   115 
 0.04487 -1.04611  0.22596 X   115 
-0.15656 -1.50052 -0.08200 B   116 
-0.28357 -1.44536 -0.50497 K   116 
-0.33636 -1.77783  0.04848 B   117 
-0.33999 -1.68184  0.33090 B   118 
-0.09227 -1.60679  0.35073 T   118 
-0.39270 -1.60155  0.67385 B   119 
-0.55195 -1.73001  0.87468 D   119 
-0.48006 -1.27209  0.69018 B   120 
-0.49299 -1.23311  0.44364 V   120 
-0.63665 -1.25375  0.96077 B   121 
-0.97838 -1.47514  0.87274 Q   121 
-0.38024 -1.25691  1.14314 B   122 
-0.29406 -1.44189  1.10698 A   122 
-0.32856 -0.93709  1.10092 B   123 
 0.02093 -1.02600  0.86967 W   123 
-0.59694 -0.87230  1.30937 B   124 
-0.75466 -0.79566  1.10560 I   124 
-0.53347 -0.99026  1.55695 B   125 
-0.61131 -1.46608  1.36742 R   125 
-0.62545 -0.82736  1.85796 B   126 
-0.79598 -0.61970  1.71971 B   127 
-0.53945 -0.54959  1.53625 X   127 
-0.99857 -0.32012  1.76667 B   128 
-1.33628 -0.36851  1.98595 R   128 
-1.29933 -0.34565  1.54098 B   129 
-1.09236 -0.35576  1.38429 L   129 
