246 
 0.62739 -0.97289  0.66841 B   1 
 0.87729 -0.74259  0.91488 K   1 
 0.46549 -0.90759  0.98130 B   2 
 0.26668 -1.07344  0.96966 V   2 
 0.34205 -0.63261  1.09233 B   3 
 0.63083 -0.40573  0.86202 F   3 
 0.29550 -0.40775  1.30978 B   4 
 0.12927 -0.13799  1.35836 B   5 
-0.21814 -0.00836  1.58662 R   5 
 0.34569  0.05068  1.49780 B   6 
 0.19744  0.11020  1.76771 X   6 
 0.56994 -0.04811  1.30659 B   7 
 0.74540 -0.39684  1.30375 E   7 
 0.45205  0.05209  1.03865 B   8 
 0.29126 -0.10619  0.83081 L   8 
 0.41002  0.34634  1.11003 B   9 
 0.24195  0.35282  1.24740 A   9 
 0.70642  0.40725  1.15388 B   10 
 0.75957  0.31513  1.34496 A   10 
 0.80446  0.33177  0.86957 B   11 
 0.82901  0.11647  0.86936 A   11 
 0.61115  0.51423  0.71052 B   12 
 0.26508  0.27095  0.63538 M   12 
 0.71603  0.77054  0.83606 B   13 
 0.61963  0.97757  1.20491 K   13 
 1.01331  0.75967  0.76827 B   14 
 1.29889  0.40700  0.79378 R   14 
 0.92181  0.73908  0.45205 B   15 
 1.06629  0.37791  0.43558 H   15 
 0.69463  0.99134  0.43675 B   16 
 0.36430  0.92663  0.45683 B   17 
 0.37152  0.64095  0.30326 L   17 
 0.29520  1.14144  0.64022 B   18 
 0.21973  1.16810  0.93677 D   18 
 0.09276  1.34996  0.46333 B   19 
 0.07933  1.46924  0.76202 N   19 
 0.09046  1.23279  0.19850 B   20 
 0.39762  1.12488 -0.10020 Y   20 
-0.09843  1.40641 -0.00374 B   21 
 0.14083  1.42964 -0.41334 R   21 
-0.28311  1.44623  0.27948 B   22 
-0.22661  1.16186  0.42424 B   23 
-0.51104  1.06266  0.06291 Y   23 
-0.25179  1.03716  0.69991 B   24 
-0.40500  1.11513  0.85912 S   24 
-0.10862  0.77773  0.85363 B   25 
 0.16848  0.75199  0.99893 L   25 
-0.37691  0.62237  0.92194 B   26 
-0.45139  0.55758  0.62880 B   27 
-0.62313  0.84207  0.56980 N   27 
-0.21277  0.37539  0.55988 B   28 
-0.03354  0.66073  0.26750 W   28 
-0.25625  0.17031  0.78517 B   29 
-0.13069  0.23306  1.00399 V   29 
-0.54418  0.09886  0.71115 B   30 
-0.79066  0.21365  0.76638 X   30 
-0.48510 -0.00761  0.42933 B   31 
-0.45413  0.16866  0.30354 A   31 
-0.28082 -0.22871  0.50078 B   32 
-0.09400 -0.13010  0.54186 A   32 
-0.47354 -0.38802  0.67827 B   33 
-0.58818 -0.47401  0.98790 K   33 
-0.70454 -0.43990  0.43871 B   34 
-0.96312 -0.27690  0.71363 F   34 
-0.50480 -0.54716  0.21275 B   35 
-0.56773 -0.28319 -0.01140 E   35 
-0.27355 -0.73816  0.40419 B   36 
-0.09727 -0.62096  0.33848 S   36 
-0.24662 -0.74271  0.71523 B   37 
-0.43072 -0.90796  0.86038 N   37 
 0.06781 -0.65883  0.72598 B   38 
-0.12181 -0.40157  0.98798 F   38 
 0.16265 -0.84000  0.46591 B   39 
 0.17540 -1.13832  0.50077 N   39 
 0.42726 -0.84613  0.24192 B   40 
 0.61984 -0.77025  0.38083 T   40 
 0.34167 -1.14419  0.10474 B   41 
 0.62820 -1.37329  0.26221 Q   41 
 0.08860 -1.05492 -0.02062 B   42 
-0.05089 -1.00419  0.12991 A   42 
-0.12428 -1.22576 -0.26319 B   43 
 0.08382 -1.31408 -0.35694 T   43 
-0.35750 -1.13591 -0.54225 B   44 
-0.48629 -1.12130 -0.23054 N   44 
-0.57196 -1.24369 -0.76436 B   45 
-0.33949 -1.48217 -1.14664 R   45 
-0.71217 -1.11753 -1.05489 B   46 
-0.61654 -0.83091 -0.89354 N   46 
-0.95182 -1.12825 -1.29192 B   47 
-1.19553 -1.11378 -1.20731 T   47 
-0.74307 -0.98243 -1.50851 B   48 
-0.68671 -0.74421 -1.40646 D   48 
-0.45796 -1.14853 -1.41601 B   49 
-0.35129 -0.99895 -1.21503 B   50 
-0.38885 -0.75646 -1.22890 S   50 
-0.15070 -0.88007 -0.91958 B   51 
-0.10171 -1.14669 -0.89439 T   51 
-0.12798 -0.83613 -0.58076 B   52 
-0.39740 -0.62428 -0.60200 D   52 
 0.13085 -0.66461 -0.38012 B   53 
 0.26675 -0.96559 -0.72895 Y   53 
 0.17595 -0.65828 -0.06099 B   54 
 0.09368 -0.42735  0.19267 B   55 
 0.26414 -0.36592  0.39539 I   55 
-0.05729 -0.25024 -0.07126 B   56 
 0.02597  0.01501  0.09007 L   56 
-0.15435 -0.40155 -0.31640 B   57 
-0.27234 -0.69589 -0.17890 Q   57 
 0.01995 -0.38780 -0.57453 B   58 
 0.20010 -0.14401 -0.50981 I   58 
-0.03515 -0.38016 -0.91398 B   59 
-0.30048 -0.43745 -1.05230 N   59 
 0.07163 -0.55283 -1.22014 B   60 
 0.04390 -0.77659 -1.17895 S   60 
-0.06277 -0.36952 -1.45356 B   61 
-0.39645 -0.56860 -1.63695 R   61 
 0.10170 -0.08649 -1.35000 B   62 
-0.30913  0.04677 -1.49598 W   62 
 0.35862 -0.11271 -1.12318 B   63 
 0.06113  0.18863 -1.01046 W   63 
 0.45580 -0.41969 -1.17039 B   64 
 0.43689 -0.50540 -0.92551 X   64 
 0.66153 -0.70725 -1.24435 B   65 
 0.75981 -0.76177 -1.51929 N   65 
 0.56353 -1.07628 -1.29717 B   66 
 0.30270 -1.04788 -1.23525 D   66 
 0.55529 -1.21235 -1.60008 B   67 
 0.19482 -1.25220 -1.60705 B   68 
 0.08600 -1.49336 -1.21394 R   68 
 0.09535 -0.94943 -1.73057 B   69 
 0.00939 -0.89448 -1.49642 T   69 
-0.06197 -0.84890 -1.97683 B   70 
-0.14071 -1.04581 -2.00496 P   70 
-0.02391 -0.51784 -2.04209 B   71 
 0.19114 -0.41154 -1.86355 B   72 
 0.26417 -0.58753 -1.72156 S   72 
 0.38579 -0.12611 -1.70118 B   73 
 0.24495  0.12676 -1.91070 R   73 
 0.58334 -0.06695 -1.45900 B   74 
 0.78655 -0.24448 -1.38728 N   74 
 0.59399  0.23019 -1.30870 B   75 
 0.32231  0.33252 -1.45185 L   75 
 0.79764  0.14434 -1.06018 B   76 
 0.56467  0.18493 -0.85874 X   76 
 1.02236 -0.02391 -1.16572 B   77 
 1.20730  0.04904 -1.35259 N   77 
 0.94367 -0.33680 -1.05696 B   78 
 1.01055 -0.22315 -0.79371 I   78 
 0.94938 -0.61779 -0.91005 B   79 
 1.15159 -0.65787 -0.94446 P   79 
 0.69333 -0.74924 -0.73972 B   80 
 0.46495 -0.73785 -0.95763 X   80 
 0.87683 -0.89360 -0.52436 B   81 
 1.02023 -1.02445 -0.66499 S   81 
 0.97829 -0.63116 -0.38542 B   82 
 1.09627 -0.53503 -0.53088 A   82 
 0.68186 -0.60019 -0.24765 B   83 
 0.55742 -0.39795 -0.47292 L   83 
 0.76608 -0.85570 -0.03078 B   84 
 0.57250 -1.02266 -0.23791 L   84 
 0.95316 -0.73931  0.14408 B   85 
 1.20034 -0.67932  0.09454 S   85 
 1.05667 -0.63543  0.46083 B   86 
 1.21350 -0.79601  0.54437 S   86 
 1.13403 -0.39549  0.28676 B   87 
 1.37670 -0.23377  0.26651 D   87 
 0.91628 -0.11512  0.22363 B   88 
 0.76348 -0.09266  0.44234 I   88 
 1.04660  0.08383  0.02479 B   89 
 1.29660  0.12620  0.10336 T   89 
 0.91601 -0.00354 -0.24365 B   90 
 1.02145 -0.18329 -0.30540 A   90 
 0.61705  0.03318 -0.16335 B   91 
 0.55760 -0.21864 -0.07186 S   91 
 0.63442  0.32909 -0.08648 B   92 
 0.71470  0.36504  0.16047 V   92 
 0.73754  0.44964 -0.34916 B   93 
 1.06544  0.46062 -0.27472 N   93 
 0.49698  0.33734 -0.50735 B   94 
 0.47765  0.09611 -0.65777 X   94 
 0.26631  0.46055 -0.34285 B   95 
 0.25525  0.34612 -0.16084 A   95 
 0.34073  0.75527 -0.39778 B   96 
 0.67842  0.83706 -0.08766 K   96 
 0.26630  0.72796 -0.69916 B   97 
 0.57739  0.62222 -0.90009 K   97 
-0.02679  0.63476 -0.67231 B   98 
-0.01887  0.32689 -0.63575 I   98 
-0.14367  0.87859 -0.49953 B   99 
-0.09784  0.88889 -0.27236 V   99 
-0.04143  1.08421 -0.74303 B   100 
 0.17744  1.12780 -0.60509 S   100 
-0.23663  0.99297 -0.99340 B   101 
-0.23073  0.75446 -1.13650 D   101 
-0.55314  1.13690 -0.88592 B   102 
-0.73390  0.93688 -0.67482 B   103 
-0.86698  0.83169 -0.95140 N   103 
-0.56254  0.87806 -0.46456 B   104 
-0.66392  0.64135 -0.22225 B   105 
-0.46884  0.67537  0.11626 M   105 
-0.88253  0.51275 -0.41992 B   106 
-1.08298  0.77124 -0.37123 N   106 
-0.68551  0.29547 -0.53244 B   107 
-0.52945  0.41021 -0.61131 A   107 
-0.77550  0.16837 -0.25636 B   108 
-0.31350  0.22886 -0.22273 W   108 
-1.03973 -0.02466 -0.20134 B   109 
-1.10103 -0.16521 -0.40639 V   109 
-1.01029 -0.06813  0.10723 B   110 
-0.88053 -0.23740  0.12956 A   110 
-0.99468  0.22684  0.18133 B   111 
-0.84916  0.58792  0.17438 W   111 
-1.26226  0.32424  0.05865 B   112 
-1.39676  0.28290 -0.33949 R   112 
-1.44935  0.08861  0.20211 B   113 
-1.52797 -0.03385 -0.08792 N   113 
-1.28273  0.10916  0.51595 B   114 
-1.25283 -0.39231  0.51896 R   114 
-1.14434  0.41550  0.56174 B   115 
-0.89015  0.22344  0.55239 X   115 
-1.30722  0.61731  0.43919 B   116 
-1.32652  0.81435  0.04060 K   116 
-1.45548  0.83794  0.67498 B   117 
-1.29220  0.74807  0.90789 B   118 
-1.30851  0.49157  0.87147 T   118 
-1.10904  0.69464  1.20862 B   119 
-1.11263  0.83524  1.45844 D   119 
-0.77886  0.67217  1.12542 B   120 
-0.80589  0.72839  0.88340 V   120 
-0.63338  0.75007  1.39159 B   121 
-0.73260  1.15336  1.42409 Q   121 
-0.67886  0.47221  1.53210 B   122 
-0.88482  0.45659  1.54904 A   122 
-0.42291  0.33725  1.38041 B   123 
-0.68995  0.09319  1.15097 W   123 
-0.21262  0.51871  1.58664 B   124 
-0.14259  0.68786  1.38977 I   124 
-0.27401  0.43935  1.84964 B   125 
-0.72254  0.69837  1.83933 R   125 
-0.01425  0.40681  2.08855 B   126 
 0.19515  0.53330  1.91116 B   127 
 0.11643  0.31633  1.68508 X   127 
 0.54815  0.61957  1.88053 B   128 
 0.68503  0.89696  2.14281 R   128 
 0.57220  0.95699  1.71438 B   129 
 0.44675  0.80409  1.54594 L   129 
