246 
-0.74392 -0.49042 -0.99648 B   1 
-0.69035 -0.90175 -0.93186 K   1 
-1.00378 -0.61666 -0.78455 B   2 
-1.17032 -0.41809 -0.78689 V   2 
-0.98738 -0.71188 -0.47822 B   3 
-0.57435 -0.83127 -0.53362 F   3 
-1.04232 -0.90908 -0.23716 B   4 
-1.00187 -0.93315  0.07993 B   5 
-1.24478 -0.90646  0.44032 R   5 
-0.90782 -1.23633  0.11334 B   6 
-1.13392 -1.34081  0.30395 X   6 
-0.72751 -1.21888 -0.13924 B   7 
-0.83999 -1.20185 -0.51269 E   7 
-0.52968 -1.00176 -0.04200 B   8 
-0.53403 -0.70072 -0.10080 L   8 
-0.43940 -1.13082  0.21998 B   9 
-0.60694 -1.11492  0.35723 A   9 
-0.31149 -1.37532  0.08827 B   10 
-0.47700 -1.50238  0.02277 A   10 
-0.10509 -1.22271 -0.08565 B   11 
-0.21140 -1.15870 -0.26329 A   11 
 0.02650 -1.05918  0.14217 B   12 
-0.19905 -0.69401  0.16160 M   12 
 0.11973 -1.30565  0.29388 B   13 
-0.07564 -1.56414  0.58235 K   13 
 0.28974 -1.45012  0.08575 B   14 
 0.20162 -1.52206 -0.35431 R   14 
 0.46812 -1.17338  0.06600 B   15 
 0.34551 -1.12255 -0.30003 H   15 
 0.51923 -1.10897  0.39572 B   16 
 0.32856 -0.88336  0.55836 B   17 
 0.28749 -0.68036  0.30866 L   17 
 0.28315 -1.03960  0.79937 B   18 
 0.05102 -1.19691  0.92471 D   18 
 0.43790 -0.86797  1.04907 B   19 
 0.28100 -1.10140  1.20564 N   19 
 0.56475 -0.64752  0.91057 B   20 
 0.85320 -0.60939  0.57808 Y   20 
 0.72465 -0.45497  1.12053 B   21 
 1.13553 -0.34781  0.90783 R   21 
 0.46267 -0.53727  1.32178 B   22 
 0.22766 -0.56453  1.10033 B   23 
 0.31360 -0.10322  1.13374 Y   23 
-0.05014 -0.68459  1.07601 B   24 
-0.18829 -0.71933  1.26203 S   24 
-0.24108 -0.78343  0.82066 B   25 
-0.24183 -1.05046  0.65558 L   25 
-0.48938 -0.59652  0.88546 B   26 
-0.34443 -0.32978  0.82623 B   27 
-0.22055 -0.28442  1.13688 N   27 
-0.29171 -0.37180  0.52567 B   28 
 0.15119 -0.40045  0.57098 W   28 
-0.58455 -0.41678  0.44246 B   29 
-0.65507 -0.66674  0.45357 V   29 
-0.69276 -0.15389  0.55503 B   30 
-0.77554 -0.07269  0.80708 X   30 
-0.52161  0.03392  0.38272 B   31 
-0.32170  0.03177  0.47151 A   31 
-0.60618 -0.06436  0.10181 B   32 
-0.50256 -0.24970  0.06677 A   32 
-0.90330  0.00247  0.13748 B   33 
-1.22280 -0.09625  0.20513 K   33 
-0.85688  0.33076  0.19673 B   34 
-1.07748  0.25637  0.53558 F   34 
-0.66652  0.39033 -0.05360 B   35 
-0.38793  0.48195  0.14102 E   35 
-0.80996  0.18383 -0.30537 B   36 
-0.62354  0.06922 -0.34062 S   36 
-1.02581 -0.03814 -0.26501 B   37 
-1.29911  0.04672 -0.24554 N   37 
-0.85381 -0.28094 -0.39721 B   38 
-0.98443 -0.42660 -0.03320 F   38 
-0.72371 -0.10312 -0.64401 B   39 
-0.90552 -0.02391 -0.86993 N   39 
-0.45214 -0.12457 -0.85853 B   40 
-0.42915 -0.37006 -0.89521 T   40 
-0.55139  0.13255 -1.05607 B   41 
-0.66738 -0.07329 -1.37787 Q   41 
-0.52030  0.34718 -0.85434 B   42 
-0.66112  0.31937 -0.69913 A   42 
-0.52859  0.70979 -0.89666 B   43 
-0.41995  0.66927 -1.11218 T   43 
-0.37758  1.01315 -0.73694 B   44 
-0.64998  0.88495 -0.58423 N   44 
-0.36708  1.33985 -0.72679 B   45 
-0.12100  1.53036 -1.12704 R   45 
-0.14835  1.57682 -0.60038 B   46 
-0.06849  1.30140 -0.41305 N   46 
-0.08510  1.89381 -0.50420 B   47 
-0.24244  1.99093 -0.32372 T   47 
 0.23981  1.84746 -0.56773 B   48 
 0.31949  1.65483 -0.40376 D   48 
 0.20442  1.66224 -0.85387 B   49 
 0.18589  1.40418 -0.76897 B   50 
 0.31160  1.34790 -0.56541 S   50 
 0.12248  1.03380 -0.74775 B   51 
-0.01965  1.08409 -0.97444 T   51 
-0.08892  0.77818 -0.66280 B   52 
-0.07349  0.88900 -0.33814 D   52 
-0.03033  0.41321 -0.65701 B   53 
 0.11639  0.66757 -1.03716 Y   53 
-0.23838  0.17003 -0.61829 B   54 
-0.33144 -0.03018 -0.34316 B   55 
-0.37188 -0.29821 -0.36439 I   55 
-0.10886  0.17729 -0.16642 B   56 
-0.04588 -0.08216  0.01257 L   56 
-0.05525  0.45901 -0.26728 B   57 
-0.36491  0.55378 -0.38807 Q   57 
 0.21325  0.51156 -0.41677 B   58 
 0.37578  0.26106 -0.33364 I   58 
 0.43931  0.76954 -0.44265 B   59 
 0.39493  1.05508 -0.34616 N   59 
 0.61245  0.96699 -0.69953 B   60 
 0.44928  1.04070 -0.84263 S   60 
 0.82341  1.14115 -0.52258 B   61 
 0.70542  1.55361 -0.49876 R   61 
 0.97248  0.86056 -0.39247 B   62 
 0.97505  1.17520 -0.06254 W   62 
 0.90392  0.55281 -0.52932 B   63 
 0.85911  0.55993 -0.09348 W   63 
 0.81278  0.63470 -0.83082 B   64 
 0.58111  0.51650 -0.83571 X   64 
 0.79787  0.65649 -1.19108 B   65 
 1.00899  0.79496 -1.34752 N   65 
 0.59378  0.89209 -1.41781 B   66 
 0.45309  1.01022 -1.22052 D   66 
 0.73535  1.14864 -1.57426 B   67 
 0.56487  1.40257 -1.37923 B   68 
 0.10320  1.30227 -1.41584 R   68 
 0.77618  1.43689 -1.11279 B   69 
 0.60005  1.31726 -0.97172 T   69 
 0.94168  1.66517 -0.98630 B   70 
 0.82144  1.80806 -1.09067 P   70 
 1.18494  1.56089 -0.77356 B   71 
 1.20539  1.26324 -0.79371 B   72 
 1.03830  1.18688 -0.94444 S   72 
 1.32613  0.92315 -0.66926 B   73 
 1.55485  1.05988 -0.43121 R   73 
 1.26750  0.61219 -0.70152 B   74 
 1.20595  0.49828 -0.94889 N   74 
 1.32478  0.39548 -0.45504 B   75 
 1.36789  0.62916 -0.23527 L   75 
 1.18539  0.13011 -0.59913 B   76 
 0.96236  0.13314 -0.38292 X   76 
 1.26624  0.11623 -0.88761 B   77 
 1.51991  0.09269 -0.98527 N   77 
 0.98405  0.21137 -1.05265 B   78 
 0.88401 -0.04874 -0.95768 I   78 
 0.72764  0.21448 -1.23924 B   79 
 0.81706  0.12058 -1.40315 P   79 
 0.42379  0.31694 -1.14421 B   80 
 0.49004  0.60572 -1.03471 X   80 
 0.26800  0.10835 -1.32617 B   81 
 0.35981  0.15677 -1.54225 S   81 
 0.35341 -0.14705 -1.16510 B   82 
 0.56116 -0.16305 -1.19516 A   82 
 0.14410 -0.05697 -0.92870 B   83 
 0.36369  0.09830 -0.74216 L   83 
-0.11555 -0.16075 -1.13175 B   84 
-0.13911  0.16438 -1.17636 L   84 
-0.09889 -0.44150 -1.12745 B   85 
 0.07503 -0.59174 -1.24717 S   85 
-0.22729 -0.75729 -1.05240 B   86 
-0.30797 -0.85514 -1.25556 S   86 
 0.06192 -0.78122 -0.95421 B   87 
 0.26799 -0.98566 -0.98875 D   87 
 0.16691 -0.70168 -0.61856 B   88 
-0.04424 -0.75553 -0.46300 I   88 
 0.47436 -0.72846 -0.58935 B   89 
 0.54730 -0.95890 -0.69912 T   89 
 0.56525 -0.43319 -0.62553 B   90 
 0.55726 -0.39422 -0.83921 A   90 
 0.39952 -0.30553 -0.39443 B   91 
 0.17121 -0.23410 -0.52893 S   91 
 0.51210 -0.47749 -0.16743 B   92 
 0.38734 -0.70670 -0.14259 V   92 
 0.81151 -0.41519 -0.19264 B   93 
 0.90362 -0.68194 -0.37580 N   93 
 0.76220 -0.11220 -0.15702 B   94 
 0.73167  0.08950 -0.35595 X   94 
 0.61173 -0.11683  0.11277 B   95 
 0.41325 -0.18782  0.06903 A   95 
 0.84330 -0.23813  0.27732 B   96 
 0.80765 -0.69369  0.18735 K   96 
 1.01459  0.02016  0.24468 B   97 
 1.23522 -0.00988 -0.06957 K   97 
 0.81944  0.22761  0.36379 B   98 
 0.62916  0.31239  0.13404 I   98 
 0.77707  0.09875  0.65459 B   99 
 0.63799 -0.08544  0.67790 V   99 
 1.10846  0.11735  0.69775 B   100 
 1.12584 -0.13263  0.62004 S   100 
 1.15660  0.44411  0.70276 B   101 
 1.13302  0.62354  0.49146 D   101 
 1.02196  0.52544  1.03095 B   102 
 0.68353  0.57732  1.03500 B   103 
 0.76955  0.88620  0.98538 N   103 
 0.57270  0.34829  0.92410 B   104 
 0.22566  0.34144  0.85674 B   105 
 0.08267 -0.02242  0.82590 M   105 
 0.20541  0.66236  0.85860 B   106 
 0.22504  0.66467  1.18871 N   106 
 0.25283  0.68931  0.54922 B   107 
 0.43880  0.59750  0.52225 A   107 
-0.05423  0.61202  0.56387 B   108 
 0.15153  0.26672  0.32583 W   108 
-0.31165  0.81905  0.59516 B   109 
-0.26591  1.04694  0.48777 V   109 
-0.54579  0.61152  0.60413 B   110 
-0.59849  0.57506  0.39948 A   110 
-0.43247  0.44289  0.83098 B   111 
-0.16920  0.21893  1.01023 W   111 
-0.40509  0.66216  1.04848 B   112 
-0.19710  1.02886  1.02412 R   112 
-0.71666  0.77619  1.01648 B   113 
-0.60705  1.06496  0.91701 N   113 
-0.86128  0.45218  0.98855 B   114 
-1.12309  0.61667  0.59261 R   114 
-0.66892  0.21819  1.14133 B   115 
-0.65798  0.13023  0.83518 X   115 
-0.54022  0.33056  1.37174 B   116 
-0.15324  0.53421  1.45451 K   116 
-0.65413  0.18896  1.67707 B   117 
-0.80165 -0.03832  1.55227 B   118 
-0.92161  0.09154  1.36218 T   118 
-0.96991 -0.33697  1.45566 B   119 
-1.07570 -0.55233  1.61259 D   119 
-0.78103 -0.48833  1.21513 B   120 
-0.58705 -0.33119  1.22724 V   120 
-0.86906 -0.78825  1.23438 B   121 
-0.71584 -0.89478  1.60683 Q   121 
-1.14099 -0.74875  1.08106 B   122 
-1.24964 -0.62019  1.20195 A   122 
-0.99537 -0.76471  0.78903 B   123 
-1.07605 -0.34842  0.72813 W   123 
-0.95613 -1.10549  0.83390 B   124 
-0.69203 -1.08330  0.87891 I   124 
-1.21560 -1.21042  0.86400 B   125 
-1.25891 -1.00780  1.33881 R   125 
-1.29513 -1.52569  0.72296 B   126 
-1.00878 -1.59127  0.65210 B   127 
-0.99679 -1.30978  0.49399 X   127 
-0.78909 -1.83263  0.48940 B   128 
-0.76961 -2.19836  0.66357 R   128 
-0.47541 -1.86329  0.69606 B   129 
-0.49024 -1.61334  0.62680 L   129 
