246 
 0.82891  0.31865  0.99914 B   1 
 0.76976 -0.01183  1.25117 K   1 
 1.06902  0.06310  0.92552 B   2 
 1.23515  0.19321  0.77506 V   2 
 1.02561 -0.22045  0.78097 B   3 
 0.61906 -0.23849  0.93034 F   3 
 1.05901 -0.53344  0.75036 B   4 
 0.99071 -0.77331  0.54897 B   5 
 1.20085 -1.02638  0.26367 R   5 
 0.89402 -1.00333  0.74802 B   6 
 1.10238 -1.22637  0.67581 X   6 
 0.73672 -0.80004  0.92277 B   7 
 0.88174 -0.52955  1.16404 E   7 
 0.53112 -0.70475  0.71210 B   8 
 0.54071 -0.45248  0.53782 L   8 
 0.41803 -0.97575  0.62720 B   9 
 0.57280 -1.07286  0.50983 A   9 
 0.30220 -1.04509  0.90154 B   10 
 0.47282 -1.09788  1.02775 A   10 
 0.11199 -0.80150  0.92653 B   11 
 0.23359 -0.63704  0.99811 A   11 
-0.03916 -0.84080  0.65901 B   12 
 0.18386 -0.61330  0.37074 M   12 
-0.14547 -1.11534  0.73503 B   13 
 0.02360 -1.51384  0.70648 K   13 
-0.29647 -1.05764  0.99380 B   14 
-0.16985 -0.80050  1.34655 R   14 
-0.47235 -0.83863  0.82092 B   15 
-0.31790 -0.55040  1.03224 H   15 
-0.55237 -1.02489  0.54818 B   16 
-0.37676 -0.99474  0.26190 B   17 
-0.31376 -0.67761  0.28847 L   17 
-0.35285 -1.27842  0.20266 B   18 
-0.13272 -1.49237  0.21331 D   18 
-0.52901 -1.32616 -0.08447 B   19 
-0.38659 -1.61085 -0.03658 N   19 
-0.64308 -1.06532 -0.13754 B   20 
-0.90104 -0.78385  0.08483 Y   20 
-0.82086 -1.06981 -0.41158 B   21 
-1.21134 -0.81751 -0.31449 R   21 
-0.57769 -1.28715 -0.50927 B   22 
-0.32405 -1.16353 -0.34990 B   23 
-0.41251 -0.85899 -0.69737 Y   23 
-0.04522 -1.24782 -0.26432 B   24 
 0.07596 -1.41321 -0.37772 S   24 
 0.16751 -1.14741 -0.02747 B   25 
 0.18279 -1.21691  0.27829 L   25 
 0.40916 -1.07838 -0.22146 B   26 
 0.27005 -0.84039 -0.36174 B   27 
 0.11924 -1.02182 -0.60308 N   27 
 0.24407 -0.65264 -0.11893 B   28 
-0.20110 -0.67694 -0.10275 W   28 
 0.54311 -0.64343 -0.04685 B   29 
 0.61233 -0.83075  0.11959 V   29 
 0.64101 -0.54636 -0.31977 B   30 
 0.70123 -0.67408 -0.55859 X   30 
 0.48578 -0.28151 -0.32322 B   31 
 0.27881 -0.33354 -0.37126 A   31 
 0.59480 -0.15579 -0.06239 B   32 
 0.49465 -0.25404  0.10080 A   32 
 0.88763 -0.15318 -0.15332 B   33 
 1.19989 -0.29060 -0.14967 K   33 
 0.83623  0.03738 -0.42624 B   34 
 1.02603 -0.26970 -0.62295 F   34 
 0.66873  0.26920 -0.28251 B   35 
 0.37406  0.21247 -0.46646 E   35 
 0.83380  0.29471  0.03166 B   36 
 0.65120  0.25136  0.14959 S   36 
 1.04520  0.09700  0.14875 B   37 
 1.31573  0.12527  0.05771 N   37 
 0.88550  0.03198  0.42494 B   38 
 0.98343 -0.33719  0.26713 F   38 
 0.77773  0.34024  0.47802 B   39 
 0.97879  0.54492  0.56775 N   39 
 0.52616  0.49501  0.65965 B   40 
 0.50645  0.35073  0.86198 T   40 
 0.64253  0.80923  0.60761 B   41 
 0.78643  0.88678  0.97183 Q   41 
 0.59378  0.81791  0.31559 B   42 
 0.72034  0.67912  0.21856 A   42 
 0.60585  1.10128  0.08559 B   43 
 0.51666  1.23312  0.27149 T   43 
 0.44139  1.20953 -0.23311 B   44 
 0.69921  0.99394 -0.26482 N   44 
 0.43010  1.43163 -0.47289 B   45 
 0.22036  1.86528 -0.31473 R   45 
 0.20111  1.52139 -0.71678 B   46 
 0.10496  1.20039 -0.64575 N   46 
 0.12968  1.67882 -1.00634 B   47 
 0.27049  1.60846 -1.21124 T   47 
-0.18837  1.71212 -0.90891 B   48 
-0.28225  1.46568 -0.88073 D   48 
-0.12788  1.78381 -0.57931 B   49 
-0.11698  1.54162 -0.45533 B   50 
-0.26019  1.36536 -0.54930 S   50 
-0.05576  1.26328 -0.20949 B   51 
 0.10584  1.45077 -0.09613 T   51 
 0.14726  1.01057 -0.09919 B   52 
 0.10324  0.85814 -0.40373 D   52 
 0.08831  0.75471  0.16106 B   53 
-0.02421  1.21246  0.25347 Y   53 
 0.29208  0.54380  0.29492 B   54 
 0.36044  0.20206  0.24036 B   55 
 0.40255  0.02701  0.44411 I   55 
 0.12317  0.23560 -0.01731 B   56 
 0.04458 -0.06934  0.04708 L   56 
 0.07873  0.50793 -0.14490 B   57 
 0.39786  0.64062 -0.14747 Q   57 
-0.17551  0.66803 -0.06165 B   58 
-0.34479  0.44384  0.06933 I   58 
-0.39834  0.88129 -0.21393 B   59 
-0.36261  1.00969 -0.48788 N   59 
-0.54809  1.21318 -0.16518 B   60 
-0.37291  1.35627 -0.12813 S   60 
-0.77381  1.22253 -0.39993 B   61 
-0.65831  1.48681 -0.71840 R   61 
-0.93385  0.94300 -0.28105 B   62 
-0.96548  0.92866 -0.73563 W   62 
-0.85353  0.82063  0.02994 B   63 
-0.84739  0.51271 -0.28177 W   63 
-0.73611  1.08667  0.17604 B   64 
-0.50494  0.99278  0.24959 X   64 
-0.68944  1.35728  0.41073 B   65 
-0.88590  1.57885  0.43391 N   65 
-0.46607  1.67059  0.38794 B   66 
-0.34334  1.60402  0.15735 D   66 
-0.59323  1.97040  0.32251 B   67 
-0.44059  1.99861 -0.00534 B   68 
 0.02249  1.92527  0.06335 R   68 
-0.67459  1.84642 -0.20258 B   69 
-0.51163  1.65120 -0.22636 T   69 
-0.85056  1.92667 -0.44360 B   70 
-0.72155  2.09334 -0.48031 P   70 
-1.11169  1.71772 -0.50245 B   71 
-1.13034  1.52502 -0.27454 B   72 
-0.95061  1.56825 -0.12523 S   72 
-1.26166  1.20609 -0.11097 B   73 
-1.51048  1.14688 -0.36048 R   73 
-1.20047  1.00768  0.13000 B   74 
-1.11735  1.10004  0.38003 N   74 
-1.27934  0.68427  0.11648 B   75 
-1.34165  0.69420 -0.20099 L   75 
-1.12783  0.59223  0.39788 B   76 
-0.92476  0.42644  0.23122 X   76 
-1.18288  0.79286  0.61390 B   77 
-1.42694  0.86190  0.71444 N   77 
-0.88720  0.95903  0.64361 B   78 
-0.79599  0.70308  0.75701 I   78 
-0.61532  1.07775  0.75567 B   79 
-0.68993  1.13429  0.94252 P   79 
-0.32103  1.06264  0.59750 B   80 
-0.39663  1.19105  0.31899 X   80 
-0.14982  1.03625  0.86373 B   81 
-0.22218  1.22967  0.98546 S   81 
-0.24918  0.74830  0.93911 B   82 
-0.45345  0.77162  0.98432 A   82 
-0.06153  0.62994  0.69706 B   83 
-0.29672  0.61978  0.46965 L   83 
 0.21501  0.68535  0.89673 B   84 
 0.24248  0.94315  0.69416 L   84 
 0.19798  0.48684  1.09528 B   85 
 0.03528  0.47785  1.29678 S   85 
 0.31919  0.20430  1.26058 B   86 
 0.41747  0.27525  1.46714 S   86 
 0.02243  0.13598  1.22706 B   87 
-0.17983  0.03049  1.40986 D   87 
-0.11178 -0.04050  0.94271 B   88 
 0.08481 -0.20221  0.85969 I   88 
-0.42061 -0.06059  0.96043 B   89 
-0.48361 -0.13917  1.20604 T   89 
-0.50789  0.17755  0.78037 B   90 
-0.48106  0.35634  0.90101 A   90 
-0.36319  0.09202  0.51784 B   91 
-0.12388  0.22327  0.54653 S   91 
-0.49541 -0.18271  0.48935 B   92 
-0.37338 -0.36871  0.62804 V   92 
-0.79142 -0.10225  0.48089 B   93 
-0.86705 -0.15282  0.80479 N   93 
-0.74538  0.08136  0.23662 B   94 
-0.69736  0.36213  0.22936 X   94 
-0.61932 -0.12333  0.04255 B   95 
-0.41777 -0.15444  0.11150 A   95 
-0.86454 -0.31065  0.02873 B   96 
-0.82118 -0.56775  0.41463 K   96 
-1.03223 -0.09582 -0.12242 B   97 
-1.22425  0.12066  0.13173 K   97 
-0.84832 -0.04770 -0.36567 B   98 
-0.63848  0.16306 -0.27777 I   98 
-0.83182 -0.34746 -0.47899 B   99 
-0.69538 -0.50175 -0.37226 V   99 
-1.16573 -0.34419 -0.50193 B   100 
-1.17622 -0.46277 -0.26814 S   100 
-1.21405 -0.11601 -0.73583 B   101 
-1.17186  0.15841 -0.71813 D   101 
-1.10890 -0.30108 -1.03103 B   102 
-0.77214 -0.28905 -1.09178 B   103 
-0.85338 -0.03212 -1.27250 N   103 
-0.65200 -0.37745 -0.85772 B   104 
-0.30037 -0.35627 -0.82726 B   105 
-0.15529 -0.59804 -0.55470 M   105 
-0.28029 -0.13426 -1.05901 B   106 
-0.32900 -0.36625 -1.28961 N   106 
-0.30021  0.10770 -0.85964 B   107 
-0.48308  0.07439 -0.76380 A   107 
 0.00434  0.02378 -0.83360 B   108 
-0.17965 -0.03555 -0.40832 W   108 
 0.25804  0.13015 -1.01915 B   109 
 0.22200  0.36894 -1.10422 V   109 
 0.49043 -0.03628 -0.89162 B   110 
 0.56099  0.08046 -0.72615 A   110 
 0.35749 -0.30854 -0.92234 B   111 
 0.07937 -0.57617 -0.87112 W   111 
 0.31105 -0.30807 -1.22891 B   112 
 0.10610 -0.02094 -1.46101 R   112 
 0.62426 -0.22519 -1.30725 B   113 
 0.52392  0.05462 -1.43739 N   113 
 0.77071 -0.44124 -1.06528 B   114 
 1.06650 -0.06098 -0.92286 R   114 
 0.56556 -0.70154 -0.99282 B   115 
 0.58168 -0.54461 -0.71587 X   115 
 0.41704 -0.77868 -1.22578 B   116 
 0.02431 -0.67057 -1.40507 K   116 
 0.50352 -1.10221 -1.34453 B   117 
 0.66143 -1.18182 -1.10429 B   118 
 0.79774 -0.96328 -1.07191 T   118 
 0.83751 -1.33276 -0.83401 B   119 
 0.92898 -1.60182 -0.79613 D   119 
 0.67058 -1.25563 -0.54656 B   120 
 0.47632 -1.14200 -0.65527 V   120 
 0.75650 -1.48481 -0.35119 B   121 
 0.57097 -1.81466 -0.52533 Q   121 
 1.04091 -1.36528 -0.28928 B   122 
 1.13849 -1.36817 -0.47209 A   122 
 0.92165 -1.15949 -0.06530 B   123 
 1.00747 -0.82989 -0.32515 W   123 
 0.87854 -1.42744  0.14923 B   124 
 0.61150 -1.42724  0.11828 I   124 
 1.13431 -1.53870  0.18719 B   125 
 1.13556 -1.73741 -0.29124 R   125 
 1.22592 -1.66405  0.50579 B   126 
 0.94693 -1.64144  0.61969 B   127 
 0.94901 -1.33118  0.52961 X   127 
 0.74242 -1.68074  0.91906 B   128 
 0.70756 -2.05939  1.06004 R   128 
 0.41171 -1.82938  0.81621 B   129 
 0.43265 -1.60610  0.68507 L   129 
