246 
-0.33168  1.29088 -0.10266 B   1 
-0.67379  1.25930 -0.34391 K   1 
-0.62476  1.26596  0.10193 B   2 
-0.52898  1.33134  0.33370 V   2 
-0.81388  1.01186  0.15531 B   3 
-0.72001  0.85483 -0.23769 F   3 
-1.09175  0.86295  0.18027 B   4 
-1.21627  0.57828  0.25915 B   5 
-1.43293  0.40077  0.59254 R   5 
-1.44037  0.53811  0.03544 B   6 
-1.69335  0.51054  0.21879 X   6 
-1.25451  0.65270 -0.18576 B   7 
-1.14408  1.02364 -0.23688 E   7 
-1.03050  0.43953 -0.17533 B   8 
-0.76125  0.45388 -0.02901 L   8 
-1.19994  0.18782 -0.21237 B   9 
-1.30881  0.15918 -0.02668 A   9 
-1.29832  0.26112 -0.49243 B   10 
-1.44674  0.41937 -0.46501 A   10 
-1.02018  0.27911 -0.62827 B   11 
-0.94339  0.47655 -0.58269 A   11 
-0.91787 -0.00204 -0.54799 B   12 
-0.71733  0.05560 -0.17241 M   12 
-1.14079 -0.14815 -0.69432 B   13 
-1.54563 -0.25504 -0.58084 K   13 
-1.10988 -0.04535 -0.97992 B   14 
-1.03730  0.37967 -1.12371 R   14 
-0.79992 -0.15740 -0.96730 B   15 
-0.66862  0.20848 -0.98945 H   15 
-0.85181 -0.46928 -0.84274 B   16 
-0.80687 -0.53302 -0.51468 B   17 
-0.56069 -0.32680 -0.46865 L   17 
-1.04696 -0.69201 -0.47426 B   18 
-1.32105 -0.65503 -0.34065 D   18 
-0.93674 -1.00479 -0.39825 B   19 
-1.25444 -1.02436 -0.35025 N   19 
-0.64913 -0.98289 -0.42417 B   20 
-0.37077 -0.86092 -0.74487 Y   20 
-0.50429 -1.26761 -0.35576 B   21 
-0.16404 -1.31952 -0.68302 R   21 
-0.75789 -1.28789 -0.12953 B   22 
-0.79301 -0.97431 -0.05573 B   23 
-0.38935 -1.10500  0.14744 Y   23 
-0.99797 -0.79213  0.07457 B   24 
-1.15515 -0.87098  0.22941 S   24 
-1.06094 -0.46450  0.06327 B   25 
-1.21849 -0.29237 -0.14674 L   25 
-1.03438 -0.41082  0.37504 B   26 
-0.73140 -0.47080  0.39171 B   27 
-0.76156 -0.80277  0.44455 N   27 
-0.62915 -0.24108  0.21379 B   28 
-0.48656 -0.50973 -0.11258 W   28 
-0.75581 -0.01080  0.37391 B   29 
-0.99566  0.04815  0.29281 V   29 
-0.62674 -0.08072  0.64213 B   30 
-0.69054 -0.25867  0.84521 X   30 
-0.33477 -0.04981  0.55240 B   31 
-0.28767 -0.22979  0.43734 A   31 
-0.34340  0.24297  0.45277 B   32 
-0.44003  0.24059  0.26049 A   32 
-0.42505  0.36181  0.72338 B   33 
-0.66490  0.48617  0.93174 K   33 
-0.15747  0.24681  0.89255 B   34 
-0.44008  0.08813  1.14547 F   34 
 0.06647  0.34899  0.68794 B   35 
 0.18306  0.02691  0.60697 E   35 
-0.06706  0.66184  0.58356 B   36 
-0.07091  0.60710  0.36881 S   36 
-0.35524  0.76960  0.63679 B   37 
-0.40593  0.88722  0.89344 N   37 
-0.43377  0.81978  0.32481 B   38 
-0.74754  0.60124  0.48154 F   38 
-0.13853  0.93618  0.23131 B   39 
-0.06199  1.21219  0.32259 N   39 
 0.03848  0.97540 -0.06426 B   40 
-0.14062  1.02449 -0.23056 T   40 
 0.28524  1.16187  0.07475 B   41 
 0.19046  1.51894 -0.07657 Q   41 
 0.39808  0.94942  0.24755 B   42 
 0.25731  0.89698  0.39631 A   42 
 0.71020  0.94437  0.43703 B   43 
 0.80431  1.07293  0.25126 T   43 
 0.96208  0.69280  0.55368 B   44 
 0.68485  0.72448  0.74367 N   44 
 1.23225  0.63820  0.72967 B   45 
 1.64480  0.82057  0.49816 R   45 
 1.47015  0.38703  0.74679 B   46 
 1.20415  0.22166  0.60814 N   46 
 1.72123  0.23352  0.91149 B   47 
 1.66708  0.15311  1.15099 T   47 
 1.84198  0.12084  0.62084 B   48 
 1.65320 -0.03509  0.51891 D   48 
 1.78397  0.40279  0.43491 B   49 
 1.53074  0.37329  0.33925 B   50 
 1.45844  0.14288  0.29353 S   50 
 1.19056  0.43493  0.19049 B   51 
 1.25996  0.69419  0.23616 T   51 
 0.85937  0.50707  0.23906 B   52 
 0.83293  0.21255  0.41365 D   52 
 0.58014  0.51649 -0.00304 B   53 
 0.99651  0.72659 -0.11806 Y   53 
 0.27831  0.62412  0.03210 B   54 
-0.03090  0.46713  0.09675 B   55 
-0.26081  0.53957 -0.02902 I   55 
 0.16496  0.17532  0.11415 B   56 
-0.09166  0.02389 -0.00640 L   56 
 0.45838  0.19673  0.19070 B   57 
 0.45451  0.45012  0.42573 Q   57 
 0.67031  0.17378 -0.03681 B   58 
 0.49905  0.04912 -0.26309 I   58 
 0.98690  0.04401 -0.07219 B   59 
 1.16729 -0.04897  0.15503 N   59 
 1.32004  0.14369 -0.19065 B   60 
 1.36805  0.34097 -0.08431 S   60 
 1.48351 -0.13803 -0.18289 B   61 
 1.76599 -0.14680  0.14074 R   61 
 1.26385 -0.29130 -0.39768 B   62 
 1.39832 -0.60872 -0.09933 W   62 
 1.03376 -0.10197 -0.56902 B   63 
 0.85418 -0.44515 -0.36409 W   63 
 1.17903  0.18922 -0.57253 B   64 
 0.98729  0.33047 -0.46789 X   64 
 1.32879  0.49692 -0.68821 B   65 
 1.59053  0.49949 -0.82859 N   65 
 1.52551  0.76600 -0.49463 B   66 
 1.48917  0.66005 -0.24943 D   66 
 1.85590  0.79070 -0.51850 B   67 
 1.92019  0.68557 -0.17734 B   68 
 1.66003  0.97283  0.09531 R   68 
 1.93408  0.34587 -0.21237 B   69 
 1.70829  0.33536 -0.09344 T   69 
 2.14271  0.12385 -0.16057 B   70 
 2.25080  0.25734 -0.03303 P   70 
 2.07600 -0.17047 -0.31625 B   71 
 1.84647 -0.12745 -0.50302 B   72 
 1.77189  0.09693 -0.47933 S   72 
 1.56811 -0.25361 -0.73176 B   73 
 1.68463 -0.59138 -0.73424 R   73 
 1.29944 -0.15696 -0.87194 B   74 
 1.27460  0.09742 -0.98432 N   74 
 1.04990 -0.36734 -0.93877 B   75 
 1.17653 -0.60366 -0.75743 L   75 
 0.82821 -0.13975 -1.03710 B   76 
 0.65547 -0.20376 -0.78698 X   76 
 0.96073  0.06147 -1.21570 B   77 
 1.08385  0.01228 -1.45416 N   77 
 0.98549  0.33745 -1.01786 B   78 
 0.69292  0.34285 -1.05038 I   78 
 0.95322  0.62931 -0.89807 B   79 
 0.97553  0.73131 -1.07911 P   79 
 0.87546  0.69744 -0.58001 B   80 
 1.09940  0.53466 -0.42794 X   80 
 0.70836  0.95847 -0.64951 B   81 
 0.86913  1.08537 -0.77406 S   81 
 0.47124  0.80973 -0.79136 B   82 
 0.55565  0.72713 -0.96562 A   82 
 0.36831  0.71072 -0.49570 B   83 
 0.51610  0.41872 -0.50105 L   83 
 0.25276  1.03137 -0.43869 B   84 
 0.52849  1.04096 -0.25943 L   84 
 0.02625  1.05376 -0.60394 B   85 
 0.02015  1.08098 -0.86158 S   85 
-0.31642  1.09779 -0.65378 B   86 
-0.35286  1.32317 -0.72612 S   86 
-0.25389  0.86540 -0.84337 B   87 
-0.32402  0.81081 -1.12187 D   87 
-0.27322  0.51819 -0.74811 B   88 
-0.46478  0.50587 -0.56145 I   88 
-0.17908  0.33443 -0.97933 B   89 
-0.29705  0.41662 -1.20249 T   89 
 0.11621  0.28014 -0.89803 B   90 
 0.22690  0.45896 -0.95294 A   90 
 0.06442  0.15787 -0.61601 B   91 
 0.08025  0.38266 -0.45936 S   91 
-0.11780 -0.07093 -0.70666 B   92 
-0.36826  0.00258 -0.73087 V   92 
 0.06740 -0.21579 -0.90385 B   93 
-0.04450 -0.07761 -1.18946 N   93 
 0.28345 -0.25720 -0.68680 B   94 
 0.51349 -0.09903 -0.62974 X   94 
 0.11395 -0.40362 -0.47401 B   95 
-0.01018 -0.25315 -0.38292 A   95 
 0.04680 -0.64918 -0.64895 B   96 
-0.30962 -0.49829 -0.90799 K   96 
 0.34353 -0.74436 -0.64620 B   97 
 0.53052 -0.59340 -0.94717 K   97 
 0.38829 -0.76694 -0.34158 B   98 
 0.46738 -0.48392 -0.24244 I   98 
 0.15299 -0.97274 -0.26917 B   99 
-0.06565 -0.89594 -0.25858 V   99 
 0.28919 -1.18649 -0.48777 B   100 
 0.11978 -1.09943 -0.66818 S   100 
 0.57699 -1.25667 -0.34160 B   101 
 0.79625 -1.08903 -0.30672 D   101 
 0.46265 -1.47116 -0.07073 B   102 
 0.36364 -1.30206  0.21007 B   103 
 0.67329 -1.34418  0.29729 N   103 
 0.17109 -1.12195  0.12337 B   104 
 0.04736 -0.88106  0.35071 B   105 
-0.30049 -0.73444  0.24444 M   105 
 0.30319 -0.91171  0.54311 B   106 
 0.18683 -1.19958  0.65695 N   106 
 0.46356 -0.68034  0.40369 B   107 
 0.47519 -0.74462  0.20501 A   107 
 0.26686 -0.52072  0.59423 B   108 
 0.15824 -0.38679  0.16006 W   108 
 0.31909 -0.43657  0.91092 B   109 
 0.56731 -0.39883  0.96115 V   109 
 0.04727 -0.29457  0.97356 B   110 
 0.07369 -0.09035  0.91372 A   110 
-0.13184 -0.52406  0.88413 B   111 
-0.27624 -0.78600  0.63485 W   111 
-0.02275 -0.74837  1.06832 B   112 
 0.37553 -0.88335  1.10675 R   112 
-0.04552 -0.57091  1.34956 B   113 
 0.27640 -0.58115  1.38904 N   113 
-0.36226 -0.43082  1.26755 B   114 
-0.18338  0.01968  1.39957 R   114 
-0.53419 -0.63179  1.05507 B   115 
-0.48504 -0.36959  0.88066 X   115 
-0.47630 -0.90724  1.11033 B   116 
-0.17946 -1.20660  0.96767 K   116 
-0.75734 -1.08585  1.23432 B   117 
-0.95833 -0.87488  1.17041 B   118 
-0.82806 -0.66794  1.25756 T   118 
-1.23764 -0.66776  1.09343 B   119 
-1.51937 -0.71690  1.11365 D   119 
-1.19219 -0.54687  0.77757 B   120 
-0.98669 -0.67908  0.72506 V   120 
-1.48366 -0.47931  0.68507 B   121 
-1.65071 -0.85985  0.65635 Q   121 
-1.50506 -0.21169  0.84920 B   122 
-1.49026 -0.27171  1.04701 A   122 
-1.34606 -0.04148  0.62010 B   123 
-1.01250  0.00069  0.88560 W   123 
-1.62830 -0.05764  0.42071 B   124 
-1.51774 -0.23782  0.25464 I   124 
-1.83401  0.06728  0.56673 B   125 
-1.86650 -0.33366  0.89318 R   125 
-2.07324  0.26685  0.39776 B   126 
-1.98155  0.18309  0.12227 B   127 
-1.68365  0.27461  0.20748 X   127 
-2.02744  0.23350 -0.23598 B   128 
-2.38799  0.12230 -0.38469 R   128 
-2.00185 -0.10207 -0.40562 B   129 
-1.77513 -0.06707 -0.28371 L   129 
