246 
 0.18231 -0.83438  1.02834 B   1 
 0.58902 -0.76582  1.10665 K   1 
 0.21859 -0.57625  1.27417 B   2 
-0.02466 -0.55649  1.36138 V   2 
 0.32189 -0.27432  1.23754 B   3 
 0.57271 -0.39650  0.90577 F   3 
 0.49515 -0.02069  1.31282 B   4 
 0.53998  0.28518  1.22800 B   5 
 0.44217  0.68117  1.38040 R   5 
 0.85787  0.31223  1.23776 B   6 
 0.88457  0.54275  1.44875 X   6 
 0.89584  0.03170  1.10941 B   7 
 0.83171 -0.31687  1.27308 E   7 
 0.76134  0.08549  0.83601 B   8 
 0.47519  0.01793  0.74848 L   8 
 0.92032  0.33210  0.75029 B   9 
 0.85224  0.49575  0.87576 A   9 
 1.19009  0.18872  0.73783 B   10 
 1.25171  0.15743  0.94532 A   10 
 1.11190 -0.02362  0.52584 B   11 
 1.01092 -0.18219  0.63361 A   11 
 1.00883  0.17205  0.30893 B   12 
 0.58948  0.21771  0.39052 M   12 
 1.27628  0.31369  0.27954 B   13 
 1.46084  0.64052  0.49707 K   13 
 1.46420  0.08431  0.20770 B   14 
 1.49021 -0.33096  0.39062 R   14 
 1.26392  0.02427 -0.04739 B   15 
 1.16476 -0.31641  0.11291 H   15 
 1.22949  0.33765 -0.17422 B   16 
 0.95704  0.52304 -0.10276 B   17 
 0.74553  0.27739 -0.08971 L   17 
 1.09501  0.77354 -0.05015 B   18 
 1.16759  0.94271  0.19573 D   18 
 0.99276  0.98643 -0.29505 B   19 
 1.16327  1.17590 -0.09844 N   19 
 0.82475  0.82044 -0.46264 B   20 
 0.87780  0.44174 -0.68397 Y   20 
 0.70351  0.99260 -0.71241 B   21 
 0.73635  0.70812 -1.09129 R   21 
 0.69747  1.23905 -0.47762 B   22 
 0.63749  1.06291 -0.21230 B   23 
 0.23372  1.06485 -0.45369 Y   23 
 0.65557  1.09142  0.08942 B   24 
 0.64637  1.29972  0.19631 S   24 
 0.67694  0.87674  0.34414 B   25 
 0.92339  0.72367  0.46411 L   25 
 0.41873  0.97719  0.49913 B   26 
 0.21544  0.88446  0.28524 B   27 
 0.22310  1.16708  0.10093 N   27 
 0.26480  0.58094  0.30338 B   28 
 0.44311  0.54955 -0.10435 W   28 
 0.20558  0.55152  0.60393 B   29 
 0.41704  0.58338  0.75176 V   29 
-0.07531  0.67200  0.59531 B   30 
-0.17300  0.93163  0.60021 X   30 
-0.19851  0.46616  0.40372 B   31 
-0.12634  0.51886  0.20406 A   31 
-0.14227  0.20780  0.56439 B   32 
 0.06621  0.16173  0.53743 A   32 
-0.30490  0.29224  0.81024 B   33 
-0.31858  0.41778  1.12719 K   33 
-0.59630  0.33110  0.64587 B   34 
-0.59207  0.70551  0.81562 F   34 
-0.59447  0.04957  0.49358 B   35 
-0.58097  0.18951  0.17090 E   35 
-0.45565 -0.16611  0.74018 B   36 
-0.28561 -0.22924  0.61278 S   36 
-0.31901 -0.08117  1.00778 B   37 
-0.49096 -0.01745  1.22834 N   37 
-0.03591 -0.23276  0.95406 B   38 
 0.06652  0.15325  1.06032 F   38 
-0.16562 -0.50443  0.81686 B   39 
-0.30779 -0.69792  0.99774 N   39 
-0.05911 -0.76201  0.61062 B   40 
 0.17856 -0.79359  0.67885 T   40 
-0.33984 -0.94809  0.65001 B   41 
-0.19421 -1.23750  0.88328 Q   41 
-0.52574 -0.76240  0.51330 B   42 
-0.54318 -0.58421  0.62571 A   42 
-0.87068 -0.81519  0.40570 B   43 
-0.80151 -1.04478  0.35673 T   43 
-1.10048 -0.69477  0.13546 B   44 
-1.06820 -0.49268  0.40393 N   44 
-1.40388 -0.69793  0.01345 B   45 
-1.51031 -1.14123 -0.20839 R   45 
-1.54919 -0.61977 -0.29111 B   46 
-1.25810 -0.43974 -0.30459 N   46 
-1.82326 -0.54709 -0.47368 B   47 
-1.96311 -0.34550 -0.39270 T   47 
-1.67121 -0.66450 -0.74728 B   48 
-1.45867 -0.51029 -0.78450 D   48 
-1.51669 -0.93353 -0.60175 B   49 
-1.27802 -0.83780 -0.51219 B   50 
-1.17703 -0.65737 -0.64505 S   50 
-0.95065 -0.79305 -0.33197 B   51 
-1.05220 -0.99319 -0.17785 T   51 
-0.77968 -0.66383 -0.06492 B   52 
-0.86997 -0.35084 -0.17357 D   52 
-0.41644 -0.65566  0.00337 B   53 
-0.61606 -1.06412 -0.15173 Y   53 
-0.25725 -0.57295  0.27122 B   54 
-0.09317 -0.27906  0.37678 B   55 
 0.14460 -0.28363  0.50858 I   55 
-0.20808 -0.15101  0.06983 B   56 
 0.06204  0.02320  0.06801 L   56 
-0.45753 -0.26936 -0.05738 B   57 
-0.65487 -0.33770  0.21803 Q   57 
-0.41992 -0.46499 -0.29721 B   58 
-0.12702 -0.40274 -0.37729 I   58 
-0.58657 -0.53870 -0.58896 B   59 
-0.86755 -0.44592 -0.66144 N   59 
-0.72041 -0.82845 -0.77083 B   60 
-0.84888 -0.94347 -0.61983 S   60 
-0.80794 -0.69701 -1.05580 B   61 
-1.23517 -0.66737 -1.09043 R   61 
-0.49005 -0.58515 -1.12150 B   62 
-0.77623 -0.27180 -1.28814 W   62 
-0.22755 -0.69724 -0.93001 B   63 
-0.23778 -0.26076 -0.96737 W   63 
-0.34352 -0.98096 -0.82062 B   64 
-0.31104 -0.94141 -0.56558 X   64 
-0.37870 -1.33368 -0.75108 B   65 
-0.44153 -1.52915 -0.96571 N   65 
-0.67553 -1.52952 -0.60236 B   66 
-0.82903 -1.31499 -0.54683 D   66 
-0.87297 -1.71699 -0.79264 B   67 
-1.16434 -1.50422 -0.75510 B   68 
-1.22753 -1.45652 -0.28791 R   68 
-1.11784 -1.27993 -1.00877 B   69 
-1.06129 -1.10632 -0.83017 T   69 
-1.27302 -1.19212 -1.26118 B   70 
-1.45095 -1.27890 -1.18007 P   70 
-1.08680 -1.02142 -1.48810 B   71 
-0.80049 -1.03449 -1.40277 B   72 
-0.78937 -1.15114 -1.19604 S   72 
-0.43641 -0.92121 -1.42115 B   73 
-0.48108 -0.73142 -1.72059 R   73 
-0.16473 -0.93197 -1.25608 B   74 
-0.08509 -1.16078 -1.11729 N   74 
 0.06508 -0.69185 -1.27892 B   75 
-0.13418 -0.49115 -1.43635 L   75 
 0.26352 -0.80021 -1.03501 B   76 
 0.19083 -0.54877 -0.86772 X   76 
 0.29626 -1.09770 -1.05451 B   77 
 0.40179 -1.23710 -1.26397 N   77 
 0.10671 -1.21437 -0.79688 B   78 
 0.31993 -1.09449 -0.63302 I   78 
 0.01185 -1.35354 -0.52816 B   79 
 0.12609 -1.52715 -0.55035 P   79 
-0.18497 -1.21075 -0.29855 B   80 
-0.43115 -1.12452 -0.47669 X   80 
-0.04650 -1.35552 -0.05206 B   81 
-0.06669 -1.58581 -0.11546 S   81 
 0.22694 -1.20298 -0.07285 B   82 
 0.31162 -1.26813 -0.25424 A   82 
 0.07759 -0.93707  0.04878 B   83 
 0.01102 -0.79704 -0.23947 L   83 
 0.08171 -1.08817  0.35954 B   84 
-0.23321 -1.13925  0.27914 L   84 
 0.35149 -1.07710  0.43836 B   85 
 0.54855 -1.21994  0.34937 S   85 
 0.60693 -0.96996  0.65077 B   86 
 0.66617 -1.15248  0.79407 S   86 
 0.73012 -0.92277  0.37426 B   87 
 0.99132 -0.98550  0.25895 D   87 
 0.69989 -0.61345  0.19146 B   88 
 0.68310 -0.42177  0.37765 I   88 
 0.83010 -0.63722 -0.08885 B   89 
 1.06860 -0.74994 -0.05909 T   89 
 0.58228 -0.69886 -0.26644 B   90 
 0.53721 -0.90912 -0.23480 A   90 
 0.41222 -0.44704 -0.19690 B   91 
 0.26404 -0.54220  0.01359 S   91 
 0.61817 -0.23724 -0.28259 B   92 
 0.79209 -0.18315 -0.09405 V   92 
 0.66043 -0.31626 -0.57608 B   93 
 0.93761 -0.50328 -0.53890 N   93 
 0.35973 -0.28314 -0.63923 B   94 
 0.15438 -0.48061 -0.64439 X   94 
 0.32028  0.00869 -0.54582 B   95 
 0.31858  0.00261 -0.33063 A   95 
 0.51726  0.13459 -0.74772 B   96 
 0.93118  0.06804 -0.54487 K   96 
 0.33157  0.06373 -0.98776 B   97 
 0.42622 -0.28285 -1.12651 K   97 
 0.07351  0.20769 -0.89839 B   98 
-0.07687  0.01171 -0.71088 I   98 
 0.18811  0.50572 -0.86657 B   99 
 0.31479  0.55922 -0.67975 V   99 
 0.28412  0.48994 -1.18682 B   100 
 0.52301  0.41911 -1.10470 S   100 
-0.00671  0.47517 -1.34275 B   101 
-0.18909  0.26510 -1.34463 D   101 
-0.12006  0.81875 -1.30330 B   102 
-0.28348  0.87977 -1.00865 B   103 
-0.54611  0.80527 -1.18399 N   103 
-0.10864  0.79783 -0.80927 B   104 
-0.22166  0.79211 -0.47429 B   105 
 0.07121  0.79923 -0.21357 M   105 
-0.53027  0.78633 -0.56445 B   106 
-0.51695  1.10772 -0.64124 N   106 
-0.54780  0.47267 -0.56321 B   107 
-0.39914  0.41698 -0.69936 A   107 
-0.57884  0.54315 -0.25573 B   108 
-0.19073  0.28508 -0.28743 W   108 
-0.85997  0.61151 -0.09325 B   109 
-1.06164  0.48996 -0.19383 V   109 
-0.74396  0.66823  0.19187 B   110 
-0.73301  0.47725  0.28879 A   110 
-0.54088  0.87764  0.10440 B   111 
-0.23622  1.01606 -0.09466 W   111 
-0.73199  1.07933 -0.03321 B   112 
-1.00696  1.00649 -0.34531 R   112 
-0.94571  1.09805  0.22188 B   113 
-1.18277  0.97108  0.04027 N   113 
-0.69079  1.10694  0.47011 B   114 
-0.94483  0.75707  0.72590 R   114 
-0.40145  1.23197  0.34465 B   115 
-0.32321  0.93182  0.41794 X   115 
-0.45732  1.43247  0.14727 B   116 
-0.51541  1.43959 -0.29393 K   116 
-0.35461  1.75767  0.24699 B   117 
-0.19424  1.66838  0.48214 B   118 
-0.36211  1.49765  0.58243 T   118 
 0.02698  1.61290  0.75568 B   119 
 0.19783  1.79320  0.89885 D   119 
 0.22692  1.34859  0.67440 B   120 
 0.14524  1.32134  0.43977 V   120 
 0.47964  1.39324  0.85389 B   121 
 0.64172  1.73685  0.68300 Q   121 
 0.34620  1.28825  1.11881 B   122 
 0.19169  1.42166  1.15458 A   122 
 0.40276  0.97609  1.04074 B   123 
-0.01770  0.91574  0.98517 W   123 
 0.73773  1.02524  1.11190 B   124 
 0.80761  1.02286  0.85233 I   124 
 0.74924  1.10361  1.38203 B   125 
 0.55671  1.57140  1.27031 R   125 
 1.01498  0.98956  1.58693 B   126 
 1.17184  0.87232  1.35679 B   127 
 0.90696  0.70487  1.27817 X   127 
 1.46895  0.68238  1.26383 B   128 
 1.82414  0.86309  1.33904 R   128 
 1.60965  0.83230  0.94797 B   129 
 1.36773  0.75804  0.88925 L   129 
