246 
-0.00422  1.18736 -0.61405 B   1 
-0.19262  1.08250 -0.97426 K   1 
-0.35801  1.23717 -0.58704 B   2 
-0.37198  1.37476 -0.36785 V   2 
-0.59265  1.01873 -0.56686 B   3 
-0.35581  0.73772 -0.79675 F   3 
-0.87160  0.89134 -0.64413 B   4 
-1.06791  0.65158 -0.56205 B   5 
-1.44371  0.59946 -0.34837 R   5 
-1.16407  0.54255 -0.84621 B   6 
-1.47371  0.58209 -0.81565 X   6 
-0.87890  0.57344 -0.96593 B   7 
-0.69213  0.90402 -1.05669 E   7 
-0.72885  0.37240 -0.78483 B   8 
-0.56207  0.43045 -0.53398 L   8 
-0.90366  0.12563 -0.82936 B   9 
-1.09003  0.16257 -0.72419 A   9 
-0.84413  0.10258 -1.12838 B   10 
-0.95656  0.26331 -1.22509 A   10 
-0.53674  0.06950 -1.10475 B   11 
-0.45588  0.26952 -1.08450 A   11 
-0.53698 -0.17021 -0.90855 B   12 
-0.52920  0.00649 -0.51700 M   12 
-0.68762 -0.35318 -1.09903 B   13 
-1.11020 -0.40926 -1.17956 K   13 
-0.50836 -0.35241 -1.34592 B   14 
-0.30105 -0.00126 -1.54668 R   14 
-0.26667 -0.45885 -1.14833 B   15 
-0.07635 -0.12369 -1.20349 H   15 
-0.42654 -0.71017 -0.98475 B   16 
-0.55304 -0.66118 -0.67604 B   17 
-0.32436 -0.45553 -0.57280 L   17 
-0.80841 -0.79351 -0.71885 B   18 
-1.10127 -0.70945 -0.75774 D   18 
-0.80555 -1.06458 -0.51326 B   19 
-1.10625 -1.06174 -0.62813 N   19 
-0.54079 -1.05735 -0.39612 B   20 
-0.12768 -1.05433 -0.55278 Y   20 
-0.49934 -1.30510 -0.18725 B   21 
-0.06124 -1.46913 -0.26922 R   21 
-0.82830 -1.24434 -0.12401 B   22 
-0.83632 -0.92360 -0.16962 B   23 
-0.60632 -0.98539  0.23607 Y   23 
-1.04150 -0.70498 -0.21738 B   24 
-1.26427 -0.72488 -0.14756 S   24 
-1.03115 -0.39904 -0.35051 B   25 
-1.03765 -0.30454 -0.64982 L   25 
-1.14458 -0.24456 -0.09741 B   26 
-0.90137 -0.30048  0.08533 B   27 
-1.01249 -0.59509  0.20684 N   27 
-0.68787 -0.14525 -0.07343 B   28 
-0.46040 -0.50994 -0.19296 W   28 
-0.83060  0.12737 -0.07102 B   29 
-0.98923  0.15972 -0.27442 V   29 
-0.85745  0.14913  0.23279 B   30 
-1.04010  0.05047  0.41686 X   30 
-0.55738  0.14343  0.29742 B   31 
-0.49541 -0.06542  0.27770 A   31 
-0.46497  0.38609  0.12920 B   32 
-0.45882  0.32110 -0.07587 A   32 
-0.64083  0.58996  0.27593 B   33 
-0.92326  0.78080  0.29074 K   33 
-0.50969  0.53382  0.58104 B   34 
-0.90137  0.47360  0.69049 F   34 
-0.20164  0.55794  0.49752 B   35 
-0.12137  0.22546  0.58059 E   35 
-0.21135  0.81997  0.25700 B   36 
-0.12394  0.69660  0.09493 S   36 
-0.46585  0.94406  0.12539 B   37 
-0.60862  1.14160  0.27661 N   37 
-0.37839  0.88823 -0.18323 B   38 
-0.76278  0.73992 -0.15122 F   38 
-0.05820  0.96176 -0.14412 B   39 
 0.01529  1.25110 -0.10876 N   39 
 0.24048  0.89689 -0.30786 B   40 
 0.17253  0.89043 -0.54761 T   40 
 0.42250  1.11504 -0.12275 B   41 
 0.47633  1.40239 -0.39461 Q   41 
 0.40047  0.97084  0.13503 B   42 
 0.19954  0.97353  0.20068 A   42 
 0.58056  1.02435  0.44816 B   43 
 0.77234  1.08178  0.30738 T   43 
 0.69795  0.82222  0.74090 B   44 
 0.37498  0.92021  0.74802 N   44 
 0.83910  0.82524  1.03589 B   45 
 1.33737  0.91281  1.00255 R   45 
 0.99113  0.59040  1.24013 B   46 
 0.79614  0.39257  1.03971 N   46 
 1.10310  0.49674  1.54414 B   47 
 0.92943  0.50202  1.73537 T   47 
 1.32327  0.29132  1.39893 B   48 
 1.17954  0.11341  1.26467 D   48 
 1.41147  0.49571  1.13840 B   49 
 1.23204  0.44008  0.94128 B   50 
 1.14913  0.20887  0.93246 S   50 
 1.01888  0.45397  0.63140 B   51 
 1.10455  0.71238  0.63061 T   51 
 0.72291  0.54363  0.48441 B   52 
 0.56474  0.32499  0.69678 D   52 
 0.59671  0.47608  0.14355 B   53 
 1.04872  0.62870  0.19955 Y   53 
 0.33886  0.59422 -0.00968 B   54 
 0.01275  0.47301 -0.06797 B   55 
-0.11389  0.50296 -0.30670 I   55 
 0.12093  0.20067  0.12683 B   56 
-0.07190  0.02187 -0.05801 L   56 
 0.34259  0.24164  0.33080 B   57 
 0.27508  0.55910  0.44964 Q   57 
 0.62828  0.14040  0.25775 B   58 
 0.56366 -0.04997  0.02182 I   58 
 0.89498  0.00108  0.42442 B   59 
 0.92753 -0.01345  0.72698 N   59 
 1.25659  0.04988  0.46689 B   60 
 1.28408  0.27055  0.52239 S   60 
 1.34312 -0.21565  0.63468 B   61 
 1.43402 -0.12025  1.04364 R   61 
 1.22608 -0.42832  0.39189 B   62 
 1.14485 -0.62977  0.79273 W   62 
 1.14186 -0.30350  0.08291 B   63 
 0.82825 -0.55530  0.25685 W   63 
 1.32196 -0.03269  0.07104 B   64 
 1.13281  0.13857  0.02047 X   64 
 1.56152  0.21604 -0.03493 B   65 
 1.85406  0.16719 -0.01892 N   65 
 1.68970  0.53111  0.14638 B   66 
 1.52411  0.51395  0.35841 D   66 
 1.99098  0.54097  0.28591 B   67 
 1.86755  0.55503  0.62671 B   68 
 1.56701  0.92121  0.63800 R   68 
 1.83431  0.22301  0.70070 B   69 
 1.58146  0.25662  0.68745 T   69 
 1.95007  0.02773  0.91038 B   70 
 2.00796  0.19440  1.03136 P   70 
 1.91193 -0.30058  0.83248 B   71 
 1.80887 -0.31877  0.55236 B   72 
 1.77403 -0.09821  0.47107 S   72 
 1.65254 -0.50961  0.26104 B   73 
 1.69311 -0.83060  0.41267 R   73 
 1.50355 -0.46105 -0.01576 B   74 
 1.58094 -0.25856 -0.19173 N   74 
 1.28095 -0.67752 -0.13652 B   75 
 1.26251 -0.84158  0.14189 L   75 
 1.17672 -0.49235 -0.39237 B   76 
 0.89853 -0.46612 -0.25666 X   76 
 1.41154 -0.36471 -0.52846 B   77 
 1.62081 -0.49287 -0.64769 N   77 
 1.39031 -0.03888 -0.43199 B   78 
 1.15362 -0.03986 -0.60709 I   78 
 1.35926  0.27673 -0.43246 B   79 
 1.48193  0.31189 -0.59797 P   79 
 1.15532  0.44864 -0.23070 B   80 
 1.24807  0.34248  0.05196 X   80 
 1.09084  0.67407 -0.44498 B   81 
 1.31124  0.74931 -0.50175 S   81 
 0.92534  0.49036 -0.63818 B   82 
 1.06500  0.35283 -0.71497 A   82 
 0.67980  0.49770 -0.42031 B   83 
 0.75704  0.21836 -0.26822 L   83 
 0.61140  0.82079 -0.52205 B   84 
 0.76747  0.88529 -0.23968 L   84 
 0.49711  0.79032 -0.77725 B   85 
 0.61755  0.72984 -0.99860 S   85 
 0.23224  0.82076 -1.00256 B   86 
 0.27557  1.00950 -1.14346 S   86 
 0.33297  0.53733 -1.06069 B   87 
 0.39298  0.39385 -1.30822 D   87 
 0.20856  0.24238 -0.89475 B   88 
-0.04677  0.29639 -0.83493 I   88 
 0.36497 -0.00968 -0.98474 B   89 
 0.38251 -0.00498 -1.24958 T   89 
 0.57227 -0.03848 -0.75463 B   90 
 0.72616  0.10981 -0.79426 A   90 
 0.37310 -0.05845 -0.51567 B   91 
 0.35417  0.20550 -0.44296 S   91 
 0.21653 -0.30137 -0.61690 B   92 
 0.02471 -0.23609 -0.78323 V   92 
 0.44276 -0.50689 -0.64427 B   93 
 0.50499 -0.47043 -0.97288 N   93 
 0.52027 -0.47683 -0.34663 B   94 
 0.72110 -0.31249 -0.22895 X   94 
 0.24741 -0.54079 -0.21660 B   95 
 0.12473 -0.36650 -0.24687 A   95 
 0.22677 -0.82960 -0.32420 B   96 
 0.06748 -0.76825 -0.75752 K   96 
 0.46472 -0.92323 -0.14607 B   97 
 0.79485 -0.88479 -0.34067 K   97 
 0.35653 -0.84330  0.13180 B   98 
 0.42981 -0.54477  0.17289 I   98 
 0.08180 -1.00911  0.13073 B   99 
-0.09822 -0.92960  0.00791 V   99 
 0.26321 -1.28590  0.08064 B   100 
 0.21713 -1.26145 -0.17648 S   100 
 0.43074 -1.30784  0.36448 B   101 
 0.63438 -1.14181  0.45596 D   101 
 0.16598 -1.41740  0.58887 B   102 
-0.02053 -1.16249  0.72106 B   103 
 0.19863 -1.17807  0.95980 N   103 
-0.11364 -1.01863  0.50273 B   104 
-0.28343 -0.71355  0.55859 B   105 
-0.50770 -0.60525  0.25566 M   105 
-0.15802 -0.68225  0.85303 B   106 
-0.36423 -0.91347  0.96870 N   106 
 0.08798 -0.51355  0.75448 B   107 
 0.17949 -0.64079  0.61601 A   107 
-0.14239 -0.29615  0.76648 B   108 
-0.00846 -0.31347  0.31926 W   108 
-0.23041 -0.11175  1.02792 B   109 
-0.03253 -0.06347  1.18306 V   109 
-0.46897  0.04747  0.90257 B   110 
-0.38100  0.21943  0.80942 A   110 
-0.62356 -0.19573  0.80410 B   111 
-0.67909 -0.52358  0.60152 W   111 
-0.65631 -0.34723  1.07264 B   112 
-0.35454 -0.46810  1.34217 R   112 
-0.77560 -0.08555  1.24114 B   113 
-0.51767 -0.08727  1.43804 N   113 
-0.98554  0.02421  0.97552 B   114 
-0.81099  0.48991  1.04646 R   114 
-1.07106 -0.23342  0.77204 B   115 
-0.89921 -0.04555  0.58031 X   115 
-1.09694 -0.47541  0.92385 B   116 
-0.82781 -0.81008  1.04066 K   116 
-1.43043 -0.59758  0.93431 B   117 
-1.53592 -0.41689  0.72168 B   118 
-1.42659 -0.19489  0.80010 T   118 
-1.70369 -0.24291  0.46010 B   119 
-1.96563 -0.27781  0.34892 D   119 
-1.49439 -0.23545  0.19068 B   120 
-1.31614 -0.38097  0.28822 V   120 
-1.69073 -0.19796 -0.05040 B   121 
-1.89077 -0.56337 -0.05065 Q   121 
-1.73758  0.10947 -0.00234 B   122 
-1.82840  0.11887  0.18371 A   122 
-1.46183  0.19056 -0.15766 B   123 
-1.29027  0.31365  0.21508 W   123 
-1.61529  0.11326 -0.45791 B   124 
-1.47459 -0.11390 -0.48740 I   124 
-1.83889  0.28320 -0.47707 B   125 
-2.09279  0.01521 -0.11362 R   125 
-1.93025  0.41862 -0.79159 B   126 
-1.73707  0.24601 -0.94715 B   127 
-1.50286  0.35585 -0.75360 X   127 
-1.59966  0.17437 -1.27727 B   128 
-1.86183  0.02576 -1.54867 R   128 
-1.55894 -0.19900 -1.30860 B   129 
-1.41374 -0.12895 -1.10489 L   129 
