246 
-1.08949 -0.76968  0.08666 B   1 
-0.91796 -1.12223  0.23673 K   1 
-1.10142 -0.76969  0.44476 B   2 
-1.26370 -0.57249  0.48883 V   2 
-0.86195 -0.73314  0.65570 B   3 
-0.58261 -0.90879  0.37457 F   3 
-0.69445 -0.80789  0.91332 B   4 
-0.44638 -0.70503  1.08838 B   5 
-0.37955 -0.50776  1.47076 R   5 
-0.29118 -0.97660  1.15193 B   6 
-0.29852 -0.96923  1.46541 X   6 
-0.33885 -1.08316  0.86387 B   7 
-0.67414 -1.20753  0.70730 E   7 
-0.18151 -0.86814  0.70657 B   8 
-0.29031 -0.61857  0.56519 L   8 
 0.08738 -0.88834  0.85055 B   9 
 0.05878 -0.79987  1.04680 A   9 
 0.14194 -1.17758  0.76778 B   10 
 0.00906 -1.30151  0.88948 A   10 
 0.13616 -1.13237  0.46108 B   11 
-0.07274 -1.13509  0.40358 A   11 
 0.34689 -0.90560  0.44980 B   12 
 0.12129 -0.54203  0.48875 M   12 
 0.56906 -1.07750  0.56621 B   13 
 0.68324 -1.17330  0.97363 K   13 
 0.57967 -1.31169  0.37093 B   14 
 0.23599 -1.54651  0.18835 R   14 
 0.63118 -1.08811  0.13397 B   15 
 0.28636 -1.17770 -0.02309 H   15 
 0.87589 -0.90102  0.27747 B   16 
 0.80221 -0.60951  0.43011 B   17 
 0.56004 -0.52260  0.23252 L   17 
 0.96741 -0.64817  0.66627 B   18 
 0.92327 -0.71462  0.96289 D   18 
 1.20745 -0.40767  0.64926 B   19 
 1.25405 -0.53861  0.93961 N   19 
 1.15477 -0.27788  0.39579 B   20 
 1.12464 -0.40996 -0.02476 Y   20 
 1.36699 -0.03514  0.34321 B   21 
 1.48885 -0.06913 -0.11456 R   21 
 1.33673  0.00057  0.68043 B   22 
 1.02766 -0.08879  0.71922 B   23 
 1.00960  0.33385  0.51343 Y   23 
 0.84207 -0.17743  0.94255 B   24 
 0.87822 -0.11822  1.16635 S   24 
 0.55678 -0.35029  0.95532 B   25 
 0.50320 -0.65958  0.95051 L   25 
 0.38491 -0.12745  1.10226 B   26 
 0.38840  0.07463  0.86811 B   27 
 0.67560  0.22877  0.95565 N   27 
 0.23155 -0.09156  0.66155 B   28 
 0.58009 -0.14716  0.38869 W   28 
-0.02089 -0.13444  0.83226 B   29 
-0.00821 -0.34896  0.97854 V   29 
-0.07856  0.16155  0.88282 B   30 
 0.01577  0.34678  1.06659 X   30 
-0.11576  0.24316  0.58921 B   31 
 0.08538  0.25566  0.50415 A   31 
-0.34360  0.04886  0.51138 B   32 
-0.25375 -0.14474  0.48377 A   32 
-0.54320  0.15624  0.71790 B   33 
-0.70064  0.12891  1.01935 K   33 
-0.54244  0.47306  0.60359 B   34 
-0.45233  0.56746  0.99344 F   34 
-0.59076  0.40452  0.29469 B   35 
-0.28327  0.53660  0.18566 E   35 
-0.81660  0.13032  0.31505 B   36 
-0.68415 -0.00821  0.20371 S   36 
-0.89256 -0.03114  0.57128 B   37 
-1.09030  0.08341  0.74463 N   37 
-0.80767 -0.32383  0.45663 B   38 
-0.62161 -0.29357  0.82439 F   38 
-0.92192 -0.27714  0.14967 B   39 
-1.21991 -0.27753  0.11005 N   39 
-0.87113 -0.41339 -0.16511 B   40 
-0.82594 -0.65345 -0.11546 T   40 
-1.13085 -0.24984 -0.30927 B   41 
-1.38486 -0.55492 -0.35147 Q   41 
-1.01966  0.02356 -0.28440 B   42 
-1.00774  0.07680 -0.08015 A   42 
-1.13357  0.33610 -0.43503 B   43 
-1.19393  0.19983 -0.62915 T   43 
-0.98586  0.65984 -0.55210 B   44 
-1.04620  0.63531 -0.22086 N   44 
-1.04321  0.95913 -0.67077 B   45 
-1.18236  0.94228 -1.15801 R   45 
-0.85581  1.20177 -0.83197 B   46 
-0.61263  1.01957 -0.67387 N   46 
-0.81577  1.52154 -0.93134 B   47 
-0.82578  1.70017 -0.74492 T   47 
-0.61994  1.41838 -1.18186 B   48 
-0.41083  1.30178 -1.06777 D   48 
-0.79765  1.13777 -1.26616 B   49 
-0.69674  0.94030 -1.10815 B   50 
-0.45836  0.95847 -1.05112 S   50 
-0.64583  0.61991 -0.91733 B   51 
-0.91009  0.58867 -0.97488 T   51 
-0.68114  0.44560 -0.62472 B   52 
-0.47512  0.67659 -0.47597 D   52 
-0.55600  0.11060 -0.53100 B   53 
-0.76546  0.17062 -0.95909 Y   53 
-0.62291 -0.07161 -0.27362 B   54 
-0.45855 -0.13109  0.03279 B   55 
-0.44261 -0.37842  0.14458 I   55 
-0.22795  0.10486 -0.08958 B   56 
-0.00578 -0.06441  0.06950 L   56 
-0.32014  0.31348 -0.29055 B   57 
-0.64045  0.38387 -0.18140 Q   57 
-0.24378  0.27115 -0.58985 B   58 
-0.01833  0.06017 -0.56278 I   58 
-0.15876  0.47005 -0.85730 B   59 
-0.18735  0.77311 -0.86959 N   59 
-0.25384  0.52577 -1.20774 B   60 
-0.48153  0.55208 -1.20759 S   60 
-0.02398  0.73285 -1.30983 B   61 
-0.18130  1.12942 -1.36074 R   61 
 0.23036  0.51517 -1.23363 B   62 
 0.38621  0.93454 -1.14594 W   62 
 0.15707  0.18779 -1.15884 B   63 
 0.41858  0.37653 -0.86218 W   63 
-0.12879  0.14922 -1.30952 B   64 
-0.26920  0.06517 -1.10732 X   64 
-0.38757  0.02395 -1.52822 B   65 
-0.37511  0.06294 -1.82241 N   65 
-0.73607  0.16748 -1.60896 B   66 
-0.72759  0.37019 -1.43146 D   66 
-0.79843  0.32111 -1.89679 B   67 
-0.84222  0.64929 -1.74862 B   68 
-1.16982  0.59353 -1.41082 R   68 
-0.52096  0.76594 -1.74566 B   69 
-0.52332  0.73399 -1.49227 T   69 
-0.36905  1.00650 -1.86630 B   70 
-0.55552  1.10666 -1.89740 P   70 
-0.03124  0.97213 -1.86892 B   71 
 0.03477  0.69176 -1.78857 B   72 
-0.16794  0.57928 -1.73636 S   72 
 0.27839  0.42088 -1.67455 B   73 
 0.57025  0.61696 -1.73810 R   73 
 0.28349  0.13210 -1.54131 B   74 
 0.09795 -0.06523 -1.60908 N   74 
 0.53789  0.02967 -1.35215 B   75 
 0.66556  0.32638 -1.33148 L   75 
 0.40059 -0.25453 -1.24731 B   76 
 0.38913 -0.13956 -0.95895 X   76 
 0.26552 -0.39332 -1.47632 B   77 
 0.38316 -0.48195 -1.70598 N   77 
-0.06544 -0.34360 -1.41378 B   78 
-0.01463 -0.52998 -1.19159 I   78 
-0.37266 -0.38890 -1.34947 B   79 
-0.39995 -0.55049 -1.47918 P   79 
-0.54468 -0.22432 -1.11457 B   80 
-0.48735  0.07496 -1.19772 X   80 
-0.73157 -0.47066 -1.04192 B   81 
-0.82363 -0.52467 -1.25656 S   81 
-0.50662 -0.64599 -0.91105 B   82 
-0.37726 -0.69529 -1.06965 A   82 
-0.51385 -0.44535 -0.65124 B   83 
-0.26728 -0.25243 -0.74671 L   83 
-0.81105 -0.59394 -0.55631 B   84 
-0.92904 -0.31468 -0.68415 L   84 
-0.73488 -0.84862 -0.46436 B   85 
-0.66050 -1.05249 -0.60599 S   85 
-0.70529 -1.09054 -0.21447 B   86 
-0.87792 -1.25323 -0.24742 S   86 
-0.43018 -1.10366 -0.34863 B   87 
-0.26371 -1.32550 -0.44102 D   87 
-0.14687 -0.90628 -0.24478 B   88 
-0.17848 -0.86888  0.01845 I   88 
 0.09508 -0.95205 -0.43310 B   89 
 0.12271 -1.21364 -0.46885 T   89 
 0.06986 -0.70885 -0.62537 B   90 
-0.08873 -0.75962 -0.76506 A   90 
 0.08147 -0.48101 -0.41296 B   91 
-0.18574 -0.44620 -0.36096 S   91 
 0.35181 -0.55678 -0.29069 B   92 
 0.33107 -0.74101 -0.10535 V   92 
 0.53179 -0.54304 -0.53885 B   93 
 0.53127 -0.86951 -0.62008 N   93 
 0.45476 -0.24840 -0.59135 B   94 
 0.25460 -0.14313 -0.76468 X   94 
 0.53226 -0.12644 -0.31827 B   95 
 0.37860 -0.18709 -0.18022 A   95 
 0.83301 -0.19460 -0.33615 B   96 
 0.84696 -0.64051 -0.20249 K   96 
 0.87485  0.00778 -0.56942 B   97 
 0.82427 -0.17134 -0.90660 K   97 
 0.77259  0.26559 -0.43384 B   98 
 0.46482  0.26960 -0.47187 I   98 
 0.96758  0.27169 -0.17907 B   99 
 0.92584  0.12922 -0.00081 V   99 
 1.22585  0.27016 -0.39196 B   100 
 1.24034  0.00993 -0.36197 S   100 
 1.19148  0.56333 -0.54025 B   101 
 0.99274  0.64261 -0.71805 D   101 
 1.30075  0.78529 -0.27334 B   102 
 1.05399  0.87072 -0.05185 B   103 
 1.01327  1.12132 -0.25387 N   103 
 0.95125  0.62989  0.04024 B   104 
 0.66304  0.63392  0.24503 B   105 
 0.62133  0.30689  0.45741 M   105 
 0.57970  0.92792  0.14494 B   106 
 0.81614  1.06227  0.33312 N   106 
 0.39805  0.82128 -0.08813 B   107 
 0.53079  0.70686 -0.20226 A   107 
 0.20883  0.79048  0.16430 B   108 
 0.26839  0.35809 -0.00219 W   108 
 0.00348  1.01891  0.28981 B   109 
-0.08687  1.17691  0.10973 V   109 
-0.10972  0.85976  0.53441 B   110 
-0.27714  0.74911  0.45881 A   110 
 0.16031  0.78686  0.65487 B   111 
 0.51580  0.62814  0.66069 W   111 
 0.27853  1.07130  0.69037 B   112 
 0.32804  1.37138  0.39742 R   112 
 0.01268  1.19550  0.84849 B   113 
-0.04073  1.40501  0.60651 N   113 
-0.03694  0.90597  1.04946 B   114 
-0.52484  0.92239  0.93088 R   114 
 0.25296  0.73508  1.09241 B   115 
 0.07301  0.52949  0.92829 X   115 
 0.47463  0.91681  1.10316 B   116 
 0.75823  1.09320  0.80899 K   116 
 0.63189  0.92504  1.42168 B   117 
 0.49356  0.68413  1.53037 B   118 
 0.25220  0.73754  1.45111 T   118 
 0.37532  0.39221  1.69663 B   119 
 0.45416  0.27225  1.94480 D   119 
 0.37882  0.13652  1.47067 B   120 
 0.48905  0.26291  1.28535 V   120 
 0.39563 -0.11810  1.65222 B   121 
 0.77853 -0.07973  1.81176 Q   121 
 0.09200 -0.11518  1.73477 B   122 
 0.06909  0.06243  1.83909 A   122 
 0.00058 -0.26433  1.45885 B   123 
-0.18860  0.09719  1.32832 W   123 
 0.13320 -0.55938  1.58147 B   124 
 0.34459 -0.54960  1.41568 I   124 
-0.00603 -0.61413  1.81992 B   125 
 0.24003 -0.23239  2.06913 R   125 
-0.08821 -0.94884  1.90254 B   126 
 0.07975 -1.06824  1.68152 B   127 
-0.08038 -0.87861  1.47469 X   127 
 0.17726 -1.37721  1.51413 B   128 
 0.38886 -1.64012  1.73903 R   128 
 0.54437 -1.35493  1.43184 B   129 
 0.43234 -1.15484  1.30978 L   129 
