246 
 0.92131  0.28535  0.92556 B   1 
 0.93536 -0.08111  1.12988 K   1 
 1.17543  0.07557  0.78487 B   2 
 1.30318  0.24539  0.63651 V   2 
 1.14372 -0.18897  0.60546 B   3 
 0.76689 -0.27983  0.79951 F   3 
 1.20694 -0.48788  0.52380 B   4 
 1.13787 -0.70507  0.29836 B   5 
 1.33232 -0.88760 -0.04583 R   5 
 1.09637 -0.97056  0.47061 B   6 
 1.31585 -1.15272  0.34016 X   6 
 0.94379 -0.81504  0.69230 B   7 
 1.09057 -0.56322  0.95200 E   7 
 0.70121 -0.71964  0.52562 B   8 
 0.65806 -0.44699  0.39181 L   8 
 0.60799 -0.98902  0.41523 B   9 
 0.75441 -1.04834  0.26623 A   9 
 0.54049 -1.10939  0.68807 B   10 
 0.73202 -1.15616  0.78270 A   10 
 0.32991 -0.89827  0.77308 B   11 
 0.44143 -0.73063  0.85318 A   11 
 0.14777 -0.92027  0.52349 B   12 
 0.30122 -0.62872  0.24773 M   12 
 0.08435 -1.21406  0.56952 B   13 
 0.29080 -1.57959  0.46012 K   13 
-0.03402 -1.21212  0.85073 B   14 
 0.11189 -0.99091  1.22001 R   14 
-0.25574 -0.99645  0.73620 B   15 
-0.10587 -0.72192  0.96807 H   15 
-0.35236 -1.15283  0.45039 B   16 
-0.22340 -1.06155  0.15249 B   17 
-0.19281 -0.74547  0.21887 L   17 
-0.17681 -1.32903  0.04838 B   18 
 0.06495 -1.51197 -0.00089 D   18 
-0.38539 -1.35991 -0.21863 B   19 
-0.20698 -1.62749 -0.23250 N   19 
-0.53401 -1.11136 -0.21697 B   20 
-0.78754 -0.89862  0.07574 Y   20 
-0.74713 -1.10175 -0.46439 B   21 
-1.14550 -0.91791 -0.28255 R   21 
-0.49763 -1.27033 -0.62326 B   22 
-0.23929 -1.13752 -0.47961 B   23 
-0.40916 -0.80281 -0.76318 Y   23 
 0.05644 -1.19563 -0.44299 B   24 
 0.17795 -1.32694 -0.59429 S   24 
 0.28805 -1.10144 -0.22182 B   25 
 0.35399 -1.20918  0.06559 L   25 
 0.49071 -0.97591 -0.43147 B   26 
 0.30767 -0.74123 -0.51571 B   27 
 0.14531 -0.90633 -0.76124 N   27 
 0.29562 -0.59313 -0.24588 B   28 
-0.13734 -0.67711 -0.17861 W   28 
 0.59896 -0.55495 -0.21081 B   29 
 0.71133 -0.75249 -0.08459 V   29 
 0.64594 -0.40986 -0.47583 B   30 
 0.68559 -0.49509 -0.73687 X   30 
 0.46340 -0.16946 -0.41981 B   31 
 0.25878 -0.24098 -0.44920 A   31 
 0.59358 -0.06717 -0.15845 B   32 
 0.52900 -0.19882 -0.00093 A   32 
 0.86851 -0.01417 -0.28346 B   33 
 1.19144 -0.10901 -0.33938 K   33 
 0.75826  0.20331 -0.51581 B   34 
 0.95121 -0.04693 -0.77881 F   34 
 0.58810  0.38972 -0.31895 B   35 
 0.27852  0.32060 -0.47148 E   35 
 0.79206  0.39365 -0.02742 B   36 
 0.63390  0.31133  0.10425 S   36 
 1.03848  0.21110  0.03123 B   37 
 1.28862  0.28640 -0.08723 N   37 
 0.92761  0.08901  0.31197 B   38 
 1.04256 -0.23945  0.08907 F   38 
 0.79493  0.37056  0.42415 B   39 
 0.98273  0.58559  0.51831 N   39 
 0.55597  0.46521  0.65688 B   40 
 0.58116  0.29351  0.83583 T   40 
 0.62827  0.79603  0.63914 B   41 
 0.81271  0.84153  0.99027 Q   41 
 0.53809  0.83780  0.36012 B   42 
 0.66426  0.73111  0.22824 A   42 
 0.48606  1.14889  0.17609 B   43 
 0.40998  1.24156  0.38944 T   43 
 0.26724  1.27702 -0.09966 B   44 
 0.54028  1.10311 -0.19538 N   44 
 0.19764  1.52620 -0.29968 B   45 
-0.03439  1.90339 -0.05282 R   45 
-0.07204  1.61764 -0.49689 B   46 
-0.12101  1.28022 -0.46405 N   46 
-0.20067  1.80223 -0.74811 B   47 
-0.08331  1.77923 -0.97714 T   47 
-0.50347  1.78034 -0.60814 B   48 
-0.56453  1.52226 -0.60629 D   48 
-0.40533  1.81394 -0.28154 B   49 
-0.35025  1.56067 -0.19806 B   50 
-0.48487  1.38166 -0.29924 S   50 
-0.22445  1.26192 -0.00681 B   51 
-0.07023  1.45173  0.11281 T   51 
 0.01887  1.02518  0.03788 B   52 
-0.05058  0.91102 -0.27845 D   52 
 0.02600  0.73092  0.26156 B   53 
-0.12236  1.15334  0.43558 Y   53 
 0.26875  0.53213  0.33560 B   54 
 0.36616  0.21277  0.22177 B   55 
 0.45577  0.01869  0.38978 I   55 
 0.09261  0.24978  0.00354 B   56 
 0.05819 -0.06869  0.03013 L   56 
 0.00069  0.52877 -0.07475 B   57 
 0.29957  0.70097 -0.09663 Q   57 
-0.25540  0.64166  0.06265 B   58 
-0.37858  0.38167  0.17802 I   58 
-0.51976  0.84277 -0.02673 B   59 
-0.53754  1.01068 -0.28031 N   59 
-0.69695  1.14265  0.08998 B   60 
-0.53524  1.30096  0.12635 S   60 
-0.95322  1.15429 -0.11087 B   61 
-0.91388  1.47207 -0.39736 R   61 
-1.06288  0.84281 -0.01691 B   62 
-1.15664  0.88624 -0.46095 W   62 
-0.92636  0.69089  0.25955 B   63 
-0.93025  0.43153 -0.09362 W   63 
-0.81968  0.94767  0.42866 B   64 
-0.57147  0.87555  0.45792 X   64 
-0.77060  1.18771  0.69410 B   65 
-0.98513  1.37662  0.77477 N   65 
-0.58880  1.52759  0.69166 B   66 
-0.49327  1.50943  0.44024 D   66 
-0.75636  1.81438  0.68873 B   67 
-0.65565  1.90640  0.35262 B   68 
-0.18226  1.88531  0.35154 R   68 
-0.89686  1.75322  0.16507 B   69 
-0.71827  1.58591  0.09195 T   69 
-1.11292  1.84183 -0.03733 B   70 
-1.00966  2.02728 -0.06400 P   70 
-1.35496  1.61060 -0.09443 B   71 
-1.31975  1.38800  0.10212 B   72 
-1.12663  1.43360  0.23287 S   72 
-1.39048  1.03549  0.23038 B   73 
-1.66395  0.97879  0.00750 R   73 
-1.27425  0.81591  0.42900 B   74 
-1.16738  0.88354  0.67792 N   74 
-1.31791  0.48983  0.37641 B   75 
-1.42516  0.53452  0.07431 L   75 
-1.11890  0.38099  0.61964 B   76 
-0.92431  0.26717  0.40591 X   76 
-1.16477  0.54159  0.86874 B   77 
-1.39830  0.56401  1.00802 N   77 
-0.88811  0.73924  0.88651 B   78 
-0.75399  0.48435  0.94757 I   78 
-0.61796  0.87602  0.98076 B   79 
-0.67123  0.89651  1.18181 P   79 
-0.34913  0.92092  0.78694 B   80 
-0.47709  1.07497  0.54267 X   80 
-0.14016  0.88119  1.02282 B   81 
-0.21558  1.04524  1.18050 S   81 
-0.19534  0.57522  1.06534 B   82 
-0.39250  0.56541  1.13849 A   82 
-0.03184  0.51619  0.78678 B   83 
-0.29421  0.50645  0.59134 L   83 
 0.26228  0.57953  0.95677 B   84 
 0.23212  0.86378  0.79385 L   84 
 0.29558  0.35542  1.12346 B   85 
 0.16500  0.29809  1.33983 S   85 
 0.46949  0.07127  1.22768 B   86 
 0.58750  0.12573  1.42884 S   86 
 0.18039 -0.02990  1.22116 B   87 
 0.01894 -0.18461  1.40945 D   87 
 0.02774 -0.18214  0.93214 B   88 
 0.22731 -0.30414  0.80186 I   88 
-0.27134 -0.24446  0.98469 B   89 
-0.28991 -0.36315  1.22142 T   89 
-0.40903  0.00249  0.85506 B   90 
-0.38540  0.16523  0.99719 A   90 
-0.29431 -0.02709  0.56673 B   91 
-0.06938  0.12907  0.58516 S   91 
-0.39796 -0.31027  0.51346 B   92 
-0.23771 -0.49587  0.60613 V   92 
-0.69927 -0.26860  0.55401 B   93 
-0.72229 -0.37204  0.87332 N   93 
-0.70884 -0.04916  0.33663 B   94 
-0.69374  0.23384  0.36619 X   94 
-0.58958 -0.20748  0.09965 B   95 
-0.37811 -0.22117  0.13761 A   95 
-0.81200 -0.42150  0.08803 B   96 
-0.68633 -0.72070  0.42207 K   96 
-1.02213 -0.21182 -0.00684 B   97 
-1.19910 -0.05864  0.29901 K   97 
-0.88092 -0.10765 -0.26084 B   98 
-0.68542  0.11474 -0.16862 I   98 
-0.84748 -0.38456 -0.41949 B   99 
-0.68108 -0.53281 -0.35513 V   99 
-1.17956 -0.42168 -0.40017 B   100 
-1.14371 -0.57121 -0.18761 S   100 
-1.28544 -0.17214 -0.58894 B   101 
-1.27185  0.10048 -0.53515 D   101 
-1.20320 -0.30020 -0.91952 B   102 
-0.88184 -0.23633 -1.01894 B   103 
-1.01576  0.02996 -1.14711 N   103 
-0.72078 -0.33926 -0.81770 B   104 
-0.37291 -0.27684 -0.82814 B   105 
-0.16487 -0.53238 -0.61550 M   105 
-0.41050 -0.02474 -1.02419 B   106 
-0.46530 -0.22767 -1.27950 N   106 
-0.42873  0.18328 -0.78950 B   107 
-0.59140  0.11378 -0.67793 A   107 
-0.11615  0.13695 -0.81438 B   108 
-0.23049 -0.00293 -0.38357 W   108 
 0.09541  0.29959 -1.01160 B   109 
 0.02148  0.54098 -1.05432 V   109 
 0.36049  0.14907 -0.94056 B   110 
 0.44035  0.25048 -0.76931 A   110 
 0.25554 -0.13147 -0.99556 B   111 
 0.01883 -0.43747 -0.95152 W   111 
 0.16648 -0.09548 -1.29037 B   112 
-0.09976  0.19134 -1.44902 R   112 
 0.45434  0.03729 -1.39338 B   113 
 0.30623  0.31671 -1.46611 N   113 
 0.65655 -0.18866 -1.20701 B   114 
 0.92551  0.20400 -1.04624 R   114 
 0.49381 -0.48084 -1.15006 B   115 
 0.53142 -0.36216 -0.85665 X   115 
 0.32334 -0.54434 -1.37184 B   116 
-0.10033 -0.46495 -1.48264 K   116 
 0.42748 -0.83476 -1.54810 B   117 
 0.62559 -0.92498 -1.34414 B   118 
 0.74004 -0.69698 -1.29609 T   118 
 0.85373 -1.08696 -1.12379 B   119 
 0.97888 -1.34446 -1.13879 D   119 
 0.72158 -1.07190 -0.80954 B   120 
 0.50253 -0.97084 -0.87485 V   120 
 0.85911 -1.31231 -0.66337 B   121 
 0.68854 -1.63681 -0.86124 Q   121 
 1.13440 -1.16630 -0.61972 B   122 
 1.20488 -1.13165 -0.81150 A   122 
 1.02592 -1.01006 -0.35408 B   123 
 1.03711 -0.63994 -0.56950 W   123 
 1.04352 -1.30793 -0.17904 B   124 
 0.77643 -1.33829 -0.17630 I   124 
 1.31283 -1.38908 -0.19036 B   125 
 1.26847 -1.51922 -0.68983 R   125 
 1.46186 -1.54347  0.09172 B   126 
 1.20100 -1.57301  0.24137 B   127 
 1.15593 -1.25579  0.19987 X   127 
 1.04647 -1.67881  0.55429 B   128 
 1.07406 -2.07437  0.63939 R   128 
 0.72308 -1.85389  0.47181 B   129 
 0.70039 -1.61409  0.37450 L   129 
