246 
 0.81142  0.36134  0.99897 B   1 
 0.61897  0.17295  1.32101 K   1 
 0.94846  0.03426  1.05005 B   2 
 1.16092  0.04601  0.90210 V   2 
 0.81697 -0.25249  0.98954 B   3 
 0.42118 -0.08961  1.05840 F   3 
 0.73789 -0.55073  1.05891 B   4 
 0.60315 -0.81030  0.92765 B   5 
 0.72893 -1.19779  0.77394 R   5 
 0.41579 -0.91590  1.16350 B   6 
 0.53488 -1.20370  1.20040 X   6 
 0.32951 -0.62677  1.23811 B   7 
 0.54366 -0.35067  1.41221 E   7 
 0.18810 -0.54930  0.97404 B   8 
 0.30057 -0.38813  0.73849 L   8 
-0.00814 -0.78269  0.95266 B   9 
 0.10967 -0.95741  0.90021 A   9 
-0.16117 -0.71427  1.20837 B   10 
-0.03078 -0.77182  1.37423 A   10 
-0.25249 -0.43005  1.12459 B   11 
-0.08560 -0.29827  1.16632 A   11 
-0.38736 -0.50832  0.85693 B   12 
-0.07677 -0.47510  0.56194 M   12 
-0.59052 -0.69221  0.98871 B   13 
-0.57424 -1.10824  1.11060 K   13 
-0.72948 -0.50546  1.18596 B   14 
-0.54551 -0.19745  1.46502 R   14 
-0.80160 -0.31487  0.92661 B   15 
-0.57007 -0.03622  1.06922 H   15 
-0.92270 -0.54752  0.71054 B   16 
-0.72724 -0.67355  0.46636 B   17 
-0.55670 -0.40337  0.41011 L   17 
-0.80249 -0.95258  0.49852 B   18 
-0.67534 -1.20784  0.61263 D   18 
-0.96220 -1.03713  0.21025 B   19 
-0.93553 -1.31791  0.36541 N   19 
-0.97070 -0.78816  0.06257 B   20 
-1.12609 -0.38187  0.13996 Y   20 
-1.11735 -0.82943 -0.22642 B   21 
-1.39720 -0.44988 -0.28282 R   21 
-0.96195 -1.13181 -0.20853 B   22 
-0.69341 -1.04793 -0.04770 B   23 
-0.64053 -0.86851 -0.47935 Y   23 
-0.47064 -1.18129  0.10966 B   24 
-0.40889 -1.40458  0.07465 S   24 
-0.25425 -1.07870  0.34222 B   25 
-0.28771 -1.04102  0.65209 L   25 
 0.00975 -1.15967  0.18559 B   26 
-0.02377 -0.95274 -0.04186 B   27 
-0.21132 -1.14814 -0.24323 N   27 
 0.00147 -0.69558  0.12580 B   28 
-0.42260 -0.57141  0.06439 W   28 
 0.27763 -0.75706  0.24689 B   29 
 0.26238 -0.88817  0.47085 V   29 
 0.42383 -0.79477 -0.01899 B   30 
 0.45171 -1.00817 -0.19408 X   30 
 0.37481 -0.51241 -0.12908 B   31 
 0.16714 -0.50968 -0.19777 A   31 
 0.50203 -0.34658  0.09904 B   32 
 0.36144 -0.34654  0.26199 A   32 
 0.78213 -0.46742  0.06810 B   33 
 1.02300 -0.68627  0.17054 K   33 
 0.82302 -0.37529 -0.25327 B   34 
 0.90390 -0.77408 -0.31192 F   34 
 0.73979 -0.06824 -0.21802 B   35 
 0.45894 -0.08831 -0.42922 E   35 
 0.87919  0.00931  0.10003 B   36 
 0.68500  0.06854  0.18895 S   36 
 0.99616 -0.19258  0.30752 B   37 
 1.26475 -0.28371  0.26476 N   37 
 0.80372 -0.10589  0.55544 B   38 
 0.77395 -0.51753  0.53419 F   38 
 0.81025  0.21923  0.49454 B   39 
 1.06416  0.36779  0.55643 N   39 
 0.61832  0.49739  0.57210 B   40 
 0.53314  0.44464  0.80036 T   40 
 0.84330  0.72144  0.45306 B   41 
 0.97799  0.86879  0.79878 Q   41 
 0.82275  0.64508  0.16761 B   42 
 0.89784  0.44924  0.14116 A   42 
 0.95284  0.81407 -0.12881 B   43 
 0.90341  1.02224 -0.00998 T   43 
 0.86238  0.85330 -0.49021 B   44 
 1.02715  0.57030 -0.40823 N   44 
 0.94945  0.97202 -0.78222 B   45 
 0.89835  1.47611 -0.80058 R   45 
 0.78677  1.04066 -1.08022 B   46 
 0.57675  0.81071 -0.93758 N   46 
 0.79836  1.10408 -1.41124 B   47 
 0.91929  0.92766 -1.55619 T   47 
 0.50720  1.26690 -1.38947 B   48 
 0.32926  1.08771 -1.30845 D   48 
 0.56476  1.42355 -1.09018 B   49 
 0.47870  1.24773 -0.90089 B   50 
 0.28914  1.10468 -0.96421 S   50 
 0.41743  1.06552 -0.57732 B   51 
 0.62670  1.21933 -0.49565 T   51 
 0.50735  0.81523 -0.36164 B   52 
 0.43425  0.59038 -0.61068 D   52 
 0.34128  0.69568 -0.05374 B   53 
 0.39415  1.16813 -0.12251 Y   53 
 0.44516  0.49021  0.17190 B   54 
 0.39006  0.14733  0.23383 B   55 
 0.35123  0.04832  0.48406 I   55 
 0.20050  0.16406 -0.06215 B   56 
 0.01307 -0.05945  0.07285 L   56 
 0.26644  0.37591 -0.26997 B   57 
 0.61118  0.39210 -0.25129 Q   57 
 0.08124  0.62616 -0.28670 B   58 
-0.16649  0.52542 -0.13000 I   58 
-0.03815  0.83346 -0.53387 B   59 
 0.06155  0.84272 -0.82160 N   59 
-0.06187  1.19126 -0.61366 B   60 
 0.14974  1.27547 -0.58795 S   60 
-0.25108  1.19072 -0.87889 B   61 
-0.02505  1.28011 -1.23319 R   61 
-0.50919  1.03392 -0.71557 B   62 
-0.51002  0.87646 -1.14342 W   62 
-0.50151  1.00605 -0.37307 B   63 
-0.58326  0.62522 -0.57381 W   63 
-0.30756  1.25451 -0.29207 B   64 
-0.13168  1.12356 -0.15212 X   64 
-0.18437  1.55946 -0.14266 B   65 
-0.28927  1.82552 -0.22284 N   65 
 0.13766  1.75895 -0.21390 B   66 
 0.24504  1.58283 -0.38745 D   66 
 0.13191  2.04235 -0.38706 B   67 
 0.30838  1.90769 -0.67394 B   68 
 0.70775  1.72026 -0.50097 R   68 
 0.05067  1.77942 -0.85820 B   69 
 0.13392  1.54704 -0.79260 T   69 
-0.06632  1.82390 -1.14075 B   70 
 0.11629  1.91844 -1.19977 P   70 
-0.37993  1.70097 -1.18373 B   71 
-0.48342  1.61368 -0.91710 B   72 
-0.31177  1.64620 -0.75601 S   72 
-0.73229  1.42814 -0.69493 B   73 
-0.96651  1.36911 -0.95824 R   73 
-0.76452  1.31510 -0.39937 B   74 
-0.67257  1.45585 -0.17645 N   74 
-0.95305  1.04879 -0.33203 B   75 
-0.98388  0.96916 -0.64424 L   75 
-0.86605  1.01530 -0.01278 B   76 
-0.72431  0.74774 -0.08220 X   76 
-0.86124  1.28392  0.12052 B   77 
-1.07096  1.45617  0.14863 N   77 
-0.52869  1.34814  0.15524 B   78 
-0.54418  1.13125  0.35374 I   78 
-0.24143  1.40584  0.27658 B   79 
-0.30441  1.54303  0.42113 P   79 
 0.03867  1.24595  0.18809 B   80 
 0.03514  1.28874 -0.12485 X   80 
 0.16870  1.25927  0.47758 B   81 
 0.16182  1.49485  0.52135 S   81 
-0.03276  1.06109  0.61400 B   82 
-0.21778  1.16146  0.61112 A   82 
 0.11727  0.81474  0.45709 B   83 
-0.08829  0.80241  0.20269 L   83 
 0.37961  0.84471  0.68001 B   84 
 0.51281  0.99553  0.41969 L   84 
 0.27773  0.74177  0.92113 B   85 
 0.10818  0.85362  1.08206 S   85 
 0.27673  0.50954  1.18173 B   86 
 0.37832  0.61174  1.37302 S   86 
-0.02139  0.53104  1.11454 B   87 
-0.26102  0.56349  1.27880 D   87 
-0.18852  0.32017  0.87452 B   88 
-0.05756  0.08673  0.88108 I   88 
-0.48437  0.40565  0.83895 B   89 
-0.58944  0.43947  1.08038 T   89 
-0.46666  0.58285  0.58392 B   90 
-0.38643  0.77387  0.64963 A   90 
-0.34327  0.37215  0.39013 B   91 
-0.07562  0.42284  0.42353 S   91 
-0.56284  0.16068  0.41912 B   92 
-0.52642  0.00467  0.62662 V   92 
-0.80869  0.32231  0.33195 B   93 
-0.92126  0.41155  0.63617 N   93 
-0.68178  0.38735  0.05778 B   94 
-0.53572  0.61852 -0.02232 X   94 
-0.62362  0.10025 -0.04040 B   95 
-0.45241  0.03268  0.07126 A   95 
-0.91801  0.00680 -0.04453 B   96 
-0.99866 -0.10330  0.40075 K   96 
-0.98562  0.19850 -0.28074 B   97 
-1.10537  0.53727 -0.14210 K   97 
-0.77919  0.10043 -0.48829 B   98 
-0.51479  0.25100 -0.42824 I   98 
-0.86309 -0.20892 -0.50350 B   99 
-0.79950 -0.35226 -0.33255 V   99 
-1.17085 -0.10868 -0.58874 B   100 
-1.24057 -0.13087 -0.33680 S   100 
-1.11648  0.02909 -0.88400 B   101 
-0.97998  0.26497 -0.93994 D   101 
-1.06322 -0.26846 -1.08666 B   102 
-0.74109 -0.38452 -1.08382 B   103 
-0.71097 -0.19281 -1.34383 N   103 
-0.67846 -0.42102 -0.81590 B   104 
-0.34599 -0.50262 -0.72745 B   105 
-0.31809 -0.66975 -0.37377 M   105 
-0.23035 -0.39112 -1.00601 B   106 
-0.34188 -0.65981 -1.16329 N   106 
-0.17678 -0.10262 -0.89383 B   107 
-0.36599 -0.04192 -0.82861 A   107 
 0.07447 -0.26402 -0.78754 B   108 
-0.14959 -0.11389 -0.40610 W   108 
 0.36247 -0.31282 -0.94496 B   109 
 0.42103 -0.11885 -1.10151 V   109 
 0.50942 -0.49005 -0.73291 B   110 
 0.60471 -0.35252 -0.59878 A   110 
 0.29023 -0.69987 -0.70687 B   111 
-0.06844 -0.83197 -0.63267 W   111 
 0.26996 -0.78916 -1.00310 B   112 
 0.19965 -0.54922 -1.34340 R   112 
 0.59692 -0.84103 -1.04195 B   113 
 0.61374 -0.60581 -1.26486 N   113 
 0.63760 -0.99622 -0.72424 B   114 
 1.03879 -0.70398 -0.64664 R   114 
 0.34787 -1.13757 -0.61856 B   115 
 0.39867 -0.90935 -0.40195 X   115 
 0.19930 -1.23843 -0.84223 B   116 
-0.11393 -1.07999 -1.11584 K   116 
 0.17235 -1.59273 -0.84241 B   117 
 0.27283 -1.63123 -0.56419 B   118 
 0.47573 -1.46951 -0.57229 T   118 
 0.36236 -1.72842 -0.23346 B   119 
 0.34800 -1.98272 -0.10185 D   119 
 0.21342 -1.50968 -0.01802 B   120 
 0.08158 -1.38483 -0.18977 V   120 
 0.19653 -1.67330  0.24847 B   121 
-0.08162 -1.96638  0.14709 Q   121 
 0.49946 -1.63589  0.32493 B   122 
 0.60277 -1.73140  0.17277 A   122 
 0.44579 -1.33977  0.45210 B   123 
 0.66332 -1.16321  0.12802 W   123 
 0.29352 -1.49058  0.72367 B   124 
 0.04745 -1.41684  0.64439 I   124 
 0.48869 -1.65678  0.83997 B   125 
 0.45399 -1.99607  0.45002 R   125 
 0.50523 -1.68825  1.19260 B   126 
 0.24535 -1.54160  1.24028 B   127 
 0.36541 -1.29802  1.06524 X   127 
 0.01875 -1.41012  1.49396 B   128 
-0.16015 -1.68665  1.73061 R   128 
-0.33466 -1.47268  1.37897 B   129 
-0.22526 -1.32608  1.19450 L   129 
