246 
-0.03199 -0.21643  1.31873 B   1 
 0.27923 -0.49591  1.35433 K   1 
 0.27705 -0.04855  1.38717 B   2 
 0.19221  0.18917  1.44600 V   2 
 0.53082 -0.00452  1.19524 B   3 
 0.44100 -0.37328  0.98580 F   3 
 0.83910 -0.00563  1.12471 B   4 
 1.04162  0.07339  0.88912 B   5 
 1.33094  0.38703  0.80239 R   5 
 1.24375 -0.17364  0.88793 B   6 
 1.51280 -0.02170  0.94176 X   6 
 1.01223 -0.37636  0.93169 B   7 
 0.80345 -0.43454  1.25639 E   7 
 0.85451 -0.32616  0.67028 B   8 
 0.60779 -0.14875  0.62835 L   8 
 1.07934 -0.36943  0.46774 B   9 
 1.21070 -0.19728  0.48407 A   9 
 1.12516 -0.66323  0.53893 B   10 
 1.22878 -0.66344  0.73152 A   10 
 0.83946 -0.76445  0.47362 B   11 
 0.71866 -0.72108  0.64821 A   11 
 0.82363 -0.65621  0.18380 B   12 
 0.65539 -0.26264  0.22107 M   12 
 1.06057 -0.82039  0.08704 B   13 
 1.48884 -0.75189  0.09703 K   13 
 0.97405 -1.10538  0.15326 B   14 
 0.77766 -1.26313  0.53159 R   14 
 0.70753 -1.04817 -0.03244 B   15 
 0.48309 -1.07478  0.28460 H   15 
 0.85232 -0.91337 -0.30874 B   16 
 0.86026 -0.57917 -0.35293 B   17 
 0.57473 -0.51492 -0.21296 L   17 
 1.13656 -0.55972 -0.44144 B   18 
 1.40369 -0.46334 -0.32440 D   18 
 1.12102 -0.45292 -0.76410 B   19 
 1.43591 -0.44353 -0.69791 N   19 
 0.83670 -0.44431 -0.81846 B   20 
 0.50413 -0.73459 -0.79983 Y   20 
 0.77978 -0.34237 -1.12358 B   21 
 0.43289 -0.62156 -1.28873 R   21 
 1.05199 -0.14843 -1.05882 B   22 
 1.01095 -0.09757 -0.74142 B   23 
 0.67937  0.16106 -0.95230 Y   23 
 1.17325 -0.00422 -0.50243 B   24 
 1.36092  0.13425 -0.52486 S   24 
 1.14633 -0.04191 -0.17184 B   25 
 1.23024 -0.27928  0.01571 L   25 
 1.13932  0.26717 -0.09969 B   26 
 0.86623  0.32456 -0.23311 B   27 
 0.98796  0.39213 -0.54055 N   27 
 0.68917  0.14781 -0.05341 B   28 
 0.58893 -0.14256 -0.37693 W   28 
 0.76684  0.27763  0.21458 B   29 
 0.97292  0.16427  0.32533 V   29 
 0.68946  0.56330  0.13780 B   30 
 0.81866  0.76676  0.00037 X   30 
 0.39192  0.50873  0.08543 B   31 
 0.38204  0.41083 -0.10993 A   31 
 0.31280  0.39224  0.36092 B   32 
 0.38602  0.18994  0.36645 A   32 
 0.38815  0.64345  0.51978 B   33 
 0.60728  0.81312  0.71878 K   33 
 0.17942  0.85068  0.35568 B   34 
 0.51863  1.07538  0.29686 F   34 
-0.08362  0.66982  0.37924 B   35 
-0.11923  0.62241  0.03230 E   35 
-0.04870  0.53204  0.70543 B   36 
-0.05307  0.32194  0.63495 S   36 
 0.20493  0.54300  0.88721 B   37 
 0.24944  0.78427  1.03579 N   37 
 0.23445  0.22135  0.92830 B   38 
 0.60925  0.35032  0.81135 F   38 
-0.08909  0.15856  0.95711 B   39 
-0.22554  0.24269  1.21142 N   39 
-0.30007 -0.11461  0.92404 B   40 
-0.15858 -0.30431  1.00238 T   40 
-0.57125  0.04295  1.05295 B   41 
-0.59003 -0.13907  1.40777 Q   41 
-0.60556  0.24022  0.83470 B   42 
-0.44122  0.37319  0.83301 A   42 
-0.88380  0.46680  0.76694 B   43 
-1.02728  0.28705  0.85060 T   43 
-1.04706  0.62786  0.47073 B   44 
-0.76963  0.78001  0.58837 N   44 
-1.27345  0.83872  0.36475 B   45 
-1.74128  0.64994  0.41519 R   45 
-1.43381  0.89943  0.06379 B   46 
-1.14968  0.73865 -0.03989 N   46 
-1.61705  1.10240 -0.13360 B   47 
-1.51895  1.33757 -0.17635 T   47 
-1.73361  0.83581 -0.29822 B   48 
-1.52220  0.72041 -0.40924 D   48 
-1.77153  0.62834 -0.02813 B   49 
-1.53089  0.50396 -0.00044 B   50 
-1.40574  0.46289 -0.20794 S   50 
-1.23636  0.31102  0.13252 B   51 
-1.36632  0.35004  0.36855 T   51 
-0.93259  0.31409  0.29053 B   52 
-0.81156  0.50060  0.02883 D   52 
-0.69254  0.03919  0.34953 B   53 
-1.15916 -0.03530  0.43588 Y   53 
-0.42767  0.03055  0.53308 B   54 
-0.08306  0.06535  0.46621 B   55 
 0.10526 -0.09181  0.58352 I   55 
-0.19238  0.12347  0.13683 B   56 
 0.08096 -0.01903  0.04578 L   56 
-0.47145  0.23434  0.08946 B   57 
-0.50980  0.45223  0.35500 Q   57 
-0.69246  0.03645 -0.00643 B   58 
-0.51907 -0.20177 -0.10266 I   58 
-0.96569  0.04794 -0.21508 B   59 
-1.09052  0.30066 -0.33071 N   59 
-1.32381 -0.03393 -0.21420 B   60 
-1.41062  0.06608 -0.02713 S   60 
-1.40572  0.01005 -0.52645 B   61 
-1.64053  0.36608 -0.57855 R   61 
-1.17718 -0.22114 -0.63692 B   62 
-1.19153  0.10919 -0.95082 W   62 
-1.02417 -0.43013 -0.41097 B   63 
-0.74029 -0.22970 -0.67790 W   63 
-1.24044 -0.43228 -0.16778 B   64 
-1.08273 -0.36038  0.02619 X   64 
-1.47707 -0.54595  0.08035 B   65 
-1.74346 -0.65283  0.00397 N   65 
-1.71627 -0.34523  0.30634 B   66 
-1.62793 -0.10075  0.23495 D   66 
-2.04214 -0.32945  0.24396 B   67 
-2.04051  0.02248  0.15613 B   68 
-1.83802  0.24403  0.52280 R   68 
-1.96819  0.00890 -0.17764 B   69 
-1.73643  0.09942 -0.11992 T   69 
-2.10450  0.09868 -0.44005 B   70 
-2.22994  0.23076 -0.32786 P   70 
-1.97941 -0.04698 -0.72013 B   71 
-1.79008 -0.26285 -0.63658 B   72 
-1.77507 -0.26141 -0.39943 S   72 
-1.51383 -0.51665 -0.70721 B   73 
-1.53705 -0.48541 -1.06239 R   73 
-1.29620 -0.69426 -0.55798 B   74 
-1.35100 -0.82318 -0.31647 N   74 
-1.00852 -0.77929 -0.70292 B   75 
-1.04890 -0.57049 -0.94693 L   75 
-0.86600 -0.91710 -0.43589 B   76 
-0.65736 -0.68700 -0.43175 X   76 
-1.06468 -1.08915 -0.29141 B   77 
-1.19475 -1.30737 -0.39092 N   77 
-1.14031 -0.90585 -0.01464 B   78 
-0.86451 -0.97454  0.06218 I   78 
-1.17358 -0.80783  0.28513 B   79 
-1.24072 -0.99026  0.36189 P   79 
-1.08367 -0.50624  0.39830 B   80 
-1.23977 -0.31861  0.19780 X   80 
-0.99929 -0.61066  0.68617 B   81 
-1.19987 -0.72143  0.75660 S   81 
-0.74757 -0.77200  0.59087 B   82 
-0.82503 -0.92949  0.47463 A   82 
-0.59192 -0.48616  0.54751 B   83 
-0.65746 -0.45651  0.22821 L   83 
-0.55944 -0.46228  0.89072 B   84 
-0.80769 -0.25115  0.84544 L   84 
-0.36534 -0.65526  0.95552 B   85 
-0.39357 -0.91281  0.96079 S   85 
-0.05345 -0.74950  1.08078 B   86 
-0.08532 -0.83855  1.30081 S   86 
-0.07214 -0.91632  0.82450 B   87 
-0.01963 -1.19778  0.76546 D   87 
 0.04764 -0.80450  0.50332 B   88 
 0.25412 -0.64255  0.55650 I   88 
-0.01851 -1.01145  0.28220 B   89 
 0.04971 -1.25180  0.37191 T   89 
-0.27896 -0.89131  0.16186 B   90 
-0.43788 -0.94224  0.30112 A   90 
-0.16767 -0.61133  0.08189 B   91 
-0.22558 -0.46702  0.30804 S   91 
 0.05779 -0.71059 -0.10001 B   92 
 0.27616 -0.76973  0.03242 V   92 
-0.10236 -0.87478 -0.30387 B   93 
-0.06121 -1.17945 -0.16723 N   93 
-0.27602 -0.63069 -0.37980 B   94 
-0.53228 -0.55476 -0.28102 X   94 
-0.05271 -0.43246 -0.45911 B   95 
 0.03631 -0.36616 -0.27465 A   95 
 0.05798 -0.60005 -0.69379 B   96 
 0.33309 -0.90934 -0.48037 K   96 
-0.20132 -0.55521 -0.86074 B   97 
-0.45180 -0.83888 -0.78920 K   97 
-0.20648 -0.24660 -0.86729 B   98 
-0.34638 -0.15477 -0.60618 I   98 
 0.08089 -0.19219 -0.99930 B   99 
 0.27150 -0.21311 -0.86876 V   99 
-0.01640 -0.37972 -1.25891 B   100 
 0.10434 -0.58436 -1.14769 S   100 
-0.25871 -0.19534 -1.38699 B   101 
-0.50945 -0.14325 -1.27829 D   101 
-0.06434  0.07113 -1.54083 B   102 
 0.01551  0.32742 -1.32826 B   103 
-0.26131  0.45451 -1.44002 N   103 
 0.14377  0.20745 -1.11335 B   104 
 0.22287  0.40362 -0.83002 B   105 
 0.50686  0.24697 -0.60955 M   105 
 0.00566  0.62759 -0.90785 B   106 
 0.20484  0.74244 -1.14556 N   106 
-0.22356  0.49608 -0.73799 B   107 
-0.23858  0.30437 -0.82021 A   107 
-0.05696  0.65142 -0.51757 B   108 
-0.03335  0.20022 -0.39883 W   108 
-0.09608  0.96681 -0.42217 B   109 
-0.33883  1.04509 -0.44462 V   109 
 0.13385  0.98716 -0.21077 B   110 
 0.04856  0.91948 -0.02602 A   110 
 0.35663  0.88954 -0.39402 B   111 
 0.53794  0.63969 -0.63130 W   111 
 0.33022  1.09830 -0.62174 B   112 
-0.01228  1.19331 -0.84976 R   112 
 0.33479  1.36397 -0.42049 B   113 
 0.03284  1.44346 -0.50883 N   113 
 0.59319  1.23557 -0.21211 B   114 
 0.31697  1.36275  0.18777 R   114 
 0.78873  1.01531 -0.38046 B   115 
 0.65442  0.83362 -0.15566 X   115 
 0.81140  1.09294 -0.65567 B   116 
 0.59048  1.00540 -1.03198 K   116 
 1.14087  1.19124 -0.74534 B   117 
 1.27150  1.09103 -0.49658 B   118 
 1.10126  1.18166 -0.32282 T   118 
 1.47690  0.96842 -0.23273 B   119 
 1.76215  0.95644 -0.20659 D   119 
 1.36852  0.65422 -0.15543 B   120 
 1.20069  0.63514 -0.33964 V   120 
 1.62065  0.52269 -0.02425 B   121 
 1.87792  0.49533 -0.35075 Q   121 
 1.58797  0.66737  0.25327 B   122 
 1.61022  0.86859  0.20896 A   122 
 1.36677  0.45034  0.35674 B   123 
 1.06350  0.75217  0.33563 W   123 
 1.62089  0.21884  0.39561 B   124 
 1.54487  0.07827  0.17944 I   124 
 1.80061  0.33094  0.58102 B   125 
 1.97130  0.67324  0.23162 R   125 
 1.95994  0.12257  0.81937 B   126 
 1.86523 -0.13423  0.69132 B   127 
 1.56434 -0.01823  0.71108 X   127 
 1.85855 -0.49770  0.72028 B   128 
 2.21807 -0.68323  0.69196 R   128 
 1.90451 -0.64343  0.37576 B   129 
 1.69059 -0.49664  0.36241 L   129 
