246 
-1.08865  0.74817 -0.20492 B   1 
-1.36726  0.44789 -0.29681 K   1 
-1.25798  0.64211  0.09249 B   2 
-1.18772  0.82834  0.25847 V   2 
-1.22927  0.36648  0.25491 B   3 
-1.12631  0.15752 -0.11067 F   3 
-1.33912  0.11043  0.40453 B   4 
-1.23801 -0.14320  0.57248 B   5 
-1.23060 -0.27473  0.98750 R   5 
-1.41939 -0.37842  0.45563 B   6 
-1.56053 -0.47206  0.71961 X   6 
-1.39062 -0.27029  0.16565 B   7 
-1.55247  0.05040  0.01281 E   7 
-1.08472 -0.30280  0.13251 B   8 
-0.86625 -0.09019  0.16684 L   8 
-1.05828 -0.59867  0.20463 B   9 
-1.08998 -0.61272  0.41900 A   9 
-1.22706 -0.69984 -0.02939 B   10 
-1.43467 -0.65305  0.02097 A   10 
-1.05273 -0.58222 -0.25724 B   11 
-1.11282 -0.37511 -0.27844 A   11 
-0.78306 -0.70750 -0.17041 B   12 
-0.60439 -0.41695  0.09084 M   12 
-0.88283 -0.99341 -0.19793 B   13 
-1.09968 -1.25581  0.07101 K   13 
-0.97413 -1.00309 -0.48889 B   14 
-1.21480 -0.69641 -0.72259 R   14 
-0.66759 -0.91148 -0.56908 B   15 
-0.80554 -0.57253 -0.70202 H   15 
-0.48668 -1.12883 -0.38065 B   16 
-0.35592 -1.03253 -0.08513 B   17 
-0.29416 -0.72517 -0.16856 L   17 
-0.42829 -1.26965  0.06683 B   18 
-0.63494 -1.34461  0.28136 D   18 
-0.13327 -1.41585  0.15253 B   19 
-0.35144 -1.58846  0.31450 N   19 
 0.06458 -1.25010  0.02120 B   20 
 0.14111 -1.12157 -0.39453 Y   20 
 0.36647 -1.35890  0.08246 B   21 
 0.59906 -1.32907 -0.33054 R   21 
 0.22759 -1.43181  0.38462 B   22 
 0.01429 -1.18907  0.40885 B   23 
 0.43591 -0.99042  0.47266 Y   23 
-0.23337 -1.11811  0.56950 B   24 
-0.27474 -1.20773  0.78200 S   24 
-0.49118 -0.91115  0.52335 B   25 
-0.75531 -0.94535  0.35715 L   25 
-0.45178 -0.74281  0.78962 B   26 
-0.18292 -0.61451  0.70636 B   27 
 0.01477 -0.86104  0.82489 N   27 
-0.28285 -0.45041  0.46559 B   28 
-0.06077 -0.69200  0.16336 W   28 
-0.49712 -0.28931  0.61672 B   29 
-0.72892 -0.40696  0.61842 V   29 
-0.30945 -0.17297  0.82823 B   30 
-0.20924 -0.26784  1.06893 X   30 
-0.12502 -0.02125  0.63531 B   31 
 0.00515 -0.17214  0.54513 A   31 
-0.33499  0.15744  0.49493 B   32 
-0.43920  0.03238  0.35416 A   32 
-0.42549  0.29997  0.75088 B   33 
-0.64916  0.33667  1.00590 K   33 
-0.12202  0.42291  0.82983 B   34 
-0.19003  0.23984  1.19160 F   34 
-0.05386  0.54877  0.54353 B   35 
 0.22488  0.34201  0.48488 E   35 
-0.37133  0.67184  0.44025 B   36 
-0.37630  0.55054  0.25480 S   36 
-0.64744  0.61299  0.57362 B   37 
-0.71629  0.76661  0.80586 N   37 
-0.79207  0.49382  0.30736 B   38 
-0.86195  0.21364  0.60299 F   38 
-0.66025  0.71012  0.09453 B   39 
-0.76267  0.99267  0.10122 N   39 
-0.60294  0.72975 -0.24687 B   40 
-0.79743  0.60724 -0.34332 T   40 
-0.51218  1.05643 -0.24187 B   41 
-0.83673  1.21700 -0.41000 Q   41 
-0.26241  1.02216 -0.08641 B   42 
-0.30930  0.95923  0.10989 A   42 
 0.00807  1.25958 -0.02457 B   43 
-0.03494  1.34043 -0.25153 T   43 
 0.37763  1.25228  0.03634 B   44 
 0.18169  1.19212  0.30457 N   44 
 0.64577  1.42446  0.10981 B   45 
 0.80009  1.70482 -0.28343 R   45 
 0.98746  1.37354  0.08456 B   46 
 0.86887  1.05220  0.08306 N   46 
 1.30227  1.45685  0.17224 B   47 
 1.35391  1.45374  0.42539 T   47 
 1.41480  1.33324 -0.11726 B   48 
 1.35457  1.07496 -0.11467 D   48 
 1.15976  1.44515 -0.31691 B   49 
 0.97168  1.24844 -0.30792 B   50 
 1.05611  1.01902 -0.28257 S   50 
 0.65109  1.05281 -0.33249 B   51 
 0.54612  1.30227 -0.36199 T   51 
 0.36452  0.94179 -0.18150 B   52 
 0.56211  0.76971  0.04046 D   52 
 0.10694  0.70667 -0.30416 B   53 
 0.26651  1.05231 -0.59709 Y   53 
-0.18247  0.63360 -0.18239 B   54 
-0.30391  0.36864  0.01631 B   55 
-0.54452  0.25034 -0.02889 I   55 
 0.03207  0.26412  0.01373 B   56 
-0.08522 -0.03500  0.02292 L   56 
 0.25223  0.47000 -0.02580 B   57 
 0.12846  0.74348  0.14552 Q   57 
 0.38706  0.48702 -0.30639 B   58 
 0.29873  0.21664 -0.42955 I   58 
 0.70162  0.55153 -0.42974 B   59 
 0.93549  0.66398 -0.27015 N   59 
 0.86829  0.76712 -0.67609 B   60 
 0.79711  0.98033 -0.63128 S   60 
 1.17184  0.64879 -0.67762 B   61 
 1.44546  0.91585 -0.48160 R   61 
 1.06730  0.33441 -0.76770 B   62 
 1.42174  0.27898 -0.48636 W   62 
 0.74433  0.28714 -0.87542 B   63 
 0.86297  0.00506 -0.56178 W   63 
 0.66762  0.58456 -0.98300 B   64 
 0.45154  0.62276 -0.84329 X   64 
 0.56449  0.85602 -1.19784 B   65 
 0.73551  0.95137 -1.42118 N   65 
 0.57443  1.23692 -1.13959 B   66 
 0.65669  1.22655 -0.88308 D   66 
 0.80302  1.42914 -1.28496 B   67 
 0.97692  1.50984 -0.97703 B   68 
 0.64536  1.68095 -0.68492 R   68 
 1.19756  1.24987 -0.95345 B   69 
 1.05493  1.16062 -0.76129 T   69 
 1.50464  1.21728 -0.94160 B   70 
 1.52288  1.42349 -0.88764 P   70 
 1.61505  0.90300 -1.00751 B   71 
 1.38296  0.74064 -1.10344 B   72 
 1.18815  0.87645 -1.09493 S   72 
 1.21463  0.40913 -1.18997 B   73 
 1.51681  0.21911 -1.17393 R   73 
 0.92701  0.28236 -1.23870 B   74 
 0.72711  0.41865 -1.37806 N   74 
 0.86179 -0.03755 -1.17236 B   75 
 1.13860 -0.07901 -1.00979 L   75 
 0.53334 -0.02491 -1.22310 B   76 
 0.48721 -0.07732 -0.92040 X   76 
 0.47421  0.13426 -1.47031 B   77 
 0.55708  0.07858 -1.72423 N   77 
 0.35119  0.42697 -1.34739 B   78 
 0.12218  0.25769 -1.27266 I   78 
 0.16176  0.67172 -1.27821 B   79 
 0.08248  0.69472 -1.47021 P   79 
 0.11461  0.79560 -0.97115 B   80 
 0.41274  0.85239 -0.88360 X   80 
-0.18912  0.87395 -1.02115 B   81 
-0.17042  1.01261 -1.21580 S   81 
-0.29712  0.57986 -1.03897 B   82 
-0.21104  0.50109 -1.21419 A   82 
-0.26066  0.55629 -0.71351 B   83 
 0.03539  0.41682 -0.71954 L   83 
-0.54182  0.75384 -0.67692 B   84 
-0.30979  0.97844 -0.61391 L   84 
-0.75480  0.58550 -0.75054 B   85 
-0.82101  0.50885 -0.98906 S   85 
-1.04904  0.41126 -0.68049 B   86 
-1.23233  0.53395 -0.77383 S   86 
-0.88672  0.20245 -0.83511 B   87 
-0.95258  0.02148 -1.05504 D   87 
-0.66388 -0.03410 -0.67892 B   88 
-0.76797 -0.08119 -0.43678 I   88 
-0.51589 -0.20412 -0.89174 B   89 
-0.69528 -0.28873 -1.06818 T   89 
-0.24534 -0.05229 -0.91407 B   90 
-0.28537  0.12301 -1.03617 A   90 
-0.15796 -0.07004 -0.61537 B   91 
-0.26221  0.16434 -0.51781 S   91 
-0.16493 -0.37527 -0.59181 B   92 
-0.40420 -0.46717 -0.53681 V   92 
 0.03261 -0.45346 -0.81324 B   93 
-0.18858 -0.51543 -1.05905 N   93 
 0.25873 -0.28633 -0.68503 B   94 
 0.34083 -0.01992 -0.74397 X   94 
 0.26107 -0.41236 -0.40297 B   95 
 0.08763 -0.33485 -0.30169 A   95 
 0.33679 -0.69731 -0.49506 B   96 
-0.07177 -0.87505 -0.63066 K   96 
 0.62096 -0.60393 -0.58253 B   97 
 0.61372 -0.49692 -0.95243 K   97 
 0.72135 -0.48537 -0.31575 B   98 
 0.61773 -0.19330 -0.30403 I   98 
 0.68787 -0.74334 -0.12788 B   99 
 0.47642 -0.80255 -0.05307 V   99 
 0.88875 -0.90806 -0.33895 B   100 
 0.67493 -1.00186 -0.45859 S   100 
 1.17493 -0.74869 -0.29635 B   101 
 1.23909 -0.48918 -0.37340 D   101 
 1.27205 -0.87422  0.03115 B   102 
 1.13826 -0.69986  0.29373 B   103 
 1.41290 -0.52881  0.26947 N   103 
 0.86394 -0.70253  0.25161 B   104 
 0.65669 -0.50739  0.46133 B   105 
 0.28355 -0.62805  0.46326 M   105 
 0.90162 -0.31920  0.55071 B   106 
 1.01694 -0.55802  0.74828 N   106 
 0.85097 -0.10778  0.32394 B   107 
 0.86647 -0.22185  0.14934 A   107 
 0.63425 -0.02728  0.54079 B   108 
 0.39268 -0.14466  0.15856 W   108 
 0.67441  0.17988  0.79687 B   109 
 0.84566  0.36347  0.74663 V   109 
 0.39043  0.15916  0.92685 B   110 
 0.27002  0.30522  0.82608 A   110 
 0.38644 -0.14442  0.95054 B   111 
 0.40173 -0.51134  0.82114 W   111 
 0.64290 -0.18552  1.11988 B   112 
 1.03488 -0.05298  1.03559 R   112 
 0.56119  0.03736  1.35388 B   113 
 0.81654  0.22174  1.27579 N   113 
 0.21977 -0.06219  1.36797 B   114 
 0.09024  0.42259  1.34390 R   114 
 0.18188 -0.38518  1.27132 B   115 
 0.02196 -0.22474  1.04710 X   115 
 0.41023 -0.53981  1.35023 B   116 
 0.79942 -0.65246  1.16606 K   116 
 0.33391 -0.78386  1.59695 B   117 
 0.03753 -0.75975  1.57322 B   118 
 0.01875 -0.50087  1.56910 T   118 
-0.31755 -0.78651  1.56646 B   119 
-0.49463 -0.97154  1.69532 D   119 
-0.41463 -0.78560  1.23933 B   120 
-0.18500 -0.79047  1.14077 V   120 
-0.69269 -0.92944  1.24765 B   121 
-0.58102 -1.31763  1.34953 Q   121 
-0.85089 -0.68075  1.35784 B   122 
-0.76755 -0.64566  1.54432 A   122 
-0.87906 -0.54859  1.06039 B   123 
-0.60945 -0.23627  1.17567 W   123 
-1.11527 -0.78903  0.98248 B   124 
-0.94602 -0.92361  0.82276 I   124 
-1.32435 -0.75574  1.16802 B   125 
-1.03745 -0.95578  1.55019 R   125 
-1.66030 -0.79951  1.06393 B   126 
-1.58542 -0.91194  0.79363 B   127 
-1.40502 -0.64784  0.74789 X   127 
-1.71360 -1.02976  0.47319 B   128 
-1.93948 -1.36630  0.48688 R   128 
-1.50994 -1.32912  0.36857 B   129 
-1.34079 -1.13337  0.39220 L   129 
