246 
 0.64135 -0.14671  1.16364 B   1 
 1.03739 -0.09062  1.03620 K   1 
 0.73295  0.19830  1.19450 B   2 
 0.53734  0.28870  1.33849 V   2 
 0.77889  0.41737  0.96411 B   3 
 0.90517  0.10699  0.68909 F   3 
 0.93584  0.65030  0.81878 B   4 
 0.90980  0.85246  0.57137 B   5 
 0.82706  1.27488  0.50565 R   5 
 1.20391  0.84607  0.44751 B   6 
 1.27735  1.15011  0.47071 X   6 
 1.22618  0.53900  0.49018 B   7 
 1.26809  0.34680  0.82738 E   7 
 0.99634  0.44795  0.30413 B   8 
 0.70827  0.37467  0.37993 L   8 
 1.08261  0.58823  0.04660 B   9 
 1.04549  0.80007  0.07664 A   9 
 1.34465  0.43354  0.01673 B   10 
 1.48054  0.51488  0.16754 A   10 
 1.22107  0.14956  0.00170 B   11 
 1.18583  0.08814  0.20649 A   11 
 1.02371  0.20376 -0.23082 B   12 
 0.66019  0.33147 -0.04072 M   12 
 1.24324  0.27629 -0.42831 B   13 
 1.45339  0.64678 -0.51062 K   13 
 1.41845  0.02651 -0.42595 B   14 
 1.55865 -0.22009 -0.07081 R   14 
 1.14811 -0.14176 -0.51192 B   15 
 1.15547 -0.32550 -0.16873 H   15 
 1.03270  0.05209 -0.76605 B   16 
 0.78450  0.27427 -0.71371 B   17 
 0.62325  0.10055 -0.49220 L   17 
 0.90100  0.49596 -0.86148 B   18 
 1.03686  0.76337 -0.79528 D   18 
 0.69218  0.54899 -1.12480 B   19 
 0.89827  0.79564 -1.14268 N   19 
 0.49611  0.33745 -1.09880 B   20 
 0.51043 -0.10366 -1.07806 Y   20 
 0.27287  0.35608 -1.33658 B   21 
 0.20011 -0.09125 -1.47858 R   21 
 0.32276  0.68991 -1.29216 B   22 
 0.38462  0.69599 -0.97412 B   23 
-0.07627  0.60849 -1.00910 Y   23 
 0.50723  0.88331 -0.76905 B   24 
 0.51244  1.11564 -0.79898 S   24 
 0.64507  0.84289 -0.46773 B   25 
 0.93471  0.75537 -0.38401 L   25 
 0.45050  1.03900 -0.31129 B   26 
 0.19625  0.86656 -0.34727 B   27 
 0.10260  0.99883 -0.64331 N   27 
 0.28490  0.61963 -0.18587 B   28 
 0.30573  0.35061 -0.54115 W   28 
 0.34260  0.76659  0.07829 B   29 
 0.58778  0.85142  0.09477 V   29 
 0.06539  0.89192  0.10886 B   30 
-0.05431  1.12033  0.00648 X   30 
-0.09317  0.62937  0.12213 B   31 
-0.10515  0.55569 -0.08349 A   31 
 0.04805  0.49737  0.36370 B   32 
 0.23651  0.42197  0.29219 A   32 
-0.02333  0.71980  0.56232 B   33 
 0.06380  0.99932  0.73747 K   33 
-0.35688  0.69310  0.52402 B   34 
-0.33643  1.09619  0.44578 F   34 
-0.37656  0.37594  0.56245 B   35 
-0.49781  0.31336  0.23800 E   35 
-0.13298  0.31762  0.81517 B   36 
-0.01441  0.17707  0.69142 S   36 
 0.08007  0.52023  0.92029 B   37 
-0.00659  0.71262  1.11459 N   37 
 0.34048  0.33466  0.85894 B   38 
 0.42728  0.70194  0.69058 F   38 
 0.20350  0.04809  0.95153 B   39 
 0.16088  0.00229  1.24556 N   39 
 0.25815 -0.29009  0.89790 B   40 
 0.50634 -0.30436  0.87949 T   40 
 0.03531 -0.39253  1.13206 B   41 
 0.28920 -0.52003  1.41253 Q   41 
-0.20836 -0.29368  0.99573 B   42 
-0.20515 -0.08239  0.98944 A   42 
-0.55982 -0.35942  1.06987 B   43 
-0.48606 -0.58405  1.13308 T   43 
-0.88461 -0.38325  0.88471 B   44 
-0.78176 -0.07183  0.96469 N   44 
-1.20886 -0.42024  0.90566 B   45 
-1.33437 -0.89803  1.01974 R   45 
-1.46291 -0.50702  0.68678 B   46 
-1.22037 -0.39647  0.47165 N   46 
-1.79111 -0.51754  0.60995 B   47 
-1.91524 -0.29094  0.61204 T   47 
-1.73562 -0.78139  0.41232 B   48 
-1.57118 -0.69685  0.22218 D   48 
-1.50775 -0.94111  0.61231 B   49 
-1.26620 -0.83826  0.54005 B   50 
-1.24267 -0.77248  0.30441 S   50 
-0.90369 -0.73742  0.53143 B   51 
-0.91767 -0.80780  0.79406 T   51 
-0.66442 -0.50209  0.59936 B   52 
-0.82484 -0.29258  0.37960 D   52 
-0.30493 -0.49688  0.51328 B   53 
-0.49657 -0.89913  0.69273 Y   53 
-0.07068 -0.29839  0.61154 B   54 
 0.08393 -0.01447  0.47039 B   55 
 0.35200  0.02853  0.48506 I   55 
-0.14888 -0.06447  0.21132 B   56 
 0.07920  0.04990  0.01583 L   56 
-0.41132 -0.20560  0.27153 B   57 
-0.48571 -0.08984  0.58860 Q   57 
-0.43996 -0.50345  0.18398 B   58 
-0.20574 -0.52730 -0.01763 I   58 
-0.69085 -0.70679  0.06554 B   59 
-0.98797 -0.63947  0.06318 N   59 
-0.84566 -1.03242  0.13588 B   60 
-0.89587 -1.03107  0.35951 S   60 
-1.04560 -1.07050 -0.11852 B   61 
-1.45659 -1.01901 -0.00431 R   61 
-0.78904 -1.04801 -0.34556 B   62 
-1.15156 -0.84899 -0.53744 W   62 
-0.46356 -1.06402 -0.23624 B   63 
-0.53898 -0.72163 -0.49909 W   63 
-0.49703 -1.22669  0.04364 B   64 
-0.37935 -1.05738  0.20224 X   64 
-0.46199 -1.47711  0.30161 B   65 
-0.57435 -1.75020  0.26975 N   65 
-0.65892 -1.52589  0.62935 B   66 
-0.80645 -1.30108  0.61020 D   66 
-0.88784 -1.76452  0.66077 B   67 
-1.16910 -1.53623  0.67953 B   68 
-1.06395 -1.23343  1.02852 R   68 
-1.24498 -1.49455  0.34889 B   69 
-1.14885 -1.25869  0.36785 T   69 
-1.49042 -1.54365  0.16763 B   70 
-1.61506 -1.55193  0.34131 P   70 
-1.42102 -1.54674 -0.16476 B   71 
-1.12391 -1.54151 -0.19822 B   72 
-1.02471 -1.52591  0.01715 S   72 
-0.80767 -1.49683 -0.40731 B   73 
-0.98025 -1.49909 -0.72018 R   73 
-0.49546 -1.44435 -0.37661 B   74 
-0.34408 -1.56638 -0.17624 N   74 
-0.32017 -1.28254 -0.60918 B   75 
-0.58549 -1.18118 -0.76442 L   75 
-0.03536 -1.25981 -0.43895 B   76 
-0.07213 -0.95173 -0.42368 X   76 
 0.02357 -1.52062 -0.30310 B   77 
 0.06195 -1.76249 -0.42337 N   77 
-0.04426 -1.45553  0.02413 B   78 
 0.19779 -1.28913  0.00395 I   78 
-0.01785 -1.41318  0.33731 B   79 
 0.10055 -1.58154  0.37360 P   79 
-0.13372 -1.14761  0.50434 B   80 
-0.43616 -1.14747  0.41323 X   80 
 0.10097 -1.14719  0.71838 B   81 
 0.08700 -1.37072  0.80383 S   81 
 0.32785 -1.06155  0.51923 B   82 
 0.34822 -1.22423  0.38717 A   82 
 0.20194 -0.75831  0.52027 B   83 
 0.01915 -0.79332  0.25103 L   83 
 0.33651 -0.71341  0.83538 B   84 
 0.02243 -0.76604  0.91809 L   84 
 0.61309 -0.68996  0.78989 B   85 
 0.78013 -0.87840  0.72872 S   85 
 0.91328 -0.51201  0.79778 B   86 
 1.04188 -0.59101  0.98374 S   86 
 0.92128 -0.63793  0.51861 B   87 
 1.12845 -0.78130  0.37034 D   87 
 0.78995 -0.47863  0.22300 B   88 
 0.81887 -0.21573  0.26467 I   88 
 0.81158 -0.66620 -0.02286 B   89 
 1.05634 -0.76893 -0.02621 T   89 
 0.52558 -0.78815 -0.03217 B   90 
 0.52064 -0.94022  0.12304 A   90 
 0.36335 -0.52296 -0.05507 B   91 
 0.31410 -0.47036  0.20974 S   91 
 0.49745 -0.41823 -0.30967 B   92 
 0.72002 -0.28859 -0.26092 V   92 
 0.43966 -0.64938 -0.50304 B   93 
 0.73178 -0.81379 -0.47439 N   93 
 0.13487 -0.62428 -0.45857 B   94 
-0.03308 -0.76872 -0.27935 X   94 
 0.09721 -0.32685 -0.53320 B   95 
 0.17433 -0.21359 -0.36716 A   95 
 0.19099 -0.35450 -0.82621 B   96 
 0.65505 -0.34280 -0.78867 K   96 
-0.05911 -0.52504 -0.90028 B   97 
 0.01973 -0.89867 -0.85011 K   97 
-0.28254 -0.32891 -0.81709 B   98 
-0.33004 -0.37227 -0.51369 I   98 
-0.20088 -0.07673 -0.99792 B   99 
-0.02253  0.05656 -0.93283 V   99 
-0.22629 -0.27593 -1.26569 B   100 
 0.03277 -0.31524 -1.25264 S   100 
-0.54982 -0.34251 -1.26854 B   101 
-0.69384 -0.49807 -1.08838 D   101 
-0.68156 -0.02387 -1.38501 B   102 
-0.73317  0.20602 -1.13655 B   103 
-1.03050  0.07624 -1.13172 N   103 
-0.48949  0.22876 -1.00565 B   104 
-0.47187  0.42005 -0.70881 B   105 
-0.10757  0.53760 -0.62359 M   105 
-0.78909  0.39894 -0.66052 B   106 
-0.84321  0.62176 -0.89882 N   106 
-0.76717  0.14151 -0.48180 B   107 
-0.67242  0.00463 -0.60838 A   107 
-0.69291  0.37206 -0.27733 B   108 
-0.31468  0.09902 -0.30239 W   108 
-0.90209  0.54813 -0.08932 B   109 
-1.11032  0.41385 -0.02481 V   109 
-0.69836  0.73920  0.05195 B   110 
-0.63018  0.63292  0.22528 A   110 
-0.56751  0.84294 -0.20272 B   111 
-0.37467  0.81565 -0.53987 W   111 
-0.81823  0.95512 -0.34657 B   112 
-1.17672  0.75297 -0.44113 R   112 
-0.92558  1.13365 -0.08636 B   113 
-1.19524  0.95419 -0.06696 N   113 
-0.60109  1.24988  0.00238 B   114 
-0.70118  1.12760  0.47925 R   114 
-0.39414  1.25355 -0.26642 B   115 
-0.25921  1.03656 -0.07589 X   115 
-0.54138  1.31739 -0.50416 B   116 
-0.75580  1.08735 -0.81909 K   116 
-0.44938  1.63066 -0.64434 B   117 
-0.20521  1.66849 -0.47717 B   118 
-0.30353  1.60007 -0.24687 T   118 
 0.10503  1.74889 -0.32186 B   119 
 0.29316  1.95857 -0.37510 D   119 
 0.29212  1.46369 -0.31192 B   120 
 0.13489  1.32107 -0.44384 V   120 
 0.58538  1.57206 -0.29369 B   121 
 0.63200  1.74566 -0.66950 Q   121 
 0.57065  1.64481  0.01210 B   122 
 0.42478  1.79164  0.02276 A   122 
 0.63214  1.33712  0.10312 B   123 
 0.23063  1.30178  0.24824 W   123 
 0.96161  1.38092  0.00717 B   124 
 0.93243  1.22894 -0.21265 I   124 
 1.06072  1.59292  0.16361 B   125 
 0.78611  1.94005 -0.10559 R   125 
 1.39428  1.58230  0.28291 B   126 
 1.46995  1.34193  0.11615 B   127 
 1.21676  1.18844  0.24544 X   127 
 1.73370  1.10152  0.04109 B   128 
 2.06753  1.25441 -0.13110 R   128 
 1.73128  1.03727 -0.33027 B   129 
 1.49532  0.96949 -0.24532 L   129 
