246 
 0.00079 -1.02558 -0.85737 B   1 
 0.16741 -1.32414 -0.61377 K   1 
-0.25891 -1.20787 -0.69093 B   2 
-0.46763 -1.12696 -0.82154 V   2 
-0.34372 -1.20290 -0.38115 B   3 
 0.06389 -1.10911 -0.26728 F   3 
-0.42152 -1.33437 -0.10425 B   4 
-0.51728 -1.25566  0.19138 B   5 
-0.88358 -1.26583  0.42657 R   5 
-0.34340 -1.45195  0.37335 B   6 
-0.57402 -1.60458  0.52131 X   6 
-0.09163 -1.40979  0.19602 B   7 
-0.02804 -1.54431 -0.16490 E   7 
-0.05066 -1.10661  0.24226 B   8 
-0.13893 -0.87352  0.06343 L   8 
-0.04302 -1.10374  0.54784 B   9 
-0.24635 -1.14038  0.61472 A   9 
 0.20901 -1.27525  0.57128 B   10 
 0.14785 -1.47968  0.52334 A   10 
 0.39855 -1.08841  0.41220 B   11 
 0.36488 -1.13242  0.20271 A   11 
 0.34787 -0.83053  0.57617 B   12 
 0.02014 -0.63549  0.37833 M   12 
 0.44889 -0.95090  0.83649 B   13 
 0.25740 -1.19175  1.14231 K   13 
 0.73215 -1.03726  0.76302 B   14 
 0.87732 -1.24991  0.38846 R   14 
 0.78615 -0.72328  0.67761 B   15 
 0.82580 -0.83298  0.30615 H   15 
 0.66126 -0.56269  0.94981 B   16 
 0.35106 -0.43059  0.94414 B   17 
 0.35149 -0.34445  0.63137 L   17 
 0.26614 -0.52332  1.20633 B   18 
 0.07827 -0.73894  1.31838 D   18 
 0.22204 -0.24171  1.39210 B   19 
 0.11037 -0.47516  1.58356 N   19 
 0.30588 -0.02961  1.21364 B   20 
 0.67379  0.06404  0.98762 Y   20 
 0.27564  0.26210  1.35758 B   21 
 0.66691  0.50390  1.23930 R   21 
 0.00275  0.11257  1.49571 B   22 
-0.08434 -0.08237  1.25194 B   23 
-0.19709  0.35169  1.10988 Y   23 
-0.25834 -0.32696  1.20637 B   24 
-0.44016 -0.37886  1.34474 S   24 
-0.26823 -0.56765  0.97528 B   25 
-0.09929 -0.83047  0.94456 L   25 
-0.56913 -0.52070  0.88562 B   26 
-0.52181 -0.24150  0.76120 B   27 
-0.57156 -0.06505  1.04457 N   27 
-0.33237 -0.32437  0.53288 B   28 
 0.02279 -0.11543  0.70385 W   28 
-0.52066 -0.52874  0.40065 B   29 
-0.49196 -0.76870  0.49645 V   29 
-0.75489 -0.33685  0.35821 B   30 
-0.96232 -0.24851  0.51991 X   30 
-0.60795 -0.13803  0.17619 B   31 
-0.48130 -0.01787  0.30798 A   31 
-0.51941 -0.33139 -0.04852 B   32 
-0.35105 -0.44204  0.02716 A   32 
-0.80384 -0.41570 -0.12605 B   33 
-1.05996 -0.64069 -0.11223 K   33 
-0.91164 -0.10540 -0.20041 B   34 
-1.21320 -0.19362  0.06471 F   34 
-0.66800 -0.02270 -0.39082 B   35 
-0.55697  0.24082 -0.18560 E   35 
-0.60093 -0.32809 -0.56064 B   36 
-0.39026 -0.33869 -0.49255 S   36 
-0.71477 -0.61027 -0.49057 B   37 
-0.97917 -0.67171 -0.58327 N   37 
-0.42687 -0.75844 -0.45635 B   38 
-0.63925 -0.85457 -0.11512 F   38 
-0.27766 -0.60687 -0.70976 B   39 
-0.35802 -0.68796 -0.98785 N   39 
 0.04689 -0.54192 -0.81311 B   40 
 0.17165 -0.74322 -0.73530 T   40 
-0.04305 -0.42707 -1.11921 B   41 
 0.07682 -0.73551 -1.34255 Q   41 
-0.18377 -0.18349 -1.02650 B   42 
-0.35692 -0.23860 -0.91844 A   42 
-0.30499  0.10281 -1.21804 B   43 
-0.10707  0.07019 -1.35825 T   43 
-0.36128  0.46959 -1.16666 B   44 
-0.60483  0.26475 -1.05405 N   44 
-0.47670  0.74846 -1.29256 B   45 
-0.17000  0.93061 -1.65286 R   45 
-0.43848  1.08579 -1.22378 B   46 
-0.35337  0.94352 -0.92405 N   46 
-0.54435  1.40427 -1.25686 B   47 
-0.78783  1.45083 -1.18398 T   47 
-0.23244  1.51258 -1.20457 B   48 
-0.16763  1.43315 -0.95997 D   48 
-0.06933  1.27039 -1.38392 B   49 
-0.02698  1.06798 -1.20677 B   50 
 0.00856  1.13450 -0.97286 S   50 
 0.04727  0.73415 -1.04960 B   51 
 0.01047  0.64871 -1.30547 T   51 
-0.06998  0.43731 -0.92555 B   52 
-0.23902  0.61732 -0.68691 D   52 
 0.10937  0.16518 -0.75105 B   53 
 0.30220  0.35558 -1.14766 Y   53 
 0.01042 -0.13110 -0.67136 B   54 
-0.11244 -0.27571 -0.37398 B   55 
-0.03833 -0.52362 -0.29045 I   55 
-0.08213  0.05150 -0.24815 B   56 
-0.01313 -0.08801  0.03307 L   56 
-0.09735  0.28715 -0.43961 B   57 
-0.33430  0.18104 -0.66776 Q   57 
 0.16930  0.42806 -0.51863 B   58 
 0.35861  0.32203 -0.29728 I   58 
 0.27206  0.74879 -0.58857 B   59 
 0.08903  0.98743 -0.63722 N   59 
 0.45388  0.93568 -0.84734 B   60 
 0.35485  0.87985 -1.04637 S   60 
 0.48673  1.22950 -0.71045 B   61 
 0.22825  1.51866 -0.89534 R   61 
 0.65556  1.10340 -0.43939 B   62 
 0.39901  1.44742 -0.28547 W   62 
 0.77135  0.77986 -0.44684 B   63 
 0.54240  0.87120 -0.08456 W   63 
 0.79746  0.72764 -0.76701 B   64 
 0.65228  0.51247 -0.78408 X   64 
 0.93385  0.64913 -1.09216 B   65 
 1.12484  0.83093 -1.22888 N   65 
 0.77822  0.68648 -1.44282 B   66 
 0.53345  0.76296 -1.35972 D   66 
 0.86876  0.93147 -1.64803 B   67 
 0.55073  1.10519 -1.63212 B   68 
 0.22355  0.78200 -1.74633 R   68 
 0.59617  1.30527 -1.35877 B   69 
 0.43373  1.15281 -1.23384 T   69 
 0.59373  1.60877 -1.30063 B   70 
 0.48786  1.64139 -1.48365 P   70 
 0.73957  1.69654 -1.00680 B   71 
 0.87416  1.45478 -0.89342 B   72 
 0.83019  1.27055 -1.03693 S   72 
 1.04393  1.26373 -0.60986 B   73 
 1.07853  1.55048 -0.39950 R   73 
 1.12360  0.96838 -0.52272 B   74 
 1.22222  0.78186 -0.70558 N   74 
 1.14293  0.87817 -0.20259 B   75 
 0.99727  1.14803 -0.09902 L   75 
 1.18808  0.55259 -0.25329 B   76 
 0.90948  0.49706 -0.12761 X   76 
 1.38509  0.51013 -0.47540 B   77 
 1.64487  0.59330 -0.48152 N   77 
 1.18984  0.40711 -0.73460 B   78 
 1.16150  0.16473 -0.56989 I   78 
 1.05887  0.23529 -0.96676 B   79 
 1.23809  0.16154 -1.04499 P   79 
 0.73005  0.19186 -1.00969 B   80 
 0.63119  0.49173 -1.01856 X   80 
 0.75738 -0.10417 -1.12153 B   81 
 0.90912 -0.07153 -1.30421 S   81 
 0.85115 -0.23354 -0.85146 B   82 
 1.04100 -0.15036 -0.81462 A   82 
 0.54318 -0.20499 -0.74124 B   83 
 0.58588  0.07984 -0.58575 L   83 
 0.45584 -0.47120 -0.94352 B   84 
 0.33678 -0.22422 -1.12539 L   84 
 0.57049 -0.69479 -0.81710 B   85 
 0.82065 -0.76211 -0.81052 S   85 
 0.54787 -1.00250 -0.65386 B   86 
 0.60566 -1.17432 -0.81037 S   86 
 0.75189 -0.85342 -0.48063 B   87 
 1.01132 -0.92856 -0.36879 D   87 
 0.66321 -0.65185 -0.19511 B   88 
 0.44158 -0.76366 -0.09479 I   88 
 0.91326 -0.51309 -0.07548 B   89 
 1.10538 -0.69500 -0.05381 T   89 
 0.89564 -0.23155 -0.20655 B   90 
 0.96769 -0.25608 -0.41014 A   90 
 0.61207 -0.15132 -0.10497 B   91 
 0.45655 -0.23951 -0.31319 S   91 
 0.66897 -0.18155  0.19440 B   92 
 0.63947 -0.42801  0.27871 V   92 
 0.90345  0.01365  0.22724 B   93 
 1.15655 -0.20696  0.20583 N   93 
 0.73644  0.24924  0.11720 B   94 
 0.72394  0.35213 -0.14822 X   94 
 0.49704  0.23690  0.31210 B   95 
 0.37877  0.06790  0.25049 A   95 
 0.66044  0.29277  0.56822 B   96 
 0.83706 -0.12537  0.67247 K   96 
 0.72097  0.58470  0.47749 B   97 
 1.05010  0.59236  0.27765 K   97 
 0.43265  0.68873  0.44058 B   98 
 0.34495  0.60706  0.15453 I   98 
 0.31856  0.63254  0.73518 B   99 
 0.26146  0.41590  0.79533 V   99 
 0.56563  0.82440  0.85425 B   100 
 0.70525  0.60642  0.89690 S   100 
 0.48339  1.12088  0.73403 B   101 
 0.49014  1.20570  0.46916 D   101 
 0.20015  1.20223  0.94759 B   102 
-0.09904  1.07702  0.83782 B   103 
-0.11982  1.36409  0.68806 N   103 
-0.05814  0.80410  0.80827 B   104 
-0.31186  0.60818  0.65907 B   105 
-0.28284  0.22708  0.74692 M   105 
-0.44686  0.86482  0.52010 B   106 
-0.57507  0.95824  0.81028 N   106 
-0.28320  0.83436  0.25368 B   107 
-0.08486  0.84451  0.31922 A   107 
-0.51390  0.62028  0.21594 B   108 
-0.11467  0.37774  0.21079 W   108 
-0.81510  0.67108  0.08633 B   109 
-0.81423  0.85650 -0.09024 V   109 
-0.93563  0.38398  0.11820 B   110 
-0.87667  0.27673 -0.05789 A   110 
-0.87927  0.35683  0.41624 B   111 
-0.65859  0.34700  0.73687 W   111 
-1.03161  0.60631  0.51966 B   112 
-0.98419  1.00861  0.40038 R   112 
-1.31579  0.53719  0.35977 B   113 
-1.28812  0.80704  0.18168 N   113 
-1.30397  0.18907  0.43292 B   114 
-1.40747  0.09667 -0.04991 R   114 
-1.12644  0.12891  0.71569 B   115 
-0.95213 -0.01436  0.49058 X   115 
-1.16189  0.34353  0.90266 B   116 
-0.95407  0.72655  0.99315 K   116 
-1.33649  0.24459  1.19588 B   117 
-1.32037 -0.04867  1.14365 B   118 
-1.38398 -0.04793  0.89197 T   118 
-1.30743 -0.40456  1.14026 B   119 
-1.38382 -0.59736  1.33823 D   119 
-0.99203 -0.49521  1.04674 B   120 
-0.89524 -0.26480  1.04348 V   120 
-0.96298 -0.78337  1.16589 B   121 
-0.95984 -0.70299  1.57464 Q   121 
-1.13451 -0.92452  0.94303 B   122 
-1.32354 -0.84226  0.96423 A   122 
-0.88190 -0.93719  0.73623 B   123 
-1.07425 -0.64715  0.48644 W   123 
-0.74433 -1.18926  0.92914 B   124 
-0.55475 -1.02763  1.03014 I   124 
-0.93246 -1.39866  0.92928 B   125 
-1.24872 -1.13469  1.24341 R   125 
-0.82111 -1.73495  0.91840 B   126 
-0.53071 -1.66370  0.96202 B   127 
-0.55519 -1.46322  0.70984 X   127 
-0.19084 -1.79437  0.98210 B   128 
-0.11660 -2.04504  1.29215 R   128 
-0.01139 -1.61180  1.25870 B   129 
-0.08500 -1.42893  1.08949 L   129 
