246 
 0.17535  0.44210  1.24928 B   1 
 0.06520  0.09876  1.46427 K   1 
 0.46396  0.24036  1.31542 B   2 
 0.65448  0.40481  1.25356 V   2 
 0.54820 -0.04160  1.18665 B   3 
 0.13104 -0.14273  1.12609 F   3 
 0.64939 -0.34107  1.19627 B   4 
 0.73134 -0.58326  1.00291 B   5 
 1.09494 -0.78181  0.86885 R   5 
 0.59571 -0.83373  1.14695 B   6 
 0.85038 -1.00980  1.19712 X   6 
 0.33952 -0.67031  1.21232 B   7 
 0.29873 -0.38447  1.47507 E   7 
 0.24604 -0.61019  0.92357 B   8 
 0.29093 -0.35556  0.75848 L   8 
 0.23962 -0.89521  0.81327 B   9 
 0.44657 -0.95677  0.79006 A   9 
 0.02186 -0.99416  1.00373 B   10 
 0.11781 -1.01678  1.19894 A   10 
-0.19846 -0.79296  0.91936 B   11 
-0.15866 -0.61036  1.02903 A   11 
-0.19313 -0.85249  0.61541 B   12 
 0.09409 -0.57723  0.45314 M   12 
-0.26999 -1.14466  0.64982 B   13 
-0.03748 -1.50175  0.73126 K   13 
-0.53400 -1.12539  0.80155 B   14 
-0.64142 -0.85966  1.15431 R   14 
-0.64290 -0.93937  0.55189 B   15 
-0.66456 -0.63337  0.79166 H   15 
-0.54683 -1.12904  0.28681 B   16 
-0.26478 -1.05655  0.11681 B   17 
-0.28201 -0.73420  0.14910 L   17 
-0.16347 -1.32823  0.09487 B   18 
 0.06002 -1.49568  0.22276 D   18 
-0.16868 -1.40027 -0.23760 B   19 
-0.01664 -1.65331 -0.10922 N   19 
-0.28951 -1.16497 -0.35551 B   20 
-0.66934 -0.94590 -0.30125 Y   20 
-0.31036 -1.19533 -0.68012 B   21 
-0.73872 -1.02665 -0.79677 R   21 
-0.01468 -1.35827 -0.63617 B   22 
 0.10410 -1.19284 -0.38411 B   23 
 0.13790 -0.90059 -0.75119 Y   23 
 0.31822 -1.22409 -0.17115 B   24 
 0.50706 -1.35926 -0.20230 S   24 
 0.36913 -1.09175  0.13106 B   25 
 0.24896 -1.16644  0.41130 L   25 
 0.65659 -0.97121  0.07085 B   26 
 0.56018 -0.76045 -0.13399 B   27 
 0.57956 -0.96009 -0.40542 N   27 
 0.38710 -0.58893  0.05445 B   28 
 0.00159 -0.69956 -0.14093 W   28 
 0.60774 -0.52417  0.25897 B   29 
 0.62226 -0.69960  0.45027 V   29 
 0.80429 -0.40154  0.05943 B   30 
 0.99376 -0.50768 -0.11323 X   30 
 0.62368 -0.17183 -0.03472 B   31 
 0.47853 -0.26147 -0.17164 A   31 
 0.56939 -0.03552  0.23767 B   32 
 0.42355 -0.15634  0.33990 A   32 
 0.86382  0.02663  0.29659 B   33 
 1.15562 -0.04770  0.45699 K   33 
 0.91488  0.21199  0.02005 B   34 
 1.22866 -0.04621 -0.04233 F   34 
 0.65949  0.40236  0.05147 B   35 
 0.50486  0.29533 -0.24605 E   35 
 0.64637  0.44962  0.40388 B   36 
 0.44122  0.36806  0.42365 S   36 
 0.80850  0.29310  0.62001 B   37 
 1.07909  0.37609  0.66656 N   37 
 0.55138  0.18982  0.79099 B   38 
 0.77916 -0.14829  0.72327 F   38 
 0.37647  0.46954  0.76612 B   39 
 0.46840  0.70642  0.92676 N   39 
 0.04502  0.56689  0.79601 B   40 
-0.04193  0.41532  0.97379 T   40 
 0.11172  0.89917  0.78479 B   41 
 0.04688  0.99179  1.16767 Q   41 
 0.20782  0.90729  0.50475 B   42 
 0.38853  0.79875  0.48876 A   42 
 0.27571  1.19464  0.28987 B   43 
 0.08590  1.30085  0.40206 T   43 
 0.26679  1.27879 -0.07506 B   44 
 0.54321  1.11836  0.03364 N   44 
 0.33063  1.50183 -0.30555 B   45 
-0.00524  1.88147 -0.29483 R   45 
 0.23397  1.55302 -0.63420 B   46 
 0.17681  1.21743 -0.59628 N   46 
 0.28191  1.70254 -0.93267 B   47 
 0.51376  1.66720 -1.04109 T   47 
-0.04392  1.67051 -1.00020 B   48 
-0.09244  1.40979 -1.00374 D   48 
-0.16276  1.74230 -0.68691 B   49 
-0.16788  1.50308 -0.55692 B   50 
-0.21335  1.30541 -0.69571 S   50 
-0.18134  1.23439 -0.29371 B   51 
-0.13141  1.44604 -0.12991 T   51 
-0.01299  1.02253 -0.08389 B   52 
 0.12295  0.87399 -0.36206 D   52 
-0.14069  0.75214  0.13348 B   53 
-0.36612  1.17630  0.13102 Y   53 
 0.00931  0.58068  0.36157 B   54 
 0.15728  0.26054  0.36866 B   55 
 0.12842  0.09073  0.57904 I   55 
 0.07048  0.25543  0.02769 B   56 
 0.02860 -0.06082  0.06705 L   56 
 0.04294  0.51780 -0.12336 B   57 
 0.29368  0.70986  0.01701 Q   57 
-0.24477  0.62293 -0.18146 B   58 
-0.41128  0.36621 -0.13199 I   58 
-0.40277  0.79357 -0.43491 B   59 
-0.26489  0.93490 -0.66692 N   59 
-0.61602  1.08846 -0.48505 B   60 
-0.50976  1.26157 -0.37887 S   60 
-0.69938  1.06116 -0.79882 B   61 
-0.49685  1.35257 -1.04103 R   61 
-0.84194  0.75236 -0.75194 B   62 
-0.64919  0.74627 -1.16505 W   62 
-0.89898  0.63827 -0.43276 B   63 
-0.68779  0.34722 -0.68317 W   63 
-0.91717  0.91737 -0.26636 B   64 
-0.73645  0.86783 -0.08594 X   64 
-1.03930  1.18447 -0.05606 B   65 
-1.26004  1.36292 -0.14352 N   65 
-0.89453  1.53569  0.00923 B   66 
-0.66661  1.50136 -0.13059 D   66 
-1.02788  1.80704 -0.12832 B   67 
-0.74533  1.87447 -0.34557 B   68 
-0.36695  1.89020 -0.06075 R   68 
-0.82386  1.68602 -0.61968 B   69 
-0.63646  1.52692 -0.55036 T   69 
-0.87461  1.73807 -0.92003 B   70 
-0.77710  1.92764 -0.90205 P   70 
-1.03208  1.48440 -1.08178 B   71 
-1.12139  1.28475 -0.87784 B   72 
-1.04642  1.35734 -0.66436 S   72 
-1.25337  0.94149 -0.77550 B   73 
-1.33683  0.84295 -1.10867 R   73 
-1.27931  0.75132 -0.52185 B   74 
-1.34451  0.85024 -0.26902 N   74 
-1.28078  0.41934 -0.54980 B   75 
-1.18438  0.42686 -0.85870 L   75 
-1.26814  0.34972 -0.22483 B   76 
-0.98346  0.23170 -0.26385 X   76 
-1.45576  0.52907 -0.07455 B   77 
-1.72616  0.54633 -0.10662 N   77 
-1.24678  0.74840  0.08084 B   78 
-1.17533  0.51159  0.24054 I   78 
-1.08882  0.91403  0.30035 B   79 
-1.25265  0.94920  0.42525 P   79 
-0.75772  0.96117  0.30210 B   80 
-0.71327  1.08108  0.01328 X   80 
-0.73307  0.96022  0.61878 B   81 
-0.88915  1.13207  0.67854 S   81 
-0.80117  0.65627  0.65681 B   82 
-1.00250  0.63813  0.59805 A   82 
-0.50247  0.58410  0.54115 B   83 
-0.59385  0.53562  0.23062 L   83 
-0.37067  0.68584  0.84396 B   84 
-0.29794  0.95025  0.66216 L   84 
-0.44349  0.48173  1.02328 B   85 
-0.67785  0.43512  1.12358 S   85 
-0.36617  0.22306  1.24453 B   86 
-0.39361  0.30526  1.46780 S   86 
-0.59234  0.09958  1.07883 B   87 
-0.83389 -0.04875  1.15032 D   87 
-0.53905 -0.09065  0.77720 B   88 
-0.30067 -0.20853  0.80824 I   88 
-0.80901 -0.17077  0.64757 B   89 
-0.96597 -0.26767  0.83848 T   89 
-0.84193  0.05141  0.43239 B   90 
-0.90961  0.22817  0.53923 A   90 
-0.57639  0.00375  0.27622 B   91 
-0.40887  0.17794  0.40627 S   91 
-0.62551 -0.29039  0.20661 B   92 
-0.55262 -0.45341  0.39852 V   92 
-0.89053 -0.26861  0.05346 B   93 
-1.10093 -0.34292  0.30525 N   93 
-0.76820 -0.07206 -0.15125 B   94 
-0.77541  0.21278 -0.15336 X   94 
-0.52935 -0.24230 -0.24831 B   95 
-0.38348 -0.23588 -0.09011 A   95 
-0.69868 -0.47309 -0.36440 B   96 
-0.79835 -0.72877  0.01189 K   96 
-0.81016 -0.29025 -0.59082 B   97 
-1.13654 -0.12310 -0.47308 K   97 
-0.54487 -0.19987 -0.72028 B   98 
-0.44566  0.04474 -0.55748 I   98 
-0.42112 -0.48707 -0.79215 B   99 
-0.32644 -0.61522 -0.62355 V   99 
-0.69749 -0.54788 -0.97090 B   100 
-0.79632 -0.67345 -0.76283 S   100 
-0.66938 -0.32625 -1.21421 B   101 
-0.69236 -0.04954 -1.19677 D   101 
-0.40378 -0.47817 -1.41126 B   102 
-0.08779 -0.39920 -1.30563 B   103 
-0.11869 -0.15740 -1.51976 N   103 
-0.08015 -0.46986 -1.03733 B   104 
 0.20333 -0.38187 -0.84519 B   105 
 0.24234 -0.59928 -0.52114 M   105 
 0.29028 -0.15309 -1.05375 B   106 
 0.40156 -0.38285 -1.26398 N   106 
 0.13316  0.07411 -0.90415 B   107 
-0.06353  0.00302 -0.90457 A   107 
 0.39774  0.05005 -0.73128 B   108 
 0.04746 -0.05700 -0.44132 W   108 
 0.68461  0.20929 -0.78083 B   109 
 0.65017  0.43909 -0.88836 V   109 
 0.85399  0.08718 -0.54765 B   110 
 0.81391  0.21019 -0.37663 A   110 
 0.80486 -0.20459 -0.61973 B   111 
 0.59104 -0.52252 -0.68904 W   111 
 0.91141 -0.20361 -0.91090 B   112 
 0.79325  0.04541 -1.23082 R   112 
 1.20248 -0.05920 -0.83657 B   113 
 1.12678  0.19975 -1.01687 N   113 
 1.25254 -0.25017 -0.54042 B   114 
 1.36816  0.17561 -0.30017 R   114 
 1.08987 -0.54743 -0.55695 B   115 
 0.94234 -0.39902 -0.31655 X   115 
 1.08795 -0.64462 -0.82682 B   116 
 0.81640 -0.60917 -1.17765 K   116 
 1.27878 -0.94140 -0.86870 B   117 
 1.31428 -0.99631 -0.57765 B   118 
 1.37545 -0.75661 -0.49898 T   118 
 1.36421 -1.11857 -0.24689 B   119 
 1.47440 -1.36584 -0.15249 D   119 
 1.06922 -1.08423 -0.07884 B   120 
 0.93335 -1.00710 -0.27391 V   120 
 1.09200 -1.29837  0.14855 B   121 
 1.07690 -1.65235 -0.07056 Q   121 
 1.28454 -1.12795  0.32993 B   122 
 1.45624 -1.10619  0.21593 A   122 
 1.03703 -0.95624  0.45639 B   123 
 1.17398 -0.60835  0.24725 W   123 
 0.94702 -1.23399  0.64195 B   124 
 0.73246 -1.28460  0.48809 I   124 
 1.16909 -1.29468  0.80395 B   125 
 1.43556 -1.47443  0.39767 R   125 
 1.11865 -1.40973  1.13535 B   126 
 0.82047 -1.44518  1.10150 B   127 
 0.80793 -1.13775  1.00294 X   127 
 0.50904 -1.53265  1.26988 B   128 
 0.48173 -1.91508  1.40209 R   128 
 0.30169 -1.73932  1.03252 B   129 
 0.34106 -1.51226  0.91260 L   129 
