246 
 0.49576 -1.22551 -0.19816 B   1 
 0.69274 -1.28454  0.16783 K   1 
 0.27696 -1.38761  0.03471 B   2 
 0.08512 -1.46337 -0.12221 V   2 
 0.13280 -1.26711  0.29524 B   3 
 0.45849 -0.98634  0.35009 F   3 
 0.04428 -1.26827  0.59885 B   4 
-0.13000 -1.09996  0.80875 B   5 
-0.51530 -1.13195  1.00905 R   5 
 0.05472 -1.10439  1.06902 B   6 
-0.14248 -1.24091  1.27113 X   6 
 0.31186 -1.06192  0.89966 B   7 
 0.48706 -1.31783  0.66255 E   7 
 0.24629 -0.78338  0.78199 B   8 
 0.12897 -0.71630  0.50660 L   8 
 0.18945 -0.63216  1.04150 B   9 
-0.00167 -0.70501  1.11445 A   9 
 0.47172 -0.66358  1.15476 B   10 
 0.48826 -0.87189  1.21926 A   10 
 0.62247 -0.52045  0.92469 B   11 
 0.64808 -0.66815  0.76822 A   11 
 0.46161 -0.25576  0.92966 B   12 
 0.13778 -0.31718  0.65406 M   12 
 0.53899 -0.18947  1.21615 B   13 
 0.37291 -0.30612  1.59957 K   13 
 0.84380 -0.18785  1.20285 B   14 
 1.12176 -0.48207  0.99605 R   14 
 0.81414  0.04119  0.96737 B   15 
 0.96160 -0.20892  0.70796 H   15 
 0.59227  0.25260  1.11419 B   16 
 0.26459  0.23952  1.03570 B   17 
 0.30279  0.15867  0.72385 L   17 
 0.16046  0.25950  1.30646 B   18 
 0.02989  0.07160  1.51138 D   18 
-0.00615  0.55593  1.31779 B   19 
-0.07686  0.42019  1.60099 N   19 
 0.04268  0.67055  1.05637 B   20 
 0.40168  0.77392  0.82048 Y   20 
-0.10558  0.96017  1.02695 B   21 
 0.20692  1.24162  0.80630 R   21 
-0.34093  0.80569  1.21838 B   22 
-0.31099  0.50164  1.11036 B   23 
-0.52097  0.73706  0.76138 Y   23 
-0.38719  0.22051  1.19600 B   24 
-0.56837  0.17771  1.33828 S   24 
-0.27402 -0.08514  1.12384 B   25 
-0.02938 -0.24602  1.23707 L   25 
-0.54934 -0.20265  1.01810 B   26 
-0.56636 -0.02241  0.76731 B   27 
-0.72573  0.23492  0.91661 N   27 
-0.31775 -0.12698  0.61851 B   28 
-0.08824  0.25317  0.66133 W   28 
-0.40180 -0.42287  0.60901 B   29 
-0.32050 -0.55729  0.81615 V   29 
-0.66995 -0.37769  0.46921 B   30 
-0.92321 -0.30731  0.55800 X   30 
-0.55772 -0.25186  0.21266 B   31 
-0.50465 -0.04611  0.26463 A   31 
-0.36921 -0.48016  0.12285 B   32 
-0.19426 -0.46934  0.24771 A   32 
-0.59102 -0.69017  0.09605 B   33 
-0.76175 -0.95787  0.22090 K   33 
-0.77197 -0.51898 -0.13064 B   34 
-1.07915 -0.57466  0.13685 F   34 
-0.53225 -0.45354 -0.33240 B   35 
-0.55329 -0.10446 -0.29259 E   35 
-0.34024 -0.75272 -0.31736 B   36 
-0.15549 -0.65019 -0.25039 S   36 
-0.37280 -0.98608 -0.11248 B   37 
-0.57998 -1.17769 -0.16382 N   37 
-0.06672 -0.98043 -0.00159 B   38 
-0.30438 -0.97282  0.33640 F   38 
 0.07701 -0.92547 -0.29447 B   39 
 0.08496 -1.15285 -0.49095 N   39 
 0.37936 -0.80242 -0.41137 B   40 
 0.54154 -0.87892 -0.23821 T   40 
 0.32342 -0.89087 -0.73391 B   41 
 0.57641 -1.19841 -0.76215 Q   41 
 0.09814 -0.70515 -0.78376 B   42 
-0.06774 -0.76177 -0.66556 A   42 
-0.06365 -0.61409 -1.09820 B   43 
 0.15907 -0.63340 -1.19780 T   43 
-0.24026 -0.31869 -1.24613 B   44 
-0.42598 -0.51846 -1.04722 N   44 
-0.40791 -0.19999 -1.50059 B   45 
-0.10547 -0.11319 -1.89814 R   45 
-0.49128  0.11547 -1.61683 B   46 
-0.42999  0.17728 -1.28555 N   46 
-0.68150  0.31362 -1.81250 B   47 
-0.93693  0.29487 -1.77837 T   47 
-0.43643  0.54088 -1.81932 B   48 
-0.40211  0.61875 -1.56812 D   48 
-0.17293  0.32317 -1.84380 B   49 
-0.10738  0.26260 -1.58654 B   50 
-0.14330  0.44059 -1.42090 S   50 
 0.03265  0.09981 -1.27744 B   51 
 0.07779 -0.10418 -1.45199 T   51 
-0.00967 -0.12066 -1.01889 B   52 
-0.27160  0.07371 -0.91151 D   52 
 0.20519 -0.18697 -0.72544 B   53 
 0.40690 -0.15335 -1.16009 Y   53 
 0.18884 -0.42139 -0.50476 B   54 
 0.05833 -0.43999 -0.17756 B   55 
 0.18678 -0.56969  0.02395 I   55 
-0.04100 -0.10825 -0.23996 B   56 
 0.00830 -0.05909  0.07384 L   56 
-0.08873 -0.01798 -0.52629 B   57 
-0.22864 -0.29967 -0.66960 Q   57 
 0.13132  0.15559 -0.66289 B   58 
 0.29422  0.24754 -0.41574 I   58 
 0.14161  0.41555 -0.88791 B   59 
-0.09224  0.51401 -1.05654 N   59 
 0.30575  0.50818 -1.20323 B   60 
 0.27223  0.33175 -1.34565 S   60 
 0.21684  0.81960 -1.23877 B   61 
-0.07458  0.86503 -1.55120 R   61 
 0.35672  0.91172 -0.93905 B   62 
-0.01983  1.16350 -0.99075 W   62 
 0.56608  0.69387 -0.77519 B   63 
 0.25054  0.85453 -0.51706 W   63 
 0.67256  0.50898 -1.02093 B   64 
 0.60810  0.27560 -0.92581 X   64 
 0.89056  0.34183 -1.25551 B   65 
 1.03962  0.49218 -1.46383 N   65 
 0.80690  0.14596 -1.57677 B   66 
 0.53887  0.15542 -1.54951 D   66 
 0.85725  0.27645 -1.87806 B   67 
 0.50494  0.30387 -1.95992 B   68 
 0.32513 -0.12962 -1.89438 R   68 
 0.42865  0.61065 -1.82996 B   69 
 0.29943  0.48863 -1.64653 T   69 
 0.32025  0.87898 -1.93833 B   70 
 0.24963  0.77803 -2.11323 P   70 
 0.36774  1.14357 -1.73086 B   71 
 0.54425  1.05555 -1.50610 B   72 
 0.59020  0.82401 -1.53343 S   72 
 0.70257  1.10233 -1.16190 B   73 
 0.60233  1.44390 -1.13101 R   73 
 0.85014  0.93868 -0.93253 B   74 
 1.03726  0.73958 -0.99001 N   74 
 0.83003  1.02716 -0.61196 B   75 
 0.58977  1.23715 -0.66630 L   75 
 0.98338  0.76072 -0.48508 B   76 
 0.71614  0.67293 -0.35328 X   76 
 1.22521  0.69408 -0.64949 B   77 
 1.44175  0.85401 -0.69390 N   77 
 1.12944  0.41553 -0.82024 B   78 
 1.14435  0.29090 -0.55391 I   78 
 1.10909  0.11909 -0.93108 B   79 
 1.31443  0.08972 -0.95666 P   79 
 0.82627 -0.05837 -0.95033 B   80 
 0.64334  0.13915 -1.11553 X   80 
 0.96654 -0.33718 -0.89130 B   81 
 1.13492 -0.34207 -1.06185 S   81 
 1.03798 -0.27607 -0.59191 B   82 
 1.18076 -0.12163 -0.60076 A   82 
 0.72058 -0.31529 -0.51754 B   83 
 0.63978  0.00154 -0.53237 L   83 
 0.76385 -0.65629 -0.55306 B   84 
 0.61426 -0.59107 -0.83876 L   84 
 0.91352 -0.73104 -0.32695 B   85 
 1.16520 -0.68834 -0.28234 S   85 
 0.95431 -0.90621 -0.02779 B   86 
 1.09352 -1.09622 -0.07107 S   86 
 1.06166 -0.62885  0.04574 B   87 
 1.30265 -0.53859  0.18442 D   87 
 0.85793 -0.36500  0.18318 B   88 
 0.66624 -0.48847  0.32352 I   88 
 1.02226 -0.10433  0.21704 B   89 
 1.25251 -0.16718  0.33326 T   89 
 0.94560  0.05040 -0.04167 B   90 
 1.06208 -0.03962 -0.20158 A   90 
 0.63660  0.05725 -0.00119 B   91 
 0.56259 -0.17034 -0.13551 S   91 
 0.63703  0.19751  0.27103 B   92 
 0.66872  0.03077  0.47081 V   92 
 0.78730  0.45578  0.20117 B   93 
 1.09503  0.36425  0.30171 N   93 
 0.58193  0.52842 -0.01803 B   94 
 0.59316  0.47873 -0.29838 X   94 
 0.32339  0.52268  0.15101 B   95 
 0.27876  0.31476  0.18450 A   95 
 0.40485  0.75040  0.34316 B   96 
 0.67696  0.53334  0.65259 K   96 
 0.38918  0.96179  0.11472 B   97 
 0.73348  0.99485 -0.05468 K   97 
 0.09697  0.91958  0.02451 B   98 
 0.09992  0.68522 -0.17858 I   98 
-0.05226  0.97328  0.30346 B   99 
-0.05046  0.80843  0.46666 V   99 
 0.09294  1.27480  0.30916 B   100 
 0.28134  1.17375  0.46123 S   100 
-0.05055  1.42256  0.05091 B   101 
-0.01596  1.36592 -0.21926 D   101 
-0.38269  1.48396  0.18642 B   102 
-0.59886  1.22051  0.15314 B   103 
-0.67630  1.36955 -0.12445 N   103 
-0.47014  1.00449  0.27061 B   104 
-0.61404  0.68286  0.24120 B   105 
-0.48701  0.43248  0.51501 M   105 
-0.79026  0.77033 -0.01315 B   106 
-0.99809  0.93566  0.18393 N   106 
-0.57398  0.67964 -0.22216 B   107 
-0.40658  0.79287 -0.16836 A   107 
-0.71387  0.40542 -0.14660 B   108 
-0.26708  0.35860 -0.01846 W   108 
-0.98241  0.27175 -0.28846 B   109 
-1.00270  0.33516 -0.53569 V   109 
-1.01178  0.01373 -0.11372 B   110 
-0.88746 -0.13383 -0.20731 A   110 
-1.01254  0.15561  0.15574 B   111 
-0.87084  0.38322  0.43808 W   111 
-1.25264  0.34682  0.11178 B   112 
-1.30882  0.62748 -0.19869 R   112 
-1.46193  0.10961  0.00676 B   113 
-1.48322  0.24943 -0.28529 N   113 
-1.35807 -0.12796  0.25058 B   114 
-1.32584 -0.47084 -0.11517 R   114 
-1.23299  0.02545  0.52611 B   115 
-0.98033 -0.13127  0.41125 X   115 
-1.37103  0.27239  0.57347 B   116 
-1.31566  0.69771  0.45466 K   116 
-1.56286  0.26888  0.87254 B   117 
-1.44615  0.01661  0.98083 B   118 
-1.45349 -0.12681  0.76458 T   118 
-1.32305 -0.26331  1.16338 B   119 
-1.37497 -0.35048  1.43153 D   119 
-0.98293 -0.26275  1.13570 B   120 
-0.96392 -0.04499  1.01452 V   120 
-0.89117 -0.42421  1.38786 B   121 
-0.99751 -0.16367  1.69504 Q   121 
-0.96059 -0.70690  1.26836 B   122 
-1.16590 -0.70168  1.24066 A   122 
-0.67957 -0.72182  1.10239 B   123 
-0.89652 -0.68210  0.73514 W   123 
-0.51350 -0.77892  1.40046 B   124 
-0.40854 -0.53148  1.40555 I   124 
-0.62316 -1.01546  1.50659 B   125 
-1.06335 -0.77299  1.63239 R   125 
-0.41326 -1.24675  1.67409 B   126 
-0.17486 -1.06112  1.67883 B   127 
-0.20775 -1.03131  1.35881 X   127 
 0.17693 -1.02897  1.76936 B   128 
 0.25963 -1.05251  2.16570 R   128 
 0.22977 -0.68469  1.91331 B   129 
 0.13963 -0.64751  1.67252 L   129 
