246 
-0.80582 -1.02346  0.30016 B   1 
-0.53042 -1.28170  0.48374 K   1 
-0.80074 -0.96675  0.65390 B   2 
-1.01216 -0.81979  0.68346 V   2 
-0.57358 -0.82826  0.83389 B   3 
-0.26784 -0.96118  0.55681 F   3 
-0.37977 -0.80754  1.08293 B   4 
-0.16580 -0.61008  1.21705 B   5 
-0.14322 -0.34064  1.55836 R   5 
 0.06596 -0.81113  1.30507 B   6 
 0.07117 -0.75364  1.61335 X   6 
 0.03898 -0.97368  1.04151 B   7 
-0.25091 -1.21331  0.93691 E   7 
 0.11779 -0.75221  0.84033 B   8 
-0.06674 -0.57170  0.67458 L   8 
 0.38682 -0.67009  0.95999 B   9 
 0.34223 -0.56187  1.14290 A   9 
 0.52114 -0.94120  0.91590 B   10 
 0.43691 -1.07572  1.06636 A   10 
 0.48808 -0.95172  0.60778 B   11 
 0.28705 -1.02377  0.57105 A   11 
 0.62101 -0.67936  0.54368 B   12 
 0.29945 -0.39448  0.54964 M   12 
 0.88938 -0.75834  0.66284 B   13 
 1.04549 -0.74759  1.06746 K   13 
 0.96023 -1.00901  0.50398 B   14 
 0.69402 -1.35959  0.39077 R   14 
 0.93191 -0.82316  0.23297 B   15 
 0.62256 -1.03279  0.12366 H   15 
 1.11617 -0.55250  0.32393 B   16 
 0.96615 -0.27299  0.43827 B   17 
 0.70027 -0.29354  0.25352 L   17 
 1.14603 -0.22249  0.66109 B   18 
 1.13735 -0.24799  0.96706 D   18 
 1.30256  0.07026  0.58658 B   19 
 1.39931  0.00885  0.88740 N   19 
 1.20205  0.13503  0.32282 B   20 
 1.19331 -0.06881 -0.06908 Y   20 
 1.32975  0.41595  0.21556 B   21 
 1.43503  0.34190 -0.24160 R   21 
 1.30575  0.49760  0.54520 B   22 
 1.03941  0.33132  0.62538 B   23 
 0.88693  0.69026  0.36229 Y   23 
 0.89909  0.23207  0.87564 B   24 
 0.92621  0.33586  1.08395 S   24 
 0.67909 -0.01054  0.94026 B   25 
 0.71984 -0.31844  0.98598 L   25 
 0.45561  0.17512  1.06823 B   26 
 0.38804  0.32741  0.80763 B   27 
 0.62004  0.56976  0.84437 N   27 
 0.27845  0.09105  0.64330 B   28 
 0.61482  0.09258  0.35024 W   28 
 0.05834  0.00698  0.84126 B   29 
 0.14100 -0.16718  1.01566 V   29 
-0.08244  0.27816  0.85292 B   30 
-0.03919  0.51076  0.99785 X   30 
-0.15569  0.29518  0.55527 B   31 
 0.02848  0.35029  0.45090 A   31 
-0.31869  0.03358  0.52845 B   32 
-0.17666 -0.12794  0.52134 A   32 
-0.53150  0.11240  0.73466 B   33 
-0.65965  0.09216  1.05022 K   33 
-0.63033  0.39227  0.57546 B   34 
-0.55459  0.57260  0.93707 F   34 
-0.67020  0.26190  0.28586 B   35 
-0.42131  0.45623  0.13039 E   35 
-0.80300 -0.05800  0.36729 B   36 
-0.64058 -0.16944  0.26566 S   36 
-0.81560 -0.18902  0.65043 B   37 
-1.03029 -0.10848  0.82275 N   37 
-0.65280 -0.46005  0.57263 B   38 
-0.46748 -0.31647  0.91296 F   38 
-0.78974 -0.50028  0.27416 B   39 
-1.07560 -0.59264  0.26301 N   39 
-0.71522 -0.66713 -0.02052 B   40 
-0.59838 -0.87230  0.05944 T   40 
-1.01818 -0.61144 -0.16228 B   41 
-1.17152 -0.97905 -0.13529 Q   41 
-0.99239 -0.31753 -0.18836 B   42 
-0.98749 -0.22959  0.00383 A   42 
-1.20097 -0.08064 -0.37200 B   43 
-1.22688 -0.25906 -0.53749 T   43 
-1.16185  0.24739 -0.54865 B   44 
-1.19687  0.26259 -0.21324 N   44 
-1.31108  0.49335 -0.70415 B   45 
-1.46114  0.35578 -1.16849 R   45 
-1.21201  0.74882 -0.91605 B   46 
-0.91863  0.67314 -0.75628 N   46 
-1.27358  1.04523 -1.06464 B   47 
-1.32773  1.24217 -0.90638 T   47 
-1.06764  0.96193 -1.31445 B   48 
-0.82829  0.93098 -1.20448 D   48 
-1.15745  0.63218 -1.33962 B   49 
-0.99518  0.50134 -1.16441 B   50 
-0.77067  0.59632 -1.13318 S   50 
-0.84251  0.24575 -0.93416 B   51 
-1.08784  0.13094 -0.96158 T   51 
-0.81085  0.12036 -0.61711 B   52 
-0.67632  0.42222 -0.52381 D   52 
-0.58750 -0.14407 -0.48726 B   53 
-0.82477 -0.21934 -0.89808 Y   53 
-0.58524 -0.29188 -0.20078 B   54 
-0.39673 -0.24946  0.09435 B   55 
-0.30277 -0.45943  0.23930 I   55 
-0.25269  0.01859 -0.08235 B   56 
 0.01685 -0.05074  0.07845 L   56 
-0.41194  0.15523 -0.30231 B   57 
-0.73330  0.14824 -0.17529 Q   57 
-0.34028  0.08690 -0.59794 B   58 
-0.06125 -0.04301 -0.56132 I   58 
-0.33069  0.25395 -0.89848 B   59 
-0.44873  0.52957 -0.95246 N   59 
-0.45404  0.22042 -1.24288 B   60 
-0.67898  0.18007 -1.22536 S   60 
-0.30118  0.46444 -1.39531 B   61 
-0.57158  0.78492 -1.48905 R   61 
 0.00964  0.34473 -1.31201 B   62 
 0.03746  0.79968 -1.30185 W   62 
 0.04064  0.02749 -1.18340 B   63 
 0.24746  0.33024 -0.94342 W   63 
-0.22739 -0.11606 -1.29943 B   64 
-0.32697 -0.20159 -1.07486 X   64 
-0.44691 -0.34506 -1.47223 B   65 
-0.46016 -0.35411 -1.76882 N   65 
-0.82566 -0.32302 -1.54030 B   66 
-0.86976 -0.09957 -1.39610 D   66 
-0.94408 -0.24430 -1.84050 B   67 
-1.07671  0.07761 -1.73875 B   68 
-1.35699 -0.01207 -1.36734 R   68 
-0.80496  0.28013 -1.78296 B   69 
-0.78606  0.29188 -1.52852 T   69 
-0.73725  0.53030 -1.95130 B   70 
-0.94630  0.56615 -1.97924 P   70 
-0.40501  0.59417 -1.98035 B   71 
-0.25492  0.36210 -1.86618 B   72 
-0.41234  0.20672 -1.77932 S   72 
 0.06325  0.19549 -1.73682 B   73 
 0.28028  0.45336 -1.85546 R   73 
 0.16019 -0.05308 -1.56364 B   74 
 0.03889 -0.30373 -1.58405 N   74 
 0.44196 -0.04508 -1.38606 B   75 
 0.47633  0.27484 -1.42123 L   75 
 0.40045 -0.33487 -1.22823 B   76 
 0.36855 -0.18127 -0.96011 X   76 
 0.30244 -0.54292 -1.42073 B   77 
 0.43045 -0.63142 -1.64484 N   77 
-0.02508 -0.58029 -1.33557 B   78 
 0.08906 -0.70424 -1.09412 I   78 
-0.30160 -0.70020 -1.23691 B   79 
-0.28548 -0.88222 -1.33834 P   79 
-0.50382 -0.55476 -1.01374 B   80 
-0.54206 -0.27000 -1.14496 X   80 
-0.60537 -0.82845 -0.88854 B   81 
-0.68695 -0.94180 -1.08337 S   81 
-0.33266 -0.90744 -0.75490 B   82 
-0.20192 -0.94353 -0.91590 A   82 
-0.38735 -0.67661 -0.52787 B   83 
-0.21404 -0.44006 -0.67325 L   83 
-0.62215 -0.88594 -0.38482 B   84 
-0.82367 -0.67777 -0.54074 L   84 
-0.46949 -1.08892 -0.26394 B   85 
-0.34439 -1.28372 -0.38038 S   85 
-0.35778 -1.26667  0.01493 B   86 
-0.47549 -1.47511  0.02251 S   86 
-0.09771 -1.22280 -0.14093 B   87 
 0.12282 -1.39991 -0.21483 D   87 
 0.11847 -0.93805 -0.09411 B   88 
 0.08928 -0.86761  0.16254 I   88 
 0.35415 -0.94356 -0.29541 B   89 
 0.45672 -1.18841 -0.29474 T   89 
 0.24888 -0.75368 -0.51815 B   90 
 0.10635 -0.87044 -0.63344 A   90 
 0.20190 -0.49975 -0.34355 B   91 
-0.06088 -0.53471 -0.27252 S   91 
 0.48785 -0.47328 -0.23724 B   92 
 0.53142 -0.62187 -0.02571 V   92 
 0.64398 -0.45046 -0.50043 B   93 
 0.73693 -0.77221 -0.53238 N   93 
 0.48041 -0.20340 -0.58824 B   94 
 0.25026 -0.19053 -0.75573 X   94 
 0.53056 -0.02031 -0.34450 B   95 
 0.40843 -0.09833 -0.18530 A   95 
 0.83681 -0.00148 -0.38016 B   96 
 0.98899 -0.39566 -0.18429 K   96 
 0.80575  0.16222 -0.64351 B   97 
 0.79534 -0.07784 -0.94449 K   97 
 0.63773  0.39890 -0.53835 B   98 
 0.34131  0.30816 -0.54767 I   98 
 0.83355  0.50328 -0.30657 B   99 
 0.84435  0.38688 -0.10620 V   99 
 1.07050  0.54004 -0.54009 B   100 
 1.16316  0.30376 -0.47366 S   100 
 0.94365  0.78184 -0.72600 B   101 
 0.72237  0.76985 -0.89419 D   101 
 0.99404  1.06733 -0.50599 B   102 
 0.74349  1.11445 -0.27742 B   103 
 0.62079  1.30525 -0.50939 N   103 
 0.72143  0.87333 -0.14174 B   104 
 0.45482  0.82899  0.08622 B   105 
 0.52215  0.54423  0.34732 M   105 
 0.28323  1.06564 -0.04778 B   106 
 0.47735  1.29168  0.09571 N   106 
 0.13105  0.87389 -0.24466 B   107 
 0.28644  0.78480 -0.35262 A   107 
-0.02861  0.83305  0.02611 B   108 
 0.14924  0.41427 -0.07984 W   108 
-0.28666  1.01080  0.13529 B   109 
-0.42812  1.10372 -0.05684 V   109 
-0.33599  0.86934  0.41010 B   110 
-0.46617  0.70432  0.36755 A   110 
-0.05127  0.89813  0.51424 B   111 
 0.33523  0.85119  0.51012 W   111 
-0.02157  1.20625  0.49636 B   112 
-0.07714  1.45429  0.15915 R   112 
-0.30478  1.27383  0.65861 B   113 
-0.42919  1.41553  0.39452 N   113 
-0.25668  1.02027  0.90370 B   114 
-0.73226  0.87613  0.83006 R   114 
 0.07260  0.94930  0.94407 B   115 
-0.04535  0.67627  0.82947 X   115 
 0.23037  1.18601  0.90725 B   116 
 0.43478  1.38420  0.56518 K   116 
 0.39252  1.29230  1.20502 B   117 
 0.33731  1.04369  1.36037 B   118 
 0.08762  1.01165  1.29699 T   118 
 0.31910  0.76239  1.57803 B   119 
 0.44138  0.71349  1.83269 D   119 
 0.38815  0.48426  1.39278 B   120 
 0.44713  0.60391  1.18143 V   120 
 0.48832  0.27938  1.60742 B   121 
 0.84935  0.45202  1.72315 Q   121 
 0.20171  0.20905  1.71662 B   122 
 0.13179  0.38754  1.79537 A   122 
 0.14625 -0.00416  1.47537 B   123 
-0.14775  0.26076  1.31134 W   123 
 0.36617 -0.22391  1.62710 B   124 
 0.55722 -0.18199  1.44268 I   124 
 0.26067 -0.27538  1.88295 B   125 
 0.39311  0.19703  2.04928 R   125 
 0.28572 -0.60076  2.02119 B   126 
 0.47127 -0.70241  1.80542 B   127 
 0.25263 -0.60413  1.58882 X   127 
 0.64853 -0.99405  1.67690 B   128 
 0.93889 -1.14368  1.91726 R   128 
 0.98818 -0.88173  1.55833 B   129 
 0.81619 -0.74556  1.41917 L   129 
