246 
 0.42936  0.22284  1.24616 B   1 
 0.56661 -0.16119  1.34576 K   1 
 0.77746  0.19211  1.16705 B   2 
 0.84047  0.43982  1.12419 V   2 
 0.91793  0.02532  0.93120 B   3 
 0.59535 -0.26416  0.93883 F   3 
 1.13226 -0.17348  0.81055 B   4 
 1.22944 -0.29610  0.53076 B   5 
 1.56187 -0.24728  0.25381 R   5 
 1.27930 -0.60254  0.60484 B   6 
 1.58252 -0.62646  0.52831 X   6 
 1.02402 -0.61181  0.78191 B   7 
 0.96837 -0.44459  1.13026 E   7 
 0.81215 -0.55558  0.56355 B   8 
 0.67799 -0.28883  0.49322 L   8 
 0.88645 -0.77552  0.36469 B   9 
 1.07389 -0.71493  0.27328 A   9 
 0.82191 -1.00716  0.55353 B   10 
 0.98438 -1.01314  0.69981 A   10 
 0.52324 -0.93796  0.59986 B   11 
 0.51974 -0.78591  0.75421 A   11 
 0.43774 -0.92723  0.30232 B   12 
 0.49494 -0.51794  0.18482 M   12 
 0.51209 -1.21713  0.24857 B   13 
 0.88606 -1.40932  0.14177 K   13 
 0.34451 -1.36694  0.45489 B   14 
 0.27683 -1.26813  0.89335 R   14 
 0.08118 -1.22121  0.31996 B   15 
 0.02395 -1.02290  0.65010 H   15 
 0.14039 -1.27915 -0.00961 B   16 
 0.27678 -1.04003 -0.20437 B   17 
 0.13756 -0.78651 -0.05744 L   17 
 0.46739 -1.20964 -0.34385 B   18 
 0.77080 -1.25730 -0.33961 D   18 
 0.36776 -1.20940 -0.66916 B   19 
 0.64910 -1.36559 -0.67784 N   19 
 0.12358 -1.05376 -0.66459 B   20 
-0.26119 -1.07879 -0.44887 Y   20 
-0.00368 -1.02840 -0.96440 B   21 
-0.47165 -1.08826 -0.90984 R   21 
 0.32528 -1.01891 -1.05159 B   22 
 0.44796 -0.86712 -0.79290 B   23 
 0.21209 -0.53651 -1.03031 Y   23 
 0.71791 -0.82228 -0.66139 B   24 
 0.91880 -0.83091 -0.78167 S   24 
 0.81793 -0.74280 -0.35299 B   25 
 0.85726 -0.92054 -0.09721 L   25 
 0.97991 -0.48164 -0.43264 B   26 
 0.73328 -0.31730 -0.52121 B   27 
 0.73134 -0.42217 -0.84199 N   27 
 0.58948 -0.29998 -0.24935 B   28 
 0.24583 -0.55539 -0.37463 W   28 
 0.82069 -0.17015 -0.09317 B   29 
 0.97986 -0.34502  0.01485 V   29 
 0.85428  0.07193 -0.27691 B   30 
 0.98969  0.11461 -0.51528 X   30 
 0.57238  0.18735 -0.23872 B   31 
 0.43942  0.06320 -0.36020 A   31 
 0.57299  0.22114  0.06882 B   32 
 0.54340  0.02535  0.15313 A   32 
 0.81073  0.41470  0.07485 B   33 
 1.14292  0.47396  0.12529 K   33 
 0.66889  0.64806 -0.12230 B   34 
 1.01299  0.60771 -0.34363 F   34 
 0.38991  0.66808  0.03334 B   35 
 0.19568  0.55493 -0.23751 E   35 
 0.49261  0.63389  0.37229 B   36 
 0.36631  0.45562  0.40969 S   36 
 0.77439  0.54675  0.47473 B   37 
 0.97899  0.74763  0.48250 N   37 
 0.67198  0.29474  0.65366 B   38 
 0.97743  0.14416  0.41957 F   38 
 0.39973  0.44168  0.77089 B   39 
 0.43525  0.65639  0.97828 N   39 
 0.09731  0.34497  0.91024 B   40 
 0.15783  0.13984  1.03829 T   40 
 0.00632  0.65861  1.00153 B   41 
 0.05875  0.62959  1.39623 Q   41 
-0.02436  0.76835  0.72814 B   42 
 0.16427  0.77480  0.63289 A   42 
-0.17243  1.08375  0.61884 B   43 
-0.33107  1.05240  0.80254 T   43 
-0.35395  1.21836  0.32006 B   44 
-0.01733  1.20766  0.29694 N   44 
-0.48388  1.48102  0.17490 B   45 
-0.91743  1.62087  0.39745 R   45 
-0.70969  1.53573 -0.08199 B   46 
-0.59933  1.21922 -0.15250 N   46 
-0.84713  1.74175 -0.31090 B   47 
-0.68272  1.85327 -0.47610 T   47 
-1.12677  1.55860 -0.30672 B   48 
-1.05692  1.31683 -0.39043 D   48 
-1.13621  1.49735  0.03031 B   49 
-0.98924  1.27074  0.06492 B   50 
-0.99502  1.10870 -0.11978 S   50 
-0.78607  0.99001  0.21177 B   51 
-0.77311  1.16127  0.42301 T   51 
-0.47800  0.86118  0.28754 B   52 
-0.40851  0.86070 -0.04876 D   52 
-0.38533  0.52836  0.41914 B   53 
-0.75211  0.76517  0.61947 Y   53 
-0.10260  0.42021  0.53001 B   54 
 0.15799  0.22896  0.38877 B   55 
 0.28637  0.03263  0.52624 I   55 
-0.04040  0.24420  0.09855 B   56 
 0.07482 -0.04852  0.03257 L   56 
-0.23203  0.47713  0.06070 B   57 
-0.05463  0.74082  0.19657 Q   57 
-0.53519  0.42629  0.11281 B   58 
-0.54388  0.11652  0.10628 I   58 
-0.83375  0.53442 -0.01944 B   59 
-0.86864  0.76775 -0.21219 N   59 
-1.15355  0.67887  0.08926 B   60 
-1.09973  0.85819  0.22147 S   60 
-1.32935  0.67225 -0.18496 B   61 
-1.37892  1.06615 -0.34925 R   61 
-1.29717  0.33201 -0.21781 B   62 
-1.29284  0.50531 -0.63948 W   62 
-1.17443  0.14686  0.04448 B   63 
-0.97191  0.06147 -0.33460 W   63 
-1.24516  0.33846  0.29786 B   64 
-1.00720  0.35687  0.40131 X   64 
-1.37953  0.45775  0.61123 B   65 
-1.67004  0.50835  0.64684 N   65 
-1.38544  0.81323  0.76013 B   66 
-1.23659  0.92950  0.56778 D   66 
-1.66271  0.99613  0.76257 B   67 
-1.54167  1.24023  0.52310 B   68 
-1.12956  1.39593  0.69762 R   68 
-1.62984  1.09433  0.22687 B   69 
-1.38185  1.04597  0.18948 T   69 
-1.80757  1.16823 -0.01490 B   70 
-1.80139  1.37344  0.04528 P   70 
-1.89020  0.90570 -0.21378 B   71 
-1.80123  0.65433 -0.07844 B   72 
-1.68962  0.71332  0.12288 S   72 
-1.72465  0.28036 -0.07571 B   73 
-1.87755  0.21801 -0.39258 R   73 
-1.56880  0.06038  0.09310 B   74 
-1.56864  0.06105  0.37231 N   74 
-1.43920 -0.21171 -0.04890 B   75 
-1.48032 -0.09687 -0.34871 L   75 
-1.27597 -0.32471  0.21793 B   76 
-1.00663 -0.26779  0.07402 X   76 
-1.44952 -0.30119  0.46140 B   77 
-1.69116 -0.42118  0.50204 N   77 
-1.31235 -0.03932  0.63031 B   78 
-1.09225 -0.22977  0.67468 I   78 
-1.16991  0.13917  0.85037 B   79 
-1.27213  0.05972  1.01443 P   79 
-0.91733  0.35010  0.79070 B   80 
-1.04138  0.52781  0.56091 X   80 
-0.77662  0.30213  1.07139 B   81 
-0.95537  0.35293  1.22282 S   81 
-0.68869  0.00629  1.01472 B   82 
-0.86863 -0.10227  1.00245 A   82 
-0.45641  0.12321  0.81425 B   83 
-0.62855  0.09416  0.53739 L   83 
-0.27667  0.21909  1.09339 B   84 
-0.39846  0.51162  1.00483 L   84 
-0.18158 -0.02278  1.20098 B   85 
-0.31622 -0.20235  1.33052 S   85 
 0.07599 -0.24007  1.29201 B   86 
 0.10308 -0.22812  1.52967 S   86 
-0.12003 -0.42905  1.15159 B   87 
-0.22819 -0.69165  1.22087 D   87 
-0.10959 -0.50275  0.79879 B   88 
 0.14823 -0.48303  0.72929 I   88 
-0.34637 -0.68518  0.71664 B   89 
-0.36167 -0.88360  0.89232 T   89 
-0.54962 -0.47638  0.60780 B   90 
-0.64000 -0.38448  0.78281 A   90 
-0.37038 -0.34859  0.38709 B   91 
-0.25766 -0.14106  0.52688 S   91 
-0.31185 -0.60601  0.23190 B   92 
-0.10978 -0.74034  0.33112 V   92 
-0.59690 -0.69651  0.16320 B   93 
-0.64264 -0.91541  0.41455 N   93 
-0.65773 -0.43042  0.01829 B   94 
-0.78577 -0.19642  0.11849 X   94 
-0.42580 -0.42983 -0.18581 B   95 
-0.24873 -0.37867 -0.07457 A   95 
-0.51062 -0.68810 -0.33249 B   96 
-0.34094 -1.02419 -0.05835 K   96 
-0.76590 -0.55076 -0.44690 B   97 
-1.06059 -0.60332 -0.20456 K   97 
-0.63555 -0.31313 -0.59470 B   98 
-0.59651 -0.08861 -0.38434 I   98 
-0.43881 -0.47456 -0.79015 B   99 
-0.24252 -0.56409 -0.70488 V   99 
-0.70771 -0.63492 -0.90849 B   100 
-0.65653 -0.83030 -0.74104 S   100 
-0.87126 -0.38955 -1.05735 B   101 
-1.00138 -0.17422 -0.93860 D   101 
-0.66306 -0.34086 -1.35185 B   102 
-0.39707 -0.13093 -1.30266 B   103 
-0.60661  0.09505 -1.40411 N   103 
-0.25898 -0.23666 -1.08636 B   104 
 0.00926 -0.05250 -0.94798 B   105 
 0.25676 -0.27476 -0.74029 M   105 
-0.09581  0.22281 -1.07670 B   106 
 0.01376  0.12898 -1.37428 N   106 
-0.26495  0.30217 -0.82414 B   107 
-0.39640  0.14086 -0.80332 A   107 
 0.02820  0.38681 -0.73827 B   108 
-0.10404  0.06075 -0.43099 W   108 
 0.17725  0.67789 -0.79450 B   109 
 0.01032  0.87186 -0.80279 V   109 
 0.45680  0.61996 -0.66618 B   110 
 0.43632  0.66925 -0.45848 A   110 
 0.51339  0.36497 -0.82276 B   111 
 0.44687  0.00212 -0.94733 W   111 
 0.49013  0.47629 -1.11122 B   112 
 0.16571  0.68301 -1.28541 R   112 
 0.69591  0.73373 -1.06144 B   113 
 0.45508  0.94433 -1.11566 N   113 
 0.93065  0.54451 -0.87230 B   114 
 0.93536  0.91384 -0.53180 R   114 
 0.91735  0.21546 -0.95380 B   115 
 0.82408  0.21694 -0.64903 X   115 
 0.85486  0.18459 -1.23205 B   116 
 0.48368  0.13952 -1.47345 K   116 
 1.12216  0.04435 -1.41949 B   117 
 1.28505 -0.03810 -1.18357 B   118 
 1.26302  0.17851 -1.04221 T   118 
 1.50353 -0.17668 -0.93883 B   119 
 1.73516 -0.34337 -0.96641 D   119 
 1.31028 -0.33313 -0.70512 B   120 
 1.09186 -0.30248 -0.82267 V   120 
 1.50640 -0.54280 -0.58001 B   121 
 1.56170 -0.80410 -0.89971 Q   121 
 1.66075 -0.33514 -0.40093 B   122 
 1.74932 -0.20623 -0.53691 A   122 
 1.43223 -0.34458 -0.16764 B   123 
 1.31727  0.05605 -0.26664 W   123 
 1.54693 -0.65792 -0.07631 B   124 
 1.33390 -0.78240 -0.18305 I   124 
 1.81662 -0.62383 -0.00321 B   125 
 1.95807 -0.55824 -0.49724 R   125 
 1.94983 -0.80866  0.26827 B   126 
 1.70714 -0.98667  0.29525 B   127 
 1.52854 -0.71835  0.31730 X   127 
 1.55238 -1.25322  0.49018 B   128 
 1.74296 -1.61110  0.48154 R   128 
 1.38009 -1.48817  0.25111 B   129 
 1.27026 -1.25580  0.21327 L   129 
