246 
 0.11532 -0.66263 -1.15522 B   1 
 0.22720 -1.04086 -1.01147 K   1 
-0.17520 -0.86635 -1.10549 B   2 
-0.35532 -0.72651 -1.22864 V   2 
-0.31220 -0.96066 -0.83069 B   3 
 0.07240 -0.94987 -0.63098 F   3 
-0.44112 -1.17176 -0.63363 B   4 
-0.58400 -1.19130 -0.34734 B   5 
-0.98565 -1.24811 -0.18907 R   5 
-0.45089 -1.45342 -0.22302 B   6 
-0.70860 -1.62575 -0.17544 X   6 
-0.17095 -1.37611 -0.33377 B   7 
-0.05028 -1.38324 -0.70497 E   7 
-0.12857 -1.11261 -0.17724 B   8 
-0.17673 -0.82508 -0.27270 L   8 
-0.17391 -1.21596  0.10685 B   9 
-0.38685 -1.25450  0.12495 A   9 
 0.06442 -1.40750  0.10546 B   10 
 0.00574 -1.57630 -0.02059 A   10 
 0.28475 -1.19559  0.05359 B   11 
 0.28644 -1.16139 -0.16038 A   11 
 0.21501 -1.00653  0.28886 B   12 
-0.06683 -0.72592  0.12631 M   12 
 0.26533 -1.21802  0.50145 B   13 
 0.01586 -1.53077  0.66924 K   13 
 0.55402 -1.29947  0.44561 B   14 
 0.75476 -1.38241  0.04635 R   14 
 0.63239 -0.98170  0.48648 B   15 
 0.73215 -0.95980  0.11077 H   15 
 0.46762 -0.91399  0.77587 B   16 
 0.16766 -0.76003  0.77090 B   17 
 0.22514 -0.57180  0.51300 L   17 
 0.03555 -0.92921  0.96707 B   18 
-0.17594 -1.15195  0.96558 D   18 
-0.03070 -0.72611  1.23187 B   19 
-0.18154 -0.99989  1.30877 N   19 
 0.08979 -0.47418  1.15519 B   20 
 0.49420 -0.34270  1.03528 Y   20 
 0.04476 -0.24849  1.38706 B   21 
 0.45842 -0.01791  1.42271 R   21 
-0.25275 -0.41064  1.42032 B   22 
-0.30270 -0.50070  1.11307 B   23 
-0.37466 -0.03585  1.11924 Y   23 
-0.47419 -0.69744  0.95796 B   24 
-0.67886 -0.77686  1.03983 S   24 
-0.45186 -0.84173  0.65777 B   25 
-0.28897 -1.09223  0.56147 L   25 
-0.73095 -0.73923  0.54646 B   26 
-0.65355 -0.43988  0.53798 B   27 
-0.74577 -0.36813  0.85461 N   27 
-0.43027 -0.45606  0.32639 B   28 
-0.10336 -0.35254  0.61178 W   28 
-0.59946 -0.58405  0.10346 B   29 
-0.59578 -0.84388  0.11092 V   29 
-0.81630 -0.36856  0.09724 B   30 
-1.04557 -0.32265  0.24660 X   30 
-0.63353 -0.13364  0.02205 B   31 
-0.52771 -0.07848  0.20538 A   31 
-0.51385 -0.24497 -0.24063 B   32 
-0.36492 -0.38995 -0.18479 A   32 
-0.78318 -0.27080 -0.38490 B   33 
-1.04514 -0.46213 -0.49061 K   33 
-0.86610  0.05465 -0.35949 B   34 
-1.21181 -0.09136 -0.19160 F   34 
-0.59055  0.17508 -0.46912 B   35 
-0.50807  0.34028 -0.16947 E   35 
-0.50524 -0.05786 -0.72420 B   36 
-0.31003 -0.11065 -0.63345 S   36 
-0.63880 -0.33512 -0.77692 B   37 
-0.88502 -0.33620 -0.92406 N   37 
-0.36627 -0.51188 -0.75468 B   38 
-0.63763 -0.69972 -0.50597 F   38 
-0.17045 -0.29669 -0.91217 B   39 
-0.20405 -0.26918 -1.20964 N   39 
 0.16907 -0.23031 -0.93562 B   40 
 0.27171 -0.45668 -0.91658 T   40 
 0.13740 -0.00921 -1.19076 B   41 
 0.28385 -0.23142 -1.48835 Q   41 
-0.00909  0.19935 -1.03986 B   42 
-0.20008  0.12658 -0.98580 A   42 
-0.08572  0.54399 -1.13311 B   43 
 0.13231  0.54361 -1.24427 T   43 
-0.13786  0.87411 -0.96387 B   44 
-0.40390  0.66639 -0.96939 N   44 
-0.22040  1.18867 -0.99833 B   45 
 0.14997  1.45474 -1.21988 R   45 
-0.18350  1.47656 -0.80928 B   46 
-0.15638  1.23249 -0.57049 N   46 
-0.27141  1.79524 -0.74259 B   47 
-0.52215  1.83606 -0.69544 T   47 
 0.03014  1.84965 -0.60894 B   48 
 0.04891  1.68516 -0.40175 D   48 
 0.21373  1.67018 -0.83591 B   49 
 0.21801  1.41613 -0.73801 B   50 
 0.21466  1.39437 -0.49322 S   50 
 0.25277  1.04325 -0.70043 B   51 
 0.25806  1.05502 -0.97237 T   51 
 0.10602  0.73400 -0.70907 B   52 
-0.09575  0.83548 -0.45039 D   52 
 0.24328  0.40310 -0.61778 B   53 
 0.50814  0.69991 -0.88703 Y   53 
 0.12224  0.10798 -0.66439 B   54 
-0.05502 -0.11829 -0.45989 B   55 
-0.00477 -0.38550 -0.45975 I   55 
-0.03613  0.14122 -0.22300 B   56 
-0.02157 -0.09241 -0.00273 L   56 
-0.01011  0.42874 -0.31821 B   57 
-0.20733  0.43010 -0.60205 Q   57 
 0.27072  0.56304 -0.30094 B   58 
 0.41519  0.37025 -0.10591 I   58 
 0.39463  0.87730 -0.23607 B   59 
 0.23082  1.13387 -0.22371 N   59 
 0.62464  1.12433 -0.38106 B   60 
 0.55981  1.14990 -0.59941 S   60 
 0.64300  1.34859 -0.14544 B   61 
 0.43022  1.70628 -0.25219 R   61 
 0.75803  1.12180  0.08524 B   62 
 0.49025  1.41377  0.31086 W   62 
 0.86256  0.81145 -0.01916 B   63 
 0.57745  0.79301  0.31308 W   63 
 0.94201  0.87062 -0.32916 B   64 
 0.79492  0.68888 -0.44319 X   64 
 1.13000  0.89678 -0.63651 B   65 
 1.34772  1.09613 -0.66933 N   65 
 1.03882  1.06688 -0.97017 B   66 
 0.78602  1.13224 -0.90316 D   66 
 1.17163  1.35814 -1.05884 B   67 
 0.86159  1.54425 -1.03030 B   68 
 0.54861  1.31186 -1.29970 R   68 
 0.86559  1.63275 -0.70019 B   69 
 0.67900  1.46224 -0.66353 T   69 
 0.86319  1.89646 -0.53910 B   70 
 0.79178  1.99978 -0.71229 P   70 
 0.95873  1.86374 -0.21490 B   71 
 1.06354  1.58639 -0.17593 B   72 
 1.03902  1.46782 -0.38039 S   72 
 1.17517  1.29454  0.04335 B   73 
 1.18230  1.48672  0.34450 R   73 
 1.22869  0.98124  0.03080 B   74 
 1.35127  0.86094 -0.18933 N   74 
 1.18925  0.78485  0.29701 B   75 
 1.03688  1.01467  0.46652 L   75 
 1.23167  0.49401  0.14137 B   76 
 0.93382  0.42449  0.19567 X   76 
 1.46267  0.51274 -0.04899 B   77 
 1.72220  0.56860  0.01399 N   77 
 1.31198  0.52385 -0.35410 B   78 
 1.24750  0.24325 -0.29251 I   78 
 1.21759  0.45543 -0.64902 B   79 
 1.40511  0.39698 -0.72044 P   79 
 0.89993  0.45997 -0.75353 B   80 
 0.81412  0.75227 -0.67006 X   80 
 0.93639  0.21945 -0.95777 B   81 
 1.11849  0.29892 -1.09188 S   81 
 0.97760 -0.00314 -0.74046 B   82 
 1.16084  0.04437 -0.64836 A   82 
 0.65630  0.01393 -0.67496 B   83 
 0.68084  0.22248 -0.42390 L   83 
 0.59655 -0.15699 -0.96929 B   84 
 0.51908  0.14740 -1.06725 L   84 
 0.68008 -0.42000 -0.91484 B   85 
 0.92294 -0.50822 -0.89505 S   85 
 0.61932 -0.76164 -0.87695 B   86 
 0.69761 -0.87353 -1.07370 S   86 
 0.79506 -0.70089 -0.63348 B   87 
 1.02855 -0.83355 -0.51796 D   87 
 0.66499 -0.60283 -0.31180 B   88 
 0.42573 -0.72142 -0.29231 I   88 
 0.89499 -0.53748 -0.11451 B   89 
 1.07430 -0.73260 -0.13024 T   89 
 0.90969 -0.22768 -0.13807 B   90 
 1.01509 -0.18705 -0.32377 A   90 
 0.61563 -0.16159 -0.05851 B   91 
 0.49571 -0.15788 -0.30534 S   91 
 0.61876 -0.29827  0.21550 B   92 
 0.56694 -0.55485  0.20128 V   92 
 0.85036 -0.14885  0.35042 B   93 
 1.09587 -0.37089  0.29037 N   93 
 0.71285  0.12456  0.30746 B   94 
 0.74995  0.31331  0.09727 X   94 
 0.44302  0.06791  0.44688 B   95 
 0.33167 -0.05782  0.31220 A   95 
 0.56133  0.01676  0.72760 B   96 
 0.70323 -0.42606  0.70181 K   96 
 0.64631  0.31517  0.75671 B   97 
 1.00517  0.36087  0.62457 K   97 
 0.37237  0.45165  0.71623 B   98 
 0.33290  0.48205  0.41012 I   98 
 0.20716  0.30814  0.95091 B   99 
 0.13333  0.09029  0.92084 V   99 
 0.43608  0.42355  1.16609 B   100 
 0.55889  0.19235  1.14900 S   100 
 0.38580  0.74953  1.14812 B   101 
 0.44116  0.91946  0.93491 D   101 
 0.07270  0.77803  1.33144 B   102 
-0.20693  0.72648  1.14067 B   103 
-0.19190  1.04819  1.10136 N   103 
-0.17060  0.47793  1.02261 B   104 
-0.40099  0.36972  0.77719 B   105 
-0.40030 -0.01924  0.72721 M   105 
-0.50127  0.66982  0.71984 B   106 
-0.67466  0.66889  1.00145 N   106 
-0.29503  0.71811  0.48784 B   107 
-0.11082  0.68672  0.58175 A   107 
-0.52267  0.55239  0.34227 B   108 
-0.13686  0.29079  0.31141 W   108 
-0.79500  0.67229  0.19542 B   109 
-0.75740  0.90628  0.09852 V   109 
-0.92869  0.40421  0.10470 B   110 
-0.84370  0.35928 -0.08699 A   110 
-0.92577  0.27092  0.37850 B   111 
-0.76443  0.13088  0.70402 W   111 
-1.08536  0.48238  0.53962 B   112 
-1.00466  0.89494  0.57963 R   112 
-1.33967  0.49912  0.32480 B   113 
-1.27261  0.81003  0.26052 N   113 
-1.35226  0.14760  0.27039 B   114 
-1.37353  0.23725 -0.22345 R   114 
-1.22852 -0.02243  0.53661 B   115 
-1.02268 -0.09475  0.30425 X   115 
-1.28868  0.11689  0.78002 B   116 
-1.08710  0.42435  1.03084 K   116 
-1.51464 -0.06051  0.98913 B   117 
-1.49945 -0.31795  0.83918 B   118 
-1.51842 -0.22465  0.59768 T   118 
-1.49794 -0.65045  0.71157 B   119 
-1.61383 -0.89175  0.81423 D   119 
-1.17429 -0.73197  0.64053 B   120 
-1.07081 -0.52452  0.73394 V   120 
-1.17591 -1.04491  0.65247 B   121 
-1.24098 -1.11100  1.05859 Q   121 
-1.31081 -1.08415  0.37091 B   122 
-1.49782 -0.99718  0.39125 A   122 
-1.02675 -1.04798  0.21362 B   123 
-1.16317 -0.67320  0.05727 W   123 
-0.93313 -1.36264  0.32275 B   124 
-0.75866 -1.26393  0.50187 I   124 
-1.12528 -1.54096  0.22018 B   125 
-1.48226 -1.37349  0.55619 R   125 
-1.02495 -1.86163  0.10742 B   126 
-0.74430 -1.83687  0.21667 B   127 
-0.71804 -1.56041  0.05156 X   127 
-0.41758 -1.99720  0.23991 B   128 
-0.40655 -2.34507  0.44808 R   128 
-0.28282 -1.93852  0.58695 B   129 
-0.31989 -1.70258  0.48473 L   129 
