246 
-0.69045  0.09534 -1.14066 B   1 
-0.74858 -0.31178 -1.22495 K   1 
-1.00082 -0.01630 -1.00073 B   2 
-1.11183  0.20986 -0.93991 V   2 
-1.05216 -0.20822 -0.74832 B   3 
-0.67715 -0.41253 -0.82275 F   3 
-1.18745 -0.45055 -0.59671 B   4 
-1.19992 -0.58859 -0.30766 B   5 
-1.47801 -0.61630  0.02625 R   5 
-1.18839 -0.89916 -0.38042 B   6 
-1.45803 -0.99354 -0.25096 X   6 
-0.97502 -0.84996 -0.60102 B   7 
-1.02529 -0.67953 -0.94863 E   7 
-0.74626 -0.74157 -0.42311 B   8 
-0.66863 -0.44950 -0.37047 L   8 
-0.72863 -0.96987 -0.22061 B   9 
-0.90511 -0.95435 -0.09502 A   9 
-0.64668 -1.18225 -0.42473 B   10 
-0.82703 -1.22898 -0.53926 A   10 
-0.38659 -1.04455 -0.52236 B   11 
-0.44753 -0.89837 -0.67026 A   11 
-0.25313 -1.00928 -0.24505 B   12 
-0.38324 -0.62372 -0.10718 M   12 
-0.24551 -1.30770 -0.18724 B   13 
-0.53722 -1.58189 -0.02012 K   13 
-0.08785 -1.41632 -0.42481 B   14 
-0.12690 -1.31080 -0.86519 R   14 
 0.15354 -1.21000 -0.33561 B   15 
 0.10073 -1.00874 -0.66470 H   15 
 0.17106 -1.27544 -0.00261 B   16 
 0.01988 -1.07285  0.22056 B   17 
 0.06572 -0.79567  0.05834 L   17 
-0.09627 -1.28090  0.38723 B   18 
-0.37523 -1.39958  0.43664 D   18 
 0.05826 -1.25204  0.68897 B   19 
-0.17156 -1.47065  0.74390 N   19 
 0.25349 -1.04276  0.64480 B   20 
 0.58708 -0.97855  0.36229 Y   20 
 0.42374 -0.98330  0.91720 B   21 
 0.87445 -0.93067  0.77702 R   21 
 0.12358 -1.05120  1.06279 B   22 
-0.07678 -0.93693  0.83518 B   23 
 0.11332 -0.55610  1.03551 Y   23 
-0.36903 -0.95972  0.75613 B   24 
-0.53665 -1.01419  0.91051 S   24 
-0.53972 -0.91101  0.47342 B   25 
-0.58190 -1.09681  0.22390 L   25 
-0.74161 -0.69483  0.58872 B   26 
-0.52906 -0.47513  0.63591 B   27 
-0.44366 -0.57169  0.94782 N   27 
-0.44570 -0.42810  0.34313 B   28 
-0.03435 -0.59231  0.39653 W   28 
-0.72565 -0.35949  0.23530 B   29 
-0.85582 -0.56886  0.15283 V   29 
-0.78148 -0.12968  0.42910 B   30 
-0.87718 -0.11694  0.68921 X   30 
-0.54686  0.04904  0.34386 B   31 
-0.36834 -0.03799  0.43555 A   31 
-0.61171  0.07710  0.04265 B   32 
-0.55249 -0.10723 -0.05133 A   32 
-0.88553  0.20829  0.08548 B   33 
-1.22575  0.18587  0.09782 K   33 
-0.76946  0.47166  0.26042 B   34 
-1.04772  0.35376  0.53915 F   34 
-0.53650  0.55528  0.05746 B   35 
-0.27481  0.49577  0.28519 E   35 
-0.68839  0.49251 -0.25812 B   36 
-0.53247  0.34896 -0.32300 S   36 
-0.95532  0.33918 -0.31032 B   37 
-1.19957  0.48535 -0.27500 N   37 
-0.83060  0.11620 -0.51216 B   38 
-1.04351 -0.09934 -0.23111 F   38 
-0.62712  0.32204 -0.67242 B   39 
-0.74985  0.51895 -0.86355 N   39 
-0.34114  0.29814 -0.86703 B   40 
-0.37368  0.08260 -0.98795 T   40 
-0.34539  0.62303 -0.96407 B   41 
-0.46074  0.57643 -1.34341 Q   41 
-0.29212  0.74100 -0.69766 B   42 
-0.45620  0.70372 -0.56966 A   42 
-0.20562  1.08421 -0.60780 B   43 
-0.08043  1.08884 -0.81804 T   43 
-0.00969  1.26268 -0.34304 B   44 
-0.32410  1.17238 -0.25964 N   44 
 0.07856  1.55089 -0.21619 B   45 
 0.41835  1.78672 -0.50941 R   45 
 0.32804  1.66169 -0.00297 B   46 
 0.31068  1.32909  0.07706 N   46 
 0.45220  1.89795  0.20318 B   47 
 0.29912  1.96952  0.39864 T   47 
 0.76167  1.78671  0.14304 B   48 
 0.76765  1.53654  0.23089 D   48 
 0.72353  1.72443 -0.19177 B   49 
 0.63070  1.46883 -0.20581 B   50 
 0.70842  1.31562 -0.03004 S   50 
 0.47655  1.14558 -0.32158 B   51 
 0.38493  1.30563 -0.52186 T   51 
 0.19930  0.94590 -0.34402 B   52 
 0.19463  0.93390 -0.00086 D   52 
 0.16571  0.59865 -0.46635 B   53 
 0.42287  0.91305 -0.72279 Y   53 
-0.09868  0.42456 -0.52728 B   54 
-0.27614  0.17884 -0.34682 B   55 
-0.37724 -0.04448 -0.46446 I   55 
-0.03738  0.24529 -0.09704 B   56 
-0.06584 -0.06544 -0.01988 L   56 
 0.09716  0.51773 -0.08772 B   57 
-0.15946  0.72945 -0.18142 Q   57 
 0.38893  0.53985 -0.19537 B   58 
 0.47186  0.24122 -0.19961 I   58 
 0.67235  0.71801 -0.11630 B   59 
 0.68557  0.95580  0.07370 N   59 
 0.92334  0.93289 -0.27686 B   60 
 0.80529  1.09221 -0.39181 S   60 
 1.14281  0.97249 -0.03935 B   61 
 1.12677  1.36927  0.12472 R   61 
 1.19878  0.63492 -0.01119 B   62 
 1.23070  0.80850  0.40917 W   62 
 1.07758  0.42194 -0.25222 B   63 
 0.97395  0.29642  0.15462 W   63 
 1.05329  0.62106 -0.50849 B   64 
 0.80296  0.58066 -0.56653 X   64 
 1.09589  0.76423 -0.83739 B   65 
 1.35455  0.88210 -0.92355 N   65 
 0.99001  1.10861 -0.97441 B   66 
 0.85562  1.18890 -0.75495 D   66 
 1.21075  1.35228 -1.02168 B   67 
 1.08120  1.56404 -0.75720 B   68 
 0.61916  1.61436 -0.84952 R   68 
 1.25411  1.44782 -0.48625 B   69 
 1.03580  1.34230 -0.40598 T   69 
 1.45039  1.56558 -0.27863 B   70 
 1.38483  1.76247 -0.33065 P   70 
 1.62785  1.33333 -0.10579 B   71 
 1.57780  1.06599 -0.23008 B   72 
 1.42049  1.09365 -0.40603 S   72 
 1.59289  0.68456 -0.22985 B   73 
 1.81152  0.66521  0.05211 R   73 
 1.46547  0.43126 -0.37401 B   74 
 1.41408  0.42769 -0.64842 N   74 
 1.43229  0.13828 -0.21891 B   75 
 1.49915  0.26409  0.07172 L   75 
 1.25453 -0.01437 -0.45495 B   76 
 1.01038 -0.02115 -0.26300 X   76 
 1.37000  0.04620 -0.72503 B   77 
 1.62157 -0.01332 -0.81229 N   77 
 1.14614  0.26526 -0.85854 B   78 
 0.97318  0.02718 -0.86786 I   78 
 0.92767  0.40132 -1.04382 B   79 
 1.01402  0.34608 -1.22595 P   79 
 0.64758  0.54682 -0.93321 B   80 
 0.76585  0.75240 -0.72459 X   80 
 0.47336  0.46248 -1.18505 B   81 
 0.60416  0.55216 -1.36480 S   81 
 0.46997  0.15509 -1.12208 B   82 
 0.66964  0.09276 -1.14581 A   82 
 0.25730  0.21625 -0.87950 B   83 
 0.47908  0.23324 -0.63939 L   83 
 0.01202  0.26232 -1.11853 B   84 
 0.07506  0.57675 -1.04495 L   84 
-0.04105  0.00317 -1.21415 B   85 
 0.10629 -0.14104 -1.37115 S   85 
-0.25194 -0.27060 -1.26333 B   86 
-0.32410 -0.26901 -1.49169 S   86 
 0.00558 -0.40527 -1.16636 B   87 
 0.15836 -0.63552 -1.26175 D   87 
 0.07762 -0.47404 -0.81981 B   88 
-0.16032 -0.51531 -0.70420 I   88 
 0.36182 -0.59350 -0.78731 B   89 
 0.39132 -0.78517 -0.96859 T   89 
 0.52615 -0.34067 -0.71103 B   90 
 0.55858 -0.23250 -0.89674 A   90 
 0.36522 -0.25600 -0.45784 B   91 
 0.18289 -0.08344 -0.56875 S   91 
 0.39879 -0.51759 -0.30223 B   92 
 0.21969 -0.69770 -0.36708 V   92 
 0.70478 -0.53648 -0.28900 B   93 
 0.75433 -0.74190 -0.55079 N   93 
 0.72624 -0.26142 -0.14977 B   94 
 0.77460 -0.00517 -0.26461 X   94 
 0.54215 -0.31308  0.09291 B   95 
 0.34073 -0.30729  0.01714 A   95 
 0.71115 -0.54145  0.21415 B   96 
 0.57878 -0.91237 -0.03444 K   96 
 0.94308 -0.34552  0.28438 B   97 
 1.19238 -0.32992 -0.00877 K   97 
 0.78941 -0.14363  0.46026 B   98 
 0.66045  0.06193  0.26713 I   98 
 0.67572 -0.34436  0.68330 B   99 
 0.49408 -0.47937  0.63243 V   99 
 0.99195 -0.43419  0.74621 B   100 
 0.95881 -0.63862  0.58515 S   100 
 1.11706 -0.15471  0.87010 B   101 
 1.16843  0.08363  0.73610 D   101 
 0.96075 -0.15264  1.19875 B   102 
 0.64819 -0.01295  1.20475 B   103 
 0.81310  0.25797  1.27313 N   103 
 0.50193 -0.15178  1.01404 B   104 
 0.17703 -0.03898  0.93202 B   105 
-0.04442 -0.31693  0.76618 M   105 
 0.23556  0.25534  1.04757 B   106 
 0.20769  0.14256  1.35721 N   106 
 0.33191  0.36894  0.77099 B   107 
 0.49178  0.24333  0.72197 A   107 
 0.01644  0.37996  0.74218 B   108 
 0.16371  0.09025  0.40659 W   108 
-0.18449  0.62792  0.83299 B   109 
-0.06969  0.85619  0.81657 V   109 
-0.46095  0.50309  0.75581 B   110 
-0.49109  0.55272  0.54937 A   110 
-0.42585  0.24433  0.91251 B   111 
-0.25357 -0.09029  1.01226 W   111 
-0.37727  0.36230  1.19511 B   112 
-0.08489  0.64299  1.31362 R   112 
-0.64375  0.56248  1.19101 B   113 
-0.45398  0.82522  1.20685 N   113 
-0.85746  0.31994  1.04207 B   114 
-1.01180  0.67235  0.71903 R   114 
-0.75185  0.00481  1.11013 B   115 
-0.71897  0.02392  0.79368 X   115 
-0.63401 -0.00610  1.37142 B   116 
-0.22502  0.04225  1.54015 K   116 
-0.82150 -0.20320  1.60000 B   117 
-1.00053 -0.32563  1.39519 B   118 
-1.05673 -0.11216  1.25858 T   118 
-1.22091 -0.51596  1.19013 B   119 
-1.39734 -0.73263  1.25432 D   119 
-1.04219 -0.62531  0.92079 B   120 
-0.81955 -0.54171  0.99766 V   120 
-1.20249 -0.87754  0.82720 B   121 
-1.13482 -1.13966  1.14382 Q   121 
-1.43174 -0.71538  0.68521 B   122 
-1.52193 -0.60928  0.83870 A   122 
-1.25415 -0.67355  0.41420 B   123 
-1.22133 -0.25563  0.50243 W   123 
-1.30601 -1.00654  0.33602 B   124 
-1.05371 -1.07502  0.39869 I   124 
-1.58478 -1.03883  0.31403 B   125 
-1.64491 -1.00145  0.82722 R   125 
-1.71772 -1.25413  0.06587 B   126 
-1.44889 -1.36954 -0.00984 B   127 
-1.34613 -1.06673 -0.05601 X   127 
-1.27371 -1.59439 -0.23731 B   128 
-1.36911 -1.98722 -0.20477 R   128 
-1.00988 -1.77788 -0.04040 B   129 
-0.95326 -1.52549 -0.01630 L   129 
