246 
 0.13796  0.67899  1.14318 B   1 
-0.15514  0.48943  1.37640 K   1 
 0.28286  0.40692  1.32581 B   2 
 0.53553  0.45404  1.29255 V   2 
 0.24744  0.09083  1.28098 B   3 
-0.15086  0.15429  1.12208 F   3 
 0.19422 -0.20662  1.37429 B   4 
 0.18668 -0.50633  1.26082 B   5 
 0.43335 -0.86481  1.27645 R   5 
-0.07285 -0.62600  1.40296 B   6 
 0.05737 -0.86679  1.55606 X   6 
-0.23058 -0.36160  1.36029 B   7 
-0.17924 -0.02036  1.54283 E   7 
-0.23291 -0.35656  1.05094 B   8 
-0.04646 -0.20275  0.86203 L   8 
-0.35165 -0.63318  0.99782 B   9 
-0.19667 -0.77707  1.04715 A   9 
-0.62012 -0.57477  1.13199 B   10 
-0.58174 -0.57582  1.34729 A   10 
-0.70281 -0.33617  0.95207 B   11 
-0.60264 -0.16193  1.03306 A   11 
-0.67240 -0.47920  0.67898 B   12 
-0.26663 -0.40477  0.55898 M   12 
-0.88105 -0.69098  0.74278 B   13 
-0.85977 -1.07036  0.95211 K   13 
-1.12782 -0.52286  0.80547 B   14 
-1.15947 -0.14561  1.05702 R   14 
-1.09184 -0.39106  0.50526 B   15 
-1.01047 -0.04686  0.66804 H   15 
-1.05008 -0.67209  0.31883 B   16 
-0.74175 -0.77342  0.22733 B   17 
-0.61243 -0.47783  0.19345 L   17 
-0.77638 -1.05613  0.28591 B   18 
-0.68289 -1.25400  0.50144 D   18 
-0.75591 -1.21410 -0.01472 B   19 
-0.76431 -1.45702  0.19634 N   19 
-0.73053 -0.99610 -0.20365 B   20 
-0.96769 -0.63672 -0.30273 Y   20 
-0.70562 -1.10934 -0.50908 B   21 
-0.97826 -0.82419 -0.77349 R   21 
-0.53264 -1.35719 -0.35238 B   22 
-0.39698 -1.18794 -0.11162 B   23 
-0.16712 -1.05641 -0.50042 Y   23 
-0.26324 -1.23907  0.15610 B   24 
-0.15680 -1.44170  0.20625 S   24 
-0.21068 -1.05627  0.43042 B   25 
-0.39899 -0.98996  0.67270 L   25 
 0.10537 -1.08592  0.43480 B   26 
 0.15581 -0.92459  0.17576 B   27 
 0.12752 -1.18508 -0.03697 N   27 
 0.05229 -0.65065  0.27126 B   28 
-0.29925 -0.64783 -0.00342 W   28 
 0.23784 -0.62376  0.51529 B   29 
 0.13517 -0.72533  0.73145 V   29 
 0.50052 -0.65575  0.36210 B   30 
 0.64590 -0.87508  0.27416 X   30 
 0.46725 -0.41141  0.17924 B   31 
 0.32372 -0.47053  0.02512 A   31 
 0.43563 -0.19136  0.39442 B   32 
 0.23492 -0.20691  0.47050 A   32 
 0.70961 -0.23938  0.52346 B   33 
 0.89996 -0.37471  0.77217 K   33 
 0.88879 -0.18080  0.24436 B   34 
 1.05188 -0.54971  0.32389 F   34 
 0.75026  0.09664  0.16507 B   35 
 0.61867 -0.02089 -0.13949 E   35 
 0.69885  0.24644  0.48369 B   36 
 0.47945  0.26464  0.45795 S   36 
 0.72866  0.10880  0.76236 B   37 
 0.99383  0.08483  0.86907 N   37 
 0.42747  0.17366  0.86765 B   38 
 0.47971 -0.23120  0.93200 F   38 
 0.41022  0.47936  0.74234 B   39 
 0.57190  0.69449  0.87631 N   39 
 0.16270  0.70659  0.65672 B   40 
-0.01452  0.66277  0.82646 T   40 
 0.37710  0.96403  0.60441 B   41 
 0.29657  1.18300  0.92837 Q   41 
 0.51354  0.84988  0.36759 B   42 
 0.62264  0.67806  0.42476 A   42 
 0.74391  1.00808  0.13255 B   43 
 0.60891  1.20984  0.16356 T   43 
 0.83953  0.97732 -0.22835 B   44 
 0.98558  0.75847 -0.01684 N   44 
 1.03923  1.07689 -0.46742 B   45 
 0.92256  1.54472 -0.62419 R   45 
 1.03701  1.06377 -0.81355 B   46 
 0.82464  0.80744 -0.73278 N   46 
 1.20067  1.08612 -1.10756 B   47 
 1.40446  0.92983 -1.13592 T   47 
 0.91498  1.17041 -1.25932 B   48 
 0.75223  0.96324 -1.22877 D   48 
 0.79014  1.37274 -1.01252 B   49 
 0.65156  1.20586 -0.84792 B   50 
 0.54458  1.01230 -0.95514 S   50 
 0.46858  1.05599 -0.55516 B   51 
 0.58152  1.26719 -0.42572 T   51 
 0.47915  0.86606 -0.27044 B   52 
 0.57693  0.60067 -0.46519 D   52 
 0.20434  0.74747 -0.05345 B   53 
 0.20651  1.20528 -0.19886 Y   53 
 0.21458  0.60532  0.23570 B   54 
 0.19277  0.27029  0.34395 B   55 
 0.05173  0.19675  0.56446 I   55 
 0.17509  0.20080 -0.00054 B   56 
-0.01528 -0.04453  0.08244 L   56 
 0.29983  0.39475 -0.19862 B   57 
 0.58200  0.50084 -0.02954 Q   57 
 0.10936  0.58515 -0.35569 B   58 
-0.16322  0.44478 -0.31018 I   58 
 0.09626  0.72238 -0.67084 B   59 
 0.32245  0.72079 -0.87492 N   59 
 0.05725  1.04931 -0.83377 B   60 
 0.21128  1.18741 -0.73509 S   60 
 0.02744  0.96720 -1.14764 B   61 
 0.38132  1.06641 -1.37020 R   61 
-0.24814  0.77127 -1.08806 B   62 
-0.01105  0.56660 -1.41935 W   62 
-0.40685  0.78936 -0.78372 B   63 
-0.31497  0.37827 -0.90446 W   63 
-0.32208  1.08730 -0.68392 B   64 
-0.22009  1.02428 -0.45307 X   64 
-0.34079  1.42982 -0.57072 B   65 
-0.43389  1.64798 -0.74949 N   65 
-0.06330  1.69455 -0.53206 B   66 
 0.14306  1.53150 -0.59123 D   66 
-0.02855  1.94308 -0.74969 B   67 
 0.28616  1.82327 -0.88451 B   68 
 0.57163  1.76745 -0.51043 R   68 
 0.17860  1.61131 -1.13012 B   69 
 0.25497  1.41807 -0.98159 T   69 
 0.21163  1.58867 -1.43654 B   70 
 0.38125  1.71865 -1.42629 P   70 
-0.01452  1.38520 -1.58741 B   71 
-0.22076  1.30839 -1.38495 B   72 
-0.15951  1.40365 -1.17604 S   72 
-0.51295  1.09464 -1.26388 B   73 
-0.57257  0.94518 -1.58292 R   73 
-0.66854  1.01500 -0.99814 B   74 
-0.72358  1.20134 -0.79762 N   74 
-0.81933  0.71991 -0.96382 B   75 
-0.67785  0.59663 -1.22755 L   75 
-0.89794  0.75000 -0.64206 B   76 
-0.69899  0.52112 -0.57475 X   76 
-1.00372  1.02540 -0.58806 B   77 
-1.22463  1.14036 -0.69953 N   77 
-0.74773  1.17641 -0.42196 B   78 
-0.82400  0.98937 -0.20776 I   78 
-0.57227  1.32041 -0.20050 B   79 
-0.72002  1.45388 -0.13697 P   79 
-0.26340  1.22775 -0.11180 B   80 
-0.11824  1.22872 -0.39234 X   80 
-0.29818  1.31001  0.19302 B   81 
-0.36416  1.53955  0.17248 S   81 
-0.50534  1.08555  0.26491 B   82 
-0.67811  1.13406  0.15484 A   82 
-0.25942  0.86818  0.25585 B   83 
-0.30662  0.77192 -0.05340 L   83 
-0.15104  0.99193  0.55975 B   84 
 0.06705  1.13802  0.36140 L   84 
-0.34071  0.89734  0.74467 B   85 
-0.58336  0.98130  0.77973 S   85 
-0.43290  0.70707  1.02242 B   86 
-0.45775  0.85497  1.20915 S   86 
-0.65739  0.64299  0.82405 B   87 
-0.94853  0.63332  0.84864 D   87 
-0.64658  0.36806  0.59102 B   88 
-0.50007  0.17863  0.71075 I   88 
-0.89524  0.36984  0.40592 B   89 
-1.11008  0.40556  0.55771 T   89 
-0.78258  0.51232  0.15342 B   90 
-0.77787  0.72418  0.20175 A   90 
-0.54691  0.31769  0.09221 B   91 
-0.34342  0.43895  0.23081 S   91 
-0.71410  0.06241  0.06665 B   92 
-0.76047 -0.05186  0.29798 V   92 
-0.90694  0.14352 -0.15785 B   93 
-1.16834  0.23832  0.03155 N   93 
-0.67336  0.20405 -0.35093 B   94 
-0.54674  0.45300 -0.40733 X   94 
-0.52826 -0.06855 -0.34179 B   95 
-0.42656 -0.07554 -0.15217 A   95 
-0.76210 -0.23398 -0.45741 B   96 
-1.03371 -0.30447 -0.08571 K   96 
-0.73391 -0.09708 -0.73594 B   97 
-0.96003  0.21436 -0.75039 K   97 
-0.43894 -0.16422 -0.79750 B   98 
-0.26772  0.05529 -0.66080 I   98 
-0.45254 -0.48413 -0.77648 B   99 
-0.45967 -0.58387 -0.56716 V   99 
-0.68913 -0.47747 -1.01314 B   100 
-0.86989 -0.48506 -0.82314 S   100 
-0.51883 -0.36842 -1.27433 B   101 
-0.41312 -0.11438 -1.31542 D   101 
-0.32441 -0.66537 -1.35477 B   102 
-0.03213 -0.69383 -1.17869 B   103 
 0.09122 -0.53487 -1.43322 N   103 
-0.10558 -0.67927 -0.91143 B   104 
 0.14747 -0.66134 -0.66513 B   105 
 0.02317 -0.77016 -0.30946 M   105 
 0.36604 -0.55971 -0.87798 B   106 
 0.39269 -0.86548 -1.00111 N   106 
 0.30909 -0.25542 -0.82458 B   107 
 0.10546 -0.23750 -0.86878 A   107 
 0.49702 -0.33253 -0.58126 B   108 
 0.09231 -0.19825 -0.39044 W   108 
 0.82868 -0.32530 -0.57415 B   109 
 0.92463 -0.14397 -0.72735 V   109 
 0.87780 -0.43106 -0.28368 B   110 
 0.87016 -0.25807 -0.15719 A   110 
 0.71213 -0.68502 -0.31199 B   111 
 0.39093 -0.89416 -0.38051 W   111 
 0.85626 -0.81286 -0.55493 B   112 
 0.92588 -0.64341 -0.93541 R   112 
 1.16288 -0.78376 -0.42749 B   113 
 1.24939 -0.58187 -0.66634 N   113 
 1.06536 -0.88237 -0.09969 B   114 
 1.32146 -0.48986  0.08121 R   114 
 0.78887 -1.07879 -0.10764 B   115 
 0.68760 -0.81993  0.04832 X   115 
 0.78947 -1.24148 -0.34388 B   116 
 0.63211 -1.20399 -0.75850 K   116 
 0.82434 -1.58802 -0.27354 B   117 
 0.77839 -1.56441  0.02027 B   118 
 0.92911 -1.35847  0.06781 T   118 
 0.70663 -1.59328  0.36791 B   119 
 0.67059 -1.82426  0.53389 D   119 
 0.43711 -1.39478  0.43422 B   120 
 0.38945 -1.33032  0.19749 V   120 
 0.31726 -1.52260  0.69378 B   121 
 0.17804 -1.88741  0.54859 Q   121 
 0.53165 -1.39965  0.88853 B   122 
 0.71079 -1.48380  0.82707 A   122 
 0.37455 -1.11363  0.90425 B   123 
 0.69199 -0.92926  0.68343 W   123 
 0.13460 -1.26319  1.10359 B   124 
-0.04801 -1.26539  0.90632 I   124 
 0.27052 -1.35801  1.33114 B   125 
 0.48957 -1.74090  1.05949 R   125 
 0.11494 -1.33983  1.64906 B   126 
-0.15429 -1.25980  1.53757 B   127 
-0.00481 -1.01748  1.38486 X   127 
-0.49479 -1.16002  1.62181 B   128 
-0.71964 -1.44128  1.80839 R   128 
-0.72904 -1.32482  1.37684 B   129 
-0.56816 -1.17937  1.23383 L   129 
