246 
-1.24164  0.01549 -0.49498 B   1 
-1.32513 -0.39593 -0.49533 K   1 
-1.40070 -0.07815 -0.18788 B   2 
-1.46003  0.15438 -0.09002 V   2 
-1.28282 -0.24774  0.05813 B   3 
-1.02212 -0.46486 -0.21170 F   3 
-1.29095 -0.47414  0.27879 B   4 
-1.12181 -0.58782  0.52623 B   5 
-1.14091 -0.58261  0.96121 R   5 
-1.14609 -0.90346  0.48550 B   6 
-1.27960 -0.98157  0.75835 X   6 
-1.11089 -0.87670  0.17784 B   7 
-1.36645 -0.73430 -0.08065 E   7 
-0.82493 -0.75870  0.17240 B   8 
-0.74113 -0.46490  0.14474 L   8 
-0.68100 -0.97000  0.33997 B   9 
-0.74632 -0.94076  0.54500 A   9 
-0.73176 -1.19993  0.14493 B   10 
-0.94298 -1.25228  0.16665 A   10 
-0.58810 -1.07586 -0.10024 B   11 
-0.73083 -0.94108 -0.19200 A   11 
-0.31561 -1.02070  0.03637 B   12 
-0.34903 -0.62265  0.19459 M   12 
-0.26462 -1.31350  0.10062 B   13 
-0.38694 -1.56726  0.43054 K   13 
-0.27874 -1.44427 -0.17467 B   14 
-0.57916 -1.37435 -0.50851 R   14 
-0.03954 -1.23620 -0.26566 B   15 
-0.28697 -1.06149 -0.51030 H   15 
 0.17758 -1.27453 -0.00707 B   16 
 0.18502 -1.05141  0.24565 B   17 
 0.11431 -0.78939  0.06791 L   17 
 0.20007 -1.24280  0.46405 B   18 
 0.01164 -1.35148  0.68092 D   18 
 0.50429 -1.19244  0.60781 B   19 
 0.36171 -1.40123  0.80707 N   19 
 0.62614 -0.99140  0.43869 B   20 
 0.71924 -0.95714  0.00815 Y   20 
 0.92417 -0.91326  0.54732 B   21 
 1.19686 -0.88123  0.15980 R   21 
 0.77518 -0.96307  0.84936 B   22 
 0.47435 -0.86382  0.78106 B   23 
 0.73390 -0.47174  0.79575 Y   23 
 0.19460 -0.88718  0.89666 B   24 
 0.15606 -0.92552  1.12458 S   24 
-0.11364 -0.85836  0.77178 B   25 
-0.29157 -1.06306  0.61369 L   25 
-0.21216 -0.62952  0.96854 B   26 
-0.02174 -0.41096  0.86063 B   27 
 0.23778 -0.48339  1.06388 N   27 
-0.13360 -0.38968  0.57441 B   28 
 0.23185 -0.55712  0.38093 W   28 
-0.42401 -0.32457  0.65272 B   29 
-0.57044 -0.53736  0.68208 V   29 
-0.35925 -0.07862  0.82244 B   30 
-0.27895 -0.04277  1.08558 X   30 
-0.22979  0.08784  0.59932 B   31 
-0.02931  0.00506  0.57091 A   31 
-0.46418  0.09246  0.39742 B   32 
-0.46751 -0.10007  0.30132 A   32 
-0.66088  0.23212  0.58669 B   33 
-0.92372  0.21755  0.80374 K   33 
-0.47170  0.50655  0.63503 B   34 
-0.52119  0.41738  1.03329 F   34 
-0.41140  0.56867  0.32687 B   35 
-0.06349  0.52278  0.35400 E   35 
-0.72074  0.48334  0.17315 B   36 
-0.63086  0.33190  0.03857 S   36 
-0.95975  0.33159  0.30483 B   37 
-1.13793  0.48498  0.46912 N   37 
-0.97470  0.09043  0.08658 B   38 
-0.96745 -0.09715  0.45474 F   38 
-0.91623  0.27839 -0.17933 B   39 
-1.13597  0.46143 -0.27196 N   39 
-0.80505  0.23300 -0.50460 B   40 
-0.89670  0.00898 -0.56424 T   40 
-0.87791  0.54888 -0.60405 B   41 
-1.19717  0.47374 -0.83166 Q   41 
-0.67866  0.68715 -0.43402 B   42 
-0.73088  0.66373 -0.23050 A   42 
-0.56707  1.03477 -0.44146 B   43 
-0.59437  1.01972 -0.68420 T   43 
-0.25720  1.23036 -0.36359 B   44 
-0.45430  1.15344 -0.10054 N   44 
-0.12003  1.52616 -0.33851 B   45 
-0.03422  1.73044 -0.79454 R   45 
 0.20367  1.64905 -0.32864 B   46 
 0.24932  1.32451 -0.22904 N   46 
 0.41906  1.89884 -0.25835 B   47 
 0.41265  1.98918 -0.01637 T   47 
 0.63304  1.77694 -0.48443 B   48 
 0.69924  1.53472 -0.39908 D   48 
 0.40270  1.68827 -0.72215 B   49 
 0.32887  1.43427 -0.65750 B   50 
 0.50200  1.29443 -0.55322 S   50 
 0.14706  1.10577 -0.63128 B   51 
-0.05218  1.25070 -0.74713 T   51 
-0.08064  0.91047 -0.46619 B   52 
 0.12313  0.92666 -0.19026 D   52 
-0.16956  0.55512 -0.51615 B   53 
-0.13001  0.84234 -0.89915 Y   53 
-0.41110  0.38192 -0.39134 B   54 
-0.43531  0.15534 -0.12206 B   55 
-0.57933 -0.07479 -0.13707 I   55 
-0.09658  0.23723 -0.07330 B   56 
-0.06225 -0.06553  0.02905 L   56 
 0.00706  0.50680 -0.16819 B   57 
-0.26105  0.71520 -0.10380 Q   57 
 0.17379  0.51425 -0.43153 B   58 
 0.24734  0.21468 -0.46197 I   58 
 0.44131  0.69261 -0.55377 B   59 
 0.55851  0.94482 -0.42940 N   59 
 0.53714  0.88862 -0.84931 B   60 
 0.36836  1.04032 -0.88146 S   60 
 0.85399  0.94313 -0.79657 B   61 
 0.92688  1.35223 -0.68734 R   61 
 0.92691  0.60795 -0.78201 B   62 
 1.20020  0.81463 -0.48126 W   62 
 0.69207  0.37843 -0.88356 B   63 
 0.85925  0.28866 -0.48858 W   63 
 0.51136  0.55637 -1.08750 B   64 
 0.27827  0.51635 -0.97920 X   64 
 0.34200  0.67132 -1.38514 B   65 
 0.49210  0.77658 -1.61883 N   65 
 0.16338  1.00537 -1.45641 B   66 
 0.18606  1.10598 -1.20735 D   66 
 0.30251  1.23993 -1.64605 B   67 
 0.35180  1.47513 -1.37433 B   68 
-0.07370  1.52690 -1.17231 R   68 
 0.65697  1.37803 -1.25491 B   69 
 0.53504  1.28379 -1.05124 T   69 
 0.93468  1.50845 -1.21789 B   70 
 0.84444  1.70169 -1.23473 P   70 
 1.18817  1.28762 -1.17010 B   71 
 1.08227  1.01207 -1.21783 B   72 
 0.84984  1.02838 -1.26450 S   72 
 1.10726  0.63170 -1.19736 B   73 
 1.45224  0.63113 -1.10431 R   73 
 0.92726  0.37006 -1.21519 B   74 
 0.72084  0.34509 -1.40153 N   74 
 1.00429  0.09145 -1.04955 B   75 
 1.22871  0.23924 -0.86911 L   75 
 0.72536 -0.07642 -1.11761 B   76 
 0.64692 -0.06264 -0.81735 X   76 
 0.65231 -0.04044 -1.40626 B   77 
 0.80207 -0.11187 -1.62285 N   77 
 0.38604  0.17138 -1.39381 B   78 
 0.25063 -0.06318 -1.27835 I   78 
 0.09560  0.29615 -1.41927 B   79 
 0.05634  0.22451 -1.61164 P   79 
-0.06567  0.45574 -1.17356 B   80 
 0.14754  0.67530 -1.09539 X   80 
-0.35362  0.35458 -1.26156 B   81 
-0.36090  0.42665 -1.49007 S   81 
-0.30798  0.05349 -1.18586 B   82 
-0.16114 -0.01453 -1.32050 A   82 
-0.33307  0.13849 -0.86970 B   83 
-0.01205  0.17063 -0.81454 L   83 
-0.67427  0.16973 -0.91466 B   84 
-0.59022  0.48781 -0.91863 L   84 
-0.76554 -0.09526 -0.93846 B   85 
-0.73806 -0.25472 -1.14088 S   85 
-0.95403 -0.36789 -0.82897 B   86 
-1.14938 -0.38355 -0.96663 S   86 
-0.68582 -0.49927 -0.89724 B   87 
-0.61394 -0.73954 -1.04745 D   87 
-0.41698 -0.54090 -0.66059 B   88 
-0.53538 -0.56786 -0.42197 I   88 
-0.16694 -0.66293 -0.79728 B   89 
-0.24639 -0.86933 -0.94412 T   89 
 0.00152 -0.40802 -0.85555 B   90 
-0.08836 -0.31607 -1.03078 A   90 
 0.02326 -0.29976 -0.56404 B   91 
-0.19473 -0.13326 -0.55516 S   91 
 0.15270 -0.54838 -0.44072 B   92 
-0.02306 -0.72959 -0.37008 V   92 
 0.40510 -0.57220 -0.61362 B   93 
 0.29349 -0.79928 -0.83536 N   93 
 0.49697 -0.28716 -0.53736 B   94 
 0.45758 -0.04217 -0.67742 X   94 
 0.49850 -0.31515 -0.22969 B   95 
 0.29212 -0.31157 -0.16855 A   95 
 0.71398 -0.53616 -0.21800 B   96 
 0.47098 -0.92345 -0.30662 K   96 
 0.93456 -0.33978 -0.31752 B   97 
 0.95572 -0.35315 -0.70184 K   97 
 0.91148 -0.12118 -0.10075 B   98 
 0.68529  0.07043 -0.19188 I   98 
 0.96227 -0.30071  0.16032 B   99 
 0.79139 -0.43580  0.24011 V   99 
 1.25518 -0.39137  0.02610 B   100 
 1.13845 -0.60758 -0.06586 S   100 
 1.42021 -0.10523  0.02724 B   101 
 1.37226  0.12029 -0.12845 D   101 
 1.49396 -0.07321  0.38219 B   102 
 1.24388  0.07269  0.56499 B   103 
 1.40741  0.34496  0.49871 N   103 
 1.01694 -0.07833  0.51279 B   104 
 0.70481  0.03382  0.63531 B   105 
 0.43766 -0.25230  0.65898 M   105 
 0.81128  0.33538  0.66891 B   106 
 0.97973  0.24886  0.94003 N   106 
 0.71730  0.42406  0.38257 B   107 
 0.81930  0.29171  0.25680 A   107 
 0.44823  0.43894  0.54945 B   108 
 0.37277  0.11991  0.21664 W   108 
 0.33462  0.69744  0.72374 B   109 
 0.40850  0.92128  0.62376 V   109 
 0.07199  0.57224  0.83916 B   110 
-0.07827  0.60542  0.68980 A   110 
 0.20322  0.32651  0.96219 B   111 
 0.41192 -0.00220  0.96304 W   111 
 0.40850  0.46619  1.14790 B   112 
 0.70352  0.74977  1.04362 R   112 
 0.18701  0.67062  1.29020 B   113 
 0.33891  0.92995  1.16786 N   113 
-0.06497  0.42101  1.31986 B   114 
-0.39474  0.74884  1.12970 R   114 
 0.07083  0.11046  1.33435 B   115 
-0.09459  0.10298  1.06201 X   115 
 0.32276  0.11861  1.47124 B   116 
 0.74879  0.17245  1.35427 K   116 
 0.31797 -0.05539  1.78101 B   117 
 0.05585 -0.19057  1.73615 B   118 
-0.07853  0.01210  1.64529 T   118 
-0.23706 -0.39261  1.72131 B   119 
-0.33159 -0.59976  1.89552 D   119 
-0.25355 -0.52713  1.40814 B   120 
-0.03260 -0.44197  1.32817 V   120 
-0.42926 -0.78293  1.45019 B   121 
-0.17545 -1.01959  1.68066 Q   121 
-0.70304 -0.62840  1.46357 B   122 
-0.68582 -0.50834  1.63161 A   122 
-0.72651 -0.61240  1.13810 B   123 
-0.66117 -0.18940  1.15604 W   123 
-0.80381 -0.94956  1.13309 B   124 
-0.56270 -1.01769  1.03567 I   124 
-1.03809 -0.97800  1.28654 B   125 
-0.77754 -0.89762  1.72703 R   125 
-1.28651 -1.21019  1.18662 B   126 
-1.11417 -1.33671  0.97307 B   127 
-1.07034 -1.04079  0.85103 X   127 
-1.10432 -1.58284  0.70416 B   128 
-1.14748 -1.96972  0.81788 R   128 
-0.76914 -1.75482  0.71511 B   129 
-0.71797 -1.50248  0.68056 L   129 
