246 
-0.39110  1.08004  0.68372 B   1 
-0.80279  1.00308  0.71235 K   1 
-0.46249  0.90301  0.98694 B   2 
-0.23833  0.93037  1.11411 V   2 
-0.54764  0.59593  1.02730 B   3 
-0.73866  0.59393  0.63817 F   3 
-0.72324  0.36164  1.14684 B   4 
-0.74211  0.04169  1.15257 B   5 
-0.66040 -0.28258  1.43145 R   5 
-1.05553 -0.00824  1.11860 B   6 
-1.11216 -0.16836  1.38228 X   6 
-1.07896  0.21818  0.90695 B   7 
-1.05666  0.60352  0.96546 E   7 
-0.89588  0.09841  0.68816 B   8 
-0.60102  0.16148  0.63171 L   8 
-1.02876 -0.17507  0.65668 B   9 
-0.97902 -0.28845  0.83508 A   9 
-1.29643 -0.06507  0.55798 B   10 
-1.39529  0.02018  0.73344 A   10 
-1.18842  0.08181  0.30718 B   11 
-1.11365  0.27295  0.37669 A   11 
-1.04175 -0.15925  0.17936 B   12 
-0.64260 -0.14324  0.33754 M   12 
-1.29481 -0.32549  0.15146 B   13 
-1.50468 -0.58885  0.42497 K   13 
-1.47416 -0.14401 -0.01583 B   14 
-1.54612  0.30283  0.02600 R   14 
-1.23339 -0.14442 -0.24127 B   15 
-1.17579  0.23539 -0.17788 H   15 
-1.16656 -0.47708 -0.25992 B   16 
-0.90546 -0.60959 -0.09265 B   17 
-0.70786 -0.35382 -0.12064 L   17 
-1.04240 -0.84452  0.01035 B   18 
-1.15240 -0.93990  0.28081 D   18 
-0.89095 -1.11025 -0.13868 B   19 
-1.08773 -1.24769  0.07583 N   19 
-0.70109 -0.98688 -0.31923 B   20 
-0.72585 -0.69544 -0.65038 Y   20 
-0.53142 -1.21362 -0.48211 B   21 
-0.50496 -1.05628 -0.92944 R   21 
-0.55960 -1.37916 -0.18596 B   22 
-0.55402 -1.12868  0.01957 B   23 
-0.11362 -1.16682 -0.14136 Y   23 
-0.62503 -1.06912  0.30868 B   24 
-0.62839 -1.23547  0.47365 S   24 
-0.69879 -0.79194  0.47946 B   25 
-0.96762 -0.63200  0.50598 L   25 
-0.46946 -0.82034  0.69715 B   26 
-0.23421 -0.77730  0.50099 B   27 
-0.19943 -1.10105  0.41225 N   27 
-0.29589 -0.48710  0.41814 B   28 
-0.39902 -0.59162 -0.00313 W   28 
-0.29259 -0.36612  0.70108 B   29 
-0.52600 -0.37120  0.81543 V   29 
-0.01094 -0.45952  0.77484 B   30 
 0.09269 -0.69708  0.87385 X   30 
 0.13788 -0.30903  0.55244 B   31 
 0.10449 -0.42377  0.36922 A   31 
 0.04532 -0.02074  0.61601 B   32 
-0.15633 -0.00247  0.54307 A   32 
 0.16383 -0.01543  0.89876 B   33 
 0.12446 -0.04112  1.23669 K   33 
 0.48111 -0.07575  0.80321 B   34 
 0.45868 -0.38306  1.07537 F   34 
 0.49748  0.14770  0.57461 B   35 
 0.54671 -0.08113  0.31174 E   35 
 0.30968  0.41346  0.71849 B   36 
 0.16331  0.42187  0.55225 S   36 
 0.13006  0.39923  0.97349 B   37 
 0.26159  0.41767  1.22772 N   37 
-0.14359  0.50383  0.83141 B   38 
-0.25079  0.15855  1.03158 F   38 
-0.00028  0.73348  0.64120 B   39 
 0.10072  0.98277  0.77545 N   39 
-0.07636  0.90944  0.35228 B   40 
-0.32332  0.93928  0.36841 T   40 
 0.18651  1.12206  0.37826 B   41 
-0.00799  1.45357  0.48618 Q   41 
 0.39989  0.92101  0.33610 B   42 
 0.40266  0.78565  0.49847 A   42 
 0.75664  0.96913  0.27476 B   43 
 0.68994  1.16760  0.14806 T   43 
 1.03503  0.79492  0.09452 B   44 
 0.96167  0.67822  0.40267 N   44 
 1.35514  0.78803  0.02795 B   45 
 1.48517  1.15441 -0.29748 R   45 
 1.55524  0.63684 -0.21096 B   46 
 1.27733  0.43668 -0.21610 N   46 
 1.85986  0.53751 -0.31618 B   47 
 1.98940  0.38107 -0.15646 T   47 
 1.75567  0.55638 -0.63326 B   48 
 1.55840  0.38055 -0.65584 D   48 
 1.56884  0.84205 -0.60301 B   49 
 1.32122  0.75679 -0.52844 B   50 
 1.25166  0.53749 -0.61489 S   50 
 0.96844  0.73906 -0.39848 B   51 
 1.03409  0.98340 -0.29794 T   51 
 0.75660  0.67957 -0.13612 B   52 
 0.87509  0.35734 -0.12879 D   52 
 0.38747  0.66088 -0.12817 B   53 
 0.59827  1.02153 -0.36532 Y   53 
 0.18556  0.64693  0.12275 B   54 
 0.01486  0.38394  0.28442 B   55 
-0.24274  0.40663  0.36842 I   55 
 0.18712  0.18195  0.05346 B   56 
-0.07245 -0.00747  0.06089 L   56 
 0.45137  0.27867 -0.06159 B   57 
 0.59372  0.44109  0.20825 Q   57 
 0.45107  0.39164 -0.35217 B   58 
 0.17951  0.28403 -0.45584 I   58 
 0.66491  0.39067 -0.62161 B   59 
 0.95721  0.30498 -0.61622 N   59 
 0.81971  0.62483 -0.85858 B   60 
 0.91517  0.78947 -0.73085 S   60 
 0.96122  0.42372 -1.07230 B   61 
 1.38847  0.42167 -1.02685 R   61 
 0.66412  0.27093 -1.15146 B   62 
 0.98563 -0.05195 -1.16685 W   62 
 0.36799  0.41140 -1.04794 B   63 
 0.39899 -0.01440 -0.94918 W   63 
 0.45312  0.72349 -1.01240 B   64 
 0.37668  0.75766 -0.76612 X   64 
 0.46373  1.08278 -1.04823 B   65 
 0.55767  1.21151 -1.29888 N   65 
 0.72248  1.33804 -0.91993 B   66 
 0.87043  1.16300 -0.77800 D   66 
 0.94466  1.47773 -1.12354 B   67 
 1.23134  1.31082 -0.97679 B   68 
 1.21113  1.40742 -0.51333 R   68 
 1.23848  1.01903 -1.15462 B   69 
 1.15647  0.90111 -0.94343 T   69 
 1.43923  0.87475 -1.34005 B   70 
 1.59678  0.99625 -1.26141 P   70 
 1.30244  0.62996 -1.53155 B   71 
 1.00520  0.64303 -1.50160 B   72 
 0.95334  0.81366 -1.34456 S   72 
 0.65423  0.49880 -1.54335 B   73 
 0.75810  0.23424 -1.75990 R   73 
 0.35712  0.53425 -1.43544 B   74 
 0.24644  0.78601 -1.38724 N   74 
 0.14310  0.27932 -1.42127 B   75 
 0.37382  0.05905 -1.47618 L   75 
-0.09934  0.43702 -1.25705 B   76 
-0.04971  0.25264 -1.01203 X   76 
-0.13773  0.71188 -1.37076 B   77 
-0.20842  0.77441 -1.62675 N   77 
-0.00142  0.91448 -1.13350 B   78 
-0.23658  0.83011 -0.97772 I   78 
 0.03906  1.13371 -0.90794 B   79 
-0.07494  1.28286 -0.99981 P   79 
 0.19600  1.08160 -0.61725 B   80 
 0.47284  0.96828 -0.71869 X   80 
 0.01088  1.27982 -0.45193 B   81 
 0.03460  1.48234 -0.57798 S   81 
-0.24926  1.10521 -0.46942 B   82 
-0.30208  1.10700 -0.67319 A   82 
-0.11559  0.90021 -0.25052 B   83 
 0.00618  0.68817 -0.46810 L   83 
-0.18037  1.13468 -0.00508 B   84 
 0.14204  1.18658 -0.04520 L   84 
-0.45942  1.12426  0.02875 B   85 
-0.64184  1.21754 -0.12992 S   85 
-0.74521  1.06264  0.21945 B   86 
-0.83513  1.27337  0.28920 S   86 
-0.81514  0.92634 -0.04586 B   87 
-1.05330  0.93015 -0.21534 D   87 
-0.74252  0.58081 -0.11899 B   88 
-0.75319  0.45414  0.11665 I   88 
-0.82098  0.51038 -0.41050 B   89 
-1.06449  0.60618 -0.45520 T   89 
-0.54745  0.53821 -0.55595 B   90 
-0.51567  0.75156 -0.58263 A   90 
-0.38451  0.33316 -0.38690 B   91 
-0.27973  0.49796 -0.19409 S   91 
-0.56478  0.09076 -0.43710 B   92 
-0.76787  0.07961 -0.27172 V   92 
-0.55621  0.07658 -0.74352 B   93 
-0.84151  0.24203 -0.81000 N   93 
-0.24814  0.05212 -0.74425 B   94 
-0.05175  0.25615 -0.77573 X   94 
-0.21662 -0.19517 -0.56175 B   95 
-0.25378 -0.12628 -0.36121 A   95 
-0.36993 -0.39089 -0.74506 B   96 
-0.81549 -0.30335 -0.64153 K   96 
-0.14657 -0.37783 -0.96199 B   97 
-0.22601 -0.09635 -1.21257 K   97 
 0.09581 -0.46687 -0.79278 B   98 
 0.20361 -0.21257 -0.65173 I   98 
-0.01287 -0.75117 -0.69114 B   99 
-0.16922 -0.75824 -0.51991 V   99 
-0.05028 -0.83798 -1.01222 B   100 
-0.30221 -0.76680 -0.99511 S   100 
 0.26318 -0.84480 -1.11618 B   101 
 0.43599 -0.62976 -1.15212 D   101 
 0.37874 -1.15088 -0.95676 B   102 
 0.48851 -1.10891 -0.63514 B   103 
 0.77578 -1.06692 -0.77998 N   103 
 0.27814 -0.98741 -0.50092 B   104 
 0.32892 -0.87436 -0.16977 B   105 
-0.00561 -0.82977  0.02997 M   105 
 0.64835 -0.86900 -0.20638 B   106 
 0.65952 -1.19871 -0.18331 N   106 
 0.65514 -0.56839 -0.29737 B   107 
 0.53161 -0.56781 -0.46613 A   107 
 0.63275 -0.54294  0.01778 B   108 
 0.24843 -0.33940 -0.15282 W   108 
 0.88221 -0.53662  0.23649 B   109 
 1.09459 -0.43313  0.13778 V   109 
 0.71880 -0.51711  0.50274 B   110 
 0.68441 -0.30779  0.53416 A   110 
 0.54167 -0.75942  0.45122 B   111 
 0.28237 -0.97538  0.25698 W   111 
 0.76085 -0.97553  0.41391 B   112 
 1.08487 -0.97407  0.14311 R   112 
 0.92579 -0.90057  0.69369 B   113 
 1.18733 -0.81261  0.52294 N   113 
 0.63087 -0.85809  0.88837 B   114 
 0.82331 -0.42844  1.06368 R   114 
 0.37299 -1.03848  0.76167 B   115 
 0.27312 -0.73780  0.72696 X   115 
 0.46990 -1.28243  0.64603 B   116 
 0.60646 -1.41334  0.24317 K   116 
 0.36161 -1.57174  0.82160 B   117 
 0.15879 -1.43154  0.98952 B   118 
 0.30028 -1.22532  1.05912 T   118 
-0.10963 -1.31749  1.19392 B   119 
-0.29745 -1.46186  1.35541 D   119 
-0.30024 -1.10651  1.00524 B   120 
-0.17869 -1.14224  0.78980 V   120 
-0.57949 -1.11802  1.14653 B   121 
-0.69697 -1.50906  1.06393 Q   121 
-0.49928 -0.92917  1.38511 B   122 
-0.34944 -1.03264  1.48407 A   122 
-0.55105 -0.65949  1.20811 B   123 
-0.12964 -0.58253  1.20553 W   123 
-0.89157 -0.71396  1.23574 B   124 
-0.91374 -0.79357  0.97993 I   124 
-0.94883 -0.71057  1.51133 B   125 
-0.72423 -1.17244  1.57917 R   125 
-1.25062 -0.56459  1.62633 B   126 
-1.36735 -0.53358  1.34933 B   127 
-1.09826 -0.37457  1.26754 X   127 
-1.64897 -0.40511  1.15651 B   128 
-2.00581 -0.58543  1.22452 R   128 
-1.72570 -0.65226  0.88253 B   129 
-1.47972 -0.57814  0.84395 L   129 
