246 
 0.93521  0.29128  0.90965 B   1 
 1.24995  0.05103  0.77014 K   1 
 1.14256  0.47817  0.68503 B   2 
 1.05698  0.71906  0.72759 V   2 
 1.17135  0.45192  0.36619 B   3 
 1.07416  0.03005  0.38847 F   3 
 1.33232  0.43015  0.09484 B   4 
 1.28679  0.41912 -0.22228 B   5 
 1.33374  0.68288 -0.56554 R   5 
 1.49348  0.19325 -0.31251 B   6 
 1.66843  0.35918 -0.51309 X   6 
 1.42468  0.01738 -0.06564 B   7 
 1.52046  0.08091  0.30745 E   7 
 1.12624 -0.03658 -0.12690 B   8 
 0.88007  0.10781 -0.01438 L   8 
 1.15326 -0.14827 -0.41016 B   9 
 1.20386  0.01988 -0.53793 A   9 
 1.31675 -0.39332 -0.32828 B   10 
 1.51758 -0.31970 -0.28272 A   10 
 1.10820 -0.51680 -0.13489 B   11 
 1.13254 -0.41356  0.05407 A   11 
 0.86983 -0.52495 -0.33255 B   12 
 0.66854 -0.14908 -0.27967 M   12 
 1.01147 -0.70905 -0.52877 B   13 
 1.28828 -0.63400 -0.85427 K   13 
 1.07955 -0.95020 -0.35470 B   14 
 1.24865 -0.95877  0.06711 R   14 
 0.75689 -0.97136 -0.28964 B   15 
 0.82784 -0.88170  0.08254 H   15 
 0.62870 -0.94692 -0.60341 B   16 
 0.50832 -0.65333 -0.71751 B   17 
 0.39177 -0.54665 -0.43417 L   17 
 0.62957 -0.66331 -0.98162 B   18 
 0.86204 -0.52536 -1.12746 D   18 
 0.36951 -0.68508 -1.19992 B   19 
 0.62471 -0.64591 -1.39218 N   19 
 0.13786 -0.70257 -1.02701 B   20 
 0.00874 -0.97087 -0.70059 Y   20 
-0.13689 -0.72303 -1.20258 B   21 
-0.40357 -1.04997 -0.98451 R   21 
 0.03558 -0.51402 -1.40867 B   22 
 0.20862 -0.34904 -1.18991 B   23 
-0.23285 -0.19398 -1.14128 Y   23 
 0.45382 -0.17024 -1.18069 B   24 
 0.52584 -0.04678 -1.36635 S   24 
 0.67073 -0.08220 -0.94272 B   25 
 0.92276 -0.23076 -0.82885 L   25 
 0.62638  0.23128 -0.96619 B   26 
 0.33469  0.22970 -0.86328 B   27 
 0.18905  0.17974 -1.16361 N   27 
 0.38752  0.12968 -0.57677 B   28 
 0.18341 -0.26229 -0.63781 W   28 
 0.58470  0.35159 -0.49566 B   29 
 0.83171  0.29157 -0.55012 V   29 
 0.39840  0.58644 -0.55588 B   30 
 0.33423  0.72616 -0.78683 X   30 
 0.17726  0.51086 -0.35680 B   31 
 0.06607  0.34691 -0.44956 A   31 
 0.34407  0.50428 -0.09630 B   32 
 0.45531  0.32006 -0.09812 A   32 
 0.43084  0.79797 -0.11167 B   33 
 0.66546  1.03365 -0.18794 K   33 
 0.11893  0.92507 -0.11156 B   34 
 0.24405  1.11767 -0.45254 F   34 
 0.00884  0.76135  0.14049 B   35 
-0.23708  0.58714 -0.04133 E   35 
 0.29328  0.75605  0.35420 B   36 
 0.30270  0.53479  0.36332 S   36 
 0.58502  0.83872  0.27977 B   37 
 0.64681  1.11880  0.28299 N   37 
 0.72504  0.55631  0.36131 B   38 
 0.86222  0.63905 -0.01963 F   38 
 0.54375  0.50294  0.63286 B   39 
 0.59993  0.67348  0.87397 N   39 
 0.45690  0.23340  0.83294 B   40 
 0.66011  0.08931  0.82388 T   40 
 0.31582  0.42275  1.07630 B   41 
 0.59603  0.38613  1.35829 Q   41 
 0.08798  0.52356  0.91612 B   42 
 0.15988  0.64924  0.76209 A   42 
-0.21111  0.70332  1.02371 B   43 
-0.19988  0.56525  1.22546 T   43 
-0.56868  0.73908  0.91787 B   44 
-0.34482  0.92919  0.75143 N   44 
-0.85414  0.89094  0.96687 B   45 
-1.08224  0.72619  1.38863 R   45 
-1.18421  0.83191  0.88001 B   46 
-1.01632  0.64923  0.64385 N   46 
-1.50024  0.94308  0.84133 B   47 
-1.53030  1.14701  0.68554 T   47 
-1.61440  0.63223  0.88710 B   48 
-1.51367  0.48758  0.68893 D   48 
-1.39732  0.54001  1.13570 B   49 
-1.18013  0.43938  1.00590 B   50 
-1.22452  0.32606  0.79238 S   50 
-0.83541  0.31546  0.91948 B   51 
-0.77434  0.43744  1.15508 T   51 
-0.52363  0.38285  0.79500 B   52 
-0.67278  0.46028  0.49554 D   52 
-0.24246  0.15431  0.72162 B   53 
-0.47812  0.10899  1.13773 Y   53 
 0.06371  0.21968  0.64475 B   54 
 0.24144  0.23324  0.34033 B   55 
 0.49345  0.13473  0.31362 I   55 
-0.07265  0.16212  0.19854 B   56 
 0.09128  0.00092 -0.02609 L   56 
-0.32531  0.24218  0.34742 B   57 
-0.23351  0.54275  0.49126 Q   57 
-0.48316  0.01881  0.49707 B   58 
-0.36292 -0.23492  0.36577 I   58 
-0.81283 -0.05344  0.56354 B   59 
-1.04813  0.13547  0.52160 N   59 
-1.03098 -0.13557  0.84747 B   60 
-0.99142  0.02549  1.00567 S   60 
-1.31087 -0.21291  0.69972 B   61 
-1.60705  0.09356  0.75412 R   61 
-1.16500 -0.46442  0.51712 B   62 
-1.48236 -0.27557  0.24977 W   62 
-0.84831 -0.57106  0.59758 B   63 
-0.89486 -0.47972  0.17155 W   63 
-0.82895 -0.48616  0.91115 B   64 
-0.61127 -0.34415  0.90044 X   64 
-0.78805 -0.50320  1.26966 B   65 
-0.98943 -0.63570  1.44318 N   65 
-0.85400 -0.23698  1.54049 B   66 
-0.91275 -0.03530  1.37155 D   66 
-1.12126 -0.25158  1.73721 B   67 
-1.28060  0.04204  1.59589 B   68 
-0.95832  0.38817  1.62546 R   68 
-1.45427 -0.09391  1.33479 B   69 
-1.28430  0.01582  1.17890 T   69 
-1.75026 -0.11115  1.24762 B   70 
-1.79682  0.05098  1.37921 P   70 
-1.81396 -0.34858  1.01336 B   71 
-1.56736 -0.51412  0.97867 B   72 
-1.39669 -0.42394  1.11726 S   72 
-1.35571 -0.77087  0.79156 B   73 
-1.62138 -0.87499  0.57650 R   73 
-1.05636 -0.87589  0.76837 B   74 
-0.89260 -0.90624  0.99246 N   74 
-0.93578 -1.00365  0.48529 B   75 
-1.18849 -0.90188  0.31052 L   75 
-0.61869 -1.02913  0.58236 B   76 
-0.54070 -0.81038  0.37605 X   76 
-0.60573 -1.13834  0.86138 B   77 
-0.69870 -1.38026  0.94666 N   77 
-0.52160 -0.86634  1.04809 B   78 
-0.26326 -0.89633  0.91009 I   78 
-0.36879 -0.66407  1.23863 B   79 
-0.30983 -0.80580  1.38045 P   79 
-0.31761 -0.34045  1.17153 B   80 
-0.61300 -0.24416  1.11458 X   80 
-0.03528 -0.32823  1.31656 B   81 
-0.09141 -0.40830  1.53542 S   81 
 0.11654 -0.50887  1.10970 B   82 
 0.03040 -0.69977  1.13106 A   82 
 0.11048 -0.25714  0.89898 B   83 
-0.15900 -0.35011  0.73816 L   83 
 0.35849 -0.10620  1.08640 B   84 
 0.09936  0.06818  1.18982 L   84 
 0.58904 -0.25745  1.03082 B   85 
 0.64733 -0.49485  1.11683 S   85 
 0.91199 -0.29239  0.90304 B   86 
 1.06525 -0.29336  1.08707 S   86 
 0.77325 -0.54317  0.79480 B   87 
 0.84936 -0.82530  0.78642 D   87 
 0.60429 -0.55726  0.47658 B   88 
 0.73362 -0.38344  0.31926 I   88 
 0.46881 -0.83298  0.43516 B   89 
 0.64470 -1.02115  0.49942 T   89 
 0.17656 -0.77125  0.52196 B   90 
 0.17817 -0.76936  0.73930 A   90 
 0.11735 -0.53943  0.32216 B   91 
 0.19028 -0.32218  0.47316 S   91 
 0.17485 -0.69533  0.06494 B   92 
 0.42935 -0.69674  0.00212 V   92 
-0.02475 -0.92667  0.09339 B   93 
 0.18310 -1.15745  0.22271 N   93 
-0.26367 -0.73181  0.11458 B   94 
-0.39172 -0.62916  0.34751 X   94 
-0.22325 -0.57353 -0.14765 B   95 
-0.05688 -0.44152 -0.11246 A   95 
-0.25961 -0.81460 -0.33732 B   96 
 0.15991 -1.01673 -0.33060 K   96 
-0.56112 -0.84010 -0.26275 B   97 
-0.60070 -1.08103  0.03510 K   97 
-0.65749 -0.55643 -0.33725 B   98 
-0.60125 -0.37627 -0.09115 I   98 
-0.56830 -0.55005 -0.64543 B   99 
-0.34480 -0.51721 -0.69820 V   99 
-0.75652 -0.82271 -0.69293 B   100 
-0.54074 -0.96876 -0.66232 S   100 
-1.06015 -0.70395 -0.63981 B   101 
-1.17090 -0.61960 -0.39895 D   101 
-1.10943 -0.51074 -0.94427 B   102 
-0.98463 -0.19220 -0.93021 B   103 
-1.28411 -0.12111 -0.82760 N   103 
-0.71767 -0.22086 -0.85990 B   104 
-0.52813  0.06836 -0.78608 B   105 
-0.14157  0.01059 -0.81811 M   105 
-0.79204  0.24305 -0.72918 B   106 
-0.85153  0.26439 -1.05379 N   106 
-0.79413  0.18035 -0.42136 B   107 
-0.80513 -0.02843 -0.41623 A   107 
-0.57639  0.40979 -0.44195 B   108 
-0.35056  0.03611 -0.27581 W   108 
-0.62850  0.73722 -0.42859 B   109 
-0.83034  0.79702 -0.28285 V   109 
-0.33537  0.83923 -0.46908 B   110 
-0.24830  0.84393 -0.27316 A   110 
-0.28106  0.68430 -0.72557 B   111 
-0.24784  0.36725 -0.94912 W   111 
-0.51327  0.79238 -0.90031 B   112 
-0.92686  0.78909 -0.81516 R   112 
-0.44975  1.11403 -0.84023 B   113 
-0.73669  1.14926 -0.69286 N   113 
-0.09679  1.07748 -0.86785 B   114 
-0.04871  1.33977 -0.44210 R   114 
-0.01565  0.81388 -1.06539 B   115 
 0.09812  0.72689 -0.78065 X   115 
-0.20930  0.78349 -1.27480 B   116 
-0.58898  0.55771 -1.32911 K   116 
-0.07548  0.84715 -1.59775 B   117 
 0.21039  0.84951 -1.51252 B   118 
 0.18718  0.99537 -1.29904 T   118 
 0.56348  0.83809 -1.46742 B   119 
 0.77758  0.84193 -1.65806 D   119 
 0.63266  0.57359 -1.26323 B   120 
 0.39962  0.48403 -1.25158 V   120 
 0.92989  0.50520 -1.33431 B   121 
 0.89019  0.36254 -1.72369 Q   121 
 1.05464  0.74244 -1.16948 B   122 
 0.98196  0.91292 -1.26224 A   122 
 1.03743  0.57578 -0.88900 B   123 
 0.73150  0.84231 -0.75157 W   123 
 1.30202  0.38022 -0.99592 B   124 
 1.14420  0.16772 -1.04288 I   124 
 1.51726  0.55671 -1.03792 B   125 
 1.29754  0.74677 -1.46685 R   125 
 1.84646  0.45540 -0.95442 B   126 
 1.76911  0.16767 -0.90397 B   127 
 1.54577  0.27717 -0.69778 X   127 
 1.88840 -0.15873 -0.79340 B   128 
 2.16551 -0.33484 -1.03145 R   128 
 1.72747 -0.42174 -1.01012 B   129 
 1.53166 -0.29447 -0.89631 L   129 
