246 
 0.91894  0.27548  0.93089 B   1 
 1.26893  0.23008  0.70354 K   1 
 1.01568  0.59020  0.78957 B   2 
 0.86377  0.75283  0.92239 V   2 
 1.00100  0.68848  0.48412 B   3 
 1.05205  0.28057  0.34657 F   3 
 1.11548  0.82208  0.22132 B   4 
 1.02685  0.90600 -0.07509 B   5 
 0.93033  1.27023 -0.29332 R   5 
 1.27919  0.81679 -0.24900 B   6 
 1.35638  1.09330 -0.37534 X   6 
 1.31145  0.55410 -0.08601 B   7 
 1.43851  0.51440  0.28098 E   7 
 1.04141  0.42051 -0.15648 B   8 
 0.78246  0.41719  0.00796 L   8 
 1.05865  0.43190 -0.46146 B   9 
 1.03068  0.64001 -0.51684 A   9 
 1.30407  0.25076 -0.48254 B   10 
 1.47424  0.37143 -0.41693 A   10 
 1.18055  0.00130 -0.34596 B   11 
 1.19912  0.03392 -0.13254 A   11 
 0.93006 -0.02360 -0.52650 B   12 
 0.62778  0.21029 -0.33024 M   12 
 1.09147 -0.06349 -0.78108 B   13 
 1.27368  0.21462 -1.05975 K   13 
 1.26119 -0.30781 -0.71329 B   14 
 1.48782 -0.40020 -0.33028 R   14 
 0.97770 -0.46560 -0.65394 B   15 
 1.07293 -0.49138 -0.27730 H   15 
 0.80096 -0.38211 -0.93192 B   16 
 0.57476 -0.13218 -0.92316 B   17 
 0.47577 -0.18038 -0.61800 L   17 
 0.64951 -0.00530 -1.17389 B   18 
 0.79805  0.24887 -1.26153 D   18 
 0.38004 -0.04267 -1.37820 B   19 
 0.57479  0.15037 -1.54682 N   19 
 0.19708 -0.20172 -1.21977 B   20 
 0.21589 -0.59381 -1.01699 Y   20 
-0.07980 -0.25811 -1.38373 B   21 
-0.18700 -0.71321 -1.30036 R   21 
-0.01989  0.05668 -1.49874 B   22 
 0.12170  0.18626 -1.23764 B   23 
-0.33276  0.14355 -1.12384 Y   23 
 0.29307  0.42660 -1.16665 B   24 
 0.29061  0.62389 -1.29303 S   24 
 0.50375  0.49886 -0.91800 B   25 
 0.80511  0.42219 -0.87481 L   25 
 0.35613  0.76212 -0.81958 B   26 
 0.10103  0.61936 -0.71849 B   27 
-0.06550  0.62750 -1.01192 N   27 
 0.22801  0.45263 -0.49274 B   28 
 0.15655  0.06072 -0.69358 W   28 
 0.35184  0.68794 -0.33782 B   29 
 0.59307  0.74442 -0.41653 V   29 
 0.09191  0.84448 -0.30009 B   30 
-0.04990  1.02218 -0.45911 X   30 
-0.05812  0.62991 -0.13976 B   31 
-0.12263  0.47995 -0.28536 A   31 
 0.14038  0.59435  0.09488 B   32 
 0.30405  0.47592  0.02070 A   32 
 0.12267  0.88520  0.19034 B   33 
 0.25215  1.20056  0.20412 K   33 
-0.20953  0.88208  0.24573 B   34 
-0.20957  1.21228  0.00081 F   34 
-0.21892  0.61314  0.41905 B   35 
-0.41959  0.43636  0.19022 E   35 
 0.08142  0.63753  0.60828 B   36 
 0.16406  0.44637  0.53241 S   36 
 0.31450  0.84059  0.56434 B   37 
 0.28089  1.10417  0.67237 N   37 
 0.55022  0.61874  0.52927 B   38 
 0.59110  0.87213  0.20539 F   38 
 0.44143  0.41271  0.76416 B   39 
 0.47583  0.49699  1.05066 N   39 
 0.48018  0.07867  0.84868 B   40 
 0.71527  0.03080  0.78100 T   40 
 0.32497  0.10696  1.14884 B   41 
 0.64235  0.07905  1.38940 Q   41 
 0.05452  0.16715  1.04414 B   42 
 0.05618  0.35535  0.94785 A   42 
-0.26610  0.17696  1.21864 B   43 
-0.17874 -0.00837  1.35248 T   43 
-0.62760  0.11502  1.14237 B   44 
-0.50739  0.41832  1.05569 N   44 
-0.93559  0.12595  1.25179 B   45 
-1.02793 -0.24549  1.58429 R   45 
-1.23746 -0.01462  1.15643 B   46 
-1.05833 -0.02992  0.86487 N   46 
-1.57439 -0.01956  1.16999 B   47 
-1.69362  0.19999  1.10410 T   47 
-1.57181 -0.34572  1.09674 B   48 
-1.46174 -0.36564  0.85626 D   48 
-1.30030 -0.43304  1.28671 B   49 
-1.08538 -0.39638  1.12358 B   50 
-1.12319 -0.43646  0.88406 S   50 
-0.73720 -0.34869  0.98885 B   51 
-0.68321 -0.30272  1.25170 T   51 
-0.48831 -0.13423  0.89237 B   52 
-0.69969 -0.01745  0.64822 D   52 
-0.16305 -0.20460  0.73135 B   53 
-0.30242 -0.47350  1.10419 Y   53 
 0.08875 -0.01044  0.67825 B   54 
 0.20208  0.17127  0.39794 B   55 
 0.46494  0.18664  0.33015 I   55 
-0.08957  0.04508  0.24683 B   56 
 0.08065  0.04292 -0.02582 L   56 
-0.32780 -0.02886  0.42059 B   57 
-0.31806  0.21457  0.66576 Q   57 
-0.37825 -0.33119  0.47762 B   58 
-0.20378 -0.46159  0.25708 I   58 
-0.65133 -0.53622  0.51901 B   59 
-0.93900 -0.44352  0.55729 N   59 
-0.78310 -0.78478  0.75523 B   60 
-0.77410 -0.68597  0.96185 S   60 
-1.04178 -0.90188  0.59549 B   61 
-1.40952 -0.76296  0.76890 R   61 
-0.85222 -1.00329  0.32779 B   62 
-1.25174 -0.86223  0.15945 W   62 
-0.50959 -1.00868  0.35457 B   63 
-0.64981 -0.79880 -0.00363 W   63 
-0.47008 -1.03695  0.67636 B   64 
-0.31543 -0.83149  0.71554 X   64 
-0.37007 -1.16118  1.00048 B   65 
-0.48707 -1.40896  1.11510 N   65 
-0.47612 -1.04869  1.35357 B   66 
-0.62342 -0.83692  1.27531 D   66 
-0.68945 -1.22638  1.53592 B   67 
-0.95624 -0.98111  1.52039 B   68 
-0.76461 -0.57514  1.67205 R   68 
-1.11458 -1.07113  1.23118 B   69 
-1.01661 -0.86055  1.12491 T   69 
-1.39841 -1.16308  1.15065 B   70 
-1.47420 -1.08533  1.33499 P   70 
-1.41685 -1.31034  0.84523 B   71 
-1.13833 -1.35215  0.74471 B   72 
-0.98706 -1.26034  0.90332 S   72 
-0.88648 -1.43268  0.46938 B   73 
-1.13372 -1.54447  0.23690 R   73 
-0.57683 -1.40701  0.40131 B   74 
-0.37910 -1.45163  0.59333 N   74 
-0.46712 -1.37568  0.08830 B   75 
-0.76336 -1.31862 -0.02898 L   75 
-0.14809 -1.31647  0.16127 B   76 
-0.17945 -1.02742  0.05188 X   76 
-0.05642 -1.50301  0.37749 B   77 
-0.05046 -1.77556  0.36649 N   77 
-0.03775 -1.30195  0.65162 B   78 
 0.19111 -1.18642  0.50683 I   78 
 0.06836 -1.13765  0.90126 B   79 
 0.19197 -1.28808  0.97722 P   79 
-0.00043 -0.81587  0.96105 B   80 
-0.31613 -0.81987  0.95160 X   80 
 0.28141 -0.75327  1.09348 B   81 
 0.28971 -0.91878  1.26669 S   81 
 0.44951 -0.78280  0.83015 B   82 
 0.43509 -0.98657  0.77928 A   82 
 0.32835 -0.49415  0.73109 B   83 
 0.08242 -0.61647  0.55309 L   83 
 0.53947 -0.33868  0.95620 B   84 
 0.25719 -0.31760  1.12392 L   84 
 0.79507 -0.36670  0.84217 B   85 
 0.94060 -0.58078  0.83018 S   85 
 1.08733 -0.23558  0.70349 B   86 
 1.25937 -0.24469  0.86986 S   86 
 1.02315 -0.46528  0.51120 B   87 
 1.18511 -0.67886  0.39453 D   87 
 0.82034 -0.42835  0.21538 B   88 
 0.85922 -0.17656  0.13307 I   88 
 0.77785 -0.70162  0.07533 B   89 
 1.01343 -0.82294  0.05930 T   89 
 0.49898 -0.78423  0.18560 B   90 
 0.53401 -0.85737  0.38726 A   90 
 0.33653 -0.53585  0.09027 B   91 
 0.35710 -0.37384  0.31083 S   91 
 0.40073 -0.56069 -0.20812 B   92 
 0.62846 -0.44790 -0.27245 V   92 
 0.29495 -0.84303 -0.26526 B   93 
 0.58448 -1.01219 -0.23802 N   93 
 0.01188 -0.76839 -0.16625 B   94 
-0.10444 -0.80676  0.09102 X   94 
-0.04347 -0.52588 -0.34949 B   95 
 0.07386 -0.36358 -0.27051 A   95 
-0.02823 -0.68184 -0.61568 B   96 
 0.42988 -0.70700 -0.69567 K   96 
-0.28910 -0.83902 -0.54966 B   97 
-0.20032 -1.16508 -0.36490 K   97 
-0.48346 -0.60270 -0.50859 B   98 
-0.45137 -0.51181 -0.21381 I   98 
-0.45086 -0.45800 -0.79313 B   99 
-0.26165 -0.33030 -0.83445 V   99 
-0.54444 -0.74562 -0.93646 B   100 
-0.29077 -0.80439 -0.96849 S   100 
-0.85788 -0.77134 -0.83541 B   101 
-0.95084 -0.82203 -0.57814 D   101 
-1.01488 -0.51648 -1.04241 B   102 
-1.00066 -0.20055 -0.91115 B   103 
-1.28685 -0.28316 -0.78254 N   103 
-0.73149 -0.15298 -0.86300 B   104 
-0.63797  0.14032 -0.68908 B   105 
-0.26391  0.24154 -0.74931 M   105 
-0.93210  0.17608 -0.56416 B   106 
-1.04552  0.28554 -0.85488 N   106 
-0.86517  0.01434 -0.30330 B   107 
-0.80627 -0.17205 -0.37766 A   107 
-0.74063  0.29887 -0.24002 B   108 
-0.38179 -0.00016 -0.23346 W   108 
-0.89426  0.55862 -0.10207 B   109 
-1.07901  0.48667  0.05994 V   109 
-0.66090  0.76715 -0.10731 B   110 
-0.55052  0.73483  0.07369 A   110 
-0.59987  0.74174 -0.40458 B   111 
-0.50026  0.55701 -0.73254 W   111 
-0.87907  0.81168 -0.51989 B   112 
-1.24998  0.62942 -0.43314 R   112 
-0.91573  1.09213 -0.34352 B   113 
-1.17147  0.96751 -0.18743 N   113 
-0.57924  1.19801 -0.39086 B   114 
-0.55341  1.29470  0.10144 R   114 
-0.44838  1.06786 -0.67552 B   115 
-0.26917  0.93510 -0.44783 X   115 
-0.65177  1.04401 -0.87638 B   116 
-0.94016  0.72992 -1.00388 K   116 
-0.59866  1.25956 -1.15381 B   117 
-0.31969  1.33565 -1.08050 B   118 
-0.35552  1.37940 -0.82714 T   118 
 0.02013  1.43810 -1.05105 B   119 
 0.18841  1.58511 -1.23067 D   119 
 0.20326  1.16354 -0.96430 B   120 
 0.01726  0.99756 -0.98234 V   120 
 0.49142  1.23673 -1.06268 B   121 
 0.43995  1.23395 -1.47606 Q   121 
 0.55590  1.43003 -0.82290 B   122 
 0.41780  1.58334 -0.84226 A   122 
 0.63848  1.18235 -0.62650 B   123 
 0.28778  1.25441 -0.39126 W   123 
 0.93223  1.14614 -0.80560 B   124 
 0.84737  0.92139 -0.92625 I   124 
 1.06841  1.39139 -0.78220 B   125 
 0.73408  1.62492 -1.10167 R   125 
 1.42143  1.39409 -0.75086 B   126 
 1.45147  1.09965 -0.81182 B   127 
 1.23992  1.04194 -0.57454 X   127 
 1.68683  0.82216 -0.83629 B   128 
 1.96527  0.85278 -1.12955 R   128 
 1.58893  0.61146 -1.13303 B   129 
 1.38271  0.61114 -0.97505 L   129 
