246 
 1.03381 -0.17313  0.82956 B   1 
 0.96933  0.14638  1.09411 K   1 
 0.83528 -0.28148  1.10744 B   2 
 0.84427 -0.53874  1.07731 V   2 
 0.52912 -0.21341  1.17680 B   3 
 0.56559  0.17016  0.97816 F   3 
 0.29221 -0.12511  1.36677 B   4 
-0.02629 -0.08879  1.36833 B   5 
-0.37489 -0.29437  1.52900 R   5 
-0.06221  0.18677  1.52536 B   6 
-0.24119  0.08863  1.76349 X   6 
 0.18139  0.31332  1.37958 B   7 
 0.55965  0.23124  1.43045 E   7 
 0.07348  0.30487  1.08973 B   8 
 0.13052  0.09668  0.87177 L   8 
-0.19167  0.45117  1.13134 B   9 
-0.32090  0.31446  1.23983 A   9 
-0.06464  0.71598  1.21635 B   10 
 0.00946  0.68507  1.41978 A   10 
 0.09830  0.76625  0.95738 B   11 
 0.28039  0.65046  0.97719 A   11 
-0.13655  0.74257  0.75678 B   12 
-0.14755  0.32737  0.64687 M   12 
-0.29095  0.97500  0.87758 B   13 
-0.56817  1.00202  1.21018 K   13 
-0.09023  1.20396  0.85817 B   14 
 0.35397  1.20270  0.95450 R   14 
-0.08074  1.14397  0.53398 B   15 
 0.29038  1.03108  0.56751 H   15 
-0.41292  1.12688  0.46440 B   16 
-0.56773  0.82854  0.43732 B   17 
-0.31766  0.66680  0.30868 L   17 
-0.80531  0.89562  0.59098 B   18 
-0.91848  0.83136  0.86920 D   18 
-1.06318  0.88253  0.36941 B   19 
-1.21063  0.92425  0.65250 N   19 
-0.93227  0.82737  0.11705 B   20 
-0.61411  1.02065 -0.12092 Y   20 
-1.15081  0.80485 -0.12474 B   21 
-0.95856  1.03599 -0.49240 R   21 
-1.33885  0.66510  0.12228 B   22 
-1.10631  0.51988  0.29505 B   23 
-1.14669  0.26437 -0.09787 Y   23 
-1.06804  0.40140  0.57195 B   24 
-1.24707  0.31934  0.69890 S   24 
-0.80328  0.33837  0.76524 B   25 
-0.63667  0.52625  0.95365 L   25 
-0.85739  0.02774  0.80217 B   26 
-0.80681 -0.04847  0.50669 B   27 
-1.12328  0.00093  0.40034 N   27 
-0.50884  0.02775  0.48987 B   28 
-0.57498  0.36763  0.20856 W   28 
-0.41151 -0.15146  0.72034 B   29 
-0.41767 -0.03128  0.95077 V   29 
-0.52048 -0.41402  0.60773 B   30 
-0.76882 -0.53752  0.61491 X   30 
-0.35770 -0.41357  0.34743 B   31 
-0.45587 -0.26964  0.21517 A   31 
-0.07247 -0.39898  0.46639 B   32 
-0.04122 -0.19537  0.52868 A   32 
-0.09440 -0.66170  0.62298 B   33 
-0.14615 -0.82789  0.91642 K   33 
-0.15787 -0.85531  0.35479 B   34 
-0.48536 -0.97461  0.57281 F   34 
 0.08275 -0.75046  0.17159 B   35 
-0.12548 -0.61700 -0.07884 E   35 
 0.34235 -0.70514  0.41067 B   36 
 0.36944 -0.48999  0.36475 S   36 
 0.31372 -0.71059  0.72154 B   37 
 0.30673 -0.96791  0.84808 N   37 
 0.43913 -0.41492  0.77506 B   38 
 0.08267 -0.42069  0.98406 F   38 
 0.67833 -0.43516  0.54739 B   39 
 0.91213 -0.61476  0.60613 N   39 
 0.87982 -0.21678  0.36869 B   40 
 0.91692 -0.03033  0.52994 T   40 
 1.08022 -0.45951  0.24258 B   41 
 1.40848 -0.39260  0.45972 Q   41 
 0.87589 -0.59047  0.07280 B   42 
 0.72773 -0.67829  0.19539 A   42 
 0.91625 -0.84432 -0.18658 B   43 
 1.12662 -0.73110 -0.23969 T   43 
 0.74762 -0.94789 -0.50466 B   44 
 0.60885 -1.06222 -0.21894 N   44 
 0.73491 -1.16501 -0.74888 B   45 
 1.12179 -1.10514 -1.07104 R   45 
 0.59675 -1.17281 -1.06642 B   46 
 0.40758 -0.93128 -0.91408 N   46 
 0.49565 -1.34756 -1.33656 B   47 
 0.32225 -1.53397 -1.29247 T   47 
 0.54396 -1.07789 -1.52813 B   48 
 0.37761 -0.89266 -1.43670 D   48 
 0.83262 -0.96771 -1.37993 B   49 
 0.75034 -0.80645 -1.17653 B   50 
 0.54140 -0.68265 -1.21429 S   50 
 0.73451 -0.59868 -0.86310 B   51 
 0.96738 -0.72958 -0.81059 T   51 
 0.66133 -0.57914 -0.52917 B   52 
 0.33561 -0.65386 -0.60818 D   52 
 0.65507 -0.28605 -0.30394 B   53 
 1.02620 -0.34278 -0.60359 Y   53 
 0.62783 -0.27121  0.01693 B   54 
 0.35871 -0.20955  0.23651 B   55 
 0.38354 -0.05415  0.45822 I   55 
 0.17028 -0.19581 -0.06035 B   56 
-0.00985  0.02274  0.09164 L   56 
 0.26669 -0.34737 -0.30560 B   57 
 0.40146 -0.63366 -0.16655 Q   57 
 0.40291 -0.18401 -0.53355 B   58 
 0.31374  0.10357 -0.45992 I   58 
 0.41638 -0.19633 -0.87705 B   59 
 0.32029 -0.42762 -1.05050 N   59 
 0.66348 -0.19850 -1.14887 B   60 
 0.81370 -0.36329 -1.09584 S   60 
 0.47560 -0.17032 -1.41354 B   61 
 0.45480 -0.54005 -1.63143 R   61 
 0.34033  0.12674 -1.30707 B   62 
 0.00866 -0.09750 -1.52517 W   62 
 0.48223  0.29252 -1.04150 B   63 
 0.04898  0.24193 -0.99971 W   63 
 0.78719  0.17919 -1.04972 B   64 
 0.80385  0.09234 -0.80509 X   64 
 1.14761  0.16428 -1.06876 B   65 
 1.29296  0.22716 -1.32004 N   65 
 1.38230 -0.13892 -1.10840 B   66 
 1.19117 -0.32817 -1.09038 D   66 
 1.53020 -0.20764 -1.39777 B   67 
 1.34189 -0.51175 -1.45808 B   68 
 1.40105 -0.77694 -1.06986 R   68 
 1.06550 -0.38995 -1.61804 B   69 
 0.93372 -0.43991 -1.40503 T   69 
 0.92984 -0.43043 -1.89274 B   70 
 1.03890 -0.61274 -1.91798 P   70 
 0.70644 -0.18860 -1.97591 B   71 
 0.72748  0.03134 -1.77440 B   72 
 0.88647 -0.03297 -1.60992 S   72 
 0.59959  0.34887 -1.60547 B   73 
 0.35007  0.41382 -1.85284 R   73 
 0.63657  0.52090 -1.34049 B   74 
 0.88730  0.56194 -1.22471 N   74 
 0.38903  0.70392 -1.21312 B   75 
 0.16598  0.56805 -1.40431 L   75 
 0.54126  0.78937 -0.93004 B   76 
 0.33588  0.61883 -0.77119 X   76 
 0.82565  0.86631 -0.98616 B   77 
 0.91129  1.06961 -1.14671 N   77 
 1.00332  0.60106 -0.86786 B   78 
 0.91486  0.70424 -0.60669 I   78 
 1.20186  0.41838 -0.70119 B   79 
 1.36193  0.55276 -0.70040 P   79 
 1.12073  0.12452 -0.56366 B   80 
 1.00639 -0.02907 -0.81487 X   80 
 1.31122  0.16019 -0.31200 B   81 
 1.52238  0.20012 -0.41822 S   81 
 1.14789  0.39280 -0.17900 B   82 
 1.16814  0.55553 -0.31100 A   82 
 0.92114  0.17180 -0.09206 B   83 
 0.72339  0.21895 -0.34857 L   83 
 1.13696  0.06071  0.15390 B   84 
 1.18058 -0.17841 -0.06785 L   84 
 1.13366  0.26554  0.34664 B   85 
 1.24592  0.49865  0.33205 S   85 
 1.06680  0.38699  0.66699 B   86 
 1.27418  0.40177  0.78587 S   86 
 0.95512  0.61044  0.48965 B   87 
 0.98113  0.90156  0.49555 D   87 
 0.61437  0.62189  0.37233 B   88 
 0.46936  0.50088  0.56211 I   88 
 0.57074  0.86264  0.18197 B   89 
 0.67838  1.07721  0.29530 T   89 
 0.60068  0.72688 -0.09628 B   90 
 0.81425  0.70076 -0.12708 A   90 
 0.37692  0.51187 -0.06675 B   91 
 0.52167  0.30110  0.03295 S   91 
 0.14592  0.70489 -0.01056 B   92 
 0.12849  0.77102  0.24250 V   92 
 0.15648  0.88025 -0.26217 B   93 
 0.33673  1.13590 -0.13834 N   93 
 0.12132  0.63522 -0.44718 B   94 
 0.32019  0.48050 -0.58022 X   94 
-0.14098  0.52100 -0.33054 B   95 
-0.08740  0.42699 -0.14444 A   95 
-0.31558  0.76749 -0.39512 B   96 
-0.22113  1.05729 -0.04299 K   96 
-0.29276  0.71541 -0.70153 B   97 
 0.01083  0.90573 -0.84276 K   97 
-0.40378  0.42761 -0.71397 B   98 
-0.16577  0.23816 -0.65360 I   98 
-0.69141  0.47660 -0.58043 B   99 
-0.70691  0.50144 -0.35030 V   99 
-0.75039  0.70312 -0.81967 B   100 
-0.67201  0.88981 -0.65284 S   100 
-0.75975  0.51344 -1.08994 B   101 
-0.54872  0.37944 -1.21203 D   101 
-1.08168  0.34991 -1.04445 B   102 
-1.06996  0.06843 -0.84984 B   103 
-1.02645 -0.07981 -1.13515 N   103 
-0.95247  0.14864 -0.61152 B   104 
-0.86865 -0.09658 -0.37099 B   105 
-0.82874  0.05049 -0.00964 M   105 
-0.87158 -0.33181 -0.59022 B   106 
-1.20226 -0.32911 -0.59307 N   106 
-0.56498 -0.30655 -0.65386 B   107 
-0.54630 -0.10764 -0.71573 A   107 
-0.56453 -0.47684 -0.38652 B   108 
-0.33435 -0.08305 -0.28562 W   108 
-0.58485 -0.80691 -0.35920 B   109 
-0.48121 -0.92701 -0.56018 V   109 
-0.58136 -0.83462 -0.04745 B   110 
-0.37422 -0.84165  0.00757 A   110 
-0.81227 -0.64334  0.00581 B   111 
-1.00242 -0.30375 -0.00537 W   111 
-1.03222 -0.78067 -0.16421 B   112 
-1.02010 -0.88083 -0.57426 R   112 
-0.98616 -1.08425 -0.03452 B   113 
-0.89385 -1.20004 -0.32326 N   113 
-0.94934 -0.96582  0.29909 B   114 
-0.54245 -1.25696  0.34441 R   114 
-1.10960 -0.67003  0.34285 B   115 
-0.80376 -0.59241  0.38785 X   115 
-1.34658 -0.66074  0.18150 B   116 
-1.44894 -0.52217 -0.22886 K   116 
-1.64524 -0.65539  0.37392 B   117 
-1.51213 -0.60259  0.63561 B   118 
-1.31738 -0.77316  0.61645 T   118 
-1.40574 -0.51668  0.96445 B   119 
-1.55609 -0.45028  1.19936 D   119 
-1.17351 -0.26830  0.93590 B   120 
-1.19581 -0.23577  0.68910 V   120 
-1.18665 -0.12675  1.21495 B   121 
-1.56528  0.04643  1.20113 Q   121 
-1.02082 -0.34669  1.36707 B   122 
-1.13723 -0.51755  1.35269 A   122 
-0.73596 -0.22118  1.26790 B   123 
-0.67393 -0.56390  1.01847 W   123 
-0.78047  0.04005  1.49028 B   124 
-0.83813  0.21520  1.29467 I   124 
-0.79754 -0.07716  1.74565 B   125 
-1.27103 -0.26214  1.64581 R   125 
-0.65088  0.08594  2.02403 B   126 
-0.59330  0.34104  1.87262 B   127 
-0.43773  0.16114  1.65395 X   127 
-0.43970  0.67127  1.89124 B   128 
-0.61228  0.93140  2.15013 R   128 
-0.66084  0.91383  1.70603 B   129 
-0.59254  0.73345  1.53200 L   129 
