246 
 0.83769  0.28437  1.00216 B   1 
 0.95001 -0.10387  1.11570 K   1 
 1.13393  0.18555  0.82652 B   2 
 1.21039  0.41232  0.72704 V   2 
 1.16722 -0.02836  0.58922 B   3 
 0.83085 -0.25534  0.74170 F   3 
 1.30325 -0.27334  0.44262 B   4 
 1.28725 -0.44151  0.17018 B   5 
 1.51426 -0.48204 -0.19918 R   5 
 1.31924 -0.74166  0.27394 B   6 
 1.57516 -0.82582  0.11333 X   6 
 1.13686 -0.68693  0.51961 B   7 
 1.21983 -0.47454  0.83648 E   7 
 0.87422 -0.62002  0.37037 B   8 
 0.75946 -0.34379  0.30229 L   8 
 0.85088 -0.87040  0.19657 B   9 
 1.00423 -0.85361  0.04374 A   9 
 0.82274 -1.06477  0.43091 B   10 
 1.02193 -1.08211  0.51949 A   10 
 0.56695 -0.94048  0.55448 B   11 
 0.63343 -0.77371  0.67583 A   11 
 0.39100 -0.94873  0.29967 B   12 
 0.45814 -0.57122  0.10583 M   12 
 0.40624 -1.25127  0.27334 B   13 
 0.69716 -1.51568  0.08987 K   13 
 0.29772 -1.34587  0.54234 B   14 
 0.39018 -1.18823  0.95850 R   14 
 0.02550 -1.17314  0.47266 B   15 
 0.10499 -0.93210  0.76791 H   15 
-0.03411 -1.27708  0.15467 B   16 
 0.06033 -1.08842 -0.10838 B   17 
 0.01017 -0.79984  0.03108 L   17 
 0.17172 -1.30287 -0.27012 B   18 
 0.45119 -1.40121 -0.35116 D   18 
-0.02789 -1.32208 -0.54497 B   19 
 0.21292 -1.52429 -0.61387 N   19 
-0.23531 -1.12726 -0.49121 B   20 
-0.52832 -1.06133 -0.16716 Y   20 
-0.44925 -1.11427 -0.73775 B   21 
-0.87728 -1.08624 -0.53388 R   21 
-0.16847 -1.17135 -0.92162 B   22 
 0.05025 -1.01480 -0.74088 B   23 
-0.20626 -0.67738 -0.94497 Y   23 
 0.35173 -1.00255 -0.70721 B   24 
 0.49946 -1.05907 -0.88007 S   24 
 0.55629 -0.90729 -0.46121 B   25 
 0.65415 -1.05924 -0.20452 L   25 
 0.71512 -0.68851 -0.62763 B   26 
 0.47608 -0.49523 -0.66192 B   27 
 0.35610 -0.63360 -0.94540 N   27 
 0.43246 -0.42298 -0.36567 B   28 
 0.03725 -0.62794 -0.33697 W   28 
 0.71653 -0.31812 -0.31073 B   29 
 0.87869 -0.50448 -0.22977 V   29 
 0.71867 -0.10764 -0.53251 B   30 
 0.77299 -0.11596 -0.80446 X   30 
 0.48181  0.05809 -0.42917 B   31 
 0.30182 -0.05421 -0.48248 A   31 
 0.58719  0.12563 -0.14623 B   32 
 0.56216 -0.05141 -0.02646 A   32 
 0.83638  0.27486 -0.24449 B   33 
 1.17149  0.28140 -0.30823 K   33 
 0.66875  0.50546 -0.42383 B   34 
 0.91354  0.38192 -0.73015 F   34 
 0.46090  0.59053 -0.19577 B   35 
 0.17611  0.48274 -0.37229 E   35 
 0.66351  0.57752  0.09643 B   36 
 0.53482  0.42898  0.19892 S   36 
 0.94982  0.45530  0.12053 B   37 
 1.16948  0.61759  0.03286 N   37 
 0.88039  0.24640  0.36043 B   38 
 1.07081  0.02018  0.07174 F   38 
 0.68239  0.45020  0.52990 B   39 
 0.81071  0.67754  0.67897 N   39 
 0.43244  0.42323  0.76869 B   40 
 0.50492  0.22646  0.90348 T   40 
 0.41690  0.75609  0.83151 B   41 
 0.59132  0.76305  1.19055 Q   41 
 0.31275  0.83802  0.56661 B   42 
 0.45909  0.80119  0.41855 A   42 
 0.17841  1.15986  0.45836 B   43 
 0.08590  1.17712  0.68428 T   43 
-0.07214  1.28922  0.21173 B   44 
 0.23419  1.21827  0.08890 N   44 
-0.20791  1.55230  0.07280 B   45 
-0.52343  1.78874  0.39153 R   45 
-0.49640  1.61578 -0.10809 B   46 
-0.45629  1.27912 -0.15686 N   46 
-0.67376  1.81530 -0.31417 B   47 
-0.55962  1.87760 -0.53744 T   47 
-0.95754  1.68462 -0.19522 B   48 
-0.95019  1.42658 -0.25606 D   48 
-0.86400  1.66419  0.13382 B   49 
-0.74383  1.42104  0.15798 B   50 
-0.83019  1.24268  0.01260 S   50 
-0.54122  1.12787  0.27904 B   51 
-0.43829  1.31700  0.44564 T   51 
-0.24430  0.95733  0.27680 B   52 
-0.28920  0.90710 -0.05992 D   52 
-0.15677  0.63048  0.42573 B   53 
-0.40472  0.94783  0.68754 Y   53 
 0.13050  0.48848  0.46084 B   54 
 0.30410  0.24062  0.27955 B   55 
 0.44433  0.04186  0.40103 I   55 
 0.02539  0.25702  0.06538 B   56 
 0.07455 -0.05669  0.01554 L   56 
-0.13687  0.51368  0.05080 B   57 
 0.10716  0.75651  0.08151 Q   57 
-0.41020  0.52191  0.20055 B   58 
-0.45982  0.21951  0.24712 I   58 
-0.71930  0.66420  0.15023 B   59 
-0.78533  0.87688 -0.05766 N   59 
-0.96492  0.87278  0.32663 B   60 
-0.84853  1.05389  0.40528 S   60 
-1.22003  0.86570  0.12410 B   61 
-1.27012  1.24125 -0.07853 R   61 
-1.24383  0.52349  0.13838 B   62 
-1.35559  0.64494 -0.28660 W   62 
-1.06668  0.35068  0.37691 B   63 
-1.01175  0.18966 -0.02691 W   63 
-1.02577  0.57884  0.60534 B   64 
-0.76677  0.56758  0.62673 X   64 
-1.03404  0.75393  0.92120 B   65 
-1.28803  0.85741  1.03521 N   65 
-0.94576  1.11959  1.00531 B   66 
-0.85447  1.18615  0.76055 D   66 
-1.18140  1.34654  1.06279 B   67 
-1.11532  1.53769  0.76167 B   68 
-0.65255  1.63882  0.77435 R   68 
-1.31323  1.37675  0.53420 B   69 
-1.09935  1.28258  0.43115 T   69 
-1.54931  1.45246  0.34971 B   70 
-1.49780  1.65899  0.37115 P   70 
-1.72504  1.18737  0.23073 B   71 
-1.62941  0.94128  0.37114 B   72 
-1.45159  1.00246  0.51642 S   72 
-1.60429  0.56243  0.41070 B   73 
-1.85896  0.49207  0.17015 R   73 
-1.43110  0.33933  0.55701 B   74 
-1.33961  0.37135  0.81885 N   74 
-1.39069  0.03479  0.42811 B   75 
-1.51261  0.12054  0.14079 L   75 
-1.16497 -0.07387  0.64686 B   76 
-0.95254 -0.08066  0.42031 X   76 
-1.24494  0.00637  0.92456 B   77 
-1.47319 -0.06494  1.05591 N   77 
-1.02801  0.25806  0.99885 B   78 
-0.83157  0.03881  1.00398 I   78 
-0.80003  0.43299  1.13299 B   79 
-0.85222  0.39126  1.33101 P   79 
-0.55619  0.58928  0.96574 B   80 
-0.72491  0.75869  0.75932 X   80 
-0.33877  0.54970  1.19389 B   81 
-0.45023  0.64718  1.38240 S   81 
-0.31252  0.23867  1.16161 B   82 
-0.49883  0.16199  1.22263 A   82 
-0.14566  0.29062  0.88364 B   83 
-0.40105  0.26066  0.68114 L   83 
 0.12608  0.38493  1.07517 B   84 
 0.02023  0.68221  0.98203 L   84 
 0.21958  0.14397  1.18613 B   85 
 0.11302  0.00595  1.37783 S   85 
 0.46295 -0.10274  1.22793 B   86 
 0.56751 -0.06898  1.44073 S   86 
 0.20948 -0.26977  1.18659 B   87 
 0.09748 -0.50038  1.32707 D   87 
 0.09460 -0.38336  0.86424 B   88 
 0.31583 -0.41621  0.71705 I   88 
-0.17717 -0.53042  0.88897 B   89 
-0.15928 -0.70223  1.09055 T   89 
-0.37657 -0.30337  0.81523 B   90 
-0.39235 -0.17821  0.99223 A   90 
-0.26462 -0.23394  0.53271 B   91 
-0.08701 -0.03450  0.59592 S   91 
-0.29322 -0.51338  0.41078 B   92 
-0.08861 -0.66844  0.46382 V   92 
-0.59412 -0.56066  0.44804 B   93 
-0.58260 -0.73876  0.73322 N   93 
-0.66465 -0.30608  0.28767 B   94 
-0.72210 -0.04379  0.38302 X   94 
-0.51408 -0.36833  0.02517 B   95 
-0.30540 -0.33621  0.06719 A   95 
-0.67426 -0.62300 -0.04483 B   96 
-0.46844 -0.95027  0.21484 K   96 
-0.93328 -0.45756 -0.09636 B   97 
-1.13673 -0.43107  0.22958 K   97 
-0.82933 -0.26403 -0.31326 B   98 
-0.69551 -0.02736 -0.16406 I   98 
-0.72946 -0.47782 -0.53071 B   99 
-0.52915 -0.58961 -0.49622 V   99 
-1.04034 -0.60183 -0.53369 B   100 
-0.96249 -0.78301 -0.36065 S   100 
-1.21099 -0.35031 -0.66302 B   101 
-1.26669 -0.10385 -0.54661 D   101 
-1.10609 -0.37157 -1.01087 B   102 
-0.81424 -0.20633 -1.07989 B   103 
-1.01494  0.03946 -1.14755 N   103 
-0.62765 -0.30923 -0.90204 B   104 
-0.30783 -0.15956 -0.88391 B   105 
-0.03639 -0.39629 -0.72875 M   105 
-0.41333  0.11347 -1.01704 B   106 
-0.41989 -0.03066 -1.31462 N   106 
-0.47911  0.24862 -0.74119 B   107 
-0.61590  0.11569 -0.65542 A   107 
-0.16576  0.29070 -0.76386 B   108 
-0.23059  0.02888 -0.38244 W   108 
-0.00758  0.54362 -0.90918 B   109 
-0.14199  0.76122 -0.89727 V   109 
 0.28880  0.45328 -0.86484 B   110 
 0.34376  0.52839 -0.67165 A   110 
 0.25824  0.17639 -0.98788 B   111 
 0.10915 -0.18129 -1.02584 W   111 
 0.15631  0.25690 -1.26943 B   112 
-0.17819  0.49541 -1.36713 R   112 
 0.39799  0.47906 -1.32718 B   113 
 0.18147  0.72049 -1.33848 N   113 
 0.65561  0.27478 -1.19087 B   114 
 0.81822  0.67371 -0.93244 R   114 
 0.57473 -0.05413 -1.21014 B   115 
 0.58718 -0.00237 -0.89589 X   115 
 0.42135 -0.10488 -1.44715 B   116 
-0.01088 -0.11230 -1.55298 K   116 
 0.59260 -0.30917 -1.68208 B   117 
 0.81179 -0.39134 -1.49717 B   118 
 0.86487 -0.15967 -1.39276 T   118 
 1.07879 -0.53702 -1.31189 B   119 
 1.26553 -0.74308 -1.38163 D   119 
 0.95432 -0.63062 -1.00826 B   120 
 0.71524 -0.57628 -1.05677 V   120 
 1.15226 -0.85547 -0.91694 B   121 
 1.06637 -1.15665 -1.19163 Q   121 
 1.38171 -0.65865 -0.82960 B   122 
 1.43658 -0.56301 -1.00507 A   122 
 1.24274 -0.60236 -0.53932 B   123 
 1.15361 -0.20164 -0.66180 W   123 
 1.34022 -0.91847 -0.43807 B   124 
 1.09002 -1.01566 -0.45303 I   124 
 1.62101 -0.92326 -0.45739 B   125 
 1.60034 -0.93894 -0.97479 R   125 
 1.81102 -1.09653 -0.21350 B   126 
 1.56995 -1.22598 -0.08527 B   127 
 1.44396 -0.93019 -0.05334 X   127 
 1.45487 -1.43831  0.18798 B   128 
 1.58507 -1.82230  0.17944 R   128 
 1.18554 -1.66550  0.05424 B   129 
 1.09983 -1.42346  0.01477 L   129 
