246 
 1.32621  0.16527 -0.02780 B   1 
 1.45038 -0.22916  0.04460 K   1 
 1.37445 -0.00754 -0.33794 B   2 
 1.36809  0.18969 -0.50595 V   2 
 1.19643 -0.23966 -0.47064 B   3 
 1.07588 -0.37698 -0.07754 F   3 
 1.15073 -0.51797 -0.61370 B   4 
 0.91834 -0.69732 -0.74250 B   5 
 0.77990 -0.81191 -1.13911 R   5 
 0.99120 -0.98923 -0.63594 B   6 
 1.02624 -1.13797 -0.90984 X   6 
 1.06556 -0.87916 -0.35493 B   7 
 1.37874 -0.66818 -0.25590 E   7 
 0.78905 -0.76747 -0.27250 B   8 
 0.68795 -0.47838 -0.29023 L   8 
 0.61966 -1.01836 -0.31496 B   9 
 0.60357 -1.04599 -0.52975 A   9 
 0.76253 -1.18509 -0.10217 B   10 
 0.95649 -1.23900 -0.18760 A   10 
 0.70298 -0.99991  0.13929 B   11 
 0.85281 -0.84346  0.13378 A   11 
 0.39528 -0.98760  0.10570 B   12 
 0.32454 -0.64818 -0.14804 M   12 
 0.35823 -1.28732  0.14107 B   13 
 0.38241 -1.62075 -0.13542 K   13 
 0.48459 -1.33703  0.41430 B   14 
 0.87453 -1.17447  0.58196 R   14 
 0.27181 -1.11466  0.53289 B   15 
 0.56885 -0.87654  0.61449 H   15 
-0.01758 -1.22520  0.39320 B   16 
-0.14014 -1.08042  0.11440 B   17 
-0.04075 -0.77880  0.18064 L   17 
-0.21050 -1.32473 -0.02674 B   18 
-0.10106 -1.48680 -0.26360 D   18 
-0.54962 -1.31936 -0.05360 B   19 
-0.46504 -1.57333 -0.23240 N   19 
-0.62489 -1.08089  0.09247 B   20 
-0.56111 -0.93042  0.50296 Y   20 
-0.94885 -1.03908  0.08766 B   21 
-1.06668 -0.90462  0.52766 R   21 
-0.91312 -1.16847 -0.22521 B   22 
-0.62108 -1.05086 -0.30200 B   23 
-0.91138 -0.68095 -0.31632 Y   23 
-0.40045 -1.10200 -0.50419 B   24 
-0.44188 -1.20120 -0.71238 S   24 
-0.07334 -1.03641 -0.51558 B   25 
 0.17135 -1.18762 -0.38979 L   25 
-0.07832 -0.86952 -0.78560 B   26 
-0.24102 -0.63186 -0.67283 B   27 
-0.54606 -0.76040 -0.73868 N   27 
-0.03739 -0.53130 -0.46473 B   28 
-0.28798 -0.64308 -0.11297 W   28 
 0.19642 -0.48700 -0.65986 B   29 
 0.34578 -0.69797 -0.68750 V   29 
 0.04782 -0.29807 -0.84883 B   30 
-0.12479 -0.33700 -1.06254 X   30 
-0.01128 -0.07806 -0.64302 B   31 
-0.17756 -0.15207 -0.52170 A   31 
 0.27767 -0.01535 -0.55192 B   32 
 0.33696 -0.17391 -0.41903 A   32 
 0.37649  0.06898 -0.82967 B   33 
 0.54417 -0.00184 -1.11824 K   33 
 0.15272  0.31732 -0.87082 B   34 
 0.06629  0.12246 -1.22235 F   34 
 0.19999  0.46124 -0.58885 B   35 
-0.12701  0.40573 -0.47107 E   35 
 0.55138  0.42506 -0.54624 B   36 
 0.53336  0.31554 -0.35438 S   36 
 0.74305  0.24561 -0.71522 B   37 
 0.83208  0.34982 -0.96719 N   37 
 0.86229  0.07409 -0.46547 B   38 
 0.74519 -0.20772 -0.74414 F   38 
 0.88188  0.32736 -0.25351 B   39 
 1.09795  0.53130 -0.29925 N   39 
 0.90029  0.37207  0.08984 B   40 
 1.03196  0.17419  0.16498 T   40 
 0.96757  0.70393  0.07187 B   41 
 1.35343  0.69800  0.17414 Q   41 
 0.70640  0.78775 -0.03989 B   42 
 0.68468  0.70976 -0.23518 A   42 
 0.56620  1.12268 -0.07875 B   43 
 0.68002  1.17539  0.13139 T   43 
 0.22894  1.28573 -0.08120 B   44 
 0.32630  1.14157 -0.37050 N   44 
 0.05928  1.56162 -0.12648 B   45 
 0.11966  1.88263  0.26129 R   45 
-0.25824  1.67336 -0.04478 B   46 
-0.29938  1.33345 -0.03499 N   46 
-0.51135  1.89169 -0.08951 B   47 
-0.60219  1.91194 -0.33055 T   47 
-0.61503  1.83437  0.22309 B   48 
-0.67946  1.57727  0.23263 D   48 
-0.30645  1.81722  0.37112 B   49 
-0.23234  1.55609  0.34958 B   50 
-0.41426  1.39099  0.35660 S   50 
-0.03594  1.23515  0.34056 B   51 
 0.17374  1.40863  0.33281 T   51 
 0.13824  1.00451  0.15695 B   52 
-0.15116  0.94176 -0.01692 D   52 
 0.27882  0.67771  0.25749 B   53 
 0.34656  1.05884  0.54189 Y   53 
 0.47772  0.47956  0.09907 B   54 
 0.42955  0.18786 -0.09336 B   55 
 0.59452 -0.02758 -0.07613 I   55 
 0.08885  0.24932 -0.03043 B   56 
 0.05474 -0.07029 -0.03280 L   56 
-0.00386  0.53341  0.02537 B   57 
 0.19801  0.71903 -0.18500 Q   57 
-0.06508  0.61123  0.32100 B   58 
-0.08841  0.33082  0.45102 I   58 
-0.28957  0.81332  0.48557 B   59 
-0.47129  1.02017  0.35515 N   59 
-0.29494  1.08207  0.73596 B   60 
-0.14419  1.23865  0.66324 S   60 
-0.61369  1.11635  0.79401 B   61 
-0.76670  1.47869  0.62107 R   61 
-0.64849  0.78933  0.89260 B   62 
-1.03280  0.90206  0.67477 W   62 
-0.36846  0.59933  0.95283 B   63 
-0.65450  0.40235  0.68563 W   63 
-0.14819  0.82860  1.02233 B   64 
 0.03368  0.76292  0.84834 X   64 
 0.10221  1.02299  1.19553 B   65 
 0.03470  1.18685  1.43389 N   65 
 0.25539  1.36575  1.10820 B   66 
 0.13390  1.39360  0.86917 D   66 
 0.16765  1.64188  1.27064 B   67 
-0.00188  1.79257  0.98756 B   68 
 0.31443  1.79149  0.63473 R   68 
-0.31646  1.66289  1.01983 B   69 
-0.26559  1.51756  0.81605 T   69 
-0.60191  1.77492  1.05816 B   70 
-0.53415  1.96633  0.99078 P   70 
-0.82894  1.54661  1.16606 B   71 
-0.68247  1.29609  1.23819 B   72 
-0.45217  1.32724  1.18857 S   72 
-0.66982  0.92454  1.32488 B   73 
-1.02283  0.89446  1.37135 R   73 
-0.46694  0.67998  1.33905 B   74 
-0.20612  0.70964  1.43419 N   74 
-0.56598  0.36567  1.29014 B   75 
-0.85530  0.45549  1.17615 L   75 
-0.26405  0.22620  1.28847 B   76 
-0.30028  0.15762  0.98766 X   76 
-0.09720  0.34113  1.50960 B   77 
-0.15047  0.33044  1.77697 N   77 
 0.12116  0.54432  1.34541 B   78 
 0.23198  0.28857  1.25056 I   78 
 0.38534  0.67455  1.22787 B   79 
 0.49866  0.65912  1.40281 P   79 
 0.42888  0.76210  0.90804 B   80 
 0.17839  0.94920  0.86305 X   80 
 0.73873  0.69235  0.90401 B   81 
 0.81903  0.82466  1.08707 S   81 
 0.70349  0.38156  0.92924 B   82 
 0.62324  0.35161  1.12154 A   82 
 0.60405  0.37646  0.61635 B   83 
 0.28311  0.38853  0.67943 L   83 
 0.93287  0.42273  0.52068 B   84 
 0.82032  0.72862  0.47581 L   84 
 1.05603  0.17560  0.57429 B   85 
 1.12103  0.07777  0.80529 S   85 
 1.22250 -0.11450  0.47442 B   86 
 1.45459 -0.08942  0.52794 S   86 
 1.01320 -0.22502  0.66892 B   87 
 1.02752 -0.41541  0.89029 D   87 
 0.68408 -0.33326  0.56903 B   88 
 0.71155 -0.42356  0.31848 I   88 
 0.51502 -0.41573  0.81543 B   89 
 0.66458 -0.57278  0.96853 T   89 
 0.35081 -0.15656  0.86653 B   90 
 0.48636 -0.01887  0.96608 A   90 
 0.21413 -0.13304  0.58736 B   91 
 0.39415  0.02703  0.45585 S   91 
 0.07823 -0.40745  0.58834 B   92 
 0.23644 -0.59911  0.50493 V   92 
-0.09120 -0.38557  0.84325 B   93 
 0.11729 -0.54151  1.05632 N   93 
-0.23595 -0.13362  0.73802 B   94 
-0.17713  0.14090  0.78665 X   94 
-0.34423 -0.24530  0.47108 B   95 
-0.17518 -0.25637  0.33824 A   95 
-0.52309 -0.46340  0.59699 B   96 
-0.22224 -0.80852  0.68228 K   96 
-0.71423 -0.24971  0.71916 B   97 
-0.59489 -0.15694  1.07339 K   97 
-0.79515 -0.09903  0.46214 B   98 
-0.57460  0.11281  0.41049 I   98 
-0.91522 -0.34409  0.29335 B   99 
-0.77005 -0.49399  0.19202 V   99 
-1.12847 -0.39758  0.54573 B   100 
-0.96286 -0.57876  0.63835 S   100 
-1.31430 -0.12471  0.53469 B   101 
-1.23974  0.13550  0.59896 D   101 
-1.51322 -0.19253  0.23757 B   102 
-1.36332 -0.09982 -0.05599 B   103 
-1.52208  0.17831 -0.00395 N   103 
-1.11716 -0.22804 -0.05655 B   104 
-0.88436 -0.15046 -0.31111 B   105 
-0.61274 -0.42899 -0.36050 M   105 
-1.02926  0.12895 -0.37696 B   106 
-1.27256 -0.03080 -0.53397 N   106 
-0.84980  0.29413 -0.17897 B   107 
-0.88437  0.20040  0.00477 A   107 
-0.66174  0.26551 -0.43251 B   108 
-0.43661  0.05138 -0.08367 W   108 
-0.64807  0.46727 -0.69560 B   109 
-0.70618  0.70914 -0.63494 V   109 
-0.43170  0.31809 -0.86561 B   110 
-0.24276  0.39282 -0.79702 A   110 
-0.56948  0.04651 -0.86443 B   111 
-0.72598 -0.27205 -0.70433 W   111 
-0.84202  0.12730 -0.98827 B   112 
-1.11035  0.42528 -0.85586 R   112 
-0.71077  0.28711 -1.24968 B   113 
-0.83723  0.56838 -1.14872 N   113 
-0.45950  0.04185 -1.30791 B   114 
-0.12298  0.41308 -1.34426 R   114 
-0.55535 -0.26219 -1.19187 B   115 
-0.30377 -0.19248 -1.00900 X   115 
-0.83876 -0.29491 -1.22160 B   116 
-1.19795 -0.21574 -0.97100 K   116 
-0.92537 -0.54744 -1.45608 B   117 
-0.65103 -0.66206 -1.48037 B   118 
-0.51694 -0.44070 -1.50061 T   118 
-0.35129 -0.84887 -1.52619 B   119 
-0.30248 -1.09491 -1.66503 D   119 
-0.20877 -0.89173 -1.21912 B   120 
-0.39463 -0.79033 -1.08631 V   120 
-0.03192 -1.14721 -1.25825 B   121 
-0.32278 -1.44106 -1.30925 Q   121 
 0.19955 -0.99926 -1.41168 B   122 
 0.10989 -0.93034 -1.58534 A   122 
 0.33589 -0.89396 -1.13407 B   123 
 0.22095 -0.49303 -1.23189 W   123 
 0.44756 -1.21581 -1.07386 B   124 
 0.26662 -1.25718 -0.87940 I   124 
 0.61308 -1.28276 -1.29149 B   125 
 0.20492 -1.32978 -1.60705 R   125 
 0.90542 -1.47562 -1.23714 B   126 
 0.83637 -1.54036 -0.95016 B   127 
 0.80584 -1.22279 -0.89919 X   127 
 0.95131 -1.70298 -0.64466 B   128 
 0.99451 -2.10571 -0.66510 R   128 
 0.65620 -1.87511 -0.48552 B   129 
 0.59251 -1.62360 -0.49892 L   129 
