246 
 0.97194  0.24706  0.88386 B   1 
 0.80209  0.07753  1.22831 K   1 
 1.07457 -0.09468  0.91636 B   2 
 1.26579 -0.10569  0.74177 V   2 
 0.90312 -0.36291  0.87353 B   3 
 0.54192 -0.15562  0.99385 F   3 
 0.79884 -0.65082  0.95257 B   4 
 0.61820 -0.89055  0.84003 B   5 
 0.67584 -1.28765  0.67097 R   5 
 0.45198 -0.97709  1.09841 B   6 
 0.53975 -1.27748  1.11922 X   6 
 0.41118 -0.68103  1.18383 B   7 
 0.67753 -0.43494  1.32840 E   7 
 0.24678 -0.58320  0.94065 B   8 
 0.34596 -0.43266  0.69244 L   8 
 0.02306 -0.79145  0.94515 B   9 
 0.11139 -0.97798  0.87760 A   9 
-0.08608 -0.70957  1.21877 B   10 
 0.05705 -0.78476  1.36605 A   10 
-0.15306 -0.41526  1.14783 B   11 
 0.03233 -0.30477  1.16734 A   11 
-0.33003 -0.47277  0.90019 B   12 
-0.05883 -0.47168  0.56696 M   12 
-0.53470 -0.63351  1.05744 B   13 
-0.55230 -1.05046  1.17596 K   13 
-0.62353 -0.43487  1.27131 B   14 
-0.36941 -0.15522  1.52391 R   14 
-0.70566 -0.23297  1.02376 B   15 
-0.42601  0.01411  1.13483 H   15 
-0.88072 -0.44622  0.82537 B   16 
-0.73517 -0.59048  0.55759 B   17 
-0.54248 -0.34143  0.47953 L   17 
-0.83825 -0.85917  0.59923 B   18 
-0.72860 -1.12944  0.69555 D   18 
-1.04310 -0.91966  0.33441 B   19 
-1.03003 -1.20408  0.48460 N   19 
-1.04109 -0.66909  0.18923 B   20 
-1.13560 -0.24860  0.28653 Y   20 
-1.22804 -0.68814 -0.07801 B   21 
-1.46568 -0.27738 -0.09699 R   21 
-1.10873 -1.00698 -0.08081 B   22 
-0.81346 -0.95794  0.04337 B   23 
-0.79633 -0.77911 -0.39140 Y   23 
-0.58954 -1.11915  0.17005 B   24 
-0.55990 -1.34758  0.12714 S   24 
-0.33401 -1.04654  0.37221 B   25 
-0.32206 -1.01016  0.68381 L   25 
-0.10422 -1.15555  0.18222 B   26 
-0.14224 -0.94250 -0.03877 B   27 
-0.37636 -1.11116 -0.21384 N   27 
-0.06493 -0.69282  0.12423 B   28 
-0.47557 -0.51854  0.11911 W   28 
 0.21536 -0.78838  0.20797 B   29 
 0.21395 -0.92035  0.43193 V   29 
 0.32011 -0.83879 -0.07484 B   30 
 0.29932 -1.05116 -0.25216 X   30 
 0.29111 -0.55089 -0.17742 B   31 
 0.07807 -0.52259 -0.21823 A   31 
 0.46581 -0.40491  0.03208 B   32 
 0.34869 -0.39090  0.21209 A   32 
 0.72310 -0.55743 -0.03544 B   33 
 0.94750 -0.80477  0.03437 K   33 
 0.73240 -0.46562 -0.35935 B   34 
 0.75691 -0.87017 -0.42829 F   34 
 0.69162 -0.15149 -0.31335 B   35 
 0.38525 -0.13492 -0.48583 E   35 
 0.87954 -0.09604 -0.01634 B   36 
 0.70703 -0.01575  0.09735 S   36 
 0.99769 -0.31362  0.17390 B   37 
 1.24564 -0.43509  0.09619 N   37 
 0.85093 -0.20883  0.44499 B   38 
 0.76986 -0.61369  0.42767 F   38 
 0.88810  0.11419  0.38390 B   39 
 1.16377  0.23076  0.41195 N   39 
 0.74240  0.41176  0.48611 B   40 
 0.68205  0.36576  0.72356 T   40 
 0.97499  0.60959  0.33864 B   41 
 1.17018  0.73447  0.66373 Q   41 
 0.90845  0.54079  0.05834 B   42 
 0.95561  0.33790  0.02216 A   42 
 1.01796  0.69799 -0.25254 B   43 
 1.00958  0.90860 -0.12816 T   43 
 0.88646  0.75340 -0.59891 B   44 
 1.02566  0.45167 -0.53940 N   44 
 0.94822  0.86570 -0.89978 B   45 
 0.95552  1.37253 -0.91105 R   45 
 0.75740  0.95781 -1.17379 B   46 
 0.54192  0.75197 -1.00489 N   46 
 0.73320  1.02473 -1.50344 B   47 
 0.81234  0.83763 -1.66310 T   47 
 0.46883  1.22038 -1.44354 B   48 
 0.28292  1.06214 -1.33991 D   48 
 0.58315  1.36432 -1.15433 B   49 
 0.50221  1.19687 -0.95545 B   50 
 0.29034  1.07820 -0.99338 S   50 
 0.46240  1.01798 -0.62671 B   51 
 0.69734  1.14471 -0.57318 T   51 
 0.54924  0.75541 -0.42482 B   52 
 0.41807  0.54477 -0.66219 D   52 
 0.41170  0.65135 -0.09782 B   53 
 0.51101  1.11531 -0.17275 Y   53 
 0.51892  0.43147  0.11213 B   54 
 0.43195  0.09653  0.18062 B   55 
 0.41458 -0.00121  0.43374 I   55 
 0.20877  0.14025 -0.08789 B   56 
 0.01529 -0.06174  0.07048 L   56 
 0.27179  0.34615 -0.30248 B   57 
 0.61548  0.32127 -0.32924 Q   57 
 0.11711  0.61673 -0.29463 B   58 
-0.11830  0.54340 -0.10679 I   58 
-0.00798  0.84060 -0.52388 B   59 
 0.05375  0.84266 -0.82221 N   59 
 0.00086  1.19993 -0.59972 B   60 
 0.22252  1.25818 -0.60200 S   60 
-0.22003  1.22597 -0.83779 B   61 
-0.03311  1.29375 -1.21868 R   61 
-0.47145  1.09810 -0.64204 B   62 
-0.54680  0.94872 -1.06614 W   62 
-0.42255  1.06403 -0.30353 B   63 
-0.57451  0.69876 -0.49195 W   63 
-0.19151  1.28655 -0.24861 B   64 
-0.01574  1.13354 -0.13304 X   64 
-0.01449  1.57240 -0.11656 B   65 
-0.09653  1.85023 -0.18215 N   65 
 0.31694  1.73364 -0.22940 B   66 
 0.37905  1.54890 -0.41563 D   66 
 0.32243  2.01849 -0.40019 B   67 
 0.44270  1.86857 -0.70783 B   68 
 0.83604  1.63261 -0.58890 R   68 
 0.14974  1.77456 -0.85668 B   69 
 0.21258  1.53296 -0.80268 T   69 
 0.00304  1.83706 -1.12139 B   70 
 0.18633  1.91034 -1.20386 P   70 
-0.32588  1.75267 -1.12285 B   71 
-0.40336  1.67393 -0.84497 B   72 
-0.20954  1.68340 -0.70782 S   72 
-0.64144  1.51549 -0.59211 B   73 
-0.91334  1.48873 -0.82239 R   73 
-0.64807  1.40231 -0.29492 B   74 
-0.51176  1.52765 -0.08596 N   74 
-0.85656  1.15905 -0.20351 B   75 
-0.93709  1.08863 -0.50900 L   75 
-0.73328  1.11042  0.10153 B   76 
-0.63466  0.82916  0.01398 X   76 
-0.67920  1.37442  0.23315 B   77 
-0.86146  1.56973  0.28865 N   77 
-0.33970  1.39842  0.22391 B   78 
-0.35488  1.18171  0.42264 I   78 
-0.03426  1.41989  0.30649 B   79 
-0.06108  1.56121  0.45811 P   79 
 0.21087  1.22951  0.18189 B   80 
 0.17168  1.27744 -0.12785 X   80 
 0.37819  1.22276  0.45180 B   81 
 0.40516  1.45678  0.49619 S   81 
 0.17410  1.04756  0.61342 B   82 
 0.00356  1.16909  0.63491 A   82 
 0.27199  0.78779  0.43806 B   83 
 0.03502  0.80386  0.21286 L   83 
 0.56285  0.78303  0.62459 B   84 
 0.67797  0.92125  0.34910 L   84 
 0.48176  0.68897  0.87697 B   85 
 0.34917  0.81744  1.05882 S   85 
 0.48712  0.45432  1.13534 B   86 
 0.62421  0.54075  1.31167 S   86 
 0.18748  0.51191  1.10791 B   87 
-0.02311  0.56975  1.30224 D   87 
-0.03342  0.32610  0.89184 B   88 
 0.06856  0.07877  0.88104 I   88 
-0.31908  0.44643  0.89548 B   89 
-0.38700  0.48852  1.14864 T   89 
-0.31382  0.62437  0.64041 B   90 
-0.20355  0.80352  0.69509 A   90 
-0.24272  0.40373  0.43200 B   91 
 0.03111  0.42196  0.42997 S   91 
-0.48023  0.21919  0.48950 B   92 
-0.43589  0.05666  0.69035 V   92 
-0.71434  0.41006  0.43545 B   93 
-0.77486  0.50706  0.75186 N   93 
-0.61744  0.46407  0.14701 B   94 
-0.45660  0.67765  0.04851 X   94 
-0.60716  0.17372  0.04192 B   95 
-0.43212  0.08466  0.13009 A   95 
-0.90858  0.11572  0.07647 B   96 
-0.94302  0.00877  0.52844 K   96 
-0.98312  0.31782 -0.14874 B   97 
-1.04260  0.66608  0.00458 K   97 
-0.81867  0.19943 -0.38164 B   98 
-0.53267  0.31679 -0.35679 I   98 
-0.94005 -0.09758 -0.38583 B   99 
-0.87223 -0.25014 -0.22478 V   99 
-1.24216  0.03961 -0.42986 B   100 
-1.28057  0.02176 -0.17095 S   100 
-1.21075  0.17473 -0.72964 B   101 
-1.05562  0.39373 -0.80294 D   101 
-1.22017 -0.12374 -0.93767 B   102 
-0.91654 -0.27701 -0.97722 B   103 
-0.89798 -0.08604 -1.23886 N   103 
-0.82430 -0.32493 -0.71987 B   104 
-0.49523 -0.44658 -0.67590 B   105 
-0.44154 -0.62148 -0.32902 M   105 
-0.40446 -0.34504 -0.96719 B   106 
-0.56672 -0.59614 -1.10856 N   106 
-0.30276 -0.06670 -0.86290 B   107 
-0.47327  0.01483 -0.77336 A   107 
-0.06081 -0.25829 -0.79061 B   108 
-0.21375 -0.08893 -0.38298 W   108 
 0.19633 -0.33818 -0.98452 B   109 
 0.25664 -0.14999 -1.14732 V   109 
 0.34752 -0.53488 -0.79369 B   110 
 0.47518 -0.41172 -0.67318 A   110 
 0.11021 -0.71778 -0.73916 B   111 
-0.24888 -0.80784 -0.61854 W   111 
 0.04100 -0.79930 -1.03020 B   112 
-0.04402 -0.54730 -1.35822 R   112 
 0.35159 -0.88873 -1.11169 B   113 
 0.36707 -0.65359 -1.33478 N   113 
 0.41459 -1.05271 -0.80214 B   114 
 0.85437 -0.81110 -0.77780 R   114 
 0.12637 -1.16059 -0.65937 B   115 
 0.23178 -0.94345 -0.45122 X   115 
-0.06105 -1.23962 -0.86163 B   116 
-0.38617 -1.04098 -1.09165 K   116 
-0.12976 -1.58822 -0.85842 B   117 
 0.00084 -1.64276 -0.59581 B   118 
 0.21874 -1.50598 -0.63044 T   118 
 0.12052 -1.75512 -0.27976 B   119 
 0.09329 -2.00803 -0.14751 D   119 
 0.02805 -1.52383 -0.04653 B   120 
-0.10926 -1.38156 -0.19941 V   120 
 0.02670 -1.68857  0.21981 B   121 
-0.29518 -1.94514  0.15572 Q   121 
 0.33929 -1.68837  0.25582 B   122 
 0.40977 -1.79295  0.09136 A   122 
 0.33829 -1.39007  0.38906 B   123 
 0.53115 -1.23522  0.03928 W   123 
 0.20587 -1.52621  0.67822 B   124 
-0.03789 -1.42271  0.63199 I   124 
 0.39336 -1.71611  0.76780 B   125 
 0.26799 -2.04264  0.38565 R   125 
 0.45188 -1.75497  1.11519 B   126 
 0.21976 -1.57948  1.19666 B   127 
 0.34410 -1.34898  1.00747 X   127 
 0.04544 -1.42628  1.47797 B   128 
-0.13271 -1.68354  1.73595 R   128 
-0.32486 -1.44487  1.41038 B   129 
-0.22378 -1.30926  1.21319 L   129 
