246 
-0.03175  1.32963  0.13411 B   1 
-0.36574  1.41898 -0.10402 K   1 
-0.32831  1.33540  0.33510 B   2 
-0.22651  1.33548  0.57344 V   2 
-0.57080  1.12498  0.34495 B   3 
-0.50404  1.02300 -0.07105 F   3 
-0.87550  1.04032  0.34687 B   4 
-1.06258  0.78158  0.37543 B   5 
-1.32221  0.60115  0.67482 R   5 
-1.28397  0.83306  0.15135 B   6 
-1.54148  0.83104  0.33040 X   6 
-1.07139  0.94026 -0.04847 B   7 
-0.87949  1.27993 -0.03411 E   7 
-0.90108  0.68381 -0.07942 B   8 
-0.63943  0.61114  0.06327 L   8 
-1.12148  0.48727 -0.15840 B   9 
-1.23889  0.45141  0.02073 A   9 
-1.19351  0.62920 -0.41945 B   10 
-1.30346  0.80935 -0.36212 A   10 
-0.91489  0.60798 -0.55383 B   11 
-0.79712  0.77183 -0.47483 A   11 
-0.88021  0.30138 -0.52648 B   12 
-0.68190  0.24503 -0.14952 M   12 
-1.12620  0.23739 -0.69336 B   13 
-1.54756  0.20586 -0.59505 K   13 
-1.06552  0.37952 -0.95644 B   14 
-0.89593  0.79592 -1.02307 R   14 
-0.78891  0.20026 -0.96842 B   15 
-0.57857  0.52525 -0.92676 H   15 
-0.91252 -0.10898 -0.90081 B   16 
-0.89169 -0.23824 -0.59006 B   17 
-0.60694 -0.10413 -0.51146 L   17 
-1.16224 -0.34379 -0.57526 B   18 
-1.42457 -0.27041 -0.43332 D   18 
-1.12681 -0.68172 -0.55787 B   19 
-1.44201 -0.63757 -0.50964 N   19 
-0.84102 -0.72079 -0.58355 B   20 
-0.53402 -0.60970 -0.88124 Y   20 
-0.76538 -1.03827 -0.56911 B   21 
-0.43680 -1.10654 -0.90517 R   21 
-1.02300 -1.04077 -0.34656 B   22 
-0.98905 -0.74547 -0.21748 B   23 
-0.63037 -0.99740 -0.04665 Y   23 
-1.15146 -0.54791 -0.05386 B   24 
-1.32634 -0.61557  0.08663 S   24 
-1.13924 -0.21783 -0.00561 B   25 
-1.24868  0.01970 -0.17927 L   25 
-1.10963 -0.22757  0.31033 B   26 
-0.82829 -0.35609  0.31172 B   27 
-0.93332 -0.67676  0.30488 N   27 
-0.67257 -0.12745  0.17623 B   28 
-0.58507 -0.35912 -0.19484 W   28 
-0.74873  0.09331  0.37666 B   29 
-0.96708  0.21807  0.31079 V   29 
-0.64572 -0.05019  0.62623 B   30 
-0.75307 -0.24232  0.79517 X   30 
-0.35196 -0.07031  0.53933 B   31 
-0.34327 -0.23297  0.39333 A   31 
-0.29225  0.22982  0.49369 B   32 
-0.38183  0.28331  0.30547 A   32 
-0.35240  0.31412  0.78230 B   33 
-0.56381  0.45029  1.01289 K   33 
-0.12191  0.11383  0.92441 B   34 
-0.43945 -0.01948  1.14893 F   34 
 0.12456  0.19764  0.73817 B   35 
 0.16828 -0.12284  0.59937 E   35 
 0.06719  0.54590  0.69322 B   36 
 0.05690  0.53235  0.47222 S   36 
-0.19090  0.70451  0.76890 B   37 
-0.22079  0.78315  1.04312 N   37 
-0.24791  0.82548  0.47204 B   38 
-0.60666  0.65885  0.59168 F   38 
 0.06825  0.88722  0.39663 B   39 
 0.20213  1.11832  0.53462 N   39 
 0.25733  0.93735  0.11034 B   40 
 0.09823  1.05409 -0.04198 T   40 
 0.53576  1.03594  0.27688 B   41 
 0.52729  1.42618  0.19308 Q   41 
 0.59361  0.77641  0.40737 B   42 
 0.44079  0.73147  0.54636 A   42 
 0.89156  0.66787  0.58845 B   43 
 1.01693  0.80281  0.42730 T   43 
 1.07761  0.34956  0.65474 B   44 
 0.80955  0.40857  0.85125 N   44 
 1.32396  0.20536  0.81431 B   45 
 1.77284  0.32837  0.61324 R   45 
 1.49913 -0.09181  0.78295 B   46 
 1.20666 -0.16593  0.62080 N   46 
 1.70506 -0.32451  0.91402 B   47 
 1.62797 -0.43179  1.13607 T   47 
 1.80522 -0.40815  0.60624 B   48 
 1.58912 -0.49707  0.48081 D   48 
 1.81668 -0.09203  0.47447 B   49 
 1.56590 -0.04643  0.37869 B   50 
 1.44514 -0.24286  0.29360 S   50 
 1.25219  0.11543  0.24815 B   51 
 1.37658  0.34017  0.33838 T   51 
 0.94435  0.25039  0.31352 B   52 
 0.84810 -0.05679  0.43309 D   52 
 0.68082  0.36504  0.08097 B   53 
 1.13653  0.49314 -0.00060 Y   53 
 0.40988  0.52979  0.13903 B   54 
 0.07179  0.43741  0.17901 B   55 
-0.13268  0.58077  0.07145 I   55 
 0.19690  0.11070  0.14126 B   56 
-0.08379  0.04463 -0.00073 L   56 
 0.48554  0.05171  0.21623 B   57 
 0.53221  0.25375  0.49275 Q   57 
 0.69293  0.02238 -0.01470 B   58 
 0.50420 -0.01851 -0.25715 I   58 
 0.97331 -0.16686 -0.07717 B   59 
 1.12224 -0.33673  0.12723 N   59 
 1.32332 -0.12525 -0.18065 B   60 
 1.41140  0.03416 -0.04149 S   60 
 1.41939 -0.43330 -0.22562 B   61 
 1.68406 -0.56250  0.08721 R   61 
 1.17678 -0.49276 -0.46118 B   62 
 1.22890 -0.87996 -0.22621 W   62 
 0.99949 -0.22929 -0.59269 B   63 
 0.74234 -0.55405 -0.44978 W   63 
 1.20625  0.01770 -0.54622 B   64 
 1.04824  0.17761 -0.41534 X   64 
 1.42404  0.29935 -0.60724 B   65 
 1.68336  0.26785 -0.74861 N   65 
 1.67075  0.47869 -0.37155 B   66 
 1.60514  0.34193 -0.14871 D   66 
 1.99881  0.43233 -0.39531 B   67 
 2.02888  0.25674 -0.07934 B   68 
 1.83242  0.54218  0.24387 R   68 
 1.96738 -0.06568 -0.17463 B   69 
 1.74189 -0.04606 -0.05630 T   69 
 2.11962 -0.33448 -0.16626 B   70 
 2.25140 -0.25345 -0.01849 P   70 
 1.99294 -0.57394 -0.37101 B   71 
 1.78388 -0.44805 -0.54383 B   72 
 1.76076 -0.22049 -0.47942 S   72 
 1.49052 -0.46587 -0.78744 B   73 
 1.52858 -0.81527 -0.85182 R   73 
 1.25408 -0.28806 -0.90430 B   74 
 1.28976 -0.01883 -0.96910 N   74 
 0.96568 -0.42171 -1.00406 B   75 
 1.03140 -0.70873 -0.86963 L   75 
 0.80319 -0.13640 -1.05703 B   76 
 0.61394 -0.20321 -0.81993 X   76 
 0.98204  0.05824 -1.19871 B   77 
 1.09732  0.02567 -1.44385 N   77 
 1.06264  0.28209 -0.95516 B   78 
 0.77965  0.35878 -0.98204 I   78 
 1.09329  0.54778 -0.78475 B   79 
 1.14264  0.67256 -0.94498 P   79 
 1.02433  0.57422 -0.45856 B   80 
 1.20208  0.34099 -0.34118 X   80 
 0.92174  0.87421 -0.47798 B   81 
 1.11006  0.98172 -0.58015 S   81 
 0.66121  0.81009 -0.64073 B   82 
 0.72960  0.74283 -0.82811 A   82 
 0.53094  0.68600 -0.36606 B   83 
 0.60977  0.37395 -0.42553 L   83 
 0.48855  1.00912 -0.25110 B   84 
 0.75459  0.92460 -0.07693 L   84 
 0.27725  1.11075 -0.40647 B   85 
 0.28423  1.18382 -0.65500 S   85 
-0.04545  1.23878 -0.44278 B   86 
-0.02863  1.47574 -0.47321 S   86 
-0.03146  1.03563 -0.67167 B   87 
-0.10461  1.04839 -0.95442 D   87 
-0.13048  0.69040 -0.63965 B   88 
-0.32482  0.68860 -0.45549 I   88 
-0.07371  0.53411 -0.90127 B   89 
-0.16435  0.67890 -1.10448 T   89 
 0.19969  0.40133 -0.83517 B   90 
 0.34898  0.55752 -0.85884 A   90 
 0.11441  0.24587 -0.57879 B   91 
 0.17595  0.42997 -0.38478 S   91 
-0.11189  0.08364 -0.70623 B   92 
-0.33883  0.21467 -0.71338 V   92 
 0.04139 -0.06186 -0.92872 B   93 
-0.02916  0.14627 -1.18345 N   93 
 0.23687 -0.18854 -0.72563 B   94 
 0.49485 -0.09878 -0.64453 X   94 
 0.03333 -0.32842 -0.54001 B   95 
-0.05637 -0.17247 -0.42177 A   95 
-0.08237 -0.51764 -0.75500 B   96 
-0.38902 -0.24709 -0.97786 K   96 
 0.18538 -0.67602 -0.77349 B   97 
 0.40931 -0.52011 -1.04530 K   97 
 0.21586 -0.76166 -0.47846 B   98 
 0.35358 -0.52580 -0.33152 I   98 
-0.06134 -0.91879 -0.44061 B   99 
-0.25747 -0.79793 -0.41338 V   99 
 0.02936 -1.11551 -0.69577 B   100 
-0.11144 -0.96206 -0.85532 S   100 
 0.29019 -1.27332 -0.56857 B   101 
 0.54039 -1.16814 -0.50744 D   101 
 0.12364 -1.50110 -0.33874 B   102 
 0.05754 -1.36655 -0.03089 B   103 
 0.34750 -1.49195  0.04301 N   103 
-0.08749 -1.13534 -0.08131 B   104 
-0.16020 -0.91697  0.18711 B   105 
-0.46351 -0.67948  0.11366 M   105 
 0.07710 -1.03790  0.36730 B   106 
-0.10366 -1.30775  0.42957 N   106 
 0.28880 -0.82756  0.26915 B   107 
 0.29102 -0.85659  0.06205 A   107 
 0.12780 -0.66415  0.48789 B   108 
 0.06343 -0.43453  0.08619 W   108 
 0.18910 -0.65134  0.81375 B   109 
 0.43804 -0.67986  0.86638 V   109 
-0.04565 -0.46528  0.90457 B   110 
 0.02735 -0.26493  0.88178 A   110 
-0.26911 -0.62908  0.77818 B   111 
-0.46176 -0.80347  0.48821 W   111 
-0.21786 -0.90114  0.91780 B   112 
 0.13897 -1.12680  0.92587 R   112 
-0.20782 -0.77579  1.22649 B   113 
 0.10249 -0.86494  1.25894 N   113 
-0.48292 -0.55584  1.17530 B   114 
-0.21139 -0.18776  1.38306 R   114 
-0.68974 -0.67215  0.93283 B   115 
-0.57859 -0.40107  0.80734 X   115 
-0.69641 -0.95888  0.93721 B   116 
-0.47036 -1.28717  0.73921 K   116 
-1.01346 -1.08880  1.03130 B   117 
-1.16041 -0.83016  1.00893 B   118 
-0.98952 -0.67659  1.12976 T   118 
-1.38419 -0.55530  0.97412 B   119 
-1.67020 -0.54264  0.98924 D   119 
-1.30449 -0.39375  0.68431 B   120 
-1.13245 -0.55731  0.60613 V   120 
-1.57091 -0.24712  0.60949 B   121 
-1.81800 -0.56912  0.51568 Q   121 
-1.53627 -0.01494  0.81904 B   122 
-1.54051 -0.11081  1.00273 A   122 
-1.33720  0.15298  0.62177 B   123 
-1.00983  0.07140  0.88577 W   123 
-1.61052  0.23624  0.42672 B   124 
-1.53869  0.06816  0.22960 I   124 
-1.78688  0.37632  0.59559 B   125 
-1.91686 -0.05836  0.84567 R   125 
-1.97086  0.65123  0.46837 B   126 
-1.89295  0.59915  0.18108 B   127 
-1.58449  0.60480  0.27702 X   127 
-1.91688  0.72120 -0.16173 B   128 
-2.28909  0.72202 -0.32277 R   128 
-1.96249  0.42395 -0.38889 B   129 
-1.73700  0.38495 -0.26592 L   129 
