246 
 0.28672 -1.07734 -0.73759 B   1 
 0.45639 -1.32409 -0.44338 K   1 
 0.03461 -1.28559 -0.59113 B   2 
-0.16112 -1.25062 -0.75738 V   2 
-0.09688 -1.26960 -0.29850 B   3 
 0.26956 -1.10166 -0.13902 F   3 
-0.19602 -1.38929 -0.02308 B   4 
-0.34703 -1.30374  0.24644 B   5 
-0.73962 -1.35462  0.42778 R   5 
-0.17602 -1.45370  0.47036 B   6 
-0.40131 -1.62953  0.59961 X   6 
 0.09097 -1.38541  0.32663 B   7 
 0.22901 -1.53636 -0.00588 E   7 
 0.07850 -1.07689  0.34641 B   8 
-0.01488 -0.87650  0.13374 L   8 
 0.03827 -1.04822  0.64807 B   9 
-0.16516 -1.11206  0.68926 A   9 
 0.30643 -1.17382  0.72427 B   10 
 0.28468 -1.38867  0.68973 A   10 
 0.48820 -0.97196  0.57476 B   11 
 0.49429 -1.03760  0.36834 A   11 
 0.37479 -0.71346  0.70234 B   12 
 0.05617 -0.59112  0.44136 M   12 
 0.45117 -0.79437  0.98531 B   13 
 0.25287 -1.03784  1.28466 K   13 
 0.75207 -0.83894  0.96161 B   14 
 0.98357 -1.05449  0.63521 R   14 
 0.77107 -0.52827  0.85246 B   15 
 0.88365 -0.65957  0.50364 H   15 
 0.58300 -0.36884  1.08632 B   16 
 0.26119 -0.29006  1.02357 B   17 
 0.29711 -0.23047  0.70670 L   17 
 0.15157 -0.37400  1.27948 B   18 
-0.01699 -0.60768  1.38590 D   18 
 0.03767 -0.08934  1.42698 B   19 
-0.06610 -0.32171  1.62412 N   19 
 0.11543  0.11854  1.24096 B   20 
 0.49569  0.25250  1.06020 Y   20 
 0.02002  0.41202  1.34816 B   21 
 0.38428  0.70415  1.26137 R   21 
-0.24549  0.23156  1.46149 B   22 
-0.26369  0.00602  1.22950 B   23 
-0.41673  0.40298  1.02874 Y   23 
-0.39000 -0.26656  1.18567 B   24 
-0.58120 -0.33614  1.30185 S   24 
-0.32792 -0.52345  0.98174 B   25 
-0.11889 -0.75676  1.00245 L   25 
-0.61494 -0.53363  0.84644 B   26 
-0.59122 -0.26139  0.70155 B   27 
-0.71002 -0.07320  0.95528 N   27 
-0.35851 -0.33032  0.51187 B   28 
-0.06934 -0.05311  0.70825 W   28 
-0.49138 -0.57267  0.37652 B   29 
-0.44230 -0.79622  0.49980 V   29 
-0.74226 -0.42565  0.28199 B   30 
-0.98305 -0.35963  0.40299 X   30 
-0.60033 -0.22081  0.10269 B   31 
-0.51500 -0.07136  0.23771 A   31 
-0.45020 -0.41457 -0.08610 B   32 
-0.28094 -0.48979  0.02350 A   32 
-0.70337 -0.55016 -0.19351 B   33 
-0.92199 -0.81209 -0.19240 K   33 
-0.84354 -0.26863 -0.31406 B   34 
-1.16586 -0.38328 -0.08607 F   34 
-0.58852 -0.16286 -0.47603 B   35 
-0.55123  0.13091 -0.28577 E   35 
-0.45109 -0.46587 -0.60212 B   36 
-0.25431 -0.43641 -0.50448 S   36 
-0.53092 -0.75627 -0.51976 B   37 
-0.76560 -0.86733 -0.64169 N   37 
-0.23290 -0.85221 -0.43035 B   38 
-0.47871 -0.95394 -0.11411 F   38 
-0.07064 -0.69920 -0.67473 B   39 
-0.09399 -0.81445 -0.95139 N   39 
 0.25257 -0.59067 -0.73779 B   40 
 0.39248 -0.76197 -0.62280 T   40 
 0.19492 -0.51706 -1.06374 B   41 
 0.39264 -0.81876 -1.23482 Q   41 
 0.00673 -0.29307 -1.01745 B   42 
-0.17083 -0.36683 -0.92957 A   42 
-0.12482 -0.04677 -1.25277 B   43 
 0.09502 -0.05781 -1.35973 T   43 
-0.24258  0.30882 -1.24816 B   44 
-0.46723  0.07670 -1.15011 N   44 
-0.37752  0.55405 -1.41727 B   45 
-0.04951  0.75423 -1.74802 R   45 
-0.40127  0.89752 -1.37923 B   46 
-0.34324  0.79566 -1.05739 N   46 
-0.54717  1.19073 -1.45971 B   47 
-0.80318  1.20262 -1.42689 T   47 
-0.26684  1.35238 -1.37580 B   48 
-0.22950  1.30454 -1.11761 D   48 
-0.04360  1.12642 -1.50440 B   49 
 0.00063  0.94857 -1.30300 B   50 
-0.01079  1.03862 -1.07460 S   50 
 0.09874  0.64510 -1.10317 B   51 
 0.11515  0.53448 -1.35139 T   51 
 0.00943  0.34406 -0.96660 B   52 
-0.21947  0.51267 -0.77399 D   52 
 0.19827  0.11981 -0.74139 B   53 
 0.41947  0.30659 -1.12470 Y   53 
 0.13361 -0.18125 -0.64599 B   54 
-0.01074 -0.31957 -0.35536 B   55 
 0.08578 -0.54451 -0.23698 I   55 
-0.04953  0.01725 -0.26120 B   56 
-0.00478 -0.08602  0.03987 L   56 
-0.07000  0.23106 -0.47633 B   57 
-0.25026  0.06967 -0.72315 Q   57 
 0.18155  0.40680 -0.53144 B   58 
 0.34805  0.35128 -0.27596 I   58 
 0.24477  0.73332 -0.61924 B   59 
 0.03787  0.93417 -0.71756 N   59 
 0.43441  0.92594 -0.86800 B   60 
 0.37684  0.83885 -1.07204 S   60 
 0.40139  1.23123 -0.75912 B   61 
 0.13433  1.45847 -1.00742 R   61 
 0.54320  1.15663 -0.45547 B   62 
 0.21741  1.46540 -0.37557 W   62 
 0.70581  0.85681 -0.41298 B   63 
 0.41252  0.93840 -0.09780 W   63 
 0.78863  0.78395 -0.71916 B   64 
 0.68166  0.54730 -0.73395 X   64 
 0.98385  0.70285 -1.01207 B   65 
 1.16434  0.90178 -1.13883 N   65 
 0.88053  0.68592 -1.38303 B   66 
 0.61719  0.72785 -1.34344 D   66 
 0.96405  0.92509 -1.59788 B   67 
 0.62503  1.04525 -1.64480 B   68 
 0.37150  0.66484 -1.76951 R   68 
 0.59722  1.27141 -1.39005 B   69 
 0.44206  1.10504 -1.27395 T   69 
 0.54047  1.57413 -1.36467 B   70 
 0.46051  1.57418 -1.56310 P   70 
 0.62432  1.70790 -1.06403 B   71 
 0.77437  1.50128 -0.90842 B   72 
 0.78117  1.30140 -1.03676 S   72 
 0.92487  1.36398 -0.58559 B   73 
 0.88326  1.66852 -0.40339 R   73 
 1.03335  1.09358 -0.45795 B   74 
 1.18584  0.91157 -0.60482 N   74 
 1.01621  1.03381 -0.13064 B   75 
 0.81759  1.28372 -0.07709 L   75 
 1.11682  0.71696 -0.14042 B   76 
 0.83360  0.62698 -0.04992 X   76 
 1.34992  0.68950 -0.32713 B   77 
 1.59213  0.81321 -0.30541 N   77 
 1.21474  0.53546 -0.59900 B   78 
 1.19782  0.30575 -0.41560 I   78 
 1.14843  0.32643 -0.82810 B   79 
 1.34658  0.27688 -0.87237 P   79 
 0.84044  0.22658 -0.91191 B   80 
 0.70044  0.50458 -0.96564 X   80 
 0.92869 -0.06905 -0.98746 B   81 
 1.10025 -0.02688 -1.14948 S   81 
 0.99783 -0.15920 -0.69495 B   82 
 1.16510 -0.04345 -0.64074 A   82 
 0.67575 -0.17254 -0.63252 B   83 
 0.65082  0.12702 -0.50302 L   83 
 0.66155 -0.46485 -0.81628 B   84 
 0.53649 -0.25608 -1.03769 L   84 
 0.78740 -0.65580 -0.65251 B   85 
 1.04075 -0.68062 -0.60401 S   85 
 0.78606 -0.94892 -0.46298 B   86 
 0.89239 -1.12103 -0.59115 S   86 
 0.93622 -0.75508 -0.27931 B   87 
 1.18351 -0.77759 -0.12505 D   87 
 0.77532 -0.54837 -0.03153 B   88 
 0.56008 -0.68642  0.04783 I   88 
 0.98027 -0.36146  0.10688 B   89 
 1.19174 -0.50722  0.17402 T   89 
 0.94123 -0.09807 -0.05390 B   90 
 1.04676 -0.12680 -0.24173 A   90 
 0.63659 -0.05729 -0.00192 B   91 
 0.53011 -0.18617 -0.21957 S   91 
 0.65039 -0.05363  0.30397 B   92 
 0.64539 -0.29400  0.40845 V   92 
 0.84511  0.17924  0.34886 B   93 
 1.12858  0.00192  0.38615 N   93 
 0.66381  0.37476  0.19265 B   94 
 0.67727  0.45253 -0.08114 X   94 
 0.40171  0.33922  0.35232 B   95 
 0.32100  0.14878  0.29265 A   95 
 0.51332  0.44146  0.62159 B   96 
 0.73219  0.06755  0.79242 K   96 
 0.54281  0.73109  0.51041 B   97 
 0.89401  0.77628  0.35893 K   97 
 0.25141  0.78333  0.42288 B   98 
 0.22221  0.66569  0.13741 I   98 
 0.10282  0.73318  0.70283 B   99 
 0.07014  0.51567  0.77656 V   99 
 0.29700  0.97176  0.83475 B   100 
 0.45935  0.78365  0.91894 S   100 
 0.19095  1.24017  0.67405 B   101 
 0.22583  1.30336  0.40537 D   101 
-0.13085  1.29111  0.83622 B   102 
-0.38734  1.11030  0.69924 B   103 
-0.42738  1.37713  0.51904 N   103 
-0.30201  0.84624  0.70422 B   104 
-0.49743  0.60015  0.54213 B   105 
-0.42570  0.23723  0.67228 M   105 
-0.64614  0.81927  0.35972 B   106 
-0.83020  0.91356  0.61779 N   106 
-0.44056  0.79459  0.12346 B   107 
-0.25851  0.84224  0.21472 A   107 
-0.62800  0.54339  0.07623 B   108 
-0.20106  0.36967  0.15226 W   108 
-0.90970  0.53372 -0.09886 B   109 
-0.90927  0.70196 -0.29186 V   109 
-0.98942  0.23430 -0.05453 B   110 
-0.88856  0.12430 -0.20852 A   110 
-0.97642  0.24081  0.24966 B   111 
-0.80902  0.29299  0.59731 W   111 
-1.17848  0.46956  0.30424 B   112 
-1.17387  0.86328  0.15165 R   112 
-1.42095  0.34232  0.11418 B   113 
-1.40672  0.59784 -0.08534 N   113 
-1.36867  0.00784  0.22403 B   114 
-1.38125 -0.13879 -0.25630 R   114 
-1.23004  0.00044  0.53358 B   115 
-1.00356 -0.13010  0.35121 X   115 
-1.32566  0.22073  0.69043 B   116 
-1.19397  0.63857  0.76885 K   116 
-1.52674  0.11855  0.96498 B   117 
-1.45906 -0.17138  0.94627 B   118 
-1.48237 -0.20131  0.68946 T   118 
-1.39270 -0.51949  0.98171 B   119 
-1.46909 -0.70560  1.18598 D   119 
-1.05666 -0.56465  0.94321 B   120 
-0.99609 -0.32255  0.92962 V   120 
-1.00364 -0.83366  1.09454 B   121 
-1.07581 -0.72120  1.48911 Q   121 
-1.11558 -1.01841  0.86574 B   122 
-1.31576 -0.96668  0.85159 A   122 
-0.83500 -1.00626  0.69880 B   123 
-1.02758 -0.77258  0.39577 W   123 
-0.69281 -1.21613  0.93420 B   124 
-0.54745 -1.01810  1.04341 I   124 
-0.84525 -1.45273  0.92974 B   125 
-1.24215 -1.21953  1.16735 R   125 
-0.68454 -1.76610  0.96955 B   126 
-0.41833 -1.64511  1.04578 B   127 
-0.43321 -1.47228  0.77321 X   127 
-0.06999 -1.71648  1.12673 B   128 
-0.00796 -1.92587  1.46846 R   128 
 0.03518 -1.48539  1.40525 B   129 
-0.03788 -1.33122  1.20933 L   129 
