246 
-1.02661  0.55544 -0.65151 B   1 
-1.22935  0.20970 -0.77641 K   1 
-1.27350  0.46302 -0.40886 B   2 
-1.27999  0.67600 -0.26133 V   2 
-1.27369  0.21591 -0.20365 B   3 
-1.03658 -0.01883 -0.48040 F   3 
-1.40170 -0.03322 -0.05681 B   4 
-1.33780 -0.24777  0.17264 B   5 
-1.45499 -0.32587  0.58467 R   5 
-1.44721 -0.51875  0.04429 B   6 
-1.65779 -0.59899  0.26244 X   6 
-1.33499 -0.44341 -0.23560 B   7 
-1.46733 -0.16981 -0.48062 E   7 
-1.03362 -0.43582 -0.16595 B   8 
-0.86004 -0.19173 -0.09968 L   8 
-1.00426 -0.71404 -0.04278 B   9 
-1.10332 -0.70649  0.15033 A   9 
-1.07605 -0.86568 -0.29839 B   10 
-1.29212 -0.84317 -0.32353 A   10 
-0.84848 -0.75280 -0.47619 B   11 
-0.91773 -0.56043 -0.54798 A   11 
-0.61179 -0.82705 -0.29065 B   12 
-0.55779 -0.48466 -0.03678 M   12 
-0.66912 -1.12545 -0.30176 B   13 
-0.93633 -1.38166 -0.07557 K   13 
-0.65811 -1.18305 -0.60118 B   14 
-0.83650 -0.94418 -0.94427 R   14 
-0.35250 -1.05911 -0.59527 B   15 
-0.47069 -0.76177 -0.81712 H   15 
-0.22387 -1.22418 -0.32754 B   16 
-0.20759 -1.07532 -0.02541 B   17 
-0.15147 -0.77463 -0.13350 L   17 
-0.30297 -1.30024  0.13228 B   18 
-0.56059 -1.37740  0.28068 D   18 
-0.04011 -1.39157  0.32803 B   19 
-0.28190 -1.57264  0.43927 N   19 
 0.17316 -1.21641  0.24025 B   20 
 0.36971 -1.12940 -0.14577 Y   20 
 0.44696 -1.27296  0.40926 B   21 
 0.79864 -1.26039  0.09033 R   21 
 0.22394 -1.32791  0.66055 B   22 
-0.00761 -1.11685  0.57779 B   23 
 0.34843 -0.85400  0.73732 Y   23 
-0.29994 -1.06299  0.63957 B   24 
-0.40024 -1.13128  0.84001 S   24 
-0.54670 -0.90191  0.48274 B   25 
-0.73679 -0.99313  0.25014 L   25 
-0.61348 -0.69880  0.71742 B   26 
-0.34578 -0.54454  0.70281 B   27 
-0.17556 -0.74432  0.91499 N   27 
-0.37601 -0.42658  0.41987 B   28 
-0.04475 -0.66879  0.24486 W   28 
-0.64247 -0.28056  0.46871 B   29 
-0.84952 -0.42893  0.41680 V   29 
-0.54698 -0.11405  0.70672 B   30 
-0.52307 -0.16397  0.97859 X   30 
-0.32469  0.03798  0.55932 B   31 
-0.15828 -0.10263  0.53966 A   31 
-0.49275  0.16672  0.33370 B   32 
-0.53231  0.01205  0.18939 A   32 
-0.67570  0.32475  0.52232 B   33 
-0.97332  0.35975  0.68544 K   33 
-0.42840  0.49822  0.67127 B   34 
-0.59396  0.35234  1.01814 F   34 
-0.28209  0.59704  0.40428 B   35 
 0.01882  0.42649  0.46947 E   35 
-0.55804  0.66033  0.18876 B   36 
-0.49003  0.51808  0.03298 S   36 
-0.85572  0.57931  0.23691 B   37 
-1.01157  0.74846  0.40829 N   37 
-0.89247  0.40955 -0.03848 B   38 
-1.02871  0.16000  0.26143 F   38 
-0.71921  0.61513 -0.23129 B   39 
-0.84463  0.87895 -0.30225 N   39 
-0.55479  0.60138 -0.53625 B   40 
-0.69400  0.44172 -0.66765 T   40 
-0.50241  0.93585 -0.55557 B   41 
-0.76723  1.02714 -0.84002 Q   41 
-0.31572  0.95647 -0.32655 B   42 
-0.41841  0.91164 -0.14728 A   42 
-0.10472  1.23565 -0.22225 B   43 
-0.07808  1.28159 -0.46115 T   43 
 0.22305  1.28841 -0.04870 B   44 
-0.04361  1.23379  0.15097 N   44 
 0.43427  1.50458  0.07621 B   45 
 0.68197  1.75453 -0.28878 R   45 
 0.76841  1.50012  0.16737 B   46 
 0.68823  1.16737  0.18042 N   46 
 1.02728  1.63733  0.33438 B   47 
 0.99270  1.67217  0.58806 T   47 
 1.24017  1.49698  0.11820 B   48 
 1.20742  1.23498  0.14320 D   48 
 1.05567  1.54656 -0.16629 B   49 
 0.89484  1.32763 -0.18506 B   50 
 0.98773  1.11730 -0.09822 S   50 
 0.62049  1.08686 -0.27678 B   51 
 0.50776  1.31344 -0.37713 T   51 
 0.31217  0.95523 -0.20705 B   52 
 0.44111  0.84105  0.09004 D   52 
 0.13311  0.67279 -0.36464 B   53 
 0.34645  0.99973 -0.64452 Y   53 
-0.17187  0.57452 -0.32924 B   54 
-0.32608  0.32090 -0.13863 B   55 
-0.52589  0.16499 -0.23710 I   55 
 0.00036  0.26571 -0.01944 B   56 
-0.08426 -0.04374  0.00047 L   56 
 0.20050  0.49452 -0.02072 B   57 
 0.00166  0.76626  0.05728 Q   57 
 0.41796  0.49658 -0.24412 B   58 
 0.40140  0.20352 -0.34371 I   58 
 0.74790  0.58983 -0.27179 B   59 
 0.90427  0.75283 -0.06736 N   59 
 0.96501  0.79563 -0.48500 B   60 
 0.86300  1.00038 -0.49940 S   60 
 1.26195  0.72239 -0.37274 B   61 
 1.42888  1.04733 -0.14656 R   61 
 1.22348  0.38778 -0.43936 B   62 
 1.46904  0.41769 -0.05640 W   62 
 0.96011  0.28240 -0.63346 B   63 
 0.99519  0.05998 -0.25755 W   63 
 0.89506  0.55070 -0.80579 B   64 
 0.64242  0.57435 -0.74852 X   64 
 0.84302  0.77681 -1.08265 B   65 
 1.06812  0.86788 -1.25369 N   65 
 0.79675  1.15947 -1.08601 B   66 
 0.79052  1.19193 -0.81847 D   66 
 1.04099  1.36330 -1.18159 B   67 
 1.09519  1.50447 -0.85187 B   68 
 0.67116  1.66064 -0.70922 R   68 
 1.31953  1.28330 -0.71929 B   69 
 1.13078  1.19850 -0.56956 T   69 
 1.60719  1.29640 -0.60713 B   70 
 1.58684  1.50810 -0.58394 P   70 
 1.76265  0.99539 -0.58406 B   71 
 1.59177  0.79130 -0.72032 B   72 
 1.39299  0.89803 -0.79490 S   72 
 1.49384  0.43121 -0.80078 B   73 
 1.79056  0.28945 -0.66102 R   73 
 1.25183  0.25987 -0.91588 B   74 
 1.09694  0.34851 -1.13060 N   74 
 1.19929 -0.05570 -0.82287 B   75 
 1.40972 -0.03745 -0.57760 L   75 
 0.90628 -0.09614 -0.97491 B   76 
 0.76824 -0.11767 -0.69746 X   76 
 0.91695  0.02201 -1.25037 B   77 
 1.08376 -0.05153 -1.45337 N   77 
 0.73292  0.30690 -1.22055 B   78 
 0.50937  0.11703 -1.19492 I   78 
 0.50881  0.52875 -1.25408 B   79 
 0.49539  0.51692 -1.46231 P   79 
 0.35153  0.68080 -1.00110 B   80 
 0.59730  0.78956 -0.83516 X   80 
 0.07521  0.70852 -1.15527 B   81 
 0.14364  0.82393 -1.35392 S   81 
 0.00773  0.40208 -1.15855 B   82 
 0.15384  0.31581 -1.28316 A   82 
-0.06297  0.42337 -0.83862 B   83 
 0.23043  0.32774 -0.72953 L   83 
-0.35802  0.58186 -0.92375 B   84 
-0.18228  0.84314 -0.82831 L   84 
-0.51774  0.37730 -1.03220 B   85 
-0.49402  0.26380 -1.26395 S   85 
-0.80054  0.17271 -1.03053 B   86 
-0.95369  0.25591 -1.19479 S   86 
-0.57718 -0.02800 -1.09121 B   87 
-0.54930 -0.24169 -1.28874 D   87 
-0.39670 -0.20985 -0.83751 B   88 
-0.56974 -0.24171 -0.63570 I   88 
-0.17133 -0.38150 -0.96338 B   89 
-0.27362 -0.51143 -1.17105 T   89 
 0.07565 -0.19654 -0.92417 B   90 
 0.06152 -0.04474 -1.07909 A   90 
 0.06103 -0.16551 -0.61434 B   91 
-0.09143  0.06169 -0.59306 S   91 
 0.07590 -0.46354 -0.54556 B   92 
-0.15819 -0.58123 -0.55402 V   92 
 0.34187 -0.53896 -0.67875 B   93 
 0.22099 -0.66096 -0.96804 N   93 
 0.49607 -0.32713 -0.51488 B   94 
 0.56713 -0.06082 -0.58712 X   94 
 0.41739 -0.41659 -0.22982 B   95 
 0.21370 -0.35290 -0.20153 A   95 
 0.54609 -0.69688 -0.24679 B   96 
 0.22397 -0.94598 -0.47282 K   96 
 0.83290 -0.57526 -0.25497 B   97 
 0.93773 -0.51577 -0.62076 K   97 
 0.82800 -0.41232  0.00720 B   98 
 0.69889 -0.13869 -0.06095 I   98 
 0.75932 -0.64786  0.21401 B   99 
 0.54171 -0.72708  0.22754 V   99 
 1.03328 -0.80656  0.10543 B   100 
 0.88081 -0.94357 -0.05832 S   100 
 1.27284 -0.60414  0.20911 B   101 
 1.33368 -0.34935  0.11542 D   101 
 1.26818 -0.67414  0.56622 B   102 
 1.03935 -0.49021  0.74242 B   103 
 1.28896 -0.28601  0.77802 N   103 
 0.79580 -0.53694  0.61779 B   104 
 0.51338 -0.34941  0.71824 B   105 
 0.17377 -0.52080  0.62292 M   105 
 0.69602 -0.11889  0.84824 B   106 
 0.76208 -0.31328  1.10750 N   106 
 0.70294  0.05426  0.58621 B   107 
 0.78592 -0.07667  0.44582 A   107 
 0.42023  0.12867  0.70874 B   108 
 0.33045 -0.06713  0.29421 W   108 
 0.35380  0.36880  0.92790 B   109 
 0.51367  0.56747  0.90489 V   109 
 0.04621  0.32372  0.96431 B   110 
-0.04766  0.43793  0.80896 A   110 
 0.06368  0.02775  1.03387 B   111 
 0.15573 -0.34616  0.97624 W   111 
 0.25272  0.04430  1.27908 B   112 
 0.63602  0.22011  1.30125 R   112 
 0.07759  0.27986  1.43700 B   113 
 0.32555  0.48792  1.41404 N   113 
-0.23825  0.13518  1.35959 B   114 
-0.39833  0.59013  1.21897 R   114 
-0.21113 -0.19918  1.30899 B   115 
-0.30282 -0.09136  1.02341 X   115 
-0.00785 -0.30909  1.47892 B   116 
 0.42916 -0.38661  1.44597 K   116 
-0.13748 -0.52995  1.72523 B   117 
-0.41038 -0.55130  1.60665 B   118 
-0.45140 -0.30013  1.55546 T   118 
-0.73912 -0.62892  1.49378 B   119 
-0.93022 -0.82035  1.58882 D   119 
-0.72264 -0.68130  1.15699 B   120 
-0.47401 -0.66531  1.13715 V   120 
-0.97283 -0.86117  1.10104 B   121 
-0.86439 -1.21437  1.29348 Q   121 
-1.18150 -0.62607  1.11502 B   122 
-1.16799 -0.55724  1.31004 A   122 
-1.12260 -0.53612  0.80651 B   123 
-0.93718 -0.17701  0.94858 W   123 
-1.29585 -0.81534  0.69835 B   124 
-1.07138 -0.94274  0.62315 I   124 
-1.55653 -0.79000  0.80150 B   125 
-1.39382 -0.89960  1.28097 R   125 
-1.83363 -0.89335  0.60619 B   126 
-1.66350 -1.02576  0.39445 B   127 
-1.50423 -0.74615  0.36561 X   127 
-1.66709 -1.19840  0.07324 B   128 
-1.85162 -1.55952  0.06947 R   128 
-1.41272 -1.47616  0.08678 B   129 
-1.28032 -1.25693  0.13034 L   129 
