246 
 0.51927  1.03334  0.67043 B   1 
 0.24861  1.33489  0.56067 K   1 
 0.25382  1.05379  0.91020 B   2 
 0.34960  0.90881  1.10249 V   2 
-0.05359  0.96552  0.88051 B   3 
-0.03982  1.04737  0.45504 F   3 
-0.36611  1.00572  0.90752 B   4 
-0.64264  0.84957  0.86379 B   5 
-0.94976  0.66035  1.10766 R   5 
-0.82606  1.07325  0.72886 B   6 
-1.05940  1.08322  0.93821 X   6 
-0.59070  1.17458  0.55295 B   7 
-0.27598  1.37538  0.66711 E   7 
-0.54126  0.91831  0.38678 B   8 
-0.33086  0.69982  0.43260 L   8 
-0.82392  0.87371  0.27931 B   9 
-0.94347  0.80551  0.44729 A   9 
-0.83448  1.13392  0.11911 B   10 
-0.85994  1.29427  0.26562 A   10 
-0.59090  1.07709 -0.06414 B   11 
-0.41522  1.13211  0.05017 A   11 
-0.68498  0.80245 -0.17220 B   12 
-0.52270  0.51369  0.10144 M   12 
-0.93758  0.91498 -0.29865 B   13 
-1.33340  0.99677 -0.14104 K   13 
-0.82710  1.12835 -0.48669 B   14 
-0.50219  1.43650 -0.40884 R   14 
-0.64880  0.88793 -0.62526 B   15 
-0.32297  1.05772 -0.49642 H   15 
-0.88775  0.65001 -0.66738 B   16 
-0.91805  0.39603 -0.44765 B   17 
-0.60239  0.36672 -0.37875 L   17 
-1.20786  0.40104 -0.42445 B   18 
-1.41505  0.49103 -0.21631 D   18 
-1.31426  0.10515 -0.55437 B   19 
-1.58283  0.23299 -0.43127 N   19 
-1.07013 -0.01819 -0.64951 B   20 
-0.74832  0.09669 -0.92960 Y   20 
-1.13151 -0.31061 -0.78161 B   21 
-0.86423 -0.33215 -1.17360 R   21 
-1.36460 -0.32074 -0.53368 B   22 
-1.21067 -0.15117 -0.30441 B   23 
-0.98517 -0.56345 -0.32607 Y   23 
-1.27547 -0.00598 -0.04577 B   24 
-1.46095 -0.06177  0.08609 S   24 
-1.12806  0.23649  0.13004 B   25 
-1.13233  0.54835  0.09420 L   25 
-1.10115  0.07432  0.40163 B   26 
-0.89752 -0.13256  0.29484 B   27 
-1.12515 -0.35267  0.17805 N   27 
-0.66327  0.05898  0.23717 B   28 
-0.68334  0.00731 -0.20550 W   28 
-0.63946  0.17519  0.52113 B   29 
-0.78803  0.38556  0.55655 V   29 
-0.60146 -0.09226  0.66437 B   30 
-0.77619 -0.28673  0.75726 X   30 
-0.34304 -0.17522  0.52089 B   31 
-0.40379 -0.24449  0.32249 A   31 
-0.16580  0.06836  0.59143 B   32 
-0.22781  0.22979  0.46333 A   32 
-0.18240  0.02761  0.89489 B   33 
-0.31627  0.11007  1.19768 K   33 
-0.05287 -0.28329  0.89404 B   34 
-0.39433 -0.37921  1.10193 F   34 
 0.20393 -0.21942  0.71396 B   35 
 0.11033 -0.43312  0.45043 E   35 
 0.29424  0.10534  0.82789 B   36 
 0.27655  0.19843  0.62751 S   36 
 0.12512  0.29330  1.01109 B   37 
 0.13360  0.24355  1.29345 N   37 
 0.11920  0.54729  0.80745 B   38 
-0.27482  0.48676  0.91637 F   38 
 0.43183  0.51767  0.70333 B   39 
 0.65057  0.59484  0.89456 N   39 
 0.62123  0.62031  0.43163 B   40 
 0.52230  0.84202  0.37511 T   40 
 0.91763  0.52440  0.56555 B   41 
 1.06927  0.88333  0.65245 Q   41 
 0.86529  0.23287  0.56408 B   42 
 0.70924  0.18830  0.69956 A   42 
 1.09451 -0.04538  0.62225 B   43 
 1.26225  0.09246  0.50931 T   43 
 1.13408 -0.40190  0.51426 B   44 
 0.91643 -0.34634  0.76626 N   44 
 1.30134 -0.68078  0.54883 B   45 
 1.75858 -0.65132  0.33176 R   45 
 1.33847 -0.97178  0.36466 B   46 
 1.03939 -0.85287  0.24745 N   46 
 1.43215 -1.29519  0.34555 B   47 
 1.32053 -1.45561  0.51456 T   47 
 1.48525 -1.25963  0.01741 B   48 
 1.25016 -1.19703 -0.08820 D   48 
 1.62401 -0.94645  0.02729 B   49 
 1.41297 -0.77526  0.01002 B   50 
 1.22110 -0.85297 -0.12246 S   50 
 1.19193 -0.47086  0.02182 B   51 
 1.39881 -0.37375  0.16977 T   51 
 0.96761 -0.27951  0.19593 B   52 
 0.75509 -0.54924  0.19554 D   52 
 0.77164  0.01467  0.08764 B   53 
 1.23868 -0.00848 -0.02224 Y   53 
 0.59312  0.22029  0.26020 B   54 
 0.24746  0.24896  0.32451 B   55 
 0.11868  0.48840  0.32769 I   55 
 0.22673 -0.04513  0.13241 B   56 
-0.05804  0.06693  0.03412 L   56 
 0.46652 -0.23145  0.11820 B   57 
 0.59554 -0.20939  0.43809 Q   57 
 0.64064 -0.22529 -0.14034 B   58 
 0.44879 -0.08028 -0.33590 I   58 
 0.81765 -0.45225 -0.32870 B   59 
 0.88611 -0.73723 -0.24555 N   59 
 1.15252 -0.49772 -0.47273 B   60 
 1.30006 -0.46293 -0.30082 S   60 
 1.11290 -0.76284 -0.65790 B   61 
 1.30493 -1.10576 -0.48429 R   61 
 0.86440 -0.61664 -0.84432 B   62 
 0.75566 -1.05755 -0.80392 W   62 
 0.80946 -0.27832 -0.81863 B   63 
 0.44334 -0.51487 -0.77375 W   63 
 1.10003 -0.17294 -0.71675 B   64 
 1.02336 -0.04513 -0.50356 X   64 
 1.41357  0.00552 -0.69859 B   65 
 1.63524 -0.04953 -0.88847 N   65 
 1.71509 -0.04460 -0.46376 B   66 
 1.60184 -0.23354 -0.30837 D   66 
 1.99477 -0.19001 -0.56849 B   67 
 1.95393 -0.48743 -0.36490 B   68 
 1.89618 -0.33088  0.07861 R   68 
 1.76415 -0.68449 -0.56976 B   69 
 1.56814 -0.64086 -0.41193 T   69 
 1.79254 -0.96216 -0.70240 B   70 
 1.94780 -1.01090 -0.56352 P   70 
 1.57609 -1.01840 -0.95794 B   71 
 1.43513 -0.76188 -1.01914 B   72 
 1.50840 -0.59748 -0.86399 S   72 
 1.15738 -0.55978 -1.18569 B   73 
 1.04766 -0.82882 -1.39367 R   73 
 1.01351 -0.27651 -1.17038 B   74 
 1.15589 -0.04070 -1.12483 N   74 
 0.69444 -0.23590 -1.25722 B   75 
 0.63804 -0.55445 -1.26800 L   75 
 0.66295  0.07918 -1.15554 B   76 
 0.46593 -0.01462 -0.93445 X   76 
 0.90423  0.23749 -1.23720 B   77 
 0.99289  0.28072 -1.49159 N   77 
 1.07273  0.28002 -0.94442 B   78 
 0.84597  0.45687 -0.88124 I   78 
 1.21200  0.40790 -0.68982 B   79 
 1.30629  0.56450 -0.79113 P   79 
 1.16405  0.30614 -0.37486 B   80 
 1.23166 -0.00132 -0.40085 X   80 
 1.19361  0.59630 -0.24907 B   81 
 1.40820  0.66227 -0.33311 S   81 
 0.92776  0.71209 -0.36901 B   82 
 0.96013  0.71776 -0.57694 A   82 
 0.76141  0.53327 -0.14954 B   83 
 0.70426  0.27771 -0.34588 L   83 
 0.85702  0.75948  0.09357 B   84 
 1.06693  0.51546  0.16171 L   84 
 0.70426  0.98914  0.03842 B   85 
 0.73757  1.15904 -0.15440 S   85 
 0.46229  1.22641  0.12204 B   86 
 0.57465  1.42713  0.18871 S   86 
 0.38869  1.15992 -0.16782 B   87 
 0.32376  1.32519 -0.40004 D   87 
 0.15693  0.89998 -0.26123 B   88 
-0.01867  0.88501 -0.05967 I   88 
 0.14119  0.87108 -0.56947 B   89 
 0.11556  1.11404 -0.67331 T   89 
 0.33664  0.63419 -0.61881 B   90 
 0.53663  0.71824 -0.60530 A   90 
 0.19818  0.42190 -0.43734 B   91 
 0.33235  0.46145 -0.20122 S   91 
-0.07637  0.42939 -0.57277 B   92 
-0.22946  0.62128 -0.48078 V   92 
 0.00078  0.35664 -0.86073 B   93 
 0.01887  0.66735 -0.98848 N   93 
 0.12942  0.09063 -0.77022 B   94 
 0.40247  0.03372 -0.71199 X   94 
-0.11131 -0.03413 -0.62211 B   95 
-0.12751  0.07153 -0.43525 A   95 
-0.29723 -0.04877 -0.86836 B   96 
-0.46829  0.38353 -0.89566 K   96 
-0.11849 -0.26603 -1.00242 B   97 
 0.14634 -0.09641 -1.22474 K   97 
-0.12225 -0.48082 -0.78071 B   98 
 0.10205 -0.40524 -0.58031 I   98 
-0.43906 -0.52590 -0.75680 B   99 
-0.56781 -0.36903 -0.64442 V   99 
-0.44040 -0.60292 -1.08253 B   100 
-0.50765 -0.35462 -1.13406 S   100 
-0.26594 -0.88340 -1.08522 B   101 
 0.00611 -0.91586 -1.03694 D   101 
-0.50854 -1.11319 -0.94103 B   102 
-0.50967 -1.11962 -0.59869 B   103 
-0.29598 -1.36002 -0.64131 N   103 
-0.54744 -0.85605 -0.52032 B   104 
-0.52063 -0.77393 -0.17746 B   105 
-0.70039 -0.43764 -0.08588 M   105 
-0.35180 -1.03996 -0.11322 B   106 
-0.62672 -1.22274 -0.13271 N   106 
-0.07359 -0.90051 -0.15614 B   107 
-0.08607 -0.83085 -0.35294 A   107 
-0.15046 -0.80868  0.13734 B   108 
-0.11973 -0.41593 -0.11373 W   108 
-0.08528 -0.96843  0.42078 B   109 
 0.13057 -1.10546  0.40696 V   109 
-0.22164 -0.77342  0.62411 B   110 
-0.07303 -0.62627  0.67151 A   110 
-0.49423 -0.76870  0.48841 B   111 
-0.74512 -0.70942  0.19661 W   111 
-0.55763 -1.07220  0.49123 B   112 
-0.32502 -1.38848  0.33572 R   112 
-0.49312 -1.11400  0.81557 B   113 
-0.24650 -1.31339  0.74686 N   113 
-0.65411 -0.81230  0.91424 B   114 
-0.25272 -0.70498  1.19664 R   114 
-0.89344 -0.72217  0.69133 B   115 
-0.68225 -0.48452  0.66872 X   115 
-1.01733 -0.95525  0.57907 B   116 
-0.94867 -1.21427  0.22372 K   116 
-1.35857 -0.98934  0.67207 B   117 
-1.38648 -0.71549  0.78703 B   118 
-1.16608 -0.70702  0.92394 T   118 
-1.47790 -0.39504  0.91269 B   119 
-1.73322 -0.28833  0.98765 D   119 
-1.34244 -0.16057  0.70503 B   120 
-1.25383 -0.32037  0.53452 V   120 
-1.52594  0.08903  0.75091 B   121 
-1.88470 -0.04136  0.58408 Q   121 
-1.39634  0.17039  1.02586 B   122 
-1.43733  0.01039  1.15104 A   122 
-1.14830  0.32489  0.87975 B   123 
-0.88015  0.02031  1.01704 W   123 
-1.36563  0.58000  0.79393 B   124 
-1.37170  0.50675  0.53535 I   124 
-1.46672  0.68103  1.03645 B   125 
-1.76077  0.26034  1.10672 R   125 
-1.52298  1.02914  1.07198 B   126 
-1.47694  1.08913  0.77941 B   127 
-1.19226  0.93876  0.80645 X   127 
-1.45284  1.35292  0.52876 B   128 
-1.79378  1.56115  0.45893 R   128 
-1.61942  1.23053  0.21362 B   129 
-1.42839  1.06148  0.26279 L   129 
