246 
-0.91814 -0.77320 -0.58829 B   1 
-0.79518 -1.15018 -0.45041 K   1 
-1.09066 -0.85581 -0.28533 B   2 
-1.27605 -0.67471 -0.28304 V   2 
-0.97820 -0.86792  0.01531 B   3 
-0.58439 -0.97294 -0.13234 F   3 
-0.93822 -0.99938  0.30015 B   4 
-0.80926 -0.93866  0.58728 B   5 
-0.94492 -0.83458  0.98774 R   5 
-0.67059 -1.21696  0.65940 B   6 
-0.81969 -1.28207  0.92754 X   6 
-0.57068 -1.25444  0.36747 B   7 
-0.78281 -1.34069  0.05130 E   7 
-0.38410 -1.00833  0.34869 B   8 
-0.44407 -0.73333  0.22669 L   8 
-0.20904 -1.06012  0.59386 B   9 
-0.33291 -1.01938  0.76751 A   9 
-0.09129 -1.32227  0.48947 B   10 
-0.25020 -1.47144  0.50739 A   10 
 0.03732 -1.20761  0.23168 B   11 
-0.12124 -1.19783  0.08431 A   11 
 0.20380 -0.98352  0.36595 B   12 
-0.05372 -0.63961  0.36796 M   12 
 0.36679 -1.17675  0.53493 B   13 
 0.29416 -1.36343  0.91974 K   13 
 0.49043 -1.35958  0.32427 B   14 
 0.29488 -1.54734 -0.04055 R   14 
 0.61844 -1.08720  0.18931 B   15 
 0.39425 -1.13954 -0.12468 H   15 
 0.74939 -0.93727  0.46473 B   16 
 0.58286 -0.68908  0.62087 B   17 
 0.44830 -0.55991  0.35544 L   17 
 0.62652 -0.78049  0.89344 B   18 
 0.46066 -0.91369  1.11501 D   18 
 0.82001 -0.54159  1.03919 B   19 
 0.74442 -0.73576  1.28457 N   19 
 0.87367 -0.35709  0.82253 B   20 
 1.05185 -0.38878  0.41946 Y   20 
 1.05838 -0.10793  0.92514 B   21 
 1.37704 -0.03501  0.58061 R   21 
 0.87512 -0.15103  1.20879 B   22 
 0.59395 -0.24813  1.08023 B   23 
 0.62426  0.21049  0.97997 Y   23 
 0.33852 -0.38659  1.16830 B   24 
 0.26272 -0.38042  1.38992 S   24 
 0.09941 -0.55886  1.01151 B   25 
 0.08841 -0.85893  0.91987 L   25 
-0.14383 -0.37657  1.10312 B   26 
-0.05720 -0.12595  0.94388 B   27 
 0.14029  0.00499  1.18420 N   27 
-0.08418 -0.24067  0.65928 B   28 
 0.35384 -0.23051  0.57524 W   28 
-0.38004 -0.32273  0.68013 B   29 
-0.41124 -0.56515  0.76869 V   29 
-0.48672 -0.04660  0.75669 B   30 
-0.50688  0.09165  0.99639 X   30 
-0.39587  0.10035  0.50291 B   31 
-0.18078  0.13291  0.52581 A   31 
-0.54078 -0.07168  0.29047 B   32 
-0.42735 -0.25335  0.26937 A   32 
-0.82272 -0.01558  0.39716 B   33 
-1.09538 -0.11227  0.57804 K   33 
-0.80543  0.31905  0.36310 B   34 
-0.91247  0.32141  0.76003 F   34 
-0.70088  0.32337  0.06060 B   35 
-0.39407  0.47823  0.13656 E   35 
-0.87959  0.05098 -0.08247 B   36 
-0.69668 -0.05763 -0.14472 S   36 
-1.04482 -0.16549  0.07027 B   37 
-1.31091 -0.09476  0.15071 N   37 
-0.88544 -0.42353 -0.04816 B   38 
-0.89047 -0.47813  0.36144 F   38 
-0.85287 -0.30780 -0.35638 B   39 
-1.09862 -0.30022 -0.52936 N   39 
-0.65047 -0.36762 -0.63148 B   40 
-0.60635 -0.61249 -0.61621 T   40 
-0.83320 -0.17627 -0.84355 B   41 
-1.00513 -0.46441 -1.05988 Q   41 
-0.77633  0.08447 -0.71507 B   42 
-0.86406  0.08925 -0.52278 A   42 
-0.84361  0.42286 -0.83470 B   43 
-0.79413  0.33477 -1.05760 T   43 
-0.69578  0.76545 -0.80131 B   44 
-0.89629  0.66499 -0.54899 N   44 
-0.72600  1.08381 -0.86974 B   45 
-0.62689  1.17918 -1.35773 R   45 
-0.51410  1.35780 -0.87230 B   46 
-0.35024  1.14503 -0.65969 N   46 
-0.46913  1.69203 -0.87461 B   47 
-0.58209  1.82283 -0.68254 T   47 
-0.17109  1.65016 -1.02012 B   48 
-0.02473  1.51122 -0.84803 D   48 
-0.25916  1.39584 -1.23224 B   49 
-0.21946  1.16766 -1.08904 B   50 
-0.03631  1.17314 -0.92523 S   50 
-0.22525  0.81211 -0.96572 B   51 
-0.42962  0.79394 -1.14467 T   51 
-0.36955  0.57492 -0.76530 B   52 
-0.28009  0.76620 -0.49451 D   52 
-0.26410  0.22783 -0.69402 B   53 
-0.26249  0.38408 -1.14825 Y   53 
-0.41956 -0.00906 -0.54028 B   54 
-0.40611 -0.13692 -0.21178 B   55 
-0.41518 -0.40330 -0.15806 I   55 
-0.17282  0.12178 -0.16212 B   56 
-0.02942 -0.07872  0.04416 L   56 
-0.18660  0.37075 -0.33601 B   57 
-0.52722  0.41283 -0.37689 Q   57 
 0.02103  0.39885 -0.56688 B   58 
 0.23167  0.18820 -0.48124 I   58 
 0.19523  0.65438 -0.71750 B   59 
 0.14193  0.95199 -0.68011 N   59 
 0.26342  0.78899 -1.05243 B   60 
 0.05895  0.81367 -1.15300 S   60 
 0.49009  1.01493 -0.99147 B   61 
 0.32999  1.41194 -1.02840 R   61 
 0.70481  0.78655 -0.85141 B   62 
 0.75664  1.17503 -0.61849 W   62 
 0.64237  0.45046 -0.88729 B   63 
 0.71871  0.56677 -0.47177 W   63 
 0.46182  0.44654 -1.15803 B   64 
 0.25541  0.31759 -1.06620 X   64 
 0.34560  0.37403 -1.49228 B   65 
 0.48537  0.47984 -1.73206 N   65 
 0.05782  0.53094 -1.69510 B   66 
-0.03741  0.68731 -1.49724 D   66 
 0.11581  0.74652 -1.94105 B   67 
-0.02629  1.03154 -1.76743 B   68 
-0.46283  0.89813 -1.64022 R   68 
 0.24375  1.14563 -1.59170 B   69 
 0.13059  1.05613 -1.38094 T   69 
 0.40612  1.40812 -1.57626 B   70 
 0.24408  1.51201 -1.66963 P   70 
 0.71006  1.37661 -1.42816 B   71 
 0.76318  1.08552 -1.38489 B   72 
 0.57262  0.96325 -1.45705 S   72 
 0.95718  0.79662 -1.22799 B   73 
 1.22251  1.00322 -1.10718 R   73 
 0.93341  0.48492 -1.16922 B   74 
 0.82171  0.30780 -1.35390 N   74 
 1.08432  0.34265 -0.90849 B   75 
 1.15510  0.62711 -0.77123 L   75 
 0.94686  0.04140 -0.93956 B   76 
 0.79357  0.08676 -0.67321 X   76 
 0.94628 -0.04139 -1.22782 B   77 
 1.16408 -0.07424 -1.38884 N   77 
 0.61960 -0.00873 -1.31800 B   78 
 0.58471 -0.24110 -1.14060 I   78 
 0.32365 -0.06884 -1.41481 B   79 
 0.37606 -0.19628 -1.57195 P   79 
 0.04696  0.03649 -1.25925 B   80 
 0.10216  0.34710 -1.24368 X   80 
-0.12403 -0.22070 -1.33350 B   81 
-0.10243 -0.22414 -1.57221 S   81 
 0.03527 -0.42058 -1.15145 B   82 
 0.22694 -0.43149 -1.23782 A   82 
-0.11087 -0.28526 -0.89041 B   83 
 0.12916 -0.07457 -0.81884 L   83 
-0.40036 -0.45290 -0.97706 B   84 
-0.47788 -0.15216 -1.08567 L   84 
-0.34635 -0.72162 -0.91387 B   85 
-0.19389 -0.88706 -1.04248 S   85 
-0.40640 -1.01450 -0.73371 B   86 
-0.52626 -1.16589 -0.87538 S   86 
-0.10080 -0.99526 -0.72385 B   87 
 0.11286 -1.18918 -0.77078 D   87 
 0.08109 -0.82603 -0.46253 B   88 
-0.07009 -0.85043 -0.24291 I   88 
 0.38545 -0.82620 -0.52137 B   89 
 0.45503 -1.07240 -0.59220 T   89 
 0.42317 -0.54534 -0.64960 B   90 
 0.35163 -0.56316 -0.85406 A   90 
 0.31214 -0.37255 -0.41511 B   91 
 0.04829 -0.35172 -0.48770 S   91 
 0.50447 -0.47340 -0.19921 B   92 
 0.42267 -0.69546 -0.08644 V   92 
 0.77447 -0.40212 -0.32643 B   93 
 0.84690 -0.70108 -0.46267 N   93 
 0.69742 -0.10362 -0.34795 B   94 
 0.58704  0.03798 -0.56921 X   94 
 0.62898 -0.04758 -0.05193 B   95 
 0.43728 -0.13902 -0.01681 A   95 
 0.91077 -0.10860  0.05893 B   96 
 0.91203 -0.57325  0.09042 K   96 
 1.03090  0.14226 -0.08164 B   97 
 1.15848  0.04549 -0.43191 K   97 
 0.85053  0.36147  0.03968 B   98 
 0.59493  0.37293 -0.13558 I   98 
 0.90718  0.30945  0.35121 B   99 
 0.80539  0.12957  0.45655 V   99 
 1.23220  0.35805  0.28775 B   100 
 1.26027  0.09797  0.26772 S   100 
 1.23640  0.67736  0.20327 B   101 
 1.13217  0.79471 -0.02644 D   101 
 1.18780  0.83226  0.52899 B   102 
 0.85979  0.86336  0.62218 B   103 
 0.88738  1.15362  0.47984 N   103 
 0.75387  0.60739  0.60498 B   104 
 0.40575  0.56297  0.64803 B   105 
 0.30898  0.19563  0.74546 M   105 
 0.34471  0.87180  0.58244 B   106 
 0.45396  0.96008  0.88183 N   106 
 0.30119  0.82104  0.27549 B   107 
 0.48295  0.73653  0.21583 A   107 
 0.02297  0.73214  0.39864 B   108 
 0.19886  0.35000  0.19550 W   108 
-0.24082  0.92468  0.45734 B   109 
-0.25682  1.11958  0.29206 V   109 
-0.43401  0.71299  0.58318 B   110 
-0.53572  0.62209  0.41771 A   110 
-0.24146  0.61535  0.79797 B   111 
 0.08808  0.46097  0.93642 W   111 
-0.18439  0.88441  0.94111 B   112 
-0.04130  1.24413  0.77245 R   112 
-0.50493  0.96778  0.97866 B   113 
-0.46594  1.22720  0.78768 N   113 
-0.60768  0.63953  1.07016 B   114 
-0.98764  0.68092  0.74413 R   114 
-0.35164  0.46447  1.20761 B   115 
-0.41390  0.30155  0.94084 X   115 
-0.18046  0.63971  1.35683 B   116 
 0.18404  0.88026  1.27111 K   116 
-0.18627  0.57491  1.70615 B   117 
-0.33117  0.31489  1.68666 B   118 
-0.51483  0.38419  1.51679 T   118 
-0.47869 -0.00795  1.71582 B   119 
-0.50789 -0.18157  1.94209 D   119 
-0.34508 -0.20465  1.47107 B   120 
-0.17770 -0.03852  1.38829 V   120 
-0.38413 -0.49420  1.58383 B   121 
-0.12169 -0.49213  1.90734 Q   121 
-0.69049 -0.51158  1.51416 B   122 
-0.77762 -0.36289  1.62928 A   122 
-0.63008 -0.59347  1.20371 B   123 
-0.77848 -0.21235  1.07625 W   123 
-0.53551 -0.90832  1.31144 B   124 
-0.27453 -0.85975  1.26902 I   124 
-0.76051 -1.01710  1.44098 B   125 
-0.69775 -0.70212  1.84745 R   125 
-0.83355 -1.36217  1.40621 B   126 
-0.57173 -1.42674  1.26987 B   127 
-0.64088 -1.19517  1.05545 X   127 
-0.37551 -1.68843  1.10858 B   128 
-0.26087 -1.99526  1.34771 R   128 
-0.01588 -1.64633  1.21313 B   129 
-0.08196 -1.42393  1.09626 L   129 
