246 
-0.26158  0.16816  1.30008 B   1 
-0.20595 -0.22475  1.43707 K   1 
 0.07696  0.12214  1.40802 B   2 
 0.16032  0.36743  1.41525 V   2 
 0.31325 -0.04520  1.26894 B   3 
 0.02369 -0.31827  1.09717 F   3 
 0.55313 -0.25123  1.26492 B   4 
 0.77600 -0.37115  1.06816 B   5 
 1.20457 -0.33175  1.00199 R   5 
 0.77190 -0.68154  1.14243 B   6 
 1.07078 -0.71859  1.23004 X   6 
 0.46184 -0.68269  1.16403 B   7 
 0.24092 -0.52213  1.44299 E   7 
 0.39312 -0.61019  0.87119 B   8 
 0.32172 -0.33529  0.75527 L   8 
 0.55209 -0.82826  0.72760 B   9 
 0.76161 -0.77474  0.74751 A   9 
 0.39328 -1.06127  0.84578 B   10 
 0.45788 -1.07923  1.05394 A   10 
 0.11508 -0.97846  0.73673 B   11 
 0.03768 -0.83053  0.87487 A   11 
 0.19406 -0.95562  0.43806 B   12 
 0.31535 -0.54676  0.38600 M   12 
 0.27681 -1.24736  0.41580 B   13 
 0.64696 -1.45515  0.50534 K   13 
 0.02298 -1.39398  0.50043 B   14 
-0.25636 -1.30349  0.84738 R   14 
-0.12994 -1.23175  0.25735 B   15 
-0.34199 -1.03959  0.52137 H   15 
 0.08767 -1.28387  0.00161 B   16 
 0.31145 -1.04684 -0.08468 B   17 
 0.12426 -0.79062 -0.01717 L   17 
 0.54146 -1.22204 -0.11555 B   18 
 0.79851 -1.28493  0.04039 D   18 
 0.62216 -1.20825 -0.44578 B   19 
 0.86365 -1.37804 -0.31741 N   19 
 0.41469 -1.04075 -0.55878 B   20 
-0.02683 -1.05216 -0.57072 Y   20 
 0.45938 -1.00117 -0.87996 B   21 
 0.02774 -1.03894 -1.07443 R   21 
 0.78679 -1.00586 -0.78678 B   22 
 0.76444 -0.86726 -0.49471 B   23 
 0.69295 -0.51912 -0.80292 Y   23 
 0.93042 -0.83947 -0.24202 B   24 
 1.16421 -0.85498 -0.24340 S   24 
 0.86104 -0.77325  0.07772 B   25 
 0.75883 -0.95941  0.30893 L   25 
 1.04862 -0.51852  0.10442 B   26 
 0.88691 -0.33977 -0.08941 B   27 
 1.04611 -0.43593 -0.37104 N   27 
 0.62494 -0.32244  0.07170 B   28 
 0.38623 -0.55694 -0.22335 W   28 
 0.74755 -0.20851  0.32995 B   29 
 0.82389 -0.39390  0.49542 V   29 
 0.87748  0.03635  0.20089 B   30 
 1.11690  0.07846  0.06716 X   30 
 0.61922  0.16469  0.09561 B   31 
 0.56343  0.05059 -0.08248 A   31 
 0.46355  0.19029  0.36176 B   32 
 0.38924 -0.00592  0.40967 A   32 
 0.67041  0.37148  0.49740 B   33 
 0.93172  0.41269  0.71287 K   33 
 0.65625  0.61676  0.26702 B   34 
 1.06376  0.56508  0.25027 F   34 
 0.33765  0.64662  0.25953 B   35 
 0.30590  0.55051 -0.07757 E   35 
 0.25159  0.59841  0.60140 B   36 
 0.11872  0.42577  0.56058 S   36 
 0.43870  0.49460  0.82879 B   37 
 0.61641  0.68472  0.94941 N   37 
 0.25181  0.24341  0.91818 B   38 
 0.62940  0.08394  0.86545 F   38 
-0.03762  0.40065  0.88724 B   39 
-0.10676  0.60778  1.09385 N   39 
-0.37149  0.31557  0.84819 B   40 
-0.39102  0.10436  0.97915 T   40 
-0.48703  0.63086  0.89538 B   41 
-0.64460  0.58886  1.25978 Q   41 
-0.37039  0.74916  0.65016 B   42 
-0.15948  0.74867  0.66477 A   42 
-0.43238  1.07434  0.49603 B   43 
-0.66348  1.04615  0.57149 T   43 
-0.43160  1.22570  0.15335 B   44 
-0.13095  1.19878  0.30450 N   44 
-0.46124  1.49827 -0.02490 B   45 
-0.94327  1.65373 -0.04789 R   45 
-0.52228  1.57095 -0.35802 B   46 
-0.40080  1.25128 -0.37762 N   46 
-0.51723  1.78955 -0.61477 B   47 
-0.28827  1.89702 -0.66754 T   47 
-0.76499  1.62059 -0.76251 B   48 
-0.66936  1.37791 -0.81048 D   48 
-0.94718  1.55103 -0.48073 B   49 
-0.84533  1.31652 -0.38703 B   50 
-0.76068  1.15989 -0.55646 S   50 
-0.75418  1.02219 -0.17088 B   51 
-0.84595  1.18697  0.02545 T   51 
-0.53209  0.87615  0.04497 B   52 
-0.30052  0.88105 -0.20854 D   52 
-0.52961  0.53576  0.18921 B   53 
-0.94006  0.78527  0.18582 Y   53 
-0.34662  0.41071  0.42330 B   54 
-0.05623  0.21044  0.42553 B   55 
-0.02204  0.00438  0.59958 I   55 
-0.07785  0.24324  0.07585 B   56 
 0.04618 -0.05305  0.06376 L   56 
-0.21623  0.48639 -0.04308 B   57 
-0.12550  0.73719  0.17675 Q   57 
-0.50477  0.44943 -0.15524 B   58 
-0.51807  0.14076 -0.18022 I   58 
-0.69043  0.57581 -0.41578 B   59 
-0.61497  0.81559 -0.58789 N   59 
-1.01642  0.73317 -0.47838 B   60 
-1.03246  0.90603 -0.32873 S   60 
-1.02746  0.74259 -0.80386 B   61 
-0.97441  1.14267 -0.95127 R   61 
-0.99308  0.40215 -0.83209 B   62 
-0.76871  0.58606 -1.18378 W   62 
-1.02721  0.20424 -0.55315 B   63 
-0.66200  0.11884 -0.77973 W   63 
-1.21181  0.39240 -0.36227 B   64 
-1.05974  0.39615 -0.15126 X   64 
-1.48388  0.50997 -0.15578 B   65 
-1.75013  0.57409 -0.27077 N   65 
-1.55456  0.86126 -0.01374 B   66 
-1.32494  0.97495 -0.09753 D   66 
-1.78856  1.05768 -0.14410 B   67 
-1.55497  1.30163 -0.27638 B   68 
-1.28557  1.43185  0.09105 R   68 
-1.48359  1.16818 -0.58283 B   69 
-1.25290  1.10848 -0.49092 T   69 
-1.51050  1.25724 -0.87753 B   70 
-1.52988  1.46022 -0.81279 P   70 
-1.48758  1.00450 -1.10316 B   71 
-1.48777  0.74551 -0.95367 B   72 
-1.49306  0.79352 -0.72100 S   72 
-1.43445  0.36823 -0.93033 B   73 
-1.40566  0.32198 -1.28347 R   73 
-1.39338  0.13636 -0.71650 B   74 
-1.53594  0.12967 -0.47653 N   74 
-1.21751 -0.13804 -0.78557 B   75 
-1.09618 -0.01343 -1.05855 L   75 
-1.21704 -0.26606 -0.47861 B   76 
-0.91043 -0.21892 -0.46226 X   76 
-1.48986 -0.24030 -0.35675 B   77 
-1.72175 -0.34908 -0.45075 N   77 
-1.45063  0.00983 -0.12912 B   78 
-1.28988 -0.19250  0.01196 I   78 
-1.43548  0.17511  0.14111 B   79 
-1.60950  0.09658  0.22614 P   79 
-1.18178  0.37463  0.22873 B   80 
-1.16562  0.56432 -0.02333 X   80 
-1.20581  0.31230  0.53925 B   81 
-1.43526  0.36798  0.58070 S   81 
-1.11006  0.01402  0.52111 B   82 
-1.26157 -0.08504  0.41364 A   82 
-0.80461  0.12441  0.47289 B   83 
-0.81182  0.11132  0.14592 L   83 
-0.79007  0.20378  0.80890 B   84 
-0.84075  0.50428  0.68486 L   84 
-0.77053 -0.04529  0.93812 B   85 
-0.95772 -0.22125  0.97214 S   85 
-0.60224 -0.27752  1.13709 B   86 
-0.70010 -0.27321  1.35564 S   86 
-0.70444 -0.45269  0.90747 B   87 
-0.84053 -0.71128  0.89921 D   87 
-0.51731 -0.51750  0.60615 B   88 
-0.25974 -0.50889  0.67876 I   88 
-0.68410 -0.68562  0.40612 B   89 
-0.79291 -0.88759  0.53968 T   89 
-0.79688 -0.46412  0.21912 B   90 
-0.96126 -0.37245  0.32784 A   90 
-0.52633 -0.33969  0.12700 B   91 
-0.49481 -0.14181  0.31454 S   91 
-0.40433 -0.59554  0.01110 B   92 
-0.28545 -0.74238  0.19282 V   92 
-0.61675 -0.66982 -0.19753 B   93 
-0.79099 -0.89269 -0.01546 N   93 
-0.58705 -0.39729 -0.34019 B   94 
-0.74133 -0.15989 -0.30807 X   94 
-0.28348 -0.40293 -0.39732 B   95 
-0.18673 -0.36365 -0.20906 A   95 
-0.28901 -0.65268 -0.57901 B   96 
-0.29333 -1.00394 -0.27324 K   96 
-0.44575 -0.49977 -0.80075 B   97 
-0.82431 -0.54387 -0.74526 K   97 
-0.25120 -0.26515 -0.84984 B   98 
-0.31855 -0.04848 -0.63841 I   98 
 0.01292 -0.43101 -0.92528 B   99 
 0.13529 -0.53248 -0.75633 V   99 
-0.16231 -0.57454 -1.17170 B   100 
-0.20972 -0.77658 -1.01119 S   100 
-0.21945 -0.31746 -1.37109 B   101 
-0.38555 -0.09909 -1.32499 D   101 
 0.11136 -0.27151 -1.51566 B   102 
 0.32091 -0.07653 -1.32774 B   103 
 0.19946  0.16226 -1.51077 N   103 
 0.32584 -0.19470 -1.07665 B   104 
 0.49097 -0.02790 -0.81221 B   105 
 0.59083 -0.26767 -0.51838 M   105 
 0.47465  0.25562 -0.96305 B   106 
 0.71811  0.16429 -1.16739 N   106 
 0.20262  0.33666 -0.82844 B   107 
 0.07428  0.18164 -0.88532 A   107 
 0.41304  0.40423 -0.60122 B   108 
 0.13273  0.07721 -0.42034 W   108 
 0.57842  0.68887 -0.55954 B   109 
 0.44500  0.89110 -0.64237 V   109 
 0.75124  0.61365 -0.30965 B   110 
 0.62894  0.65841 -0.13928 A   110 
 0.87235  0.36036 -0.42762 B   111 
 0.86815  0.00470 -0.58602 W   111 
 1.00310  0.48026 -0.68192 B   112 
 0.81959  0.70748 -0.98690 R   112 
 1.16204  0.72568 -0.52189 B   113 
 0.98911  0.94943 -0.68103 N   113 
 1.26140  0.52003 -0.24891 B   114 
 1.10231  0.87957  0.06382 R   114 
 1.28190  0.19432 -0.34157 B   115 
 1.04604  0.19244 -0.12720 X   115 
 1.36953  0.17396 -0.61393 B   116 
 1.17276  0.15391 -1.01263 K   116 
 1.69080  0.02550 -0.64552 B   117 
 1.70770 -0.07118 -0.36382 B   118 
 1.62292  0.14246 -0.24315 T   118 
 1.76617 -0.22693 -0.04892 B   119 
 1.97430 -0.40422  0.03738 D   119 
 1.47608 -0.37961  0.04584 B   120 
 1.34944 -0.33498 -0.16496 V   120 
 1.57439 -0.60205  0.24315 B   121 
 1.77758 -0.85728 -0.01592 Q   121 
 1.62158 -0.40717  0.48565 B   122 
 1.77097 -0.27932  0.42019 A   122 
 1.30575 -0.41131  0.56917 B   123 
 1.26946 -0.00295  0.44486 W   123 
 1.34833 -0.73229  0.69097 B   124 
 1.21622 -0.84309  0.48472 I   124 
 1.54363 -0.71368  0.89284 B   125 
 1.91960 -0.64226  0.54366 R   125 
 1.51382 -0.91203  1.18503 B   126 
 1.28629 -1.07833  1.07596 B   127 
 1.12954 -0.80207  1.01683 X   127 
 1.04584 -1.34183  1.15171 B   128 
 1.20337 -1.70845  1.22414 R   128 
 1.01310 -1.56148  0.84720 B   129 
 0.94497 -1.32299  0.76994 L   129 
