246 
-1.00784  0.75772 -0.44387 B   1 
-1.26939  0.45882 -0.57985 K   1 
-1.23567  0.66553 -0.18317 B   2 
-1.19570  0.85661 -0.01270 V   2 
-1.24649  0.39567 -0.00927 B   3 
-1.07741  0.17166 -0.33965 F   3 
-1.39002  0.14717  0.12362 B   4 
-1.33050 -0.10169  0.31673 B   5 
-1.40935 -0.21785  0.72890 R   5 
-1.49031 -0.33808  0.17369 B   6 
-1.68355 -0.41956  0.40691 X   6 
-1.40159 -0.24126 -0.10803 B   7 
-1.52205  0.07615 -0.30076 E   7 
-1.09608 -0.27995 -0.07800 B   8 
-0.88398 -0.06981 -0.00756 L   8 
-1.09154 -0.57334  0.00769 B   9 
-1.16580 -0.57892  0.21168 A   9 
-1.21242 -0.68035 -0.25197 B   10 
-1.42475 -0.62834 -0.24589 A   10 
-0.99333 -0.57410 -0.44395 B   11 
-1.04310 -0.36697 -0.48361 A   11 
-0.74948 -0.70046 -0.30067 B   12 
-0.61993 -0.40339 -0.01861 M   12 
-0.84840 -0.98553 -0.33819 B   13 
-1.12075 -1.23421 -0.10974 K   13 
-0.87985 -1.00449 -0.64108 B   14 
-1.06166 -0.70280 -0.92833 R   14 
-0.56141 -0.92093 -0.66109 B   15 
-0.66201 -0.58493 -0.83013 H   15 
-0.42699 -1.13407 -0.43310 B   16 
-0.35576 -1.02903 -0.12069 B   17 
-0.27138 -0.72602 -0.20013 L   17 
-0.46260 -1.25915  0.02139 B   18 
-0.70968 -1.32273  0.19243 D   18 
-0.19419 -1.40687  0.16935 B   19 
-0.44433 -1.56978  0.28984 N   19 
 0.02976 -1.24934  0.07501 B   20 
 0.19088 -1.13757 -0.32091 Y   20 
 0.31066 -1.36071  0.19917 B   21 
 0.62180 -1.35000 -0.15948 R   21 
 0.11248 -1.42010  0.46955 B   22 
-0.09562 -1.17318  0.44244 B   23 
 0.30926 -0.97920  0.58299 Y   23 
-0.36867 -1.09229  0.54768 B   24 
-0.45380 -1.17328  0.75039 S   24 
-0.60713 -0.88300  0.44391 B   25 
-0.83340 -0.91902  0.22929 L   25 
-0.61785 -0.70558  0.70695 B   26 
-0.33485 -0.58486  0.67517 B   27 
-0.17068 -0.83001  0.83904 N   27 
-0.38073 -0.42818  0.41396 B   28 
-0.10839 -0.68439  0.17060 W   28 
-0.61706 -0.25811  0.51359 B   29 
-0.84722 -0.37183  0.47261 V   29 
-0.47283 -0.13709  0.75451 B   30 
-0.42504 -0.22461  1.01342 X   30 
-0.25004  0.00435  0.59763 B   31 
-0.10802 -0.15189  0.54045 A   31 
-0.42344  0.18111  0.41213 B   32 
-0.50028  0.05264  0.25752 A   32 
-0.55995  0.33448  0.63987 B   33 
-0.82919  0.38425  0.84344 K   33 
-0.27561  0.45529  0.77401 B   34 
-0.41888  0.28689  1.12061 F   34 
-0.14863  0.56934  0.50323 B   35 
 0.13129  0.35602  0.50859 E   35 
-0.43606  0.69366  0.33432 B   36 
-0.40668  0.56567  0.15576 S   36 
-0.73457  0.64430  0.41142 B   37 
-0.84487  0.80752  0.61991 N   37 
-0.82576  0.51772  0.12563 B   38 
-0.95990  0.24987  0.41030 F   38 
-0.64901  0.72381 -0.06343 B   39 
-0.74406  1.00805 -0.08677 N   39 
-0.52412  0.72984 -0.38684 B   40 
-0.69821  0.60703 -0.51627 T   40 
-0.42858  1.05496 -0.37451 B   41 
-0.70909  1.21446 -0.60957 Q   41 
-0.21582  1.02240 -0.17104 B   42 
-0.30249  0.96756  0.01382 A   42 
 0.04230  1.25750 -0.06404 B   43 
 0.04746  1.33058 -0.29755 T   43 
 0.39193  1.24644  0.07002 B   44 
 0.14494  1.19947  0.29530 N   44 
 0.64391  1.41683  0.19009 B   45 
 0.88029  1.67987 -0.17321 R   45 
 0.98246  1.35944  0.23564 B   46 
 0.85908  1.04024  0.22098 N   46 
 1.27523  1.44080  0.38193 B   47 
 1.27510  1.44623  0.64025 T   47 
 1.44047  1.30473  0.12515 B   48 
 1.37491  1.04774  0.12413 D   48 
 1.23321  1.41331 -0.12521 B   49 
 1.04259  1.22016 -0.14767 B   50 
 1.11485  0.99049 -0.09832 S   50 
 0.72890  1.02901 -0.22961 B   51 
 0.63782  1.27888 -0.28780 T   51 
 0.41540  0.92835 -0.13564 B   52 
 0.56052  0.76141  0.12703 D   52 
 0.18213  0.69307 -0.29967 B   53 
 0.40511  1.02498 -0.56586 Y   53 
-0.12741  0.62930 -0.23613 B   54 
-0.29232  0.37390 -0.05722 B   55 
-0.52172  0.25795 -0.14586 I   55 
 0.03485  0.26389  0.01116 B   56 
-0.08888 -0.03273  0.00649 L   56 
 0.26322  0.46454  0.00985 B   57 
 0.11412  0.74616  0.14371 Q   57 
 0.45182  0.46895 -0.23837 B   58 
 0.38360  0.19567 -0.36775 I   58 
 0.78611  0.52371 -0.29813 B   59 
 0.98590  0.63817 -0.09864 N   59 
 1.00369  0.72728 -0.51300 B   60 
 0.92999  0.94314 -0.49045 S   60 
 1.29856  0.60405 -0.44965 B   61 
 1.53361  0.87368 -0.21163 R   61 
 1.20682  0.28829 -0.54845 B   62 
 1.49642  0.23755 -0.20001 W   62 
 0.91091  0.24234 -0.71718 B   63 
 0.95778 -0.02983 -0.37697 W   63 
 0.86425  0.53677 -0.84773 B   64 
 0.62555  0.58365 -0.75559 X   64 
 0.81256  0.80174 -1.08775 B   65 
 1.02699  0.88595 -1.27524 N   65 
 0.81956  1.18432 -1.04130 B   66 
 0.84859  1.18212 -0.77331 D   66 
 1.07704  1.36727 -1.14410 B   67 
 1.18768  1.45647 -0.81036 B   68 
 0.80848  1.64367 -0.59657 R   68 
 1.39299  1.19400 -0.73440 B   69 
 1.21276  1.11426 -0.57194 T   69 
 1.69065  1.15686 -0.66008 B   70 
 1.70254  1.36461 -0.61040 P   70 
 1.80462  0.83859 -0.69208 B   71 
 1.59268  0.67660 -0.82722 B   72 
 1.40334  0.81579 -0.86248 S   72 
 1.43735  0.34490 -0.93478 B   73 
 1.72568  0.15070 -0.85215 R   73 
 1.16240  0.22112 -1.03605 B   74 
 0.99766  0.35539 -1.21711 N   74 
 1.07776 -0.09500 -0.97361 B   75 
 1.31541 -0.13493 -0.75751 L   75 
 0.76649 -0.07890 -1.08964 B   76 
 0.65953 -0.11930 -0.80080 X   76 
 0.76174  0.07194 -1.34881 B   77 
 0.89240  0.00555 -1.57894 N   77 
 0.62350  0.37097 -1.26282 B   78 
 0.38027  0.20834 -1.23003 I   78 
 0.42985  0.62118 -1.24119 B   79 
 0.39114  0.63834 -1.44585 P   79 
 0.32514  0.75710 -0.95411 B   80 
 0.60098  0.81222 -0.81042 X   80 
 0.03947  0.83848 -1.06663 B   81 
 0.09997  0.96951 -1.25803 S   81 
-0.06964  0.54574 -1.09604 B   82 
 0.04788  0.45914 -1.24771 A   82 
-0.09957  0.53365 -0.76928 B   83 
 0.18835  0.38925 -0.71116 L   83 
-0.37767  0.73698 -0.79642 B   84 
-0.15774  0.95994 -0.69558 L   84 
-0.57551  0.56953 -0.90569 B   85 
-0.59444  0.48518 -1.14999 S   85 
-0.88180  0.40282 -0.89042 B   86 
-1.03979  0.52494 -1.02265 S   86 
-0.69676  0.18581 -1.00232 B   87 
-0.72152 -0.00208 -1.22490 D   87 
-0.51527 -0.04840 -0.79686 B   88 
-0.66677 -0.08478 -0.57912 I   88 
-0.33172 -0.22857 -0.96991 B   89 
-0.47412 -0.31673 -1.17588 T   89 
-0.05869 -0.08211 -0.94247 B   90 
-0.06938  0.08918 -1.07585 A   90 
-0.03327 -0.09020 -0.63190 B   91 
-0.14941  0.14930 -0.56504 S   91 
-0.05195 -0.39420 -0.60015 B   92 
-0.29947 -0.48008 -0.59130 V   92 
 0.18400 -0.48375 -0.77472 B   93 
 0.01506 -0.55116 -1.05773 N   93 
 0.38376 -0.31569 -0.60932 B   94 
 0.48220 -0.05302 -0.65934 X   94 
 0.32667 -0.43121 -0.32852 B   95 
 0.13835 -0.34718 -0.26673 A   95 
 0.41260 -0.72058 -0.39408 B   96 
 0.03537 -0.89653 -0.60298 K   96 
 0.71062 -0.63515 -0.42576 B   97 
 0.78002 -0.54181 -0.79291 K   97 
 0.75837 -0.50844 -0.14832 B   98 
 0.66137 -0.21448 -0.16729 I   98 
 0.68196 -0.75869  0.03742 B   99 
 0.45849 -0.81162  0.07017 V   99 
 0.91708 -0.93436 -0.12347 B   100 
 0.72939 -1.02904 -0.28043 S   100 
 1.19261 -0.77822 -0.02958 B   101 
 1.27694 -0.52282 -0.10071 D   101 
 1.21930 -0.89310  0.31471 B   102 
 1.03981 -0.70697  0.53918 B   103 
 1.31767 -0.54144  0.56491 N   103 
 0.77947 -0.70673  0.44297 B   104 
 0.53908 -0.50060  0.60026 B   105 
 0.17037 -0.61499  0.53123 M   105 
 0.76552 -0.31324  0.73072 B   106 
 0.83336 -0.54642  0.95520 N   106 
 0.76622 -0.10956  0.49155 B   107 
 0.81365 -0.23027  0.32748 A   107 
 0.51244 -0.01756  0.65770 B   108 
 0.34953 -0.14507  0.23884 W   108 
 0.50540  0.19826  0.90964 B   109 
 0.68749  0.37705  0.88876 V   109 
 0.20075  0.18700  0.98058 B   110 
 0.10639  0.33117  0.85293 A   110 
 0.18501 -0.11539  1.01300 B   111 
 0.21727 -0.48705  0.90150 W   111 
 0.40138 -0.15436  1.23164 B   112 
 0.80529 -0.03145  1.22342 R   112 
 0.27976  0.07833  1.43698 B   113 
 0.54981  0.25550  1.40570 N   113 
-0.05982 -0.01505  1.38553 B   114 
-0.17054  0.47056  1.31996 R   114 
-0.08516 -0.34073  1.29397 B   115 
-0.19320 -0.18613  1.03704 X   115 
 0.11910 -0.49603  1.42217 B   116 
 0.53452 -0.62176  1.32370 K   116 
-0.01071 -0.72950  1.65647 B   117 
-0.29572 -0.70145  1.57295 B   118 
-0.30722 -0.44263  1.55659 T   118 
-0.64279 -0.72265  1.49594 B   119 
-0.84634 -0.89987  1.59266 D   119 
-0.67242 -0.73228  1.15613 B   120 
-0.42790 -0.74454  1.10589 V   120 
-0.94981 -0.87115  1.11321 B   121 
-0.86990 -1.25707  1.24820 Q   121 
-1.12100 -0.61601  1.18113 B   122 
-1.07584 -0.57540  1.37928 A   122 
-1.08599 -0.49452  0.87988 B   123 
-0.83766 -0.18258  1.03655 W   123 
-1.30742 -0.73380  0.76413 B   124 
-1.11283 -0.87694  0.64616 I   124 
-1.54853 -0.69025  0.90271 B   125 
-1.34865 -0.88064  1.34109 R   125 
-1.85781 -0.73236  0.73482 B   126 
-1.73302 -0.85594  0.48890 B   127 
-1.54100 -0.59669  0.47161 X   127 
-1.79724 -0.98344  0.15333 B   128 
-2.02911 -1.31551  0.13251 R   128 
-1.58384 -1.28975  0.10167 B   129 
-1.41830 -1.09605  0.15229 L   129 
