246 
 0.10164 -0.24897  1.30942 B   1 
 0.45531 -0.47511  1.31341 K   1 
 0.38411 -0.03488  1.36184 B   2 
 0.26701  0.18455  1.43467 V   2 
 0.61253  0.05405  1.15424 B   3 
 0.56741 -0.31948  0.93894 F   3 
 0.91088  0.10449  1.06230 B   4 
 1.07999  0.22065  0.81598 B   5 
 1.30816  0.57891  0.72014 R   5 
 1.31834  0.00970  0.79207 B   6 
 1.56291  0.20194  0.83216 X   6 
 1.12612 -0.22878  0.84488 B   7 
 0.95418 -0.32744  1.18119 E   7 
 0.94332 -0.19879  0.59706 B   8 
 0.66898 -0.06276  0.57869 L   8 
 1.15640 -0.20042  0.37789 B   9 
 1.25941 -0.00969  0.39094 A   9 
 1.25378 -0.48448  0.43546 B   10 
 1.37020 -0.47233  0.62019 A   10 
 0.98385 -0.62910  0.38684 B   11 
 0.87107 -0.60988  0.57087 A   11 
 0.92933 -0.51823  0.10278 B   12 
 0.70360 -0.15805  0.16537 M   12 
 1.18155 -0.63961 -0.01598 B   13 
 1.59290 -0.50292 -0.03365 K   13 
 1.14689 -0.93629  0.04621 B   14 
 1.00706 -1.13241  0.43166 R   14 
 0.86153 -0.91875 -0.11827 B   15 
 0.66855 -0.98862  0.21259 H   15 
 0.96186 -0.75597 -0.39919 B   16 
 0.91295 -0.42397 -0.43221 B   17 
 0.63210 -0.41004 -0.27043 L   17 
 1.17520 -0.35801 -0.53912 B   18 
 1.43149 -0.22236 -0.43781 D   18 
 1.11873 -0.24776 -0.85600 B   19 
 1.43212 -0.18902 -0.81174 N   19 
 0.83343 -0.28406 -0.88998 B   20 
 0.55386 -0.62470 -0.85818 Y   20 
 0.73831 -0.18570 -1.18664 B   21 
 0.42914 -0.51351 -1.33668 R   21 
 0.98009  0.04822 -1.13442 B   22 
 0.95528  0.08446 -0.81336 B   23 
 0.57181  0.29076 -0.99139 Y   23 
 1.11798  0.19735 -0.58322 B   24 
 1.27890  0.36486 -0.61393 S   24 
 1.12220  0.14822 -0.25307 B   25 
 1.25675 -0.07667 -0.08020 L   25 
 1.07130  0.45035 -0.16992 B   26 
 0.78335  0.46581 -0.28181 B   27 
 0.86940  0.55924 -0.59450 N   27 
 0.65074  0.25864 -0.09639 B   28 
 0.57431 -0.03662 -0.42198 W   28 
 0.72648  0.39313  0.16984 B   29 
 0.95571  0.31213  0.26188 V   29 
 0.59891  0.66419  0.10863 B   30 
 0.68330  0.88899 -0.03037 X   30 
 0.31085  0.56338  0.07537 B   31 
 0.30217  0.46969 -0.12210 A   31 
 0.27217  0.42932  0.35152 B   32 
 0.37699  0.24148  0.34488 A   32 
 0.31806  0.68570  0.51333 B   33 
 0.52151  0.88400  0.70226 K   33 
 0.06723  0.86011  0.37154 B   34 
 0.36081  1.13806  0.29693 F   34 
-0.16102  0.63855  0.40718 B   35 
-0.21442  0.59398  0.06215 E   35 
-0.08026  0.50079  0.72515 B   36 
-0.05624  0.29444  0.64789 S   36 
 0.18123  0.54850  0.88898 B   37 
 0.19759  0.79033  1.04236 N   37 
 0.26476  0.23503  0.91672 B   38 
 0.60433  0.42563  0.77834 F   38 
-0.04152  0.12002  0.96592 B   39 
-0.17026  0.17509  1.23194 N   39 
-0.20800 -0.18287  0.93825 B   40 
-0.03256 -0.34890  0.99986 T   40 
-0.49047 -0.07431  1.09124 B   41 
-0.45336 -0.26506  1.43997 Q   41 
-0.57208  0.11977  0.88290 B   42 
-0.43169  0.27760  0.87432 A   42 
-0.88723  0.29979  0.84270 B   43 
-0.99349  0.09731  0.92992 T   43 
-1.09581  0.43905  0.56442 B   44 
-0.83825  0.63138  0.66755 N   44 
-1.36026  0.61285  0.48194 B   45 
-1.78682  0.34970  0.55844 R   45 
-1.55030  0.65369  0.19523 B   46 
-1.25268  0.54345  0.06640 N   46 
-1.77785  0.82878  0.01834 B   47 
-1.72207  1.07765 -0.02300 T   47 
-1.86229  0.55069 -0.14687 B   48 
-1.64404  0.47362 -0.27637 D   48 
-1.84627  0.33367  0.11785 B   49 
-1.58745  0.24930  0.12429 B   50 
-1.47321  0.23381 -0.09277 S   50 
-1.25677  0.10359  0.22951 B   51 
-1.37329  0.11562  0.47527 T   51 
-0.94645  0.15218  0.36586 B   52 
-0.87668  0.36179  0.10296 D   52 
-0.66183 -0.08150  0.39833 B   53 
-1.10277 -0.23253  0.51452 Y   53 
-0.38601 -0.05135  0.56247 B   54 
-0.05737  0.04032  0.47287 B   55 
 0.16188 -0.08692  0.57118 I   55 
-0.19887  0.08751  0.15417 B   56 
 0.08615 -0.00672  0.03931 L   56 
-0.49482  0.15279  0.13034 B   57 
-0.54755  0.35545  0.40532 Q   57 
-0.68791 -0.07602  0.04336 B   58 
-0.48635 -0.28074 -0.07299 I   58 
-0.97428 -0.10413 -0.14511 B   59 
-1.14618  0.12762 -0.24287 N   59 
-1.31362 -0.24292 -0.12199 B   60 
-1.40108 -0.16260  0.07405 S   60 
-1.42461 -0.20562 -0.42603 B   61 
-1.71653  0.10879 -0.44916 R   61 
-1.17096 -0.39415 -0.56018 B   62 
-1.26133 -0.06339 -0.86066 W   62 
-0.97007 -0.58075 -0.35289 B   63 
-0.74262 -0.33092 -0.63194 W   63 
-1.16443 -0.62347 -0.09538 B   64 
-1.00620 -0.53145  0.08945 X   64 
-1.36064 -0.77962  0.16463 B   65 
-1.61148 -0.92644  0.10343 N   65 
-1.61128 -0.62552  0.41364 B   66 
-1.56873 -0.36839  0.34477 D   66 
-1.93923 -0.66129  0.37483 B   67 
-2.00043 -0.31182  0.29936 B   68 
-1.80912 -0.06888  0.65842 R   68 
-1.95201 -0.30584 -0.03892 B   69 
-1.73405 -0.18034  0.00553 T   69 
-2.12014 -0.23332 -0.28787 B   70 
-2.25634 -0.12590 -0.16265 P   70 
-1.99466 -0.35034 -0.58090 B   71 
-1.76756 -0.53455 -0.51836 B   72 
-1.73529 -0.53615 -0.28294 S   72 
-1.46035 -0.73859 -0.61693 B   73 
-1.51474 -0.70337 -0.96832 R   73 
-1.20660 -0.88198 -0.48957 B   74 
-1.22189 -1.02360 -0.24943 N   74 
-0.92068 -0.91596 -0.65717 B   75 
-1.01203 -0.71091 -0.89036 L   75 
-0.73842 -1.03497 -0.40572 B   76 
-0.56951 -0.77428 -0.40822 X   76 
-0.89568 -1.24020 -0.25373 B   77 
-0.99628 -1.47425 -0.35140 N   77 
-0.97875 -1.07797  0.03385 B   78 
-0.69055 -1.10284  0.08874 I   78 
-1.00475 -0.99354  0.33843 B   79 
-1.03595 -1.18614  0.41333 P   79 
-0.95600 -0.68404  0.45542 B   80 
-1.15462 -0.51961  0.27298 X   80 
-0.83474 -0.78000  0.73288 B   81 
-1.00921 -0.92337  0.81330 S   81 
-0.56831 -0.89622  0.61464 B   82 
-0.62807 -1.06146  0.49871 A   82 
-0.46403 -0.58803  0.57043 B   83 
-0.55713 -0.56207  0.25772 L   83 
-0.41023 -0.56709  0.91114 B   84 
-0.69171 -0.39796  0.89071 L   84 
-0.18348 -0.72753  0.95545 B   85 
-0.16971 -0.98630  0.95375 S   85 
 0.14793 -0.77288  1.05521 B   86 
 0.14723 -0.87094  1.27371 S   86 
 0.13705 -0.93460  0.79524 B   87 
 0.22930 -1.20240  0.72294 D   87 
 0.21308 -0.79751  0.47053 B   88 
 0.39441 -0.60553  0.51470 I   88 
 0.16452 -1.00731  0.24754 B   89 
 0.27679 -1.23543  0.32385 T   89 
-0.12004 -0.92819  0.14998 B   90 
-0.25792 -1.00737  0.29818 A   90 
-0.06121 -0.63213  0.07217 B   91 
-0.12438 -0.50434  0.30669 S   91 
 0.16298 -0.68936 -0.12841 B   92 
 0.39727 -0.71539 -0.01373 V   92 
 0.01634 -0.87260 -0.32612 B   93 
 0.11575 -1.16964 -0.20336 N   93 
-0.19927 -0.65817 -0.38118 B   94 
-0.45627 -0.62703 -0.26212 X   94 
-0.01707 -0.42463 -0.46901 B   95 
 0.07373 -0.34904 -0.28906 A   95 
 0.10113 -0.56665 -0.71655 B   96 
 0.43731 -0.83213 -0.53378 K   96 
-0.17375 -0.56057 -0.86327 B   97 
-0.36962 -0.88263 -0.78425 K   97 
-0.22863 -0.25681 -0.85873 B   98 
-0.36151 -0.19486 -0.58544 I   98 
 0.03566 -0.15357 -1.00858 B   99 
 0.23639 -0.14633 -0.89251 V   99 
-0.04953 -0.34836 -1.26709 B   100 
 0.11034 -0.53325 -1.17176 S   100 
-0.32707 -0.20276 -1.37140 B   101 
-0.57408 -0.19447 -1.24366 D   101 
-0.18984  0.09513 -1.52914 B   102 
-0.13632  0.35602 -1.31392 B   103 
-0.43745  0.43914 -1.40154 N   103 
 0.02517  0.25349 -1.11282 B   104 
 0.09284  0.45333 -0.82909 B   105 
 0.41389  0.33971 -0.63462 M   105 
-0.16257  0.64090 -0.88369 B   106 
-0.00263  0.79191 -1.13064 N   106 
-0.35448  0.47014 -0.70286 B   107 
-0.34477  0.28047 -0.79042 A   107 
-0.19885  0.64531 -0.48940 B   108 
-0.09463  0.20128 -0.38833 W   108 
-0.28064  0.94793 -0.38061 B   109 
-0.53376  0.98636 -0.38326 V   109 
-0.04177  1.00038 -0.18525 B   110 
-0.10110  0.91556  0.00256 A   110 
 0.17943  0.94435 -0.38693 B   111 
 0.38010  0.73268 -0.64486 W   111 
 0.10305  1.15126 -0.60486 B   112 
-0.26630  1.19477 -0.80489 R   112 
 0.08012  1.40947 -0.39533 B   113 
-0.23640  1.44102 -0.45949 N   113 
 0.37056  1.31986 -0.21014 B   114 
 0.10823  1.39141  0.21228 R   114 
 0.58566  1.13809 -0.39932 B   115 
 0.49930  0.93193 -0.17210 X   115 
 0.57500  1.22467 -0.67257 B   116 
 0.34343  1.11117 -1.03530 K   116 
 0.87690  1.37705 -0.78164 B   117 
 1.04008  1.29363 -0.54627 B   118 
 0.87101  1.35148 -0.35797 T   118 
 1.28157  1.19987 -0.30187 B   119 
 1.56622  1.23364 -0.29620 D   119 
 1.23088  0.87058 -0.22812 B   120 
 1.05497  0.82881 -0.40067 V   120 
 1.50988  0.77864 -0.11956 B   121 
 1.74309  0.80080 -0.46404 Q   121 
 1.47533  0.90970  0.16442 B   122 
 1.46175  1.11283  0.12567 A   122 
 1.30001  0.65740  0.27553 B   123 
 0.95168  0.90655  0.28621 W   123 
 1.59005  0.46928  0.28845 B   124 
 1.52153  0.32325  0.07339 I   124 
 1.76289  0.60471  0.46459 B   125 
 1.85008  0.97806  0.11619 R   125 
 1.97083  0.41948  0.68382 B   126 
 1.90908  0.15373  0.55389 B   127 
 1.59585  0.21900  0.59869 X   127 
 1.96277 -0.20659  0.57062 B   128 
 2.34417 -0.33076  0.51076 R   128 
 2.00554 -0.33501  0.21888 B   129 
 1.77052 -0.22452  0.22565 L   129 
