246 
 0.74623  0.36736  1.04647 B   1 
 0.61590  0.08738  1.33084 K   1 
 0.95713  0.07779  1.03982 B   2 
 1.15487  0.16392  0.89613 V   2 
 0.89308 -0.21733  0.93035 B   3 
 0.47354 -0.16595  1.02657 F   3 
 0.88799 -0.53311  0.94677 B   4 
 0.81160 -0.79100  0.77235 B   5 
 1.01711 -1.10640  0.55352 R   5 
 0.66356 -0.97595  0.98626 B   6 
 0.84734 -1.22973  0.97248 X   6 
 0.51592 -0.73205  1.11006 B   7 
 0.66743 -0.44695  1.32953 E   7 
 0.34974 -0.64642  0.86353 B   8 
 0.41216 -0.42590  0.65961 L   8 
 0.21203 -0.91227  0.80189 B   9 
 0.36478 -1.04299  0.71982 A   9 
 0.05796 -0.92594  1.06564 B   10 
 0.20481 -0.97849  1.21893 A   10 
-0.09993 -0.66113  1.03262 B   11 
 0.03355 -0.50288  1.09662 A   11 
-0.22392 -0.72244  0.75545 B   12 
 0.05822 -0.56785  0.47069 M   12 
-0.37351 -0.96844  0.85325 B   13 
-0.25655 -1.38348  0.90087 K   13 
-0.54365 -0.85566  1.08001 B   14 
-0.42456 -0.56484  1.40839 R   14 
-0.66844 -0.64627  0.85781 B   15 
-0.50192 -0.34932  1.04670 H   15 
-0.74126 -0.86085  0.60456 B   16 
-0.53215 -0.89431  0.34215 B   17 
-0.43111 -0.58615  0.33375 L   17 
-0.53950 -1.18451  0.32526 B   18 
-0.35223 -1.41832  0.39318 D   18 
-0.68703 -1.25417  0.02670 B   19 
-0.58986 -1.54293  0.13061 N   19 
-0.75888 -0.99286 -0.07539 B   20 
-1.00065 -0.65350  0.07156 Y   20 
-0.90376 -1.01791 -0.36713 B   21 
-1.26582 -0.71073 -0.35656 R   21 
-0.68208 -1.27391 -0.40217 B   22 
-0.43384 -1.15779 -0.22924 B   23 
-0.44160 -0.90062 -0.62308 Y   23 
-0.18002 -1.25978 -0.09753 B   24 
-0.06983 -1.45311 -0.17088 S   24 
 0.01616 -1.15013  0.14930 B   25 
-0.01236 -1.17433  0.46100 L   25 
 0.28507 -1.13918 -0.01908 B   26 
 0.19535 -0.91050 -0.20704 B   27 
 0.04993 -1.10750 -0.43931 N   27 
 0.16733 -0.68676  0.00282 B   28 
-0.27611 -0.65705 -0.03597 W   28 
 0.45495 -0.70129  0.11131 B   29 
 0.47961 -0.86825  0.30904 V   29 
 0.59487 -0.65810 -0.15710 B   30 
 0.66411 -0.82622 -0.36667 X   30 
 0.47745 -0.38069 -0.21636 B   31 
 0.27214 -0.41520 -0.28349 A   31 
 0.57216 -0.23069  0.03712 B   32 
 0.44218 -0.29121  0.19761 A   32 
 0.87110 -0.27539 -0.01443 B   33 
 1.16001 -0.44567  0.04831 K   33 
 0.87637 -0.12324 -0.31487 B   34 
 1.04474 -0.47608 -0.44204 F   34 
 0.72595  0.14519 -0.22670 B   35 
 0.44892  0.09578 -0.43812 E   35 
 0.85659  0.19834  0.09997 B   36 
 0.65778  0.19442  0.19788 S   36 
 1.02545 -0.00256  0.26913 B   37 
 1.30584 -0.01953  0.21111 N   37 
 0.82853 -0.00668  0.52839 B   38 
 0.89384 -0.40411  0.43583 F   38 
 0.75724  0.31637  0.52501 B   39 
 0.97226  0.50771  0.61176 N   39 
 0.50958  0.52447  0.64983 B   40 
 0.44833  0.41537  0.86543 T   40 
 0.67161  0.81188  0.57155 B   41 
 0.78267  0.92606  0.93762 Q   41 
 0.65757  0.78225  0.27718 B   42 
 0.77474  0.61688  0.21703 A   42 
 0.73281  1.02468  0.01468 B   43 
 0.64154  1.19225  0.16793 T   43 
 0.62099  1.10213 -0.33437 B   44 
 0.84992  0.85604 -0.30292 N   44 
 0.66622  1.28560 -0.60127 B   45 
 0.49931  1.75925 -0.53161 R   45 
 0.48000  1.36352 -0.88275 B   46 
 0.33484  1.06999 -0.78227 N   46 
 0.46303  1.48295 -1.19768 B   47 
 0.61541  1.36697 -1.37115 T   47 
 0.14328  1.56679 -1.14786 B   48 
 0.01503  1.33979 -1.09922 D   48 
 0.17530  1.67962 -0.82587 B   49 
 0.14004  1.45911 -0.67006 B   50 
-0.01376  1.28840 -0.75727 S   50 
 0.13586  1.21558 -0.38313 B   51 
 0.30709  1.39811 -0.27598 T   51 
 0.28995  0.96061 -0.21432 B   52 
 0.26064  0.77035 -0.49868 D   52 
 0.16878  0.75512  0.06810 B   53 
 0.10818  1.23141  0.08260 Y   53 
 0.32649  0.54465  0.25452 B   54 
 0.35471  0.19302  0.25583 B   55 
 0.35011  0.04681  0.48502 I   55 
 0.15443  0.21462 -0.03269 B   56 
 0.02943 -0.06617  0.06139 L   56 
 0.16105  0.46803 -0.20047 B   57 
 0.49320  0.56128 -0.17931 Q   57 
-0.07748  0.66695 -0.17335 B   58 
-0.28859  0.48586 -0.03654 I   58 
-0.25159  0.87917 -0.38065 B   59 
-0.16861  0.96010 -0.66239 N   59 
-0.36060  1.22959 -0.39694 B   60 
-0.17330  1.35553 -0.35701 S   60 
-0.55528  1.22954 -0.65819 B   61 
-0.37075  1.42808 -0.99157 R   61 
-0.76324  0.99124 -0.52461 B   62 
-0.74521  0.91268 -0.97334 W   62 
-0.73529  0.90843 -0.19219 B   63 
-0.73498  0.55865 -0.45613 W   63 
-0.60085  1.17809 -0.06921 B   64 
-0.39389  1.07034  0.04577 X   64 
-0.54545  1.47363  0.13097 B   65 
-0.71219  1.71726  0.09834 N   65 
-0.28143  1.75222  0.09548 B   66 
-0.14346  1.63819 -0.10609 D   66 
-0.35961  2.05144 -0.02571 B   67 
-0.16872  2.01248 -0.33168 B   68 
 0.26990  1.89755 -0.19405 R   68 
-0.39715  1.86038 -0.53541 B   69 
-0.25983  1.64638 -0.51127 T   69 
-0.53274  1.92329 -0.80588 B   70 
-0.37950  2.06664 -0.84758 P   70 
-0.81095  1.73929 -0.86955 B   71 
-0.88043  1.58634 -0.62216 B   72 
-0.71449  1.63051 -0.45790 S   72 
-1.07036  1.31274 -0.43563 B   73 
-1.29520  1.24581 -0.70515 R   73 
-1.06345  1.14698 -0.16425 B   74 
-0.99745  1.26559  0.07974 N   74 
-1.18241  0.83643 -0.14426 B   75 
-1.20678  0.80577 -0.46556 L   75 
-1.07701  0.77079  0.16428 B   76 
-0.88024  0.55968  0.04932 X   76 
-1.12894  1.00650  0.34229 B   77 
-1.37145  1.11741  0.39999 N   77 
-0.81909  1.14015  0.38761 B   78 
-0.77589  0.89532  0.54533 I   78 
-0.54821  1.24228  0.51709 B   79 
-0.63521  1.33437  0.68331 P   79 
-0.24262  1.16993  0.40206 B   80 
-0.26878  1.26299  0.10135 X   80 
-0.10742  1.16424  0.68943 B   81 
-0.16676  1.38073  0.77354 S   81 
-0.25186  0.90417  0.78931 B   82 
-0.45503  0.95732  0.80398 A   82 
-0.05554  0.73011  0.59190 B   83 
-0.26294  0.71309  0.33926 L   83 
 0.20170  0.78266  0.81658 B   84 
 0.28565  1.00233  0.58647 L   84 
 0.13634  0.61943  1.03613 B   85 
-0.04772  0.65949  1.21410 S   85 
 0.19973  0.35282  1.25233 B   86 
 0.28270  0.44214  1.45847 S   86 
-0.09779  0.31480  1.18996 B   87 
-0.33149  0.26183  1.35740 D   87 
-0.22137  0.11431  0.91693 B   88 
-0.03986 -0.07951  0.88274 I   88 
-0.53017  0.13272  0.89684 B   89 
-0.63021  0.09959  1.14048 T   89 
-0.56436  0.34963  0.67654 B   90 
-0.52782  0.54020  0.77447 A   90 
-0.40368  0.20969  0.44901 B   91 
-0.15385  0.31537  0.49067 S   91 
-0.56706 -0.04918  0.44079 B   92 
-0.48709 -0.22507  0.61796 V   92 
-0.84697  0.06258  0.38312 B   93 
-0.96454  0.07013  0.69825 N   93 
-0.74988  0.20100  0.12444 B   94 
-0.66460  0.47011  0.08576 X   94 
-0.63102 -0.04357 -0.02223 B   95 
-0.44440 -0.08695  0.07594 A   95 
-0.89576 -0.20142 -0.04250 B   96 
-0.93046 -0.40106  0.37683 K   96 
-1.01548  0.00617 -0.24174 B   97 
-1.20448  0.27890 -0.04622 K   97 
-0.80066 -0.00415 -0.46322 B   98 
-0.57598  0.19188 -0.37793 I   98 
-0.81136 -0.31739 -0.53202 B   99 
-0.70940 -0.46859 -0.38864 V   99 
-1.13718 -0.27925 -0.59847 B   100 
-1.18949 -0.35946 -0.35421 S   100 
-1.12828 -0.08466 -0.86524 B   101 
-1.05240  0.18262 -0.87931 D   101 
-1.01605 -0.32272 -1.11662 B   102 
-0.67599 -0.35869 -1.13407 B   103 
-0.70168 -0.12413 -1.35675 N   103 
-0.59568 -0.42425 -0.87660 B   104 
-0.25001 -0.43929 -0.80376 B   105 
-0.16976 -0.65254 -0.48458 M   105 
-0.17480 -0.25830 -1.05869 B   106 
-0.22758 -0.51507 -1.26031 N   106 
-0.18479  0.01147 -0.89802 B   107 
-0.38007  0.01413 -0.82319 A   107 
 0.10110 -0.10204 -0.82148 B   108 
-0.13575 -0.07544 -0.41970 W   108 
 0.38587 -0.05453 -0.98505 B   109 
 0.39156  0.17136 -1.10545 V   109 
 0.57837 -0.22557 -0.80711 B   110 
 0.64472 -0.09424 -0.65110 A   110 
 0.41486 -0.48226 -0.81794 B   111 
 0.09978 -0.70544 -0.76780 W   111 
 0.40364 -0.52239 -1.12519 B   112 
 0.26589 -0.25164 -1.41852 R   112 
 0.73186 -0.48873 -1.17254 B   113 
 0.68471 -0.22192 -1.35111 N   113 
 0.82030 -0.68147 -0.88669 B   114 
 1.14593 -0.32070 -0.75948 R   114 
 0.57566 -0.90266 -0.80717 B   115 
 0.58119 -0.70891 -0.55415 X   115 
 0.44537 -0.99624 -1.04496 B   116 
 0.09305 -0.87181 -1.28676 K   116 
 0.50104 -1.34169 -1.10680 B   117 
 0.61902 -1.40202 -0.83953 B   118 
 0.77855 -1.19822 -0.81941 T   118 
 0.74208 -1.52998 -0.53079 B   119 
 0.79228 -1.79903 -0.44544 D   119 
 0.55559 -1.39199 -0.28054 B   120 
 0.39153 -1.27437 -0.42791 V   120 
 0.58791 -1.59765 -0.04659 B   121 
 0.38110 -1.92633 -0.19739 Q   121 
 0.87687 -1.50367  0.03516 B   122 
 0.99312 -1.54511 -0.13132 A   122 
 0.76149 -1.25432  0.21194 B   123 
 0.91884 -0.97945 -0.07651 W   123 
 0.65946 -1.48036  0.45314 B   124 
 0.39998 -1.45412  0.38795 I   124 
 0.89235 -1.61332  0.53871 B   125 
 0.92104 -1.88028  0.09566 R   125 
 0.93017 -1.69920  0.88047 B   126 
 0.64562 -1.62788  0.95299 B   127 
 0.69885 -1.33693  0.82300 X   127 
 0.40537 -1.59812  1.22573 B   128 
 0.30507 -1.94484  1.41066 R   128 
 0.07157 -1.72150  1.10167 B   129 
 0.13647 -1.52429  0.94551 L   129 
