246 
-0.85621 -0.20646  1.00558 B   1 
-0.73551 -0.58991  1.12656 K   1 
-0.60961 -0.18202  1.26436 B   2 
-0.62918  0.06850  1.32781 V   2 
-0.29457 -0.24321  1.25079 B   3 
-0.36158 -0.53857  0.94065 F   3 
-0.02364 -0.37004  1.35337 B   4 
 0.28973 -0.37748  1.28626 B   5 
 0.65891 -0.20948  1.44464 R   5 
 0.36070 -0.68579  1.32856 B   6 
 0.58061 -0.65914  1.55060 X   6 
 0.09589 -0.77583  1.19299 B   7 
-0.26679 -0.74833  1.33480 E   7 
 0.14530 -0.66065  0.91010 B   8 
 0.04307 -0.39665  0.79194 L   8 
 0.41622 -0.78925  0.85092 B   9 
 0.56142 -0.68683  0.97576 A   9 
 0.31318 -1.07700  0.85925 B   10 
 0.27941 -1.12317  1.07033 A   10 
 0.10406 -1.05038  0.63187 B   11 
-0.07289 -0.96407  0.72240 A   11 
 0.29500 -0.94031  0.41419 B   12 
 0.27654 -0.51308  0.45570 M   12 
 0.47432 -1.18586  0.41736 B   13 
 0.81129 -1.30009  0.66556 K   13 
 0.27805 -1.41097  0.35496 B   14 
-0.13894 -1.48021  0.52205 R   14 
 0.20466 -1.24587  0.07901 B   15 
-0.15497 -1.18303  0.21433 H   15 
 0.51662 -1.17802 -0.03740 B   16 
 0.65752 -0.87607  0.01442 B   17 
 0.38419 -0.70228 -0.00381 L   17 
 0.92165 -0.97069  0.09085 B   18 
 1.08543 -0.99495  0.34956 D   18 
 1.13129 -0.86150 -0.15386 B   19 
 1.33167 -0.98381  0.06640 N   19 
 0.95285 -0.73558 -0.34405 B   20 
 0.59829 -0.86330 -0.57467 Y   20 
 1.11983 -0.61406 -0.59718 B   21 
 0.86430 -0.72266 -0.98250 R   21 
 1.34954 -0.55064 -0.35405 B   22 
 1.15224 -0.49280 -0.10357 B   23 
 1.11070 -0.11697 -0.38344 Y   23 
 1.16621 -0.47871  0.19938 B   24 
 1.36488 -0.42950  0.31345 S   24 
 0.94286 -0.50758  0.44578 B   25 
 0.81960 -0.76160  0.58306 L   25 
 0.99718 -0.22435  0.57851 B   26 
 0.88876 -0.05727  0.34186 B   27 
 1.17944 -0.04063  0.17118 N   27 
 0.59469 -0.14839  0.35210 B   28 
 0.61143 -0.36611 -0.03693 W   28 
 0.54056 -0.06670  0.64382 B   29 
 0.59363 -0.25677  0.81306 V   29 
 0.62057  0.22674  0.61248 B   30 
 0.86318  0.36120  0.61853 X   30 
 0.41039  0.30052  0.40121 B   31 
 0.48375  0.21873  0.21205 A   31 
 0.15401  0.22230  0.55572 B   32 
 0.13934  0.00774  0.54763 A   32 
 0.20091  0.41740  0.78757 B   33 
 0.30547  0.47829  1.10658 K   33 
 0.20741  0.69498  0.59693 B   34 
 0.56866  0.76092  0.78177 F   34 
-0.06216  0.63820  0.43395 B   35 
 0.09600  0.61559  0.12032 E   35 
-0.26949  0.49274  0.68386 B   36 
-0.30087  0.30434  0.57139 S   36 
-0.18116  0.39512  0.96698 B   37 
-0.15464  0.59405  1.17191 N   37 
-0.28813  0.08923  0.93526 B   38 
 0.10194  0.05429  1.06717 F   38 
-0.56732  0.16485  0.77466 B   39 
-0.78865  0.29338  0.93234 N   39 
-0.79548  0.00348  0.56941 B   40 
-0.79701 -0.22897  0.65944 T   40 
-1.02114  0.25656  0.57301 B   41 
-1.29966  0.09243  0.80725 Q   41 
-0.85619  0.45413  0.42644 B   42 
-0.68875  0.50758  0.54391 A   42 
-0.95097  0.77634  0.28311 B   43 
-1.16545  0.67029  0.23168 T   43 
-0.84930  0.99539 -0.00328 B   44 
-0.65990  1.01769  0.27527 N   44 
-0.88838  1.28257 -0.15475 B   45 
-1.32923  1.30250 -0.40436 R   45 
-0.81467  1.40908 -0.46866 B   46 
-0.59496  1.14730 -0.44573 N   46 
-0.77129  1.67285 -0.67428 B   47 
-0.59622  1.84741 -0.59918 T   47 
-0.85072  1.48083 -0.93614 B   48 
-0.66629  1.29047 -0.94567 D   48 
-1.10297  1.30284 -0.78740 B   49 
-0.97970  1.08990 -0.67073 B   50 
-0.77975  1.00446 -0.78529 S   50 
-0.89937  0.79051 -0.45728 B   51 
-1.12007  0.87558 -0.32247 T   51 
-0.76240  0.66545 -0.16945 B   52 
-0.45970  0.78995 -0.27333 D   52 
-0.70695  0.31510 -0.06526 B   53 
-1.13020  0.43803 -0.25628 Y   53 
-0.61765  0.19497  0.22025 B   54 
-0.30990  0.08582  0.35372 B   55 
-0.28825 -0.13695  0.50810 I   55 
-0.18246  0.18942  0.04252 B   56 
 0.02789 -0.05148  0.07473 L   56 
-0.32752  0.40622 -0.11359 B   57 
-0.43816  0.61600  0.13783 Q   57 
-0.50226  0.31864 -0.35648 B   58 
-0.39502  0.03181 -0.40451 I   58 
-0.58239  0.44524 -0.66611 B   59 
-0.52623  0.72887 -0.76212 N   59 
-0.87755  0.51819 -0.87228 B   60 
-1.01773  0.64189 -0.73969 S   60 
-0.74413  0.59733 -1.15878 B   61 
-0.77308  1.01932 -1.23427 R   61 
-0.58512  0.29444 -1.18796 B   62 
-0.30644  0.60663 -1.36887 W   62 
-0.66958  0.03715 -0.97628 B   63 
-0.23750  0.10732 -0.99620 W   63 
-0.97245  0.12015 -0.89085 B   64 
-0.94294  0.11737 -0.63242 X   64 
-1.32992  0.10987 -0.83993 B   65 
-1.52006  0.12357 -1.06771 N   65 
-1.57357  0.38744 -0.72963 B   66 
-1.38622  0.57498 -0.68066 D   66 
-1.77612  0.53715 -0.94619 B   67 
-1.60894  0.85859 -0.92883 B   68 
-1.59664  0.97074 -0.46860 R   68 
-1.36658  0.82210 -1.16705 B   69 
-1.19693  0.80809 -0.97663 T   69 
-1.28763  0.96453 -1.42969 B   70 
-1.40297  1.13463 -1.37029 P   70 
-1.08006  0.78506 -1.62973 B   71 
-1.05739  0.50898 -1.51710 B   72 
-1.18261  0.50005 -1.31534 S   72 
-0.89310  0.16513 -1.49461 B   73 
-0.69516  0.20921 -1.78880 R   73 
-0.87465 -0.08888 -1.30405 B   74 
-1.09730 -0.18787 -1.16774 N   74 
-0.60365 -0.28241 -1.29397 B   75 
-0.42459 -0.07140 -1.46183 L   75 
-0.69637 -0.47123 -1.03636 B   76 
-0.46735 -0.34765 -0.86673 X   76 
-0.98473 -0.54857 -1.06494 B   77 
-1.09601 -0.69208 -1.26856 N   77 
-1.14107 -0.35514 -0.83243 B   78 
-1.00164 -0.53267 -0.64341 I   78 
-1.30693 -0.25724 -0.58048 B   79 
-1.46120 -0.39708 -0.59848 P   79 
-1.20626 -0.02146 -0.36571 B   80 
-1.14580  0.21721 -0.56359 X   80 
-1.34355 -0.15626 -0.11298 B   81 
-1.57051 -0.17573 -0.18764 S   81 
-1.15310 -0.40533 -0.10021 B   82 
-1.19549 -0.51491 -0.27489 A   82 
-0.91804 -0.20833  0.01704 B   83 
-0.77299 -0.14888 -0.27029 L   83 
-1.08409 -0.20580  0.32009 B   84 
-1.17447  0.08959  0.20685 L   84 
-1.03952 -0.46270  0.42563 B   85 
-1.14802 -0.68578  0.35069 S   85 
-0.90944 -0.67920  0.66656 B   86 
-1.08948 -0.75093  0.80727 S   86 
-0.83008 -0.81910  0.40582 B   87 
-0.84889 -1.09614  0.31441 D   87 
-0.51843 -0.76112  0.23401 B   88 
-0.34167 -0.69956  0.42546 I   88 
-0.50801 -0.91862 -0.03279 B   89 
-0.58749 -1.16722  0.01570 T   89 
-0.59398 -0.69980 -0.23645 B   90 
-0.80992 -0.68310 -0.21824 A   90 
-0.37288 -0.48923 -0.17363 B   91 
-0.49951 -0.33776  0.01700 S   91 
-0.13173 -0.66946 -0.22967 B   92 
-0.06424 -0.81557 -0.02275 V   92 
-0.18759 -0.74957 -0.52058 B   93 
-0.33547 -1.04641 -0.46399 N   93 
-0.19370 -0.45436 -0.61175 B   94 
-0.41752 -0.28128 -0.64545 X   94 
 0.08403 -0.36443 -0.51060 B   95 
 0.06582 -0.34385 -0.29708 A   95 
 0.24744 -0.55871 -0.68657 B   96 
 0.22869 -0.95748 -0.44670 K   96 
 0.16458 -0.40818 -0.94655 B   97 
-0.15697 -0.56462 -1.08961 K   97 
 0.26556 -0.12480 -0.87723 B   98 
 0.04024  0.01205 -0.71388 I   98 
 0.57453 -0.19139 -0.82181 B   99 
 0.63488 -0.29121 -0.62129 V   99 
 0.59025 -0.31772 -1.13136 B   100 
 0.54932 -0.55580 -1.02903 S   100 
 0.54335 -0.04772 -1.31580 B   101 
 0.31011  0.10119 -1.34449 D   101 
 0.86480  0.11757 -1.27343 B   102 
 0.88573  0.31453 -0.99413 B   103 
 0.78484  0.54627 -1.19756 N   103 
 0.81829  0.14872 -0.78201 B   104 
 0.77810  0.29002 -0.46039 B   105 
 0.81191  0.02654 -0.17190 M   105 
 0.73393  0.58488 -0.58083 B   106 
 1.05775  0.61148 -0.64243 N   106 
 0.42135  0.55662 -0.59443 B   107 
 0.39480  0.38956 -0.71741 A   107 
 0.46956  0.62573 -0.28886 B   108 
 0.27090  0.20294 -0.29274 W   108 
 0.48850  0.92756 -0.15229 B   109 
 0.34554  1.09927 -0.27733 V   109 
 0.54508  0.84775  0.14503 B   110 
 0.35245  0.81809  0.23449 A   110 
 0.78554  0.67014  0.08692 B   111 
 0.97633  0.37187 -0.07505 W   111 
 0.96563  0.87510 -0.06039 B   112 
 0.87223  1.10666 -0.40095 R   112 
 0.93985  1.11181  0.17285 B   113 
 0.79105  1.31014 -0.03647 N   113 
 0.97075  0.88482  0.44525 B   114 
 0.57493  1.10767  0.65980 R   114 
 1.14207  0.60645  0.35438 B   115 
 0.85233  0.49244  0.42245 X   115 
 1.34335  0.67252  0.16098 B   116 
 1.36672  0.69021 -0.28311 K   116 
 1.67374  0.62785  0.28388 B   117 
 1.59499  0.47849  0.52981 B   118 
 1.39701  0.62824  0.60577 T   118 
 1.55612  0.27767  0.82135 B   119 
 1.75045  0.14877  0.98814 D   119 
 1.32754  0.03477  0.74930 B   120 
 1.30213  0.08968  0.50680 V   120 
 1.39730 -0.19118  0.95462 B   121 
 1.76927 -0.31655  0.81513 Q   121 
 1.26000 -0.05064  1.20042 B   122 
 1.36812  0.12426  1.22626 A   122 
 0.96375 -0.15898  1.11536 B   123 
 0.84795  0.24131  1.01597 W   123 
 1.05556 -0.47524  1.22132 B   124 
 1.07748 -0.56830  0.97006 I   124 
 1.11964 -0.45033  1.49429 B   125 
 1.56112 -0.20287  1.38371 R   125 
 1.03295 -0.70986  1.71955 B   126 
 0.95195 -0.90261  1.50137 B   127 
 0.75348 -0.67329  1.38999 X   127 
 0.81121 -1.23148  1.43043 B   128 
 1.03569 -1.54815  1.54791 R   128 
 0.99677 -1.37730  1.13659 B   129 
 0.89255 -1.15520  1.05116 L   129 
