246 
 1.06678  0.78107  0.19704 B   1 
 1.26528  0.72708 -0.16891 K   1 
 0.96609  1.03379 -0.03613 B   2 
 0.84291  1.19942  0.12060 V   2 
 0.78005  1.00694 -0.29660 B   3 
 0.90909  0.59668 -0.35096 F   3 
 0.70536  1.05416 -0.60025 B   4 
 0.46855  1.00258 -0.81006 B   5 
 0.15780  1.23240 -1.01060 R   5 
 0.62788  0.90876 -1.07024 B   6 
 0.53209  1.12840 -1.27261 X   6 
 0.82415  0.73746 -0.90069 B   7 
 1.10788  0.86307 -0.66378 E   7 
 0.62176  0.53533 -0.78274 B   8 
 0.48673  0.54042 -0.50734 L   8 
 0.49378  0.43638 -1.04211 B   9 
 0.36964  0.59885 -1.11525 A   9 
 0.75027  0.31433 -1.15525 B   10 
 0.87401  0.48263 -1.21998 A   10 
 0.80310  0.11355 -0.92495 B   11 
 0.90267  0.22583 -0.76863 A   11 
 0.52698 -0.02678 -0.92970 B   12 
 0.28405  0.19629 -0.65435 M   12 
 0.55782 -0.12424 -1.21607 B   13 
 0.47799  0.06191 -1.59971 K   13 
 0.81611 -0.28609 -1.20260 B   14 
 1.20736 -0.18206 -0.99599 R   14 
 0.67031 -0.46490 -0.96688 B   15 
 0.92741 -0.32959 -0.70768 H   15 
 0.37036 -0.52799 -1.11359 B   16 
 0.09868 -0.34423 -1.03528 B   17 
 0.17377 -0.29523 -0.72351 L   17 
-0.00040 -0.30672 -1.30608 B   18 
-0.01250 -0.07849 -1.51128 D   18 
-0.29813 -0.47102 -1.31717 B   19 
-0.28681 -0.31874 -1.60056 N   19 
-0.31694 -0.59385 -1.05559 B   20 
-0.06613 -0.87047 -0.81939 Y   20 
-0.59547 -0.76197 -1.02592 B   21 
-0.47796 -1.16552 -0.80479 R   21 
-0.71424 -0.50695 -1.21766 B   22 
-0.52867 -0.26409 -1.10996 B   23 
-0.83110 -0.35324 -0.76082 Y   23 
-0.44544  0.01492 -1.19596 B   24 
-0.57695  0.14653 -1.33838 S   24 
-0.18829  0.21527 -1.12408 B   25 
 0.10440  0.22309 -1.23736 L   25 
-0.36045  0.46027 -1.01862 B   26 
-0.46980  0.31631 -0.76764 B   27 
-0.74080  0.18127 -0.91673 N   27 
-0.20336  0.27450 -0.61883 B   28 
-0.20841 -0.16959 -0.66109 W   28 
-0.11901  0.57032 -0.60971 B   29 
 0.02085  0.64152 -0.81695 V   29 
-0.37075  0.67327 -0.46999 B   30 
-0.62313  0.74668 -0.55884 X   30 
-0.34156  0.50751 -0.21324 B   31 
-0.40478  0.30459 -0.26495 A   31 
-0.06107  0.60246 -0.12359 B   32 
 0.08195  0.50098 -0.24834 A   32 
-0.13906  0.89782 -0.09715 B   33 
-0.14327  1.21516 -0.22239 K   33 
-0.38300  0.84785  0.12965 B   34 
-0.61487  1.05660 -0.13808 F   34 
-0.21363  0.66624  0.33160 B   35 
-0.41533  0.38050  0.29217 E   35 
 0.10714  0.81947  0.31633 B   36 
 0.21020  0.63494  0.24957 S   36 
 0.20229  1.03475  0.11117 B   37 
 0.12706  1.30680  0.16218 N   37 
 0.45952  0.86865  0.00045 B   38 
 0.25341  0.98689 -0.33766 F   38 
 0.55281  0.74660  0.29347 B   39 
 0.67932  0.93597  0.48970 N   39 
 0.74508  0.48293  0.41067 B   40 
 0.92321  0.46236  0.23751 T   40 
 0.74414  0.58799  0.73308 B   41 
 1.12116  0.71626  0.76110 Q   41 
 0.45484  0.54878  0.78301 B   42 
 0.34361  0.68411  0.66466 A   42 
 0.26939  0.55694  1.09748 B   43 
 0.46891  0.45621  1.19717 T   43 
-0.03629  0.39899  1.24564 B   44 
-0.08901  0.66636  1.04641 N   44 
-0.24128  0.38667  1.50014 B   45 
-0.02980  0.15412  1.89795 R   45 
-0.47824  0.16252  1.61670 B   46 
-0.45872  0.07729  1.28551 N   46 
-0.74426  0.09447  1.81249 B   47 
-0.95155  0.24486  1.77820 T   47 
-0.65558 -0.22777  1.81969 B   48 
-0.66744 -0.31236  1.56860 D   48 
-0.31693 -0.18140  1.84407 B   49 
-0.22935 -0.16474  1.58678 B   50 
-0.35362 -0.29735  1.42132 S   50 
-0.02462 -0.10046  1.27757 B   51 
 0.12119  0.04941  1.45191 T   51 
 0.05546  0.10894  1.01875 B   52 
-0.26959  0.08148  0.91145 D   52 
 0.27299  0.05181  0.72534 B   53 
 0.42683 -0.08244  1.16014 Y   53 
 0.38249  0.25944  0.50439 B   54 
 0.28129  0.34356  0.17709 B   55 
 0.45876  0.38594 -0.02450 I   55 
 0.02217  0.11391  0.23981 B   56 
 0.03816  0.04578 -0.07390 L   56 
-0.06589  0.06265  0.52623 B   57 
-0.03650  0.37598  0.66913 Q   57 
 0.02980 -0.20060  0.66314 B   58 
 0.11985 -0.36485  0.41618 I   58 
-0.09830 -0.42674  0.88846 B   59 
-0.34892 -0.38711  1.05707 N   59 
-0.00749 -0.59153  1.20397 B   60 
 0.05694 -0.42371  1.34617 S   60 
-0.24704 -0.80942  1.23980 B   61 
-0.51867 -0.69421  1.55214 R   61 
-0.17667 -0.96176  0.94027 B   62 
-0.62936 -0.97747  0.99205 W   62 
 0.11601 -0.88700  0.77628 B   63 
-0.23688 -0.85775  0.51816 W   63 
 0.30392 -0.78557  1.02187 B   64 
 0.37198 -0.55335  0.92645 X   64 
 0.57729 -0.75797  1.25637 B   65 
 0.62488 -0.96401  1.46494 N   65 
 0.60934 -0.54700  1.57737 B   66 
 0.37650 -0.41395  1.54997 D   66 
 0.58349 -0.68407  1.87883 B   67 
 0.26954 -0.52178  1.96053 B   68 
 0.34492 -0.05865  1.89440 R   68 
 0.04314 -0.74257  1.83088 B   69 
-0.00250 -0.57103  1.64724 T   69 
-0.19030 -0.91348  1.93950 B   70 
-0.19715 -0.79026  2.11424 P   70 
-0.28927 -1.16369  1.73234 B   71 
-0.09289 -1.18207  1.50758 B   72 
 0.06809 -1.00939  1.53468 S   72 
 0.01702 -1.30563  1.16352 B   73 
-0.24805 -1.54328  1.13296 R   73 
 0.22862 -1.24449  0.93404 B   74 
 0.49254 -1.17368  0.99139 N   74 
 0.16488 -1.30953  0.61357 B   75 
-0.14993 -1.36147  0.66801 L   75 
 0.43554 -1.16392  0.48646 B   76 
 0.25455 -0.94873  0.35442 X   76 
 0.67623 -1.23439  0.65093 B   77 
 0.77612 -1.48432  0.69563 N   77 
 0.74151 -0.94694  0.82132 B   78 
 0.81977 -0.84917  0.55485 I   78 
 0.88031 -0.68408  0.93181 B   79 
 1.07035 -0.76719  0.95746 P   79 
 0.73332 -0.38426  0.95071 B   80 
 0.47382 -0.45566  1.11604 X   80 
 0.99936 -0.22117  0.89144 B   81 
 1.14511 -0.30546  1.06207 S   81 
 1.02788 -0.31111  0.59216 B   82 
 1.06794 -0.51758  0.60126 A   82 
 0.77868 -0.11073  0.51757 B   83 
 0.54317 -0.33752  0.53272 L   83 
 0.99502  0.15643  0.55273 B   84 
 0.83355  0.18011  0.83842 L   84 
 1.16160  0.14089  0.32662 B   85 
 1.35308 -0.02799  0.28219 S   85 
 1.28847  0.26796  0.02728 B   86 
 1.50687  0.35625  0.07042 S   86 
 1.23368 -0.02445 -0.04588 B   87 
 1.39101 -0.22825 -0.18433 D   87 
 0.92153 -0.14166 -0.18313 B   88 
 0.82356  0.06407 -0.32371 I   88 
 0.92398 -0.44983 -0.21661 B   89 
 1.15280 -0.51779 -0.33278 T   89 
 0.77737 -0.54070  0.04223 B   90 
 0.92382 -0.52530  0.20210 A   90 
 0.51106 -0.38387  0.00159 B   91 
 0.56800 -0.15124  0.13562 S   91 
 0.43753 -0.50367 -0.27046 B   92 
 0.55224 -0.37885 -0.47042 V   92 
 0.42931 -0.80228 -0.20023 B   93 
 0.73911 -0.88662 -0.30071 N   93 
 0.21649 -0.75563  0.01894 B   94 
 0.25225 -0.71895  0.29923 X   94 
-0.00031 -0.61482 -0.15024 B   95 
 0.07123 -0.41460 -0.18399 A   95 
-0.05098 -0.85155 -0.34210 B   96 
 0.29460 -0.81068 -0.65162 K   96 
-0.17558 -1.02273 -0.11343 B   97 
 0.09974 -1.23190  0.05620 K   97 
-0.40177 -0.83287 -0.02342 B   98 
-0.27583 -0.63492  0.17941 I   98 
-0.55694 -0.80029 -0.30239 B   99 
-0.46863 -0.66129 -0.46578 V   99 
-0.59227 -1.13308 -0.30767 B   100 
-0.37891 -1.14657 -0.45975 S   100 
-0.79202 -1.18283 -0.04934 B   101 
-0.73275 -1.15256  0.22079 D   101 
-1.10674 -1.06031 -0.18495 B   102 
-1.15179 -0.72248 -0.15209 B   103 
-1.29606 -0.80806  0.12563 N   103 
-0.92863 -0.60675 -0.26973 B   104 
-0.88161 -0.25751 -0.24076 B   105 
-0.64182 -0.11188 -0.51478 M   105 
-1.07745 -0.23877  0.01360 B   106 
-1.34121 -0.27014 -0.18341 N   106 
-0.84579 -0.27529  0.22262 B   107 
-0.76311 -0.45976  0.16904 A   107 
-0.82035  0.03140  0.14668 B   108 
-0.41587 -0.16421  0.01872 W   108 
-0.97824  0.28661  0.28824 B   109 
-1.02885  0.24370  0.53553 V   109 
-0.86737  0.52122  0.11319 B   110 
-0.68398  0.58132  0.20668 A   110 
-0.94277  0.40067 -0.15611 B   111 
-0.94218  0.13219 -0.43811 W   111 
-1.24756  0.36459 -0.11206 B   112 
-1.44306  0.15595  0.19869 R   112 
-1.30058  0.67658 -0.00742 B   113 
-1.39226  0.56928  0.28478 N   113 
-1.08721  0.82356 -0.25146 B   114 
-0.87923  1.09854  0.11392 R   114 
-1.06170  0.62693 -0.52674 B   115 
-0.76437  0.62728 -0.41193 X   115 
-1.30908  0.48963 -0.57390 B   116 
-1.48594  0.09904 -0.45458 K   116 
-1.47036  0.59324 -0.87307 B   117 
-1.23832  0.74612 -0.98159 B   118 
-1.16902  0.87218 -0.76550 T   118 
-0.98630  0.91905 -1.16439 B   119 
-0.98458  1.02016 -1.43266 D   119 
-0.69745  0.73952 -1.13652 B   120 
-0.79593  0.54453 -1.01509 V   120 
-0.53445  0.82815 -1.38882 B   121 
-0.76209  0.66227 -1.69575 Q   121 
-0.44460  1.10518 -1.26967 B   122 
-0.62190  1.20889 -1.24207 A   122 
-0.19781  0.97011 -1.10357 B   123 
-0.40312  1.05103 -0.73639 W   123 
-0.02661  0.93084 -1.40161 B   124 
-0.06767  0.66521 -1.40637 I   124 
 0.00470  1.18954 -1.50807 B   125 
-0.49721  1.21503 -1.63383 R   125 
 0.30491  1.27544 -1.67572 B   126 
 0.40983  0.99209 -1.68012 B   127 
 0.36622  0.98447 -1.36009 X   127 
 0.69197  0.77941 -1.77043 B   128 
 0.77462  0.75539 -2.16674 R   128 
 0.55559  0.45873 -1.91396 B   129 
 0.45942  0.47488 -1.67317 L   129 
