246 
-1.12998  0.28437 -0.65512 B   1 
-1.27437 -0.10387 -0.72339 K   1 
-1.34827  0.18555 -0.38874 B   2 
-1.38608  0.41232 -0.26910 V   2 
-1.29836 -0.02836 -0.15437 B   3 
-1.03445 -0.25534 -0.41272 F   3 
-1.37604 -0.27334  0.02993 B   4 
-1.26780 -0.44151  0.28046 B   5 
-1.35476 -0.48204  0.70518 R   5 
-1.33335 -0.74166  0.19390 B   6 
-1.51889 -0.82582  0.43236 X   6 
-1.24602 -0.68693 -0.09934 B   7 
-1.43239 -0.47454 -0.36871 E   7 
-0.94817 -0.62002 -0.04896 B   8 
-0.81705 -0.34379 -0.02424 L   8 
-0.86679 -0.87040  0.10637 B   9 
-0.95860 -0.85361  0.30245 A   9 
-0.92051 -1.06477 -0.12346 B   10 
-1.13799 -1.08211 -0.13855 A   10 
-0.72243 -0.94048 -0.32707 B   11 
-0.82641 -0.77371 -0.41836 A   11 
-0.46993 -0.94873 -0.14783 B   12 
-0.46670 -0.57122  0.05728 M   12 
-0.47524 -1.25127 -0.11787 B   13 
-0.68584 -1.51568  0.15405 K   13 
-0.46529 -1.34587 -0.40777 B   14 
-0.69454 -1.18823 -0.76719 R   14 
-0.18566 -1.17314 -0.43542 B   15 
-0.36136 -0.93210 -0.68566 H   15 
-0.02086 -1.27708 -0.15700 B   16 
-0.01961 -1.08842  0.12248 B   17 
-0.02019 -0.79984 -0.02573 L   17 
-0.06895 -1.30287  0.31257 B   18 
-0.30384 -1.40121  0.48433 D   18 
 0.21264 -1.32208  0.50255 B   19 
 0.00993 -1.52429  0.64967 N   19 
 0.38915 -1.12726  0.38107 B   20 
 0.55363 -1.06133 -0.02366 Y   20 
 0.67453 -1.11427  0.53955 B   21 
 1.00699 -1.08624  0.20155 R   21 
 0.47359 -1.17135  0.80838 B   22 
 0.20623 -1.01480  0.71337 B   23 
 0.51709 -0.67738  0.81740 Y   23 
-0.08858 -1.00255  0.78486 B   24 
-0.16826 -1.05907  0.99783 S   24 
-0.36495 -0.90729  0.62369 B   25 
-0.54472 -1.05924  0.41596 L   25 
-0.45726 -0.68851  0.83441 B   26 
-0.22092 -0.49523  0.78485 B   27 
-0.01119 -0.63360  1.01018 N   27 
-0.28128 -0.42298  0.49155 B   28 
 0.08027 -0.62794  0.32938 W   28 
-0.56699 -0.31812  0.53711 B   29 
-0.74707 -0.50448  0.51651 V   29 
-0.49314 -0.10764  0.74624 B   30 
-0.45115 -0.11596  1.02036 X   30 
-0.30592  0.05809  0.56810 B   31 
-0.11855 -0.05421  0.55662 A   31 
-0.50174  0.12563  0.33828 B   32 
-0.51920 -0.05141  0.21718 A   32 
-0.70228  0.27486  0.51586 B   33 
-0.99536  0.28140  0.69040 K   33 
-0.48341  0.50546  0.62704 B   34 
-0.60864  0.38192  0.99862 F   34 
-0.36612  0.59053  0.34163 B   35 
-0.03812  0.48274  0.41007 E   35 
-0.65647  0.57752  0.13637 B   36 
-0.57060  0.42898 -0.00396 S   36 
-0.93374  0.45530  0.21167 B   37 
-1.11016  0.61759  0.36920 N   37 
-0.95057  0.24640 -0.03750 B   38 
-1.03075  0.02018  0.29891 F   38 
-0.82250  0.45020 -0.26448 B   39 
-0.99407  0.67754 -0.36066 N   39 
-0.66932  0.42323 -0.57438 B   40 
-0.78353  0.22646 -0.67624 T   40 
-0.67620  0.75609 -0.63872 B   41 
-0.96293  0.76305 -0.91642 Q   41 
-0.48771  0.83802 -0.42544 B   42 
-0.57458  0.80119 -0.23625 A   42 
-0.32445  1.15986 -0.36967 B   43 
-0.31481  1.17712 -0.61361 T   43 
-0.00465  1.28922 -0.22363 B   44 
-0.25048  1.21827 -0.00342 N   44 
 0.17046  1.55230 -0.13953 B   45 
 0.35791  1.78874 -0.54697 R   45 
 0.50343  1.61578 -0.06824 B   46 
 0.48242  1.27912 -0.00869 N   46 
 0.74059  1.81530  0.06472 B   47 
 0.70971  1.87760  0.31357 T   47 
 0.96655  1.68462 -0.14414 B   48 
 0.98046  1.42658 -0.08445 D   48 
 0.76609  1.66419 -0.42132 B   49 
 0.64490  1.42104 -0.40291 B   50 
 0.77579  1.24268 -0.29585 S   50 
 0.41310  1.12787 -0.44736 B   51 
 0.25939  1.31700 -0.56869 T   51 
 0.13487  0.95733 -0.34368 B   52 
 0.29225  0.90710 -0.04263 D   52 
 0.00167  0.63048 -0.45367 B   53 
 0.14510  0.94783 -0.78451 Y   53 
-0.28028  0.48848 -0.38839 B   54 
-0.38139  0.24062 -0.15865 B   55 
-0.55471  0.04186 -0.22483 I   55 
-0.04622  0.25702 -0.05275 B   56 
-0.07537 -0.05669  0.01090 L   56 
 0.11123  0.51368 -0.09456 B   57 
-0.12858  0.75651 -0.03993 Q   57 
 0.31684  0.52191 -0.32878 B   58 
 0.34754  0.21951 -0.38951 I   58 
 0.62451  0.66420 -0.38724 B   59 
 0.75768  0.87688 -0.21448 N   59 
 0.79496  0.87278 -0.63702 B   60 
 0.65869  1.05389 -0.67111 S   60 
 1.10396  0.86570 -0.53398 B   61 
 1.22035  1.24125 -0.36071 R   61 
 1.12145  0.52349 -0.55555 B   62 
 1.37185  0.64494 -0.19443 W   62 
 0.87338  0.35068 -0.71908 B   63 
 0.95992  0.18966 -0.32083 W   63 
 0.75679  0.57884 -0.91973 B   64 
 0.50610  0.56758 -0.85122 X   64 
 0.65651  0.75393 -1.21936 B   65 
 0.85618  0.85741 -1.41339 N   65 
 0.54479  1.11959 -1.26820 B   66 
 0.54273  1.18615 -1.00698 D   66 
 0.74654  1.34654 -1.40282 B   67 
 0.78746  1.53769 -1.09727 B   68 
 0.34827  1.63882 -0.95087 R   68 
 1.05125  1.37675 -0.95122 B   69 
 0.88552  1.28258 -0.78122 T   69 
 1.33620  1.45246 -0.85863 B   70 
 1.28046  1.65899 -0.86115 P   70 
 1.54203  1.18737 -0.80695 B   71 
 1.40413  0.94128 -0.90617 B   72 
 1.18734  1.00246 -0.98185 S   72 
 1.36699  0.56243 -0.93475 B   73 
 1.68859  0.49207 -0.79583 R   73 
 1.15420  0.33933 -1.01298 B   74 
 0.97866  0.37135 -1.22773 N   74 
 1.16033  0.03479 -0.87803 B   75 
 1.37318  0.12054 -0.64975 L   75 
 0.87339 -0.07387 -1.00636 B   76 
 0.75128 -0.08066 -0.72081 X   76 
 0.85353  0.00637 -1.29466 B   77 
 1.02308 -0.06494 -1.49618 N   77 
 0.62429  0.25806 -1.29026 B   78 
 0.43794  0.03881 -1.22788 I   78 
 0.36417  0.43299 -1.33831 B   79 
 0.34547  0.39126 -1.54225 P   79 
 0.19226  0.58928 -1.09774 B   80 
 0.42141  0.75869 -0.96150 X   80 
-0.09010  0.54970 -1.23775 B   81 
-0.04985  0.64718 -1.45302 S   81 
-0.10372  0.23867 -1.19844 B   82 
 0.05048  0.16199 -1.31951 A   82 
-0.16542  0.29062 -0.88015 B   83 
 0.14384  0.26066 -0.77724 L   83 
-0.48628  0.38493 -0.96717 B   84 
-0.35496  0.68221 -0.91586 L   84 
-0.61210  0.14397 -1.03945 B   85 
-0.57755  0.00595 -1.25604 S   85 
-0.85509 -0.10274 -0.99547 B   86 
-1.02614 -0.06898 -1.15966 S   86 
-0.60277 -0.26977 -1.04334 B   87 
-0.54559 -0.50038 -1.21365 D   87 
-0.38455 -0.38336 -0.77974 B   88 
-0.54207 -0.41621 -0.56575 I   88 
-0.13763 -0.53042 -0.89594 B   89 
-0.22340 -0.70223 -1.07924 T   89 
 0.07496 -0.30337 -0.89487 B   90 
 0.02924 -0.17821 -1.06659 A   90 
 0.06642 -0.23394 -0.59110 B   91 
-0.12211 -0.03450 -0.58973 S   91 
 0.13500 -0.51338 -0.48630 B   92 
-0.07541 -0.66844 -0.46615 V   92 
 0.40500 -0.56066 -0.62425 B   93 
 0.29661 -0.73876 -0.88829 N   93 
 0.52614 -0.30608 -0.49769 B   94 
 0.54750 -0.04379 -0.60694 X   94 
 0.47445 -0.36833 -0.19952 B   95 
 0.26399 -0.33621 -0.16761 A   95 
 0.64891 -0.62300 -0.18853 B   96 
 0.36668 -0.95027 -0.36213 K   96 
 0.90994 -0.45756 -0.22873 B   97 
 0.98961 -0.43107 -0.60461 K   97 
 0.88646 -0.26403  0.01065 B   98 
 0.70967 -0.02736 -0.08377 I   98 
 0.86701 -0.47782  0.24915 B   99 
 0.66698 -0.58961  0.28527 V   99 
 1.16014 -0.60183  0.14559 B   100 
 1.02779 -0.78301  0.00962 S   100 
 1.36475 -0.35031  0.20874 B   101 
 1.37726 -0.10385  0.08029 D   101 
 1.38517 -0.37157  0.57148 B   102 
 1.13454 -0.20633  0.73619 B   103 
 1.34628  0.03946  0.73111 N   103 
 0.89837 -0.30923  0.63290 B   104 
 0.59164 -0.15956  0.72527 B   105 
 0.28349 -0.39629  0.67234 M   105 
 0.73632  0.11347  0.81428 B   106 
 0.84429 -0.03066  1.09165 N   106 
 0.70376  0.24862  0.53256 B   107 
 0.80296  0.11569  0.40518 A   107 
 0.41707  0.29070  0.66107 B   108 
 0.34751  0.02888  0.28048 W   108 
 0.31815  0.54362  0.85173 B   109 
 0.44038  0.76122  0.79456 V   109 
 0.02448  0.45328  0.91146 B   110 
-0.09325  0.52839  0.74872 A   110 
 0.09529  0.17639  1.01662 B   111 
 0.24837 -0.18129  1.00129 W   111 
 0.28739  0.25690  1.24631 B   112 
 0.63513  0.49541  1.22369 R   112 
 0.08005  0.47906  1.38326 B   113 
 0.28737  0.72049  1.31980 N   113 
-0.20866  0.27478  1.34330 B   114 
-0.44987  0.67371  1.15609 R   114 
-0.12607 -0.05413  1.33375 B   115 
-0.24527 -0.00237  1.04271 X   115 
 0.09914 -0.10488  1.50398 B   116 
 0.54150 -0.11230  1.45555 K   116 
 0.01859 -0.30917  1.78332 B   117 
-0.25063 -0.39134  1.68455 B   118 
-0.33623 -0.15967  1.60460 T   118 
-0.56491 -0.53702  1.60179 B   119 
-0.71652 -0.74308  1.73121 D   119 
-0.55182 -0.63062  1.27390 B   120 
-0.31057 -0.57628  1.23769 V   120 
-0.76905 -0.85547  1.25580 B   121 
-0.59438 -1.15665  1.48453 Q   121 
-1.01454 -0.65865  1.25222 B   122 
-1.00607 -0.56301  1.43588 A   122 
-0.98326 -0.60236  0.93192 B   123 
-0.85760 -0.20164  1.01651 W   123 
-1.10949 -0.91847  0.87013 B   124 
-0.86927 -1.01566  0.79858 I   124 
-1.36673 -0.92326  0.98434 B   125 
-1.17030 -0.93894  1.46345 R   125 
-1.62871 -1.09653  0.82016 B   126 
-1.44605 -1.22598  0.61720 B   127 
-1.33859 -0.93019  0.54410 X   127 
-1.43140 -1.43831  0.32107 B   128 
-1.55082 -1.82230  0.37364 R   128 
-1.13257 -1.66550  0.35460 B   129 
-1.03852 -1.42346  0.36237 L   129 
