246 
-0.30041  1.21021  0.48172 B   1 
-0.71525  1.21336  0.41745 K   1 
-0.47098  1.08857  0.77238 B   2 
-0.27922  1.09060  0.94671 V   2 
-0.62408  0.80955  0.81581 B   3 
-0.72191  0.79334  0.39381 F   3 
-0.86578  0.62787  0.90846 B   4 
-0.95075  0.31993  0.93521 B   5 
-1.00016  0.02386  1.25065 R   5 
-1.25263  0.32377  0.83161 B   6 
-1.39701  0.21097  1.08618 X   6 
-1.18235  0.52227  0.60300 B   7 
-1.09470  0.90143  0.63399 E   7 
-0.98457  0.34479  0.44453 B   8 
-0.67798  0.34578  0.45512 L   8 
-1.16065  0.09817  0.40434 B   9 
-1.17536  0.00098  0.59797 A   9 
-1.37193  0.24157  0.23616 B   10 
-1.48699  0.36468  0.37555 A   10 
-1.18404  0.33376  0.00738 B   11 
-1.08860  0.51537  0.07713 A   11 
-1.06574  0.05600 -0.06199 B   12 
-0.71610  0.01915  0.18498 M   12 
-1.33524 -0.06380 -0.13597 B   13 
-1.64918 -0.24828  0.09985 K   13 
-1.43262  0.12472 -0.35523 B   14 
-1.41863  0.57885 -0.36779 R   14 
-1.15384  0.05237 -0.51597 B   15 
-1.03470  0.42035 -0.47140 H   15 
-1.15432 -0.28656 -0.49137 B   16 
-0.96889 -0.44212 -0.25658 B   17 
-0.72173 -0.23197 -0.25711 L   17 
-1.17024 -0.63352 -0.17067 B   18 
-1.35373 -0.67264  0.07253 D   18 
-1.04782 -0.93887 -0.25745 B   19 
-1.31055 -1.01032 -0.08572 N   19 
-0.80198 -0.87563 -0.39684 B   20 
-0.69356 -0.62846 -0.74665 Y   20 
-0.65115 -1.14799 -0.49581 B   21 
-0.49608 -1.05551 -0.93508 R   21 
-0.77659 -1.26715 -0.20261 B   22 
-0.76463 -0.99804 -0.02248 B   23 
-0.31720 -1.13526 -0.07017 Y   23 
-0.88318 -0.89075  0.23561 B   24 
-0.95651 -1.03168  0.40784 S   24 
-0.93386 -0.58558  0.36105 B   25 
-1.16329 -0.37752  0.30977 L   25 
-0.76835 -0.62750  0.62870 B   26 
-0.49229 -0.65279  0.49148 B   27 
-0.50625 -0.98603  0.43989 N   27 
-0.47348 -0.36896  0.37327 B   28 
-0.50151 -0.50514 -0.05064 W   28 
-0.50717 -0.21602  0.63818 B   29 
-0.75584 -0.16431  0.69361 V   29 
-0.27371 -0.34890  0.78422 B   30 
-0.24520 -0.58696  0.92384 X   30 
-0.05234 -0.25703  0.59237 B   31 
-0.06782 -0.38590  0.41630 A   31 
-0.09531  0.04893  0.60867 B   32 
-0.26805  0.09414  0.48853 A   32 
-0.04278  0.06815  0.91015 B   33 
-0.15929  0.09267  1.22989 K   33 
 0.26838 -0.06019  0.89817 B   34 
 0.12454 -0.32169  1.18091 F   34 
 0.37972  0.12607  0.66287 B   35 
 0.43699 -0.13906  0.43858 E   35 
 0.22374  0.43741  0.73600 B   36 
 0.12206  0.45125  0.53953 S   36 
-0.00615  0.48811  0.94111 B   37 
 0.06771  0.51419  1.21705 N   37 
-0.21478  0.62188  0.72996 B   38 
-0.43160  0.32967  0.92587 F   38 
 0.01057  0.79602  0.56159 B   39 
 0.12887  1.03773  0.69558 N   39 
 0.03710  0.94515  0.24969 B   40 
-0.19591  1.02103  0.20402 T   40 
 0.32591  1.10815  0.32042 B   41 
 0.18488  1.48031  0.35186 Q   41 
 0.49740  0.86808  0.34665 B   42 
 0.43685  0.75595  0.51533 A   42 
 0.86102  0.84266  0.36847 B   43 
 0.86576  1.03242  0.21400 T   43 
 1.13016  0.59965  0.27440 B   44 
 0.96902  0.53782  0.56452 N   44 
 1.44866  0.52655  0.28685 B   45 
 1.71891  0.81947 -0.02655 R   45 
 1.66062  0.31281  0.11547 B   46 
 1.35548  0.16729  0.06031 N   46 
 1.95380  0.14750  0.09425 B   47 
 2.01045 -0.00851  0.29228 T   47 
 1.92738  0.14496 -0.23899 B   48 
 1.70799  0.00637 -0.29376 D   48 
 1.80120  0.46126 -0.27721 B   49 
 1.53118  0.43234 -0.25723 B   50 
 1.43862  0.22018 -0.33986 S   50 
 1.16263  0.49530 -0.21413 B   51 
 1.25352  0.73436 -0.12081 T   51 
 0.89110  0.50862 -0.00595 B   52 
 0.93638  0.17378  0.05528 D   52 
 0.53333  0.55830 -0.08476 B   53 
 0.86022  0.84207 -0.29299 Y   53 
 0.28313  0.61279  0.11107 B   54 
 0.03102  0.40752  0.24797 B   55 
-0.22841  0.48689  0.26603 I   55 
 0.20424  0.15027  0.08173 B   56 
-0.08393  0.01349  0.04226 L   56 
 0.50130  0.18227  0.02562 B   57 
 0.61165  0.34879  0.30768 Q   57 
 0.58757  0.25601 -0.26476 B   58 
 0.32896  0.18725 -0.42119 I   58 
 0.85012  0.18247 -0.47447 B   59 
 1.11024  0.04659 -0.39267 N   59 
 1.09757  0.35305 -0.68571 B   60 
 1.19460  0.51239 -0.55256 S   60 
 1.23787  0.10440 -0.84267 B   61 
 1.63518  0.03067 -0.69665 R   61 
 0.94029 -0.00073 -0.97784 B   62 
 1.18409 -0.37586 -0.89015 W   62 
 0.66402  0.20295 -0.95954 B   63 
 0.58463 -0.20558 -0.82237 W   63 
 0.80159  0.49640 -0.92992 B   64 
 0.68199  0.57452 -0.71253 X   64 
 0.89330  0.84042 -0.99094 B   65 
 1.06401  0.91748 -1.22146 N   65 
 1.16463  1.05862 -0.82557 B   66 
 1.23890  0.87890 -0.63887 D   66 
 1.44968  1.12903 -0.98088 B   67 
 1.65694  0.93271 -0.75710 B   68 
 1.55646  1.08881 -0.32112 R   68 
 1.64259  0.62446 -0.90406 B   69 
 1.49409  0.55084 -0.70974 T   69 
 1.84493  0.42407 -1.02407 B   70 
 2.00306  0.52390 -0.92016 P   70 
 1.70590  0.18603 -1.22236 B   71 
 1.41845  0.25641 -1.26529 B   72 
 1.36978  0.45197 -1.13937 S   72 
 1.06308  0.17410 -1.37779 B   73 
 1.15505 -0.12997 -1.54136 R   73 
 0.76336  0.27608 -1.34704 B   74 
 0.69895  0.54775 -1.34701 N   74 
 0.50372  0.06799 -1.36387 B   75 
 0.69059 -0.19557 -1.34431 L   75 
 0.26900  0.28637 -1.27541 B   76 
 0.22507  0.12831 -1.01162 X   76 
 0.31360  0.54714 -1.41669 B   77 
 0.31480  0.58879 -1.68633 N   77 
 0.43353  0.74986 -1.17084 B   78 
 0.15788  0.72974 -1.06936 I   78 
 0.46800  0.98468 -0.96050 B   79 
 0.40989  1.13928 -1.08857 P   79 
 0.54367  0.94192 -0.63755 B   80 
 0.80665  0.76848 -0.66062 X   80 
 0.37171  1.18958 -0.53761 B   81 
 0.46341  1.36698 -0.67022 S   81 
 0.09146  1.06422 -0.60253 B   82 
 0.08586  1.04994 -0.81249 A   82 
 0.12918  0.86753 -0.34234 B   83 
 0.24926  0.61131 -0.50685 L   83 
 0.06202  1.13880 -0.13907 B   84 
 0.38904  1.12596 -0.10521 L   84 
-0.21373  1.18346 -0.17203 B   85 
-0.33403  1.28757 -0.37658 S   85 
-0.54063  1.19910 -0.05065 B   86 
-0.59836  1.42970 -0.02151 S   86 
-0.57751  1.04551 -0.31315 B   87 
-0.76700  1.07110 -0.53427 D   87 
-0.56323  0.68614 -0.33885 B   88 
-0.65079  0.59411 -0.10316 I   88 
-0.58900  0.59504 -0.63404 B   89 
-0.79192  0.72700 -0.74305 T   89 
-0.29060  0.55435 -0.71183 B   90 
-0.21065  0.75334 -0.74721 A   90 
-0.21411  0.34604 -0.49290 B   91 
-0.12232  0.51202 -0.29454 S   91 
-0.42494  0.13598 -0.56499 B   92 
-0.65705  0.18268 -0.45245 V   92 
-0.35287  0.08211 -0.85837 B   93 
-0.57660  0.28684 -1.00402 N   93 
-0.06381  0.00233 -0.78366 B   94 
 0.17233  0.16179 -0.78370 X   94 
-0.12429 -0.22167 -0.57965 B   95 
-0.18932 -0.12255 -0.39995 A   95 
-0.27080 -0.40781 -0.77790 B   96 
-0.70050 -0.22867 -0.79096 K   96 
-0.00772 -0.46280 -0.93564 B   97 
 0.02891 -0.20532 -1.21971 K   97 
 0.16836 -0.57232 -0.70693 B   98 
 0.29268 -0.32610 -0.56515 I   98 
-0.01586 -0.81716 -0.61163 B   99 
-0.20382 -0.77421 -0.48262 V   99 
 0.00061 -0.93538 -0.92433 B   100 
-0.22887 -0.81815 -0.97356 S   100 
 0.32095 -1.01191 -0.94966 B   101 
 0.53782 -0.83799 -0.96052 D   101 
 0.33360 -1.31136 -0.74323 B   102 
 0.37683 -1.24993 -0.40916 B   103 
 0.69112 -1.27923 -0.48422 N   103 
 0.17180 -1.07643 -0.33917 B   104 
 0.17128 -0.93377 -0.01565 B   105 
-0.18228 -0.80457  0.09432 M   105 
 0.48513 -0.99103  0.02465 B   106 
 0.42306 -1.31175  0.07613 N   106 
 0.57318 -0.71049 -0.08595 B   107 
 0.49222 -0.70873 -0.27877 A   107 
 0.48834 -0.64202  0.21169 B   108 
 0.20065 -0.39527 -0.06141 W   108 
 0.67997 -0.65360  0.48233 B   109 
 0.92537 -0.60354  0.42912 V   109 
 0.47002 -0.57151  0.69949 B   110 
 0.47335 -0.35715  0.70488 A   110 
 0.26249 -0.78222  0.62686 B   111 
 0.01310 -0.97027  0.39439 W   111 
 0.43537 -1.03742  0.66037 B   112 
 0.80385 -1.12873  0.47542 R   112 
 0.54714 -0.95905  0.96445 B   113 
 0.85196 -0.94211  0.85449 N   113 
 0.23204 -0.83972  1.07914 B   114 
 0.46566 -0.43350  1.26018 R   114 
-0.02343 -0.98485  0.90952 B   115 
-0.04940 -0.67783  0.82796 X   115 
 0.04415 -1.25488  0.84030 B   116 
 0.23539 -1.45792  0.49348 K   116 
-0.15685 -1.49540  1.00765 B   117 
-0.35818 -1.30079  1.11055 B   118 
-0.19601 -1.11655  1.19507 T   118 
-0.63542 -1.11523  1.23521 B   119 
-0.87946 -1.20172  1.35833 D   119 
-0.73282 -0.89860  0.99021 B   120 
-0.57722 -0.98254  0.81354 V   120 
-1.03241 -0.84146  1.06130 B   121 
-1.20679 -1.21197  0.98476 Q   121 
-0.96911 -0.64184  1.29616 B   122 
-0.86897 -0.75749  1.43597 A   122 
-0.92455 -0.39165  1.09084 B   123 
-0.50611 -0.39327  1.18264 W   123 
-1.26664 -0.37959  1.04077 B   124 
-1.24838 -0.48536  0.79430 I   124 
-1.38066 -0.33129  1.29357 B   125 
-1.27600 -0.81398  1.44989 R   125 
-1.66369 -0.11976  1.32119 B   126 
-1.70830 -0.10316  1.02278 B   127 
-1.40108 -0.00710  0.99501 X   127 
-1.90858  0.04897  0.75870 B   128 
-2.30090 -0.05369  0.75393 R   128 
-1.97282 -0.21260  0.49509 B   129 
-1.71450 -0.18973  0.51045 L   129 
