246 
-0.48379  0.01825  1.24600 B   1 
-0.38411 -0.37068  1.36863 K   1 
-0.16313  0.01791  1.40586 B   2 
-0.12473  0.27191  1.44019 V   2 
 0.11672 -0.09796  1.29891 B   3 
-0.09226 -0.39863  1.06687 F   3 
 0.38579 -0.26230  1.32343 B   4 
 0.65343 -0.32894  1.16005 B   5 
 1.07410 -0.21680  1.16804 R   5 
 0.69066 -0.64105  1.21554 B   6 
 0.97433 -0.63721  1.34929 X   6 
 0.38572 -0.69313  1.18537 B   7 
 0.10039 -0.59288  1.43224 E   7 
 0.35173 -0.60889  0.88961 B   8 
 0.25347 -0.34029  0.77866 L   8 
 0.56563 -0.78656  0.76264 B   9 
 0.75741 -0.70227  0.81987 A   9 
 0.43235 -1.05065  0.83996 B   10 
 0.46615 -1.07499  1.05465 A   10 
 0.16435 -1.00443  0.69102 B   11 
 0.04259 -0.88239  0.82230 A   11 
 0.28344 -0.94514  0.41126 B   12 
 0.34015 -0.51935  0.40244 M   12 
 0.41693 -1.21727  0.38710 B   13 
 0.79865 -1.37029  0.52523 K   13 
 0.18168 -1.40869  0.42037 B   14 
-0.15911 -1.39218  0.72067 R   14 
 0.04282 -1.25356  0.16456 B   15 
-0.23692 -1.11959  0.39990 H   15 
 0.30295 -1.24953 -0.05406 B   16 
 0.49386 -0.97377 -0.08901 B   17 
 0.25776 -0.75684 -0.03954 L   17 
 0.75223 -1.10716 -0.09087 B   18 
 0.98903 -1.14094  0.10183 D   18 
 0.87941 -1.05393 -0.40192 B   19 
 1.12346 -1.19313 -0.24478 N   19 
 0.66648 -0.91285 -0.53839 B   20 
 0.24052 -0.99315 -0.62393 Y   20 
 0.75284 -0.84069 -0.84509 B   21 
 0.36913 -0.93053 -1.11015 R   21 
 1.05793 -0.80094 -0.69935 B   22 
 0.96758 -0.69186 -0.40789 B   23 
 0.88649 -0.33558 -0.70419 Y   23 
 1.08542 -0.65873 -0.13006 B   24 
 1.31582 -0.63678 -0.09353 S   24 
 0.95731 -0.63057  0.17691 B   25 
 0.85373 -0.84877  0.37746 L   25 
 1.09253 -0.35233  0.24820 B   26 
 0.93471 -0.18634  0.04032 B   27 
 1.14945 -0.23280 -0.21587 N   27 
 0.65192 -0.22395  0.15651 B   28 
 0.50491 -0.46858 -0.18638 W   28 
 0.71207 -0.11339  0.43733 B   29 
 0.79230 -0.29716  0.60278 V   29 
 0.81691  0.15865  0.34516 B   30 
 1.06344  0.24894  0.25545 X   30 
 0.56001  0.25252  0.20573 B   31 
 0.55256  0.14588  0.01489 A   31 
 0.36307  0.23137  0.44340 B   32 
 0.31664  0.02262  0.46754 A   32 
 0.51272  0.43145  0.62114 B   33 
 0.72682  0.49593  0.87884 K   33 
 0.49288  0.68929  0.40535 B   34 
 0.90088  0.70446  0.45354 F   34 
 0.17886  0.66872  0.34683 B   35 
 0.21630  0.59653  0.00438 E   35 
 0.05052  0.57984  0.66657 B   36 
-0.04322  0.39220  0.59493 S   36 
 0.21516  0.48889  0.91579 B   37 
 0.33725  0.69435  1.07439 N   37 
 0.06208  0.20481  0.95912 B   38 
 0.46480  0.11209  0.96104 F   38 
-0.24155  0.31612  0.88930 B   39 
-0.37588  0.49216  1.09261 N   39 
-0.54604  0.18261  0.79089 B   40 
-0.54942 -0.03896  0.90506 T   40 
-0.71929  0.47068  0.83545 B   41 
-0.92177  0.37472  1.16586 Q   41 
-0.58798  0.62553  0.61978 B   42 
-0.38488  0.65732  0.66907 A   42 
-0.67972  0.94820  0.47551 B   43 
-0.91151  0.87766  0.50999 T   43 
-0.65175  1.12511  0.14649 B   44 
-0.37788  1.13404  0.34366 N   44 
-0.69934  1.40311 -0.01904 B   45 
-1.19136  1.48147 -0.11303 R   45 
-0.71968  1.49203 -0.35319 B   46 
-0.54417  1.19835 -0.36984 N   46 
-0.71224  1.72881 -0.59322 B   47 
-0.49947  1.87517 -0.60137 T   47 
-0.90191  1.53526 -0.78897 B   48 
-0.76025  1.31554 -0.83363 D   48 
-1.11093  1.41499 -0.54550 B   49 
-0.98646  1.19278 -0.44918 B   50 
-0.85134  1.06587 -0.61055 S   50 
-0.88116  0.90005 -0.23733 B   51 
-1.02875  1.03166 -0.05021 T   51 
-0.67353  0.77404  0.00402 B   52 
-0.40983  0.83622 -0.20697 D   52 
-0.63560  0.42777  0.12785 B   53 
-1.07693  0.60844  0.07016 Y   53 
-0.47241  0.31471  0.38184 B   54 
-0.15612  0.16355  0.42119 B   55 
-0.11473 -0.04794  0.58698 I   55 
-0.12876  0.22082  0.07508 B   56 
 0.04411 -0.05006  0.06754 L   56 
-0.28635  0.44779 -0.05166 B   57 
-0.27453  0.69109  0.19354 Q   57 
-0.54361  0.37476 -0.21192 B   58 
-0.50032  0.07096 -0.25558 I   58 
-0.70557  0.49085 -0.49231 B   59 
-0.64624  0.75276 -0.63618 N   59 
-1.03990  0.59906 -0.59936 B   60 
-1.10795  0.75444 -0.44521 S   60 
-1.00201  0.63304 -0.92116 B   61 
-0.99552  1.04711 -1.03565 R   61 
-0.90642  0.30580 -0.96187 B   62 
-0.66496  0.55097 -1.26094 W   62 
-0.94911  0.08297 -0.70367 B   63 
-0.54417  0.07530 -0.87095 W   63 
-1.19018  0.22330 -0.53602 B   64 
-1.07537  0.23396 -0.30285 X   64 
-1.50682  0.27904 -0.37134 B   65 
-1.75909  0.30924 -0.52518 N   65 
-1.65714  0.60194 -0.22399 B   66 
-1.44000  0.75705 -0.26224 D   66 
-1.89811  0.76868 -0.38038 B   67 
-1.69173  1.05655 -0.45860 B   68 
-1.50832  1.19755 -0.04506 R   68 
-1.55232  0.96147 -0.75583 B   69 
-1.33183  0.93185 -0.63036 T   69 
-1.54813  1.06880 -1.04559 B   70 
-1.61144  1.26019 -0.97396 P   70 
-1.44812  0.84209 -1.27778 B   71 
-1.42742  0.57506 -1.14477 B   72 
-1.47663  0.60255 -0.91392 S   72 
-1.31510  0.21040 -1.13357 B   73 
-1.22473  0.19817 -1.47905 R   73 
-1.26878 -0.02863 -0.92889 B   74 
-1.44344 -0.07735 -0.71658 N   74 
-1.04038 -0.26512 -0.98276 B   75 
-0.90130 -0.10106 -1.22465 L   75 
-1.06557 -0.41598 -0.68743 B   76 
-0.77766 -0.32228 -0.61796 X   76 
-1.35430 -0.44382 -0.61123 B   77 
-1.54704 -0.58000 -0.74815 N   77 
-1.39369 -0.20998 -0.36692 B   78 
-1.22467 -0.39504 -0.21243 I   78 
-1.44870 -0.06692 -0.08929 B   79 
-1.61788 -0.17872 -0.03868 P   79 
-1.24914  0.16253  0.04992 B   80 
-1.22670  0.37224 -0.18523 X   80 
-1.30988  0.07214  0.34830 B   81 
-1.54906  0.08715  0.35414 S   81 
-1.16326 -0.20470  0.32998 B   82 
-1.27734 -0.31747  0.19366 A   82 
-0.87725 -0.04369  0.33914 B   83 
-0.83158 -0.03113  0.01528 L   83 
-0.92843  0.00939  0.67675 B   84 
-1.00961  0.30712  0.56264 L   84 
-0.88709 -0.24310  0.79361 B   85 
-1.04468 -0.44870  0.78648 S   85 
-0.71459 -0.46109  1.00472 B   86 
-0.84430 -0.49014  1.20394 S   86 
-0.74889 -0.63099  0.75211 B   87 
-0.83620 -0.90636  0.70730 D   87 
-0.50925 -0.64057  0.48287 B   88 
-0.27122 -0.59713  0.59751 I   88 
-0.61220 -0.81620  0.24909 B   89 
-0.70445 -1.04306  0.35154 T   89 
-0.73069 -0.60093  0.05838 B   90 
-0.92302 -0.54566  0.14321 A   90 
-0.47425 -0.42808  0.01930 B   91 
-0.50610 -0.24362  0.22000 S   91 
-0.29421 -0.65105 -0.08860 B   92 
-0.18162 -0.79146  0.10200 V   92 
-0.45615 -0.74088 -0.33329 B   93 
-0.61603 -1.00263 -0.19505 N   93 
-0.45148 -0.45640 -0.45394 B   94 
-0.64689 -0.24990 -0.43490 X   94 
-0.14623 -0.40914 -0.46022 B   95 
-0.08778 -0.37045 -0.25667 A   95 
-0.08118 -0.64099 -0.65368 B   96 
-0.07297 -1.01218 -0.37252 K   96 
-0.22547 -0.49737 -0.88963 B   97 
-0.59502 -0.60534 -0.90012 K   97 
-0.06835 -0.23165 -0.89292 B   98 
-0.20330 -0.04634 -0.68404 I   98 
 0.22853 -0.34682 -0.93251 B   99 
 0.33878 -0.44098 -0.75142 V   99 
 0.12035 -0.49582 -1.21202 B   100 
 0.08372 -0.71519 -1.07287 S   100 
 0.05189 -0.23571 -1.40377 B   101 
-0.15396 -0.05094 -1.37396 D   101 
 0.38839 -0.12625 -1.48881 B   102 
 0.53026  0.08358 -1.25840 B   103 
 0.39978  0.31415 -1.44569 N   103 
 0.51636 -0.05234 -1.01680 B   104 
 0.60797  0.11648 -0.71994 B   105 
 0.70051 -0.12749 -0.42719 M   105 
 0.56725  0.40513 -0.85568 B   106 
 0.85125  0.37051 -1.02155 N   106 
 0.26795  0.43078 -0.76377 B   107 
 0.17812  0.26250 -0.84951 A   107 
 0.42622  0.51217 -0.50148 B   108 
 0.18096  0.13121 -0.38769 W   108 
 0.53246  0.81510 -0.41748 B   109 
 0.38106  0.99965 -0.51009 V   109 
 0.67487  0.74819 -0.14691 B   110 
 0.52194  0.75898  0.00304 A   110 
 0.85394  0.52776 -0.25685 B   111 
 0.93465  0.19001 -0.43296 W   111 
 1.00010  0.68717 -0.47904 B   112 
 0.82999  0.90643 -0.79733 R   112 
 1.08846  0.94086 -0.28171 B   113 
 0.90673  1.14653 -0.45483 N   113 
 1.17793  0.73207 -0.00770 B   114 
 0.91381  1.03518  0.29353 R   114 
 1.26746  0.42236 -0.11334 B   115 
 1.00513  0.36566  0.05856 X   115 
 1.39825  0.43838 -0.36813 B   116 
 1.27166  0.41985 -0.79441 K   116 
 1.74102  0.34584 -0.35413 B   117 
 1.73039  0.23048 -0.07923 B   118 
 1.59300  0.41743  0.03722 T   118 
 1.76513  0.06090  0.23202 B   119 
 1.98448 -0.08754  0.34178 D   119 
 1.49406 -0.14307  0.26892 B   120 
 1.39577 -0.10210  0.04281 V   120 
 1.59705 -0.36239  0.46733 B   121 
 1.87811 -0.56023  0.23195 Q   121 
 1.57248 -0.18287  0.72459 B   122 
 1.70630 -0.02804  0.69186 A   122 
 1.25289 -0.24383  0.75428 B   123 
 1.16746  0.16233  0.64818 W   123 
 1.33000 -0.56282  0.86372 B   124 
 1.25205 -0.67604  0.63269 I   124 
 1.48578 -0.52993  1.09586 B   125 
 1.89349 -0.37162  0.81822 R   125 
 1.44533 -0.75360  1.36779 B   126 
 1.26892 -0.94446  1.21361 B   127 
 1.07860 -0.69269  1.14452 X   127 
 1.06791 -1.24805  1.23396 B   128 
 1.27227 -1.58970  1.31134 R   128 
 1.12030 -1.44462  0.91670 B   129 
 1.02545 -1.21448  0.84237 L   129 
