246 
 0.69415  1.09682  0.31947 B   1 
 0.62019  1.33155 -0.02063 K   1 
 0.40640  1.30356  0.37272 B   2 
 0.37282  1.27667  0.62829 V   2 
 0.11298  1.27984  0.24419 B   3 
 0.28026  1.10187 -0.11394 F   3 
-0.14650  1.39182  0.10227 B   4 
-0.43811  1.29958  0.00629 B   5 
-0.85167  1.34981  0.13295 R   5 
-0.46287  1.43986 -0.27935 B   6 
-0.71878  1.61440 -0.23021 X   6 
-0.16755  1.37269 -0.34924 B   7 
 0.15585  1.53251 -0.19999 E   7 
-0.18641  1.06389 -0.34533 B   8 
-0.11096  0.87180 -0.11835 L   8 
-0.41797  1.02596 -0.54124 B   9 
-0.59736  1.09116 -0.43769 A   9 
-0.27136  1.14539 -0.78151 B   10 
-0.26692  1.36152 -0.74846 A   10 
-0.03389  0.94607 -0.78562 B   11 
 0.10811  1.01830 -0.63873 A   11 
-0.20048  0.68511 -0.79574 B   12 
-0.26085  0.57563 -0.38469 M   12 
-0.33423  0.75573 -1.05952 B   13 
-0.68482  0.99197 -1.15690 K   13 
-0.09545  0.79699 -1.24492 B   14 
 0.29249  1.01991 -1.16494 R   14 
-0.00458  0.48981 -1.16636 B   15 
 0.31108  0.63086 -0.98730 H   15 
-0.29896  0.32539 -1.20862 B   16 
-0.49496  0.25304 -0.94394 B   17 
-0.25538  0.20332 -0.73093 L   17 
-0.74874  0.33007 -1.06319 B   18 
-0.94793  0.56241 -1.03702 D   18 
-0.92873  0.04233 -1.08689 B   19 
-1.14055  0.26953 -1.17138 N   19 
-0.74396 -0.16042 -0.99406 B   20 
-0.33897 -0.29353 -1.11015 Y   20 
-0.88313 -0.45592 -0.99996 B   21 
-0.55109 -0.74995 -1.16980 R   21 
-1.15831 -0.27568 -0.91222 B   22 
-1.01913 -0.04249 -0.73541 B   23 
-0.99362 -0.43060 -0.47080 Y   23 
-1.08678  0.23305 -0.62735 B   24 
-1.30739  0.30138 -0.58781 S   24 
-0.90715  0.49558 -0.52615 B   25 
-0.76856  0.72526 -0.68924 L   25 
-1.02977  0.51403 -0.23390 B   26 
-0.91192  0.24635 -0.13325 B   27 
-1.16783  0.05162 -0.23569 N   27 
-0.61291  0.31828 -0.15064 B   28 
-0.52643  0.03096 -0.48079 W   28 
-0.62378  0.56668  0.03071 B   29 
-0.67254  0.78541 -0.10104 V   29 
-0.74503  0.42620  0.27372 B   30 
-1.00408  0.35954  0.34739 X   30 
-0.51715  0.22542  0.31851 B   31 
-0.54244  0.07052  0.16614 A   31 
-0.28152  0.42318  0.35160 B   32 
-0.23013  0.49250  0.15445 A   32 
-0.39918  0.56559  0.59633 B   33 
-0.56535  0.83027  0.73322 K   33 
-0.41920  0.29005  0.78898 B   34 
-0.81258  0.40155  0.83188 F   34 
-0.12013  0.18618  0.74188 B   35 
-0.21638 -0.11410  0.58550 E   35 
 0.06279  0.49126  0.73335 B   36 
 0.14386  0.45599  0.53010 S   36 
-0.05507  0.77988  0.71606 B   37 
-0.14898  0.89800  0.95999 N   37 
 0.10521  0.86882  0.44697 B   38 
-0.29030  0.96351  0.37358 F   38 
 0.39115  0.72169  0.52469 B   39 
 0.55774  0.84618  0.74177 N   39 
 0.67467  0.61092  0.35863 B   40 
 0.69952  0.77648  0.17394 T   40 
 0.85101  0.54875  0.64151 B   41 
 1.10884  0.85316  0.62602 Q   41 
 0.68293  0.32592  0.74063 B   42 
 0.49135  0.39916  0.79189 A   42 
 0.74574  0.08921  1.01149 B   43 
 0.98048  0.10076  0.94325 T   43 
 0.65941 -0.26473  1.09873 B   44 
 0.42420 -0.03292  1.16872 N   44 
 0.67536 -0.50249  1.32271 B   45 
 1.14278 -0.69619  1.35508 R   45 
 0.63630 -0.84666  1.32179 B   46 
 0.46266 -0.75612  1.04076 N   46 
 0.58533 -1.13510  1.48893 B   47 
 0.37339 -1.14460  1.63642 T   47 
 0.73920 -1.30316  1.24431 B   48 
 0.59345 -1.26426  1.02617 D   48 
 0.98842 -1.07616  1.18272 B   49 
 0.88428 -0.90557  0.99779 B   50 
 0.72391 -1.00285  0.83897 S   50 
 0.81972 -0.61012  0.77375 B   51 
 0.99684 -0.49171  0.94325 T   51 
 0.65839 -0.31251  0.72225 B   52 
 0.36143 -0.48420  0.73823 D   52 
 0.64515 -0.09827  0.42125 B   53 
 1.06830 -0.27544  0.56371 Y   53 
 0.52970  0.20037  0.38378 B   54 
 0.22624  0.33109  0.26024 B   55 
 0.21597  0.55073  0.10030 I   55 
 0.13835 -0.00807  0.22753 B   56 
-0.03127  0.08474 -0.02924 L   56 
 0.26975 -0.21447  0.40795 B   57 
 0.29929 -0.04271  0.70643 Q   57 
 0.49552 -0.39169  0.28621 B   58 
 0.44739 -0.34676 -0.01668 I   58 
 0.60511 -0.71600  0.31985 B   59 
 0.51969 -0.91074  0.53802 N   59 
 0.91479 -0.90296  0.38381 B   60 
 1.00766 -0.80851  0.57085 S   60 
 0.82096 -1.21116  0.33528 B   61 
 0.79163 -1.42658  0.70587 R   61 
 0.72202 -1.14841  0.01255 B   62 
 0.43025 -1.45519  0.18169 W   62 
 0.81078 -0.85234 -0.13782 B   63 
 0.38289 -0.94020 -0.17254 W   63 
 1.07646 -0.77067  0.03146 B   64 
 1.00414 -0.53225  0.10621 X   64 
 1.41663 -0.68272  0.11535 B   65 
 1.63789 -0.87984  0.09513 N   65 
 1.58814 -0.65234  0.45921 B   66 
 1.36658 -0.69198  0.60757 D   66 
 1.79687 -0.88548  0.57061 B   67 
 1.57797 -0.99948  0.83644 B   68 
 1.46874 -0.61183  1.08612 R   68 
 1.38938 -1.23342  0.67357 B   69 
 1.19445 -1.06884  0.68582 T   69 
 1.33382 -1.53601  0.70279 B   70 
 1.40734 -1.52852  0.90356 P   70 
 1.19633 -1.68061  0.42803 B   71 
 1.20109 -1.48121  0.20524 B   72 
 1.28973 -1.27737  0.28927 S   72 
 1.09503 -1.35653 -0.13962 B   73 
 0.94570 -1.66625 -0.23682 R   73 
 1.08690 -1.09192 -0.31594 B   74 
 1.29635 -0.90729 -0.31513 N   74 
 0.85427 -1.04261 -0.54928 B   75 
 0.67388 -1.29142 -0.44771 L   75 
 0.93179 -0.72699 -0.61992 B   76 
 0.65982 -0.63620 -0.50039 X   76 
 1.22958 -0.69661 -0.63841 B   77 
 1.39635 -0.82421 -0.81261 N   77 
 1.30946 -0.53199 -0.35128 B   78 
 1.17137 -0.30817 -0.48365 I   78 
 1.41118 -0.31474 -0.14385 B   79 
 1.58738 -0.26645 -0.24534 P   79 
 1.23744 -0.20807  0.12127 B   80 
 1.17274 -0.48227  0.26411 X   80 
 1.35007  0.08864  0.10841 B   81 
 1.58647  0.04946  0.11512 S   81 
 1.20446  0.16828 -0.15790 B   82 
 1.29372  0.04859 -0.30630 A   82 
 0.92333  0.18392  0.01102 B   83 
 0.82163 -0.11933 -0.05842 L   83 
 1.03240  0.48223  0.14716 B   84 
 1.09028  0.28247  0.40212 L   84 
 1.01392  0.66603 -0.06495 B   85 
 1.16927  0.68584 -0.27142 S   85 
 0.88254  0.95281 -0.21441 B   86 
 1.04530  1.12756 -0.19623 S   86 
 0.87332  0.75109 -0.44479 B   87 
 0.95337  0.76524 -0.72559 D   87 
 0.59035  0.53861 -0.51402 B   88 
 0.37574  0.67689 -0.43334 I   88 
 0.65204  0.34455 -0.74775 B   89 
 0.76238  0.48518 -0.94401 T   89 
 0.73384  0.08708 -0.59358 B   90 
 0.93765  0.12049 -0.52585 A   90 
 0.47331  0.04875 -0.42678 B   91 
 0.53848  0.18606 -0.19827 S   91 
 0.27874  0.03494 -0.66284 B   92 
 0.20221  0.27183 -0.74499 V   92 
 0.39601 -0.20187 -0.81882 B   93 
 0.57944 -0.02970 -1.04220 N   93 
 0.36831 -0.38974 -0.57502 B   94 
 0.56258 -0.45873 -0.37832 X   94 
 0.06634 -0.35589 -0.51915 B   95 
 0.04413 -0.16254 -0.42715 A   95 
-0.02991 -0.46834 -0.79027 B   96 
 0.01379 -0.10317 -1.07600 K   96 
 0.06987 -0.75457 -0.71792 B   97 
 0.43263 -0.79953 -0.83922 K   97 
-0.08727 -0.80000 -0.45610 B   98 
 0.08083 -0.67274 -0.22866 I   98 
-0.38568 -0.75699 -0.56596 B   99 
-0.46189 -0.54157 -0.60600 V   99 
-0.32702 -1.00233 -0.78595 B   100 
-0.26507 -0.81927 -0.96338 S   100 
-0.29498 -1.26391 -0.58680 B   101 
-0.08840 -1.31879 -0.40872 D   101 
-0.64194 -1.31576 -0.48993 B   102 
-0.74279 -1.12716 -0.22253 B   103 
-0.64869 -1.38741 -0.05317 N   103 
-0.68588 -0.86457 -0.29214 B   104 
-0.72533 -0.61073 -0.04918 B   105 
-0.76352 -0.25324 -0.20582 M   105 
-0.71101 -0.82177  0.19301 B   106 
-1.01940 -0.92192  0.12793 N   106 
-0.40043 -0.79218  0.22980 B   107 
-0.32581 -0.84522  0.04177 A   107 
-0.51096 -0.53707  0.38203 B   108 
-0.24690 -0.37169  0.03395 W   108 
-0.60298 -0.51791  0.70026 B   109 
-0.47142 -0.67978  0.84875 V   109 
-0.69540 -0.21905  0.71081 B   110 
-0.51868 -0.10546  0.75388 A   110 
-0.88938 -0.23563  0.47664 B   111 
-0.99728 -0.30135  0.10835 W   111 
-1.07328 -0.46330  0.57906 B   112 
-0.96301 -0.85187  0.70225 R   112 
-1.12753 -0.32669  0.87821 B   113 
-0.98034 -0.57574  1.02519 N   113 
-1.16623  0.00331  0.75061 B   114 
-0.85562  0.16565  1.11053 R   114 
-1.27068 -0.00124  0.42786 B   115 
-0.98193  0.13211  0.40717 X   115 
-1.44413 -0.22521  0.38284 B   116 
-1.39393 -0.64712  0.25034 K   116 
-1.77851 -0.12932  0.31040 B   117 
-1.71915  0.16013  0.26935 B   118 
-1.56482  0.19871  0.47449 T   118 
-1.69772  0.50597  0.18705 B   119 
-1.89343  0.68634  0.08048 D   119 
-1.42295  0.54783 -0.01092 B   120 
-1.36601  0.30551 -0.03336 V   120 
-1.48810  0.81103 -0.16763 B   121 
-1.80460  0.68677 -0.40830 Q   121 
-1.42017  1.00462  0.07096 B   122 
-1.55873  0.95608  0.21722 A   122 
-1.09989  0.99414  0.00732 B   123 
-1.03719  0.77306  0.36887 W   123 
-1.15443  1.19429 -0.26952 B   124 
-1.11729  0.99088 -0.44131 I   124 
-1.26743  1.43295 -0.17198 B   125 
-1.71852  1.19751 -0.07473 R   125 
-1.17846  1.74266 -0.31954 B   126 
-1.03041  1.61568 -0.55034 B   127 
-0.85688  1.45203 -0.33242 X   127 
-0.82680  1.67968 -0.84605 B   128 
-1.01208  1.87698 -1.14807 R   128 
-0.93251  1.43825 -1.11545 B   129 
-0.85373  1.29154 -0.91605 L   129 
