246 
-0.74613 -0.82404 -0.74240 B   1 
-0.61576 -1.19435 -0.59369 K   1 
-0.95702 -0.92956 -0.47265 B   2 
-1.15478 -0.76379 -0.49674 V   2 
-0.89298 -0.94231 -0.15814 B   3 
-0.47343 -1.01125 -0.24264 F   3 
-0.88787 -1.07920  0.12690 B   4 
-0.81150 -1.01767  0.43209 B   5 
-1.01702 -0.93737  0.80747 R   5 
-0.66343 -1.28633  0.52029 B   6 
-0.84721 -1.37147  0.75976 X   6 
-0.51579 -1.30653  0.24752 B   7 
-0.66729 -1.39913 -0.10016 E   7 
-0.34963 -1.04602  0.26355 B   8 
-0.41208 -0.77286  0.13869 L   8 
-0.21193 -1.09162  0.53261 B   9 
-0.36468 -1.06630  0.68487 A   9 
-0.05782 -1.34023  0.44356 B   10 
-0.20466 -1.50195  0.43294 A   10 
 0.10005 -1.20767  0.21195 B   11 
-0.03343 -1.20573  0.04126 A   11 
 0.22402 -0.97554  0.37537 B   12 
-0.05816 -0.65322  0.34250 M   12 
 0.37362 -1.16060  0.56466 B   13 
 0.25667 -1.36455  0.92926 K   13 
 0.54378 -1.32634  0.37317 B   14 
 0.42472 -1.51723 -0.02176 R   14 
 0.66855 -1.04057  0.26564 B   15 
 0.50204 -1.10040 -0.08118 H   15 
 0.74134 -0.88962  0.56126 B   16 
 0.53221 -0.66041  0.69330 B   17 
 0.43116 -0.53387  0.41219 L   17 
 0.53956 -0.75670  0.96758 B   18 
 0.35230 -0.90953  1.15712 D   18 
 0.68706 -0.50806  1.14695 B   19 
 0.58990 -0.71527  1.37333 N   19 
 0.75890 -0.31311  0.94520 B   20 
 1.00067 -0.31785  0.57542 Y   20 
 0.90374 -0.05356  1.08078 B   21 
 1.26580  0.05514  0.79327 R   21 
 0.68207 -0.11995  1.33050 B   22 
 0.43384 -0.23477  1.15668 B   23 
 0.44155  0.22777  1.07122 Y   23 
 0.18003 -0.39565  1.20001 B   24 
 0.06984 -0.40251  1.40667 S   24 
-0.01612 -0.58115  1.00367 B   25 
 0.01243 -0.87808  0.90584 L   25 
-0.28505 -0.42158  1.05848 B   26 
-0.19535 -0.15999  0.91994 B   27 
-0.04995 -0.02160  1.19125 N   27 
-0.16731 -0.26737  0.63259 B   28 
 0.27612 -0.22008  0.62013 W   28 
-0.45492 -0.37311  0.60416 B   29 
-0.47956 -0.61992  0.68199 V   29 
-0.59488 -0.10881  0.66778 B   30 
-0.66413  0.01974  0.90370 X   30 
-0.47747  0.05283  0.43467 B   31 
-0.27216  0.10148  0.49239 A   31 
-0.57215 -0.12324  0.19854 B   32 
-0.44215 -0.29465  0.19251 A   32 
-0.87109 -0.09294  0.25965 B   33 
-1.16000 -0.21651  0.39258 K   33 
-0.87640  0.24293  0.23508 B   34 
-1.04478  0.22423  0.60967 F   34 
-0.72598  0.26507 -0.04658 B   35 
-0.44897  0.44113  0.08051 E   35 
-0.85658 -0.01587 -0.22156 B   36 
-0.65776 -0.10770 -0.25569 S   36 
-1.02542 -0.24942 -0.10141 B   37 
-1.30582 -0.20246 -0.06339 N   37 
-0.82847 -0.49021 -0.19755 B   38 
-0.89378 -0.55802  0.20484 F   38 
-0.75719 -0.36254 -0.49433 B   39 
-0.97221 -0.36885 -0.70432 N   39 
-0.50952 -0.39747 -0.73446 B   40 
-0.44825 -0.63846 -0.71691 T   40 
-0.67157 -0.21446 -0.96947 B   41 
-0.78259 -0.50823 -1.21596 Q   41 
-0.65756  0.04573 -0.82865 B   42 
-0.77473  0.03747 -0.65288 A   42 
-0.73284  0.38140 -0.95115 B   43 
-0.64155  0.30461 -1.16484 T   43 
-0.62105  0.73334 -0.88805 B   44 
-0.84997  0.60943 -0.67311 N   44 
-0.66631  1.05034 -0.95445 B   45 
-0.49940  1.16867 -1.41834 R   45 
-0.48012  1.34011 -0.91783 B   46 
-0.33495  1.13426 -0.68572 N   46 
-0.46319  1.67674 -0.90662 B   47 
-0.61559  1.79208 -0.73274 T   47 
-0.14343  1.66313 -1.00318 B   48 
-0.01518  1.53075 -0.81248 D   48 
-0.17542  1.40952 -1.23142 B   49 
-0.14015  1.18075 -1.08802 B   50 
 0.01365  1.19543 -0.89688 S   50 
-0.13593  0.82211 -0.97392 B   51 
-0.30715  0.79359 -1.18366 T   51 
-0.29000  0.56805 -0.80375 B   52 
-0.26071  0.75708 -0.51857 D   52 
-0.16879  0.22825 -0.72301 B   53 
-0.10819  0.39849 -1.16807 Y   53 
-0.32648 -0.02491 -0.60067 B   54 
-0.35469 -0.16168 -0.27673 B   55 
-0.35006 -0.42952 -0.23017 I   55 
-0.15444  0.11288 -0.18543 B   56 
-0.02942 -0.08216  0.03738 L   56 
-0.16108  0.36539 -0.35458 B   57 
-0.49323  0.38178 -0.44878 Q   57 
 0.07745  0.41707 -0.54857 B   58 
 0.28858  0.22105 -0.43421 I   58 
 0.25153  0.69018 -0.66446 B   59 
 0.16852  0.98134 -0.63053 N   59 
 0.36053  0.84032 -0.98152 B   60 
 0.17324  0.85200 -1.11312 S   60 
 0.55518  1.08137 -0.88075 B   61 
 0.37062  1.46550 -0.93543 R   61 
 0.76317  0.86627 -0.71237 B   62 
 0.74509  1.25003 -0.46689 W   62 
 0.73526  0.52761 -0.76411 B   63 
 0.73492  0.63632 -0.33961 W   63 
 0.60082  0.51808 -1.06033 B   64 
 0.39387  0.37043 -1.00525 X   64 
 0.54543  0.44731 -1.41020 B   65 
 0.71216  0.57135 -1.62241 N   65 
 0.28140  0.58742 -1.65359 B   66 
 0.14342  0.72944 -1.47066 D   66 
 0.35957  0.81461 -1.88296 B   67 
 0.16864  1.08189 -1.72906 B   68 
-0.26996  0.91054 -1.67607 R   68 
 0.39705  1.21125 -1.51017 B   69 
 0.25974  1.10647 -1.32202 T   69 
 0.53262  1.48509 -1.46395 B   70 
 0.37937  1.57881 -1.58014 P   70 
 0.81082  1.47293 -1.26961 B   71 
 0.88033  1.18571 -1.22386 B   72 
 0.71441  1.05116 -1.32794 S   72 
 1.07029  0.90814 -1.04331 B   73 
 1.29510  1.13105 -0.87765 R   73 
 1.06341  0.59383 -0.99498 B   74 
 0.99743  0.41442 -1.19849 N   74 
 1.18238  0.45568 -0.71614 B   75 
 1.20671  0.74033 -0.56399 L   75 
 1.07701  0.14568 -0.77452 B   76 
 0.88023  0.17034 -0.53541 X   76 
 1.12895  0.07229 -1.06064 B   77 
 1.37147  0.06184 -1.18521 N   77 
 0.81911  0.08198 -1.20143 B   78 
 0.77593 -0.15794 -1.03633 I   78 
 0.54824  0.00185 -1.34559 B   79 
 0.63525 -0.11602 -1.49464 P   79 
 0.24264  0.08006 -1.23449 B   80 
 0.26876  0.39340 -1.20444 X   80 
 0.10747 -0.18731 -1.34003 B   81 
 0.16681 -0.18145 -1.57221 S   81 
 0.25192 -0.37971 -1.13857 B   82 
 0.45509 -0.37274 -1.19325 A   82 
 0.05558 -0.26468 -0.90186 B   83 
 0.26296 -0.03811 -0.78876 L   83 
-0.20163 -0.45176 -1.03697 B   84 
-0.28561 -0.15476 -1.15095 L   84 
-0.13624 -0.71726 -0.97099 B   85 
 0.04783 -0.86601 -1.07655 S   85 
-0.19961 -1.01954 -0.80833 B   86 
-0.28256 -1.17532 -0.97022 S   86 
 0.09791 -0.97661 -0.74920 B   87 
 0.33163 -1.15151 -0.76488 D   87 
 0.22146 -0.80196 -0.45896 B   88 
 0.03995 -0.84516 -0.26693 I   88 
 0.53026 -0.77629 -0.46819 B   89 
 0.63033 -1.01387 -0.53155 T   89 
 0.56442 -0.48940 -0.58341 B   90 
 0.52789 -0.50630 -0.79700 A   90 
 0.40372 -0.33343 -0.36657 B   91 
 0.15390 -0.33115 -0.48015 S   91 
 0.56711 -0.42562 -0.12454 B   92 
 0.48716 -0.65691 -0.03054 V   92 
 0.84701 -0.32929 -0.20542 B   93 
 0.96461 -0.61714 -0.33387 N   93 
 0.74988 -0.03726 -0.23342 B   94 
 0.66460  0.10217 -0.46682 X   94 
 0.63102  0.00378  0.04878 B   95 
 0.44441 -0.10354  0.05096 A   95 
 0.89576 -0.03834  0.20225 B   96 
 0.93051 -0.50222  0.22481 K   96 
 1.01545  0.22554  0.08752 B   97 
 1.20447  0.15029 -0.23950 K   97 
 0.80061  0.42590  0.18242 B   98 
 0.57593  0.42275 -0.03134 I   98 
 0.81131  0.36863  0.49797 B   99 
 0.70937  0.17803  0.58221 V   99 
 1.13712  0.44467  0.48840 B   100 
 1.18946  0.18838  0.46825 S   100 
 1.12819  0.76584  0.41170 B   101 
 1.05230  0.88185  0.17049 D   101 
 1.01595  0.90600  0.72826 B   102 
 0.67588  0.90820  0.76817 B   103 
 0.70154  1.20410  0.63759 N   103 
 0.59560  0.64536  0.72940 B   104 
 0.24994  0.57231  0.71520 B   105 
 0.16973  0.19558  0.78892 M   105 
 0.17470  0.87730  0.64647 B   106 
 0.22745  0.96436  0.96112 N   106 
 0.18469  0.83304  0.33561 B   107 
 0.37998  0.76505  0.30432 A   107 
-0.10118  0.71864  0.41084 B   108 
 0.13571  0.35819  0.23141 W   108 
-0.38597  0.88784  0.43005 B   109 
-0.39167  1.08603  0.26804 V   109 
-0.57845  0.65771  0.51927 B   110 
-0.64478  0.56438  0.33795 A   110 
-0.41494  0.56876  0.76030 B   111 
-0.09984  0.43649  0.94691 W   111 
-0.40375  0.83679  0.91577 B   112 
-0.26603  1.21184  0.77904 R   112 
-0.73197  0.89342  0.90296 B   113 
-0.68484  1.16105  0.72561 N   113 
-0.82038  0.55536  0.97060 B   114 
-1.14600  0.57702  0.58867 R   114 
-0.57573  0.39674  1.14404 B   115 
-0.58123  0.23797  0.86773 X   115 
-0.44546  0.58008  1.32207 B   116 
-0.09317  0.85120  1.30048 K   116 
-0.50113  0.50397  1.66465 B   117 
-0.61908  0.23409  1.61728 B   118 
-0.77861  0.29407  1.42147 T   118 
-0.74210 -0.10013  1.61632 B   119 
-0.79229 -0.28261  1.83168 D   119 
-0.55559 -0.27782  1.39253 B   120 
-0.39155 -0.09648  1.34082 V   120 
-0.58788 -0.57298  1.49211 B   121 
-0.38108 -0.56052  1.85352 Q   121 
-0.87683 -0.61221  1.37387 B   122 
-0.99310 -0.47458  1.47629 A   122 
-0.76144 -0.67919  1.07565 B   123 
-0.91883 -0.30709  0.93322 W   123 
-0.65938 -0.98887  1.19123 B   124 
-0.39990 -0.91858  1.19215 I   124 
-0.89226 -1.11911  1.28092 B   125 
-0.92099 -0.81323  1.69804 R   125 
-0.93004 -1.46757  1.22842 B   126 
-0.64548 -1.50696  1.13466 B   127 
-0.69874 -1.27486  0.91631 X   127 
-0.40521 -1.74712  1.00206 B   128 
-0.30488 -2.05141  1.25068 R   128 
-0.07141 -1.68017  1.16373 B   129 
-0.13634 -1.46007  1.04197 L   129 
