246 
-1.27309 -0.37548  0.15864 B   1 
-1.21780 -0.77813  0.26376 K   1 
-1.25364 -0.40819  0.51491 B   2 
-1.33583 -0.17435  0.59060 V   2 
-0.99869 -0.47376  0.69897 B   3 
-0.81974 -0.70142  0.37638 F   3 
-0.84464 -0.62511  0.93001 B   4 
-0.56243 -0.62753  1.08203 B   5 
-0.40074 -0.50316  1.46672 R   5 
-0.50264 -0.93992  1.10877 B   6 
-0.48023 -0.96264  1.42079 X   6 
-0.60781 -0.99499  0.82151 B   7 
-0.97749 -0.98613  0.69637 E   7 
-0.40145 -0.82839  0.66217 B   8 
-0.43175 -0.54390  0.55147 L   8 
-0.14371 -0.95005  0.77264 B   9 
-0.12401 -0.87764  0.97643 A   9 
-0.19678 -1.23116  0.66471 B   10 
-0.35264 -1.31655  0.79216 A   10 
-0.21326 -1.15545  0.36448 B   11 
-0.41504 -1.08379  0.33128 A   11 
 0.05962 -1.01021  0.34452 B   12 
-0.02651 -0.59884  0.43368 M   12 
 0.22022 -1.25627  0.42273 B   13 
 0.33000 -1.42527  0.80691 K   13 
 0.13478 -1.45979  0.21209 B   14 
-0.28210 -1.54929  0.05462 R   14 
 0.23793 -1.24239 -0.01349 B   15 
-0.12904 -1.19769 -0.13567 H   15 
 0.54260 -1.16136  0.11335 B   16 
 0.58449 -0.87900  0.29287 B   17 
 0.36963 -0.69793  0.13072 L   17 
 0.74666 -0.99350  0.50534 B   18 
 0.70832 -1.07181  0.79986 D   18 
 1.05117 -0.84436  0.47726 B   19 
 1.07573 -1.01230  0.75079 N   19 
 1.02366 -0.67929  0.24091 B   20 
 0.91504 -0.75052 -0.18139 Y   20 
 1.29978 -0.51531  0.18093 B   21 
 1.36348 -0.54031 -0.28904 R   21 
 1.31224 -0.50633  0.52103 B   22 
 0.99564 -0.49312  0.58887 B   23 
 1.10308 -0.06914  0.41567 Y   23 
 0.81090 -0.53851  0.82548 B   24 
 0.88384 -0.51758  1.04716 S   24 
 0.48632 -0.60887  0.85914 B   25 
 0.33174 -0.88141  0.83953 L   25 
 0.41254 -0.35832  1.03961 B   26 
 0.46367 -0.14569  0.82086 B   27 
 0.79234 -0.10379  0.88514 N   27 
 0.24304 -0.22938  0.62287 B   28 
 0.52794 -0.36775  0.30868 W   28 
 0.00646 -0.20453  0.81811 B   29 
-0.04120 -0.42516  0.94707 V   29 
 0.05614  0.08723  0.89492 B   30 
 0.22257  0.21160  1.07880 X   30 
 0.02354  0.20608  0.61374 B   31 
 0.20912  0.16072  0.50721 A   31 
-0.26211  0.10604  0.54955 B   32 
-0.24524 -0.10240  0.49874 A   32 
-0.39558  0.25111  0.78442 B   33 
-0.52665  0.24614  1.09938 K   33 
-0.29822  0.56017  0.69255 B   34 
-0.14861  0.57953  1.07499 F   34 
-0.39300  0.54316  0.38729 B   35 
-0.06954  0.57779  0.25293 E   35 
-0.69522  0.35738  0.41477 B   36 
-0.62704  0.19529  0.27983 S   36 
-0.79878  0.20436  0.66647 B   37 
-0.93093  0.35894  0.86873 N   37 
-0.82730 -0.08665  0.52324 B   38 
-0.61114 -0.15669  0.86842 F   38 
-0.94504  0.02596  0.23529 B   39 
-1.22807  0.12713  0.23019 N   39 
-0.97012 -0.08648 -0.09175 B   40 
-1.00413 -0.33186 -0.06403 T   40 
-1.17111  0.16687 -0.19373 B   41 
-1.51548 -0.03232 -0.22712 Q   41 
-0.97284  0.38479 -0.16328 B   42 
-0.92629  0.41003  0.04139 A   42 
-0.98758  0.73106 -0.27828 B   43 
-1.10659  0.64263 -0.47300 T   43 
-0.75028  0.99883 -0.38928 B   44 
-0.78678  0.96167 -0.05574 N   44 
-0.71368  1.31089 -0.47999 B   45 
-0.89156  1.39038 -0.94807 R   45 
-0.47018  1.49399 -0.64479 B   46 
-0.28976  1.22712 -0.52837 N   46 
-0.33369  1.79146 -0.72616 B   47 
-0.26712  1.94348 -0.52813 T   47 
-0.20610  1.65608 -1.00392 B   48 
-0.03937  1.46647 -0.92275 D   48 
-0.47428  1.45922 -1.08612 B   49 
-0.43245  1.22455 -0.95450 B   50 
-0.19787  1.15780 -0.92410 S   50 
-0.47601  0.88740 -0.79297 B   51 
-0.73930  0.95039 -0.82181 T   51 
-0.54265  0.70530 -0.51075 B   52 
-0.25908  0.83969 -0.37129 D   52 
-0.52980  0.34007 -0.45497 B   53 
-0.74274  0.50873 -0.85113 Y   53 
-0.63175  0.16448 -0.20457 B   54 
-0.47134  0.02352  0.07621 B   55 
-0.52992 -0.22548  0.16838 I   55 
-0.18625  0.18223 -0.05551 B   56 
-0.02112 -0.06572  0.06517 L   56 
-0.21983  0.42893 -0.22995 B   57 
-0.48728  0.58869 -0.08025 Q   57 
-0.18804  0.39477 -0.53821 B   58 
-0.04514  0.12004 -0.55157 I   58 
-0.06436  0.58115 -0.79953 B   59 
 0.00959  0.87646 -0.78786 N   59 
-0.16481  0.70041 -1.13215 B   60 
-0.36953  0.79960 -1.10410 S   60 
 0.11163  0.83018 -1.24565 B   61 
 0.09294  1.25940 -1.25113 R   61 
 0.28358  0.53469 -1.21408 B   62 
 0.57817  0.86871 -1.11659 W   62 
 0.11125  0.24347 -1.15377 B   63 
 0.44534  0.30491 -0.87695 W   63 
-0.18273  0.31616 -1.27293 B   64 
-0.32537  0.26247 -1.06213 X   64 
-0.48626  0.30549 -1.46849 B   65 
-0.48665  0.36812 -1.75884 N   65 
-0.77184  0.56260 -1.49878 B   66 
-0.68059  0.73211 -1.31008 D   66 
-0.80335  0.75674 -1.76646 B   67 
-0.72148  1.06422 -1.59231 B   68 
-1.01860  1.08449 -1.22373 R   68 
-0.38071  1.06840 -1.61832 B   69 
-0.37197  1.01326 -1.36909 T   69 
-0.16773  1.25702 -1.73899 B   70 
-0.31164  1.41530 -1.74161 P   70 
 0.13737  1.11449 -1.78267 B   71 
 0.11196  0.82129 -1.72964 B   72 
-0.11150  0.77661 -1.66228 S   72 
 0.25922  0.47547 -1.66297 B   73 
 0.59343  0.57068 -1.74614 R   73 
 0.17839  0.18889 -1.55112 B   74 
-0.06774  0.07114 -1.61038 N   74 
 0.39879 -0.00990 -1.39978 B   75 
 0.61999  0.22496 -1.37380 L   75 
 0.18349 -0.24268 -1.29941 B   76 
 0.23605 -0.16040 -1.00451 X   76 
-0.00942 -0.30547 -1.52030 B   77 
 0.05149 -0.40374 -1.76743 N   77 
-0.29780 -0.15687 -1.41697 B   78 
-0.29374 -0.37130 -1.21525 I   78 
-0.59568 -0.10550 -1.32107 B   79 
-0.68667 -0.23511 -1.45745 P   79 
-0.68164  0.08138 -1.05736 B   80 
-0.53443  0.35228 -1.12603 X   80 
-0.93348 -0.09632 -0.98063 B   81 
-1.05635 -0.09500 -1.18646 S   81 
-0.77018 -0.34800 -0.88864 B   82 
-0.67898 -0.42042 -1.06401 A   82 
-0.68733 -0.18370 -0.61670 B   83 
-0.39941 -0.07338 -0.72651 L   83 
-1.00790 -0.23577 -0.49861 B   84 
-1.03569  0.07825 -0.59281 L   84 
-1.01415 -0.50933 -0.43351 B   85 
-1.02499 -0.71072 -0.59624 S   85 
-1.04628 -0.77182 -0.20566 B   86 
-1.26568 -0.86481 -0.22955 S   86 
-0.80412 -0.86044 -0.37108 B   87 
-0.73041 -1.11386 -0.49679 D   87 
-0.46318 -0.77832 -0.28726 B   88 
-0.45775 -0.75974 -0.02021 I   88 
-0.26773 -0.88122 -0.50476 B   89 
-0.33276 -1.13235 -0.56112 T   89 
-0.22613 -0.62485 -0.67592 B   90 
-0.40390 -0.60638 -0.79961 A   90 
-0.12052 -0.43632 -0.45127 B   91 
-0.35502 -0.32152 -0.36671 S   91 
 0.11806 -0.60844 -0.36625 B   92 
 0.05257 -0.79366 -0.19269 V   92 
 0.27026 -0.62905 -0.63191 B   93 
 0.15313 -0.92727 -0.73452 N   93 
 0.29250 -0.32169 -0.65510 B   94 
 0.12529 -0.13960 -0.79679 X   94 
 0.42953 -0.26038 -0.38508 B   95 
 0.27684 -0.28120 -0.23475 A   95 
 0.68720 -0.42097 -0.44193 B   96 
 0.56192 -0.85810 -0.34133 K   96 
 0.77448 -0.22071 -0.66418 B   97 
 0.63800 -0.33796 -1.00470 K   97 
 0.77677  0.04109 -0.50058 B   98 
 0.48619  0.14943 -0.50268 I   98 
 0.98352 -0.04302 -0.27004 B   99 
 0.91176 -0.18142 -0.09826 V   99 
 1.20704 -0.10718 -0.51077 B   100 
 1.13577 -0.35946 -0.50037 S   100 
 1.26061  0.19462 -0.63389 B   101 
 1.08561  0.35229 -0.78192 D   101 
 1.46052  0.34011 -0.36683 B   102 
 1.27671  0.47846 -0.11322 B   103 
 1.30543  0.74785 -0.29175 N   103 
 1.10731  0.27642 -0.02650 B   104 
 0.85586  0.35356  0.20980 B   105 
 0.72504  0.03828  0.40287 M   105 
 0.86789  0.66725  0.14012 B   106 
 1.15091  0.69687  0.30861 N   106 
 0.64174  0.65032 -0.07727 B   107 
 0.71804  0.51107 -0.21338 A   107 
 0.47551  0.65748  0.19253 B   108 
 0.37186  0.24881 -0.00866 W   108 
 0.37038  0.92644  0.35598 B   109 
 0.32330  1.12283  0.19860 V   109 
 0.23166  0.78896  0.60058 B   110 
 0.03099  0.74751  0.53736 A   110 
 0.47076  0.61982  0.68404 B   111 
 0.75138  0.35382  0.63825 W   111 
 0.68025  0.84472  0.72497 B   112 
 0.80243  1.14037  0.44932 R   112 
 0.48614  1.03222  0.92060 B   113 
 0.48573  1.27123  0.70113 N   113 
 0.35953  0.75592  1.10582 B   114 
-0.10274  0.94308  1.04540 R   114 
 0.57772  0.49614  1.10354 B   115 
 0.32580  0.37865  0.94757 X   115 
 0.84761  0.59325  1.10109 B   116 
 1.14770  0.69624  0.78898 K   116 
 1.02514  0.51697  1.39928 B   117 
 0.82375  0.32480  1.50652 B   118 
 0.60852  0.46204  1.45928 T   118 
 0.62900  0.07225  1.66505 B   119 
 0.68389 -0.09160  1.89382 D   119 
 0.52704 -0.14599  1.42335 B   120 
 0.65704 -0.04439  1.23562 V   120 
 0.47281 -0.40925  1.58407 B   121 
 0.85850 -0.51478  1.70086 Q   121 
 0.19605 -0.31561  1.70092 B   122 
 0.24316 -0.15193  1.81899 A   122 
 0.03658 -0.39761  1.42782 B   123 
-0.03058  0.01724  1.34470 W   123 
 0.07234 -0.73071  1.51410 B   124 
 0.25972 -0.77374  1.32620 I   124 
-0.05624 -0.76097  1.76268 B   125 
 0.32413 -0.50832  2.00735 R   125 
-0.23871 -1.05697  1.83128 B   126 
-0.14019 -1.20149  1.58486 B   127 
-0.24438 -0.94982  1.41112 X   127 
-0.16685 -1.50654  1.38680 B   128 
-0.03746 -1.84573  1.56758 R   128 
 0.17793 -1.59730  1.26464 B   129 
 0.12963 -1.36020  1.17010 L   129 
