246 
-0.42149 -0.56292 -1.13683 B   1 
-0.34241 -0.96641 -1.05209 K   1 
-0.71056 -0.71728 -0.99196 B   2 
-0.89139 -0.53773 -1.03919 V   2 
-0.75973 -0.81158 -0.68886 B   3 
-0.33551 -0.88569 -0.63923 F   3 
-0.85096 -1.01462 -0.46422 B   4 
-0.88708 -1.03565 -0.14639 B   5 
-1.21224 -1.03682  0.14321 R   5 
-0.77272 -1.32713 -0.08442 B   6 
-1.02632 -1.45614  0.04755 X   6 
-0.53893 -1.28928 -0.28571 B   7 
-0.55770 -1.28274 -0.67559 E   7 
-0.39489 -1.05263 -0.14794 B   8 
-0.41635 -0.75353 -0.21262 L   8 
-0.35844 -1.17244  0.13091 B   9 
-0.55519 -1.17523  0.22277 A   9 
-0.17719 -1.40119  0.03976 B   10 
-0.30732 -1.54498 -0.06132 A   10 
 0.04828 -1.22652 -0.08187 B   11 
-0.01743 -1.17350 -0.28144 A   11 
 0.10213 -1.05085  0.16752 B   12 
-0.15842 -0.71209  0.12335 M   12 
 0.18077 -1.28657  0.34274 B   13 
-0.05097 -1.56584  0.58046 K   13 
 0.41079 -1.41101  0.18558 B   14 
 0.44116 -1.49001 -0.26099 R   14 
 0.55845 -1.11664  0.20387 B   15 
 0.52454 -1.07761 -0.18203 H   15 
 0.52022 -1.04861  0.53461 B   16 
 0.27289 -0.84551  0.64085 B   17 
 0.27309 -0.64696  0.38429 L   17 
 0.18656 -1.00680  0.86687 B   18 
-0.05133 -1.18869  0.93524 D   18 
 0.25652 -0.82069  1.14295 B   19 
 0.09152 -1.07032  1.26161 N   19 
 0.38951 -0.58728  1.03477 B   20 
 0.74492 -0.51690  0.78191 Y   20 
 0.47197 -0.37963  1.27312 B   21 
 0.90881 -0.22802  1.16475 R   21 
 0.17885 -0.49048  1.40615 B   22 
 0.00942 -0.54180  1.13473 B   23 
 0.03556 -0.07410  1.17797 Y   23 
-0.23975 -0.69088  1.04603 B   24 
-0.41480 -0.74109  1.19346 S   24 
-0.35088 -0.80848  0.75405 B   25 
-0.28311 -1.07331  0.59966 L   25 
-0.62573 -0.64961  0.75222 B   26 
-0.49957 -0.36858  0.72431 B   27 
-0.46100 -0.31160  1.05472 N   27 
-0.37075 -0.40334  0.44667 B   28 
 0.04805 -0.38449  0.59925 W   28 
-0.62791 -0.47911  0.29556 B   29 
-0.67231 -0.73525  0.29461 V   29 
-0.78741 -0.22987  0.37255 B   30 
-0.93745 -0.15917  0.59496 X   30 
-0.60001 -0.02400  0.24312 B   31 
-0.42885 -0.00508  0.37800 A   31 
-0.60242 -0.12951 -0.04771 B   32 
-0.47447 -0.30250 -0.05235 A   32 
-0.90456 -0.09512 -0.08705 B   33 
-1.21869 -0.22788 -0.09722 K   33 
-0.90885  0.23598 -0.02548 B   34 
-1.19661  0.13681  0.25088 F   34 
-0.67035  0.31677 -0.22308 B   35 
-0.45912  0.43688  0.03156 E   35 
-0.72525  0.09720 -0.49763 B   36 
-0.52489  0.00343 -0.48384 S   36 
-0.91984 -0.14683 -0.50629 B   37 
-1.19695 -0.09189 -0.55592 N   37 
-0.69615 -0.36917 -0.58719 B   38 
-0.89584 -0.52965 -0.26292 F   38 
-0.52903 -0.17729 -0.79864 B   39 
-0.65729 -0.11703 -1.06376 N   39 
-0.21251 -0.16850 -0.93993 B   40 
-0.15555 -0.40993 -0.96450 T   40 
-0.28685  0.07737 -1.16130 B   41 
-0.29821 -0.13826 -1.49708 Q   41 
-0.32884  0.29319 -0.96283 B   42 
-0.49964  0.24972 -0.84608 A   42 
-0.36461  0.65300 -1.01383 B   43 
-0.20287  0.62536 -1.19541 T   43 
-0.29007  0.97009 -0.82880 B   44 
-0.57652  0.81270 -0.74436 N   44 
-0.31680  1.29598 -0.82355 B   45 
-0.00166  1.51362 -1.15578 R   45 
-0.16184  1.55449 -0.65284 B   46 
-0.10177  1.28839 -0.44570 N   46 
-0.15777  1.87600 -0.55111 B   47 
-0.36382  1.95485 -0.41663 T   47 
 0.17583  1.86508 -0.53245 B   48 
 0.23274  1.68137 -0.34982 D   48 
 0.23125  1.67843 -0.81445 B   49 
 0.21975  1.41949 -0.73100 B   50 
 0.29700  1.37611 -0.50175 S   50 
 0.19239  1.04435 -0.71777 B   51 
 0.10560  1.08012 -0.97333 T   51 
-0.00529  0.76713 -0.68137 B   52 
-0.08155  0.87749 -0.36526 D   52 
 0.08816  0.41054 -0.65346 B   53 
 0.29589  0.68090 -0.99183 Y   53 
-0.09628  0.14626 -0.66133 B   54 
-0.23227 -0.06403 -0.41289 B   55 
-0.23787 -0.33475 -0.43746 I   55 
-0.08283  0.16533 -0.19179 B   56 
-0.03866 -0.08666  0.00280 L   56 
-0.03609  0.45163 -0.28268 B   57 
-0.31495  0.51317 -0.47739 Q   57 
 0.25377  0.53338 -0.36329 B   58 
 0.41642  0.30140 -0.23756 I   58 
 0.45086  0.81425 -0.33890 B   59 
 0.35443  1.09293 -0.26243 N   59 
 0.65986  1.03030 -0.55006 B   60 
 0.52988  1.08672 -0.73021 S   60 
 0.80156  1.22529 -0.33087 B   61 
 0.63862  1.62259 -0.34559 R   61 
 0.94289  0.96174 -0.16221 B   62 
 0.83151  1.27334  0.15140 W   62 
 0.94268  0.64903 -0.30487 B   63 
 0.79205  0.64933  0.10662 W   63 
 0.92004  0.72202 -0.62121 B   64 
 0.71038  0.57966 -0.67987 X   64 
 0.99158  0.74372 -0.97462 B   65 
 1.21881  0.90477 -1.07785 N   65 
 0.82559  0.95708 -1.24940 B   66 
 0.62927  1.05853 -1.09500 D   66 
 0.97337  1.22805 -1.37217 B   67 
 0.73460  1.46133 -1.23022 B   68 
 0.30913  1.31222 -1.37611 R   68 
 0.86943  1.51692 -0.92111 B   69 
 0.67770  1.37845 -0.82467 T   69 
 0.97396  1.76107 -0.76311 B   70 
 0.86860  1.89070 -0.89676 P   70 
 1.16732  1.68255 -0.49524 B   71 
 1.22327  1.38891 -0.50327 B   72 
 1.10715  1.29574 -0.68848 S   72 
 1.34494  1.06319 -0.34571 B   73 
 1.49273  1.22259 -0.06212 R   73 
 1.32903  0.74788 -0.38446 B   74 
 1.34225  0.62913 -0.63681 N   74 
 1.34669  0.53745 -0.12677 B   75 
 1.30987  0.77341  0.09171 L   75 
 1.27553  0.25930 -0.29465 B   76 
 1.00731  0.23740 -0.13948 X   76 
 1.42554  0.25549 -0.55432 B   77 
 1.69642  0.25976 -0.58663 N   77 
 1.18395  0.32054 -0.78525 B   78 
 1.09163  0.05076 -0.71187 I   78 
 0.98216  0.29696 -1.02876 B   79 
 1.11836  0.21394 -1.16382 P   79 
 0.65526  0.36577 -1.01297 B   80 
 0.66194  0.65950 -0.89698 X   80 
 0.57159  0.14249 -1.22282 B   81 
 0.70789  0.20147 -1.41099 S   81 
 0.64134 -0.10299 -1.04022 B   82 
 0.85062 -0.09647 -1.01835 A   82 
 0.37224 -0.03697 -0.86404 B   83 
 0.52190  0.14013 -0.63302 L   83 
 0.18261 -0.16710 -1.12196 B   84 
 0.13663  0.15382 -1.17808 L   84 
 0.22714 -0.44445 -1.10757 B   85 
 0.43989 -0.57462 -1.17794 S   85 
 0.11822 -0.77254 -1.05920 B   86 
 0.10049 -0.87757 -1.27370 S   86 
 0.37545 -0.76573 -0.89294 B   87 
 0.60404 -0.94672 -0.87169 D   87 
 0.38611 -0.67690 -0.54365 B   88 
 0.15017 -0.75381 -0.44314 I   88 
 0.67811 -0.67066 -0.43976 B   89 
 0.79952 -0.89144 -0.52335 T   89 
 0.74351 -0.36718 -0.45914 B   90 
 0.78403 -0.32833 -0.66912 A   90 
 0.51378 -0.25909 -0.27829 B   91 
 0.31913 -0.21197 -0.46595 S   91 
 0.58480 -0.41900 -0.02698 B   92 
 0.48258 -0.66039 -0.02829 V   92 
 0.87301 -0.32481  0.02023 B   93 
 1.03468 -0.57930 -0.12904 N   93 
 0.78489 -0.02903  0.03610 B   94 
 0.78295  0.16913 -0.16864 X   94 
 0.57429 -0.05100  0.26108 B   95 
 0.40117 -0.14269  0.17182 A   95 
 0.76996 -0.14748  0.47976 B   96 
 0.80554 -0.60383  0.39382 K   96 
 0.91589  0.12784  0.48422 B   97 
 1.20863  0.12308  0.23401 K   97 
 0.67681  0.31261  0.54758 B   98 
 0.54074  0.37751  0.27655 I   98 
 0.57834  0.17862  0.82201 B   99 
 0.45795 -0.01954  0.81473 V   99 
 0.88522  0.23250  0.94427 B   100 
 0.94729 -0.01382  0.87864 S   100 
 0.89602  0.56251  0.95370 B   101 
 0.90615  0.73933  0.73916 D   101 
 0.67735  0.62743  1.23728 B   102 
 0.34471  0.64266  1.15754 B   103 
 0.40728  0.95922  1.12364 N   103 
 0.28913  0.40357  1.02800 B   104 
-0.02815  0.35981  0.87821 B   105 
-0.12016 -0.01716  0.82141 M   105 
-0.08189  0.67668  0.86804 B   106 
-0.14402  0.67960  1.19284 N   106 
 0.03673  0.70997  0.57906 B   107 
 0.23223  0.63878  0.60027 A   107 
-0.25468  0.60011  0.52007 B   108 
 0.03823  0.27997  0.34702 W   108 
-0.53223  0.77817  0.48309 B   109 
-0.48582  1.01013  0.38513 V   109 
-0.73828  0.54667  0.43923 B   110 
-0.73514  0.50569  0.22876 A   110 
-0.66686  0.39014  0.69051 B   111 
-0.43343  0.19492  0.93342 W   111 
-0.71678  0.61010  0.90326 B   112 
-0.54891  0.99711  0.92233 R   112 
-1.02124  0.69017  0.79375 B   113 
-0.92161  0.98949  0.71771 N   113 
-1.11972  0.35264  0.73850 B   114 
-1.29243  0.48987  0.28715 R   114 
-0.94710  0.13996  0.93867 B   115 
-0.85235  0.05507  0.64643 X   115 
-0.89129  0.26445  1.19099 B   116 
-0.55998  0.50808  1.36115 K   116 
-1.06094  0.11006  1.46235 B   117 
-1.14866 -0.13117  1.31035 B   118 
-1.23141 -0.01408  1.09395 T   118 
-1.25578 -0.44571  1.18219 B   119 
-1.37351 -0.67189  1.31326 D   119 
-0.99892 -0.57483  0.99836 B   120 
-0.83144 -0.39784  1.05397 V   120 
-1.05693 -0.88256  1.00214 B   121 
-0.98924 -0.97371  1.40295 Q   121 
-1.28565 -0.87178  0.78630 B   122 
-1.43349 -0.75617  0.87419 A   122 
-1.07212 -0.87070  0.53902 B   123 
-1.17876 -0.46520  0.45118 W   123 
-1.00945 -1.20549  0.59956 B   124 
-0.76825 -1.15529  0.70713 I   124 
-1.25587 -1.33780  0.56776 B   125 
-1.43517 -1.14315  1.01312 R   125 
-1.26483 -1.65915  0.41853 B   126 
-0.96460 -1.69330  0.42111 B   127 
-0.94393 -1.41143  0.26456 X   127 
-0.68763 -1.90894  0.32223 B   128 
-0.67303 -2.27125  0.50386 R   128 
-0.43266 -1.90668  0.59976 B   129 
-0.45628 -1.65946  0.52351 L   129 
