246 
-0.93513  0.93005 -0.21781 B   1 
-1.24990  0.68691 -0.35213 K   1 
-1.14248  0.83351  0.05798 B   2 
-1.05687  0.99386  0.24271 V   2 
-1.17129  0.54654  0.19940 B   3 
-1.07414  0.34874 -0.17390 F   3 
-1.33227  0.30263  0.32025 B   4 
-1.28676  0.02496  0.47384 B   5 
-1.33370 -0.13384  0.87655 R   5 
-1.49348 -0.16854  0.32651 B   6 
-1.66843 -0.25525  0.57196 X   6 
-1.42468 -0.04723  0.04873 B   7 
-1.52044  0.30543 -0.08860 E   7 
-1.12625 -0.12755  0.03394 B   8 
-0.88006  0.04318  0.09991 L   8 
-1.15330 -0.42792  0.08378 B   9 
-1.20388 -0.45105  0.29369 A   9 
-1.31681 -0.48367 -0.16850 B   10 
-1.51762 -0.40672 -0.12877 A   10 
-1.10826 -0.38131 -0.37385 B   11 
-1.13258 -0.16615 -0.38245 A   11 
-0.86990 -0.55505 -0.27923 B   12 
-0.66857 -0.31646  0.01596 M   12 
-1.01156 -0.81799 -0.33623 B   13 
-1.28838 -1.05856 -0.10449 K   13 
-1.07966 -0.79267 -0.63257 B   14 
-1.24873 -0.43527 -0.85677 R   14 
-0.75700 -0.74778 -0.68418 B   15 
-0.82792 -0.38245 -0.79863 H   15 
-0.62882 -1.00434 -0.50189 B   16 
-0.50841 -0.95127 -0.19142 B   17 
-0.39184 -0.65341 -0.24561 L   17 
-0.62968 -1.18292 -0.06419 B   18 
-0.86215 -1.23706  0.12913 D   18 
-0.36964 -1.38137  0.02936 B   19 
-0.62484 -1.52611  0.16182 N   19 
-0.13797 -1.24208 -0.07455 B   20 
-0.00887 -1.10006 -0.47251 Y   20 
 0.13676 -1.40321 -0.00185 B   21 
 0.40342 -1.38429 -0.39439 R   21 
-0.03570 -1.47250  0.28338 B   22 
-0.20871 -1.20003  0.31243 B   23 
 0.23277 -1.07863  0.42039 Y   23 
-0.45389 -1.10017  0.46106 B   24 
-0.52592 -1.19592  0.66241 S   24 
-0.67078 -0.85078  0.41423 B   25 
-0.92283 -0.82947  0.22828 L   25 
-0.62641 -0.70974  0.69517 B   26 
-0.33472 -0.62231  0.64088 B   27 
-0.18909 -0.90560  0.75244 N   27 
-0.38754 -0.42799  0.40779 B   28 
-0.18347 -0.68189  0.10297 W   28 
-0.58470 -0.24430  0.55643 B   29 
-0.83171 -0.32185  0.53297 V   29 
-0.39838 -0.17523  0.78882 B   30 
-0.33420 -0.30148  1.02740 X   30 
-0.17723 -0.04335  0.62162 B   31 
-0.06606 -0.20722  0.52869 A   31 
-0.34403  0.17671  0.48206 B   32 
-0.45528  0.08045  0.32499 A   32 
-0.43077  0.31453  0.74186 B   33 
-0.66537  0.37032  0.98323 K   33 
-0.11885  0.37995  0.85080 B   34 
-0.24397  0.18652  1.19131 F   34 
-0.00876  0.51195  0.58078 B   35 
 0.23713  0.26641  0.52483 E   35 
-0.29319  0.69254  0.46637 B   36 
-0.30263  0.58660  0.27191 S   36 
-0.58493  0.67124  0.57556 B   37 
-0.64669  0.81801  0.81413 N   37 
-0.72497  0.59599  0.29142 B   38 
-0.86216  0.31181  0.55826 F   38 
-0.54367  0.80145  0.10602 B   39 
-0.59982  1.09593  0.12833 N   39 
-0.45683  0.83446 -0.22804 B   40 
-0.66006  0.75263 -0.34696 T   40 
-0.31572  1.14053 -0.19077 B   41 
-0.59593  1.36359 -0.36715 Q   41 
-0.08788  1.05496 -0.02196 B   42 
-0.15978  0.98746  0.16504 A   42 
 0.21123  1.23963  0.07689 B   43 
 0.20000  1.34169 -0.14526 T   43 
 0.56880  1.16720  0.16196 B   44 
 0.34494  1.12221  0.41060 N   44 
 0.85427  1.28728  0.26700 B   45 
 1.08237  1.56430 -0.09117 R   45 
 1.18434  1.18240  0.26101 B   46 
 1.01641  0.88594  0.22576 N   46 
 1.50038  1.20635  0.37623 B   47 
 1.53044  1.17758  0.63124 T   47 
 1.61450  1.08577  0.08608 B   48 
 1.51375  0.84144  0.06390 D   48 
 1.39743  1.25161 -0.12083 B   49 
 1.18022  1.08856 -0.14039 B   50 
 1.22459  0.84715 -0.12781 S   50 
 0.83549  0.95076 -0.20223 B   51 
 0.77444  1.21556 -0.21873 T   51 
 0.52370  0.87867 -0.08041 B   52 
 0.67285  0.66162  0.13997 D   52 
 0.24251  0.69825 -0.23868 B   53 
 0.47819  1.03182 -0.49151 Y   53 
-0.06366  0.66595 -0.14308 B   54 
-0.24140  0.41185  0.02508 B   55 
-0.49342  0.33831 -0.04566 I   55 
 0.07268  0.25363  0.03697 B   56 
-0.09128 -0.02190  0.01421 L   56 
 0.32535  0.42247  0.02907 B   57 
 0.23358  0.70038  0.21292 Q   57 
 0.48319  0.43596 -0.23946 B   58 
 0.36291  0.19290 -0.38957 I   58 
 0.81285  0.45579 -0.33562 B   59 
 1.04817  0.51693 -0.15204 N   59 
 1.03101  0.65708 -0.55205 B   60 
 0.99147  0.87558 -0.49526 S   60 
 1.31088  0.49056 -0.54244 B   61 
 1.60710  0.69477 -0.30757 R   61 
 1.16498  0.20465 -0.66427 B   62 
 1.48235  0.07240 -0.36486 W   62 
 0.84828  0.21886 -0.79709 B   63 
 0.89483 -0.09959 -0.49971 W   63 
 0.82895  0.53146 -0.88549 B   64 
 0.61128  0.59531 -0.75817 X   64 
 0.78806  0.83019 -1.08443 B   65 
 0.98944  0.91089 -1.28730 N   65 
 0.85406  1.19936 -0.99535 B   66 
 0.91282  1.15815 -0.73550 D   66 
 1.12132  1.36056 -1.10902 B   67 
 1.28069  1.39029 -0.78453 B   68 
 0.95844  1.59365 -0.50285 R   68 
 1.45433  1.09643 -0.76691 B   69 
 1.28436  1.01915 -0.59263 T   69 
 1.75031  1.01278 -0.73689 B   70 
 1.79690  1.20900 -0.66549 P   70 
 1.81398  0.68978 -0.82009 B   71 
 1.56736  0.57493 -0.94423 B   72 
 1.39671  0.74018 -0.93812 S   72 
 1.35567  0.28246 -1.06823 B   73 
 1.62132  0.04444 -1.04698 R   73 
 1.05632  0.20860 -1.14636 B   74 
 0.89257  0.38521 -1.28761 N   74 
 0.93571 -0.09988 -1.11040 B   75 
 1.18842 -0.19748 -0.93327 L   75 
 0.61863 -0.02969 -1.18214 B   76 
 0.54065 -0.09417 -0.88844 X   76 
 0.60566  0.15348 -1.41927 B   77 
 0.69862  0.10223 -1.67061 N   77 
 0.52158  0.45347 -1.28196 B   78 
 0.26322  0.31972 -1.23672 I   78 
 0.36879  0.72091 -1.20643 B   79 
 0.30983  0.76968 -1.40091 P   79 
 0.31763  0.82975 -0.89436 B   80 
 0.61304  0.83038 -0.78251 X   80 
 0.03532  0.96045 -0.95843 B   81 
 0.09145  1.10700 -1.13964 S   81 
-0.11653  0.69017 -1.00701 B   82 
-0.03041  0.61033 -1.18172 A   82 
-0.11046  0.63886 -0.68275 B   83 
 0.15901  0.45310 -0.67982 L   83 
-0.35845  0.87723 -0.64964 B   84 
-0.09929  1.05558 -0.55327 L   84 
-0.58901  0.75183 -0.75078 B   85 
-0.64732  0.70354 -0.99861 S   85 
-0.91197  0.62429 -0.71503 B   86 
-1.06522  0.78165 -0.81047 S   86 
-0.77326  0.40250 -0.87448 B   87 
-0.84940  0.25026 -1.11215 D   87 
-0.60432  0.12230 -0.72296 B   88 
-0.73364  0.07675 -0.49298 I   88 
-0.46886 -0.05500 -0.93816 B   89 
-0.64477 -0.09661 -1.13258 T   89 
-0.17661  0.05116 -0.92986 B   90 
-0.17821  0.23855 -1.03998 A   90 
-0.11738 -0.00102 -0.62830 B   91 
-0.19029  0.24020 -0.51960 S   91 
-0.17491 -0.30179 -0.62976 B   92 
-0.42942 -0.35637 -0.59866 V   92 
 0.02467 -0.39635 -0.84282 B   93 
-0.18320 -0.40406 -1.10724 N   93 
 0.26361 -0.27801 -0.68660 B   94 
 0.39168 -0.02546 -0.71832 X   94 
 0.22319 -0.42154 -0.41602 B   95 
 0.05684 -0.32347 -0.32087 A   95 
 0.25952 -0.70817 -0.52527 B   96 
-0.16002 -0.80629 -0.70207 K   96 
 0.56103 -0.65735 -0.58549 B   97 
 0.60061 -0.52575 -0.94528 K   97 
 0.65742 -0.57541 -0.30389 B   98 
 0.60121 -0.27170 -0.27590 I   98 
 0.56821 -0.83644 -0.13996 B   99 
 0.34472 -0.86480 -0.08466 V   99 
 0.75641 -1.01739 -0.34941 B   100 
 0.54062 -1.06621 -0.49041 S   100 
 1.06005 -0.91080 -0.27488 B   101 
 1.17082 -0.66085 -0.32638 D   101 
 1.10934 -1.07260  0.04737 B   102 
 0.98457 -0.89675  0.31336 B   103 
 1.28406 -0.77222  0.32156 N   103 
 0.71761 -0.85116  0.25264 B   104 
 0.52810 -0.63912  0.46276 B   105 
 0.14153 -0.69626  0.42970 M   105 
 0.79202 -0.50052  0.58333 B   106 
 0.85150 -0.76798  0.76853 N   106 
 0.79413 -0.26874  0.37129 B   107 
 0.80511 -0.37169  0.18958 A   107 
 0.57641 -0.16842  0.57867 B   108 
 0.35055 -0.21803  0.17276 W   108 
 0.62855  0.01138  0.85264 B   109 
 0.83040  0.16711  0.82898 V   109 
 0.33543  0.02913  0.96097 B   110 
 0.24836  0.19959  0.86427 A   110 
 0.28108 -0.27051  0.95996 B   111 
 0.24783 -0.62527  0.80297 W   111 
 0.51330 -0.36485  1.14249 B   112 
 0.92689 -0.29354  1.09587 R   112 
 0.44981 -0.14793  1.38748 B   113 
 0.73677 -0.00345  1.34191 N   113 
 0.09684 -0.19038  1.37036 B   114 
 0.04881  0.30965  1.37642 R   114 
 0.01567 -0.49534  1.24583 B   115 
-0.09809 -0.29583  1.02483 X   115 
 0.20931 -0.69059  1.32743 B   116 
 0.58896 -0.85328  1.16168 K   116 
 0.07548 -0.93484  1.54808 B   117 
-0.21038 -0.86050  1.50630 B   118 
-0.18715 -0.60240  1.52164 T   118 
-0.56347 -0.82766  1.47334 B   119 
-0.77759 -0.98917  1.57466 D   119 
-0.63267 -0.78850  1.14149 B   120 
-0.39964 -0.82458  1.05867 V   120 
-0.92991 -0.88461  1.11939 B   121 
-0.89024 -1.29193  1.19723 Q   121 
-1.05463 -0.62125  1.23813 B   122 
-0.98194 -0.61316  1.43204 A   122 
-1.03742 -0.46637  0.95098 B   123 
-0.73146 -0.21148  1.10891 W   123 
-1.30204 -0.65859  0.83824 B   124 
-1.14424 -0.80814  0.68011 I   124 
-1.51726 -0.60386  1.01122 B   125 
-1.29754 -0.87405  1.39475 R   125 
-1.84647 -0.58430  0.88141 B   126 
-1.76914 -0.68896  0.60868 B   127 
-1.54578 -0.45584  0.59657 X   127 
-1.88846 -0.76193  0.27188 B   128 
-2.16559 -1.05663  0.24325 R   128 
-1.72756 -1.08305  0.15772 B   129 
-1.53174 -0.92003  0.20835 L   129 
