246 
 0.76410  0.17746  1.08239 B   1 
 1.09395 -0.06058  0.97862 K   1 
 1.01161  0.37588  0.91582 B   2 
 0.92445  0.61499  0.96479 V   2 
 1.09608  0.37664  0.60592 B   3 
 0.98842 -0.04188  0.57176 F   3 
 1.30225  0.37305  0.36614 B   4 
 1.31360  0.39142  0.04631 B   5 
 1.42584  0.68239 -0.25756 R   5 
 1.52866  0.16718 -0.02678 B   6 
 1.73962  0.34377 -0.17740 X   6 
 1.41374 -0.02709  0.18690 B   7 
 1.44290  0.00013  0.57524 E   7 
 1.12995 -0.06494  0.06957 B   8 
 0.87052  0.07761  0.15007 L   8 
 1.20473 -0.15230 -0.21365 B   9 
 1.28044  0.02450 -0.31449 A   9 
 1.34635 -0.40918 -0.12738 B   10 
 1.53726 -0.34694 -0.04073 A   10 
 1.10443 -0.54169  0.01423 B   11 
 1.09678 -0.45630  0.21325 A   11 
 0.90486 -0.52412 -0.22203 B   12 
 0.70461 -0.14747 -0.17075 M   12 
 1.07556 -0.69521 -0.40655 B   13 
 1.40718 -0.60175 -0.67017 K   13 
 1.10699 -0.95292 -0.24627 B   14 
 1.19825 -1.00431  0.19602 R   14 
 0.77756 -0.96832 -0.24100 B   15 
 0.78295 -0.91412  0.14453 H   15 
 0.70766 -0.91201 -0.56875 B   16 
 0.61511 -0.60551 -0.67457 B   17 
 0.45214 -0.52000 -0.40741 L   17 
 0.78115 -0.59661 -0.91312 B   18 
 1.03844 -0.45468 -1.00260 D   18 
 0.56365 -0.59001 -1.17467 B   19 
 0.84965 -0.54318 -1.31479 N   19 
 0.30467 -0.61441 -1.04740 B   20 
 0.11449 -0.90554 -0.77484 Y   20 
 0.06515 -0.60975 -1.26951 B   21 
-0.24225 -0.94492 -1.13269 R   21 
 0.27547 -0.38971 -1.42200 B   22 
 0.41001 -0.25069 -1.16202 B   23 
-0.03002 -0.08504 -1.17738 Y   23 
 0.65305 -0.08212 -1.09350 B   24 
 0.75927  0.05450 -1.25146 S   24 
 0.82587 -0.02294 -0.81411 B   25 
 1.05076 -0.18967 -0.67205 L   25 
 0.79241  0.29276 -0.81593 B   26 
 0.48710  0.29244 -0.76632 B   27 
 0.39621  0.27412 -1.09083 N   27 
 0.48625  0.16594 -0.48547 B   28 
 0.28876 -0.21176 -0.61726 W   28 
 0.67010  0.37282 -0.35091 B   29 
 0.92166  0.30915 -0.36656 V   29 
 0.50200  0.61846 -0.42090 B   30 
 0.48257  0.78002 -0.64561 X   30 
 0.24760  0.53357 -0.27148 B   31 
 0.15153  0.38238 -0.39704 A   31 
 0.36530  0.49835  0.01247 B   32 
 0.47155  0.31120  0.01317 A   32 
 0.45903  0.78903  0.03973 B   33 
 0.70794  1.02207  0.02786 K   33 
 0.15456  0.92653 -0.00307 B   34 
 0.34195  1.14370 -0.29759 F   34 
-0.00168  0.74535  0.20957 B   35 
-0.21467  0.59648 -0.02783 E   35 
 0.24010  0.71136  0.46839 B   36 
 0.24351  0.48996  0.45855 S   36 
 0.54196  0.78991  0.45420 B   37 
 0.60755  1.06629  0.49405 N   37 
 0.65983  0.49669  0.53257 B   38 
 0.86407  0.60758  0.19086 F   38 
 0.43218  0.42618  0.76205 B   39 
 0.44788  0.57288  1.02398 N   39 
 0.30601  0.14339  0.91805 B   40 
 0.50480 -0.00642  0.93148 T   40 
 0.12758  0.31555  1.14936 B   41 
 0.35248  0.24456  1.47148 Q   41 
-0.06619  0.43795  0.96175 B   42 
 0.03433  0.57403  0.83497 A   42 
-0.37614  0.61802  1.03139 B   43 
-0.40359  0.46252  1.21837 T   43 
-0.70846  0.67547  0.86830 B   44 
-0.45498  0.87142  0.76194 N   44 
-0.99512  0.83241  0.88034 B   45 
-1.29764  0.63951  1.23855 R   45 
-1.30558  0.79286  0.73191 B   46 
-1.10192  0.62576  0.51298 N   46 
-1.60752  0.91804  0.64889 B   47 
-1.60550  1.13575  0.50975 T   47 
-1.73392  0.60859  0.64504 B   48 
-1.60238  0.47838  0.45508 D   48 
-1.56628  0.48739  0.91823 B   49 
-1.33145  0.39092  0.81977 B   50 
-1.33936  0.29835  0.59223 S   50 
-0.97930  0.26298  0.78402 B   51 
-0.95874  0.36166  1.03692 T   51 
-0.64912  0.33000  0.72286 B   52 
-0.74118  0.43854  0.41035 D   52 
-0.36382  0.09900  0.67909 B   53 
-0.67050  0.02576  1.04147 Y   53 
-0.04767  0.16003  0.66343 B   54 
 0.18155  0.19392  0.39744 B   55 
 0.43236  0.08932  0.40632 I   55 
-0.10365  0.14658  0.19685 B   56 
 0.09446 -0.00001 -0.00949 L   56 
-0.37717  0.22214  0.30591 B   57 
-0.30664  0.50555  0.49074 Q   57 
-0.56334 -0.00777  0.40430 B   58 
-0.42657 -0.25311  0.27323 I   58 
-0.90090 -0.07392  0.40501 B   59 
-1.12134  0.12610  0.34012 N   59 
-1.16757 -0.17285  0.63751 B   60 
-1.15367 -0.02775  0.81438 S   60 
-1.41817 -0.22706  0.43650 B   61 
-1.71339  0.08370  0.46623 R   61 
-1.24703 -0.46660  0.25985 B   62 
-1.50815 -0.24404 -0.04037 W   62 
-0.95177 -0.59096  0.38436 B   63 
-0.92013 -0.46110 -0.03296 W   63 
-0.98682 -0.53456  0.70295 B   64 
-0.76802 -0.39990  0.74370 X   64 
-1.01060 -0.58434  1.05994 B   65 
-1.24211 -0.72434  1.18251 N   65 
-1.11852 -0.34069  1.33844 B   66 
-1.14244 -0.12305  1.18118 D   66 
-1.41671 -0.36303  1.48309 B   67 
-1.54275 -0.05274  1.34376 B   68 
-1.22429  0.27791  1.46119 R   68 
-1.66984 -0.15913  1.04485 B   69 
-1.47280 -0.04223  0.93196 T   69 
-1.94590 -0.15824  0.90595 B   70 
-2.01199 -0.00672  1.04175 P   70 
-1.97150 -0.37187  0.64325 B   71 
-1.72587 -0.54232  0.63716 B   72 
-1.58085 -0.47067  0.81124 S   72 
-1.48930 -0.78900  0.46713 B   73 
-1.71448 -0.86448  0.20017 R   73 
-1.19267 -0.90205  0.48715 B   74 
-1.07194 -0.95765  0.73269 N   74 
-1.02617 -1.00872  0.21902 B   75 
-1.24181 -0.88321  0.01282 L   75 
-0.73193 -1.05373  0.36737 B   76 
-0.61435 -0.82065  0.19901 X   76 
-0.77084 -1.18734  0.63305 B   77 
-0.88211 -1.43237  0.67800 N   77 
-0.71604 -0.93584  0.85591 B   78 
-0.43791 -0.96272  0.76315 I   78 
-0.59566 -0.75653  1.08813 B   79 
-0.56557 -0.91212  1.22439 P   79 
-0.52719 -0.43028  1.06122 B   80 
-0.80586 -0.31904  0.96253 X   80 
-0.27494 -0.44074  1.25398 B   81 
-0.37059 -0.53763  1.45127 S   81 
-0.09227 -0.60782  1.06114 B   82 
-0.18448 -0.79670  1.04935 A   82 
-0.05597 -0.33855  0.87678 B   83 
-0.29432 -0.40755  0.66334 L   83 
 0.15764 -0.21342  1.11788 B   84 
-0.11235 -0.03975  1.18996 L   84 
 0.39146 -0.36724  1.08984 B   85 
 0.42898 -0.61316  1.16243 S   85 
 0.73124 -0.40221  1.01794 B   86 
 0.84932 -0.42468  1.22509 S   86 
 0.60917 -0.63752  0.86437 B   87 
 0.68014 -0.92033  0.84344 D   87 
 0.49920 -0.61775  0.52155 B   88 
 0.65773 -0.43549  0.40607 I   88 
 0.36798 -0.88385  0.43175 B   89 
 0.52601 -1.08299  0.50818 T   89 
 0.06620 -0.81971  0.47132 B   90 
 0.02920 -0.83690  0.68481 A   90 
 0.04788 -0.56935  0.28651 B   91 
 0.09697 -0.36885  0.46737 S   91 
 0.14717 -0.70407  0.03007 B   92 
 0.40871 -0.70893  0.01296 V   92 
-0.05870 -0.92984  0.00161 B   93 
 0.11841 -1.17822  0.14348 N   93 
-0.29381 -0.72930 -0.00148 B   94 
-0.45922 -0.64298  0.21388 X   94 
-0.20441 -0.55019 -0.23681 B   95 
-0.04444 -0.42770 -0.16098 A   95 
-0.21110 -0.77231 -0.45137 B   96 
 0.19660 -0.98889 -0.38993 K   96 
-0.52149 -0.79361 -0.43346 B   97 
-0.61798 -1.05814 -0.17069 K   97 
-0.59764 -0.50129 -0.49717 B   98 
-0.58259 -0.34546 -0.22945 I   98 
-0.45500 -0.47111 -0.78302 B   99 
-0.22510 -0.44167 -0.79255 V   99 
-0.63698 -0.73178 -0.88774 B   100 
-0.43291 -0.88745 -0.83342 S   100 
-0.94288 -0.60751 -0.87791 B   101 
-1.09303 -0.54072 -0.65343 D   101 
-0.93357 -0.38679 -1.16713 B   102 
-0.80717 -0.07529 -1.10206 B   103 
-1.11870 -0.00296 -1.04739 N   103 
-0.55755 -0.11937 -0.98901 B   104 
-0.37864  0.15543 -0.85673 B   105 
 0.00628  0.08712 -0.82573 M   105 
-0.64506  0.33365 -0.83106 B   106 
-0.64550  0.38540 -1.15770 N   106 
-0.70302  0.24437 -0.53550 B   107 
-0.71875  0.03646 -0.55169 A   107 
-0.48073  0.46692 -0.49634 B   108 
-0.29522  0.07242 -0.32843 W   108 
-0.52810  0.79356 -0.46214 B   109 
-0.75145  0.84744 -0.34913 V   109 
-0.23054  0.88835 -0.44104 B   110 
-0.17959  0.87281 -0.23331 A   110 
-0.13449  0.75464 -0.69724 B   111 
-0.06817  0.45740 -0.93983 W   111 
-0.32985  0.88570 -0.89923 B   112 
-0.75197  0.88953 -0.88854 R   112 
-0.27186  1.19842 -0.79950 B   113 
-0.57970  1.23069 -0.70207 N   113 
 0.07962  1.15204 -0.76810 B   114 
 0.05630  1.37420 -0.31813 R   114 
 0.18950  0.90404 -0.97186 B   115 
 0.24918  0.78852 -0.68086 X   115 
 0.03560  0.89893 -1.21386 B   116 
-0.33264  0.69227 -1.35447 K   116 
 0.22587  0.98586 -1.50108 B   117 
 0.49204  0.97069 -1.36723 B   118 
 0.43406  1.09803 -1.14857 T   118 
 0.83121  0.94295 -1.26221 B   119 
 1.07581  0.95592 -1.41120 D   119 
 0.85793  0.65932 -1.07437 B   120 
 0.62485  0.57734 -1.11205 V   120 
 1.16169  0.58699 -1.09828 B   121 
 1.18908  0.48044 -1.50007 Q   121 
 1.25969  0.80436 -0.89294 B   122 
 1.20793  0.98475 -0.98086 A   122 
 1.18973  0.61450 -0.63643 B   123 
 0.86941  0.87859 -0.53071 W   123 
 1.46531  0.41987 -0.71293 B   124 
 1.31431  0.21798 -0.80624 I   124 
 1.68793  0.59167 -0.70009 B   125 
 1.55160  0.82615 -1.14146 R   125 
 1.99505  0.47191 -0.56991 B   126 
 1.90447  0.18378 -0.56058 B   127 
 1.65018  0.28260 -0.38750 X   127 
 1.99593 -0.15504 -0.46145 B   128 
 2.30751 -0.31928 -0.66250 R   128 
 1.87106 -0.39225 -0.72636 B   129 
 1.66063 -0.26862 -0.63737 L   129 
