246 
 0.71419 -0.19581  1.11288 B   1 
 1.07209 -0.00511  1.00434 K   1 
 0.70758  0.14695  1.21700 B   2 
 0.50199  0.14673  1.37481 V   2 
 0.67916  0.41261  1.03869 B   3 
 0.87291  0.21414  0.70555 F   3 
 0.75760  0.70512  0.94760 B   4 
 0.66399  0.93811  0.74831 B   5 
 0.46377  1.32401  0.77262 R   5 
 0.94167  1.04073  0.62898 B   6 
 0.92866  1.34156  0.71677 X   6 
 1.05064  0.75055  0.60593 B   7 
 1.16118  0.51289  0.89525 E   7 
 0.84622  0.63861  0.40244 B   8 
 0.59408  0.47293  0.45799 L   8 
 0.87704  0.84743  0.18134 B   9 
 0.78398  1.02923  0.25515 A   9 
 1.16994  0.78270  0.12216 B   10 
 1.28519  0.86627  0.28817 A   10 
 1.12970  0.48482  0.04608 B   11 
 1.12323  0.37515  0.23285 A   11 
 0.91367  0.52771 -0.17176 B   12 
 0.53895  0.50549  0.03726 M   12 
 1.09418  0.69835 -0.34712 B   13 
 1.18852  1.12180 -0.34696 K   13 
 1.33188  0.51337 -0.39583 B   14 
 1.55275  0.24883 -0.09949 R   14 
 1.11510  0.29703 -0.51830 B   15 
 1.19046  0.05630 -0.22171 H   15 
 0.93774  0.49835 -0.72684 B   16 
 0.64046  0.62560 -0.63126 B   17 
 0.54521  0.37166 -0.45323 L   17 
 0.68311  0.89664 -0.72754 B   18 
 0.74231  1.17193 -0.60483 D   18 
 0.45489  0.94153 -0.97584 B   19 
 0.58302  1.23453 -0.93896 N   19 
 0.32700  0.68259 -0.99725 B   20 
 0.46454  0.26910 -1.07018 Y   20 
 0.09579  0.68591 -1.22803 B   21 
 0.14339  0.27550 -1.46223 R   21 
 0.05295  1.00362 -1.11345 B   22 
 0.12650  0.96132 -0.80069 B   23 
-0.29298  0.75630 -0.85821 Y   23 
 0.20222  1.12924 -0.55936 B   24 
 0.14107  1.35454 -0.53938 S   24 
 0.36076  1.06828 -0.27199 B   25 
 0.66712  1.05090 -0.20566 L   25 
 0.12738  1.16482 -0.07963 B   26 
-0.07031  0.93883 -0.15395 B   27 
-0.21175  1.09724 -0.41625 N   27 
 0.09152  0.69930 -0.04754 B   28 
 0.16861  0.52630 -0.45146 W   28 
 0.11918  0.79890  0.24232 B   29 
 0.33157  0.94427  0.27895 V   29 
-0.18008  0.83169  0.29583 B   30 
-0.36358  1.03293  0.24286 X   30 
-0.25843  0.53817  0.25157 B   31 
-0.25969  0.50810  0.03491 A   31 
-0.07415  0.40467  0.46120 B   32 
 0.12403  0.40201  0.37733 A   32 
-0.19459  0.55200  0.70163 B   33 
-0.18005  0.80243  0.93288 K   33 
-0.50901  0.44061  0.65507 B   34 
-0.60550  0.84014  0.66413 F   34 
-0.43770  0.13000  0.62530 B   35 
-0.55280  0.10390  0.29371 E   35 
-0.17519  0.09215  0.86249 B   36 
-0.02852  0.01946  0.71304 S   36 
-0.02197  0.32053  1.01033 B   37 
-0.14891  0.43628  1.24002 N   37 
 0.27639  0.23289  0.91382 B   38 
 0.24901  0.63619  0.82791 F   38 
 0.22940 -0.09336  0.94223 B   39 
 0.21596 -0.20886  1.21945 N   39 
 0.37325 -0.38371  0.81882 B   40 
 0.61436 -0.32315  0.80040 T   40 
 0.19973 -0.59087  1.02365 B   41 
 0.49276 -0.69632  1.27343 Q   41 
-0.06832 -0.53904  0.90879 B   42 
-0.12436 -0.33888  0.94739 A   42 
-0.38344 -0.71521  0.96366 B   43 
-0.24701 -0.91784  0.97867 T   43 
-0.69759 -0.79120  0.77427 B   44 
-0.68162 -0.48683  0.91941 N   44 
-0.99727 -0.92179  0.78353 B   45 
-0.97898 -1.42838  0.79259 R   45 
-1.22774 -1.02982  0.54860 B   46 
-1.03663 -0.81342  0.36428 N   46 
-1.54347 -1.11660  0.46785 B   47 
-1.72549 -0.93981  0.51655 T   47 
-1.42668 -1.30742  0.21945 B   48 
-1.30199 -1.14260  0.05324 D   48 
-1.15366 -1.43385  0.38348 B   49 
-0.95422 -1.25435  0.33715 B   50 
-0.96173 -1.13756  0.12103 S   50 
-0.63500 -1.05567  0.35386 B   51 
-0.61568 -1.17963  0.59548 T   51 
-0.46759 -0.78156  0.47255 B   52 
-0.69076 -0.58536  0.30044 D   52 
-0.12852 -0.65737  0.39329 B   53 
-0.19142 -1.12534  0.48153 Y   53 
 0.04584 -0.42545  0.53377 B   54 
 0.10805 -0.08669  0.45753 B   55 
 0.35395  0.02633  0.48377 I   55 
-0.11429 -0.14599  0.19132 B   56 
 0.06287  0.06587  0.02686 L   56 
-0.32373 -0.36476  0.21756 B   57 
-0.41145 -0.34262  0.55114 Q   57 
-0.27269 -0.63388  0.06866 B   58 
-0.05147 -0.54852 -0.13097 I   58 
-0.46266 -0.87090 -0.09274 B   59 
-0.76651 -0.89130 -0.08391 N   59 
-0.51701 -1.23421 -0.09453 B   60 
-0.55436 -1.29317  0.12378 S   60 
-0.71091 -1.27400 -0.35331 B   61 
-1.11375 -1.36542 -0.23509 R   61 
-0.48243 -1.13368 -0.56775 B   62 
-0.89515 -1.01015 -0.71694 W   62 
-0.16032 -1.07922 -0.46090 B   63 
-0.34110 -0.72563 -0.64611 W   63 
-0.13315 -1.29870 -0.22215 B   64 
-0.05946 -1.13949 -0.03009 X   64 
-0.01694 -1.57653 -0.02267 B   65 
-0.05031 -1.85758 -0.11277 N   65 
-0.17587 -1.74537  0.28525 B   66 
-0.38090 -1.57249  0.31257 D   66 
-0.32746 -2.04009  0.26306 B   67 
-0.65985 -1.90955  0.32677 B   68 
-0.62580 -1.66801  0.73301 R   68 
-0.76076 -1.82387  0.01166 B   69 
-0.73325 -1.57963  0.08112 T   69 
-0.99158 -1.90191 -0.17843 B   70 
-1.10014 -1.98064 -0.01175 P   70 
-0.94078 -1.81675 -0.50321 B   71 
-0.65892 -1.72100 -0.53169 B   72 
-0.55734 -1.72270 -0.31688 S   72 
-0.37848 -1.54673 -0.72328 B   73 
-0.55903 -1.53319 -1.03133 R   73 
-0.09208 -1.41565 -0.67891 B   74 
 0.09711 -1.52846 -0.50733 N   74 
 0.01939 -1.16664 -0.87011 B   75 
-0.27107 -1.11469 -1.00316 L   75 
 0.29476 -1.09991 -0.69596 B   76 
 0.17451 -0.82480 -0.61623 X   76 
 0.43066 -1.35558 -0.61778 B   77 
 0.52878 -1.54658 -0.78610 N   77 
 0.36385 -1.38114 -0.28491 B   78 
 0.54870 -1.15269 -0.26688 I   78 
 0.39306 -1.39848  0.03040 B   79 
 0.55530 -1.53023  0.03147 P   79 
 0.21636 -1.21681  0.24863 B   80 
-0.07833 -1.28338  0.15645 X   80 
 0.45206 -1.19416  0.46035 B   81 
 0.50514 -1.42513  0.49641 S   81 
 0.63588 -1.00882  0.28621 B   82 
 0.69409 -1.12828  0.12294 A   82 
 0.43077 -0.76050  0.35009 B   83 
 0.25171 -0.78952  0.07765 L   83 
 0.56310 -0.74530  0.66895 B   84 
 0.28063 -0.90038  0.73536 L   84 
 0.81960 -0.63580  0.63235 B   85 
 1.02921 -0.75255  0.53443 S   85 
 1.05841 -0.38588  0.68086 B   86 
 1.21304 -0.46184  0.84722 S   86 
 1.08716 -0.44411  0.38146 B   87 
 1.31837 -0.48936  0.20839 D   87 
 0.90207 -0.27111  0.12490 B   88 
 0.85873 -0.02521  0.22156 I   88 
 0.96273 -0.39011 -0.15484 B   89 
 1.22592 -0.41650 -0.17730 T   89 
 0.72188 -0.58326 -0.19274 B   90 
 0.76723 -0.75909 -0.07328 A   90 
 0.49131 -0.37594 -0.16070 B   91 
 0.44268 -0.39510  0.10872 S   91 
 0.57807 -0.18750 -0.38595 B   92 
 0.75791 -0.01319 -0.30854 V   92 
 0.57729 -0.38058 -0.62445 B   93 
 0.90468 -0.45796 -0.62819 N   93 
 0.28018 -0.45235 -0.57886 B   94 
 0.16825 -0.67203 -0.43603 X   94 
 0.15754 -0.16897 -0.58924 B   95 
 0.20830 -0.07524 -0.40220 A   95 
 0.24054 -0.10804 -0.88047 B   96 
 0.68428  0.02633 -0.83646 K   96 
 0.04441 -0.32324 -0.99157 B   97 
 0.22653 -0.66134 -1.02079 K   97 
-0.22032 -0.21976 -0.87109 B   98 
-0.23865 -0.33627 -0.58426 I   98 
-0.22123  0.07682 -0.99360 B   99 
-0.08400  0.23869 -0.89991 V   99 
-0.20355 -0.06186 -1.29771 B   100 
 0.05653 -0.02816 -1.29057 S   100 
-0.49549 -0.21507 -1.31797 B   101 
-0.58133 -0.43860 -1.17633 D   101 
-0.71636  0.07021 -1.36574 B   102 
-0.81742  0.21985 -1.07481 B   103 
-1.06625  0.01325 -1.10066 N   103 
-0.58347  0.28306 -0.93952 B   104 
-0.60497  0.40614 -0.60875 B   105 
-0.28399  0.60167 -0.49679 M   105 
-0.90094  0.28678 -0.56935 B   106 
-1.02679  0.52931 -0.75565 N   106 
-0.79934  0.01499 -0.44893 B   107 
-0.67669 -0.06041 -0.60062 A   107 
-0.78205  0.20987 -0.19954 B   108 
-0.34452  0.06611 -0.27785 W   108 
-1.02229  0.27702  0.01928 B   109 
-1.18143  0.07908  0.05173 V   109 
-0.87299  0.48451  0.19991 B   110 
-0.76935  0.36851  0.34753 A   110 
-0.78909  0.67111 -0.02566 B   111 
-0.61339  0.76946 -0.35892 W   111 
-1.06800  0.73498 -0.14512 B   112 
-1.36032  0.46375 -0.28407 R   112 
-1.20764  0.81832  0.14584 B   113 
-1.41537  0.57000  0.12400 N   113 
-0.92430  1.00064  0.26055 B   114 
-0.96243  0.75961  0.69967 R   114 
-0.74026  1.11791  0.00080 B   115 
-0.54093  0.91352  0.14249 X   115 
-0.91116  1.18506 -0.21957 B   116 
-1.06854  0.97380 -0.57828 K   116 
-0.91710  1.53342 -0.28931 B   117 
-0.68507  1.60344 -0.11539 B   118 
-0.74882  1.46413  0.09418 T   118 
-0.40210  1.73446  0.05666 B   119 
-0.28267  1.99503  0.05097 D   119 
-0.14277  1.51808  0.00798 B   120 
-0.26049  1.36720 -0.15278 V   120 
 0.10926  1.69873  0.05179 B   121 
 0.08687  1.95192 -0.27826 Q   121 
 0.09018  1.69976  0.36588 B   122 
-0.09006  1.79391  0.40584 A   122 
 0.23935  1.41012  0.39036 B   123 
-0.12868  1.23367  0.52051 W   123 
 0.53839  1.56402  0.30930 B   124 
 0.54170  1.45865  0.06201 I   124 
 0.58227  1.75844  0.50809 B   125 
 0.20879  2.06148  0.31560 R   125 
 0.91114  1.81818  0.62593 B   126 
 1.04229  1.64870  0.41287 B   127 
 0.84861  1.40672  0.50410 X   127 
 1.35842  1.51345  0.29139 B   128 
 1.62747  1.78648  0.15896 R   128 
 1.35541  1.52903 -0.08516 B   129 
 1.15220  1.38136 -0.01894 L   129 
