246 
-0.95585 -0.93375  0.03679 B   1 
-0.74187 -1.25034  0.21064 K   1 
-0.99435 -0.92748  0.39296 B   2 
-1.18889 -0.75820  0.41869 V   2 
-0.78024 -0.84780  0.61876 B   3 
-0.45620 -0.98230  0.36415 F   3 
-0.62267 -0.88850  0.88991 B   4 
-0.40801 -0.74284  1.07825 B   5 
-0.40233 -0.52862  1.45729 R   5 
-0.21658 -0.98416  1.16190 B   6 
-0.24841 -0.97088  1.47364 X   6 
-0.22495 -1.10361  0.87507 B   7 
-0.52341 -1.28421  0.69981 E   7 
-0.09270 -0.86962  0.72182 B   8 
-0.22911 -0.64428  0.56459 L   8 
 0.16444 -0.84270  0.88489 B   9 
 0.10749 -0.75555  1.07547 A   9 
 0.27056 -1.12111  0.81623 B   10 
 0.15049 -1.26210  0.93255 A   10 
 0.28057 -1.08448  0.50849 B   11 
 0.07967 -1.12232  0.43663 A   11 
 0.45259 -0.82690  0.50415 B   12 
 0.16951 -0.50387  0.51455 M   12 
 0.69005 -0.95784  0.64172 B   13 
 0.78731 -1.02451  1.05921 K   13 
 0.75251 -1.19164  0.45591 B   14 
 0.46540 -1.48314  0.25796 R   14 
 0.78518 -0.96817  0.21552 B   15 
 0.47183 -1.11600  0.03790 H   15 
 0.98544 -0.74068  0.36923 B   16 
 0.85491 -0.46152  0.50613 B   17 
 0.61741 -0.41953  0.28916 L   17 
 1.00605 -0.46749  0.75448 B   18 
 0.95107 -0.53338  1.04940 D   18 
 1.20516 -0.19174  0.74599 B   19 
 1.25026 -0.30671  1.04326 N   19 
 1.15150 -0.07805  0.48510 B   20 
 1.17437 -0.22288  0.06831 Y   20 
 1.32552  0.19458  0.43913 B   21 
 1.48510  0.17028 -0.00753 R   21 
 1.26483  0.23265  0.77195 B   22 
 0.97199  0.09534  0.79208 B   23 
 0.90204  0.50464  0.57099 Y   23 
 0.78680 -0.01704  1.00480 B   24 
 0.79619  0.05237  1.22840 S   24 
 0.53266 -0.23347  1.00355 B   25 
 0.52972 -0.54739  1.00573 L   25 
 0.31688 -0.03810  1.13027 B   26 
 0.30552  0.15645  0.89007 B   27 
 0.55703  0.35703  0.99211 N   27 
 0.19312 -0.03764  0.67893 B   28 
 0.56547 -0.04232  0.43324 W   28 
-0.06126 -0.11690  0.83292 B   29 
-0.02542 -0.32313  0.98708 V   29 
-0.16911  0.16692  0.86902 B   30 
-0.11960  0.36915  1.05240 X   30 
-0.19683  0.23467  0.57087 B   31 
 0.00551  0.27762  0.49972 A   31 
-0.38423  0.00430  0.48406 B   32 
-0.26278 -0.17278  0.46954 A   32 
-0.61329  0.08265  0.67224 B   33 
-0.78642  0.03711  0.96268 K   33 
-0.65464  0.39270  0.54734 B   34 
-0.61016  0.50937  0.93903 F   34 
-0.66817  0.31016  0.23838 B   35 
-0.37847  0.48776  0.14664 E   35 
-0.84816  0.00355  0.25236 B   36 
-0.68732 -0.11421  0.15545 S   36 
-0.91626 -0.16215  0.50809 B   37 
-1.14216 -0.07719  0.66309 N   37 
-0.77736 -0.43978  0.40990 B   38 
-0.62653 -0.37136  0.78851 F   38 
-0.87434 -0.41927  0.09426 B   39 
-1.16463 -0.46882  0.03389 N   39 
-0.77905 -0.55268 -0.21127 B   40 
-0.69991 -0.78106 -0.15029 T   40 
-1.05006 -0.43670 -0.37886 B   41 
-1.24817 -0.77978 -0.42814 Q   41 
-0.98618 -0.14841 -0.35577 B   42 
-0.99821 -0.08927 -0.15316 A   42 
-1.13701  0.13801 -0.52476 B   43 
-1.16013 -0.01065 -0.71779 T   43 
-1.03461  0.47863 -0.64235 B   44 
-1.11483  0.45226 -0.31551 N   44 
-1.13003  0.76188 -0.77506 B   45 
-1.22790  0.71154 -1.26998 R   45 
-0.97231  1.02790 -0.93107 B   46 
-0.71563  0.89116 -0.75010 N   46 
-0.97659  1.34757 -1.03842 B   47 
-1.02892  1.52645 -0.85947 T   47 
-0.74862  1.27176 -1.27088 B   48 
-0.53267  1.19321 -1.13845 D   48 
-0.87239  0.96421 -1.35763 B   49 
-0.75330  0.78937 -1.18618 B   50 
-0.52583  0.84721 -1.11327 S   50 
-0.66625  0.48591 -0.98126 B   51 
-0.91706  0.41098 -1.05606 T   51 
-0.69500  0.31496 -0.68598 B   52 
-0.54025  0.57961 -0.53127 D   52 
-0.52528  0.00688 -0.57216 B   53 
-0.70907  0.02234 -1.01569 Y   53 
-0.58125 -0.17780 -0.31393 B   54 
-0.43285 -0.20283  0.00512 B   55 
-0.38598 -0.44169  0.12626 I   55 
-0.23444  0.06447 -0.10891 B   56 
-0.00059 -0.06289  0.07112 L   56 
-0.34352  0.25075 -0.32296 B   57 
-0.67820  0.27082 -0.23902 Q   57 
-0.23923  0.21448 -0.61453 B   58 
 0.01439  0.04347 -0.56443 I   58 
-0.16735  0.41833 -0.88211 B   59 
-0.24301  0.71240 -0.90687 N   59 
-0.24366  0.44985 -1.24006 B   60 
-0.47199  0.43895 -1.25678 S   60 
-0.04287  0.68903 -1.33293 B   61 
-0.25731  1.05362 -1.40846 R   61 
 0.23657  0.51722 -1.23160 B   62 
 0.31640  0.95819 -1.14781 W   62 
 0.21118  0.18410 -1.15080 B   63 
 0.41625  0.41945 -0.84329 W   63 
-0.05278  0.09629 -1.31971 B   64 
-0.19266 -0.00472 -1.12505 X   64 
-0.27113 -0.07422 -1.55152 B   65 
-0.24312 -0.04049 -1.84529 N   65 
-0.63108  0.00909 -1.66140 B   66 
-0.66840  0.21452 -1.49088 D   66 
-0.69551  0.14394 -1.95805 B   67 
-0.80213  0.46402 -1.82479 B   68 
-1.14092  0.36371 -1.50903 R   68 
-0.50479  0.63118 -1.80338 B   69 
-0.52093  0.60510 -1.54982 T   69 
-0.38470  0.89034 -1.92136 B   70 
-0.58192  0.95823 -1.96890 P   70 
-0.04649  0.91108 -1.89911 B   71 
 0.05729  0.64701 -1.80466 B   72 
-0.12816  0.50443 -1.76291 S   72 
 0.33186  0.42185 -1.66453 B   73 
 0.59256  0.66110 -1.71425 R   73 
 0.37309  0.14084 -1.52133 B   74 
 0.22706 -0.08543 -1.59503 N   74 
 0.62574  0.08533 -1.31137 B   75 
 0.70243  0.39920 -1.29211 L   75 
 0.52818 -0.21487 -1.20660 B   76 
 0.47699 -0.09668 -0.92392 X   76 
 0.43453 -0.37891 -1.43955 B   77 
 0.58165 -0.45258 -1.65720 N   77 
 0.09614 -0.38202 -1.40211 B   78 
 0.15935 -0.55257 -1.17058 I   78 
-0.20383 -0.47499 -1.35795 B   79 
-0.19517 -0.64180 -1.48356 P   79 
-0.41700 -0.33509 -1.14153 B   80 
-0.40219 -0.03246 -1.23079 X   80 
-0.56702 -0.60671 -1.07364 B   81 
-0.63296 -0.67983 -1.29220 S   81 
-0.32734 -0.74024 -0.92134 B   82 
-0.18028 -0.77157 -1.06868 A   82 
-0.38595 -0.53752 -0.66979 B   83 
-0.16695 -0.30946 -0.75439 L   83 
-0.66183 -0.73006 -0.59081 B   84 
-0.81305 -0.47659 -0.73621 L   84 
-0.55302 -0.96686 -0.48497 B   85 
-0.43663 -1.15919 -0.61388 S   85 
-0.50389 -1.19499 -0.22538 B   86 
-0.64535 -1.38420 -0.26467 S   86 
-0.22097 -1.16646 -0.33941 B   87 
-0.01476 -1.36048 -0.41215 D   87 
 0.01859 -0.92348 -0.22287 B   88 
-0.03818 -0.88566  0.03604 I   88 
 0.27812 -0.93377 -0.39208 B   89 
 0.34980 -1.18819 -0.41671 T   89 
 0.22879 -0.70235 -0.59397 B   90 
 0.09124 -0.78132 -0.74258 A   90 
 0.18793 -0.47082 -0.38930 B   91 
-0.08454 -0.47856 -0.35738 S   91 
 0.45700 -0.49898 -0.24584 B   92 
 0.45218 -0.67983 -0.05613 V   92 
 0.65051 -0.46198 -0.48111 B   93 
 0.70825 -0.78601 -0.55081 N   93 
 0.53151 -0.18498 -0.54907 B   94 
 0.33062 -0.11753 -0.73955 X   94 
 0.56790 -0.04585 -0.27563 B   95 
 0.41603 -0.12740 -0.14666 A   95 
 0.87616 -0.06479 -0.27003 B   96 
 0.95118 -0.49938 -0.12033 K   96 
 0.90243  0.13627 -0.50667 B   97 
 0.90646 -0.05636 -0.84015 K   97 
 0.75043  0.37716 -0.38761 B   98 
 0.44969  0.33041 -0.44722 I   98 
 0.92235  0.42061 -0.12017 B   99 
 0.89072  0.27739  0.05955 V   99 
 1.19272  0.45604 -0.31428 B   100 
 1.24634  0.20235 -0.27433 S   100 
 1.12311  0.73629 -0.47469 B   101 
 0.92810  0.77823 -0.66862 D   101 
 1.17525  0.97909 -0.20864 B   102 
 0.90215  1.02849 -0.00808 B   103 
 0.83712  1.26448 -0.22103 N   103 
 0.83264  0.77638  0.08489 B   104 
 0.53300  0.73838  0.26872 B   105 
 0.52836  0.41387  0.48888 M   105 
 0.41146  1.01263  0.15290 B   106 
 0.60866  1.18778  0.35241 N   106 
 0.26712  0.87266 -0.08847 B   107 
 0.42459  0.77865 -0.18899 A   107 
 0.06693  0.81743  0.15100 B   108 
 0.20711  0.39668  0.00419 W   108 
-0.18109  1.01241  0.25382 B   109 
-0.28182  1.14951  0.06247 V   109 
-0.28535  0.84268  0.49526 B   110 
-0.42681  0.70468  0.41200 A   110 
-0.01691  0.81726  0.63680 B   111 
 0.35795  0.71838  0.67300 W   111 
 0.05134  1.11783  0.67060 B   112 
 0.07400  1.41516  0.37160 R   112 
-0.24200  1.20093  0.80530 B   113 
-0.30998  1.39341  0.55305 N   113 
-0.25958  0.91188  1.01223 B   114 
-0.73359  0.84635  0.85927 R   114 
 0.04988  0.79122  1.08129 B   115 
-0.08213  0.55549  0.91219 X   115 
 0.23821  1.00665  1.10122 B   116 
 0.51115  1.21984  0.82170 K   116 
 0.36790  1.04755  1.42950 B   117 
 0.26212  0.78997  1.53652 B   118 
 0.02194  0.80176  1.43874 T   118 
 0.17998  0.48665  1.70412 B   119 
 0.25821  0.38678  1.96122 D   119 
 0.24117  0.22979  1.48797 B   120 
 0.34332  0.36807  1.30655 V   120 
 0.28485 -0.01451  1.67897 B   121 
 0.64369  0.08901  1.86352 Q   121 
-0.02065 -0.05890  1.73991 B   122 
-0.07938  0.11499  1.83613 A   122 
-0.06618 -0.22719  1.46360 B   123 
-0.30043  0.09583  1.30767 W   123 
 0.10235 -0.49397  1.60536 B   124 
 0.32126 -0.45389  1.45455 I   124 
-0.04375 -0.56506  1.83524 B   125 
 0.11881 -0.14289  2.08767 R   125 
-0.07732 -0.90668  1.92346 B   126 
 0.12361 -1.00234  1.71903 B   127 
-0.04887 -0.84594  1.49503 X   127 
 0.28148 -1.29520  1.56970 B   128 
 0.51497 -1.51514  1.81785 R   128 
 0.64542 -1.21566  1.51260 B   129 
 0.51228 -1.03920  1.37612 L   129 
