246 
-1.19901 -0.45303 -0.37954 B   1 
-1.15340 -0.86131 -0.29310 K   1 
-1.31465 -0.52230 -0.04756 B   2 
-1.43954 -0.30216  0.00822 V   2 
-1.14492 -0.59423  0.21549 B   3 
-0.83707 -0.77725 -0.02874 F   3 
-1.07853 -0.76135  0.47563 B   4 
-0.87694 -0.76582  0.72484 B   5 
-0.88630 -0.67501  1.15059 R   5 
-0.80505 -1.07593  0.74818 B   6 
-0.90190 -1.13042  1.04147 X   6 
-0.78703 -1.10541  0.43928 B   7 
-1.07991 -1.10175  0.18119 E   7 
-0.55072 -0.91281  0.38645 B   8 
-0.56093 -0.62006  0.29536 L   8 
-0.34537 -1.03252  0.57866 B   9 
-0.41156 -0.98121  0.77902 A   9 
-0.32845 -1.30290  0.43691 B   10 
-0.51316 -1.40896  0.48649 A   10 
-0.23525 -1.19673  0.16089 B   11 
-0.41436 -1.13208  0.05747 A   11 
 0.01075 -1.03680  0.26021 B   12 
-0.13835 -0.64198  0.34074 M   12 
 0.14990 -1.28147  0.37523 B   13 
 0.11849 -1.48454  0.75730 K   13 
 0.16963 -1.46552  0.13269 B   14 
-0.14573 -1.55846 -0.18116 R   14 
 0.33196 -1.22058 -0.01713 B   15 
 0.03733 -1.18151 -0.26864 H   15 
 0.55659 -1.13839  0.22426 B   16 
 0.50186 -0.87491  0.42745 B   17 
 0.35058 -0.68859  0.20918 L   17 
 0.57963 -1.00307  0.67662 B   18 
 0.43843 -1.11394  0.92585 D   18 
 0.85748 -0.83682  0.78110 B   19 
 0.78996 -1.03136  1.02853 N   19 
 0.90832 -0.64922  0.56642 B   20 
 0.97626 -0.68063  0.13098 Y   20 
 1.17098 -0.46628  0.63174 B   21 
 1.41164 -0.43816  0.22327 R   21 
 1.05148 -0.49276  0.94943 B   22 
 0.73317 -0.50259  0.88945 B   23 
 0.86144 -0.05783  0.80556 Y   23 
 0.47662 -0.58191  1.03110 B   24 
 0.45704 -0.58098  1.26459 S   24 
 0.17133 -0.67150  0.93010 B   25 
 0.06035 -0.94778  0.83054 L   25 
 0.01262 -0.44546  1.08663 B   26 
 0.12490 -0.20858  0.92246 B   27 
 0.39894 -0.15743  1.11270 N   27 
 0.00504 -0.28170  0.64829 B   28 
 0.39936 -0.37166  0.46002 W   28 
-0.28945 -0.28946  0.73729 B   29 
-0.36348 -0.52461  0.81979 V   29 
-0.29852 -0.00538  0.85000 B   30 
-0.22664  0.10694  1.09331 X   30 
-0.23120  0.14082  0.58857 B   31 
-0.01578  0.11628  0.55951 A   31 
-0.46065  0.03406  0.41060 B   32 
-0.40757 -0.16673  0.35420 A   32 
-0.68592  0.14661  0.58555 B   33 
-0.92660  0.10179  0.82318 K   33 
-0.58807  0.46812  0.56338 B   34 
-0.59854  0.45428  0.97412 F   34 
-0.55691  0.47885  0.24499 B   35 
-0.21099  0.54357  0.25034 E   35 
-0.82924  0.27640  0.13797 B   36 
-0.70080  0.13311  0.02797 S   36 
-1.00754  0.09262  0.31665 B   37 
-1.21995  0.21814  0.46293 N   37 
-0.95366 -0.18264  0.15128 B   38 
-0.88089 -0.27801  0.54675 F   38 
-0.96151 -0.04616 -0.14999 B   39 
-1.22867  0.04078 -0.25695 N   39 
-0.84962 -0.12442 -0.46871 B   40 
-0.87019 -0.37275 -0.47575 T   40 
-1.01746  0.12799 -0.62070 B   41 
-1.30410 -0.08343 -0.80104 Q   41 
-0.86570  0.35105 -0.49847 B   42 
-0.90342  0.35675 -0.29054 A   42 
-0.86532  0.70638 -0.58262 B   43 
-0.89256  0.63327 -0.81458 T   43 
-0.62785  0.99588 -0.57109 B   44 
-0.78586  0.92182 -0.28212 N   44 
-0.58658  1.31722 -0.61564 B   45 
-0.57791  1.43691 -1.10823 R   45 
-0.31545  1.52864 -0.65771 B   46 
-0.17089  1.26024 -0.50154 N   46 
-0.18462  1.83947 -0.65593 B   47 
-0.21241  1.97278 -0.43635 T   47 
 0.05081  1.74080 -0.87177 B   48 
 0.18957  1.55218 -0.74723 D   48 
-0.14727  1.54066 -1.06706 B   49 
-0.13878  1.29573 -0.94837 B   50 
 0.07113  1.23790 -0.83437 S   50 
-0.21138  0.94163 -0.84352 B   51 
-0.44797  0.99414 -0.96757 T   51 
-0.36487  0.72757 -0.62474 B   52 
-0.16913  0.86036 -0.37580 D   52 
-0.34267  0.35957 -0.59717 B   53 
-0.40154  0.55845 -1.03044 Y   53 
-0.51703  0.15360 -0.42083 B   54 
-0.46473 -0.00816 -0.11174 B   55 
-0.53225 -0.26813 -0.06948 I   55 
-0.16589  0.17760 -0.10918 B   56 
-0.03866 -0.07323  0.04644 L   56 
-0.15144  0.43940 -0.26301 B   57 
-0.46861  0.56890 -0.21723 Q   57 
-0.00124  0.43972 -0.53621 B   58 
 0.15919  0.17540 -0.51437 I   58 
 0.19636  0.65865 -0.71327 B   59 
 0.23424  0.95437 -0.65061 N   59 
 0.22092  0.80733 -1.04829 B   60 
 0.01328  0.89269 -1.09448 S   60 
 0.50735  0.96199 -1.03464 B   61 
 0.45496  1.38791 -1.01330 R   61 
 0.67909  0.67374 -0.96189 B   62 
 0.88369  1.00979 -0.73153 W   62 
 0.52282  0.36956 -0.99646 B   63 
 0.71879  0.41786 -0.60751 W   63 
 0.29172  0.43974 -1.21459 B   64 
 0.08451  0.35700 -1.08087 X   64 
 0.08835  0.43476 -1.51308 B   65 
 0.19368  0.52770 -1.77479 N   65 
-0.18506  0.67910 -1.63192 B   66 
-0.18810  0.83201 -1.40993 D   66 
-0.12845  0.89870 -1.87463 B   67 
-0.14653  1.18970 -1.65883 B   68 
-0.56265  1.15600 -1.43467 R   68 
 0.17648  1.21355 -1.54969 B   69 
 0.09390  1.13283 -1.32188 T   69 
 0.40217  1.42426 -1.56271 B   70 
 0.25705  1.57456 -1.60875 P   70 
 0.71188  1.30250 -1.49518 B   71 
 0.69370  1.00444 -1.47939 B   72 
 0.46627  0.94182 -1.50808 S   72 
 0.83367  0.66126 -1.38798 B   73 
 1.16461  0.78125 -1.32671 R   73 
 0.74141  0.36078 -1.33926 B   74 
 0.54796  0.23787 -1.49872 N   74 
 0.90346  0.15829 -1.13014 B   75 
 1.07656  0.39979 -1.00176 L   75 
 0.68726 -0.09424 -1.14010 B   76 
 0.61556 -0.04115 -0.84255 X   76 
 0.59984 -0.14279 -1.42286 B   77 
 0.75900 -0.21118 -1.63364 N   77 
 0.28214 -0.02051 -1.42866 B   78 
 0.22729 -0.25463 -1.25877 I   78 
-0.03302  0.00554 -1.45261 B   79 
-0.05322 -0.11326 -1.62336 P   79 
-0.22925  0.15892 -1.22941 B   80 
-0.09112  0.44256 -1.21388 X   80 
-0.47481 -0.03821 -1.27098 B   81 
-0.50914 -0.02121 -1.50762 S   81 
-0.33796 -0.28978 -1.14271 B   82 
-0.18066 -0.33860 -1.27382 A   82 
-0.38014 -0.15130 -0.84800 B   83 
-0.08288 -0.01578 -0.82802 L   83 
-0.71565 -0.23147 -0.86852 B   84 
-0.73244  0.08899 -0.94118 L   84 
-0.72255 -0.51036 -0.83265 B   85 
-0.65273 -0.69366 -1.00201 S   85 
-0.81650 -0.79678 -0.65663 B   86 
-1.00108 -0.89751 -0.77127 S   86 
-0.52276 -0.85522 -0.72110 B   87 
-0.38483 -1.08991 -0.82764 D   87 
-0.24841 -0.76558 -0.50498 B   88 
-0.34725 -0.77515 -0.25634 I   88 
 0.02356 -0.83501 -0.63656 B   89 
 0.00714 -1.08168 -0.73329 T   89 
 0.10505 -0.56020 -0.75735 B   90 
-0.01270 -0.53760 -0.93864 A   90 
 0.09981 -0.39151 -0.49527 B   91 
-0.15821 -0.29812 -0.49998 S   91 
 0.30165 -0.55959 -0.33785 B   92 
 0.19108 -0.76518 -0.21858 V   92 
 0.54512 -0.54434 -0.52401 B   93 
 0.50259 -0.83547 -0.68716 N   93 
 0.54774 -0.23553 -0.51254 B   94 
 0.43237 -0.04800 -0.69340 X   94 
 0.56509 -0.19643 -0.20657 B   95 
 0.36892 -0.24062 -0.12969 A   95 
 0.83779 -0.33708 -0.17101 B   96 
 0.72205 -0.78810 -0.16172 K   96 
 0.98574 -0.11030 -0.32529 B   97 
 1.00076 -0.19747 -0.70013 K   97 
 0.90247  0.13247 -0.15373 B   98 
 0.62660  0.22584 -0.26032 I   98 
 1.01169  0.03481  0.13175 B   99 
 0.89196 -0.12441  0.25061 V   99 
 1.31499  0.00771 -0.00717 B   100 
 1.26739 -0.24748 -0.04515 S   100 
 1.38516  0.32315 -0.07565 B   101 
 1.26718  0.48671 -0.26729 D   101 
 1.45415  0.44929  0.25868 B   102 
 1.17600  0.55068  0.43071 B   103 
 1.24734  0.83856  0.29916 N   103 
 1.00456  0.33241  0.42850 B   104 
 0.67613  0.37148  0.55350 B   105 
 0.50931  0.03140  0.65504 M   105 
 0.68662  0.69100  0.51882 B   106 
 0.87985  0.71664  0.78598 N   106 
 0.56329  0.68596  0.22994 B   107 
 0.69767  0.56588  0.12382 A   107 
 0.30651  0.65623  0.41338 B   108 
 0.32371  0.26652  0.15635 W   108 
 0.12388  0.90078  0.54354 B   109 
 0.12376  1.11016  0.39616 V   109 
-0.08539  0.73144  0.70323 B   110 
-0.24215  0.68699  0.56381 A   110 
 0.11727  0.56652  0.85966 B   111 
 0.41601  0.32115  0.90605 W   111 
 0.27473  0.79596  0.99642 B   112 
 0.46693  1.12486  0.81419 R   112 
 0.00502  0.95178  1.11508 B   113 
 0.06788  1.21239  0.93224 N   113 
-0.15832  0.65146  1.21410 B   114 
-0.57662  0.82074  0.99333 R   114 
 0.06581  0.40457  1.27659 B   115 
-0.09597  0.29188  1.02616 X   115 
 0.30653  0.51470  1.38705 B   116 
 0.69307  0.66497  1.22554 K   116 
 0.36230  0.41618  1.72386 B   117 
 0.15273  0.20395  1.72880 B   118 
-0.03907  0.33455  1.61240 T   118 
-0.06513 -0.07334  1.77866 B   119 
-0.08798 -0.25757  1.99714 D   119 
-0.04742 -0.26955  1.50004 B   120 
 0.13518 -0.14229  1.38633 V   120 
-0.13594 -0.55072  1.60578 B   121 
 0.18326 -0.64871  1.85487 Q   121 
-0.44335 -0.48387  1.61260 B   122 
-0.45945 -0.33148  1.75213 A   122 
-0.47836 -0.54432  1.29345 B   123 
-0.54436 -0.12685  1.22353 W   123 
-0.44955 -0.88249  1.36044 B   124 
-0.20154 -0.89599  1.25759 I   124 
-0.66034 -0.94527  1.53614 B   125 
-0.42611 -0.70135  1.92859 R   125 
-0.82869 -1.25557  1.50484 B   126 
-0.63120 -1.36810  1.30573 B   127 
-0.68239 -1.10493  1.12543 X   127 
-0.55340 -1.65140  1.08966 B   128 
-0.47411 -2.00097  1.27936 R   128 
-0.18163 -1.71144  1.10469 B   129 
-0.21047 -1.46835  1.01770 L   129 
