246 
-0.58949  0.42228  1.12298 B   1 
-0.72497  0.05578  1.27648 K   1 
-0.34395  0.28283  1.34353 B   2 
-0.18581  0.48557  1.37599 V   2 
-0.15148  0.02961  1.29868 B   3 
-0.44713 -0.15396  1.04020 F   3 
-0.01326 -0.24233  1.38210 B   4 
 0.20298 -0.45477  1.27784 B   5 
 0.61413 -0.56803  1.36572 R   5 
 0.06480 -0.73318  1.35045 B   6 
 0.28532 -0.85402  1.53792 X   6 
-0.21443 -0.62930  1.26187 B   7 
-0.44105 -0.36820  1.44319 E   7 
-0.15423 -0.57933  0.96252 B   8 
-0.08143 -0.31499  0.82493 L   8 
-0.04615 -0.85512  0.88705 B   9 
 0.15018 -0.87128  0.97844 A   9 
-0.30660 -1.00430  0.94535 B   10 
-0.32361 -1.01364  1.16318 A   10 
-0.48575 -0.85047  0.74440 B   11 
-0.54555 -0.66777  0.84443 A   11 
-0.31188 -0.89626  0.49216 B   12 
-0.04304 -0.56134  0.48003 M   12 
-0.33607 -1.19911  0.50460 B   13 
-0.11452 -1.50264  0.72137 K   13 
-0.63820 -1.24094  0.49689 B   14 
-0.96297 -1.01673  0.72237 R   14 
-0.63593 -1.07258  0.21327 B   15 
-0.83868 -0.78693  0.38324 H   15 
-0.38108 -1.22809  0.05095 B   16 
-0.07255 -1.09212  0.04525 B   17 
-0.16719 -0.78188  0.03903 L   17 
 0.07666 -1.33571  0.09962 B   18 
 0.22922 -1.45751  0.33676 D   18 
 0.25903 -1.39487 -0.18144 B   19 
 0.36878 -1.61523  0.02598 N   19 
 0.17331 -1.18572 -0.36249 B   20 
-0.21398 -1.05282 -0.52846 Y   20 
 0.33038 -1.20769 -0.64810 B   21 
 0.00132 -1.12782 -0.98111 R   21 
 0.58565 -1.30692 -0.44587 B   22 
 0.52106 -1.12983 -0.18228 B   23 
 0.68201 -0.82354 -0.50100 Y   23 
 0.59484 -1.12363  0.11216 B   24 
 0.79473 -1.21520  0.19314 S   24 
 0.45429 -0.99489  0.38621 B   25 
 0.22365 -1.10334  0.56952 L   25 
 0.70088 -0.81492  0.47334 B   26 
 0.68541 -0.62144  0.23250 B   27 
 0.88173 -0.80244  0.02609 N   27 
 0.40986 -0.49689  0.29115 B   28 
 0.21236 -0.67813 -0.06546 W   28 
 0.47450 -0.39519  0.57432 B   29 
 0.42191 -0.57070  0.75873 V   29 
 0.71736 -0.22695  0.49552 B   30 
 0.98547 -0.28477  0.45373 X   30 
 0.57068 -0.03661  0.30445 B   31 
 0.53866 -0.14940  0.11978 A   31 
 0.35732  0.07518  0.49863 B   32 
 0.20679 -0.07710  0.52026 A   32 
 0.55941  0.19512  0.69559 B   33 
 0.73357  0.17737  0.98844 K   33 
 0.70882  0.39718  0.47135 B   34 
 1.05310  0.21258  0.59944 F   34 
 0.44255  0.52883  0.35209 B   35 
 0.48940  0.40302  0.02672 E   35 
 0.23947  0.55920  0.64267 B   36 
 0.07465  0.43598  0.56033 S   36 
 0.29305  0.43202  0.92275 B   37 
 0.47762  0.56781  1.09528 N   37 
 0.01083  0.27112  0.94450 B   38 
 0.30209 -0.00931  1.02998 F   38 
-0.17691  0.50895  0.81167 B   39 
-0.23050  0.75367  0.97784 N   39 
-0.48732  0.53388  0.65917 B   40 
-0.62200  0.36102  0.77800 T   40 
-0.49153  0.87294  0.65821 B   41 
-0.76238  0.93574  0.94470 Q   41 
-0.26789  0.91132  0.46784 B   42 
-0.08788  0.84351  0.55554 A   42 
-0.15658  1.21427  0.29704 B   43 
-0.39362  1.27433  0.28700 T   43 
 0.00875  1.30820 -0.02573 B   44 
 0.21391  1.20500  0.22170 N   44 
 0.13747  1.54804 -0.20699 B   45 
-0.22232  1.84864 -0.39995 R   45 
 0.21749  1.59011 -0.54136 B   46 
 0.21643  1.24881 -0.51243 N   46 
 0.38275  1.75731 -0.78316 B   47 
 0.63884  1.77514 -0.75377 T   47 
 0.15307  1.66058 -1.00598 B   48 
 0.16595  1.39579 -1.01380 D   48 
-0.12249  1.69433 -0.80509 B   49 
-0.14702  1.45466 -0.67820 B   50 
-0.07386  1.25713 -0.80485 S   50 
-0.24181  1.17949 -0.43956 B   51 
-0.32700  1.39067 -0.29034 T   51 
-0.16888  0.99975 -0.15738 B   52 
 0.11781  0.89323 -0.31354 D   52 
-0.33457  0.70079 -0.01652 B   53 
-0.60444  1.06843 -0.16737 Y   53 
-0.29434  0.55604  0.26870 B   54 
-0.11182  0.27374  0.37562 B   55 
-0.21149  0.09396  0.55358 I   55 
-0.00610  0.26330  0.04016 B   56 
 0.00099 -0.05596  0.07668 L   56 
-0.00236  0.51959 -0.12330 B   57 
 0.09551  0.75436  0.11072 Q   57 
-0.23226  0.56450 -0.32904 B   58 
-0.34583  0.27705 -0.35260 I   58 
-0.26583  0.70773 -0.63998 B   59 
-0.05863  0.88322 -0.77812 N   59 
-0.47534  0.95334 -0.81529 B   60 
-0.47618  1.14073 -0.68332 S   60 
-0.37651  0.92091 -1.12404 B   61 
-0.13982  1.25693 -1.24925 R   61 
-0.45853  0.58766 -1.13346 B   62 
-0.08266  0.63723 -1.38666 W   62 
-0.64909  0.45242 -0.88138 B   63 
-0.28612  0.22130 -0.96411 W   63 
-0.80558  0.71522 -0.77020 B   64 
-0.73910  0.69779 -0.51931 X   64 
-1.06894  0.94300 -0.67406 B   65 
-1.24237  1.07462 -0.87610 N   65 
-1.05164  1.31401 -0.57099 B   66 
-0.78275  1.33317 -0.57050 D   66 
-1.14470  1.55652 -0.77803 B   67 
-0.81024  1.68938 -0.82344 B   68 
-0.64637  1.77307 -0.38677 R   68 
-0.69619  1.49900 -1.08338 B   69 
-0.54491  1.38001 -0.91548 T   69 
-0.59283  1.55044 -1.37003 B   70 
-0.55843  1.75538 -1.31917 P   70 
-0.58989  1.27569 -1.56956 B   71 
-0.73063  1.05439 -1.42589 B   72 
-0.79334  1.13304 -1.21061 S   72 
-0.82583  0.68759 -1.37984 B   73 
-0.70297  0.58625 -1.69970 R   73 
-0.94153  0.48692 -1.16185 B   74 
-1.14644  0.56062 -0.98710 N   74 
-0.86279  0.16320 -1.16080 B   75 
-0.62382  0.20210 -1.37562 L   75 
-1.00717  0.08573 -0.87138 B   76 
-0.72684  0.03119 -0.74915 X   76 
-1.27656  0.21632 -0.85341 B   77 
-1.48825  0.17801 -1.02122 N   77 
-1.22659  0.46848 -0.63016 B   78 
-1.20333  0.24602 -0.43870 I   78 
-1.24174  0.65514 -0.37423 B   79 
-1.44976  0.65072 -0.35455 P   79 
-0.97653  0.77018 -0.20606 B   80 
-0.81334  0.90736 -0.43914 X   80 
-1.12014  0.76265  0.07715 B   81 
-1.31486  0.89583  0.03462 S   81 
-1.13660  0.44998  0.09810 B   82 
-1.27001  0.39246 -0.05425 A   82 
-0.81389  0.44601  0.15855 B   83 
-0.71924  0.39110 -0.14992 L   83 
-0.88144  0.56169  0.47710 B   84 
-0.77874  0.84201  0.33881 L   84 
-0.99481  0.34037  0.60857 B   85 
-1.23260  0.24223  0.57729 S   85 
-0.99429  0.09547  0.85730 B   86 
-1.14916  0.16180  1.02752 S   86 
-1.07210 -0.06621  0.60899 B   87 
-1.28088 -0.26418  0.55726 D   87 
-0.83377 -0.22982  0.39350 B   88 
-0.62835 -0.29648  0.55175 I   88 
-0.97527 -0.35960  0.15012 B   89 
-1.18579 -0.49410  0.23992 T   89 
-0.93481 -0.14134 -0.06777 B   90 
-1.08140  0.01334 -0.02500 A   90 
-0.62351 -0.12676 -0.06087 B   91 
-0.58598  0.07359  0.12290 S   91 
-0.57026 -0.42188 -0.12285 B   92 
-0.57706 -0.57313  0.09115 V   92 
-0.71555 -0.45017 -0.39166 B   93 
-1.00655 -0.57600 -0.27910 N   93 
-0.54632 -0.22498 -0.51876 B   94 
-0.60738  0.05197 -0.54630 X   94 
-0.26372 -0.33796 -0.46563 B   95 
-0.22573 -0.30714 -0.25598 A   95 
-0.29884 -0.59451 -0.63405 B   96 
-0.52658 -0.87913 -0.34417 K   96 
-0.31014 -0.43066 -0.89889 B   97 
-0.67568 -0.33971 -0.97916 K   97 
-0.04012 -0.28221 -0.87999 B   98 
-0.09028 -0.02850 -0.70882 I   98 
 0.15673 -0.53443 -0.85551 B   99 
 0.17328 -0.64619 -0.65290 V   99 
 0.03158 -0.64485 -1.14564 B   100 
-0.13383 -0.79590 -1.00906 S   100 
 0.13751 -0.41335 -1.35612 B   101 
 0.05479 -0.14836 -1.37443 D   101 
 0.49063 -0.49914 -1.37604 B   102 
 0.68309 -0.36000 -1.12939 B   103 
 0.72083 -0.12219 -1.34685 N   103 
 0.56418 -0.43742 -0.89085 B   104 
 0.68294 -0.29946 -0.58773 B   105 
 0.59013 -0.51582 -0.27410 M   105 
 0.81838 -0.05000 -0.73882 B   106 
 1.06532 -0.24354 -0.84336 N   106 
 0.56527  0.13374 -0.70944 B   107 
 0.41589  0.02327 -0.80547 A   107 
 0.70041  0.15897 -0.42383 B   108 
 0.27969 -0.02944 -0.34810 W   108 
 0.93334  0.37625 -0.33090 B   109 
 0.91518  0.59765 -0.45822 V   109 
 0.97733  0.28358 -0.03518 B   110 
 0.83100  0.38909  0.08076 A   110 
 1.03138 -0.00915 -0.09945 B   111 
 0.95216 -0.36188 -0.24406 W   111 
 1.27090  0.02483 -0.29340 B   112 
 1.28950  0.25544 -0.64666 R   112 
 1.44597  0.22389 -0.09135 B   113 
 1.42550  0.46788 -0.30430 N   113 
 1.37161  0.03670  0.20209 B   114 
 1.25919  0.46801  0.43383 R   114 
 1.30348 -0.28711  0.12727 B   115 
 1.02676 -0.18176  0.24523 X   115 
 1.46106 -0.37249 -0.09669 B   116 
 1.41022 -0.38145 -0.53874 K   116 
 1.70004 -0.62120 -0.01135 B   117 
 1.58939 -0.67826  0.25974 B   118 
 1.55219 -0.43416  0.33986 T   118 
 1.48341 -0.79961  0.57736 B   119 
 1.57484 -1.02180  0.73378 D   119 
 1.14407 -0.83379  0.56649 B   120 
 1.11706 -0.77950  0.32403 V   120 
 1.08726 -1.04676  0.78897 B   121 
 1.25817 -1.38773  0.62143 Q   121 
 1.11970 -0.84679  1.02975 B   122 
 1.31739 -0.78550  1.01902 A   122 
 0.81435 -0.73527  0.99716 B   123 
 0.96819 -0.35896  0.86209 W   123 
 0.69797 -1.03238  1.13081 B   124 
 0.60930 -1.12087  0.89295 I   124 
 0.81060 -1.05140  1.38808 B   125 
 1.27849 -1.15644  1.19207 R   125 
 0.61938 -1.18665  1.65408 B   126 
 0.39590 -1.28221  1.47452 B   127 
 0.37600 -0.98072  1.36013 X   127 
 0.06672 -1.43888  1.46489 B   128 
 0.05081 -1.82323  1.59333 R   128 
 0.05815 -1.67528  1.17149 B   129 
 0.10835 -1.44071  1.07177 L   129 
