246 
-0.89349 -0.94484 -0.30962 B   1 
-0.71017 -1.27902 -0.13367 K   1 
-1.01269 -0.98852  0.02543 B   2 
-1.21578 -0.82752  0.02704 V   2 
-0.85994 -0.93748  0.30335 B   3 
-0.48025 -1.03032  0.11593 F   3 
-0.76683 -1.01282  0.59604 B   4 
-0.60812 -0.89124  0.84662 B   5 
-0.69948 -0.73148  1.24125 R   5 
-0.42966 -1.13876  0.94026 B   6 
-0.53256 -1.16926  1.23497 X   6 
-0.36652 -1.21750  0.64628 B   7 
-0.60805 -1.37679  0.38419 E   7 
-0.21397 -0.96249  0.56007 B   8 
-0.32134 -0.71975  0.40628 L   8 
-0.00253 -0.95434  0.78068 B   9 
-0.10564 -0.89530  0.96245 A   9 
 0.12958 -1.21885  0.70279 B   10 
-0.00709 -1.37646  0.76843 A   10 
 0.20797 -1.13984  0.41339 B   11 
 0.03086 -1.17055  0.29236 A   11 
 0.36399 -0.88146  0.48303 B   12 
 0.07103 -0.56749  0.46936 M   12 
 0.56962 -1.02640  0.65380 B   13 
 0.57185 -1.14865  1.07004 K   13 
 0.68396 -1.23123  0.45870 B   14 
 0.46392 -1.49703  0.16286 R   14 
 0.76011 -0.97616  0.26394 B   15 
 0.50308 -1.10292  0.00039 H   15 
 0.90886 -0.76899  0.48852 B   16 
 0.73737 -0.51356  0.62656 B   17 
 0.55409 -0.44570  0.36763 L   17 
 0.82780 -0.55145  0.90032 B   18 
 0.71000 -0.65837  1.16306 D   18 
 1.01025 -0.27406  0.97465 B   19 
 0.99156 -0.42834  1.25657 N   19 
 1.01236 -0.12623  0.72564 B   20 
 1.13682 -0.21161  0.31039 Y   20 
 1.17914  0.15286  0.75760 B   21 
 1.43763  0.19311  0.36122 R   21 
 1.04218  0.14354  1.06915 B   22 
 0.75936  0.00016  1.00230 B   23 
 0.72249  0.43496  0.82654 Y   23 
 0.53597 -0.14348  1.14940 B   24 
 0.49065 -0.10555  1.37613 S   24 
 0.29943 -0.36165  1.06062 B   25 
 0.31097 -0.67286  1.02093 L   25 
 0.05136 -0.18912  1.15800 B   26 
 0.08602  0.03659  0.94937 B   27 
 0.29771  0.22507  1.13259 N   27 
 0.03425 -0.12817  0.69430 B   28 
 0.45272 -0.09292  0.54374 W   28 
-0.24455 -0.23199  0.77301 B   29 
-0.23518 -0.45697  0.90292 V   29 
-0.37115  0.04237  0.81982 B   30 
-0.37457  0.21803  1.03455 X   30 
-0.33312  0.15028  0.53493 B   31 
-0.12214  0.20585  0.51916 A   31 
-0.48453 -0.06879  0.37743 B   32 
-0.35472 -0.24021  0.36857 A   32 
-0.75402 -0.02086  0.51563 B   33 
-0.98664 -0.10888  0.74918 K   33 
-0.78038  0.30279  0.42623 B   34 
-0.83227  0.36484  0.82931 F   34 
-0.71893  0.26360  0.11456 B   35 
-0.42469  0.45674  0.11694 E   35 
-0.88259 -0.04480  0.04593 B   36 
-0.69844 -0.14547 -0.02538 S   36 
-0.99944 -0.24535  0.25478 B   37 
-1.25857 -0.18623  0.36260 N   37 
-0.82874 -0.50449  0.15619 B   38 
-0.77194 -0.48674  0.56514 F   38 
-0.85180 -0.44203 -0.16788 B   39 
-1.11790 -0.48733 -0.30020 N   39 
-0.68292 -0.53036 -0.45755 B   40 
-0.60908 -0.76370 -0.41023 T   40 
-0.91360 -0.39660 -0.66702 B   41 
-1.07867 -0.73265 -0.80561 Q   41 
-0.87045 -0.11331 -0.59213 B   42 
-0.93131 -0.08297 -0.39195 A   42 
-0.99204  0.19133 -0.75263 B   43 
-0.96331  0.07045 -0.96348 T   43 
-0.88175  0.54652 -0.79747 B   44 
-1.03327  0.47390 -0.50468 N   44 
-0.95762  0.84386 -0.91051 B   45 
-0.93717  0.86095 -1.41681 R   45 
-0.78120  1.13136 -0.98924 B   46 
-0.56654  0.97497 -0.77293 N   46 
-0.77598  1.46270 -1.05182 B   47 
-0.87629  1.61425 -0.86816 T   47 
-0.49754  1.42340 -1.23261 B   48 
-0.31414  1.33070 -1.06494 D   48 
-0.58344  1.12890 -1.38532 B   49 
-0.49857  0.93392 -1.21525 B   50 
-0.29682  0.98469 -1.08439 S   50 
-0.44640  0.60644 -1.03722 B   51 
-0.66960  0.53862 -1.17758 T   51 
-0.53379  0.39583 -0.78177 B   52 
-0.43128  0.63894 -0.56197 D   52 
-0.38018  0.07769 -0.67287 B   53 
-0.45815  0.15147 -1.14108 Y   53 
-0.48491 -0.14181 -0.46127 B   54 
-0.41241 -0.20839 -0.12252 B   55 
-0.38321 -0.46095 -0.02614 I   55 
-0.20610  0.07521 -0.15115 B   56 
-0.01386 -0.07212  0.06016 L   56 
-0.27203  0.28757 -0.35845 B   57 
-0.61761  0.29055 -0.35295 Q   57 
-0.10221  0.29365 -0.61984 B   58 
 0.14105  0.12138 -0.53484 I   58 
 0.01922  0.53367 -0.83423 B   59 
-0.06264  0.82711 -0.83723 N   59 
 0.02541  0.61321 -1.19282 B   60 
-0.19226  0.60112 -1.26358 S   60 
 0.23053  0.86609 -1.20418 B   61 
 0.02200  1.23418 -1.27921 R   61 
 0.48722  0.68633 -1.06390 B   62 
 0.52473  1.11268 -0.90681 W   62 
 0.45986  0.34488 -1.03558 B   63 
 0.57773  0.53863 -0.66064 W   63 
 0.24601  0.27713 -1.27137 B   64 
 0.07027  0.14796 -1.12962 X   64 
 0.09483  0.13691 -1.56796 B   65 
 0.18766  0.21141 -1.84009 N   65 
-0.23397  0.22893 -1.74684 B   66 
-0.31902  0.40817 -1.56433 D   66 
-0.23516  0.40250 -2.03005 B   67 
-0.38452  0.69933 -1.88458 B   68 
-0.78140  0.55096 -1.67243 R   68 
-0.10823  0.86660 -1.77276 B   69 
-0.18070  0.80543 -1.53561 T   69 
 0.02322  1.14145 -1.82452 B   70 
-0.16090  1.21215 -1.90741 P   70 
 0.34600  1.16425 -1.72153 B   71 
 0.43783  0.89133 -1.64090 B   72 
 0.25473  0.74143 -1.66257 S   72 
 0.68343  0.65331 -1.47134 B   73 
 0.93693  0.90122 -1.42716 R   73 
 0.70410  0.35587 -1.36054 B   74 
 0.58972  0.13970 -1.49523 N   74 
 0.90436  0.27584 -1.10660 B   75 
 0.95963  0.58520 -1.02907 L   75 
 0.79979 -0.03747 -1.06769 B   76 
 0.67973  0.03964 -0.79176 X   76 
 0.76981 -0.16916 -1.33547 B   77 
 0.96614 -0.20967 -1.52055 N   77 
 0.43237 -0.18276 -1.37868 B   78 
 0.44895 -0.38269 -1.16318 I   78 
 0.13501 -0.28567 -1.41822 B   79 
 0.18009 -0.43334 -1.55909 P   79 
-0.12841 -0.18045 -1.24105 B   80 
-0.10796  0.13181 -1.28399 X   80 
-0.27691 -0.46119 -1.24617 B   81 
-0.28757 -0.50439 -1.48172 S   81 
-0.07237 -0.61071 -1.06102 B   82 
 0.10581 -0.61902 -1.17282 A   82 
-0.19653 -0.44569 -0.80575 B   83 
 0.02494 -0.20469 -0.80636 L   83 
-0.47369 -0.65164 -0.81917 B   84 
-0.59951 -0.38292 -0.96134 L   84 
-0.38087 -0.89906 -0.72282 B   85 
-0.22908 -1.06985 -0.84509 S   85 
-0.38165 -1.16011 -0.49110 B   86 
-0.50123 -1.34428 -0.58671 S   86 
-0.08184 -1.11162 -0.53129 B   87 
 0.14452 -1.29042 -0.57872 D   87 
 0.11290 -0.88335 -0.33134 B   88 
-0.00333 -0.88261 -0.09014 I   88 
 0.40445 -0.86602 -0.43524 B   89 
 0.49185 -1.11342 -0.47557 T   89 
 0.39168 -0.60970 -0.61098 B   90 
 0.29568 -0.66951 -0.79658 A   90 
 0.29414 -0.40939 -0.39296 B   91 
 0.02228 -0.42578 -0.42673 S   91 
 0.52428 -0.45288 -0.19569 B   92 
 0.48478 -0.65830 -0.03769 V   92 
 0.76450 -0.38063 -0.37245 B   93 
 0.85196 -0.69094 -0.46858 N   93 
 0.65119 -0.09881 -0.42940 B   94 
 0.49623 -0.00883 -0.65094 X   94 
 0.61741  0.00170 -0.13922 B   95 
 0.44411 -0.09929 -0.06103 A   95 
 0.91676 -0.01296 -0.06445 B   96 
 0.97609 -0.46284  0.04039 K   96 
 0.98689  0.21931 -0.26002 B   97 
 1.07624  0.07476 -0.60564 K   97 
 0.80043  0.43897 -0.14919 B   98 
 0.52387  0.39617 -0.28285 I   98 
 0.90435  0.44770  0.15427 B   99 
 0.83928  0.28051  0.30133 V   99 
 1.20995  0.51392  0.03490 B   100 
 1.26499  0.25802  0.05267 S   100 
 1.16566  0.81253 -0.09920 B   101 
 1.01843  0.87782 -0.32604 D   101 
 1.14397  1.01697  0.20110 B   102 
 0.83021  1.03383  0.33717 B   103 
 0.80448  1.29596  0.14771 N   103 
 0.75332  0.77022  0.37754 B   104 
 0.42173  0.70242  0.47987 B   105 
 0.38225  0.35054  0.64843 M   105 
 0.31702  0.98810  0.37583 B   106 
 0.45481  1.13705  0.63698 N   106 
 0.23853  0.88061  0.09127 B   107 
 0.41911  0.80392  0.01881 A   107 
-0.00827  0.78962  0.26814 B   108 
 0.18159  0.39550  0.10425 W   108 
-0.28221  0.96456  0.33492 B   109 
-0.34289  1.12522  0.14501 V   109 
-0.43075  0.76143  0.52105 B   110 
-0.54270  0.63406  0.38978 A   110 
-0.20091  0.72091  0.71668 B   111 
 0.15998  0.62391  0.82600 W   111 
-0.15656  1.01495  0.80452 B   112 
-0.08024  1.35111  0.56061 R   112 
-0.47654  1.07397  0.87681 B   113 
-0.49407  1.29841  0.64311 N   113 
-0.52725  0.75883  1.03426 B   114 
-0.95004  0.70761  0.76780 R   114 
-0.23642  0.63468  1.15715 B   115 
-0.31491  0.42256  0.93257 X   115 
-0.06809  0.84822  1.24847 B   116 
 0.25112  1.10232  1.07065 K   116 
-0.01903  0.84534  1.60038 B   117 
-0.13413  0.57380  1.64512 B   118 
-0.34587  0.59521  1.49646 T   118 
-0.23795  0.24895  1.74775 B   119 
-0.21595  0.11570  2.00065 D   119 
-0.11681  0.02547  1.52011 B   120 
 0.01745  0.18911  1.38721 V   120 
-0.10643 -0.24220  1.68235 B   121 
 0.19535 -0.15955  1.95738 Q   121 
-0.41531 -0.29941  1.66404 B   122 
-0.50269 -0.14146  1.76585 A   122 
-0.38839 -0.42854  1.36515 B   123 
-0.59581 -0.09080  1.20259 W   123 
-0.24428 -0.70969  1.50611 B   124 
 0.00116 -0.64567  1.41706 I   124 
-0.43555 -0.81419  1.68424 B   125 
-0.35528 -0.42850  2.02066 R   125 
-0.47216 -1.16522  1.71671 B   126 
-0.22548 -1.22849  1.55403 B   127 
-0.34937 -1.04534  1.31846 X   127 
-0.02392 -1.49534  1.40859 B   128 
 0.15679 -1.74378  1.67334 R   128 
 0.33924 -1.40292  1.44882 B   129 
 0.23263 -1.21140  1.30937 L   129 
