246 
 0.35190 -0.77242  1.03269 B   1 
 0.74199 -0.63218  1.09905 K   1 
 0.34824 -0.50796  1.27439 B   2 
 0.10754 -0.52983  1.36797 V   2 
 0.39580 -0.19320  1.23142 B   3 
 0.65591 -0.27481  0.89437 F   3 
 0.52349  0.08813  1.29896 B   4 
 0.51163  0.39569  1.20936 B   5 
 0.34941  0.77075  1.35973 R   5 
 0.81993  0.47834  1.21012 B   6 
 0.81084  0.71339  1.41759 X   6 
 0.90351  0.20680  1.08408 B   7 
 0.90586 -0.14490  1.25351 E   7 
 0.75490  0.23163  0.81384 B   8 
 0.48304  0.11341  0.73496 L   8 
 0.86578  0.50091  0.72093 B   9 
 0.77307  0.65207  0.84629 A   9 
 1.15619  0.40699  0.70278 B   10 
 1.22748  0.39042  0.90886 A   10 
 1.11139  0.18078  0.49551 B   11 
 1.04261  0.00871  0.60785 A   11 
 0.97010  0.35171  0.27922 B   12 
 0.55143  0.32429  0.37169 M   12 
 1.20761  0.53766  0.24088 B   13 
 1.33706  0.89536  0.44944 K   13 
 1.43116  0.34374  0.16662 B   14 
 1.53444 -0.05745  0.35362 R   14 
 1.23831  0.24527 -0.08218 B   15 
 1.20472 -0.10487  0.08475 H   15 
 1.14609  0.54561 -0.21168 B   16 
 0.84710  0.68136 -0.13498 B   17 
 0.68256  0.40261 -0.11329 L   17 
 0.94005  0.95304 -0.08911 B   18 
 0.98779  1.13633  0.15270 D   18 
 0.79585  1.14061 -0.33360 B   19 
 0.93516  1.36029 -0.14396 N   19 
 0.65561  0.94495 -0.49458 B   20 
 0.76902  0.57791 -0.71282 Y   20 
 0.49977  1.08902 -0.74295 B   21 
 0.57279  0.80859 -1.11922 R   21 
 0.45624  1.33438 -0.51098 B   22 
 0.43484  1.15480 -0.24208 B   23 
 0.03117  1.08179 -0.47235 Y   23 
 0.45509  1.19097  0.05868 B   24 
 0.41201  1.39613  0.16333 S   24 
 0.52027  0.98758  0.31522 B   25 
 0.79272  0.88219  0.43020 L   25 
 0.25232  1.04360  0.47602 B   26 
 0.06331  0.91310  0.26886 B   27 
 0.01649  1.18962  0.08111 N   27 
 0.16578  0.62332  0.28920 B   28 
 0.33666  0.61710 -0.12285 W   28 
 0.12015  0.58886  0.59159 B   29 
 0.32629  0.65981  0.73320 V   29 
-0.17770  0.65794  0.58923 B   30 
-0.31943  0.89641  0.59375 X   30 
-0.26742  0.43055  0.40350 B   31 
-0.21065  0.49184  0.20134 A   31 
-0.16259  0.18876  0.56559 B   32 
 0.05001  0.17962  0.53349 A   32 
-0.33140  0.24731  0.81478 B   33 
-0.35910  0.37365  1.13049 K   33 
-0.62908  0.23165  0.65799 B   34 
-0.68665  0.60369  0.82317 F   34 
-0.58147 -0.04763  0.50902 B   35 
-0.60084  0.08721  0.18448 E   35 
-0.40075 -0.23149  0.75425 B   36 
-0.22547 -0.26582  0.62300 S   36 
-0.27461 -0.11950  1.01700 B   37 
-0.44956 -0.08339  1.24142 N   37 
 0.02935 -0.21982  0.95735 B   38 
 0.06479  0.17986  1.05624 F   38 
-0.05385 -0.51226  0.82693 B   39 
-0.15519 -0.72475  1.01389 N   39 
 0.09121 -0.75046  0.62090 B   40 
 0.33235 -0.73865  0.68297 T   40 
-0.15129 -0.98231  0.67012 B   41 
 0.04879 -1.23776  0.90270 Q   41 
-0.37033 -0.83445  0.53637 B   42 
-0.41608 -0.66028  0.64712 A   42 
-0.70314 -0.94879  0.43886 B   43 
-0.59585 -1.16342  0.39071 T   43 
-0.95719 -0.87508  0.17361 B   44 
-0.95435 -0.66609  0.43870 N   44 
-1.25822 -0.93351  0.05997 B   45 
-1.29039 -1.39218 -0.15367 R   45 
-1.42254 -0.88709 -0.24140 B   46 
-1.16814 -0.65894 -0.26493 N   46 
-1.70958 -0.86672 -0.41726 B   47 
-1.88070 -0.69154 -0.33485 T   47 
-1.54607 -0.96002 -0.69351 B   48 
-1.36500 -0.77149 -0.73833 D   48 
-1.34302 -1.19529 -0.54911 B   49 
-1.12279 -1.05765 -0.46724 B   50 
-1.05849 -0.86447 -0.60491 S   50 
-0.80405 -0.95312 -0.29656 B   51 
-0.86490 -1.16544 -0.13739 T   51 
-0.65193 -0.79151 -0.03581 B   52 
-0.79861 -0.50108 -0.14561 D   52 
-0.29423 -0.71851  0.02243 B   53 
-0.42257 -1.15817 -0.12236 Y   53 
-0.14550 -0.60474  0.28484 B   54 
-0.03318 -0.28490  0.38243 B   55 
 0.20488 -0.24545  0.50773 I   55 
-0.17643 -0.18407  0.07726 B   56 
 0.05865  0.03485  0.06602 L   56 
-0.40421 -0.34649 -0.04170 B   57 
-0.57954 -0.44394  0.23978 Q   57 
-0.33870 -0.53635 -0.28016 B   58 
-0.06343 -0.42491 -0.36894 I   58 
-0.49695 -0.64296 -0.56636 B   59 
-0.79159 -0.60221 -0.63223 N   59 
-0.58214 -0.95467 -0.74110 B   60 
-0.68455 -1.08800 -0.58531 S   60 
-0.69849 -0.84534 -1.02510 B   61 
-1.12500 -0.89181 -1.04839 R   61 
-0.40702 -0.68043 -1.10076 B   62 
-0.74796 -0.42502 -1.26318 W   62 
-0.12420 -0.74149 -0.91521 B   63 
-0.21208 -0.31427 -0.95739 W   63 
-0.18563 -1.03935 -0.79938 B   64 
-0.15431 -0.99054 -0.54580 X   64 
-0.15640 -1.39158 -0.72477 B   65 
-0.18913 -1.59853 -0.93530 N   65 
-0.41030 -1.63408 -0.56571 B   66 
-0.59777 -1.44899 -0.50853 D   66 
-0.57630 -1.85642 -0.74832 B   67 
-0.89957 -1.69760 -0.70534 B   68 
-0.95855 -1.65412 -0.23718 R   68 
-0.89962 -1.47279 -0.96279 B   69 
-0.87012 -1.28905 -0.78785 T   69 
-1.07405 -1.41777 -1.21188 B   70 
-1.23185 -1.53313 -1.12492 P   70 
-0.92650 -1.22073 -1.44578 B   71 
-0.64034 -1.18187 -1.36816 B   72 
-0.60372 -1.29136 -1.16046 S   72 
-0.30248 -1.00668 -1.39780 B   73 
-0.38729 -0.83262 -1.69811 R   73 
-0.02913 -0.96682 -1.24011 B   74 
 0.09298 -1.17577 -1.10087 N   74 
 0.15415 -0.69045 -1.27202 B   75 
-0.08119 -0.53050 -1.42629 L   75 
 0.37457 -0.75825 -1.03237 B   76 
 0.26290 -0.52079 -0.86611 X   76 
 0.45870 -1.04562 -1.04927 B   77 
 0.58190 -1.16771 -1.25989 N   77 
 0.29912 -1.18957 -0.78521 B   78 
 0.49190 -1.03142 -0.62865 I   78 
 0.23696 -1.33884 -0.51239 B   79 
 0.37940 -1.49000 -0.53565 P   79 
 0.02382 -1.22913 -0.27917 B   80 
-0.23804 -1.19043 -0.45152 X   80 
 0.19170 -1.34326 -0.03487 B   81 
 0.21083 -1.57452 -0.09500 S   81 
 0.43340 -1.14539 -0.06491 B   82 
 0.52370 -1.19760 -0.24777 A   82 
 0.24261 -0.90792  0.05763 B   83 
 0.14528 -0.78650 -0.23032 L   83 
 0.28100 -1.05084  0.36990 B   84 
-0.02190 -1.15779  0.29874 L   84 
 0.54649 -0.99124  0.44119 B   85 
 0.76335 -1.09866  0.34853 S   85 
 0.78426 -0.83741  0.64527 B   86 
 0.87825 -1.00431  0.78903 S   86 
 0.89030 -0.77383  0.36497 B   87 
 1.15552 -0.79155  0.24331 D   87 
 0.80154 -0.47767  0.17945 B   88 
 0.75588 -0.28891  0.36377 I   88 
 0.92689 -0.48276 -0.10402 B   89 
 1.18218 -0.55130 -0.07946 T   89 
 0.68948 -0.58989 -0.27404 B   90 
 0.68294 -0.80425 -0.23871 A   90 
 0.47950 -0.37078 -0.20284 B   91 
 0.35567 -0.48705  0.01273 S   91 
 0.64308 -0.12948 -0.29657 B   92 
 0.80938 -0.04259 -0.11350 V   92 
 0.69130 -0.20463 -0.59015 B   93 
 0.99792 -0.33939 -0.55837 N   93 
 0.38800 -0.22592 -0.64546 B   94 
 0.22057 -0.45646 -0.64268 X   94 
 0.30009  0.05593 -0.55443 B   95 
 0.30483  0.05316 -0.33922 A   95 
 0.46674  0.21117 -0.76310 B   96 
 0.89081  0.22174 -0.57086 K   96 
 0.29054  0.10486 -0.99712 B   97 
 0.44128 -0.22191 -1.13434 K   97 
 0.01345  0.20267 -0.90243 B   98 
-0.09536 -0.01361 -0.70860 I   98 
 0.07452  0.51668 -0.87725 B   99 
 0.19439  0.59466 -0.69460 V   99 
 0.16383  0.51279 -1.19980 B   100 
 0.41343  0.48640 -1.12341 S   100 
-0.12363  0.44458 -1.34755 B   101 
-0.26615  0.20572 -1.34198 D   101 
-0.29471  0.76349 -1.30904 B   102 
-0.45896  0.79964 -1.01078 B   103 
-0.70863  0.67728 -1.17799 N   103 
-0.26753  0.75298 -0.81530 B   104 
-0.36942  0.73296 -0.47731 B   105 
-0.07600  0.79570 -0.22479 M   105 
-0.67432  0.67155 -0.55894 B   106 
-0.71974  0.98898 -0.63982 N   106 
-0.63631  0.35975 -0.55354 B   107 
-0.48359  0.32884 -0.69304 A   107 
-0.67163  0.42870 -0.24617 B   108 
-0.24504  0.24238 -0.28543 W   108 
-0.95628  0.44922 -0.07689 B   109 
-1.13582  0.29250 -0.17049 V   109 
-0.84503  0.53011  0.20427 B   110 
-0.79822  0.34564  0.30309 A   110 
-0.68425  0.77050  0.10884 B   111 
-0.41377  0.95703 -0.10007 W   111 
-0.91125  0.93318 -0.02586 B   112 
-1.17676  0.80805 -0.32945 R   112 
-1.11853  0.91821  0.23475 B   113 
-1.33395  0.74860  0.06118 N   113 
-0.86308  0.97582  0.47580 B   114 
-1.04509  0.59098  0.74252 R   114 
-0.60349  1.14770  0.34102 B   115 
-0.47181  0.86720  0.41566 X   115 
-0.69868  1.33199  0.14290 B   116 
-0.76805  1.32159 -0.29659 K   116 
-0.65241  1.67178  0.23596 B   117 
-0.47303  1.61592  0.46768 B   118 
-0.60567  1.42000  0.57451 T   118 
-0.23878  1.60467  0.73570 B   119 
-0.09886  1.81451  0.87203 D   119 
 0.00251  1.37832  0.65210 B   120 
-0.07889  1.33330  0.42012 V   120 
 0.24779  1.46963  0.82408 B   121 
 0.34252  1.83354  0.64481 Q   121 
 0.14154  1.34716  1.09376 B   122 
-0.03311  1.45190  1.13217 A   122 
 0.25025  1.04856  1.01784 B   123 
-0.15425  0.91435  0.97448 W   123 
 0.57298  1.15698  1.07924 B   124 
 0.63573  1.16268  0.81790 I   124 
 0.57721  1.24056  1.34801 B   125 
 0.30259  1.66534  1.23612 R   125 
 0.86389  1.17836  1.54690 B   126 
 1.03319  1.08677  1.31395 B   127 
 0.80008  0.87411  1.24456 X   127 
 1.35671  0.95051  1.21515 B   128 
 1.67627  1.19205  1.27850 R   128 
 1.46092  1.11765  0.89383 B   129 
 1.23448  1.00107  0.84262 L   129 
