246 
 1.23922 -0.15187  0.47767 B   1 
 1.15180 -0.27501  0.86938 K   1 
 1.22465 -0.50950  0.49397 B   2 
 1.32823 -0.57368  0.26523 V   2 
 0.96900 -0.70068  0.52959 B   3 
 0.76431 -0.39132  0.75388 F   3 
 0.80750 -0.94065  0.65743 B   4 
 0.52943 -1.09763  0.62914 B   5 
 0.38729 -1.47948  0.47557 R   5 
 0.44361 -1.13872  0.93381 B   6 
 0.42600 -1.45177  0.94171 X   6 
 0.53750 -0.85225  1.00950 B   7 
 0.90381 -0.72029  1.03787 E   7 
 0.34286 -0.68963  0.83229 B   8 
 0.39512 -0.56639  0.55627 L   8 
 0.07803 -0.80975  0.92652 B   9 
 0.06899 -1.01058  0.84440 A   9 
 0.10445 -0.71297  1.21535 B   10 
 0.25508 -0.84116  1.30865 A   10 
 0.12094 -0.40954  1.15370 B   11 
 0.32738 -0.36974  1.10123 A   11 
-0.13882 -0.38826  0.98628 B   12 
-0.01577 -0.45826  0.58063 M   12 
-0.31825 -0.47973  1.21408 B   13 
-0.43391 -0.87265  1.35706 K   13 
-0.25513 -0.27646  1.43269 B   14 
 0.14905 -0.11558  1.56438 R   14 
-0.34402 -0.04369  1.21658 B   15 
 0.02273  0.08678  1.20892 H   15 
-0.63783 -0.17235  1.10431 B   16 
-0.65145 -0.34039  0.81227 B   17 
-0.42535 -0.16688  0.65730 L   17 
-0.81828 -0.56040  0.90349 B   18 
-0.78053 -0.85726  0.97270 D   18 
-1.10938 -0.53140  0.72977 B   19 
-1.14243 -0.81223  0.88361 N   19 
-1.07286 -0.28778  0.57752 B   20 
-0.97980  0.13297  0.67512 Y   20 
-1.33508 -0.22578  0.39280 B   21 
-1.41072  0.24149  0.43139 R   21 
-1.33946 -0.56536  0.36886 B   22 
-1.02151 -0.62694  0.38040 B   23 
-1.09581 -0.43777 -0.04386 Y   23 
-0.83633 -0.86195  0.43191 B   24 
-0.90246 -1.08380  0.39569 S   24 
-0.51836 -0.89281  0.52872 B   25 
-0.38822 -0.88208  0.81422 L   25 
-0.41949 -1.06110  0.27834 B   26 
-0.45683 -0.83443  0.07121 B   27 
-0.77922 -0.90269 -0.00163 N   27 
-0.24848 -0.63630  0.18176 B   28 
-0.55086 -0.33339  0.30764 W   28 
-0.00652 -0.82606  0.16955 B   29 
 0.02475 -0.96344  0.38802 V   29 
-0.02930 -0.89125 -0.12832 B   30 
-0.18046 -1.07259 -0.27407 X   30 
 0.00738 -0.60472 -0.23229 B   31 
-0.18365 -0.50353 -0.19887 A   31 
 0.28194 -0.53979 -0.10531 B   32 
 0.24614 -0.49822  0.10279 A   32 
 0.43237 -0.76586 -0.24774 B   33 
 0.56922 -1.07837 -0.24431 K   33 
 0.35998 -0.66264 -0.56006 B   34 
 0.22079 -1.04651 -0.60796 F   34 
 0.44640 -0.35676 -0.52242 B   35 
 0.12431 -0.22680 -0.57945 E   35 
 0.73205 -0.38675 -0.31240 B   36 
 0.64734 -0.26007 -0.15146 S   36 
 0.82744 -0.64286 -0.16141 B   37 
 0.97668 -0.83598 -0.31209 N   37 
 0.82779 -0.51168  0.13659 B   38 
 0.61384 -0.86332  0.17344 F   38 
 0.94859 -0.21716  0.04650 B   39 
 1.23909 -0.20271 -0.02945 N   39 
 0.95692  0.10519  0.17397 B   40 
 0.97031  0.06765  0.42004 T   40 
 1.17671  0.22143 -0.05660 B   41 
 1.50190  0.25241  0.17291 Q   41 
 0.99859  0.19678 -0.29196 B   42 
 0.95877 -0.00743 -0.32949 A   42 
 1.04056  0.32668 -0.63064 B   43 
 1.14734  0.51953 -0.52433 T   43 
 0.82482  0.44475 -0.91323 B   44 
 0.86512  0.11064 -0.88671 N   44 
 0.81324  0.54802 -1.22330 B   45 
 0.98724  1.02214 -1.26785 R   45 
 0.58291  0.71612 -1.41994 B   46 
 0.38276  0.58524 -1.17471 N   46 
 0.47077  0.80765 -1.72454 B   47 
 0.42175  0.61513 -1.88974 T   47 
 0.32612  1.07708 -1.58949 B   48 
 0.14548  0.98496 -1.41853 D   48 
 0.57457  1.15557 -1.36692 B   49 
 0.51556  1.01334 -1.14234 B   50 
 0.27682  0.97597 -1.09749 S   50 
 0.53344  0.83839 -0.80958 B   51 
 0.80048  0.87456 -0.84826 T   51 
 0.59020  0.54990 -0.63409 B   52 
 0.32227  0.41127 -0.79816 D   52 
 0.54721  0.47838 -0.27393 B   53 
 0.76534  0.88509 -0.40714 Y   53 
 0.63903  0.22258 -0.10056 B   54 
 0.47314 -0.06675  0.01435 B   55 
 0.51207 -0.16840  0.26351 I   55 
 0.19999  0.06652 -0.16297 B   56 
 0.01678 -0.06753  0.06458 L   56 
 0.25091  0.25188 -0.39847 B   57 
 0.53423  0.11390 -0.54043 Q   57 
 0.20972  0.55780 -0.35462 B   58 
 0.04349  0.55690 -0.09301 I   58 
 0.09695  0.82459 -0.54017 B   59 
 0.04891  0.82420 -0.84101 N   59 
 0.20014  1.16372 -0.63656 B   60 
 0.41317  1.14355 -0.71869 S   60 
-0.06649  1.27771 -0.78507 B   61 
-0.01112  1.30182 -1.21046 R   61 
-0.26248  1.23054 -0.50714 B   62 
-0.52513  1.14215 -0.86916 W   62 
-0.11456  1.16094 -0.20479 B   63 
-0.43614  0.88110 -0.30624 W   63 
 0.18197  1.28829 -0.24676 B   64 
 0.32394  1.07796 -0.18958 X   64 
 0.47921  1.48858 -0.20182 B   65 
 0.47878  1.78129 -0.25224 N   65 
 0.78511  1.53487 -0.43173 B   66 
 0.71282  1.35197 -0.61610 D   66 
 0.82746  1.81109 -0.61129 B   67 
 0.77605  1.64878 -0.93158 B   68 
 1.08162  1.28673 -0.94107 R   68 
 0.43642  1.66889 -0.96423 B   69 
 0.42830  1.41741 -0.92030 T   69 
 0.23790  1.79368 -1.16552 B   70 
 0.39479  1.80560 -1.31047 P   70 
-0.07918  1.82582 -1.04831 B   71 
-0.07793  1.76081 -0.75644 B   72 
 0.14225  1.69558 -0.69534 S   72 
-0.25290  1.67686 -0.42771 B   73 
-0.57939  1.75806 -0.54806 R   73 
-0.19461  1.55434 -0.14001 B   74 
 0.03917  1.61290  0.00097 N   74 
-0.42799  1.39078  0.03255 B   75 
-0.62759  1.37091 -0.22148 L   75 
-0.23139  1.28443  0.27882 B   76 
-0.27037  0.99241  0.18030 X   76 
-0.04935  1.50583  0.36709 B   77 
-0.12375  1.74743  0.46974 N   77 
 0.25287  1.41406  0.23996 B   78 
 0.23472  1.20335  0.44480 I   78 
 0.55605  1.32574  0.21073 B   79 
 0.63262  1.45807  0.35322 P   79 
 0.66335  1.07180  0.02138 B   80 
 0.53853  1.14933 -0.25823 X   80 
 0.90058  0.99206  0.21697 B   81 
 1.01868  1.19991  0.23473 S   81 
 0.71827  0.88654  0.44956 B   82 
 0.61746  1.05702  0.52091 A   82 
 0.65567  0.62042  0.26770 B   83 
 0.37601  0.72970  0.13741 L   83 
 0.97303  0.50593  0.34250 B   84 
 1.02568  0.61391  0.03620 L   84 
 0.95714  0.42935  0.61269 B   85 
 0.94716  0.58352  0.82074 S   85 
 0.97146  0.19113  0.86742 B   86 
 1.18151  0.21493  0.97999 S   86 
 0.71911  0.34830  0.94140 B   87 
 0.62123  0.46177  1.19240 D   87 
 0.38835  0.26201  0.82666 B   88 
 0.39024 -0.00405  0.79677 I   88 
 0.18018  0.47142  0.92103 B   89 
 0.22217  0.51817  1.17895 T   89 
 0.15712  0.65259  0.66924 B   90 
 0.33313  0.78009  0.67134 A   90 
 0.07291  0.43433  0.46323 B   91 
 0.31816  0.35892  0.36583 S   91 
-0.17770  0.33783  0.61038 B   92 
-0.12467  0.15773  0.79333 V   92 
-0.33674  0.59963  0.62857 B   93 
-0.24790  0.69150  0.93978 N   93 
-0.33299  0.63550  0.32164 B   94 
-0.15382  0.78776  0.16069 X   94 
-0.45844  0.36594  0.23769 B   95 
-0.30493  0.21760  0.26550 A   95 
-0.73011  0.41132  0.37751 B   96 
-0.64073  0.29442  0.81938 K   96 
-0.80459  0.64031  0.17970 B   97 
-0.68601  0.97790  0.32218 K   97 
-0.78089  0.48800 -0.08778 B   98 
-0.48218  0.49988 -0.17034 I   98 
-0.98913  0.25045 -0.03143 B   99 
-0.92587  0.07423  0.10552 V   99 
-1.22243  0.48422  0.02290 B   100 
-1.17289  0.46435  0.27977 S   100 
-1.25249  0.61912 -0.27712 B   101 
-1.06779  0.77682 -0.41283 D   101 
-1.43340  0.35500 -0.45021 B   102 
-1.23301  0.11081 -0.58235 B   103 
-1.24229  0.30013 -0.84569 N   103 
-1.07978  0.01859 -0.37010 B   104 
-0.81764 -0.20971 -0.43475 B   105 
-0.71030 -0.41368 -0.11747 M   105 
-0.80417 -0.12694 -0.74518 B   106 
-1.07993 -0.29902 -0.80611 N   106 
-0.58500  0.09350 -0.69982 B   107 
-0.67587  0.22218 -0.56226 A   107 
-0.41305 -0.17275 -0.70358 B   108 
-0.34921  0.01265 -0.27956 W   108 
-0.28172 -0.32270 -0.96886 B   109 
-0.22132 -0.15628 -1.15382 V   109 
-0.15013 -0.57043 -0.82999 B   110 
 0.04484 -0.50548 -0.76874 A   110 
-0.40104 -0.66526 -0.68579 B   111 
-0.70440 -0.63583 -0.44348 W   111 
-0.58951 -0.70028 -0.92950 B   112 
-0.69171 -0.41449 -1.22310 R   112 
-0.37588 -0.88427 -1.10729 B   113 
-0.35962 -0.65484 -1.33620 N   113 
-0.26954 -1.07881 -0.82887 B   114 
 0.20570 -1.00227 -0.97260 R   114 
-0.50924 -1.09148 -0.58912 B   115 
-0.27174 -0.93621 -0.44394 X   115 
-0.76978 -1.08969 -0.70909 B   116 
-1.06652 -0.77885 -0.82486 K   116 
-0.94680 -1.39397 -0.66076 B   117 
-0.76041 -1.50570 -0.45639 B   118 
-0.53525 -1.44884 -0.57240 T   118 
-0.58474 -1.67136 -0.19461 B   119 
-0.64859 -1.90785 -0.04564 D   119 
-0.50709 -1.43741  0.04136 B   120 
-0.63186 -1.24786 -0.06337 V   120 
-0.47225 -1.60821  0.30154 B   121 
-0.86301 -1.73623  0.36834 Q   121 
-0.18605 -1.71604  0.22755 B   122 
-0.21638 -1.82784  0.05570 A   122 
-0.04008 -1.44390  0.33418 B   123 
 0.06068 -1.34199 -0.06953 W   123 
-0.10247 -1.54491  0.65911 B   124 
-0.29683 -1.36237  0.69337 I   124 
 0.02832 -1.79223  0.69021 B   125 
-0.32363 -2.03263  0.39573 R   125 
 0.18610 -1.87013  0.99786 B   126 
 0.07029 -1.63188  1.14326 B   127 
 0.19198 -1.44575  0.90889 X   127 
 0.06641 -1.44656  1.45732 B   128 
-0.08776 -1.64390  1.77633 R   128 
-0.28744 -1.33452  1.52275 B   129 
-0.22097 -1.22912  1.29480 L   129 
