246 
-0.27005 -0.59414  1.16661 B   1 
 0.09488 -0.79012  1.23483 K   1 
-0.05276 -0.38571  1.36081 B   2 
-0.21803 -0.20267  1.44050 V   2 
 0.21243 -0.22886  1.26999 B   3 
 0.29214 -0.53044  0.96898 F   3 
 0.51353 -0.13652  1.29875 B   4 
 0.73083  0.05345  1.15928 B   5 
 0.92113  0.43773  1.23488 R   5 
 0.99371 -0.12742  1.16695 B   6 
 1.18244  0.06109  1.33193 X   6 
 0.83252 -0.38270  1.09306 B   7 
 0.58225 -0.58091  1.31773 E   7 
 0.73249 -0.29686  0.81313 B   8 
 0.46000 -0.17840  0.73684 L   8 
 1.00038 -0.22462  0.68485 B   9 
 1.06463 -0.03889  0.77723 A   9 
 1.11667 -0.50689  0.70173 B   10 
 1.16742 -0.53903  0.91201 A   10 
 0.89961 -0.64897  0.53190 B   11 
 0.73414 -0.68839  0.66615 A   11 
 0.91917 -0.46757  0.28157 B   12 
 0.63393 -0.15347  0.34923 M   12 
 1.21087 -0.53547  0.22909 B   13 
 1.58239 -0.37389  0.38422 K   13 
 1.20355 -0.83935  0.20273 B   14 
 0.98291 -1.14262  0.45952 R   14 
 0.98337 -0.79486 -0.03880 B   15 
 0.71070 -0.96527  0.18076 H   15 
 1.13971 -0.55490 -0.22171 B   16 
 1.05426 -0.23041 -0.18840 B   17 
 0.73849 -0.27921 -0.13221 L   17 
 1.32371 -0.12129 -0.18169 B   18 
 1.51308 -0.00323  0.02937 D   18 
 1.35162  0.06845 -0.46270 B   19 
 1.62372  0.13207 -0.30288 N   19 
 1.09942  0.02527 -0.59833 B   20 
 0.87788 -0.32762 -0.74530 Y   20 
 1.08658  0.19563 -0.87680 B   21 
 0.89125 -0.09657 -1.19621 R   21 
 1.26273  0.42060 -0.69169 B   22 
 1.13523  0.36513 -0.39898 B   23 
 0.79880  0.58829 -0.64047 Y   23 
 1.20043  0.41996 -0.10757 B   24 
 1.33603  0.59911 -0.04113 S   24 
 1.11019  0.28190  0.18265 B   25 
 1.21708  0.02685  0.33124 L   25 
 0.99159  0.54553  0.31388 B   26 
 0.75312  0.57335  0.11886 B   27 
 0.91619  0.75468 -0.11445 N   27 
 0.60245  0.31519  0.19329 B   28 
 0.67496  0.11718 -0.19986 W   28 
 0.57160  0.37535  0.49351 B   29 
 0.77082  0.28651  0.63494 V   29 
 0.43002  0.64428  0.46003 B   30 
 0.51845  0.90353  0.41589 X   30 
 0.18464  0.53885  0.30862 B   31 
 0.25125  0.50300  0.10337 A   31 
 0.08341  0.33160  0.51482 B   32 
 0.21204  0.15980  0.49887 A   32 
 0.03840  0.53565  0.73923 B   33 
 0.14180  0.68631  1.02736 K   33 
-0.17978  0.72647  0.56769 B   34 
 0.07747  1.03193  0.66533 F   34 
-0.37208  0.48993  0.47011 B   35 
-0.30945  0.53916  0.12727 E   35 
-0.37339  0.27501  0.75368 B   36 
-0.29619  0.09992  0.64180 S   36 
-0.18521  0.29178  1.00227 B   37 
-0.25320  0.48236  1.20557 N   37 
-0.06836 -0.01133  0.98026 B   38 
 0.26478  0.23083  1.01430 F   38 
-0.35410 -0.15428  0.89440 B   39 
-0.56515 -0.18296  1.10655 N   39 
-0.45672 -0.44750  0.74039 B   40 
-0.28598 -0.61283  0.81558 T   40 
-0.78545 -0.40321  0.81078 B   41 
-0.82932 -0.68018  1.09494 Q   41 
-0.82708 -0.16462  0.64029 B   42 
-0.71613 -0.00213  0.71764 A   42 
-1.13779 -0.00047  0.54097 B   43 
-1.23417 -0.22537  0.53596 T   43 
-1.26900  0.19698  0.25091 B   44 
-1.08748  0.36898  0.47768 N   44 
-1.51813  0.36999  0.12864 B   45 
-1.90313  0.06992 -0.00843 R   45 
-1.61462  0.47651 -0.18651 B   46 
-1.27883  0.42490 -0.23022 N   46 
-1.80022  0.67914 -0.38203 B   47 
-1.77231  0.93272 -0.34107 T   47 
-1.78714  0.45281 -0.62771 B   48 
-1.53070  0.42825 -0.69074 D   48 
-1.82106  0.17255 -0.43346 B   49 
-1.56722  0.10596 -0.36083 B   50 
-1.39078  0.15817 -0.52377 S   50 
-1.26706 -0.04227 -0.18882 B   51 
-1.45395 -0.10587 -0.00135 T   51 
-1.02467 -0.01402  0.05138 B   52 
-0.90959  0.26398 -0.11414 D   52 
-0.73225 -0.22939  0.12050 B   53 
-1.15974 -0.43377  0.04168 Y   53 
-0.52807 -0.22864  0.36997 B   54 
-0.20540 -0.09552  0.42096 B   55 
-0.01058 -0.23106  0.55363 I   55 
-0.24739  0.02896  0.09453 B   56 
 0.06987 -0.01194  0.06315 L   56 
-0.52792  0.07974 -0.01102 B   57 
-0.69237  0.19486  0.27034 Q   57 
-0.64838 -0.12770 -0.21017 B   58 
-0.39257 -0.27937 -0.29754 I   58 
-0.85530 -0.12043 -0.48486 B   59 
-1.02141  0.11814 -0.57597 N   59 
-1.16052 -0.28104 -0.61131 B   60 
-1.31502 -0.26361 -0.44291 S   60 
-1.17687 -0.16820 -0.91651 B   61 
-1.49110  0.12156 -0.96017 R   61 
-0.86905 -0.29617 -0.99867 B   62 
-0.91102  0.09842 -1.22314 W   62 
-0.71613 -0.51988 -0.78722 B   63 
-0.45393 -0.18905 -0.90474 W   63 
-0.97159 -0.64409 -0.62838 B   64 
-0.89352 -0.59704 -0.38475 X   64 
-1.21259 -0.87788 -0.49517 B   65 
-1.40752 -1.01740 -0.67056 N   65 
-1.54776 -0.81447 -0.31569 B   66 
-1.52506 -0.54619 -0.30227 D   66 
-1.83864 -0.85847 -0.46993 B   67 
-1.92521 -0.50626 -0.47522 B   68 
-1.89223 -0.36053 -0.02553 R   68 
-1.77654 -0.40407 -0.76552 B   69 
-1.60417 -0.28242 -0.62156 T   69 
-1.86880 -0.27622 -1.03130 B   70 
-2.05138 -0.21627 -0.93727 P   70 
-1.64325 -0.29970 -1.28405 B   71 
-1.42153 -0.47951 -1.19500 B   72 
-1.46338 -0.54407 -0.97017 S   72 
-1.07201 -0.62885 -1.23048 B   73 
-1.02029 -0.50140 -1.56026 R   73 
-0.85129 -0.78576 -1.06364 B   74 
-0.91835 -0.98887 -0.88417 N   74 
-0.52598 -0.75426 -1.12825 B   75 
-0.57076 -0.49887 -1.32200 L   75 
-0.41426 -0.92651 -0.86660 B   76 
-0.29377 -0.66528 -0.74939 X   76 
-0.57810 -1.17511 -0.83044 B   77 
-0.60757 -1.37887 -1.00948 N   77 
-0.76888 -1.10412 -0.55752 B   78 
-0.51123 -1.12520 -0.41660 I   78 
-0.89964 -1.10890 -0.26865 B   79 
-0.92319 -1.31625 -0.25724 P   79 
-0.93611 -0.84135 -0.07132 B   80 
-1.09123 -0.64562 -0.26471 X   80 
-0.89316 -1.00247  0.19903 B   81 
-1.06040 -1.17305  0.17910 S   81 
-0.58905 -1.06469  0.15305 B   82 
-0.58483 -1.19487 -0.01234 A   82 
-0.52356 -0.75041  0.22196 B   83 
-0.51873 -0.64493 -0.08785 L   83 
-0.58094 -0.82109  0.55532 B   84 
-0.86446 -0.67076  0.48270 L   84 
-0.35750 -0.97309  0.63335 B   85 
-0.30533 -1.21995  0.57422 S   85 
-0.06998 -1.02351  0.82475 B   86 
-0.12319 -1.17795  0.99990 S   86 
 0.02395 -1.10748  0.54550 B   87 
 0.17294 -1.33861  0.44631 D   87 
 0.17478 -0.88158  0.30837 B   88 
 0.30286 -0.69837  0.45573 I   88 
 0.22912 -1.02422  0.03856 B   89 
 0.34527 -1.25710  0.09097 T   89 
-0.02009 -0.93911 -0.12696 B   90 
-0.18340 -1.06456 -0.05743 A   90 
 0.01483 -0.63000 -0.10684 B   91 
-0.13579 -0.57615  0.11617 S   91 
 0.29576 -0.61554 -0.22784 B   92 
 0.48453 -0.65760 -0.05087 V   92 
 0.24620 -0.74579 -0.50123 B   93 
 0.34628 -1.05840 -0.42742 N   93 
 0.02845 -0.53835 -0.57234 B   94 
-0.25432 -0.55736 -0.54288 X   94 
 0.19175 -0.27877 -0.53488 B   95 
 0.21041 -0.25033 -0.32231 A   95 
 0.40021 -0.33924 -0.75466 B   96 
 0.69960 -0.62342 -0.53900 K   96 
 0.18614 -0.31000 -0.97924 B   97 
 0.02595 -0.65289 -1.05060 K   97 
 0.08773 -0.02333 -0.92054 B   98 
-0.13047 -0.04768 -0.70150 I   98 
 0.36674  0.13353 -0.94327 B   99 
 0.51857  0.12090 -0.76834 V   99 
 0.39535  0.01281 -1.25414 B   100 
 0.54390 -0.18090 -1.15802 S   100 
 0.14485  0.16399 -1.40746 B   101 
-0.12779  0.12128 -1.37224 D   101 
 0.27777  0.50180 -1.43331 B   102 
 0.22284  0.69590 -1.15663 B   103 
-0.04562  0.78108 -1.31772 N   103 
 0.32806  0.55207 -0.94385 B   104 
 0.27448  0.66957 -0.61470 B   105 
 0.53333  0.52687 -0.35697 M   105 
 0.02321  0.84865 -0.70523 B   106 
 0.22688  1.07164 -0.83999 N   106 
-0.18721  0.62298 -0.64618 B   107 
-0.12277  0.46586 -0.76824 A   107 
-0.13283  0.74170 -0.35736 B   108 
 0.00043  0.29442 -0.33702 W   108 
-0.28842  0.99680 -0.21305 B   109 
-0.53121  1.01864 -0.29137 V   109 
-0.13190  1.00801  0.05777 B   110 
-0.23273  0.87109  0.18844 A   110 
 0.14638  1.02375 -0.06493 B   111 
 0.44594  0.90447 -0.28318 W   111 
 0.11069  1.27764 -0.23931 B   112 
-0.18135  1.35162 -0.53521 R   112 
-0.01393  1.46598  0.00584 B   113 
-0.29634  1.49426 -0.15145 N   113 
 0.21543  1.34696  0.25060 B   114 
-0.17172  1.28257  0.56420 R   114 
 0.50293  1.23827  0.10700 B   115 
 0.38272  0.97241  0.23528 X   115 
 0.56403  1.39612 -0.12458 B   116 
 0.47498  1.37304 -0.56003 K   116 
 0.85847  1.59118 -0.08572 B   117 
 0.95188  1.45632  0.16343 B   118 
 0.72643  1.44926  0.29193 T   118 
 1.11765  1.31392  0.44465 B   119 
 1.37833  1.36246  0.55366 D   119 
 1.09659  0.97458  0.41559 B   120 
 0.99061  0.97123  0.18926 V   120 
 1.33911  0.87378  0.58617 B   121 
 1.66091  1.00470  0.35628 Q   121 
 1.19969  0.91888  0.86462 B   122 
 1.16847  1.12356  0.87361 A   122 
 1.03850  0.63530  0.84618 B   123 
 0.67064  0.84963  0.79864 W   123 
 1.33521  0.46936  0.91027 B   124 
 1.35883  0.38445  0.65630 I   124 
 1.42319  0.56136  1.16134 B   125 
 1.55645  1.02109  0.96320 R   125 
 1.57885  0.33610  1.38637 B   126 
 1.60055  0.11327  1.18340 B   127 
 1.28266  0.14400  1.13454 X   127 
 1.69974 -0.23358  1.13006 B   128 
 2.09513 -0.31240  1.17400 R   128 
 1.86735 -0.25693  0.79331 B   129 
 1.62789 -0.16746  0.74699 L   129 
