246 
 0.49904 -1.00217  0.73042 B   1 
 0.79901 -0.79694  0.94051 K   1 
 0.37069 -0.88239  1.04276 B   2 
 0.14679 -1.01212  1.05722 V   2 
 0.30196 -0.58152  1.13183 B   3 
 0.60894 -0.42895  0.86650 F   3 
 0.30743 -0.33347  1.32792 B   4 
 0.19171 -0.03599  1.35752 B   5 
-0.11397  0.17111  1.58832 R   5 
 0.44494  0.12456  1.46697 B   6 
 0.32629  0.23248  1.73650 X   6 
 0.63693 -0.02787  1.27588 B   7 
 0.75158 -0.40032  1.29913 E   7 
 0.52030  0.06665  1.00534 B   8 
 0.32245 -0.07972  0.82221 L   8 
 0.53232  0.36894  1.04916 B   9 
 0.37686  0.41637  1.19317 A   9 
 0.83692  0.38189  1.07240 B   10 
 0.88624  0.29949  1.26888 A   10 
 0.90260  0.26560  0.79257 B   11 
 0.89103  0.05014  0.81250 A   11 
 0.73239  0.46349  0.62574 B   12 
 0.34666  0.27731  0.59187 M   12 
 0.88618  0.70825  0.72006 B   13 
 0.84938  0.96089  1.07081 K   13 
 1.17256  0.64063  0.63941 B   14 
 1.39674  0.24798  0.68591 R   14 
 1.05875  0.60780  0.33157 B   15 
 1.13998  0.22722  0.34401 H   15 
 0.87605  0.89283  0.30235 B   16 
 0.54155  0.88768  0.34466 B   17 
 0.49140  0.59241  0.21998 L   17 
 0.52098  1.12669  0.50900 B   18 
 0.47021  1.19230  0.80474 D   18 
 0.34496  1.35011  0.32230 B   19 
 0.37074  1.49617  0.60800 N   19 
 0.30623  1.21185  0.07080 B   20 
 0.57137  1.02665 -0.23022 Y   20 
 0.13614  1.39644 -0.13829 B   21 
 0.34908  1.34162 -0.55924 R   21 
-0.02078  1.49246  0.14818 B   22 
-0.00302  1.21673  0.31750 B   23 
-0.32261  1.13576 -0.01806 Y   23 
-0.03075  1.12335  0.60506 B   24 
-0.15834  1.24033  0.76297 S   24 
 0.07701  0.85806  0.77663 B   25 
 0.35477  0.79836  0.91022 L   25 
-0.20838  0.75766  0.87287 B   26 
-0.31127  0.68062  0.59153 B   27 
-0.43689  0.98387  0.51300 N   27 
-0.11110  0.45484  0.52956 B   28 
 0.09378  0.67796  0.20204 W   28 
-0.17341  0.28123  0.77589 B   29 
-0.02537  0.34088  0.98110 V   29 
-0.47336  0.25379  0.72330 B   30 
-0.69331  0.41356  0.77872 X   30 
-0.45100  0.11400  0.45089 B   31 
-0.39939  0.27039  0.30691 A   31 
-0.28206 -0.13152  0.53395 B   32 
-0.07922 -0.06308  0.55598 A   32 
-0.48670 -0.23895  0.73544 B   33 
-0.59385 -0.27599  1.05724 K   33 
-0.73803 -0.27175  0.51363 B   34 
-0.94777 -0.04294  0.78322 F   34 
-0.57381 -0.43140  0.29003 B   35 
-0.60638 -0.18168  0.04413 E   35 
-0.36560 -0.64126  0.48806 B   36 
-0.17692 -0.56233  0.40263 S   36 
-0.31984 -0.62250  0.79635 B   37 
-0.51907 -0.74014  0.96588 N   37 
 0.00417 -0.59307  0.78355 B   38 
-0.12290 -0.28475  1.02762 F   38 
 0.05073 -0.81034  0.53843 B   39 
 0.01604 -1.10210  0.60202 N   39 
 0.29569 -0.88170  0.30364 B   40 
 0.50672 -0.82778  0.42489 T   40 
 0.15321 -1.17176  0.20095 B   41 
 0.40731 -1.43151  0.36632 Q   41 
-0.08908 -1.05207  0.07973 B   42 
-0.20826 -0.96494  0.23105 A   42 
-0.34251 -1.20494 -0.13416 B   43 
-0.15841 -1.33561 -0.22864 T   43 
-0.57506 -1.10182 -0.40916 B   44 
-0.67932 -1.03755 -0.09458 N   44 
-0.81827 -1.19074 -0.60889 B   45 
-0.65364 -1.49873 -0.97644 R   45 
-0.95400 -1.06894 -0.90337 B   46 
-0.80199 -0.78966 -0.77602 N   46 
-1.20686 -1.05964 -1.12632 B   47 
-1.43884 -0.99615 -1.03190 T   47 
-0.99119 -0.97169 -1.36613 B   48 
-0.88966 -0.73847 -1.29101 D   48 
-0.73222 -1.17519 -1.27150 B   49 
-0.58951 -1.02870 -1.09171 B   50 
-0.58716 -0.78559 -1.12770 S   50 
-0.35341 -0.91998 -0.81953 B   51 
-0.34780 -1.18770 -0.77044 T   51 
-0.30197 -0.85044 -0.48822 B   52 
-0.53332 -0.59835 -0.51731 D   52 
-0.00590 -0.70851 -0.31829 B   53 
 0.05547 -1.05830 -0.64174 Y   53 
 0.06005 -0.68146 -0.00390 B   54 
 0.03371 -0.41810  0.22930 B   55 
 0.22468 -0.36888  0.41648 I   55 
-0.10246 -0.24209 -0.04327 B   56 
 0.03384  0.01834  0.08678 L   56 
-0.23884 -0.39587 -0.26725 B   57 
-0.39491 -0.65217 -0.09573 Q   57 
-0.08164 -0.43532 -0.53358 B   58 
 0.14023 -0.22117 -0.50210 I   58 
-0.15643 -0.44876 -0.86906 B   59 
-0.43593 -0.47193 -0.98805 N   59 
-0.09968 -0.66385 -1.16141 B   60 
-0.16144 -0.87496 -1.09696 S   60 
-0.21656 -0.48187 -1.40507 B   61 
-0.58973 -0.63649 -1.55151 R   61 
-0.00111 -0.22307 -1.33812 B   62 
-0.39268 -0.03504 -1.47658 W   62 
 0.26196 -0.27248 -1.12249 B   63 
 0.02643  0.08420 -1.02594 W   63 
 0.30364 -0.59454 -1.14369 B   64 
 0.28657 -0.65348 -0.89090 X   64 
 0.45364 -0.91853 -1.19865 B   65 
 0.52362 -1.01344 -1.47126 N   65 
 0.29260 -1.26855 -1.20987 B   66 
 0.04463 -1.19049 -1.13853 D   66 
 0.24245 -1.42775 -1.49705 B   67 
-0.11933 -1.40576 -1.48263 B   68 
-0.24112 -1.58858 -1.06276 R   68 
-0.17495 -1.10272 -1.63058 B   69 
-0.23537 -1.01313 -1.39915 T   69 
-0.32894 -0.99917 -1.87770 B   70 
-0.44089 -1.18142 -1.88236 P   70 
-0.24078 -0.68670 -1.97720 B   71 
-0.00004 -0.60325 -1.82066 B   72 
 0.05177 -0.77573 -1.66562 S   72 
 0.24928 -0.34199 -1.69695 B   73 
 0.13914 -0.08852 -1.92344 R   73 
 0.46907 -0.29610 -1.47165 B   74 
 0.64421 -0.49866 -1.39259 N   74 
 0.53849  0.00707 -1.35221 B   75 
 0.27892  0.14117 -1.49151 L   75 
 0.74065 -0.08980 -1.10653 B   76 
 0.53109  0.00794 -0.89910 X   76 
 0.92710 -0.30279 -1.20562 B   77 
 1.10916 -0.27960 -1.40750 N   77 
 0.80477 -0.58658 -1.06272 B   78 
 0.90636 -0.46297 -0.81557 I   78 
 0.77324 -0.85012 -0.88915 B   79 
 0.96337 -0.92714 -0.92914 P   79 
 0.51043 -0.92002 -0.69447 B   80 
 0.27357 -0.88924 -0.90115 X   80 
 0.68092 -1.07380 -0.47498 B   81 
 0.79129 -1.23932 -0.60872 S   81 
 0.83323 -0.82124 -0.36779 B   82 
 0.95590 -0.76013 -0.52758 A   82 
 0.55552 -0.72777 -0.21961 B   83 
 0.45211 -0.52820 -0.45753 L   83 
 0.60998 -0.97349  0.01719 B   84 
 0.37847 -1.12270 -0.16280 L   84 
 0.82462 -0.87568  0.17041 B   85 
 1.07463 -0.86356  0.10330 S   85 
 0.96409 -0.76313  0.46995 B   86 
 1.09716 -0.94006  0.56132 S   86 
 1.06880 -0.55653  0.26943 B   87 
 1.33313 -0.44121  0.22157 D   87 
 0.89696 -0.24981  0.18943 B   88 
 0.76439 -0.18205  0.41196 I   88 
 1.04540 -0.09471 -0.03419 B   89 
 1.30350 -0.08891  0.02762 T   89 
 0.88514 -0.18209 -0.28605 B   90 
 0.95511 -0.38204 -0.33471 A   90 
 0.60221 -0.08770 -0.19543 B   91 
 0.50783 -0.31641 -0.07668 S   91 
 0.67332  0.20654 -0.14919 B   92 
 0.77416  0.25016  0.08882 V   92 
 0.77788  0.28367 -0.42719 B   93 
 1.10717  0.24496 -0.37012 N   93 
 0.51236  0.20051 -0.56168 B   94 
 0.44366 -0.04632 -0.68635 X   94 
 0.31639  0.37561 -0.39924 B   95 
 0.29823  0.28151 -0.20647 A   95 
 0.43496  0.64712 -0.48663 B   96 
 0.80078  0.69731 -0.20280 K   96 
 0.33779  0.60610 -0.77988 B   97 
 0.61347  0.43112 -0.98412 K   97 
 0.03565  0.56724 -0.72980 B   98 
-0.00526  0.26708 -0.66335 I   98 
-0.02782  0.84194 -0.57658 B   99 
 0.03361  0.86453 -0.35403 V   99 
 0.09123  1.00440 -0.84391 B   100 
 0.32271  1.02204 -0.72170 S   100 
-0.13209  0.92589 -1.07429 B   101 
-0.17504  0.67806 -1.19317 D   101 
-0.41277  1.13092 -0.96643 B   102 
-0.61024  0.98450 -0.72808 B   103 
-0.77644  0.87933 -0.98613 N   103 
-0.43784  0.91626 -0.52155 B   104 
-0.56127  0.72305 -0.25237 B   105 
-0.34189  0.75332  0.07128 M   105 
-0.81043  0.61661 -0.42554 B   106 
-0.96170  0.90890 -0.39308 N   106 
-0.65983  0.35963 -0.52536 B   107 
-0.49231  0.43843 -0.62266 A   107 
-0.75170  0.27503 -0.23403 B   108 
-0.28488  0.25829 -0.22891 W   108 
-1.04019  0.13579 -0.14747 B   109 
-1.13701 -0.00996 -0.33439 V   109 
-0.99858  0.11570  0.16210 B   110 
-0.89752 -0.07059  0.19480 A   110 
-0.92953  0.40908  0.20578 B   111 
-0.72690  0.73782  0.15608 W   111 
-1.18459  0.53948  0.08712 B   112 
-1.34941  0.48633 -0.29801 R   112 
-1.39854  0.35316  0.26208 B   113 
-1.51487  0.22051 -0.01026 N   113 
-1.21098  0.37287  0.56392 B   114 
-1.26452 -0.12400  0.61515 R   114 
-1.02104  0.65385  0.57242 B   115 
-0.80336  0.42105  0.56987 X   115 
-1.15575  0.86877  0.43848 B   116 
-1.16770  1.02975  0.02373 K   116 
-1.24989  1.13173  0.65813 B   117 
-1.08912  1.03644  0.89065 B   118 
-1.15006  0.78430  0.88065 T   118 
-0.89840  0.97956  1.18599 B   119 
-0.86255  1.14048  1.42054 D   119 
-0.58257  0.89354  1.08959 B   120 
-0.61542  0.93168  0.84478 V   120 
-0.40937  0.96889  1.33939 B   121 
-0.43803  1.38447  1.33654 Q   121 
-0.49116  0.71662  1.50877 B   122 
-0.69534  0.73807  1.53710 A   122 
-0.27143  0.52681  1.35901 B   123 
-0.58945  0.31253  1.16804 W   123 
-0.02113  0.68731  1.53585 B   124 
 0.06316  0.82366  1.32005 I   124 
-0.07779  0.64348  1.80809 B   125 
-0.47688  0.97349  1.79383 R   125 
 0.18780  0.58846  2.03622 B   126 
 0.40343  0.66084  1.83727 B   127 
 0.27544  0.44121  1.63786 X   127 
 0.76314  0.68231  1.78123 B   128 
 0.96071  0.95452  2.00782 R   128 
 0.83207  0.99440  1.58151 B   129 
 0.67243  0.85078  1.43530 L   129 
