246 
 0.45096  1.25371  0.10846 B   1 
 0.28184  1.42216 -0.23688 K   1 
 0.13165  1.39706  0.18506 B   2 
 0.13762  1.39550  0.44416 V   2 
-0.16167  1.29354  0.10492 B   3 
-0.00343  1.11352 -0.25629 F   3 
-0.45589  1.32711 -0.00608 B   4 
-0.72727  1.16175 -0.04812 B   5 
-1.12182  1.13514  0.13415 R   5 
-0.81992  1.25643 -0.33852 B   6 
-1.10149  1.37512 -0.26778 X   6 
-0.52824  1.24771 -0.44555 B   7 
-0.23545  1.49208 -0.36212 E   7 
-0.47327  0.94527 -0.41028 B   8 
-0.32692  0.80431 -0.18046 L   8 
-0.71206  0.83322 -0.56475 B   9 
-0.88733  0.86974 -0.44185 A   9 
-0.62896  0.95109 -0.83436 B   10 
-0.67140  1.16529 -0.82249 A   10 
-0.35369  0.80998 -0.85570 B   11 
-0.21544  0.92941 -0.73918 A   11 
-0.45412  0.51958 -0.81644 B   12 
-0.43506  0.45160 -0.39264 M   12 
-0.63269  0.52561 -1.06248 B   13 
-1.03838  0.66491 -1.12741 K   13 
-0.43549  0.59496 -1.28472 B   14 
-0.10402  0.90596 -1.28502 R   14 
-0.26578  0.32755 -1.19264 B   15 
 0.02769  0.55578 -1.07697 H   15 
-0.51611  0.09845 -1.17471 B   16 
-0.65484  0.01830 -0.87800 B   17 
-0.38555  0.04944 -0.69980 L   17 
-0.93250  0.02213 -0.96430 B   18 
-1.17588  0.20636 -0.93006 D   18 
-1.04124 -0.29881 -0.93391 B   19 
-1.30944 -0.13612 -1.00621 N   19 
-0.80382 -0.44275 -0.85159 B   20 
-0.39670 -0.49690 -1.01450 Y   20 
-0.86916 -0.76001 -0.80910 B   21 
-0.50122 -0.99259 -0.99905 R   21 
-1.16580 -0.63523 -0.69801 B   22 
-1.06438 -0.35697 -0.56650 B   23 
-0.91532 -0.69389 -0.27398 Y   23 
-1.18088 -0.09180 -0.47546 B   24 
-1.40463 -0.06930 -0.40966 S   24 
-1.05685  0.21433 -0.42718 B   25 
-0.99775  0.44672 -0.62982 L   25 
-1.14276  0.24162 -0.12278 B   26 
-0.95358  0.02111 -0.01668 B   27 
-1.16724 -0.23636 -0.06097 N   27 
-0.68449  0.15432 -0.08547 B   28 
-0.57489 -0.14578 -0.39685 W   28 
-0.73071  0.41485  0.07168 B   29 
-0.84567  0.59933 -0.07090 V   29 
-0.78407  0.28255  0.34212 B   30 
-1.00883  0.17023  0.45980 X   30 
-0.51158  0.14400  0.37048 B   31 
-0.51860 -0.03041  0.23865 A   31 
-0.32687  0.39130  0.34928 B   32 
-0.31834  0.44511  0.14108 A   32 
-0.44312  0.53370  0.59470 B   33 
-0.64841  0.77027  0.72995 K   33 
-0.37344  0.28671  0.81283 B   34 
-0.77345  0.31338  0.90394 F   34 
-0.06665  0.24614  0.73106 B   35 
-0.10836 -0.08504  0.61942 E   35 
 0.03679  0.58049  0.66690 B   36 
 0.09777  0.53888  0.45791 S   36 
-0.14689  0.83164  0.64092 B   37 
-0.23464  0.95566  0.88421 N   37 
-0.04704  0.91944  0.34370 B   38 
-0.45972  0.91489  0.32224 F   38 
 0.27291  0.84967  0.39078 B   39 
 0.43137  1.03382  0.56784 N   39 
 0.55143  0.78419  0.19490 B   40 
 0.51329  0.92683 -0.00594 T   40 
 0.77146  0.79808  0.45254 B   41 
 0.94639  1.14740  0.37032 Q   41 
 0.67430  0.55787  0.59602 B   42 
 0.47885  0.59297  0.66854 A   42 
 0.82448  0.37642  0.87507 B   43 
 1.03946  0.43074  0.77150 T   43 
 0.83548  0.02586  1.00669 B   44 
 0.56300  0.20710  1.08953 N   44 
 0.93486 -0.17276  1.24674 B   45 
 1.43500 -0.25329  1.22616 R   45 
 0.97809 -0.51445  1.28356 B   46 
 0.75421 -0.50007  1.02471 N   46 
 1.01777 -0.78391  1.48243 B   47 
 0.83421 -0.82135  1.66038 T   47 
 1.17497 -0.94313  1.23405 B   48 
 0.99801 -0.96474  1.03769 D   48 
 1.35404 -0.67636  1.11492 B   49 
 1.19037 -0.55726  0.93278 B   50 
 1.03879 -0.70645  0.80960 S   50 
 1.03055 -0.31353  0.69465 B   51 
 1.19463 -0.13888  0.82386 T   51 
 0.79858 -0.06751  0.64070 B   52 
 0.55476 -0.29696  0.71702 D   52 
 0.69770  0.09935  0.32661 B   53 
 1.16507  0.03879  0.41952 Y   53 
 0.51146  0.35822  0.27947 B   54 
 0.17274  0.40253  0.19145 B   55 
 0.09113  0.59285  0.01525 I   55 
 0.16375  0.05099  0.20387 B   56 
-0.05374  0.07146 -0.03191 L   56 
 0.36155 -0.09732  0.38077 B   57 
 0.38701  0.11255  0.65421 Q   57 
 0.60561 -0.23428  0.24336 B   58 
 0.51071 -0.23914 -0.05167 I   58 
 0.79176 -0.51975  0.28999 B   59 
 0.78259 -0.69977  0.53560 N   59 
 1.14225 -0.62453  0.32363 B   60 
 1.23296 -0.48940  0.48501 S   60 
 1.11825 -0.94941  0.31850 B   61 
 1.18710 -1.11810  0.70762 R   61 
 0.96770 -0.95067  0.00994 B   62 
 0.77986 -1.29061  0.24872 W   62 
 0.96474 -0.66344 -0.17882 B   63 
 0.56865 -0.84691 -0.14046 W   63 
 1.22280 -0.50488 -0.05976 B   64 
 1.10635 -0.28079  0.00265 X   64 
 1.54047 -0.33448 -0.03652 B   65 
 1.79757 -0.47904 -0.07149 N   65 
 1.74170 -0.22451  0.27329 B   66 
 1.55607 -0.29312  0.45634 D   66 
 2.01169 -0.39028  0.37310 B   67 
 1.86084 -0.51560  0.67824 B   68 
 1.69562 -0.13348  0.90457 R   68 
 1.71372 -0.80373  0.56797 B   69 
 1.48865 -0.68586  0.59414 T   69 
 1.73503 -1.10507  0.63310 B   70 
 1.82927 -1.05664  0.81895 P   70 
 1.60212 -1.30946  0.39674 B   71 
 1.53188 -1.14325  0.15828 B   72 
 1.57987 -0.91606  0.20878 S   72 
 1.35711 -1.08893 -0.17672 B   73 
 1.27389 -1.43355 -0.22126 R   73 
 1.26493 -0.85667 -0.37354 B   74 
 1.42345 -0.63186 -0.42135 N   74 
 0.99988 -0.88922 -0.57275 B   75 
 0.89729 -1.15699 -0.42260 L   75 
 0.99147 -0.57561 -0.68315 B   76 
 0.72296 -0.53271 -0.53296 X   76 
 1.26903 -0.48300 -0.74898 B   77 
 1.43797 -0.59147 -0.93374 N   77 
 1.34325 -0.27038 -0.49363 B   78 
 1.14091 -0.10071 -0.62384 I   78 
 1.41615 -0.01196 -0.32488 B   79 
 1.56190  0.06088 -0.45576 P   79 
 1.25681  0.08605 -0.04765 B   80 
 1.27687 -0.17567  0.12806 X   80 
 1.29394  0.39630 -0.10471 B   81 
 1.53184  0.41124 -0.13006 S   81 
 1.10150  0.40814 -0.35229 B   82 
 1.19710  0.29347 -0.50071 A   82 
 0.84802  0.38246 -0.14516 B   83 
 0.81266  0.05803 -0.17013 L   83 
 0.90001  0.71204 -0.05518 B   84 
 1.03474  0.56327  0.20554 L   84 
 0.81237  0.85937 -0.27818 B   85 
 0.93157  0.88699 -0.50662 S   85 
 0.59954  1.08931 -0.43204 B   86 
 0.71757  1.29645 -0.45482 S   86 
 0.60926  0.86340 -0.63875 B   87 
 0.64791  0.85971 -0.92849 D   87 
 0.37785  0.58695 -0.64463 B   88 
 0.14858  0.68357 -0.54571 I   88 
 0.45370  0.38364 -0.86601 B   89 
 0.50237  0.51952 -1.08881 T   89 
 0.61244  0.17174 -0.70276 B   90 
 0.80949  0.25735 -0.66986 A   90 
 0.39125  0.09812 -0.49582 B   91 
 0.45037  0.27378 -0.29342 S   91 
 0.17739  0.01254 -0.69760 B   92 
 0.03760  0.21466 -0.78886 V   92 
 0.32661 -0.21022 -0.84687 B   93 
 0.43490 -0.03111 -1.11027 N   93 
 0.37465 -0.36770 -0.58535 B   94 
 0.60277 -0.36719 -0.41460 X   94 
 0.08265 -0.39442 -0.48803 B   95 
 0.02727 -0.20077 -0.41203 A   95 
-0.01763 -0.55817 -0.73000 B   96 
-0.09722 -0.23085 -1.05160 K   96 
 0.15496 -0.80413 -0.64732 B   97 
 0.49998 -0.78293 -0.81715 K   97 
 0.04699 -0.85004 -0.36176 B   98 
 0.20756 -0.66159 -0.17498 I   98 
-0.26450 -0.88776 -0.42895 B   99 
-0.39365 -0.70111 -0.47682 V   99 
-0.17779 -1.13964 -0.63161 B   100 
-0.18339 -0.97101 -0.83251 S   100 
-0.06041 -1.36086 -0.41621 B   101 
 0.17392 -1.34631 -0.26695 D   101 
-0.37047 -1.47529 -0.26384 B   102 
-0.47856 -1.28168 -0.00293 B   103 
-0.30541 -1.49167  0.17369 N   103 
-0.49422 -1.02378 -0.10430 B   104 
-0.56154 -0.75659  0.11728 B   105 
-0.70209 -0.43864 -0.06423 M   105 
-0.46774 -0.92745  0.37304 B   106 
-0.74955 -1.10030  0.36467 N   106 
-0.17075 -0.82591  0.35976 B   107 
-0.10990 -0.88424  0.16836 A   107 
-0.31823 -0.58443  0.50263 B   108 
-0.14625 -0.40970  0.10498 W   108 
-0.37157 -0.54649  0.82793 B   109 
-0.18808 -0.65565  0.96926 V   109 
-0.52964 -0.27636  0.82457 B   110 
-0.38065 -0.12221  0.82985 A   110 
-0.74204 -0.36426  0.62482 B   111 
-0.87671 -0.49747  0.28464 W   111 
-0.85288 -0.61223  0.77437 B   112 
-0.63974 -0.94856  0.91499 R   112 
-0.89984 -0.45471  1.06435 B   113 
-0.68096 -0.64497  1.20990 N   113 
-1.03078 -0.15985  0.91403 B   114 
-0.72452  0.11040  1.20652 R   114 
-1.17081 -0.22745  0.61251 B   115 
-0.92647 -0.03749  0.53634 X   115 
-1.29092 -0.48792  0.61503 B   116 
-1.15986 -0.90158  0.51610 K   116 
-1.64484 -0.47773  0.58519 B   117 
-1.66088 -0.18975  0.50906 B   118 
-1.49551 -0.09291  0.68418 T   118 
-1.73191  0.13932  0.39283 B   119 
-1.97634  0.25749  0.30071 D   119 
-1.50173  0.21560  0.15275 B   120 
-1.39264 -0.00911  0.14451 V   120 
-1.64609  0.43639 -0.01605 B   121 
-1.95205  0.21654 -0.19380 Q   121 
-1.59628  0.66836  0.19064 B   122 
-1.70009  0.60914  0.35996 A   122 
-1.29310  0.72076  0.08077 B   123 
-1.13535  0.56571  0.44765 W   123 
-1.42744  0.86791 -0.20203 B   124 
-1.36531  0.65787 -0.35788 I   124 
-1.58029  1.08611 -0.11110 B   125 
-1.94747  0.77119  0.07431 R   125 
-1.58590  1.38695 -0.29838 B   126 
-1.44224  1.26790 -0.53609 B   127 
-1.20918  1.17490 -0.33258 X   127 
-1.29811  1.33777 -0.86371 B   128 
-1.56094  1.45027 -1.15135 R   128 
-1.37693  1.04736 -1.09062 B   129 
-1.24150  0.94760 -0.89264 L   129 
