246 
 0.85403  0.08149  1.02514 B   1 
 1.16779  0.29194  0.84210 K   1 
 0.81179  0.43374  1.07528 B   2 
 0.62710  0.43600  1.25709 V   2 
 0.72724  0.66006  0.86361 B   3 
 0.90817  0.43226  0.54223 F   3 
 0.75387  0.94007  0.71905 B   4 
 0.60734  1.12318  0.50050 B   5 
 0.35971  1.48123  0.49153 R   5 
 0.85313  1.23614  0.33108 B   6 
 0.80857  1.54382  0.37251 X   6 
 0.99787  0.96118  0.33867 B   7 
 1.17176  0.79078  0.64384 E   7 
 0.78946  0.79301  0.18372 B   8 
 0.57041  0.61055  0.29701 L   8 
 0.76629  0.96347 -0.06896 B   9 
 0.65783  1.14287 -0.01231 A   9 
 1.05688  0.92469 -0.15579 B   10 
 1.17727  1.04821 -0.02135 A   10 
 1.04993  0.61558 -0.17916 B   11 
 1.07954  0.53919  0.02144 A   11 
 0.80711  0.59509 -0.37042 B   12 
 0.46473  0.56455 -0.11267 M   12 
 0.94163  0.75363 -0.59229 B   13 
 0.97600  1.17910 -0.66973 K   13 
 1.19566  0.59245 -0.64306 B   14 
 1.48262  0.40995 -0.34150 R   14 
 0.99855  0.33441 -0.70098 B   15 
 1.13904  0.15808 -0.38355 H   15 
 0.77294  0.47507 -0.91262 B   16 
 0.47347  0.58067 -0.79918 B   17 
 0.43467  0.35116 -0.57320 L   17 
 0.46727  0.83458 -0.94078 B   18 
 0.50120  1.13172 -0.87080 D   18 
 0.20877  0.80943 -1.16056 B   19 
 0.29852  1.11749 -1.18648 N   19 
 0.11629  0.53734 -1.12477 B   20 
 0.30062  0.13665 -1.15084 Y   20 
-0.13745  0.47415 -1.32060 B   21 
-0.06003  0.03850 -1.49314 R   21 
-0.21070  0.79938 -1.25157 B   22 
-0.09759  0.81972 -0.94857 B   23 
-0.48851  0.55984 -0.91777 Y   23 
-0.01935  1.03389 -0.74811 B   24 
-0.10842  1.25049 -0.75507 S   24 
 0.17715  1.04170 -0.47837 B   25 
 0.48844  1.07212 -0.45136 L   25 
-0.04441  1.14121 -0.27392 B   26 
-0.21603  0.88415 -0.28574 B   27 
-0.40637  0.97796 -0.54819 N   27 
-0.01182  0.68695 -0.16618 B   28 
 0.04289  0.45829 -0.54532 W   28 
 0.03397  0.83683  0.09867 B   29 
 0.22699  1.01035  0.08403 V   29 
-0.25909  0.84264  0.18569 B   30 
-0.47338  1.00889  0.12721 X   30 
-0.30059  0.53870  0.19786 B   31 
-0.32185  0.47238 -0.00950 A   31 
-0.07742  0.46539  0.39922 B   32 
 0.10862  0.47197  0.29124 A   32 
-0.18947  0.63609  0.62797 B   33 
-0.18396  0.92206  0.81397 K   33 
-0.48872  0.48208  0.64117 B   34 
-0.63784  0.86313  0.60142 F   34 
-0.37895  0.18155  0.65032 B   35 
-0.52561  0.08619  0.34490 E   35 
-0.08893  0.21574  0.85359 B   36 
 0.04878  0.13660  0.69899 S   36 
 0.04680  0.48236  0.94293 B   37 
-0.06849  0.61958  1.16688 N   37 
 0.34176  0.41548  0.82236 B   38 
 0.24954  0.79227  0.67987 F   38 
 0.34375  0.09554  0.90656 B   39 
 0.37740  0.02796  1.19754 N   39 
 0.51165 -0.19248  0.81128 B   40 
 0.73852 -0.10789  0.75197 T   40 
 0.39234 -0.38092  1.06670 B   41 
 0.72315 -0.40714  1.28864 Q   41 
 0.10858 -0.38135  0.98179 B   42 
 0.03009 -0.18559  0.99625 A   42 
-0.17108 -0.58163  1.10437 B   43 
-0.00715 -0.76122  1.13213 T   43 
-0.49087 -0.72519  0.97225 B   44 
-0.50100 -0.40090  1.06546 N   44 
-0.76672 -0.88679  1.04111 B   45 
-0.67774 -1.37875  1.12543 R   45 
-1.00482 -1.05954  0.85823 B   46 
-0.86719 -0.85650  0.61915 N   46 
-1.31254 -1.19543  0.83436 B   47 
-1.51066 -1.03569  0.87900 T   47 
-1.19897 -1.41047  0.60498 B   48 
-1.11756 -1.26267  0.40036 D   48 
-0.89453 -1.47411  0.74884 B   49 
-0.72820 -1.28278  0.64945 B   50 
-0.77584 -1.20606  0.42087 S   50 
-0.43963 -1.04786  0.59295 B   51 
-0.37655 -1.12588  0.84604 T   51 
-0.29950 -0.73977  0.64484 B   52 
-0.56542 -0.60335  0.47574 D   52 
 0.00818 -0.59166  0.50319 B   53 
 0.02076 -1.04199  0.66987 Y   53 
 0.16341 -0.32033  0.58198 B   54 
 0.16934  0.00553  0.44701 B   55 
 0.39865  0.14960  0.42273 I   55 
-0.07097 -0.12389  0.22493 B   56 
 0.05577  0.07643  0.00784 L   56 
-0.24394 -0.35822  0.31202 B   57 
-0.29612 -0.29035  0.64688 Q   57 
-0.17315 -0.64075  0.20082 B   58 
 0.01050 -0.56497 -0.03710 I   58 
-0.34538 -0.92247  0.10440 B   59 
-0.64059 -0.97681  0.15645 N   59 
-0.34887 -1.28465  0.16570 B   60 
-0.35314 -1.30973  0.39348 S   60 
-0.56307 -1.39037 -0.05587 B   61 
-0.93369 -1.50734  0.12734 R   61 
-0.38152 -1.26247 -0.31770 B   62 
-0.82138 -1.21565 -0.42807 W   62 
-0.06012 -1.15302 -0.26415 B   63 
-0.30753 -0.85982 -0.47590 W   63 
 0.02355 -1.32407 -0.00023 B   64 
 0.09551 -1.12701  0.15359 X   64 
 0.19854 -1.54834  0.22240 B   65 
 0.19447 -1.84255  0.18180 N   65 
 0.09980 -1.68008  0.57093 B   66 
-0.12280 -1.53052  0.59829 D   66 
-0.01115 -1.99011  0.61461 B   67 
-0.34917 -1.89084  0.70098 B   68 
-0.30372 -1.58159  1.05712 R   68 
-0.49547 -1.87236  0.39264 B   69 
-0.49439 -1.61837  0.41945 T   69 
-0.73304 -2.00821  0.24909 B   70 
-0.81042 -2.06980  0.43880 P   70 
-0.73104 -1.97397 -0.08874 B   71 
-0.47006 -1.85184 -0.16872 B   72 
-0.34590 -1.80507  0.02842 S   72 
-0.23952 -1.68070 -0.42028 B   73 
-0.45343 -1.74102 -0.70006 R   73 
 0.02918 -1.51110 -0.43495 B   74 
 0.25008 -1.57003 -0.27468 N   74 
 0.08316 -1.28673 -0.67523 B   75 
-0.22471 -1.29276 -0.77498 L   75 
 0.36436 -1.15938 -0.55146 B   76 
 0.21693 -0.89090 -0.49974 X   76 
 0.54214 -1.38023 -0.45362 B   77 
 0.64631 -1.58406 -0.60209 N   77 
 0.51705 -1.35667 -0.11489 B   78 
 0.66942 -1.10827 -0.15687 I   78 
 0.58336 -1.31672  0.19264 B   79 
 0.76134 -1.42629  0.19244 P   79 
 0.40872 -1.12283  0.40183 B   80 
 0.11762 -1.23839  0.36086 X   80 
 0.66116 -1.03693  0.57442 B   81 
 0.74932 -1.25052  0.63819 S   81 
 0.79704 -0.86341  0.35104 B   82 
 0.85261 -1.00111  0.20182 A   82 
 0.56801 -0.63384  0.40261 B   83 
 0.36542 -0.72959  0.16403 L   83 
 0.73171 -0.54926  0.69495 B   84 
 0.48255 -0.72310  0.82126 L   84 
 0.96493 -0.41805  0.60828 B   85 
 1.17641 -0.52413  0.50257 S   85 
 1.17083 -0.13709  0.58570 B   86 
 1.35206 -0.16494  0.73978 S   86 
 1.17378 -0.24144  0.29768 B   87 
 1.38826 -0.28777  0.10452 D   87 
 0.93912 -0.13754  0.04440 B   88 
 0.87329  0.11432  0.10700 I   88 
 0.98404 -0.29426 -0.21927 B   89 
 1.24420 -0.29281 -0.27209 T   89 
 0.76947 -0.51810 -0.19476 B   90 
 0.85171 -0.66452 -0.05677 A   90 
 0.51751 -0.33705 -0.16469 B   91 
 0.50234 -0.31585  0.10851 S   91 
 0.55173 -0.18064 -0.42572 B   92 
 0.71328  0.02428 -0.40055 V   92 
 0.55104 -0.41009 -0.62947 B   93 
 0.88349 -0.44777 -0.66464 N   93 
 0.27364 -0.50766 -0.53441 B   94 
 0.20976 -0.71160 -0.34595 X   94 
 0.11265 -0.24665 -0.57189 B   95 
 0.17052 -0.11723 -0.40988 A   95 
 0.15343 -0.22662 -0.87742 B   96 
 0.57647 -0.03529 -0.91380 K   96 
-0.02225 -0.47918 -0.92712 B   97 
 0.20041 -0.79343 -0.92790 K   97 
-0.28363 -0.38876 -0.78997 B   98 
-0.25359 -0.45628 -0.48877 I   98 
-0.33916 -0.11947 -0.95540 B   99 
-0.21601  0.07100 -0.90674 V   99 
-0.33653 -0.30464 -1.23421 B   100 
-0.08443 -0.23975 -1.26687 S   100 
-0.60493 -0.49246 -1.19179 B   101 
-0.64273 -0.69728 -1.00736 D   101 
-0.86701 -0.24752 -1.25314 B   102 
-0.95469 -0.06371 -0.97788 B   103 
-1.17392 -0.29961 -0.93845 N   103 
-0.71809  0.04872 -0.88613 B   104 
-0.71936  0.22269 -0.57832 B   105 
-0.41799  0.47089 -0.54129 M   105 
-0.98975  0.07763 -0.48215 B   106 
-1.16787  0.26847 -0.68518 N   106 
-0.83879 -0.15586 -0.33593 B   107 
-0.72459 -0.24088 -0.48913 A   107 
-0.82087  0.07915 -0.12399 B   108 
-0.37917 -0.02312 -0.23656 W   108 
-1.04216  0.15358  0.11180 B   109 
-1.16782 -0.05337  0.19511 V   109 
-0.90374  0.40485  0.23699 B   110 
-0.76926  0.32864  0.38563 A   110 
-0.87211  0.55909 -0.02369 B   111 
-0.74995  0.61954 -0.38842 W   111 
-1.16873  0.56838 -0.11351 B   112 
-1.43445  0.24492 -0.16912 R   112 
-1.28521  0.68278  0.17709 B   113 
-1.45779  0.41158  0.22142 N   113 
-1.01876  0.91408  0.22383 B   114 
-0.97401  0.74821  0.69591 R   114 
-0.88281  1.00649 -0.07294 B   115 
-0.64261  0.85408  0.07080 X   115 
-1.08485  1.01464 -0.27639 B   116 
-1.25057  0.72851 -0.57430 K   116 
-1.14660  1.34295 -0.39744 B   117 
-0.90852  1.46836 -0.26866 B   118 
-0.92864  1.36007 -0.03359 T   118 
-0.62895  1.65914 -0.15784 B   119 
-0.54804  1.92723 -0.21931 D   119 
-0.34929  1.46980 -0.20663 B   120 
-0.46223  1.28101 -0.32524 V   120 
-0.12132  1.68375 -0.22491 B   121 
-0.21514  1.87285 -0.58404 Q   121 
-0.10521  1.73576  0.08501 B   122 
-0.29113  1.81337  0.13356 A   122 
 0.08433  1.47415  0.13374 B   123 
-0.23897  1.28012  0.33709 W   123 
 0.34832  1.64629 -0.00893 B   124 
 0.33855  1.50165 -0.23532 I   124 
 0.38682  1.87541  0.15001 B   125 
-0.04405  2.09516 -0.03555 R   125 
 0.71536  1.99269  0.21262 B   126 
 0.84407  1.80621  0.01267 B   127 
 0.69707  1.56206  0.16487 X   127 
 1.16031  1.69061 -0.12740 B   128 
 1.37260  1.96707 -0.33471 R   128 
 1.11320  1.64165 -0.49811 B   129 
 0.94099  1.48440 -0.38363 L   129 
