246 
-0.00244  0.28437  1.30615 B   1 
 0.01062 -0.10387  1.46533 K   1 
 0.33739  0.18555  1.36202 B   2 
 0.45991  0.41232  1.33496 V   2 
 0.51542 -0.02836  1.20163 B   3 
 0.15973 -0.25534  1.10223 F   3 
 0.71387 -0.27334  1.17676 B   4 
 0.87672 -0.44151  0.95777 B   5 
 1.28804 -0.48204  0.82074 R   5 
 0.83453 -0.74166  1.05782 B   6 
 1.13381 -0.82582  1.09928 X   6 
 0.53691 -0.68693  1.12879 B   7 
 0.39679 -0.47454  1.42487 E   7 
 0.43164 -0.62002  0.84565 B   8 
 0.38749 -0.34379  0.71973 L   8 
 0.52547 -0.87040  0.69751 B   9 
 0.74118 -0.85361  0.67900 A   9 
 0.35328 -1.06477  0.85894 B   10 
 0.44895 -1.08211  1.05483 A   10 
 0.07791 -0.94048  0.78919 B   11 
 0.05084 -0.77371  0.92487 A   11 
 0.10691 -0.94873  0.48089 B   12 
 0.28294 -0.57122  0.37555 M   12 
 0.13551 -1.25127  0.47051 B   13 
 0.47630 -1.51568  0.51696 K   13 
-0.12053 -1.34587  0.60683 B   14 
-0.31720 -1.18823  0.98506 R   14 
-0.28428 -1.17314  0.37848 B   15 
-0.41316 -0.93210  0.65575 H   15 
-0.12554 -1.27708  0.09656 B   16 
 0.11588 -1.08842 -0.04425 B   17 
-0.01219 -0.79984  0.03035 L   17 
 0.30517 -1.30287 -0.09656 B   18 
 0.57136 -1.40121  0.02100 D   18 
 0.32893 -1.32208 -0.43541 B   19 
 0.55769 -1.52429 -0.33340 N   19 
 0.13548 -1.12726 -0.52754 B   20 
-0.29728 -1.06133 -0.46765 Y   20 
 0.13005 -1.11427 -0.85393 B   21 
-0.32888 -1.08624 -0.97287 R   21 
 0.46333 -1.17135 -0.81430 B   22 
 0.51471 -1.01480 -0.53526 B   23 
 0.44940 -0.67738 -0.85648 Y   23 
 0.72402 -1.00255 -0.31568 B   24 
 0.94830 -1.05907 -0.35314 S   24 
 0.72261 -0.90729  0.00425 B   25 
 0.63258 -1.05924  0.26380 L   25 
 0.95125 -0.68851 -0.02114 B   26 
 0.79017 -0.49523 -0.20106 B   27 
 0.88047 -0.63360 -0.49534 N   27 
 0.56634 -0.42298 -0.00215 B   28 
 0.24513 -0.62794 -0.23419 W   28 
 0.74863 -0.31812  0.22252 B   29 
 0.82082 -0.50448  0.38878 V   29 
 0.89283 -0.10764  0.05401 B   30 
 1.10924 -0.11596 -0.11941 X   30 
 0.64495  0.05809 -0.01908 B   31 
 0.54134 -0.05421 -0.17561 A   31 
 0.54381  0.12563  0.26541 B   32 
 0.44766 -0.05141  0.34108 A   32 
 0.79786  0.27486  0.35031 B   33 
 1.09555  0.28140  0.51688 K   33 
 0.78473  0.50546  0.10518 B   34 
 1.16915  0.38192  0.02786 F   34 
 0.47891  0.59053  0.14628 B   35 
 0.37420  0.48274 -0.17200 E   35 
 0.44630  0.57752  0.50036 B   36 
 0.28184  0.42898  0.49615 S   36 
 0.65014  0.45530  0.70285 B   37 
 0.87477  0.61759  0.77688 N   37 
 0.44275  0.24640  0.84200 B   38 
 0.77419  0.02018  0.74324 F   38 
 0.18215  0.45020  0.84456 B   39 
 0.18463  0.67754  1.04123 N   39 
-0.16282  0.42323  0.86682 B   40 
-0.19394  0.22646  1.01667 T   40 
-0.21510  0.75609  0.90495 B   41 
-0.31226  0.76305  1.29211 Q   41 
-0.12462  0.83802  0.63508 B   42 
 0.08265  0.80119  0.61573 A   42 
-0.15795  1.15986  0.46581 B   43 
-0.37403  1.17712  0.57941 T   43 
-0.19135  1.28922  0.11583 B   44 
 0.12226  1.21827  0.21863 N   44 
-0.20606  1.55230 -0.07787 B   45 
-0.65265  1.78874 -0.03651 R   45 
-0.31079  1.61578 -0.40188 B   46 
-0.24871  1.27912 -0.41345 N   46 
-0.31420  1.81530 -0.67375 B   47 
-0.08325  1.87760 -0.77142 T   47 
-0.60805  1.68462 -0.76503 B   48 
-0.56331  1.42658 -0.80691 D   48 
-0.74789  1.66419 -0.45284 B   49 
-0.67136  1.42104 -0.35709 B   50 
-0.64407  1.24268 -0.52397 S   50 
-0.59397  1.12787 -0.13412 B   51 
-0.62220  1.31700  0.05967 T   51 
-0.36507  0.95733  0.05501 B   52 
-0.18303  0.90710 -0.23179 D   52 
-0.39374  0.63048  0.22536 B   53 
-0.75197  0.94783  0.26655 Y   53 
-0.19624  0.48848  0.43691 B   54 
 0.05328  0.24062  0.40962 B   55 
 0.08261  0.04186  0.59282 I   55 
-0.02258  0.25702  0.06640 B   56 
 0.04712 -0.05669  0.05982 L   56 
-0.13751  0.51368 -0.04906 B   57 
 0.02970  0.75651  0.13132 Q   57 
-0.44315  0.52191 -0.11003 B   58 
-0.51109  0.21951 -0.10625 I   58 
-0.64759  0.66420 -0.34726 B   59 
-0.56455  0.87688 -0.54896 N   59 
-0.94913  0.87278 -0.37001 B   60 
-0.91053  1.05389 -0.23494 S   60 
-1.01438  0.86570 -0.68913 B   61 
-0.92250  1.24125 -0.87656 R   61 
-1.04180  0.52349 -0.69349 B   62 
-0.85424  0.64494 -1.09089 W   62 
-1.05940  0.35068 -0.39690 B   63 
-0.75777  0.18966 -0.67094 W   63 
-1.17490  0.57884 -0.19561 B   64 
-0.99023  0.56758 -0.01275 X   64 
-1.38425  0.75393  0.04104 B   65 
-1.65211  0.85741 -0.03488 N   65 
-1.37069  1.11959  0.16221 B   66 
-1.14343  1.18615  0.03340 D   66 
-1.58815  1.34654  0.05479 B   67 
-1.34398  1.53769 -0.13341 B   68 
-0.99762  1.63882  0.17376 R   68 
-1.34938  1.37675 -0.43488 B   69 
-1.11930  1.28258 -0.37635 T   69 
-1.41165  1.45246 -0.72795 B   70 
-1.38597  1.65899 -0.67842 P   70 
-1.46979  1.18737 -0.93205 B   71 
-1.48678  0.94128 -0.76302 B   72 
-1.44395  1.00246 -0.53743 S   72 
-1.49297  0.56243 -0.71657 B   73 
-1.53344  0.49207 -1.06454 R   73 
-1.45434  0.33933 -0.49317 B   74 
-1.55256  0.37135 -0.23378 N   74 
-1.34052  0.03479 -0.56594 B   75 
-1.24924  0.12054 -0.86441 L   75 
-1.30822 -0.07387 -0.25328 B   76 
-0.99986 -0.08066 -0.29028 X   76 
-1.54797  0.00637 -0.09194 B   77 
-1.80726 -0.06494 -0.13803 N   77 
-1.42955  0.25806  0.10440 B   78 
-1.28236  0.03881  0.23459 I   78 
-1.34112  0.43299  0.35370 B   79 
-1.50839  0.39126  0.47184 P   79 
-1.04683  0.58928  0.38231 B   80 
-1.04339  0.75869  0.11574 X   80 
-1.02692  0.54970  0.69684 B   81 
-1.23347  0.64718  0.76960 S   81 
-0.98606  0.23867  0.68899 B   82 
-1.16801  0.16199  0.61597 A   82 
-0.67956  0.29062  0.58329 B   83 
-0.74504  0.26066  0.26401 L   83 
-0.59451  0.38493  0.90468 B   84 
-0.61572  0.68221  0.76529 L   84 
-0.59420  0.14397  1.04978 B   85 
-0.79905  0.00595  1.12814 S   85 
-0.43463 -0.10274  1.23824 B   86 
-0.49131 -0.06898  1.46847 S   86 
-0.60223 -0.26977  1.04365 B   87 
-0.77832 -0.50038  1.07927 D   87 
-0.48304 -0.38336  0.72287 B   88 
-0.21896 -0.41621  0.75231 I   88 
-0.70713 -0.53042  0.56712 B   89 
-0.82299 -0.70223  0.73304 T   89 
-0.81249 -0.30337  0.38246 B   90 
-0.93834 -0.17821  0.50792 A   90 
-0.54513 -0.23394  0.23800 B   91 
-0.44970 -0.03450  0.40059 S   91 
-0.48866 -0.51338  0.12621 B   92 
-0.36601 -0.66844  0.29836 V   92 
-0.74311 -0.56066 -0.03866 B   93 
-0.91760 -0.73876  0.18721 N   93 
-0.69407 -0.30608 -0.20685 B   94 
-0.79937 -0.04379 -0.17073 X   94 
-0.40999 -0.36833 -0.31115 B   95 
-0.27714 -0.33621 -0.14483 A   95 
-0.48770 -0.62300 -0.46774 B   96 
-0.49694 -0.95027 -0.13652 K   96 
-0.65301 -0.45756 -0.67370 B   97 
-1.01837 -0.43107 -0.55479 K   97 
-0.43396 -0.26403 -0.77305 B   98 
-0.42735 -0.02736 -0.57273 I   98 
-0.21768 -0.47782 -0.87544 B   99 
-0.08640 -0.58961 -0.72026 V   99 
-0.45392 -0.60183 -1.07754 B   100 
-0.50551 -0.78301 -0.89494 S   100 
-0.50152 -0.35031 -1.28631 B   101 
-0.61902 -0.10385 -1.23293 D   101 
-0.19757 -0.37157 -1.48534 B   102 
 0.07037 -0.20633 -1.35063 B   103 
-0.03989  0.03946 -1.53147 N   103 
 0.09899 -0.30923 -1.09446 B   104 
 0.33234 -0.15956 -0.87499 B   105 
 0.44055 -0.39629 -0.58166 M   105 
 0.33709  0.11347 -1.04479 B   106 
 0.52334 -0.03066 -1.27697 N   106 
 0.10939  0.24862 -0.87575 B   107 
-0.05053  0.11569 -0.89797 A   107 
 0.36401  0.29070 -0.69171 B   108 
 0.06918  0.02888 -0.44119 W   108 
 0.57859  0.54362 -0.70136 B   109 
 0.46797  0.76122 -0.77863 V   109 
 0.77713  0.45328 -0.47688 B   110 
 0.69506  0.52839 -0.29356 A   110 
 0.83281  0.17639 -0.59079 B   111 
 0.74300 -0.18129 -0.71569 W   111 
 0.93569  0.25690 -0.87198 B   112 
 0.74225  0.49541 -1.16184 R   112 
 1.15796  0.47906 -0.76088 B   113 
 0.99935  0.72049 -0.90870 N   113 
 1.26770  0.27478 -0.49087 B   114 
 1.22615  0.67371 -0.18837 R   114 
 1.21813 -0.05413 -0.55762 B   115 
 1.02567 -0.00237 -0.30888 X   115 
 1.25297 -0.10488 -0.83777 B   116 
 0.98987 -0.11230 -1.19667 K   116 
 1.53516 -0.30917 -0.90766 B   117 
 1.58422 -0.39134 -0.62512 B   118 
 1.55777 -0.15967 -0.51102 T   118 
 1.66966 -0.53702 -0.31157 B   119 
 1.85754 -0.74308 -0.24496 D   119 
 1.37915 -0.63062 -0.15898 B   120 
 1.22718 -0.57628 -0.34981 V   120 
 1.47208 -0.85547  0.03821 B   121 
 1.58285 -1.15665 -0.22742 Q   121 
 1.59171 -0.65865  0.25261 B   122 
 1.74654 -0.56301  0.15345 A   122 
 1.29867 -0.60236  0.38565 B   123 
 1.30911 -0.20164  0.23453 W   123 
 1.30827 -0.91847  0.52587 B   124 
 1.12621 -1.01566  0.35359 I   124 
 1.53579 -0.92326  0.69155 B   125 
 1.85252 -0.93894  0.28190 R   125 
 1.52457 -1.09653  1.00052 B   126 
 1.25748 -1.22598  0.94380 B   127 
 1.14044 -0.93019  0.88728 X   127 
 0.99369 -1.43831  1.07916 B   128 
 1.09892 -1.82230  1.15630 R   128 
 0.87333 -1.66550  0.80359 B   129 
 0.83304 -1.42346  0.71825 L   129 
