246 
-1.28590  0.28437 -0.22915 B   1 
-1.44492 -0.10387 -0.24392 K   1 
-1.39991  0.18555  0.09583 B   2 
-1.39453  0.41232  0.22118 V   2 
-1.27286 -0.02836  0.29900 B   3 
-1.11323 -0.25534 -0.03404 F   3 
-1.28282 -0.27334  0.49874 B   4 
-1.09542 -0.44151  0.69714 B   5 
-1.03188 -0.48204  1.12600 R   5 
-1.18663 -0.74166  0.63822 B   6 
-1.27942 -0.82582  0.92577 X   6 
-1.20486 -0.68693  0.33280 B   7 
-1.47212 -0.47454  0.14341 E   7 
-0.90774 -0.62002  0.27828 B   8 
-0.77607 -0.34379  0.25666 L   8 
-0.77814 -0.87040  0.39640 B   9 
-0.79735 -0.85361  0.61206 A   9 
-0.90722 -1.06477  0.19881 B   10 
-1.11675 -1.08211  0.25901 A   10 
-0.79073 -0.94048 -0.06027 B   11 
-0.91966 -0.77371 -0.11049 A   11 
-0.49214 -0.94873  0.02181 B   12 
-0.41897 -0.57122  0.21345 M   12 
-0.48689 -1.25127  0.05178 B   13 
-0.59180 -1.51568  0.37932 K   13 
-0.57669 -1.34587 -0.22405 B   14 
-0.91504 -1.18823 -0.48339 R   14 
-0.32338 -1.17314 -0.34566 B   15 
-0.57407 -0.93210 -0.52073 H   15 
-0.07330 -1.27708 -0.14040 B   16 
 0.02347 -1.08842  0.12180 B   17 
-0.02777 -0.79984 -0.01727 L   17 
 0.04211 -1.30287  0.31730 B   18 
-0.11987 -1.40121  0.55904 D   18 
 0.37170 -1.32208  0.39952 B   19 
 0.23152 -1.52429  0.60710 N   19 
 0.49601 -1.12726  0.22500 B   20 
 0.51215 -1.06133 -0.21158 Y   20 
 0.81838 -1.11427  0.27632 B   21 
 1.01519 -1.08624 -0.15500 R   21 
 0.72150 -1.17135  0.59766 B   22 
 0.43778 -1.01480  0.59982 B   23 
 0.76546 -0.67738  0.59126 Y   23 
 0.18520 -1.00255  0.76783 B   24 
 0.18316 -1.05907  0.99521 S   24 
-0.12963 -0.90729  0.71090 B   25 
-0.36961 -1.05924  0.57718 L   25 
-0.14431 -0.68851  0.94048 B   26 
 0.06083 -0.49523  0.81307 B   27 
 0.33497 -0.63360  0.95309 N   27 
-0.09620 -0.42298  0.55811 B   28 
 0.18808 -0.62794  0.28206 W   28 
-0.34911 -0.31812  0.69864 B   29 
-0.52537 -0.50448  0.74087 V   29 
-0.20818 -0.10764  0.86990 B   30 
-0.07497 -0.11596  1.11313 X   30 
-0.09317  0.05809  0.63847 B   31 
 0.07897 -0.05421  0.56360 A   31 
-0.35578  0.12563  0.48948 B   32 
-0.41361 -0.05141  0.38165 A   32 
-0.48350  0.27486  0.72494 B   33 
-0.69921  0.28140  0.98919 K   33 
-0.23981  0.50546  0.75455 B   34 
-0.23040  0.38192  1.14656 F   34 
-0.22720  0.59053  0.44624 B   35 
 0.10443  0.48274  0.39838 E   35 
-0.57024  0.57752  0.35266 B   36 
-0.53754  0.42898  0.19143 S   36 
-0.80504  0.45530  0.51826 B   37 
-0.91694  0.61759  0.72662 N   37 
-0.90607  0.24640  0.28986 B   38 
-0.86636  0.02018  0.63341 F   38 
-0.86335  0.45020  0.03277 B   39 
-1.05747  0.67754  0.00107 N   39 
-0.82540  0.42323 -0.31083 B   40 
-0.96757  0.22646 -0.36748 T   40 
-0.85387  0.75609 -0.36893 B   41 
-1.21828  0.76305 -0.53183 Q   41 
-0.60381  0.83802 -0.23298 B   42 
-0.62073  0.80119 -0.02549 A   42 
-0.43132  1.15986 -0.23642 B   43 
-0.50568  1.17712 -0.46894 T   43 
-0.08085  1.28922 -0.20856 B   44 
-0.23654  1.21827  0.08245 N   44 
 0.11246  1.55230 -0.18941 B   45 
 0.14926  1.78874 -0.63640 R   45 
 0.44973  1.61578 -0.23631 B   46 
 0.45035  1.27912 -0.17316 N   46 
 0.71806  1.81530 -0.19247 B   47 
 0.77416  1.87760  0.05193 T   47 
 0.85897  1.68462 -0.46601 B   48 
 0.89245  1.42658 -0.41468 D   48 
 0.57580  1.66419 -0.65792 B   49 
 0.46821  1.42104 -0.59918 B   50 
 0.62782  1.24268 -0.54334 S   50 
 0.23519  1.12787 -0.56166 B   51 
 0.04925  1.31700 -0.62311 T   51 
 0.00920  0.95733 -0.36908 B   52 
 0.26005  0.90710 -0.14001 D   52 
-0.15359  0.63048 -0.42688 B   53 
-0.13197  0.94783 -0.78683 Y   53 
-0.39621  0.48848 -0.26911 B   54 
-0.41265  0.24062 -0.01864 B   55 
-0.59816  0.04186 -0.02155 I   55 
-0.06148  0.25702 -0.03376 B   56 
-0.06709 -0.05669  0.03602 L   56 
 0.07218  0.51368 -0.12690 B   57 
-0.13449  0.75651  0.00645 Q   57 
 0.18529  0.52191 -0.41732 B   58 
 0.19336  0.21951 -0.48488 I   58 
 0.45441  0.66420 -0.57747 B   59 
 0.63863  0.87688 -0.46068 N   59 
 0.52916  0.87278 -0.87049 B   60 
 0.38944  1.05389 -0.85592 S   60 
 0.85476  0.86570 -0.87935 B   61 
 1.02339  1.24125 -0.75633 R   61 
 0.86382  0.52349 -0.90559 B   62 
 1.22262  0.64494 -0.65189 W   62 
 0.57478  0.35068 -0.97442 B   63 
 0.79230  0.18966 -0.62979 W   63 
 0.39660  0.57884 -1.12310 B   64 
 0.18446  0.56758 -0.97298 X   64 
 0.19989  0.75393 -1.37036 B   65 
 0.32115  0.85741 -1.62097 N   65 
 0.07820  1.11959 -1.37804 B   66 
 0.16560  1.18615 -1.13187 D   66 
 0.22174  1.34654 -1.57355 B   67 
 0.36469  1.53769 -1.30041 B   68 
 0.00206  1.63882 -1.01264 R   68 
 0.66253  1.37675 -1.25340 B   69 
 0.56494  1.28258 -1.03697 T   69 
 0.96196  1.45246 -1.26384 B   70 
 0.90872  1.65899 -1.24715 P   70 
 1.17305  1.18737 -1.28567 B   71 
 1.00953  0.94128 -1.33175 B   72 
 0.77994  1.00246 -1.32873 S   72 
 0.96486  0.56243 -1.34590 B   73 
 1.31458  0.49207 -1.32536 R   73 
 0.73815  0.33933 -1.34665 B   74 
 0.49975  0.37135 -1.48840 N   74 
 0.79006  0.03479 -1.22192 B   75 
 1.06815  0.12054 -1.08021 L   75 
 0.47653 -0.07387 -1.24439 B   76 
 0.45945 -0.08066 -0.93429 X   76 
 0.35927  0.00637 -1.50851 B   77 
 0.44968 -0.06494 -1.75586 N   77 
 0.14536  0.25806 -1.42597 B   78 
-0.00841  0.03881 -1.30361 I   78 
-0.11551  0.43299 -1.38216 B   79 
-0.20283  0.39126 -1.56740 P   79 
-0.19478  0.58928 -1.09730 B   80 
 0.06715  0.75869 -1.04764 X   80 
-0.50798  0.54970 -1.13229 B   81 
-0.54379  0.64718 -1.34835 S   81 
-0.50735  0.23867 -1.09069 B   82 
-0.40385  0.16199 -1.25720 A   82 
-0.45647  0.29062 -0.77050 B   83 
-0.13066  0.26066 -0.77956 L   83 
-0.78774  0.38493 -0.74253 B   84 
-0.64679  0.68221 -0.73923 L   84 
-0.93069  0.14397 -0.76742 B   85 
-0.97230  0.00595 -0.98276 S   85 
-1.14399 -0.10274 -0.64299 B   86 
-1.36088 -0.06898 -0.73878 S   86 
-0.92325 -0.26977 -0.77426 B   87 
-0.92777 -0.50038 -0.95386 D   87 
-0.62803 -0.38336 -0.60120 B   88 
-0.70288 -0.41621 -0.34623 I   88 
-0.43576 -0.53042 -0.79484 B   89 
-0.57904 -0.70223 -0.93775 T   89 
-0.23561 -0.30337 -0.86654 B   90 
-0.33731 -0.17821 -1.01227 A   90 
-0.13975 -0.23394 -0.57817 B   91 
-0.31644 -0.03450 -0.51241 S   91 
-0.03946 -0.51338 -0.50315 B   92 
-0.23029 -0.66844 -0.41225 V   92 
 0.16708 -0.56066 -0.72512 B   93 
-0.02508 -0.73876 -0.93617 N   93 
 0.32420 -0.30608 -0.64762 B   94 
 0.30690 -0.04379 -0.75759 X   94 
 0.37760 -0.36833 -0.34975 B   95 
 0.19074 -0.33621 -0.24779 A   95 
 0.54530 -0.62300 -0.39910 B   96 
 0.22071 -0.95027 -0.46570 K   96 
 0.77683 -0.45756 -0.52615 B   97 
 0.72315 -0.43107 -0.90660 K   97 
 0.83665 -0.26403 -0.29317 B   98 
 0.63822 -0.02736 -0.32143 I   98 
 0.89993 -0.47782 -0.06240 B   99 
 0.72432 -0.58961  0.03995 V   99 
 1.13997 -0.60183 -0.25997 B   100 
 0.96911 -0.78301 -0.34248 S   100 
 1.35384 -0.35031 -0.27060 B   101 
 1.32167 -0.10385 -0.39558 D   101 
 1.49709 -0.37157  0.06328 B   102 
 1.31791 -0.20633  0.30377 B   103 
 1.51514  0.03946  0.22658 N   103 
 1.06065 -0.30923  0.28748 B   104 
 0.80401 -0.15956  0.47919 B   105 
 0.49635 -0.39629  0.53483 M   105 
 0.97041  0.11347  0.51334 B   106 
 1.16673 -0.03066  0.73707 N   106 
 0.84346  0.24862  0.25976 B   107 
 0.89311  0.11569  0.10612 A   107 
 0.61801  0.29070  0.47856 B   108 
 0.42248  0.02888  0.14472 W   108 
 0.59027  0.54362  0.69156 B   109 
 0.68557  0.76122  0.59603 V   109 
 0.33473  0.45328  0.84812 B   110 
 0.16844  0.52839  0.73547 A   110 
 0.43724  0.17639  0.92272 B   111 
 0.57585 -0.18129  0.85596 W   111 
 0.69631  0.25690  1.07286 B   112 
 1.01534  0.49541  0.93267 R   112 
 0.54831  0.47906  1.27247 B   113 
 0.72142  0.72049  1.14193 N   113 
 0.26335  0.27478  1.33366 B   114 
-0.02734  0.67371  1.24023 R   114 
 0.33769 -0.05413  1.29643 B   115 
 0.12614 -0.00237  1.06372 X   115 
 0.60754 -0.10488  1.37938 B   116 
 1.00666 -0.11230  1.18258 K   116 
 0.62738 -0.30917  1.66942 B   117 
 0.34061 -0.39134  1.66868 B   118 
 0.23284 -0.15967  1.62283 T   118 
 0.01699 -0.53702  1.69840 B   119 
-0.08122 -0.74308  1.87186 D   119 
-0.08286 -0.63062  1.38581 B   120 
 0.13146 -0.57628  1.26927 V   120 
-0.29318 -0.85547  1.44309 B   121 
-0.05081 -1.15665  1.59829 Q   121 
-0.52509 -0.65865  1.52369 B   122 
-0.45432 -0.56301  1.69338 A   122 
-0.60524 -0.60236  1.21201 B   123 
-0.45823 -0.20164  1.24852 W   123 
-0.74499 -0.91847  1.19711 B   124 
-0.54373 -1.01566  1.04773 I   124 
-0.94766 -0.92326  1.39242 B   125 
-0.59921 -0.93894  1.77546 R   125 
-1.24999 -1.09653  1.32774 B   126 
-1.14776 -1.22598  1.07454 B   127 
-1.07179 -0.93019  0.96910 X   127 
-1.23527 -1.43831  0.79126 B   128 
-1.32951 -1.82230  0.88150 R   128 
-0.94299 -1.66550  0.72057 B   129 
-0.85196 -1.42346  0.69570 L   129 
