246 
 1.19302  0.32444  0.50828 B   1 
 1.38021 -0.05124  0.50050 K   1 
 1.37229  0.28252  0.20091 B   2 
 1.36983  0.52476  0.10880 V   2 
 1.30347  0.09414 -0.04999 B   3 
 1.10666 -0.18944  0.21225 F   3 
 1.37095 -0.11710 -0.27546 B   4 
 1.23813 -0.26473 -0.52711 B   5 
 1.25720 -0.24436 -0.96164 R   5 
 1.34315 -0.56422 -0.49305 B   6 
 1.49355 -0.59857 -0.76613 X   6 
 1.30082 -0.55484 -0.18527 B   7 
 1.50961 -0.35737  0.07896 E   7 
 0.99403 -0.51503 -0.18026 B   8 
 0.83689 -0.25367 -0.14706 L   8 
 0.91049 -0.75230 -0.35394 B   9 
 0.96694 -0.70227 -0.55758 A   9 
 1.01818 -0.96587 -0.16347 B   10 
 1.23585 -0.96123 -0.18409 A   10 
 0.84619 -0.88909  0.08284 B   11 
 0.94872 -0.72420  0.17904 A   11 
 0.56933 -0.90309 -0.05540 B   12 
 0.49924 -0.50628 -0.20450 M   12 
 0.59619 -1.19748 -0.12659 B   13 
 0.78155 -1.40298 -0.46068 K   13 
 0.64245 -1.32669  0.14591 B   14 
 0.91300 -1.18940  0.48435 R   14 
 0.35712 -1.18984  0.23890 B   15 
 0.54976 -0.96295  0.48991 H   15 
 0.15850 -1.27686 -0.02274 B   16 
 0.09469 -1.05729 -0.27058 B   17 
 0.09432 -0.79022 -0.08640 L   17 
 0.13070 -1.24078 -0.49327 B   18 
 0.34182 -1.29177 -0.71046 D   18 
-0.17554 -1.26745 -0.63909 B   19 
 0.01715 -1.42739 -0.84136 N   19 
-0.34605 -1.10888 -0.46691 B   20 
-0.44680 -1.11018 -0.03672 Y   20 
-0.65365 -1.10796 -0.57694 B   21 
-0.92709 -1.15686 -0.19171 R   21 
-0.49549 -1.11028 -0.87841 B   22 
-0.23094 -0.93822 -0.80477 B   23 
-0.58309 -0.62643 -0.81360 Y   23 
 0.04585 -0.88562 -0.91790 B   24 
 0.09403 -0.90722 -1.14618 S   24 
 0.33554 -0.78101 -0.78917 B   25 
 0.55970 -0.93641 -0.63373 L   25 
 0.37232 -0.52983 -0.97981 B   26 
 0.13131 -0.37064 -0.86915 B   27 
-0.09967 -0.50288 -1.07667 N   27 
 0.23255 -0.32798 -0.58138 B   28 
-0.07794 -0.58887 -0.39548 W   28 
 0.49654 -0.18809 -0.65516 B   29 
 0.69321 -0.35496 -0.68764 V   29 
 0.37107  0.03671 -0.82013 B   30 
 0.28542  0.05684 -1.08325 X   30 
 0.20191  0.15861 -0.59479 B   31 
 0.02959  0.02612 -0.57032 A   31 
 0.42619  0.21891 -0.39038 B   32 
 0.47884  0.03156 -0.29848 A   32 
 0.58087  0.40920 -0.57445 B   33 
 0.83950  0.46834 -0.78898 K   33 
 0.32729  0.62640 -0.61875 B   34 
 0.40000  0.56262 -1.01833 F   34 
 0.25158  0.66340 -0.30996 B   35 
-0.07246  0.52971 -0.34176 E   35 
 0.57176  0.65740 -0.15489 B   36 
 0.52355  0.48467 -0.02462 S   36 
 0.84251  0.57585 -0.28733 B   37 
 0.97563  0.77401 -0.44634 N   37 
 0.91841  0.34163 -0.07428 B   38 
 0.96166  0.16742 -0.44652 F   38 
 0.81206  0.50165  0.19505 B   39 
 0.97648  0.73305  0.29399 N   39 
 0.71496  0.42127  0.51806 B   40 
 0.86122  0.22724  0.57374 T   40 
 0.70308  0.74278  0.62517 B   41 
 1.02988  0.74739  0.85444 Q   41 
 0.47559  0.82880  0.45612 B   42 
 0.53302  0.82455  0.25270 A   42 
 0.27775  1.13541  0.47000 B   43 
 0.30692  1.12214  0.71263 T   43 
-0.07184  1.24595  0.39317 B   44 
 0.13965  1.22897  0.13059 N   44 
-0.28082  1.49669  0.37313 B   45 
-0.41867  1.66084  0.83259 R   45 
-0.62525  1.53182  0.36254 B   46 
-0.58485  1.20900  0.25537 N   46 
-0.89766  1.71897  0.29547 B   47 
-0.91377  1.81365  0.05561 T   47 
-1.07379  1.54048  0.51655 B   48 
-1.07462  1.29149  0.42522 D   48 
-0.82943  1.50878  0.75469 B   49 
-0.69204  1.28417  0.68527 B   50 
-0.82259  1.10682  0.57613 S   50 
-0.43125  1.01463  0.65378 B   51 
-0.27687  1.20337  0.77487 T   51 
-0.16000  0.88891  0.48686 B   52 
-0.35976  0.85840  0.20922 D   52 
 0.01768  0.56759  0.52996 B   53 
-0.09663  0.82554  0.91872 Y   53 
 0.29640  0.46583  0.40394 B   54 
 0.37968  0.25974  0.13002 B   55 
 0.57831  0.07443  0.14151 I   55 
 0.03152  0.25232  0.07950 B   56 
 0.07723 -0.04647 -0.02982 L   56 
-0.13882  0.48353  0.17918 B   57 
 0.06646  0.75570  0.12221 Q   57 
-0.30298  0.44129  0.44084 B   58 
-0.29658  0.13225  0.46393 I   58 
-0.60812  0.54137  0.56413 B   59 
-0.78607  0.75755  0.44408 N   59 
-0.75277  0.69878  0.86287 B   60 
-0.62918  0.88818  0.90011 S   60 
-1.07269  0.67068  0.80799 B   61 
-1.24854  1.04947  0.70699 R   61 
-1.05626  0.32849  0.78532 B   62 
-1.37238  0.46454  0.48630 W   62 
-0.77045  0.16520  0.88428 B   63 
-0.90689  0.04470  0.48569 W   63 
-0.64291  0.37892  1.09398 B   64 
-0.40692  0.40318  0.98729 X   64 
-0.51044  0.52663  1.39584 B   65 
-0.68374  0.58385  1.63018 N   65 
-0.42475  0.89373  1.47629 B   66 
-0.47158  0.99097  1.22927 D   66 
-0.62073  1.07969  1.66954 B   67 
-0.72802  1.30055  1.40255 B   68 
-0.32953  1.46548  1.20621 R   68 
-0.99709  1.13067  1.27781 B   69 
-0.85399  1.07608  1.07341 T   69 
-1.29893  1.18562  1.24073 B   70 
-1.26188  1.39517  1.26275 P   70 
-1.48637  0.90792  1.18543 B   71 
-1.31294  0.66810  1.22823 B   72 
-1.09287  0.74288  1.27769 S   72 
-1.23848  0.29483  1.19916 B   73 
-1.57112  0.20722  1.10248 R   73 
-0.99695  0.08833  1.21315 B   74 
-0.79195  0.11318  1.40107 N   74 
-0.99845 -0.19668  1.04064 B   75 
-1.25267 -0.10773  0.86112 L   75 
-0.68587 -0.28823  1.10794 B   76 
-0.61232 -0.24745  0.80890 X   76 
-0.62595 -0.24148  1.39807 B   77 
-0.75308 -0.35439  1.61144 N   77 
-0.42356  0.03227  1.39308 B   78 
-0.23150 -0.15643  1.27394 I   78 
-0.17546  0.22731  1.42433 B   79 
-0.11985  0.16369  1.61549 P   79 
-0.05990  0.42902  1.18390 B   80 
-0.32233  0.58773  1.10831 X   80 
 0.24402  0.40375  1.27269 B   81 
 0.23136  0.46977  1.50279 S   81 
 0.27825  0.10300  1.18993 B   82 
 0.15343 -0.00389  1.32149 A   82 
 0.28190  0.19914  0.87600 B   83 
-0.03624  0.14842  0.81817 L   83 
 0.60317  0.31652  0.92523 B   84 
 0.43960  0.60182  0.93529 L   84 
 0.75984  0.08369  0.94418 B   85 
 0.77368 -0.08224  1.14275 S   85 
 1.01299 -0.12818  0.83073 B   86 
 1.20511 -0.09603  0.97007 S   86 
 0.78765 -0.32609  0.89327 B   87 
 0.77976 -0.58029  1.03741 D   87 
 0.53984 -0.43020  0.65294 B   88 
 0.66225 -0.41989  0.41505 I   88 
 0.32931 -0.61601  0.78428 B   89 
 0.45884 -0.79826  0.92738 T   89 
 0.10033 -0.41485  0.84633 B   90 
 0.16253 -0.30698  1.02448 A   90 
 0.05261 -0.30897  0.55705 B   91 
 0.22009 -0.09156  0.55413 S   91 
-0.00748 -0.57959  0.42696 B   92 
 0.20954 -0.70740  0.35422 V   92 
-0.24587 -0.67204  0.59662 B   93 
-0.08027 -0.86773  0.81449 N   93 
-0.40808 -0.41875  0.52566 B   94 
-0.43411 -0.17533  0.67146 X   94 
-0.40092 -0.43881  0.21745 B   95 
-0.20223 -0.38049  0.15859 A   95 
-0.55176 -0.70772  0.19864 B   96 
-0.21716 -1.02094  0.28131 K   96 
-0.81611 -0.57755  0.30011 B   97 
-0.83483 -0.60513  0.68380 K   97 
-0.84946 -0.35530  0.08844 B   98 
-0.68101 -0.11392  0.18613 I   98 
-0.85083 -0.53557 -0.17702 B   99 
-0.65045 -0.61989 -0.25795 V   99 
-1.11088 -0.70212 -0.04793 B   100 
-0.94256 -0.88289  0.04050 S   100 
-1.34438 -0.46850 -0.04454 B   101 
-1.35717 -0.24204  0.11656 D   101 
-1.42229 -0.44817 -0.39946 B   102 
-1.21770 -0.23820 -0.57636 B   103 
-1.44647 -0.01919 -0.50587 N   103 
-0.95963 -0.32656 -0.52509 B   104 
-0.68664 -0.13455 -0.64182 B   105 
-0.35441 -0.34114 -0.66894 M   105 
-0.86742  0.12990 -0.66993 B   106 
-1.00650  0.00924 -0.94464 N   106 
-0.80091  0.23300 -0.38073 B   107 
-0.86572  0.07580 -0.25898 A   107 
-0.54412  0.32100 -0.54439 B   108 
-0.39012  0.02450 -0.21788 W   108 
-0.50054  0.60418 -0.71177 B   109 
-0.63031  0.79882 -0.60770 V   109 
-0.21392  0.55401 -0.82712 B   110 
-0.07806  0.62136 -0.67550 A   110 
-0.27649  0.28570 -0.95689 B   111 
-0.39294 -0.08570 -0.96715 W   111 
-0.51010  0.37190 -1.14165 B   112 
-0.86895  0.56689 -1.03431 R   112 
-0.34845  0.63002 -1.27709 B   113 
-0.56289  0.83821 -1.15070 N   113 
-0.04030  0.45491 -1.30956 B   114 
 0.19246  0.85227 -1.10879 R   114 
-0.09098  0.12023 -1.33228 B   115 
 0.06950  0.14931 -1.05844 X   115 
-0.33581  0.06618 -1.47161 B   116 
-0.76177  0.00513 -1.35800 K   116 
-0.28472 -0.09319 -1.78506 B   117 
 0.00326 -0.15697 -1.74041 B   118 
 0.08017  0.07134 -1.64371 T   118 
 0.33843 -0.27662 -1.72690 B   119 
 0.48417 -0.44802 -1.90460 D   119 
 0.38778 -0.40974 -1.41660 B   120 
 0.15195 -0.38659 -1.33712 V   120 
 0.62392 -0.61027 -1.46239 B   121 
 0.44111 -0.89898 -1.70066 Q   121 
 0.84840 -0.38988 -1.46948 B   122 
 0.80144 -0.27438 -1.63503 A   122 
 0.86546 -0.37614 -1.14351 B   123 
 0.69289  0.01585 -1.15286 W   123 
 1.02741 -0.68183 -1.14508 B   124 
 0.81173 -0.81235 -1.05173 I   124 
 1.26175 -0.64499 -1.29664 B   125 
 0.99127 -0.62427 -1.73798 R   125 
 1.56138 -0.80730 -1.19921 B   126 
 1.42671 -0.97918 -0.99032 B   127 
 1.30720 -0.70769 -0.86229 X   127 
 1.47972 -1.22583 -0.72698 B   128 
 1.62211 -1.58553 -0.84870 R   128 
 1.20057 -1.47838 -0.74524 B   129 
 1.08563 -1.24878 -0.70571 L   129 
