246 
-0.13779 -1.32953  0.01680 B   1 
 0.15532 -1.42964  0.30016 K   1 
-0.28269 -1.34350  0.34419 B   2 
-0.53536 -1.33973  0.28663 V   2 
-0.24730 -1.14040  0.59052 B   3 
 0.15099 -1.03787  0.45350 F   3 
-0.19408 -1.06490  0.89297 B   4 
-0.18657 -0.81179  1.08954 B   5 
-0.43326 -0.63821  1.40356 R   5 
 0.07296 -0.87063  1.26577 B   6 
-0.05725 -0.87571  1.55106 X   6 
 0.23071 -0.97209  1.01791 B   7 
 0.17941 -1.30580  0.82193 E   7 
 0.23300 -0.71075  0.85229 B   8 
 0.04655 -0.62980  0.62253 L   8 
 0.35172 -0.52116  1.06061 B   9 
 0.19674 -0.48824  1.20912 A   9 
 0.62021 -0.66607  1.08074 B   10 
 0.58185 -0.84923  1.19391 A   10 
 0.70290 -0.63697  0.78333 B   11 
 0.60274 -0.79695  0.67689 A   11 
 0.67245 -0.32937  0.76296 B   12 
 0.26666 -0.26584  0.63687 M   12 
 0.88109 -0.27334  0.97693 B   13 
 0.85981 -0.25411  1.40980 K   13 
 1.12788 -0.41447  0.86616 B   14 
 1.15958 -0.82583  0.67546 R   14 
 1.09187 -0.22705  0.59715 B   15 
 1.01054 -0.54545  0.38835 H   15 
 1.05007  0.07857  0.73973 B   16 
 0.74173  0.20945  0.77847 B   17 
 0.61242  0.08419  0.50859 L   17 
 0.77635  0.30689  1.05025 B   18 
 0.68286  0.22617  1.33147 D   18 
 0.75584  0.64579  1.02827 B   19 
 0.76424  0.59238  1.34560 N   19 
 0.73045  0.69331  0.74373 B   20 
 0.96762  0.59047  0.38542 Y   20 
 0.70550  1.01297  0.68108 B   21 
 0.97812  1.08991  0.29988 R   21 
 0.53251  1.00849  0.97427 B   22 
 0.39690  0.71478  0.95541 B   23 
 0.16701  0.97791  0.64043 Y   23 
 0.26318  0.51300  1.13865 B   24 
 0.15674  0.57586  1.33770 S   24 
 0.21067  0.18359  1.12573 B   25 
 0.39901 -0.05769  1.19549 L   25 
-0.10539  0.19528  1.15331 B   26 
-0.15585  0.33217  0.88057 B   27 
-0.12760  0.64953  0.99190 N   27 
-0.05230  0.10784  0.69663 B   28 
 0.29921  0.34079  0.55098 W   28 
-0.23782 -0.11443  0.80095 B   29 
-0.13514 -0.24589  1.00033 V   29 
-0.50052  0.03293  0.74836 B   30 
-0.64592  0.22233  0.88965 X   30 
-0.46725  0.06155  0.44451 B   31 
-0.32375  0.22390  0.41458 A   31 
-0.43560 -0.23680  0.36896 B   32 
-0.23488 -0.29359  0.42191 A   32 
-0.70956 -0.32191  0.47723 B   33 
-0.89990 -0.46357  0.72240 K   33 
-0.88878 -0.11432  0.28171 B   34 
-1.05188  0.01017  0.63796 F   34 
-0.75023 -0.19134  0.00362 B   35 
-0.61869  0.12984 -0.05491 E   35 
-0.69878 -0.54131  0.04197 B   36 
-0.47939 -0.52881  0.01301 S   36 
-0.72857 -0.70732  0.30473 B   37 
-0.99373 -0.78590  0.38083 N   37 
-0.42736 -0.83095  0.30429 B   38 
-0.47962 -0.67473  0.68330 F   38 
-0.41011 -0.88344 -0.02190 B   39 
-0.57176 -1.10996 -0.13560 N   39 
-0.16259 -0.92885 -0.26043 B   40 
 0.01466 -1.05081 -0.13453 T   40 
-0.37698 -1.01850 -0.50738 B   41 
-0.29639 -1.40909 -0.52527 Q   41 
-0.51344 -0.75692 -0.53347 B   42 
-0.62255 -0.71610 -0.35705 A   42 
-0.74384 -0.63889 -0.79103 B   43 
-0.60881 -0.77055 -0.94701 T   43 
-0.83950 -0.31492 -0.95299 B   44 
-0.98554 -0.38128 -0.65595 N   44 
-1.03921 -0.16288 -1.16261 B   45 
-0.92253 -0.27307 -1.64355 R   45 
-1.03703  0.13930 -1.33191 B   46 
-0.82467  0.20408 -1.07108 N   46 
-1.20073  0.37849 -1.50432 B   47 
-1.40453  0.48417 -1.38574 T   47 
-0.91505  0.46406 -1.65538 B   48 
-0.75231  0.54605 -1.46267 D   48 
-0.79017  0.14798 -1.69931 B   49 
-0.65158  0.09458 -1.47109 B   50 
-0.54462  0.28702 -1.36185 S   50 
-0.46857 -0.07705 -1.19054 B   51 
-0.58149 -0.29765 -1.30325 T   51 
-0.47913 -0.22094 -0.88000 B   52 
-0.57695  0.08362 -0.75511 D   52 
-0.20430 -0.34421 -0.66566 B   53 
-0.20646 -0.45888 -1.13212 Y   53 
-0.21451 -0.51681 -0.39358 B   54 
-0.19272 -0.43446 -0.05126 B   55 
-0.05166 -0.58424  0.12648 I   55 
-0.17508 -0.10428 -0.17162 B   56 
 0.01529 -0.04712  0.08099 L   56 
-0.29983 -0.03642 -0.44041 B   57 
-0.58197 -0.23604 -0.44275 Q   57 
-0.10936 -0.00167 -0.68477 B   58 
 0.16322  0.03274 -0.54127 I   58 
-0.09629  0.19567 -0.96621 B   59 
-0.32250  0.37061 -1.07128 N   59 
-0.05728  0.16421 -1.33013 B   60 
-0.21129  0.00798 -1.39651 S   60 
-0.02751  0.47485 -1.42375 B   61 
-0.38141  0.61297 -1.62446 R   61 
 0.24806  0.52623 -1.22551 B   62 
 0.01093  0.91561 -1.22362 W   62 
 0.40681  0.25713 -1.08223 B   63 
 0.31489  0.57452 -0.79443 W   63 
 0.32207  0.01660 -1.28441 B   64 
 0.22010 -0.14753 -1.11025 X   64 
 0.34081 -0.25861 -1.51764 B   65 
 0.43391 -0.21983 -1.79701 N   65 
 0.06334 -0.42969 -1.72336 B   66 
-0.14303 -0.29420 -1.61508 D   66 
 0.02859 -0.37360 -2.04890 B   67 
-0.28615 -0.19613 -2.01698 B   68 
-0.57158 -0.48624 -1.77427 R   68 
-0.17862  0.12398 -1.96421 B   69 
-0.25500  0.09802 -1.72187 T   69 
-0.21170  0.39725 -2.10468 B   70 
-0.38130  0.32070 -2.21024 P   70 
 0.01443  0.63212 -2.00975 B   71 
 0.22069  0.49944 -1.83863 B   72 
 0.15947  0.27151 -1.81096 S   72 
 0.51287  0.50765 -1.59311 B   73 
 0.57245  0.85781 -1.63196 R   73 
 0.66850  0.32244 -1.38658 B   74 
 0.72356  0.05419 -1.44101 N   74 
 0.81926  0.44707 -1.11689 B   75 
 0.67775  0.73637 -1.14923 L   75 
 0.89791  0.15684 -0.97478 B   76 
 0.69896  0.21875 -0.74438 X   76 
 1.00371 -0.03283 -1.18161 B   77 
 1.22462  0.00235 -1.33782 N   77 
 0.74776 -0.25334 -1.22384 B   78 
 0.82404 -0.33856 -0.95253 I   78 
 0.57232 -0.51743 -1.23122 B   79 
 0.72009 -0.64121 -1.31197 P   79 
 0.26346 -0.54483 -1.10590 B   80 
 0.11827 -0.30598 -1.25302 X   80 
 0.29828 -0.84781 -1.01713 B   81 
 0.36427 -0.94998 -1.22370 S   81 
 0.50544 -0.79208 -0.78811 B   82 
 0.67819 -0.72343 -0.88691 A   82 
 0.25950 -0.67102 -0.60736 B   83 
 0.30666 -0.35694 -0.68650 L   83 
 0.15116 -0.99487 -0.55447 B   84 
-0.06694 -0.90184 -0.78257 L   84 
 0.34085 -1.10331 -0.37733 B   85 
 0.58351 -1.17697 -0.43069 S   85 
 0.43305 -1.24106 -0.07014 B   86 
 0.45794 -1.47751 -0.09896 S   86 
 0.65752 -1.03836 -0.11891 B   87 
 0.94866 -1.05426 -0.09783 D   87 
 0.64667 -0.69615 -0.00584 B   88 
 0.50016 -0.69955  0.21823 I   88 
 0.89531 -0.53911 -0.10389 B   89 
 1.11016 -0.68723 -0.05522 T   89 
 0.78263 -0.39797 -0.35714 B   90 
 0.77794 -0.54970 -0.51270 A   90 
 0.54694 -0.24428 -0.22299 B   91 
 0.34347 -0.42580 -0.25417 S   91 
 0.71411 -0.08933 -0.01850 B   92 
 0.76050 -0.22711  0.19964 V   92 
 0.90693  0.05995 -0.20478 B   93 
 1.16836 -0.15105 -0.18690 N   93 
 0.67333  0.19311 -0.35712 B   94 
 0.54672  0.11139 -0.59895 X   94 
 0.52822  0.32745 -0.11975 B   95 
 0.42654  0.16929 -0.01490 A   95 
 0.76203  0.51240 -0.03889 B   96 
 1.03368  0.23204  0.21509 K   96 
 0.73383  0.67867 -0.30095 B   97 
 0.95996  0.52862 -0.57423 K   97 
 0.43884  0.76617 -0.27576 B   98 
 0.26765  0.53504 -0.39178 I   98 
 0.45242  0.91506  0.00816 B   99 
 0.45958  0.78847  0.20242 V   99 
 0.68899  1.11355 -0.12094 B   100 
 0.86978  0.95541 -0.01538 S   100 
 0.51867  1.27952 -0.35019 B   101 
 0.41297  1.18209 -0.58838 D   101 
 0.32422  1.50299 -0.13876 B   102 
 0.03196  1.36755 -0.02266 B   103 
-0.09141  1.50183 -0.29102 N   103 
 0.10544  1.13193  0.10430 B   104 
-0.14759  0.91239  0.21744 B   105 
-0.02325  0.66567  0.49577 M   105 
-0.36617  1.04098  0.01973 B   106 
-0.39285  1.30549  0.21642 N   106 
-0.30919  0.83674 -0.21207 B   107 
-0.10557  0.86513 -0.25041 A   107 
-0.49710  0.66932 -0.01938 B   108 
-0.09236  0.43652 -0.03444 W   108 
-0.82877  0.65944 -0.02184 B   109 
-0.92472  0.69558 -0.25646 V   109 
-0.87785  0.46674  0.21988 B   110 
-0.87019  0.26859  0.13823 A   110 
-0.71220  0.62335  0.42181 B   111 
-0.39102  0.79091  0.56452 W   111 
-0.85637  0.89729  0.40420 B   112 
-0.92602  1.13356  0.06120 R   112 
-1.16297  0.77333  0.44583 B   113 
-1.24950  0.87185  0.14901 N   113 
-1.06543  0.54507  0.70091 B   114 
-1.32148  0.18599  0.46034 R   114 
-0.78895  0.65432  0.86437 B   115 
-0.68765  0.38627  0.72481 X   115 
-0.78958  0.94073  0.87998 B   116 
-0.63227  1.27498  0.63177 K   116 
-0.82447  1.06142  1.21235 B   117 
-0.77848  0.79842  1.34542 B   118 
-0.92919  0.65044  1.19450 T   118 
-0.70669  0.51686  1.55135 B   119 
-0.67064  0.49570  1.83498 D   119 
-0.43715  0.35680  1.41655 B   120 
-0.38951  0.52518  1.23810 V   120 
-0.31727  0.20201  1.66097 B   121 
-0.17810  0.51614  1.89653 Q   121 
-0.53164 -0.02832  1.65763 B   122 
-0.71079  0.06799  1.69737 A   122 
-0.37451 -0.19087  1.42177 B   123 
-0.69197 -0.09864  1.14930 W   123 
-0.13456 -0.28293  1.65334 B   124 
 0.04803 -0.11343  1.55234 I   124 
-0.27046 -0.42766  1.85291 B   125 
-0.48956  0.00377  2.03795 R   125 
-0.11484 -0.70839  2.00318 B   126 
 0.15438 -0.65496  1.87676 B   127 
 0.00490 -0.65105  1.59036 X   127 
 0.49490 -0.77882  1.83555 B   128 
 0.71975 -0.79133  2.17283 R   128 
 0.72912 -0.48384  1.84841 B   129 
 0.56823 -0.43768  1.64974 L   129 
