246 
-1.00448 -0.18653 -0.86205 B   1 
-1.02777 -0.60567 -0.85729 K   1 
-1.24054 -0.29396 -0.61484 B   2 
-1.35880 -0.07024 -0.55889 V   2 
-1.18730 -0.43648 -0.33194 B   3 
-0.82674 -0.61970 -0.48796 F   3 
-1.23630 -0.65489 -0.10853 B   4 
-1.14295 -0.73440  0.18765 B   5 
-1.30255 -0.71926  0.59250 R   5 
-1.11046 -1.05116  0.16563 B   6 
-1.31354 -1.14039  0.38736 X   6 
-0.98131 -1.02851 -0.11619 B   7 
-1.15583 -0.93397 -0.45235 E   7 
-0.72744 -0.86896 -0.03989 B   8 
-0.67912 -0.56684 -0.06203 L   8 
-0.61882 -1.05109  0.18028 B   9 
-0.75036 -1.02598  0.35123 A   9 
-0.57251 -1.29172 -0.00258 B   10 
-0.77040 -1.37465 -0.04487 A   10 
-0.37501 -1.15472 -0.19846 B   11 
-0.49688 -1.04577 -0.34070 A   11 
-0.17144 -1.05509  0.01271 B   12 
-0.30704 -0.66212  0.12125 M   12 
-0.10551 -1.33482  0.11201 B   13 
-0.29323 -1.59425  0.40469 K   13 
-0.01207 -1.47432 -0.14274 B   14 
-0.19453 -1.46040 -0.55880 R   14 
 0.21374 -1.23534 -0.16902 B   15 
 0.03804 -1.10725 -0.49200 H   15 
 0.33837 -1.23284  0.14711 B   16 
 0.23368 -1.00377  0.37133 B   17 
 0.19019 -0.76077  0.16084 L   17 
 0.20247 -1.18415  0.59726 B   18 
-0.02983 -1.31353  0.75101 D   18 
 0.43409 -1.08428  0.82558 B   19 
 0.26376 -1.30618  0.98486 N   19 
 0.57625 -0.87225  0.68883 B   20 
 0.79846 -0.83710  0.30857 Y   20 
 0.80975 -0.74690  0.87985 B   21 
 1.18651 -0.68560  0.59726 R   21 
 0.57894 -0.80963  1.12212 B   22 
 0.30611 -0.75894  0.95475 B   23 
 0.49221 -0.33195  1.02073 Y   23 
 0.00973 -0.82078  0.97733 B   24 
-0.09514 -0.85773  1.18358 S   24 
-0.24230 -0.84247  0.75953 B   25 
-0.33044 -1.07624  0.56942 L   25 
-0.42884 -0.62538  0.89687 B   26 
-0.24462 -0.38389  0.83835 B   27 
-0.05781 -0.41032  1.11818 N   27 
-0.25944 -0.38820  0.53070 B   28 
 0.16786 -0.50428  0.47620 W   28 
-0.56548 -0.36533  0.50787 B   29 
-0.68381 -0.59680  0.50560 V   29 
-0.59261 -0.10752  0.67000 B   30 
-0.60748 -0.05220  0.94147 X   30 
-0.42120  0.06988  0.48725 B   31 
-0.21321  0.01747  0.53015 A   31 
-0.57589  0.03314  0.22183 B   32 
-0.52221 -0.16045  0.14465 A   32 
-0.84007  0.14709  0.32786 B   33 
-1.15466  0.09949  0.45104 K   33 
-0.71511  0.44821  0.41240 B   34 
-0.87870  0.36442  0.78014 F   34 
-0.56701  0.50956  0.13535 B   35 
-0.24385  0.51748  0.27459 E   35 
-0.79554  0.37407 -0.10134 B   36 
-0.64755  0.23399 -0.18855 S   36 
-1.04185  0.19197 -0.04083 B   37 
-1.28243  0.32154  0.04639 N   37 
-0.95298 -0.05503 -0.23345 B   38 
-1.04057 -0.22840  0.13132 F   38 
-0.83706  0.13165 -0.48077 B   39 
-1.03721  0.27664 -0.65190 N   39 
-0.62144  0.09393 -0.74968 B   40 
-0.65810 -0.14301 -0.81790 T   40 
-0.69951  0.39214 -0.89095 B   41 
-0.91473  0.26302 -1.20142 Q   41 
-0.58644  0.56384 -0.67773 B   42 
-0.69820  0.53884 -0.50003 A   42 
-0.52581  0.92393 -0.67608 B   43 
-0.47068  0.89776 -0.91308 T   43 
-0.28689  1.16621 -0.51939 B   44 
-0.54652  1.06828 -0.32714 N   44 
-0.20594  1.47993 -0.47493 B   45 
-0.00495  1.68123 -0.89461 R   45 
 0.07766  1.65045 -0.37259 B   46 
 0.13135  1.33960 -0.23912 N   46 
 0.22333  1.93184 -0.25712 B   47 
 0.12684  2.02729 -0.03726 T   47 
 0.51326  1.83695 -0.39384 B   48 
 0.57985  1.61011 -0.27364 D   48 
 0.38640  1.70757 -0.68470 B   49 
 0.33012  1.44737 -0.62748 B   50 
 0.47710  1.33838 -0.46339 S   50 
 0.19510  1.09614 -0.63505 B   51 
 0.02676  1.20588 -0.81873 T   51 
-0.04566  0.87371 -0.53604 B   52 
 0.05358  0.92859 -0.21191 D   52 
-0.06541  0.50770 -0.58420 B   53 
 0.05753  0.78613 -0.95582 Y   53 
-0.30903  0.30383 -0.52934 B   54 
-0.38882  0.08426 -0.26503 B   55 
-0.48819 -0.16530 -0.30718 I   55 
-0.09829  0.21768 -0.11803 B   56 
-0.05899 -0.07328  0.01279 L   56 
-0.00636  0.49687 -0.19561 B   57 
-0.30610  0.66428 -0.23552 Q   57 
 0.23417  0.52158 -0.39243 B   58 
 0.35282  0.23575 -0.37500 I   58 
 0.50059  0.73453 -0.43703 B   59 
 0.53645  1.00510 -0.30166 N   59 
 0.66005  0.93392 -0.70116 B   60 
 0.49219  1.05743 -0.79658 S   60 
 0.93244  1.03711 -0.55521 B   61 
 0.91081  1.45558 -0.46020 R   61 
 1.04066  0.71733 -0.49271 B   62 
 1.17159  0.97166 -0.13770 W   62 
 0.88420  0.45213 -0.64545 B   63 
 0.92469  0.40032 -0.21222 W   63 
 0.75737  0.59468 -0.90909 B   64 
 0.50928  0.52320 -0.87736 X   64 
 0.67993  0.67392 -1.25291 B   65 
 0.88225  0.79365 -1.43443 N   65 
 0.49126  0.97497 -1.40239 B   66 
 0.41835  1.08518 -1.16742 D   66 
 0.65179  1.22211 -1.55564 B   67 
 0.57855  1.46999 -1.30114 B   68 
 0.10765  1.46298 -1.24871 R   68 
 0.83858  1.42359 -1.08424 B   69 
 0.67091  1.31811 -0.92301 T   69 
 1.06930  1.59542 -0.97136 B   70 
 0.96451  1.77227 -1.03063 P   70 
 1.32063  1.41685 -0.82905 B   71 
 1.27363  1.12719 -0.88659 B   72 
 1.06889  1.10688 -1.00550 S   72 
 1.34105  0.75571 -0.83019 B   73 
 1.63407  0.80991 -0.63301 R   73 
 1.21311  0.46951 -0.88397 B   74 
 1.08351  0.40820 -1.12355 N   74 
 1.26865  0.21072 -0.68164 B   75 
 1.40066  0.39593 -0.45134 L   75 
 1.05184  0.00078 -0.82138 B   76 
 0.87920  0.01145 -0.56335 X   76 
 1.07221  0.01678 -1.12018 B   77 
 1.29220 -0.03763 -1.27212 N   77 
 0.79058  0.18631 -1.20887 B   78 
 0.65757 -0.06247 -1.12458 I   78 
 0.51020  0.26506 -1.33440 B   79 
 0.54533  0.18266 -1.52323 P   79 
 0.25824  0.40571 -1.16532 B   80 
 0.40334  0.65711 -1.04076 X   80 
 0.03056  0.25974 -1.33188 B   81 
 0.08822  0.32309 -1.55577 S   81 
 0.08887 -0.02866 -1.22281 B   82 
 0.27910 -0.07772 -1.29844 A   82 
-0.04845  0.06090 -0.93832 B   83 
 0.23005  0.14269 -0.78705 L   83 
-0.35759  0.03900 -1.09117 B   84 
-0.31995  0.36585 -1.09270 L   84 
-0.40007 -0.23731 -1.12227 B   85 
-0.28747 -0.39672 -1.29275 S   85 
-0.57578 -0.53188 -1.05749 B   86 
-0.71203 -0.58087 -1.24826 S   86 
-0.28495 -0.62329 -1.02712 B   87 
-0.13694 -0.85431 -1.12800 D   87 
-0.10434 -0.61689 -0.71511 B   88 
-0.28899 -0.65432 -0.52488 I   88 
 0.19041 -0.70382 -0.75590 B   89 
 0.19109 -0.92409 -0.90407 T   89 
 0.33312 -0.42826 -0.77722 B   90 
 0.29350 -0.35613 -0.97839 A   90 
 0.24456 -0.30939 -0.50300 B   91 
 0.01534 -0.17747 -0.57633 S   91 
 0.35893 -0.53189 -0.32641 B   92 
 0.19555 -0.73536 -0.30134 V   92 
 0.65454 -0.52249 -0.40821 B   93 
 0.65214 -0.77025 -0.63579 N   93 
 0.67790 -0.22473 -0.32887 B   94 
 0.65378  0.00728 -0.49252 X   94 
 0.58332 -0.24304 -0.03532 B   95 
 0.36973 -0.26882 -0.04309 A   95 
 0.81078 -0.42860  0.06084 B   96 
 0.66350 -0.85055 -0.07018 K   96 
 1.02347 -0.20425  0.02148 B   97 
 1.16966 -0.22564 -0.33418 K   97 
 0.90247  0.01470  0.20240 B   98 
 0.69464  0.16723  0.03000 I   98 
 0.88931 -0.14732  0.47907 B   99 
 0.72140 -0.30421  0.51080 V   99 
 1.21923 -0.19672  0.45178 B   100 
 1.16851 -0.43068  0.34446 S   100 
 1.33532  0.11094  0.48316 B   101 
 1.31084  0.32195  0.30351 D   101 
 1.28505  0.16420  0.83966 B   102 
 0.97214  0.27607  0.92220 B   103 
 1.11052  0.56781  0.89043 N   103 
 0.79664  0.09108  0.81261 B   104 
 0.44964  0.15848  0.82111 B   105 
 0.22987 -0.16382  0.78088 M   105 
 0.49830  0.47350  0.86348 B   106 
 0.57970  0.42143  1.17975 N   106 
 0.49130  0.53849  0.55620 B   107 
 0.64523  0.41936  0.47970 A   107 
 0.18321  0.51756  0.62772 B   108 
 0.26292  0.18110  0.31360 W   108 
-0.01412  0.76102  0.73677 B   109 
 0.05767  0.99038  0.64848 V   109 
-0.28083  0.60112  0.77240 B   110 
-0.37756  0.60684  0.58110 A   110 
-0.16508  0.38174  0.94907 B   111 
 0.07389  0.08843  1.04108 W   111 
-0.05163  0.55620  1.17892 B   112 
 0.22071  0.87781  1.15194 R   112 
-0.33243  0.72902  1.22773 B   113 
-0.18504  1.00456  1.14025 N   113 
-0.54480  0.44527  1.19517 B   114 
-0.83567  0.71386  0.88593 R   114 
-0.38095  0.15930  1.27562 B   115 
-0.44659  0.11892  0.96635 X   115 
-0.19046  0.20939  1.48414 B   116 
 0.23929  0.32336  1.50421 K   116 
-0.27220  0.04590  1.78885 B   117 
-0.48514 -0.12852  1.67385 B   118 
-0.60854  0.04879  1.52990 T   118 
-0.72775 -0.37276  1.58262 B   119 
-0.84517 -0.58655  1.73329 D   119 
-0.62375 -0.51744  1.29159 B   120 
-0.40224 -0.40234  1.27936 V   120 
-0.76788 -0.79545  1.29535 B   121 
-0.57336 -0.98421  1.61169 Q   121 
-1.04921 -0.68362  1.20954 B   122 
-1.10356 -0.55742  1.36468 A   122 
-0.96781 -0.68099  0.89314 B   123 
-0.96878 -0.25263  0.89838 W   123 
-0.99368 -1.02595  0.88978 B   124 
-0.72720 -1.05980  0.87917 I   124 
-1.25906 -1.08483  0.96292 B   125 
-1.16854 -0.95309  1.45570 R   125 
-1.42841 -1.35467  0.80763 B   126 
-1.18091 -1.46002  0.66993 B   127 
-1.13972 -1.16462  0.54573 X   127 
-1.05173 -1.70970  0.43763 B   128 
-1.07749 -2.09513  0.56113 R   128 
-0.71846 -1.82879  0.56720 B   129 
-0.69294 -1.57275  0.53140 L   129 
