246 
 1.20953  0.39516  0.40962 B   1 
 1.43445  0.05433  0.31225 K   1 
 1.34672  0.42810  0.08028 B   2 
 1.30413  0.67951  0.03389 V   2 
 1.26430  0.27535 -0.19001 B   3 
 1.13977 -0.07082  0.03927 F   3 
 1.32212  0.11447 -0.45607 B   4 
 1.17211 -0.00692 -0.71204 B   5 
 1.12667  0.08600 -1.13501 R   5 
 1.31367 -0.29109 -0.74500 B   6 
 1.42651 -0.26019 -1.03600 X   6 
 1.31486 -0.33750 -0.43766 B   7 
 1.53581 -0.15922 -0.16971 E   7 
 1.00941 -0.34064 -0.38848 B   8 
 0.83042 -0.11164 -0.29034 L   8 
 0.92898 -0.55567 -0.59030 B   9 
 0.94989 -0.46616 -0.78705 A   9 
 1.08587 -0.78084 -0.45551 B   10 
 1.29649 -0.74370 -0.50120 A   10 
 0.94325 -0.76883 -0.18045 B   11 
 1.03940 -0.60945 -0.06950 A   11 
 0.65283 -0.79732 -0.28437 B   12 
 0.51836 -0.39467 -0.35060 M   12 
 0.70196 -1.06996 -0.40970 B   13 
 0.85958 -1.19179 -0.79509 K   13 
 0.80071 -1.23423 -0.17231 B   14 
 1.09970 -1.11851  0.14988 R   14 
 0.51807 -1.15387 -0.02248 B   15 
 0.71797 -0.94686  0.23977 H   15 
 0.29516 -1.22324 -0.26942 B   16 
 0.17257 -0.97700 -0.46447 B   17 
 0.16865 -0.74582 -0.23691 L   17 
 0.19673 -1.11543 -0.71905 B   18 
 0.37911 -1.10170 -0.96582 D   18 
-0.12224 -1.15903 -0.82908 B   19 
 0.05629 -1.25670 -1.07850 N   19 
-0.28311 -1.05485 -0.61196 B   20 
-0.32074 -1.13940 -0.17994 Y   20 
-0.60141 -1.07747 -0.68195 B   21 
-0.80997 -1.22447 -0.28139 R   21 
-0.48856 -1.00961 -0.99590 B   22 
-0.23709 -0.81779 -0.92534 B   23 
-0.61948 -0.55890 -0.83561 Y   23 
 0.01314 -0.71082 -1.05996 B   24 
 0.03040 -0.68846 -1.29256 S   24 
 0.30471 -0.59048 -0.95071 B   25 
 0.56466 -0.73745 -0.85385 L   25 
 0.28568 -0.30909 -1.09646 B   26 
 0.04665 -0.20380 -0.93077 B   27 
-0.19533 -0.33049 -1.12901 N   27 
 0.18247 -0.19513 -0.65443 B   28 
-0.06729 -0.52204 -0.48186 W   28 
 0.41597 -0.01093 -0.73350 B   29 
 0.62339 -0.14236 -0.81885 V   29 
 0.24397  0.21870 -0.83922 B   30 
 0.11999  0.26951 -1.08217 X   30 
 0.09611  0.27861 -0.57692 B   31 
-0.05509  0.12195 -0.55580 A   31 
 0.33909  0.33457 -0.39375 B   32 
 0.42487  0.14360 -0.34386 A   32 
 0.44374  0.57122 -0.55826 B   33 
 0.66092  0.69857 -0.78852 K   33 
 0.16380  0.75664 -0.53199 B   34 
 0.18547  0.76883 -0.94236 F   34 
 0.12920  0.73259 -0.21469 B   35 
-0.17909  0.56349 -0.23034 E   35 
 0.46687  0.74462 -0.10316 B   36 
 0.45730  0.54818 -0.00096 S   36 
 0.72337  0.72277 -0.27986 B   37 
 0.80952  0.96016 -0.41587 N   37 
 0.85452  0.46947 -0.12285 B   38 
 0.86345  0.36532 -0.52267 F   38 
 0.77045  0.56795  0.18160 B   39 
 0.92043  0.80023  0.29959 N   39 
 0.72995  0.42396  0.49441 B   40 
 0.90339  0.24492  0.49640 T   40 
 0.69765  0.71930  0.65785 B   41 
 1.05121  0.73059  0.84292 Q   41 
 0.44023  0.80022  0.53571 B   42 
 0.46819  0.83676  0.32937 A   42 
 0.21341  1.07111  0.62800 B   43 
 0.27816  1.02273  0.85900 T   43 
-0.15369  1.14462  0.61509 B   44 
 0.01878  1.19902  0.33004 N   44 
-0.39006  1.36490  0.66563 B   45 
-0.47848  1.43236  1.16029 R   45 
-0.73423  1.35465  0.70332 B   46 
-0.67374  1.06188  0.53613 N   46 
-1.03259  1.51186  0.70427 B   47 
-1.09318  1.64113  0.48892 T   47 
-1.15438  1.27786  0.90962 B   48 
-1.14042  1.04914  0.77607 D   48 
-0.87658  1.24113  1.10686 B   49 
-0.72629  1.05127  0.98231 B   50 
-0.85044  0.87803  0.85991 S   50 
-0.44421  0.82793  0.87182 B   51 
-0.29619  1.01357  1.00505 T   51 
-0.18719  0.76855  0.65351 B   52 
-0.41982  0.75688  0.40118 D   52 
 0.02956  0.47134  0.61668 B   53 
-0.05625  0.64513  1.05619 Y   53 
 0.29707  0.42975  0.44167 B   54 
 0.36294  0.28388  0.12731 B   55 
 0.58062  0.12756  0.08137 I   55 
 0.01417  0.23801  0.11886 B   56 
 0.07689 -0.03022 -0.04678 L   56 
-0.16496  0.42499  0.27813 B   57 
-0.00157  0.72788  0.24621 Q   57 
-0.28441  0.31921  0.54598 B   58 
-0.24033  0.01422  0.51256 I   58 
-0.57810  0.35604  0.72122 B   59 
-0.79435  0.56291  0.66417 N   59 
-0.69537  0.44205  1.05856 B   60 
-0.58965  0.63778  1.11377 S   60 
-1.01468  0.38047  1.03873 B   61 
-1.24430  0.74350  1.02907 R   61 
-0.96356  0.05184  0.95351 B   62 
-1.33226  0.19081  0.72415 W   62 
-0.65015 -0.08540  0.98633 B   63 
-0.82769 -0.15694  0.59216 W   63 
-0.51869  0.10668  1.21379 B   64 
-0.30450  0.17942  1.08534 X   64 
-0.36187  0.21996  1.51885 B   65 
-0.50530  0.21461  1.77889 N   65 
-0.30711  0.57730  1.65258 B   66 
-0.39922  0.70611  1.43441 D   66 
-0.49307  0.70142  1.89823 B   67 
-0.66128  0.94618  1.68997 B   68 
-0.31577  1.19281  1.47942 R   68 
-0.92472  0.76416  1.57046 B   69 
-0.80703  0.76316  1.34379 T   69 
-1.23299  0.78332  1.58065 B   70 
-1.21681  0.98958  1.63508 P   70 
-1.39422  0.49561  1.49979 B   71 
-1.19080  0.27754  1.47773 B   72 
-0.97566  0.37221  1.51271 S   72 
-1.08004 -0.07264  1.37367 B   73 
-1.41119 -0.18733  1.30395 R   73 
-0.81746 -0.24431  1.32118 B   74 
-0.59184 -0.22291  1.48426 N   74 
-0.81171 -0.49517  1.10202 B   75 
-1.09724 -0.41329  0.97344 L   75 
-0.48449 -0.55355  1.11350 B   76 
-0.45932 -0.45533  0.81988 X   76 
-0.38942 -0.54682  1.39787 B   77 
-0.47144 -0.70887  1.60147 N   77 
-0.22164 -0.25120  1.41735 B   78 
-0.02867 -0.39054  1.24405 I   78 
 0.00505 -0.03224  1.45262 B   79 
 0.09408 -0.11794  1.62117 P   79 
 0.06191  0.21946  1.23986 B   80 
-0.22467  0.35158  1.22621 X   80 
 0.37629  0.22122  1.28521 B   81 
 0.38926  0.24675  1.52321 S   81 
 0.43173 -0.05477  1.14655 B   82 
 0.33964 -0.19738  1.27105 A   82 
 0.37985  0.09058  0.85674 B   83 
 0.06439  0.00760  0.82978 L   83 
 0.68973  0.24054  0.88683 B   84 
 0.49845  0.49583  0.96742 L   84 
 0.87250  0.03092  0.84477 B   85 
 0.93293 -0.16161  1.00735 S   85 
 1.12895 -0.12378  0.66547 B   86 
 1.33416 -0.08911  0.78398 S   86 
 0.93833 -0.35768  0.71851 B   87 
 0.97949 -0.63060  0.81482 D   87 
 0.67198 -0.45382  0.49530 B   88 
 0.75732 -0.38872  0.25001 I   88 
 0.50439 -0.68505  0.61588 B   89 
 0.67251 -0.86900  0.70736 T   89 
 0.26558 -0.52924  0.74015 B   90 
 0.34010 -0.44430  0.92582 A   90 
 0.16561 -0.38526  0.48238 B   91 
 0.30564 -0.14974  0.49805 S   91 
 0.11818 -0.63680  0.31431 B   92 
 0.33551 -0.72079  0.19416 V   92 
-0.08178 -0.78673  0.49236 B   93 
 0.13397 -0.99109  0.65008 N   93 
-0.27969 -0.54942  0.48797 B   94 
-0.31168 -0.33859  0.67695 X   94 
-0.31433 -0.51812  0.18256 B   95 
-0.13382 -0.42485  0.11142 A   95 
-0.43535 -0.79822  0.13447 B   96 
-0.05953 -1.07283  0.11870 K   96 
-0.69540 -0.72295  0.28883 B   97 
-0.65605 -0.81462  0.66082 K   97 
-0.78316 -0.47587  0.12588 B   98 
-0.63052 -0.23308  0.24395 I   98 
-0.80223 -0.60924 -0.16535 B   99 
-0.60727 -0.65162 -0.28371 V   99 
-1.02099 -0.82794 -0.03751 B   100 
-0.82267 -0.99637 -0.00385 S   100 
-1.27623 -0.63150  0.03582 B   101 
-1.29112 -0.43795  0.23510 D   101 
-1.40570 -0.56458 -0.29766 B   102 
-1.25313 -0.30314 -0.45771 B   103 
-1.49252 -0.13121 -0.32203 N   103 
-0.98216 -0.36313 -0.45470 B   104 
-0.75174 -0.11980 -0.56749 B   105 
-0.40580 -0.27270 -0.67113 M   105 
-0.96306  0.11896 -0.52580 B   106 
-1.12552  0.02684 -0.79873 N   106 
-0.86795  0.18182 -0.23307 B   107 
-0.89679 -0.00031 -0.13440 A   107 
-0.64853  0.32890 -0.40829 B   108 
-0.41746  0.00683 -0.16108 W   108 
-0.66113  0.63872 -0.52644 B   109 
-0.79566  0.79468 -0.37433 V   109 
-0.39009  0.64689 -0.68277 B   110 
-0.24238  0.70642 -0.53916 A   110 
-0.44017  0.39723 -0.84981 B   111 
-0.51471  0.02016 -0.91203 W   111 
-0.70587  0.48003 -0.98651 B   112 
-1.06526  0.60501 -0.80337 R   112 
-0.59501  0.77605 -1.09225 B   113 
-0.81113  0.93026 -0.90568 N   113 
-0.27702  0.65155 -1.19258 B   114 
-0.06385  1.03875 -0.95380 R   114 
-0.29275  0.32125 -1.26838 B   115 
-0.09914  0.32687 -1.01526 X   115 
-0.54736  0.25808 -1.38441 B   116 
-0.94328  0.12272 -1.23274 K   116 
-0.52399  0.15996 -1.72511 B   117 
-0.22729  0.12908 -1.72781 B   118 
-0.16336  0.34694 -1.60195 T   118 
 0.11762  0.05499 -1.77662 B   119 
 0.25476 -0.06418 -1.99840 D   119 
 0.22523 -0.11881 -1.50339 B   120 
 0.00205 -0.14077 -1.39306 V   120 
 0.47334 -0.27568 -1.61253 B   121 
 0.29181 -0.54387 -1.87457 Q   121 
 0.66849 -0.02890 -1.60731 B   122 
 0.58583  0.10453 -1.74264 A   122 
 0.73019 -0.06601 -1.28863 B   123 
 0.51539  0.29550 -1.20685 W   123 
 0.92336 -0.34283 -1.36439 B   124 
 0.73911 -0.51454 -1.27039 I   124 
 1.12812 -0.25075 -1.53420 B   125 
 0.79690 -0.19531 -1.92866 R   125 
 1.45480 -0.38493 -1.50437 B   126 
 1.37131 -0.60492 -1.31477 B   127 
 1.24171 -0.37633 -1.12679 X   127 
 1.48850 -0.88159 -1.10811 B   128 
 1.65134 -1.19435 -1.30845 R   128 
 1.23954 -1.16305 -1.13719 B   129 
 1.10652 -0.96045 -1.04366 L   129 
