246 
 0.43608  0.05764  1.26231 B   1 
 0.72933 -0.24259  1.25193 K   1 
 0.75477  0.19955  1.18062 B   2 
 0.70509  0.45232  1.20909 V   2 
 0.92407  0.17500  0.90876 B   3 
 0.75218 -0.21562  0.83268 F   3 
 1.18623  0.12468  0.73919 B   4 
 1.29329  0.13125  0.43710 B   5 
 1.54298  0.38611  0.18750 R   5 
 1.47272 -0.13236  0.42314 B   6 
 1.74831 -0.00433  0.34546 X   6 
 1.26541 -0.29448  0.58851 B   7 
 1.18523 -0.26218  0.96921 E   7 
 1.02621 -0.28013  0.39279 B   8 
 0.78726 -0.08784  0.39858 L   8 
 1.16165 -0.38846  0.14107 B   9 
 1.29606 -0.23262  0.07173 A   9 
 1.21966 -0.66526  0.25725 B   10 
 1.38544 -0.63863  0.39737 A   10 
 0.92619 -0.74435  0.31860 B   11 
 0.87773 -0.65337  0.50921 A   11 
 0.81117 -0.69537  0.03518 B   12 
 0.68142 -0.28579  0.03701 M   12 
 0.99165 -0.90150 -0.09670 B   13 
 1.39706 -0.88159 -0.24983 K   13 
 0.92474 -1.15568  0.05825 B   14 
 0.87189 -1.21092  0.50630 R   14 
 0.61150 -1.10694 -0.03281 B   15 
 0.51507 -1.04368  0.33906 H   15 
 0.65205 -1.04769 -0.36496 B   16 
 0.65530 -0.73227 -0.48416 B   17 
 0.44151 -0.60917 -0.27347 L   17 
 0.88190 -0.76254 -0.66385 B   18 
 1.17645 -0.67569 -0.67060 D   18 
 0.75530 -0.72160 -0.97698 B   19 
 1.07308 -0.73501 -1.02659 N   19 
 0.47091 -0.69177 -0.93117 B   20 
 0.15725 -0.93263 -0.73415 Y   20 
 0.31184 -0.64732 -1.21303 B   21 
-0.08078 -0.91264 -1.18116 R   21 
 0.59577 -0.47660 -1.29141 B   22 
 0.67323 -0.35875 -0.99965 B   23 
 0.29733 -0.11167 -1.13731 Y   23 
 0.91369 -0.23844 -0.85865 B   24 
 1.08552 -0.12956 -0.97492 S   24 
 1.00596 -0.20572 -0.53951 B   25 
 1.14324 -0.40860 -0.34317 L   25 
 1.03617  0.11030 -0.54181 B   26 
 0.73557  0.17045 -0.58303 B   27 
 0.74109  0.16066 -0.92034 N   27 
 0.62876  0.05468 -0.31831 B   28 
 0.40894 -0.28137 -0.51269 W   28 
 0.80198  0.22592 -0.13023 B   29 
 1.02997  0.11439 -0.07399 V   29 
 0.71225  0.49729 -0.23885 B   30 
 0.79053  0.65299 -0.45474 X   30 
 0.41403  0.46755 -0.17228 B   31 
 0.33124  0.33422 -0.32466 A   31 
 0.43507  0.41847  0.13247 B   32 
 0.49826  0.21441  0.15856 A   32 
 0.57119  0.68621  0.19420 B   33 
 0.85296  0.86629  0.26188 K   33 
 0.32486  0.87868  0.06883 B   34 
 0.62799  1.04691 -0.15214 F   34 
 0.08166  0.73736  0.22159 B   35 
-0.07779  0.62567 -0.07164 E   35 
 0.22652  0.66477  0.53837 B   36 
 0.18977  0.44669  0.52352 S   36 
 0.52872  0.68304  0.61473 B   37 
 0.63204  0.94255  0.67991 N   37 
 0.55974  0.37495  0.71541 B   38 
 0.87182  0.43433  0.45110 F   38 
 0.26612  0.35646  0.86675 B   39 
 0.23313  0.50487  1.12608 N   39 
 0.04791  0.10803  0.97111 B   40 
 0.20135 -0.07694  1.03733 T   40 
-0.15320  0.31806  1.14553 B   41 
-0.04970  0.21428  1.51688 Q   41 
-0.25665  0.47013  0.91337 B   42 
-0.09932  0.58048  0.82525 A   42 
-0.53255  0.70867  0.89520 B   43 
-0.64263  0.56688  1.06156 T   43 
-0.78552  0.82454  0.64437 B   44 
-0.47920  0.96462  0.62194 N   44 
-1.02733  1.03422  0.57720 B   45 
-1.45216  0.91389  0.82638 R   45 
-1.28282  1.05115  0.34393 B   46 
-1.06069  0.84157  0.18882 N   46 
-1.51748  1.22990  0.18048 B   47 
-1.43310  1.43899  0.05430 T   47 
-1.69465  0.95074  0.13111 B   48 
-1.54138  0.79211 -0.01615 D   48 
-1.64031  0.80737  0.43758 B   49 
-1.41029  0.66451  0.40879 B   50 
-1.36952  0.56867  0.18618 S   50 
-1.09461  0.46993  0.47314 B   51 
-1.12971  0.57004  0.72387 T   51 
-0.75446  0.47005  0.51247 B   52 
-0.72900  0.58525  0.18998 D   52 
-0.51903  0.18708  0.54675 B   53 
-0.92583  0.18503  0.80218 Y   53 
-0.20639  0.18536  0.62535 B   54 
 0.09222  0.16658  0.43849 B   55 
 0.30447  0.01577  0.51677 I   55 
-0.12597  0.16949  0.16243 B   56 
 0.09128 -0.01855  0.01835 L   56 
-0.39936  0.29963  0.18951 B   57 
-0.33215  0.56929  0.39500 Q   57 
-0.64686  0.11299  0.22289 B   58 
-0.52805 -0.15785  0.13012 I   58 
-0.97621  0.11340  0.12362 B   59 
-1.12528  0.35031  0.00335 N   59 
-1.31276  0.07467  0.26569 B   60 
-1.32305  0.21940  0.44312 S   60 
-1.49973  0.06413 -0.00091 B   61 
-1.72495  0.42683 -0.04918 R   61 
-1.33434 -0.20899 -0.12713 B   62 
-1.44886  0.05108 -0.48365 W   62 
-1.11784 -0.38443  0.07409 B   63 
-0.94189 -0.27527 -0.31210 W   63 
-1.23230 -0.31312  0.37028 B   64 
-1.01305 -0.22218  0.47670 X   64 
-1.36788 -0.34701  0.70338 B   65 
-1.64750 -0.43600  0.74932 N   65 
-1.50279 -0.07913  0.94549 B   66 
-1.43747  0.13438  0.79444 D   66 
-1.82857 -0.03921  0.99660 B   67 
-1.84625  0.28543  0.83574 B   68 
-1.51797  0.55153  1.05013 R   68 
-1.89911  0.19701  0.50985 B   69 
-1.65907  0.27030  0.46249 T   69 
-2.11732  0.24724  0.29686 B   70 
-2.18941  0.41254  0.41195 P   70 
-2.10633  0.03507  0.03196 B   71 
-1.90732 -0.17975  0.09251 B   72 
-1.80811 -0.13248  0.30321 S   72 
-1.68392 -0.47232 -0.00857 B   73 
-1.83201 -0.51055 -0.33150 R   73 
-1.43359 -0.63997  0.09343 B   74 
-1.40250 -0.71073  0.36173 N   74 
-1.22031 -0.78453 -0.11778 B   75 
-1.33826 -0.62572 -0.37397 L   75 
-0.99634 -0.88127  0.10825 B   76 
-0.79219 -0.68028 -0.01187 X   76 
-1.13578 -0.99708  0.34719 B   77 
-1.30048 -1.21457  0.35076 N   77 
-1.10053 -0.75458  0.58356 B   78 
-0.81812 -0.83740  0.57483 I   78 
-1.02048 -0.59528  0.84584 B   79 
-1.06193 -0.74974  0.98038 P   79 
-0.88542 -0.28934  0.84945 B   80 
-1.09643 -0.12923  0.67736 X   80 
-0.70702 -0.34279  1.10676 B   81 
-0.87269 -0.41361  1.26488 S   81 
-0.51213 -0.54754  0.97051 B   82 
-0.63163 -0.71530  0.92698 A   82 
-0.37251 -0.29583  0.81253 B   83 
-0.54724 -0.32359  0.53717 L   83 
-0.21815 -0.20743  1.10880 B   84 
-0.45854  0.01717  1.10438 L   84 
-0.02061 -0.40430  1.14541 B   85 
-0.05407 -0.65063  1.21860 S   85 
 0.31194 -0.50636  1.17430 B   86 
 0.35810 -0.54523  1.40607 S   86 
 0.19664 -0.71798  0.98514 B   87 
 0.21456 -1.00966  0.97752 D   87 
 0.19696 -0.68725  0.62588 B   88 
 0.41430 -0.54249  0.56675 I   88 
 0.04861 -0.92544  0.49416 B   89 
 0.13603 -1.14908  0.60737 T   89 
-0.23330 -0.80305  0.44624 B   90 
-0.33329 -0.80658  0.63919 A   90 
-0.14840 -0.55933  0.27142 B   91 
-0.11615 -0.36695  0.46448 S   91 
-0.00692 -0.71807  0.05106 B   92 
 0.24222 -0.77389  0.11050 V   92 
-0.23524 -0.90051 -0.04249 B   93 
-0.15847 -1.17423  0.13743 N   93 
-0.41591 -0.65847 -0.10790 B   94 
-0.61678 -0.53561  0.05255 X   94 
-0.22917 -0.50691 -0.30183 B   95 
-0.07759 -0.41552 -0.17929 A   95 
-0.21607 -0.72966 -0.51543 B   96 
 0.10631 -1.01911 -0.34456 K   96 
-0.51628 -0.69002 -0.58906 B   97 
-0.73415 -0.92319 -0.37342 K   97 
-0.51263 -0.39047 -0.66362 B   98 
-0.54614 -0.23280 -0.39866 I   98 
-0.29010 -0.39671 -0.89473 B   99 
-0.06619 -0.41257 -0.83623 V   99 
-0.48063 -0.62020 -1.05531 B   100 
-0.33525 -0.81075 -0.94860 S   100 
-0.74614 -0.43891 -1.13113 B   101 
-0.93914 -0.33788 -0.95808 D   101 
-0.61076 -0.23261 -1.39864 B   102 
-0.45099  0.05033 -1.29066 B   103 
-0.74483  0.18307 -1.32674 N   103 
-0.25840 -0.03789 -1.11133 B   104 
-0.07602  0.20084 -0.92488 B   105 
 0.26252  0.06033 -0.78543 M   105 
-0.29870  0.42788 -0.97252 B   106 
-0.19425  0.46926 -1.28356 N   106 
-0.45610  0.36008 -0.70924 B   107 
-0.50634  0.15874 -0.73533 A   107 
-0.21613  0.53649 -0.60078 B   108 
-0.16729  0.11860 -0.39776 W   108 
-0.20731  0.86697 -0.57234 B   109 
-0.43902  0.96626 -0.52755 V   109 
 0.08375  0.90301 -0.46300 B   110 
 0.06817  0.88394 -0.24998 A   110 
 0.22232  0.74591 -0.68404 B   111 
 0.29746  0.43455 -0.90543 W   111 
 0.12323  0.90636 -0.93016 B   112 
-0.27474  0.99204 -1.04241 R   112 
 0.20907  1.20472 -0.80886 B   113 
-0.10148  1.29870 -0.80413 N   113 
 0.52039  1.09219 -0.67811 B   114 
 0.41081  1.32760 -0.24805 R   114 
 0.63459  0.82183 -0.84829 B   115 
 0.58368  0.70543 -0.55598 X   115 
 0.55964  0.83957 -1.12459 B   116 
 0.21542  0.70403 -1.37201 K   116 
 0.83817  0.87973 -1.34153 B   117 
 1.04582  0.81727 -1.13666 B   118 
 0.95260  0.95969 -0.94066 T   118 
 1.32782  0.72753 -0.93853 B   119 
 1.60283  0.68865 -1.00962 D   119 
 1.24348  0.44964 -0.75933 B   120 
 1.02014  0.41322 -0.86544 V   120 
 1.52112  0.31929 -0.69609 B   121 
 1.64287  0.19787 -1.07553 Q   121 
 1.59536  0.51946 -0.46493 B   122 
 1.60725  0.70383 -0.55881 A   122 
 1.41860  0.35422 -0.24541 B   123 
 1.13876  0.67819 -0.22964 W   123 
 1.66145  0.10784 -0.24420 B   124 
 1.50800 -0.06366 -0.38316 I   124 
 1.89957  0.23366 -0.16229 B   125 
 1.94531  0.47720 -0.61723 R   125 
 2.12645  0.06061  0.04793 B   126 
 1.98314 -0.20419  0.02219 B   127 
 1.71367 -0.05310  0.11676 X   127 
 1.97457 -0.55128  0.13373 B   128 
 2.29320 -0.77841  0.02715 R   128 
 1.88862 -0.76744 -0.16279 B   129 
 1.68946 -0.60293 -0.13520 L   129 
