246 
 0.25851 -0.08369  1.30884 B   1 
 0.58317 -0.34977  1.30218 K   1 
 0.56669  0.09841  1.29327 B   2 
 0.48501  0.33848  1.34679 V   2 
 0.77163  0.12971  1.04792 B   3 
 0.65715 -0.26049  0.89774 F   3 
 1.05766  0.12977  0.91302 B   4 
 1.20167  0.19012  0.63305 B   5 
 1.45076  0.50109  0.45742 R   5 
 1.41048 -0.05029  0.61114 B   6 
 1.67728  0.11343  0.59145 X   6 
 1.20342 -0.25371  0.72230 B   7 
 1.07120 -0.28455  1.08832 E   7 
 0.99168 -0.23424  0.49754 B   8 
 0.73351 -0.06860  0.49357 L   8 
 1.17028 -0.29160  0.25619 B   9 
 1.29377 -0.11524  0.22785 A   9 
 1.24410 -0.57544  0.34265 B   10 
 1.38606 -0.55354  0.50755 A   10 
 0.95619 -0.69031  0.35008 B   11 
 0.87321 -0.63287  0.54184 A   11 
 0.87418 -0.61218  0.06176 B   12 
 0.69910 -0.22150  0.09790 M   12 
 1.09278 -0.77885 -0.06821 B   13 
 1.50968 -0.69827 -0.15713 K   13 
 1.03593 -1.05796  0.04113 B   14 
 0.93191 -1.18212  0.46581 R   14 
 0.73370 -1.02684 -0.08723 B   15 
 0.58306 -1.02747  0.27180 H   15 
 0.81006 -0.91664 -0.39949 B   16 
 0.79252 -0.58848 -0.47502 B   17 
 0.54041 -0.51815 -0.28334 L   17 
 1.04255 -0.57063 -0.62241 B   18 
 1.32352 -0.45588 -0.57511 D   18 
 0.95393 -0.49723 -0.94258 B   19 
 1.27488 -0.47281 -0.94697 N   19 
 0.66446 -0.50172 -0.93495 B   20 
 0.35761 -0.79744 -0.81835 Y   20 
 0.53939 -0.43249 -1.22870 B   21 
 0.17909 -0.73603 -1.28870 R   21 
 0.80959 -0.22582 -1.24233 B   22 
 0.83436 -0.14446 -0.92964 B   23 
 0.45369  0.08273 -1.08705 Y   23 
 1.03898 -0.02328 -0.74090 B   24 
 1.21083  0.11721 -0.81595 S   24 
 1.08455 -0.02829 -0.41025 B   25 
 1.21751 -0.24329 -0.22409 L   25 
 1.07828  0.28617 -0.36714 B   26 
 0.78070  0.32255 -0.44329 B   27 
 0.83116  0.36215 -0.77464 N   27 
 0.65436  0.16008 -0.21411 B   28 
 0.50180 -0.16389 -0.48019 W   28 
 0.78078  0.31817  0.01768 B   29 
 1.01080  0.22206  0.09139 V   29 
 0.67537  0.59252 -0.06666 B   30 
 0.76267  0.78454 -0.24690 X   30 
 0.37643  0.52503 -0.04840 B   31 
 0.33005  0.40779 -0.22715 A   31 
 0.36313  0.43472  0.24722 B   32 
 0.44541  0.23603  0.25549 A   32 
 0.45837  0.70253  0.36221 B   33 
 0.70636  0.89713  0.49276 K   33 
 0.20998  0.88658  0.22853 B   34 
 0.51793  1.11323  0.07749 F   34 
-0.03317  0.70204  0.32483 B   35 
-0.13919  0.61909 -0.00038 E   35 
 0.07660  0.59869  0.64713 B   36 
 0.06741  0.38254  0.59895 S   36 
 0.36217  0.63462  0.76816 B   37 
 0.42561  0.89070  0.88072 N   37 
 0.41502  0.31964  0.83144 B   38 
 0.74994  0.44619  0.62506 F   38 
 0.10829  0.25143  0.93498 B   39 
 0.02498  0.35699  1.20385 N   39 
-0.09164 -0.02923  0.97353 B   40 
 0.07210 -0.20625  1.03671 T   40 
-0.33654  0.13317  1.14275 B   41 
-0.27102 -0.01274  1.50854 Q   41 
-0.42568  0.30655  0.91976 B   42 
-0.27195  0.44302  0.87042 A   42 
-0.72243  0.51765  0.89294 B   43 
-0.83620  0.34344  1.02179 T   43 
-0.95223  0.64373  0.62529 B   44 
-0.66374  0.81429  0.66581 N   44 
-1.20571  0.83676  0.55159 B   45 
-1.64270  0.64156  0.71890 R   45 
-1.42891  0.86263  0.28798 B   46 
-1.16587  0.69990  0.14080 N   46 
-1.65927  1.03978  0.11685 B   47 
-1.58377  1.27201  0.03242 T   47 
-1.79524  0.75499  0.00656 B   48 
-1.60690  0.63472 -0.13628 D   48 
-1.76514  0.57475  0.29645 B   49 
-1.51844  0.46026  0.28299 B   50 
-1.43830  0.40192  0.05809 S   50 
-1.19358  0.28959  0.36658 B   51 
-1.27228  0.34862  0.62043 T   51 
-0.86373  0.31663  0.45442 B   52 
-0.80992  0.47909  0.15671 D   52 
-0.60382  0.05556  0.48543 B   53 
-1.03745 -0.02233  0.67683 Y   53 
-0.30596  0.07248  0.60758 B   54 
 0.01459  0.10959  0.46508 B   55 
 0.23077 -0.02990  0.55304 I   55 
-0.16468  0.13139  0.16308 B   56 
 0.08964 -0.01217  0.02881 L   56 
-0.45240  0.22945  0.16694 B   57 
-0.44395  0.47180  0.41322 Q   57 
-0.67903  0.01710  0.13963 B   58 
-0.51882 -0.22486  0.03071 I   58 
-0.99050  0.00027 -0.00537 B   59 
-1.14889  0.23666 -0.11421 N   59 
-1.33598 -0.09065  0.08023 B   60 
-1.38584  0.02529  0.27156 S   60 
-1.48420 -0.08046 -0.20973 B   61 
-1.74140  0.26214 -0.24264 R   61 
-1.27351 -0.31537 -0.34501 B   62 
-1.36976 -0.01874 -0.67758 W   62 
-1.06632 -0.49645 -0.13904 B   63 
-0.85532 -0.31632 -0.47823 W   63 
-1.22579 -0.47995  0.14417 B   64 
-1.03417 -0.38475  0.29211 X   64 
-1.39878 -0.57442  0.44689 B   65 
-1.66991 -0.69551  0.43992 N   65 
-1.59394 -0.35849  0.69959 B   66 
-1.53449 -0.12014  0.58858 D   66 
-1.92601 -0.35777  0.70774 B   67 
-1.95979 -0.01652  0.58950 B   68 
-1.69499  0.24607  0.88184 R   68 
-1.95927 -0.06161  0.25070 B   69 
-1.72513  0.04041  0.24850 T   69 
-2.15221 -0.00231  0.01669 B   70 
-2.25718  0.13697  0.14059 P   70 
-2.08252 -0.17196 -0.26909 B   71 
-1.86972 -0.37320 -0.20873 B   72 
-1.80488 -0.34756  0.01844 S   72 
-1.60294 -0.62534 -0.31349 B   73 
-1.70236 -0.63056 -0.65666 R   73 
-1.35042 -0.78118 -0.19894 B   74 
-1.34660 -0.88663  0.05956 N   74 
-1.09628 -0.87262 -0.39399 B   75 
-1.19734 -0.69053 -0.64177 L   75 
-0.89401 -0.97906 -0.15239 B   76 
-0.70043 -0.74421 -0.21458 X   76 
-1.04913 -1.14098  0.04678 B   77 
-1.18680 -1.37149 -0.00178 N   77 
-1.07305 -0.93291  0.31520 B   78 
-0.78428 -0.98614  0.33678 I   78 
-1.04667 -0.80621  0.60473 B   79 
-1.08725 -0.98173  0.71067 P   79 
-0.94929 -0.49248  0.66751 B   80 
-1.15309 -0.33017  0.48892 X   80 
-0.80095 -0.56517  0.93881 B   81 
-0.97655 -0.67363  1.06074 S   81 
-0.56775 -0.72847  0.80682 B   82 
-0.66049 -0.89885  0.72506 A   82 
-0.43862 -0.44437  0.70472 B   83 
-0.57166 -0.44870  0.40571 L   83 
-0.33533 -0.38529  1.02916 B   84 
-0.59730 -0.18649  1.01914 L   84 
-0.12293 -0.56553  1.06813 B   85 
-0.13710 -0.82191  1.10313 S   85 
 0.21254 -0.63835  1.13138 B   86 
 0.23229 -0.70567  1.36037 S   86 
 0.14794 -0.83050  0.90169 B   87 
 0.20009 -1.11495  0.85897 D   87 
 0.19148 -0.74834  0.55332 B   88 
 0.39658 -0.57640  0.54556 I   88 
 0.08991 -0.97813  0.37173 B   89 
 0.18696 -1.20635  0.46643 T   89 
-0.19555 -0.87769  0.29978 B   90 
-0.31874 -0.91861  0.47412 A   90 
-0.11719 -0.60428  0.17220 B   91 
-0.13268 -0.43960  0.39120 S   91 
 0.06907 -0.71524 -0.04406 B   92 
 0.31310 -0.75492  0.04308 V   92 
-0.12264 -0.90329 -0.19255 B   93 
-0.03901 -1.19149 -0.04045 N   93 
-0.31987 -0.67279 -0.25147 B   94 
-0.55270 -0.59421 -0.10723 X   94 
-0.12814 -0.47763 -0.39501 B   95 
-0.00532 -0.39078 -0.24100 A   95 
-0.06183 -0.66491 -0.63153 B   96 
 0.26667 -0.94375 -0.45479 K   96 
-0.35246 -0.64402 -0.74208 B   97 
-0.56829 -0.92567 -0.59235 K   97 
-0.37358 -0.33788 -0.77583 B   98 
-0.45919 -0.22407 -0.50033 I   98 
-0.12364 -0.28933 -0.97113 B   99 
 0.09109 -0.29193 -0.88338 V   99 
-0.26468 -0.50451 -1.18521 B   100 
-0.11350 -0.69365 -1.08421 S   100 
-0.53713 -0.34047 -1.27452 B   101 
-0.76133 -0.28445 -1.11961 D   101 
-0.39269 -0.08569 -1.49057 B   102 
-0.28191  0.19269 -1.32481 B   103 
-0.58186  0.30047 -1.38553 N   103 
-0.10546  0.09837 -1.13246 B   104 
 0.02245  0.32405 -0.89219 B   105 
 0.35383  0.19798 -0.72461 M   105 
-0.21674  0.53319 -0.94172 B   106 
-0.07815  0.62886 -1.22633 N   106 
-0.39823  0.41331 -0.71505 B   107 
-0.42118  0.21398 -0.77403 A   107 
-0.19630  0.59440 -0.55102 B   108 
-0.12660  0.15820 -0.39901 W   108 
-0.22930  0.91662 -0.47898 B   109 
-0.47473  0.98573 -0.45571 V   109 
 0.03897  0.96423 -0.32491 B   110 
-0.00191  0.91319 -0.12068 A   110 
 0.22226  0.85469 -0.54205 B   111 
 0.36086  0.58722 -0.78872 W   111 
 0.13828  1.03876 -0.77701 B   112 
-0.24889  1.10120 -0.93362 R   112 
 0.17273  1.32332 -0.60689 B   113 
-0.14452  1.38543 -0.63503 N   113 
 0.47523  1.22345 -0.44816 B   114 
 0.28428  1.38270 -0.01163 R   114 
 0.64092  0.99270 -0.63362 B   115 
 0.56611  0.83097 -0.36935 X   115 
 0.60104  1.04288 -0.91320 B   116 
 0.30983  0.91212 -1.22332 K   116 
 0.89896  1.14045 -1.08047 B   117 
 1.08396  1.06926 -0.85754 B   118 
 0.95028  1.17229 -0.66030 T   118 
 1.34621  0.97930 -0.63400 B   119 
 1.63076  0.97763 -0.66896 D   119 
 1.27176  0.67166 -0.50648 B   120 
 1.06981  0.62970 -0.64762 V   120 
 1.55193  0.56076 -0.42115 B   121 
 1.73518  0.50764 -0.79147 Q   121 
 1.57194  0.73164 -0.15769 B   122 
 1.57469  0.92792 -0.22414 A   122 
 1.38828  0.52026  0.01062 B   123 
 1.07341  0.81024  0.02759 W   123 
 1.65560  0.30072  0.01501 B   124 
 1.54229  0.13717 -0.16576 I   124 
 1.86498  0.43563  0.14616 B   125 
 1.94126  0.74555 -0.26189 R   125 
 2.08094  0.25659  0.36277 B   126 
 1.97359 -0.01422  0.28242 B   127 
 1.67854  0.09510  0.35577 X   127 
 1.99052 -0.37299  0.34558 B   128 
 2.34429 -0.55075  0.25770 R   128 
 1.96932 -0.55130  0.01422 B   129 
 1.75068 -0.41236  0.03380 L   129 
