246 
-0.55801  1.00707  0.67923 B   1 
-0.94894  0.85962  0.72018 K   1 
-0.58970  0.82586  0.98670 B   2 
-0.37080  0.89445  1.10730 V   2 
-0.61852  0.50940  1.03360 B   3 
-0.81570  0.46678  0.64991 F   3 
-0.74719  0.25018  1.16112 B   4 
-0.70937 -0.06796  1.17178 B   5 
-0.56509 -0.36769  1.45275 R   5 
-1.00987 -0.17271  1.14709 B   6 
-1.03097 -0.33540  1.41441 X   6 
-1.07793  0.04216  0.93306 B   7 
-1.12230  0.42644  0.98563 E   7 
-0.88206 -0.04764  0.71102 B   8 
-0.60437  0.06513  0.64564 L   8 
-0.96552 -0.34071  0.68695 B   9 
-0.89225 -0.44031  0.86547 A   9 
-1.25070 -0.28121  0.59412 B   10 
-1.35868 -0.21141  0.77102 A   10 
-1.17638 -0.12230  0.33845 B   11 
-1.13471  0.08024  0.40325 A   11 
-0.99280 -0.33619  0.21000 B   12 
-0.59892 -0.24751  0.35695 M   12 
-1.21329 -0.54473  0.19133 B   13 
-1.36681 -0.83575  0.47408 K   13 
-1.42581 -0.40063  0.02653 B   14 
-1.57416  0.02735  0.06416 R   14 
-1.19432 -0.36294 -0.20539 B   15 
-1.20286  0.02219 -0.14884 H   15 
-1.07052 -0.67900 -0.22128 B   16 
-0.78617 -0.76056 -0.05941 B   17 
-0.63737 -0.47466 -0.09632 L   17 
-0.87709 -1.01394  0.05053 B   18 
-0.96194 -1.12215  0.32519 D   18 
-0.68498 -1.25167 -0.09892 B   19 
-0.84920 -1.41754  0.12277 N   19 
-0.52426 -1.10025 -0.28629 B   20 
-0.60800 -0.82381 -0.62062 Y   20 
-0.32142 -1.29667 -0.45061 B   21 
-0.33401 -1.14538 -0.90062 R   21 
-0.31277 -1.45912 -0.15154 B   22 
-0.34628 -1.20781  0.05028 B   23 
 0.08988 -1.17106 -0.12210 Y   23 
-0.41954 -1.15632  0.34038 B   24 
-0.38955 -1.31763  0.50766 S   24 
-0.53667 -0.89329  0.50928 B   25 
-0.82871 -0.78253  0.54095 L   25 
-0.30065 -0.87702  0.72098 B   26 
-0.08152 -0.79699  0.51788 B   27 
 0.00745 -1.11120  0.43268 N   27 
-0.19528 -0.52368  0.43276 B   28 
-0.28873 -0.65240  0.01595 W   28 
-0.20636 -0.39882  0.71381 B   29 
-0.43236 -0.44266  0.83457 V   29 
 0.08905 -0.44000  0.78110 B   30 
 0.23523 -0.65383  0.88051 X   30 
 0.20358 -0.26985  0.55266 B   31 
 0.18640 -0.39201  0.37202 A   31 
 0.06336 -0.00115  0.61477 B   32 
-0.14008 -0.01987  0.54713 A   32 
 0.18599  0.03007  0.89407 B   33 
 0.16005  0.00408  1.23327 K   33 
 0.50650  0.02459  0.79070 B   34 
 0.54514 -0.27684  1.06758 F   34 
 0.47771  0.24320  0.55868 B   35 
 0.55994  0.02177  0.29774 E   35 
 0.24969  0.47450  0.70397 B   36 
 0.10009  0.45405  0.54170 S   36 
 0.08168  0.43367  0.96397 B   37 
 0.21412  0.47956  1.21423 N   37 
-0.20950  0.48602  0.82801 B   38 
-0.24937  0.13103  1.03578 F   38 
-0.11351  0.73371  0.63080 B   39 
-0.05465  0.99928  0.75879 N   39 
-0.22641  0.88826  0.34168 B   40 
-0.47430  0.87461  0.36415 T   40 
-0.00446  1.14414  0.35751 B   41 
-0.25152  1.43832  0.46614 Q   41 
 0.23984  0.98289  0.31231 B   42 
 0.27036  0.85312  0.47639 A   42 
 0.58096  1.09171  0.24056 B   43 
 0.47731  1.27304  0.11301 T   43 
 0.88113  0.96575  0.05518 B   44 
 0.83702  0.84367  0.36680 N   44 
 1.19573  1.01389 -0.02003 B   45 
 1.25129  1.39136 -0.35392 R   45 
 1.41338  0.89579 -0.26223 B   46 
 1.17495  0.64992 -0.25700 N   46 
 1.72805  0.84952 -0.37436 B   47 
 1.88695  0.72119 -0.21612 T   47 
 1.61441  0.84398 -0.68871 B   48 
 1.45064  0.63589 -0.70345 D   48 
 1.38106  1.09297 -0.65729 B   49 
 1.15420  0.96697 -0.57480 B   50 
 1.12218  0.73732 -0.65628 S   50 
 0.81333  0.89003 -0.43500 B   51 
 0.83744  1.14390 -0.33967 T   51 
 0.62175  0.79913 -0.16614 B   52 
 0.79519  0.50288 -0.15762 D   52 
 0.26196  0.71614 -0.14782 B   53 
 0.40018  1.10374 -0.39560 Y   53 
 0.07187  0.67159  0.10870 B   54 
-0.04591  0.38575  0.27859 B   55 
-0.30134  0.36445  0.36930 I   55 
 0.15347  0.21290  0.04580 B   56 
-0.06849 -0.01894  0.06295 L   56 
 0.39369  0.35234 -0.07776 B   57 
 0.51184  0.54215  0.18582 Q   57 
 0.36640  0.45815 -0.36976 B   58 
 0.11553  0.30269 -0.46445 I   58 
 0.57040  0.48976 -0.64491 B   59 
 0.87326  0.45678 -0.64634 N   59 
 0.67576  0.74305 -0.88923 B   60 
 0.74388  0.92420 -0.76644 S   60 
 0.84514  0.56598 -1.10395 B   61 
 1.26707  0.63974 -1.07020 R   61 
 0.57768  0.36202 -1.17283 B   62 
 0.95047  0.10032 -1.19258 W   62 
 0.26409  0.45024 -1.06319 B   63 
 0.37189  0.03837 -0.95946 W   63 
 0.29387  0.77303 -1.03430 B   64 
 0.21868  0.79778 -0.78651 X   64 
 0.24025  1.12789 -1.07536 B   65 
 0.30391  1.26648 -1.33023 N   65 
 0.45316  1.42690 -0.95771 B   66 
 0.63302  1.28316 -0.81750 D   66 
 0.64225  1.59962 -1.16924 B   67 
 0.95732  1.48832 -1.02811 B   68 
 0.93182  1.58837 -0.56565 R   68 
 1.01129  1.19908 -1.20204 B   69 
 0.95650  1.07251 -0.98707 T   69 
 1.22968  1.08888 -1.39088 B   70 
 1.36529  1.23755 -1.31827 P   70 
 1.13341  0.82040 -1.57518 B   71 
 0.83932  0.78168 -1.53728 B   72 
 0.76214  0.94343 -1.38124 S   72 
 0.51826  0.57739 -1.56741 B   73 
 0.66168  0.33121 -1.78306 R   73 
 0.22229  0.56215 -1.45191 B   74 
 0.07028  0.79142 -1.40417 N   74 
 0.05684  0.27393 -1.42837 B   75 
 0.32128  0.09657 -1.48653 L   75 
-0.20545  0.38965 -1.25976 B   76 
-0.11818  0.22136 -1.01367 X   76 
-0.29434  0.65137 -1.37615 B   77 
-0.38119  0.69582 -1.63095 N   77 
-0.19001  0.87907 -1.14553 B   78 
-0.40277  0.75763 -0.98222 I   78 
-0.18319  1.10610 -0.92421 B   79 
-0.32385  1.23123 -1.01496 P   79 
-0.01244  1.08768 -0.63722 B   80 
 0.27744  1.02284 -0.74465 X   80 
-0.22542  1.25336 -0.46965 B   81 
-0.24077  1.45455 -0.59908 S   81 
-0.45116  1.03553 -0.47760 B   82 
-0.50844  1.02429 -0.67986 A   82 
-0.27819  0.86121 -0.25964 B   83 
-0.12641  0.66987 -0.47753 L   83 
-0.37715  1.08516 -0.01577 B   84 
-0.06997  1.19207 -0.06542 L   84 
-0.64909  1.02658  0.02583 B   85 
-0.84891  1.08348 -0.12906 S   85 
-0.91484  0.91929  0.22511 B   86 
-1.03867  1.11223  0.29439 S   86 
-0.96620  0.76799 -0.03628 B   87 
-1.20540  0.72685 -0.19921 D   87 
-0.83577  0.43927 -0.10660 B   88 
-0.81822  0.31704  0.13097 I   88 
-0.90775  0.35083 -0.39486 B   89 
-1.16533  0.40159 -0.43418 T   89 
-0.64703  0.42353 -0.54811 B   90 
-0.65392  0.63862 -0.57859 A   90 
-0.44648  0.25338 -0.38078 B   91 
-0.36760  0.43752 -0.19320 S   91 
-0.58249 -0.01776 -0.42268 B   92 
-0.77634 -0.06133 -0.25166 V   92 
-0.57908 -0.03585 -0.72899 B   93 
-0.89057  0.07574 -0.78991 N   93 
-0.27163 -0.00590 -0.73782 B   94 
-0.11500  0.22880 -0.77748 X   94 
-0.19264 -0.24043 -0.55287 B   95 
-0.23641 -0.17545 -0.35235 A   95 
-0.31361 -0.46334 -0.72920 B   96 
-0.76493 -0.45343 -0.61472 K   96 
-0.10141 -0.41529 -0.95232 B   97 
-0.23524 -0.15677 -1.20448 K   97 
 0.15692 -0.45731 -0.78860 B   98 
 0.22175 -0.18549 -0.65407 I   98 
 0.10246 -0.75435 -0.68011 B   99 
-0.04597 -0.78559 -0.50459 V   99 
 0.07303 -0.85226 -0.99882 B   100 
-0.18700 -0.82607 -0.97580 S   100 
 0.38016 -0.80590 -1.11123 B   101 
 0.51153 -0.56458 -1.15484 D   101 
 0.55161 -1.08398 -0.95082 B   102 
 0.66014 -1.01751 -0.63295 B   103 
 0.93192 -0.92844 -0.78616 N   103 
 0.43505 -0.93234 -0.49470 B   104 
 0.47327 -0.80608 -0.16665 B   105 
 0.14112 -0.81720  0.04154 M   105 
 0.78578 -0.74544 -0.21206 B   106 
 0.85532 -1.06760 -0.18477 N   106 
 0.73738 -0.45003 -0.30734 B   107 
 0.61157 -0.47423 -0.47264 A   107 
 0.71860 -0.42311  0.00793 B   108 
 0.30041 -0.29331 -0.15488 W   108 
 0.96835 -0.36912  0.21962 B   109 
 1.15674 -0.23181  0.11371 V   109 
 0.81064 -0.37368  0.48994 B   110 
 0.74076 -0.17309  0.51941 A   110 
 0.67766 -0.64421  0.44664 B   111 
 0.45569 -0.90583  0.26256 W   111 
 0.93045 -0.81917  0.40632 B   112 
 1.24242 -0.76587  0.12676 R   112 
 1.08645 -0.71131  0.68042 B   113 
 1.32418 -0.58199  0.50138 N   113 
 0.79352 -0.71766  0.88249 B   114 
 0.91166 -0.25776  1.04654 R   114 
 0.56835 -0.94278  0.76540 B   115 
 0.41634 -0.66497  0.72931 X   115 
 0.70378 -1.16803  0.65052 B   116 
 0.85131 -1.28034  0.24592 K   116 
 0.65239 -1.46858  0.83297 B   117 
 0.43226 -1.36306  1.00443 B   118 
 0.53695 -1.13398  1.06728 T   118 
 0.15306 -1.29413  1.21451 B   119 
-0.00242 -1.46621  1.38306 D   119 
-0.07624 -1.12336  1.02823 B   120 
 0.04437 -1.14117  0.81005 V   120 
-0.34556 -1.18107  1.17727 B   121 
-0.39444 -1.58811  1.10330 Q   121 
-0.29398 -0.97674  1.41093 B   122 
-0.12590 -1.05048  1.50717 A   122 
-0.39669 -0.72362  1.23172 B   123 
 0.00443 -0.57399  1.21654 W   123 
-0.72154 -0.83646  1.26941 B   124 
-0.73565 -0.92341  1.01542 I   124 
-0.77173 -0.83810  1.54639 B   125 
-0.46782 -1.25209  1.61441 R   125 
-1.09157 -0.74523  1.66759 B   126 
-1.21869 -0.74027  1.39349 B   127 
-0.98385 -0.53806  1.30218 X   127 
-1.52316 -0.66676  1.20671 B   128 
-1.84096 -0.90559  1.28694 R   128 
-1.56194 -0.92853  0.93836 B   129 
-1.33385 -0.81314  0.89204 L   129 
