246 
 0.02163 -1.07633  0.79244 B   1 
 0.40711 -1.03973  0.95463 K   1 
 0.00914 -0.89163  1.09921 B   2 
-0.24589 -0.88959  1.14534 V   2 
 0.11026 -0.59297  1.16044 B   3 
 0.41718 -0.63069  0.85664 F   3 
 0.26213 -0.37154  1.32753 B   4 
 0.31388 -0.05524  1.33391 B   5 
 0.18226  0.28984  1.56454 R   5 
 0.62464 -0.03893  1.40492 B   6 
 0.60934  0.12836  1.66978 X   6 
 0.69054 -0.27740  1.21677 B   7 
 0.60719 -0.65492  1.27094 E   7 
 0.60392 -0.15153  0.94772 B   8 
 0.33873 -0.18754  0.79778 L   8 
 0.76960  0.10517  0.95754 B   9 
 0.67720  0.23222  1.10748 A   9 
 1.04069 -0.03621  0.95497 B   10 
 1.06637 -0.12160  1.15466 A   10 
 1.00504 -0.18451  0.68501 B   11 
 0.89067 -0.36324  0.72895 A   11 
 0.93639  0.06299  0.51184 B   12 
 0.50832  0.09553  0.52903 M   12 
 1.20159  0.20126  0.56665 B   13 
 1.33843  0.45624  0.88986 K   13 
 1.40428 -0.00589  0.47128 B   14 
 1.40791 -0.45487  0.54197 R   14 
 1.25232  0.00682  0.17881 B   15 
 1.13487 -0.36140  0.22579 H   15 
 1.23308  0.34307  0.13357 B   16 
 0.94822  0.50978  0.20263 B   17 
 0.74330  0.27404  0.11496 L   17 
 1.06931  0.73486  0.34130 B   18 
 1.09459  0.83282  0.63132 D   18 
 1.00589  1.00623  0.14614 B   19 
 1.13563  1.13432  0.41144 N   19 
 0.87308  0.89323 -0.08508 B   20 
 0.97209  0.58373 -0.38444 Y   20 
 0.79273  1.12697 -0.29871 B   21 
 0.89680  0.94973 -0.72686 R   21 
 0.74073  1.30422 -0.01273 B   22 
 0.64003  1.06675  0.18344 B   23 
 0.28389  1.14041 -0.11496 Y   23 
 0.60524  1.01567  0.48069 B   24 
 0.57302  1.18931  0.63467 S   24 
 0.58736  0.74187  0.67081 B   25 
 0.81291  0.55735  0.78757 L   25 
 0.30409  0.80461  0.79969 B   26 
 0.14283  0.77515  0.53739 B   27 
 0.17563  1.09563  0.43679 N   27 
 0.19526  0.47626  0.48446 B   28 
 0.44177  0.54754  0.11952 W   28 
 0.08588  0.37130  0.75228 B   29 
 0.26795  0.35892  0.93743 V   29 
-0.19202  0.49629  0.72696 B   30 
-0.29500  0.74795  0.78209 X   30 
-0.27565  0.35001  0.47033 B   31 
-0.17142  0.45099  0.30666 A   31 
-0.24201  0.05763  0.56574 B   32 
-0.03100  0.01536  0.56407 A   32 
-0.44643  0.07916  0.79328 B   33 
-0.51732  0.11854  1.12468 K   33 
-0.70599  0.16594  0.59698 B   34 
-0.73962  0.48336  0.85608 F   34 
-0.67154 -0.06647  0.37960 B   35 
-0.60590  0.15197  0.11154 E   35 
-0.57233 -0.34180  0.58197 B   36 
-0.38150 -0.37363  0.47379 S   36 
-0.48578 -0.33227  0.88181 B   37 
-0.69453 -0.32397  1.07835 N   37 
-0.19426 -0.47119  0.84021 B   38 
-0.12051 -0.12836  1.05886 F   38 
-0.29216 -0.69498  0.61708 B   39 
-0.45889 -0.92543  0.71436 N   39 
-0.14588 -0.89267  0.37265 B   40 
 0.07716 -0.94628  0.47022 T   40 
-0.42487 -1.07613  0.31354 B   41 
-0.31497 -1.41936  0.48529 Q   41 
-0.58866 -0.85716  0.19973 B   42 
-0.62926 -0.71384  0.34975 A   42 
-0.90863 -0.87235  0.02442 B   43 
-0.82683 -1.08293 -0.06971 T   43 
-1.09118 -0.68080 -0.24075 B   44 
-1.11022 -0.55598  0.07232 N   44 
-1.36889 -0.64529 -0.40975 B   45 
-1.42538 -1.01339 -0.75379 R   45 
-1.46136 -0.48756 -0.70395 B   46 
-1.17649 -0.31689 -0.62000 N   46 
-1.70151 -0.36381 -0.90581 B   47 
-1.85779 -0.18694 -0.80066 T   47 
-1.50199 -0.40973 -1.17008 B   48 
-1.28979 -0.25605 -1.12890 D   48 
-1.36871 -0.71075 -1.07490 B   49 
-1.15127 -0.64698 -0.92389 B   50 
-1.03307 -0.44064 -0.98601 S   50 
-0.86092 -0.65797 -0.68467 B   51 
-0.98287 -0.88883 -0.60755 T   51 
-0.74146 -0.60632 -0.36795 B   52 
-0.81885 -0.27389 -0.40563 D   52 
-0.39569 -0.62444 -0.23841 B   53 
-0.55623 -0.97406 -0.52603 Y   53 
-0.28692 -0.61763  0.06498 B   54 
-0.15023 -0.36497  0.26972 B   55 
 0.06135 -0.40898  0.43472 I   55 
-0.21348 -0.15915 -0.00859 B   56 
 0.04886  0.00335  0.08133 L   56 
-0.43454 -0.23476 -0.20309 B   57 
-0.67472 -0.36761  0.00696 Q   57 
-0.35174 -0.36234 -0.47525 B   58 
-0.05093 -0.28818 -0.48481 I   58 
-0.46395 -0.35409 -0.80031 B   59 
-0.73031 -0.23930 -0.89352 N   59 
-0.55783 -0.58367 -1.07128 B   60 
-0.70770 -0.73093 -0.97971 S   60 
-0.59798 -0.38091 -1.32312 B   61 
-1.01344 -0.33354 -1.42189 R   61 
-0.27618 -0.26313 -1.30185 B   62 
-0.53650  0.08915 -1.42826 W   62 
-0.04805 -0.42699 -1.10372 B   63 
-0.06169  0.00437 -1.02787 W   63 
-0.17460 -0.72664 -1.09326 B   64 
-0.18742 -0.75529 -0.83503 X   64 
-0.21314 -1.08443 -1.12464 B   65 
-0.23360 -1.21611 -1.39009 N   65 
-0.52658 -1.30529 -1.08515 B   66 
-0.69222 -1.10903 -1.00319 D   66 
-0.68398 -1.43247 -1.34856 B   67 
-0.98226 -1.23010 -1.30790 B   68 
-1.12599 -1.30368 -0.86240 R   68 
-0.89793 -0.94885 -1.48284 B   69 
-0.87696 -0.82880 -1.25838 T   69 
-1.00931 -0.79510 -1.72668 B   70 
-1.19652 -0.89584 -1.70271 P   70 
-0.79077 -0.57573 -1.86603 B   71 
-0.52320 -0.61701 -1.73905 B   72 
-0.54516 -0.78347 -1.57090 S   72 
-0.16408 -0.51118 -1.66449 B   73 
-0.16087 -0.24931 -1.90756 R   73 
 0.07531 -0.57057 -1.46364 B   74 
 0.13509 -0.82928 -1.37733 N   74 
 0.30006 -0.33805 -1.38355 B   75 
 0.12634 -0.09890 -1.51545 L   75 
 0.45599 -0.51043 -1.14568 B   76 
 0.34985 -0.30934 -0.93403 X   76 
 0.49839 -0.79337 -1.23567 B   77 
 0.64156 -0.87609 -1.45270 N   77 
 0.27004 -0.96846 -1.05369 B   78 
 0.44908 -0.90005 -0.83019 I   78 
 0.13356 -1.17032 -0.85071 B   79 
 0.25385 -1.33480 -0.89712 P   79 
-0.10306 -1.08745 -0.62936 B   80 
-0.31681 -0.95239 -0.81869 X   80 
-0.00581 -1.29428 -0.40879 B   81 
-0.00951 -1.49975 -0.53221 S   81 
 0.26356 -1.14786 -0.34194 B   82 
 0.37967 -1.16569 -0.51664 A   82 
 0.08946 -0.91921 -0.18314 B   83 
 0.07031 -0.70778 -0.43226 L   83 
 0.04349 -1.14574  0.07374 B   84 
-0.25165 -1.16703 -0.07012 L   84 
 0.29535 -1.16165  0.19796 B   85 
 0.50800 -1.28102  0.11028 S   85 
 0.50790 -1.11909  0.47156 B   86 
 0.54574 -1.33382  0.57064 S   86 
 0.67573 -1.00468  0.24221 B   87 
 0.95424 -1.04134  0.16133 D   87 
 0.67034 -0.65795  0.14345 B   88 
 0.61737 -0.52074  0.36718 I   88 
 0.84737 -0.61122 -0.10670 B   89 
 1.07970 -0.73322 -0.06658 T   89 
 0.63529 -0.61905 -0.33411 B   90 
 0.59027 -0.82924 -0.36629 A   90 
 0.45008 -0.39004 -0.23203 B   91 
 0.27010 -0.53309 -0.08215 S   91 
 0.66285 -0.16997 -0.22364 B   92 
 0.80044 -0.17058 -0.00051 V   92 
 0.75679 -0.17117 -0.51577 B   93 
 1.02764 -0.36772 -0.48119 N   93 
 0.47078 -0.11595 -0.61897 B   94 
 0.27395 -0.30058 -0.71039 X   94 
 0.40917  0.14253 -0.46135 B   95 
 0.37059  0.08093 -0.25871 A   95 
 0.63503  0.31192 -0.58669 B   96 
 1.00926  0.18563 -0.33991 K   96 
 0.49510  0.30996 -0.86514 B   97 
 0.62012  0.00911 -1.07054 K   97 
 0.22228  0.43170 -0.78732 B   98 
 0.04639  0.19730 -0.68580 I   98 
 0.32284  0.70859 -0.66012 B   99 
 0.41421  0.70894 -0.44689 V   99 
 0.47288  0.77416 -0.95204 B   100 
 0.69563  0.67903 -0.85122 S   100 
 0.21365  0.80697 -1.15412 B   101 
 0.03917  0.60878 -1.24174 D   101 
 0.08737  1.13107 -1.04708 B   102 
-0.12569  1.11736 -0.77938 B   103 
-0.35244  1.09688 -1.01053 N   103 
 0.01405  0.98258 -0.58103 B   104 
-0.15478  0.89282 -0.28361 B   105 
 0.08860  0.82543  0.01642 M   105 
-0.44305  0.91766 -0.42392 B   106 
-0.42407  1.24758 -0.41131 N   106 
-0.45336  0.61488 -0.50705 B   107 
-0.28224  0.59300 -0.62529 A   107 
-0.53846  0.60395 -0.20191 B   108 
-0.14488  0.35412 -0.23211 W   108 
-0.84485  0.63428 -0.07817 B   109 
-1.02336  0.54759 -0.23997 V   109 
-0.78097  0.61250  0.22747 B   110 
-0.78251  0.40273  0.27197 A   110 
-0.57072  0.83272  0.23358 B   111 
-0.23959  1.01100  0.13271 W   111 
-0.73985  1.06751  0.12217 B   112 
-0.95526  1.08434 -0.24065 R   112 
-0.99467  1.02435  0.33267 B   113 
-1.19395  0.95424  0.08636 N   113 
-0.78655  0.96277  0.61476 B   114 
-1.07276  0.56447  0.72345 R   114 
-0.48287  1.10940  0.57773 B   115 
-0.41156  0.79880  0.58306 X   115 
-0.50851  1.35542  0.43249 B   116 
-0.48994  1.47797  0.00504 K   116 
-0.43196  1.64123  0.62923 B   117 
-0.31246  1.49040  0.85717 B   118 
-0.49114  1.30340  0.87933 T   118 
-0.14042  1.36089  1.14084 B   119 
-0.00093  1.49397  1.35304 D   119 
 0.07652  1.12218  1.02951 B   120 
 0.03710  1.15853  0.78540 V   120 
 0.29349  1.11299  1.25515 B   121 
 0.47466  1.48535  1.20971 Q   121 
 0.11888  0.94601  1.45675 B   122 
-0.04249  1.06908  1.49873 A   122 
 0.19517  0.66353  1.31139 B   123 
-0.20796  0.62928  1.17056 W   123 
 0.51167  0.68489  1.44941 B   124 
 0.62522  0.74827  1.21413 I   124 
 0.47471  0.69029  1.72842 B   125 
 0.29364  1.17533  1.71035 R   125 
 0.70376  0.52099  1.93934 B   126 
 0.90054  0.46385  1.71724 B   127 
 0.65705  0.32859  1.55353 X   127 
 1.21348  0.29775  1.63081 B   128 
 1.54619  0.44462  1.81026 R   128 
 1.40298  0.52115  1.39370 B   129 
 1.17654  0.47020  1.27701 L   129 
