246 
-0.64120  1.06951  0.48157 B   1 
-1.03726  0.93156  0.46302 K   1 
-0.73280  0.91597  0.79207 B   2 
-0.53717  0.99168  0.94428 V   2 
-0.77877  0.60516  0.85889 B   3 
-0.90509  0.53232  0.45065 F   3 
-0.93573  0.35971  0.98189 B   4 
-0.90973  0.04318  1.02539 B   5 
-0.82699 -0.23315  1.35157 R   5 
-1.20385 -0.05915  0.95537 B   6 
-1.27729 -0.19787  1.22692 X   6 
-1.22612  0.13737  0.71560 B   7 
-1.26798  0.52533  0.72742 E   7 
-0.99630  0.02606  0.54088 B   8 
-0.70822  0.12892  0.51785 L   8 
-1.08260 -0.26683  0.52632 B   9 
-1.04547 -0.35165  0.72275 A   9 
-1.34464 -0.21163  0.37876 B   10 
-1.48052 -0.12534  0.52682 A   10 
-1.22107 -0.07640  0.12859 B   11 
-1.18580  0.13037  0.18296 A   11 
-1.02373 -0.30310  0.05359 B   12 
-0.66019 -0.20751  0.26167 M   12 
-1.24329 -0.50941  0.01252 B   13 
-1.45345 -0.77280  0.28577 K   13 
-1.41850 -0.37714 -0.19936 B   14 
-1.55866  0.05449 -0.22462 R   14 
-1.14818 -0.36280 -0.38780 B   15 
-1.15549  0.02585 -0.36565 H   15 
-1.03279 -0.68074 -0.35490 B   16 
-0.78459 -0.75194 -0.13803 B   17 
-0.62331 -0.47236 -0.17079 L   17 
-0.90111 -0.99361 -0.02590 B   18 
-1.03696 -1.07653  0.23681 D   18 
-0.69232 -1.24597 -0.11796 B   19 
-0.89840 -1.38981  0.08320 N   19 
-0.49625 -1.11352 -0.28493 B   20 
-0.51057 -0.86582 -0.65051 Y   20 
-0.27303 -1.32615 -0.39303 B   21 
-0.20029 -1.21409 -0.84878 R   21 
-0.32291 -1.46230 -0.08500 B   22 
-0.38474 -1.19408  0.08602 B   23 
 0.07615 -1.17835 -0.00691 Y   23 
-0.50732 -1.11675  0.35280 B   24 
-0.51253 -1.26342  0.53545 S   24 
-0.64512 -0.83853  0.47543 B   25 
-0.93475 -0.72143  0.44442 L   25 
-0.45054 -0.80731  0.72432 B   26 
-0.19629 -0.74813  0.55840 B   27 
-0.10267 -1.06972  0.51691 N   27 
-0.28492 -0.48165  0.43185 B   28 
-0.30580 -0.64454  0.01705 W   28 
-0.34259 -0.33286  0.69499 B   29 
-0.58777 -0.36300  0.77599 V   29 
-0.06537 -0.37215  0.81785 B   30 
 0.05432 -0.57861  0.95937 X   30 
 0.09319 -0.22394  0.60072 B   31 
 0.10514 -0.36099  0.43064 A   31 
-0.04800  0.05103  0.61404 B   32 
-0.23647  0.02934  0.51244 A   32 
 0.02340  0.10453  0.90740 B   33 
-0.06371  0.10826  1.23726 K   33 
 0.35695  0.08573  0.86463 B   34 
 0.33650 -0.19119  1.16780 F   34 
 0.37663  0.28389  0.61403 B   35 
 0.49784  0.03965  0.39145 E   35 
 0.13309  0.52998  0.69605 B   36 
 0.01449  0.49767  0.51160 S   36 
-0.07995  0.51406  0.92376 B   37 
 0.00673  0.57954  1.18923 N   37 
-0.34037  0.55849  0.73344 B   38 
-0.42719  0.22333  0.95907 F   38 
-0.20338  0.78690  0.53718 B   39 
-0.16072  1.06168  0.65139 N   39 
-0.25804  0.91747  0.22065 B   40 
-0.50623  0.90922  0.19888 T   40 
-0.03517  1.17067  0.25531 B   41 
-0.28902  1.47650  0.29276 Q   41 
 0.20848  1.00277  0.26856 B   42 
 0.20527  0.88724  0.44557 A   42 
 0.55995  1.10028  0.25109 B   43 
 0.48620  1.27134  0.09238 T   43 
 0.88471  0.95467  0.13419 B   44 
 0.78188  0.86055  0.44164 N   44 
 1.20897  0.99180  0.11353 B   45 
 1.33449  1.33825 -0.23471 R   45 
 1.46299  0.85025 -0.07466 B   46 
 1.22043  0.60906 -0.09248 N   46 
 1.79119  0.79014 -0.12372 B   47 
 1.91532  0.67376  0.07072 T   47 
 1.73566  0.75907 -0.45191 B   48 
 1.57120  0.55276 -0.47890 D   48 
 1.50782  1.01303 -0.48391 B   49 
 1.26627  0.89776 -0.43380 B   50 
 1.24270  0.66240 -0.50054 S   50 
 0.90376  0.83788 -0.35223 B   51 
 0.91776  1.09867 -0.27535 T   51 
 0.66449  0.77317 -0.11598 B   52 
 0.82488  0.47639 -0.05180 D   52 
 0.30499  0.69703 -0.15639 B   53 
 0.49665  1.05987 -0.40609 Y   53 
 0.07075  0.67741  0.06423 B   54 
-0.08387  0.40895  0.23292 B   55 
-0.35194  0.39907  0.27728 I   55 
 0.14890  0.21392  0.05516 B   56 
-0.07920 -0.01250  0.05084 L   56 
 0.41135  0.33886 -0.03389 B   57 
 0.48579  0.54905  0.23019 Q   57 
 0.43998  0.41945 -0.33370 B   58 
 0.20574  0.25986 -0.45916 I   58 
 0.69086  0.42438 -0.56899 B   59 
 0.98797  0.38723 -0.51280 N   59 
 0.84567  0.65416 -0.81019 B   60 
 0.89591  0.84428 -0.69244 S   60 
 1.04558  0.45692 -0.97534 B   61 
 1.45659  0.52749 -0.87189 R   61 
 0.78899  0.25148 -1.07451 B   62 
 1.15149 -0.01607 -1.00475 W   62 
 0.46352  0.35314 -1.03115 B   63 
 0.53892 -0.04968 -0.87604 W   63 
 0.49703  0.67678 -1.02403 B   64 
 0.37937  0.72385 -0.79686 X   64 
 0.46202  1.02748 -1.10321 B   65 
 0.57437  1.14267 -1.35287 N   65 
 0.65899  1.33256 -0.97397 B   66 
 0.80651  1.19899 -0.79213 D   66 
 0.88791  1.48377 -1.16123 B   67 
 1.16918  1.38072 -0.95667 B   68 
 1.06407  1.52065 -0.51631 R   68 
 1.24502  1.07684 -1.09350 B   69 
 1.14889  0.97005 -0.88234 T   69 
 1.49043  0.94775 -1.22992 B   70 
 1.61509  1.10025 -1.14644 P   70 
 1.42099  0.66573 -1.40586 B   71 
 1.12388  0.63448 -1.41882 B   72 
 1.02470  0.81013 -1.29321 S   72 
 0.80761  0.43279 -1.48970 B   73 
 0.98015  0.16698 -1.65477 R   73 
 0.49540  0.43166 -1.42888 B   74 
 0.34404  0.66628 -1.42853 N   74 
 0.32009  0.14886 -1.41205 B   75 
 0.58539 -0.03649 -1.40653 L   75 
 0.03530  0.28230 -1.30388 B   76 
 0.07207  0.13469 -1.03303 X   76 
-0.02361  0.53421 -1.45560 B   77 
-0.06201  0.55770 -1.72470 N   77 
 0.04426  0.77949 -1.22944 B   78 
-0.19780  0.67554 -1.09796 I   78 
 0.01788  1.02466 -1.03002 B   79 
-0.10051  1.14342 -1.15475 P   79 
 0.13377  1.02871 -0.71632 B   80 
 0.43620  0.95085 -0.76372 X   80 
-0.10089  1.21116 -0.60434 B   81 
-0.08691  1.40062 -0.75053 S   81 
-0.32779  0.99659 -0.63509 B   82 
-0.34818  0.96873 -0.84276 A   82 
-0.20188  0.83935 -0.37579 B   83 
-0.01912  0.62785 -0.54606 L   83 
-0.33641  1.08485 -0.17318 B   84 
-0.02232  1.18283 -0.17498 L   84 
-0.61300  1.03383 -0.17687 B   85 
-0.78005  1.07990 -0.36955 S   85 
-0.91319  0.94781 -0.02089 B   86 
-1.04176  1.14770  0.00867 S   86 
-0.92122  0.77524 -0.27389 B   87 
-1.12841  0.72350 -0.47352 D   87 
-0.78993  0.43992 -0.29209 B   88 
-0.81884  0.33841 -0.04603 I   88 
-0.81158  0.32793 -0.58034 B   89 
-1.05634  0.37866 -0.66974 T   89 
-0.52559  0.38354 -0.68927 B   90 
-0.52063  0.59528 -0.73811 A   90 
-0.36336  0.22571 -0.47494 B   91 
-0.31407  0.42425 -0.29198 S   91 
-0.49750 -0.04613 -0.51831 B   92 
-0.72006 -0.07210 -0.38225 V   92 
-0.43973 -0.09062 -0.81638 B   93 
-0.73184  0.01958 -0.94171 N   93 
-0.13493 -0.06579 -0.77179 B   94 
 0.03304  0.16243 -0.80161 X   94 
-0.09727 -0.28455 -0.55691 B   95 
-0.17438 -0.20192 -0.37368 A   95 
-0.19109 -0.52016 -0.73327 B   96 
-0.65515 -0.49418 -0.70368 K   96 
 0.05899 -0.49447 -0.91743 B   97 
-0.01984 -0.25685 -1.21010 K   97 
 0.28243 -0.52576 -0.70671 B   98 
 0.32998 -0.24428 -0.58552 I   98 
 0.20076 -0.81155 -0.58580 B   99 
 0.02241 -0.82549 -0.43811 V   99 
 0.22613 -0.93619 -0.89540 B   100 
-0.03293 -0.90453 -0.92212 S   100 
 0.54966 -0.90394 -0.95372 B   101 
 0.69370 -0.66911 -0.99254 D   101 
 0.68138 -1.16947 -0.74256 B   102 
 0.73303 -1.07733 -0.41685 B   103 
 1.03036 -1.00558 -0.52509 N   103 
 0.48936 -0.97746 -0.32917 B   104 
 0.47179 -0.82390 -0.01116 B   105 
 0.10749 -0.81243  0.13359 M   105 
 0.78901 -0.77172 -0.00403 B   106 
 0.84310 -1.09125  0.06185 N   106 
 0.76711 -0.48499 -0.13051 B   107 
 0.67234 -0.52163 -0.31331 A   107 
 0.69288 -0.43072  0.17283 B   108 
 0.31464 -0.30969 -0.07319 W   108 
 0.90208 -0.36211  0.42110 B   109 
 1.11032 -0.23706  0.34013 V   109 
 0.69837 -0.34116  0.65781 B   110 
 0.63022 -0.13783  0.65750 A   110 
 0.56749 -0.61255  0.61356 B   111 
 0.37461 -0.88600  0.41449 W   111 
 0.81820 -0.79381  0.63427 B   112 
 1.17667 -0.76914  0.41243 R   112 
 0.92558 -0.66487  0.92226 B   113 
 1.19524 -0.55477  0.77923 N   113 
 0.60110 -0.64971  1.06774 B   114 
 0.70125 -0.17905  1.21202 R   114 
 0.39411 -0.88097  0.93073 B   115 
 0.25921 -0.60524  0.84493 X   115 
 0.54133 -1.11714  0.86124 B   116 
 0.75570 -1.26596  0.50072 K   116 
 0.44931 -1.40009  1.05548 B   117 
 0.20517 -1.27715  1.17493 B   118 
 0.30351 -1.04496  1.23662 T   118 
-0.10506 -1.18650  1.32454 B   119 
-0.29320 -1.34124  1.47572 D   119 
-0.29215 -1.02930  1.08638 B   120 
-0.13493 -1.06752  0.89588 V   120 
-0.58540 -1.07022  1.18838 B   121 
-0.63207 -1.48140  1.14057 Q   121 
-0.57063 -0.84721  1.40989 B   122 
-0.42477 -0.91469  1.54072 A   122 
-0.63212 -0.60911  1.19479 B   123 
-0.23059 -0.46689  1.24028 W   123 
-0.96160 -0.71378  1.18216 B   124 
-0.93245 -0.82212  0.93786 I   124 
-1.06069 -0.69083  1.44464 B   125 
-0.78611 -1.10155  1.60048 R   125 
-1.39424 -0.58345  1.49781 B   126 
-1.46993 -0.60041  1.20575 B   127 
-1.21672 -0.41008  1.14217 X   127 
-1.73368 -0.53909  0.96148 B   128 
-2.06754 -0.76570  1.00220 R   128 
-1.73132 -0.82248  0.71304 B   129 
-1.49535 -0.71467  0.69948 L   129 
