246 
 1.02568  0.17479  0.83925 B   1 
 0.83142  0.11152  1.20598 K   1 
 1.05011 -0.16997  0.93367 B   2 
 1.22933 -0.25442  0.76659 V   2 
 0.82195 -0.39604  0.93698 B   3 
 0.51957 -0.09493  1.01325 F   3 
 0.65806 -0.63448  1.06465 B   4 
 0.42547 -0.84351  0.99416 B   5 
 0.38834 -1.26691  0.89953 R   5 
 0.25102 -0.84332  1.26146 B   6 
 0.26992 -1.14720  1.33679 X   6 
 0.27974 -0.53535  1.29208 B   7 
 0.59812 -0.33381  1.39417 E   7 
 0.13499 -0.44772  1.03304 B   8 
 0.25869 -0.36972  0.76338 L   8 
-0.12944 -0.59619  1.07146 B   9 
-0.08688 -0.80673  1.03956 A   9 
-0.21020 -0.44475  1.32451 B   10 
-0.08365 -0.52288  1.48485 A   10 
-0.21152 -0.16025  1.20124 B   11 
-0.00567 -0.09259  1.20333 A   11 
-0.40339 -0.21944  0.96535 B   12 
-0.14775 -0.33835  0.64115 M   12 
-0.63457 -0.29961  1.14585 B   13 
-0.74181 -0.67419  1.33663 K   13 
-0.67102 -0.05144  1.31955 B   14 
-0.35419  0.20414  1.52175 R   14 
-0.71246  0.11665  1.03880 B   15 
-0.38179  0.31022  1.10794 H   15 
-0.93598 -0.08347  0.87920 B   16 
-0.83353 -0.30183  0.64355 B   17 
-0.59217 -0.12032  0.52504 L   17 
-0.99295 -0.52875  0.73103 B   18 
-0.94399 -0.79531  0.87558 D   18 
-1.21309 -0.58756  0.47838 B   19 
-1.25998 -0.83644  0.67709 N   19 
-1.15896 -0.37363  0.29084 B   20 
-1.15442  0.06775  0.31019 Y   20 
-1.35245 -0.39718  0.02868 B   21 
-1.49263  0.04645 -0.06668 R   21 
-1.30758 -0.73001  0.08452 B   22 
-1.00563 -0.72739  0.20213 B   23 
-0.96050 -0.63687 -0.25729 Y   23 
-0.82015 -0.90975  0.35871 B   24 
-0.84349 -1.14289  0.35768 S   24 
-0.54959 -0.86181  0.54826 B   25 
-0.52153 -0.77446  0.84850 L   25 
-0.35512 -1.05155  0.38405 B   26 
-0.35038 -0.87799  0.12807 B   27 
-0.62085 -1.01798 -0.01738 N   27 
-0.21490 -0.62727  0.24496 B   28 
-0.57615 -0.36889  0.20301 W   28 
 0.03905 -0.76699  0.34837 B   29 
 0.01411 -0.85348  0.59226 V   29 
 0.12233 -0.88892  0.08062 B   30 
 0.04988 -1.11914 -0.05623 X   30 
 0.15573 -0.62470 -0.07210 B   31 
-0.04659 -0.55693 -0.12032 A   31 
 0.36415 -0.48699  0.11044 B   32 
 0.25794 -0.41537  0.28338 A   32 
 0.57893 -0.70291  0.07487 B   33 
 0.74410 -0.97799  0.19088 K   33 
 0.59993 -0.67439 -0.26006 B   34 
 0.53150 -1.07975 -0.25533 F   34 
 0.63166 -0.35609 -0.27145 B   35 
 0.33229 -0.30189 -0.44844 E   35 
 0.83503 -0.29259  0.01352 B   36 
 0.68793 -0.15676  0.10861 S   36 
 0.90655 -0.49395  0.24120 B   37 
 1.11890 -0.67983  0.18994 N   37 
 0.79418 -0.31255  0.48713 B   38 
 0.62420 -0.68533  0.54120 F   38 
 0.90101 -0.02221  0.36989 B   39 
 1.19641  0.03250  0.38059 N   39 
 0.82832  0.31377  0.41528 B   40 
 0.76552  0.32530  0.65625 T   40 
 1.09525  0.42494  0.23817 B   41 
 1.32199  0.55829  0.53849 Q   41 
 1.00760  0.32433 -0.02626 B   42 
 1.00721  0.11293 -0.02497 A   42 
 1.14120  0.39531 -0.35862 B   43 
 1.18343  0.62102 -0.27396 T   43 
 1.01628  0.41662 -0.71115 B   44 
 1.08600  0.10676 -0.59677 N   44 
 1.09358  0.45707 -1.02632 B   45 
 1.21373  0.93907 -1.12777 R   45 
 0.92099  0.53970 -1.31505 B   46 
 0.66949  0.42080 -1.11519 N   46 
 0.90362  0.55088 -1.65166 B   47 
 0.93465  0.32555 -1.77422 T   47 
 0.69139  0.80838 -1.63140 B   48 
 0.47761  0.71689 -1.50383 D   48 
 0.84263  0.97182 -1.37093 B   49 
 0.73160  0.86477 -1.14653 B   50 
 0.49764  0.79197 -1.16566 S   50 
 0.66154  0.76053 -0.79173 B   51 
 0.92020  0.83863 -0.75836 T   51 
 0.69279  0.52516 -0.54500 B   52 
 0.51158  0.31078 -0.74281 D   52 
 0.54419  0.51427 -0.20667 B   53 
 0.74271  0.92325 -0.36179 Y   53 
 0.60505  0.31666  0.04066 B   54 
 0.44724  0.02739  0.16659 B   55 
 0.41517 -0.01754  0.43282 I   55 
 0.23244  0.07190 -0.10854 B   56 
 0.00296 -0.05011  0.08058 L   56 
 0.33419  0.21703 -0.35552 B   57 
 0.66278  0.11121 -0.37254 Q   57 
 0.24420  0.51246 -0.39828 B   58 
 0.00342  0.52836 -0.20373 I   58 
 0.16630  0.71448 -0.66557 B   59 
 0.21898  0.64976 -0.95857 N   59 
 0.25326  1.04338 -0.80419 B   60 
 0.48219  1.04897 -0.81369 S   60 
 0.03755  1.07582 -1.04619 B   61 
 0.22471  1.03131 -1.43038 R   61 
-0.23081  1.04446 -0.83435 B   62 
-0.34889  0.84316 -1.22600 W   62 
-0.18181  1.06077 -0.49453 B   63 
-0.41655  0.71156 -0.61686 W   63 
 0.09451  1.23179 -0.47694 B   64 
 0.23463  1.06613 -0.33344 X   64 
 0.33442  1.48928 -0.39553 B   65 
 0.31488  1.76232 -0.51082 N   65 
 0.69040  1.54931 -0.53064 B   66 
 0.70466  1.32535 -0.68000 D   66 
 0.75491  1.79077 -0.74943 B   67 
 0.83040  1.56562 -1.02363 B   68 
 1.16403  1.27218 -0.85894 R   68 
 0.52000  1.51503 -1.15745 B   69 
 0.52863  1.27897 -1.06031 T   69 
 0.38401  1.56101 -1.43112 B   70 
 0.57680  1.57543 -1.52273 P   70 
 0.04463  1.55382 -1.42215 B   71 
-0.04109  1.54498 -1.13581 B   72 
 0.15351  1.53478 -0.99982 S   72 
-0.30177  1.49145 -0.86212 B   73 
-0.57878  1.48614 -1.08776 R   73 
-0.32566  1.43712 -0.54963 B   74 
-0.15927  1.56358 -0.36449 N   74 
-0.58076  1.26707 -0.41923 B   75 
-0.68308  1.16360 -0.70836 L   75 
-0.46343  1.24678 -0.10870 B   76 
-0.43256  0.93961 -0.14323 X   76 
-0.34821  1.51090 -0.02555 B   77 
-0.48063  1.74882 -0.00840 N   77 
-0.01231  1.45595 -0.03412 B   78 
-0.07028  1.28690  0.19986 I   78 
 0.29228  1.42249  0.04762 B   79 
 0.30178  1.59078  0.17118 P   79 
 0.48523  1.16293 -0.03751 B   80 
 0.44954  1.16281 -0.35136 X   80 
 0.65391  1.16665  0.23160 B   81 
 0.73370  1.39268  0.23390 S   81 
 0.42017  1.07325  0.41899 B   82 
 0.28176  1.23184  0.41604 A   82 
 0.45280  0.77129  0.29423 B   83 
 0.21954  0.80008  0.06644 L   83 
 0.74008  0.73439  0.48271 B   84 
 0.87583  0.79217  0.18863 L   84 
 0.64673  0.70718  0.74665 B   85 
 0.55110  0.89228  0.90076 S   85 
 0.60634  0.52689  1.04280 B   86 
 0.76392  0.61011  1.20280 S   86 
 0.32654  0.64455  1.00129 B   87 
 0.13946  0.78172  1.17918 D   87 
 0.06403  0.47789  0.81875 B   88 
 0.10779  0.21608  0.85372 I   88 
-0.18729  0.65805  0.79681 B   89 
-0.23733  0.75847  1.03740 T   89 
-0.14914  0.78219  0.51417 B   90 
-0.00019  0.93875  0.53755 A   90 
-0.13473  0.51790  0.34952 B   91 
 0.13609  0.47346  0.34814 S   91 
-0.40588  0.40463  0.43567 B   92 
-0.39370  0.27450  0.66291 V   92 
-0.59274  0.63057  0.34510 B   93 
-0.62161  0.79315  0.63822 N   93 
-0.49390  0.60947  0.05306 B   94 
-0.29205  0.76053 -0.07970 X   94 
-0.55160  0.31034  0.00163 B   95 
-0.39864  0.20127  0.10676 A   95 
-0.85734  0.32863  0.04171 B   96 
-0.90281  0.31392  0.50497 K   96 
-0.89074  0.49915 -0.21699 B   97 
-0.86674  0.87337 -0.12915 K   97 
-0.76317  0.30751 -0.42267 B   98 
-0.45762  0.36009 -0.41512 I   98 
-0.94797  0.04946 -0.37549 B   99 
-0.91173 -0.08345 -0.18885 V   99 
-1.21281  0.24101 -0.44758 B   100 
-1.24735  0.27839 -0.19021 S   100 
-1.15994  0.31034 -0.76619 B   101 
-0.96177  0.47234 -0.87519 D   101 
-1.24138 -0.01037 -0.91772 B   102 
-0.98088 -0.23247 -0.92497 B   103 
-0.92703 -0.09999 -1.21620 N   103 
-0.89489 -0.25356 -0.66191 B   104 
-0.60031 -0.43629 -0.59228 B   105 
-0.57791 -0.55453 -0.21903 M   105 
-0.49690 -0.41097 -0.89571 B   106 
-0.71490 -0.64014 -0.99228 N   106 
-0.33281 -0.14866 -0.84134 B   107 
-0.47833 -0.01636 -0.77022 A   107 
-0.13799 -0.37382 -0.73259 B   108 
-0.23831 -0.10498 -0.36394 W   108 
 0.08953 -0.54249 -0.90547 B   109 
 0.18606 -0.40455 -1.09837 V   109 
 0.19792 -0.73117 -0.68047 B   110 
 0.35303 -0.62051 -0.58208 A   110 
-0.07275 -0.84342 -0.59754 B   111 
-0.43955 -0.82765 -0.46788 W   111 
-0.16614 -0.95752 -0.87031 B   112 
-0.20133 -0.75503 -1.23920 R   112 
 0.11431 -1.12744 -0.93012 B   113 
 0.17605 -0.94512 -1.19135 N   113 
 0.14724 -1.24391 -0.59541 B   114 
 0.63040 -1.10694 -0.60836 R   114 
-0.15392 -1.25722 -0.43977 B   115 
 0.00287 -1.03600 -0.27225 X   115 
-0.35956 -1.32665 -0.62731 B   116 
-0.63802 -1.10397 -0.89368 K   116 
-0.50438 -1.64466 -0.56290 B   117 
-0.38236 -1.67977 -0.29296 B   118 
-0.14039 -1.60382 -0.34835 T   118 
-0.28249 -1.75837  0.03974 B   119 
-0.36207 -1.97116  0.21461 D   119 
-0.31468 -1.47467  0.22660 B   120 
-0.42070 -1.33456  0.04885 V   120 
-0.34576 -1.58506  0.51802 B   121 
-0.71845 -1.76991  0.49621 Q   121 
-0.04020 -1.64875  0.55785 B   122 
 0.00072 -1.79391  0.41571 A   122 
 0.02907 -1.33910  0.63568 B   123 
 0.24232 -1.29600  0.26664 W   123 
-0.12271 -1.38858  0.94259 B   124 
-0.33829 -1.24281  0.87517 I   124 
 0.01987 -1.59682  1.06727 B   125 
-0.18545 -1.94918  0.74780 R   125 
 0.07742 -1.58569  1.41681 B   126 
-0.10734 -1.35094  1.46235 B   127 
 0.06033 -1.19152  1.23684 X   127 
-0.23545 -1.11516  1.70930 B   128 
-0.45971 -1.27594  2.00651 R   128 
-0.60220 -1.06172  1.64087 B   129 
-0.47862 -0.98941  1.42411 L   129 
