246 
-0.83435 -0.16883 -1.03066 B   1 
-0.85157 -0.58811 -1.04261 K   1 
-1.10847 -0.28653 -0.83221 B   2 
-1.23820 -0.06594 -0.79130 V   2 
-1.10355 -0.43755 -0.54875 B   3 
-0.71836 -0.61200 -0.64424 F   3 
-1.18762 -0.66351 -0.34409 B   4 
-1.14654 -0.75156 -0.03861 B   5 
-1.37500 -0.75108  0.33207 R   5 
-1.10574 -1.06711 -0.06403 B   6 
-1.34321 -1.16548  0.11571 X   6 
-0.92946 -1.03410 -0.31789 B   7 
-1.04365 -0.93056 -0.67656 E   7 
-0.69546 -0.87453 -0.19334 B   8 
-0.64873 -0.57138 -0.19758 L   8 
-0.62439 -1.06254  0.03697 B   9 
-0.78429 -1.04428  0.18276 A   9 
-0.54292 -1.29669 -0.14199 B   10 
-0.72898 -1.38020 -0.22093 A   10 
-0.31624 -1.15146 -0.29584 B   11 
-0.41291 -1.03923 -0.45400 A   11 
-0.15451 -1.05663 -0.04924 B   12 
-0.31320 -0.66875  0.04543 M   12 
-0.10270 -1.33873  0.05172 B   13 
-0.33485 -1.60933  0.29887 K   13 
 0.03621 -1.46901 -0.18666 B   14 
-0.07050 -1.44355 -0.62774 R   14 
 0.25937 -1.22704 -0.16560 B   15 
 0.14117 -1.09041 -0.51050 H   15 
 0.32646 -1.23345  0.16747 B   16 
 0.18044 -1.01279  0.37650 B   17 
 0.17082 -0.76359  0.16900 L   17 
 0.11283 -1.20065  0.58790 B   18 
-0.14082 -1.33725  0.69440 D   18 
 0.29914 -1.10584  0.85633 B   19 
 0.10696 -1.33447  0.97642 N   19 
 0.45980 -0.88810  0.75315 B   20 
 0.74479 -0.83848  0.41919 Y   20 
 0.65412 -0.76661  0.98597 B   21 
 1.07366 -0.69244  0.77611 R   21 
 0.38533 -0.83944  1.18182 B   22 
 0.14540 -0.78614  0.97061 B   23 
 0.31032 -0.35964  1.08107 Y   23 
-0.14933 -0.85167  0.93879 B   24 
-0.28822 -0.89629  1.12214 S   24 
-0.35881 -0.86888  0.67945 B   25 
-0.40851 -1.09729  0.46989 L   25 
-0.56994 -0.65821  0.78822 B   26 
-0.38210 -0.41313  0.77030 B   27 
-0.24697 -0.44666  1.07775 N   27 
-0.34256 -0.40768  0.46487 B   28 
 0.08942 -0.51762  0.48303 W   28 
-0.64015 -0.38718  0.38919 B   29 
-0.75261 -0.61964  0.35920 V   29 
-0.69936 -0.13500  0.55164 B   30 
-0.76256 -0.08861  0.81778 X   30 
-0.50130  0.04991  0.40732 B   31 
-0.30329 -0.00176  0.48460 A   31 
-0.60635  0.02016  0.11784 B   32 
-0.53693 -0.17029  0.04556 A   32 
-0.88680  0.12797  0.17904 B   33 
-1.21736  0.07325  0.24341 K   33 
-0.78335  0.42746  0.29323 B   34 
-1.00768  0.33023  0.62375 F   34 
-0.58985  0.49919  0.04855 B   35 
-0.29635  0.50589  0.24271 E   35 
-0.77109  0.36908 -0.22862 B   36 
-0.60792  0.23338 -0.29256 S   36 
-1.02134  0.18265 -0.21791 B   37 
-1.27549  0.30691 -0.17058 N   37 
-0.89616 -0.05712 -0.39917 B   38 
-1.04376 -0.24301 -0.06088 F   38 
-0.74151  0.13859 -0.61651 B   39 
-0.91072  0.28699 -0.81581 N   39 
-0.48143  0.11173 -0.84425 B   40 
-0.50184 -0.12326 -0.92492 T   40 
-0.53812  0.41352 -0.98809 B   41 
-0.69339  0.29229 -1.33532 Q   41 
-0.46696  0.57940 -0.75325 B   42 
-0.60780  0.54757 -0.59883 A   42 
-0.41319  0.93985 -0.73018 B   43 
-0.31687  0.92188 -0.95444 T   43 
-0.20933  1.17937 -0.52668 B   44 
-0.49714  1.07268 -0.38618 N   44 
-0.14236  1.49229 -0.45930 B   45 
 0.12608  1.70901 -0.83082 R   45 
 0.11615  1.66229 -0.30357 B   46 
 0.15039  1.34786 -0.17208 N   46 
 0.23485  1.94127 -0.15589 B   47 
 0.09976  2.02862  0.04630 T   47 
 0.54574  1.85377 -0.24219 B   48 
 0.59371  1.62386 -0.11898 D   48 
 0.47400  1.73254 -0.55458 B   49 
 0.41261  1.47008 -0.51597 B   50 
 0.53016  1.35735 -0.33190 S   50 
 0.28652  1.11792 -0.55770 B   51 
 0.15137  1.23181 -0.76479 T   51 
 0.03560  0.89000 -0.50933 B   52 
 0.07548  0.93542 -0.17130 D   52 
 0.03034  0.52555 -0.57114 B   53 
 0.21230  0.81702 -0.90681 Y   53 
-0.21592  0.31757 -0.56617 B   54 
-0.33747  0.08881 -0.32673 B   55 
-0.42398 -0.16025 -0.39315 I   55 
-0.07941  0.22036 -0.12694 B   56 
-0.05917 -0.07424  0.00000 L   56 
 0.02035  0.50281 -0.17873 B   57 
-0.27028  0.66839 -0.26577 Q   57 
 0.29131  0.53627 -0.32928 B   58 
 0.40950  0.25125 -0.29978 I   58 
 0.55807  0.75324 -0.31987 B   59 
 0.56535  1.01965 -0.17228 N   59 
 0.75832  0.96262 -0.54572 B   60 
 0.60793  1.08743 -0.66547 S   60 
 0.99918  1.06381 -0.35106 B   61 
 0.95467  1.47876 -0.24887 R   61 
 1.09972  0.74330 -0.28007 B   62 
 1.16225  0.98738  0.09989 W   62 
 0.97669  0.48158 -0.46583 B   63 
 0.94123  0.41626 -0.03399 W   63 
 0.89595  0.63125 -0.74330 B   64 
 0.64729  0.55628 -0.75792 X   64 
 0.87889  0.72073 -1.09286 B   65 
 1.10807  0.84828 -1.23226 N   65 
 0.71475  1.02451 -1.26416 B   66 
 0.59998  1.12636 -1.04252 D   66 
 0.89583  1.27806 -1.37929 B   67 
 0.77515  1.51687 -1.13437 B   68 
 0.30254  1.50342 -1.16593 R   68 
 0.99372  1.46614 -0.87655 B   69 
 0.80199  1.35384 -0.75060 T   69 
 1.19831  1.63658 -0.71971 B   70 
 1.10281  1.81417 -0.79120 P   70 
 1.42348  1.45606 -0.54078 B   71 
 1.39184  1.16795 -0.61433 B   72 
 1.21153  1.14941 -0.76798 S   72 
 1.45410  0.79554 -0.55807 B   73 
 1.70703  0.84633 -0.31084 R   73 
 1.34207  0.50994 -0.64207 B   74 
 1.25756  0.45507 -0.90246 N   74 
 1.36524  0.24535 -0.44095 B   75 
 1.45182  0.42438 -0.18557 L   75 
 1.17966  0.03783 -0.62291 B   76 
 0.96422  0.03845 -0.39911 X   76 
 1.25196  0.06365 -0.91283 B   77 
 1.49604  0.01638 -1.02521 N   77 
 0.98768  0.23309 -1.04463 B   78 
 0.84583 -0.01960 -0.99256 I   78 
 0.73252  0.31301 -1.21516 B   79 
 0.80157  0.23708 -1.39723 P   79 
 0.45261  0.44559 -1.08897 B   80 
 0.56963  0.69431 -0.93334 X   80 
 0.26005  0.30276 -1.29731 B   81 
 0.35515  0.37386 -1.50555 S   81 
 0.30278  0.01160 -1.18835 B   82 
 0.50408 -0.03307 -1.23073 A   82 
 0.11623  0.09057 -0.92993 B   83 
 0.36250  0.17026 -0.72961 L   83 
-0.16087  0.07048 -1.13543 B   84 
-0.12865  0.39758 -1.12053 L   84 
-0.19290 -0.20510 -1.18177 B   85 
-0.04963 -0.35780 -1.33445 S   85 
-0.37264 -0.50337 -1.15778 B   86 
-0.47247 -0.54757 -1.37094 S   86 
-0.09029 -0.59276 -1.07942 B   87 
 0.07674 -0.81891 -1.15952 D   87 
 0.03258 -0.59458 -0.74043 B   88 
-0.18202 -0.63997 -0.58690 I   88 
 0.33123 -0.67717 -0.73126 B   89 
 0.36136 -0.89253 -0.88351 T   89 
 0.47114 -0.39964 -0.71886 B   90 
 0.46637 -0.32148 -0.92161 A   90 
 0.33393 -0.29055 -0.46109 B   91 
 0.11914 -0.15866 -0.56967 S   91 
 0.41895 -0.51745 -0.27385 B   92 
 0.25691 -0.72326 -0.28405 V   92 
 0.72416 -0.50244 -0.30200 B   93 
 0.76565 -0.74277 -0.53375 N   93 
 0.72856 -0.20717 -0.21091 B   94 
 0.72995  0.02973 -0.36924 X   94 
 0.58417 -0.23588  0.06071 B   95 
 0.37570 -0.26354  0.01468 A   95 
 0.79407 -0.42212  0.18983 B   96 
 0.67870 -0.84111  0.02237 K   96 
 1.00683 -0.19448  0.19527 B   97 
 1.21356 -0.20294 -0.12957 K   97 
 0.85253  0.01729  0.35852 B   98 
 0.67587  0.17319  0.15685 I   98 
 0.79349 -0.15367  0.62357 B   99 
 0.62509 -0.31318  0.62053 V   99 
 1.12380 -0.19883  0.65335 B   100 
 1.09639 -0.42971  0.53182 S   100 
 1.22775  0.10882  0.71387 B   101 
 1.23193  0.32524  0.53910 D   101 
 1.11481  0.15007  1.05737 B   102 
 0.79055  0.25606  1.08683 B   103 
 0.92779  0.55005  1.08866 N   103 
 0.63994  0.07293  0.94256 B   104 
 0.29584  0.13650  0.89183 B   105 
 0.09162 -0.18654  0.80390 M   105 
 0.33138  0.45048  0.95150 B   106 
 0.35675  0.38908  1.27547 N   106 
 0.37747  0.52524  0.64988 B   107 
 0.54428  0.41020  0.59815 A   107 
 0.06197  0.49892  0.66536 B   108 
 0.20087  0.17356  0.36027 W   108 
-0.15523  0.73673  0.74519 B   109 
-0.07264  0.96953  0.67782 V   109 
-0.42153  0.57309  0.72849 B   110 
-0.48322  0.58398  0.52340 A   110 
-0.33521  0.34931  0.91615 B   111 
-0.11158  0.05562  1.03999 W   111 
-0.26664  0.51743  1.16750 B   112 
 0.00115  0.84246  1.19853 R   112 
-0.55432  0.68574  1.17124 B   113 
-0.39817  0.96542  1.11936 N   113 
-0.75321  0.40105  1.09332 B   114 
-0.98937  0.67650  0.74586 R   114 
-0.60160  0.11431  1.19278 B   115 
-0.61124  0.08324  0.87571 X   115 
-0.45151  0.15958  1.43299 B   116 
-0.03381  0.27719  1.53183 K   116 
-0.58296 -0.01444  1.71351 B   117 
-0.76963 -0.18721  1.55765 B   118 
-0.86857 -0.00662  1.39958 T   118 
-0.98860 -0.43083  1.41785 B   119 
-1.12731 -0.65053  1.53903 D   119 
-0.83284 -0.56501  1.14550 B   120 
-0.61444 -0.44734  1.17591 V   120 
-0.97103 -0.84444  1.11550 B   121 
-0.83220 -1.04131  1.45536 Q   121 
-1.23461 -0.73276  0.98487 B   122 
-1.31734 -0.61217  1.13172 A   122 
-1.09894 -0.71912  0.68797 B   123 
-1.10750 -0.29118  0.70577 W   123 
-1.11843 -1.06404  0.66979 B   124 
-0.85374 -1.09484  0.70527 I   124 
-1.39157 -1.12792  0.69327 B   125 
-1.39111 -1.01120  1.19800 R   125 
-1.52677 -1.39432  0.50258 B   126 
-1.25732 -1.49268  0.40753 B   127 
-1.19956 -1.19304  0.30142 X   127 
-1.08545 -1.73344  0.19425 B   128 
-1.12649 -2.12288  0.29970 R   128 
-0.77831 -1.85326  0.37686 B   129 
-0.75090 -1.59595  0.35379 L   129 
