246 
-0.24055 -0.84811 -1.00487 B   1 
-0.10619 -1.20620 -0.83180 K   1 
-0.51220 -1.01576 -0.84217 B   2 
-0.71469 -0.88293 -0.93450 V   2 
-0.56904 -1.05244 -0.52816 B   3 
-0.14349 -1.04209 -0.44619 F   3 
-0.64435 -1.21720 -0.26894 B   4 
-0.70089 -1.17801  0.04416 B   5 
-1.04302 -1.17425  0.31346 R   5 
-0.54753 -1.42689  0.17229 B   6 
-0.78722 -1.56680  0.31840 X   6 
-0.30783 -1.39250 -0.02258 B   7 
-0.29759 -1.46976 -0.40511 E   7 
-0.21341 -1.11170  0.06667 B   8 
-0.27627 -0.84036 -0.06190 L   8 
-0.18010 -1.16352  0.36608 B   9 
-0.38043 -1.18045  0.44816 A   9 
 0.04103 -1.37224  0.33406 B   10 
-0.05698 -1.55363  0.26112 A   10 
 0.24511 -1.19094  0.18701 B   11 
 0.18735 -1.19207 -0.02184 A   11 
 0.25171 -0.96110  0.39458 B   12 
-0.05435 -0.68764  0.26756 M   12 
 0.35257 -1.13891  0.61968 B   13 
 0.14977 -1.39815  0.90230 K   13 
 0.61048 -1.25247  0.50275 B   14 
 0.68679 -1.41559  0.08542 R   14 
 0.70859 -0.94007  0.46313 B   15 
 0.69855 -0.98775  0.07685 H   15 
 0.63509 -0.81273  0.76950 B   16 
 0.35174 -0.63677  0.81905 B   17 
 0.34054 -0.49828  0.52590 L   17 
 0.27463 -0.76019  1.07080 B   18 
 0.06352 -0.96152  1.16693 D   18 
 0.29344 -0.51206  1.30283 B   19 
 0.16083 -0.75603  1.46567 N   19 
 0.39625 -0.28697  1.15239 B   20 
 0.75458 -0.21134  0.90522 Y   20 
 0.42689 -0.02376  1.34347 B   21 
 0.84171  0.17369  1.22308 R   21 
 0.14537 -0.15261  1.48506 B   22 
 0.00722 -0.28662  1.22435 B   23 
-0.04329  0.17751  1.16661 Y   23 
-0.20814 -0.49063  1.15971 B   24 
-0.38395 -0.53814  1.30714 S   24 
-0.27697 -0.68294  0.89568 B   25 
-0.15714 -0.95860  0.80507 L   25 
-0.57228 -0.57653  0.84822 B   26 
-0.48974 -0.29014  0.76551 B   27 
-0.48586 -0.16057  1.07713 N   27 
-0.33628 -0.35917  0.50751 B   28 
 0.06158 -0.23891  0.66961 W   28 
-0.56618 -0.50674  0.36582 B   29 
-0.56988 -0.76131  0.41838 V   29 
-0.76801 -0.27752  0.38050 B   30 
-0.94377 -0.18881  0.57600 X   30 
-0.60570 -0.07418  0.21753 B   31 
-0.45038  0.00074  0.35211 A   31 
-0.56942 -0.23627 -0.04349 B   32 
-0.41609 -0.38238 -0.00537 A   32 
-0.86934 -0.26219 -0.10180 B   33 
-1.15721 -0.44522 -0.09604 K   33 
-0.92991  0.06893 -0.11342 B   34 
-1.21891 -0.01820  0.16569 F   34 
-0.69256  0.14627 -0.31376 B   35 
-0.52270  0.35017 -0.08255 E   35 
-0.69143 -0.13124 -0.53644 B   36 
-0.48054 -0.18500 -0.49445 S   36 
-0.84433 -0.40106 -0.50024 B   37 
-1.12202 -0.40507 -0.57198 N   37 
-0.58319 -0.59432 -0.52189 B   38 
-0.77956 -0.71581 -0.17916 F   38 
-0.43241 -0.42481 -0.76269 B   39 
-0.54789 -0.44302 -1.03964 N   39 
-0.11129 -0.39209 -0.88933 B   40 
-0.01566 -0.62026 -0.85880 T   40 
-0.20597 -0.21329 -1.16145 B   41 
-0.15790 -0.49229 -1.44292 Q   41 
-0.29612  0.02858 -1.01619 B   42 
-0.46646 -0.01805 -0.89997 A   42 
-0.38358  0.35884 -1.14512 B   43 
-0.20614  0.32202 -1.30960 T   43 
-0.37375  0.71519 -1.03001 B   44 
-0.63775  0.53260 -0.92550 N   44 
-0.45131  1.02588 -1.09638 B   45 
-0.14956  1.22029 -1.45444 R   45 
-0.35206  1.33639 -0.97927 B   46 
-0.26719  1.13275 -0.71724 N   46 
-0.40596  1.66794 -0.94929 B   47 
-0.63144  1.73693 -0.84365 T   47 
-0.07715  1.71752 -0.91493 B   48 
-0.00638  1.58772 -0.69474 D   48 
 0.02806  1.48881 -1.14742 B   49 
 0.05076  1.25450 -1.01057 B   50 
 0.11611  1.27299 -0.77436 S   50 
 0.08132  0.89103 -0.91778 B   51 
 0.00977  0.85817 -1.17840 T   51 
-0.07289  0.59800 -0.83058 B   52 
-0.18932  0.75670 -0.54919 D   52 
 0.07264  0.27581 -0.72248 B   53 
 0.26085  0.50165 -1.10236 Y   53 
-0.06717 -0.01165 -0.68071 B   54 
-0.18726 -0.18603 -0.39856 B   55 
-0.14866 -0.45298 -0.36430 I   55 
-0.09273  0.10583 -0.22623 B   56 
-0.02477 -0.08947  0.01985 L   56 
-0.08442  0.37093 -0.37479 B   57 
-0.35379  0.34306 -0.58956 Q   57 
 0.19443  0.48198 -0.45909 B   58 
 0.38120  0.31174 -0.27961 I   58 
 0.34285  0.79096 -0.48780 B   59 
 0.19859  1.05909 -0.47737 N   59 
 0.53109  0.99091 -0.73181 B   60 
 0.40802  0.98622 -0.92511 S   60 
 0.62349  1.24796 -0.55423 B   61 
 0.40219  1.60038 -0.66113 R   61 
 0.79093  1.05255 -0.32694 B   62 
 0.60870  1.39877 -0.09289 W   62 
 0.85038  0.72168 -0.39858 B   63 
 0.67060  0.78143 -0.00346 W   63 
 0.84083  0.72298 -0.72388 B   64 
 0.66104  0.53831 -0.75903 X   64 
 0.93487  0.68308 -1.07037 B   65 
 1.14139  0.85533 -1.19645 N   65 
 0.75908  0.80407 -1.39136 B   66 
 0.53814  0.90058 -1.27077 D   66 
 0.87171  1.06485 -1.56353 B   67 
 0.58935  1.27870 -1.48531 B   68 
 0.20474  1.03314 -1.61303 R   68 
 0.68988  1.41877 -1.19020 B   69 
 0.51531  1.27285 -1.07414 T   69 
 0.74269  1.70431 -1.08447 B   70 
 0.62890  1.78392 -1.24720 P   70 
 0.92491  1.71648 -0.79819 B   71 
 1.02643  1.44122 -0.74029 B   72 
 0.94074  1.29364 -0.90566 S   72 
 1.18504  1.18029 -0.51121 B   73 
 1.28409  1.41734 -0.26288 R   73 
 1.22152  0.86570 -0.48159 B   74 
 1.27231  0.70143 -0.70157 N   74 
 1.25207  0.71900 -0.18403 B   75 
 1.16233  0.98528 -0.02338 L   75 
 1.23819  0.40428 -0.29067 B   76 
 0.96562  0.36994 -0.14567 X   76 
 1.40632  0.37235 -0.53696 B   77 
 1.67489  0.41549 -0.55820 N   77 
 1.17587  0.34668 -0.78628 B   78 
 1.12144  0.08622 -0.66025 I   78 
 0.99941  0.23970 -1.02709 B   79 
 1.15679  0.15480 -1.13527 P   79 
 0.66553  0.25416 -1.04006 B   80 
 0.61744  0.56231 -0.99007 X   80 
 0.63397 -0.01844 -1.20002 B   81 
 0.77336  0.02258 -1.39068 S   81 
 0.72702 -0.20563 -0.96599 B   82 
 0.93043 -0.15954 -0.93741 A   82 
 0.43827 -0.15105 -0.81951 B   83 
 0.54041  0.09253 -0.62620 L   83 
 0.29150 -0.36164 -1.05086 B   84 
 0.20043 -0.07165 -1.17682 L   84 
 0.37752 -0.61850 -0.97508 B   85 
 0.61270 -0.72259 -1.00682 S   85 
 0.31774 -0.94312 -0.86155 B   86 
 0.33302 -1.09158 -1.04885 S   86 
 0.55732 -0.85889 -0.69019 B   87 
 0.80904 -0.99040 -0.62092 D   87 
 0.52731 -0.69944 -0.36819 B   88 
 0.29928 -0.79263 -0.26329 I   88 
 0.80597 -0.62275 -0.25611 B   89 
 0.96635 -0.83232 -0.28495 T   89 
 0.82452 -0.32321 -0.33785 B   90 
 0.87438 -0.32223 -0.54940 A   90 
 0.56762 -0.22047 -0.19428 B   91 
 0.38290 -0.24658 -0.39556 S   91 
 0.64333 -0.31080  0.08836 B   92 
 0.58041 -0.56098  0.13498 V   92 
 0.90887 -0.16167  0.12600 B   93 
 1.11917 -0.41048  0.04203 N   93 
 0.77474  0.11183  0.07395 B   94 
 0.75754  0.26028 -0.16865 X   94 
 0.55361  0.10154  0.28946 B   95 
 0.40422 -0.03444  0.21503 A   95 
 0.74467  0.08663  0.53172 B   96 
 0.85745 -0.36494  0.54791 K   96 
 0.84509  0.37754  0.48265 B   97 
 1.15322  0.37072  0.25170 K   97 
 0.57599  0.52838  0.49466 B   98 
 0.45255  0.51209  0.21062 I   98 
 0.47897  0.43922  0.78724 B   99 
 0.39188  0.22642  0.81795 V   99 
 0.76347  0.56812  0.90757 B   100 
 0.86802  0.32763  0.89931 S   100 
 0.72191  0.88997  0.84595 B   101 
 0.72067  1.01786  0.59888 D   101 
 0.47480  0.97415  1.09952 B   102 
 0.15092  0.91629  1.00468 B   103 
 0.16574  1.22496  0.90583 N   103 
 0.14336  0.64975  0.92765 B   104 
-0.15085  0.52317  0.77785 B   105 
-0.17832  0.13259  0.80004 M   105 
-0.25242  0.81743  0.69727 B   106 
-0.33884  0.87675  1.01093 N   106 
-0.11875  0.80992  0.41308 B   107 
 0.08327  0.77865  0.45723 A   107 
-0.38410  0.64272  0.36721 B   108 
-0.03250  0.34786  0.27965 W   108 
-0.68239  0.75991  0.28119 B   109 
-0.66539  0.97112  0.13746 V   109 
-0.84584  0.49298  0.27988 B   110 
-0.82030  0.41061  0.08354 A   110 
-0.77027  0.40598  0.56177 B   111 
-0.52847  0.30728  0.85055 W   111 
-0.86997  0.65345  0.71974 B   112 
-0.76647  1.05872  0.66171 R   112 
-1.17394  0.65670  0.58303 B   113 
-1.11671  0.94631  0.44833 N   113 
-1.21406  0.30336  0.59795 B   114 
-1.37112  0.31342  0.12087 R   114 
-1.02616  0.16876  0.84629 B   115 
-0.89731  0.04265  0.58346 X   115 
-1.00986  0.35020  1.06786 B   116 
-0.73457  0.67599  1.19495 K   116 
-1.17356  0.22874  1.35890 B   117 
-1.21072 -0.04992  1.25909 B   118 
-1.29397  0.00436  1.01928 T   118 
-1.25737 -0.39759  1.19757 B   119 
-1.34803 -0.60842  1.36941 D   119 
-0.97025 -0.51663  1.05675 B   120 
-0.83717 -0.30633  1.07969 V   120 
-0.97967 -0.82225  1.12449 B   121 
-0.92936 -0.81603  1.53797 Q   121 
-1.19012 -0.89494  0.90214 B   122 
-1.36046 -0.79031  0.95680 A   122 
-0.96114 -0.90888  0.66952 B   123 
-1.12271 -0.55413  0.49184 W   123 
-0.85182 -1.20852  0.80347 B   124 
-0.63032 -1.09727  0.90754 I   124 
-1.07143 -1.38417  0.79083 B   125 
-1.31234 -1.13494  1.17583 R   125 
-1.01875 -1.72618  0.71428 B   126 
-0.71794 -1.70793  0.73658 B   127 
-0.72962 -1.46505  0.52385 X   127 
-0.40400 -1.88947  0.69815 B   128 
-0.34696 -2.19877  0.95419 R   128 
-0.17443 -1.78706  0.97895 B   129 
-0.23044 -1.56848  0.85020 L   129 
