246 
-0.76400  1.06721 -0.25354 B   1 
-1.09388  0.87972 -0.43315 K   1 
-1.01151  0.99004 -0.00623 B   2 
-0.92433  1.12740  0.19551 V   2 
-1.09600  0.70440  0.11395 B   3 
-0.98837  0.51152 -0.25905 F   3 
-1.30220  0.48180  0.20309 B   4 
-1.31357  0.19377  0.34336 B   5 
-1.42581  0.02558  0.72899 R   5 
-1.52866  0.03990  0.16464 B   6 
-1.73961 -0.03098  0.38565 X   6 
-1.41372  0.16215 -0.09701 B   7 
-1.44286  0.53097 -0.22161 E   7 
-1.12995  0.03927 -0.08671 B   8 
-0.87051  0.16848  0.01379 L   8 
-1.20476 -0.25573 -0.05811 B   9 
-1.28047 -0.28061  0.14390 A   9 
-1.34639 -0.27515 -0.32839 B   10 
-1.53728 -0.17119 -0.30436 A   10 
-1.10446 -0.19560 -0.50526 B   11 
-1.09679  0.02095 -0.50320 A   11 
-0.90491 -0.40685 -0.39797 B   12 
-0.70464 -0.21434 -0.07021 M   12 
-1.07564 -0.64304 -0.48469 B   13 
-1.40728 -0.85021 -0.29681 K   13 
-1.10708 -0.59451 -0.78426 B   14 
-1.19830 -0.20621 -1.00220 R   14 
-0.77765 -0.59561 -0.80052 B   15 
-0.78300 -0.21900 -0.89915 H   15 
-0.70777 -0.87632 -0.62221 B   16 
-0.61521 -0.85580 -0.29861 B   17 
-0.45221 -0.57635 -0.32272 L   17 
-0.78126 -1.07247 -0.19841 B   18 
-1.03855 -1.10028 -0.03296 D   18 
-0.56379 -1.31127 -0.09150 B   19 
-0.84980 -1.42248  0.00575 N   19 
-0.30479 -1.20327 -0.16309 B   20 
-0.11462 -1.06405 -0.53680 Y   20 
-0.06529 -1.40644 -0.07316 B   21 
 0.24209 -1.40946 -0.43519 R   21 
-0.27561 -1.46228  0.18866 B   22 
-0.41012 -1.16880  0.21670 B   23 
 0.02992 -1.11915  0.37545 Y   23 
-0.65314 -1.04056  0.34583 B   24 
-0.75937 -1.13362  0.53280 S   24 
-0.82593 -0.75993  0.29273 B   25 
-1.05083 -0.69312  0.08413 L   25 
-0.79245 -0.63991  0.58473 B   26 
-0.48714 -0.59428  0.56530 B   27 
-0.39628 -0.90078  0.67350 N   27 
-0.48628 -0.38391  0.34029 B   28 
-0.28883 -0.65116  0.04260 W   28 
-0.67010 -0.17998  0.47931 B   29 
-0.92167 -0.21894  0.42660 V   29 
-0.50199 -0.14987  0.73293 B   30 
-0.48257 -0.29493  0.96864 X   30 
-0.24758 -0.04476  0.59699 B   31 
-0.15154 -0.21891  0.50590 A   31 
-0.36527  0.20367  0.45503 B   32 
-0.47152  0.13218  0.28208 A   32 
-0.45897  0.34091  0.71273 B   33 
-0.70787  0.41982  0.93234 K   33 
-0.15450  0.35439  0.85609 B   34 
-0.34189  0.16639  1.17003 F   34 
 0.00175  0.48073  0.60693 B   35 
 0.21471  0.20427  0.56109 E   35 
-0.24001  0.70646  0.47579 B   36 
-0.24344  0.61202  0.27530 S   36 
-0.54187  0.72368  0.55375 B   37 
-0.60743  0.86701  0.79340 N   37 
-0.65975  0.68296  0.25299 B   38 
-0.86401  0.41043  0.48705 F   38 
-0.43209  0.86749  0.09945 B   39 
-0.44775  1.16573  0.13383 N   39 
-0.30593  0.90239 -0.22163 B   40 
-0.50472  0.85704 -0.36503 T   40 
-0.12747  1.18218 -0.15196 B   41 
-0.35234  1.45205 -0.34164 Q   41 
 0.06630  1.05624  0.03331 B   42 
-0.03423  0.99173  0.20774 A   42 
 0.37627  1.18989  0.17259 B   43 
 0.40372  1.30246 -0.04297 T   43 
 0.70858  1.06152  0.28847 B   44 
 0.45511  1.03895  0.51028 N   44 
 0.99525  1.13310  0.42862 B   45 
 1.29779  1.38923  0.11252 R   45 
 1.30569  0.98087  0.44934 B   46 
 1.10201  0.71446  0.37957 N   46 
 1.60763  0.95250  0.59685 B   47 
 1.60562  0.90805  0.85137 T   47 
 1.73402  0.82963  0.31280 B   48 
 1.60245  0.60417  0.26589 D   48 
 1.56639  1.03499  0.09564 B   49 
 1.33154  0.90697  0.04460 B   50 
 1.33942  0.66134  0.04691 S   50 
 0.97938  0.82470 -0.05965 B   51 
 0.95885  1.09609 -0.06611 T   51 
 0.64921  0.79414  0.02577 B   52 
 0.74125  0.54762  0.24641 D   52 
 0.36388  0.66472 -0.17048 B   53 
 0.67058  0.97082 -0.37778 Y   53 
 0.04773  0.67383 -0.10812 B   54 
-0.18150  0.44150  0.02571 B   55 
-0.43232  0.40938 -0.07422 I   55 
 0.10368  0.23813  0.05935 B   56 
-0.09446 -0.00876  0.00365 L   56 
 0.37721  0.36786  0.08702 B   57 
 0.30671  0.64768  0.27726 Q   57 
 0.56338  0.36999 -0.16306 B   58 
 0.42657  0.15448 -0.33890 I   58 
 0.90093  0.34511 -0.22438 B   59 
 1.12138  0.36233 -0.01481 N   59 
 1.16760  0.52146 -0.40531 B   60 
 1.15373  0.74061 -0.33962 S   60 
 1.41819  0.31507 -0.37784 B   61 
 1.71343  0.46229 -0.10258 R   61 
 1.24701  0.05974 -0.53075 B   62 
 1.50813 -0.13149 -0.20966 W   62 
 0.95176  0.12671 -0.69349 B   63 
 0.92010 -0.20827 -0.41278 W   63 
 0.98684  0.44242 -0.76428 B   64 
 0.76805  0.53195 -0.65574 X   64 
 1.01065  0.75261 -0.94785 B   65 
 1.24216  0.81171 -1.12429 N   65 
 1.11861  1.10351 -0.83041 B   66 
 1.14253  1.04231 -0.56897 D   66 
 1.41680  1.22833 -0.90680 B   67 
 1.54286  1.21939 -0.56679 B   68 
 1.22442  1.45525 -0.30696 R   68 
 1.66991  0.90256 -0.54971 B   69 
 1.47287  0.84348 -0.39832 T   69 
 1.94596  0.77471 -0.49535 B   70 
 2.01207  0.95842 -0.40790 P   70 
 1.97152  0.44995 -0.59119 B   71 
 1.72588  0.37864 -0.74610 B   72 
 1.58088  0.56690 -0.74710 S   72 
 1.48928  0.12668 -0.90815 B   73 
 1.71443 -0.14877 -0.87488 R   73 
 1.19264  0.10160 -1.02017 B   74 
 1.07193  0.30673 -1.16613 N   74 
 1.02612 -0.18692 -1.01521 B   75 
 1.24175 -0.32881 -0.81992 L   75 
 0.73189 -0.06736 -1.11393 B   76 
 0.61430 -0.13283 -0.83396 X   76 
 0.77081  0.12627 -1.33963 B   77 
 0.88206  0.07326 -1.58306 N   77 
 0.71604  0.42887 -1.19351 B   78 
 0.43790  0.33295 -1.18253 I   78 
 0.59570  0.71228 -1.11758 B   79 
 0.56561  0.77802 -1.31367 P   79 
 0.52724  0.81324 -0.80617 B   80 
 0.80591  0.76504 -0.66550 X   80 
 0.27501  0.98709 -0.89013 B   81 
 0.37067  1.13176 -1.05560 S   81 
 0.09231  0.74476 -0.96994 B   82 
 0.18450  0.66105 -1.13968 A   82 
 0.05601  0.67847 -0.65041 B   83 
 0.29434  0.45490 -0.63180 L   83 
-0.15757  0.94919 -0.62790 B   84 
 0.11245  1.08263 -0.49546 L   84 
-0.39140  0.86404 -0.75901 B   85 
-0.42893  0.83621 -1.01390 S   85 
-0.73119  0.78426 -0.76355 B   86 
-0.84925  0.96674 -0.86414 S   86 
-0.60915  0.55182 -0.92146 B   87 
-0.68013  0.42348 -1.17434 D   87 
-0.49920  0.24312 -0.77105 B   88 
-0.65773  0.20685 -0.55835 I   88 
-0.36800  0.05765 -0.98196 B   89 
-0.52605  0.05141 -1.19517 T   89 
-0.06622  0.11887 -0.93805 B   90 
-0.02920  0.30922 -1.03622 A   90 
-0.04790  0.04486 -0.63579 B   91 
-0.09696  0.28905 -0.52052 S   91 
-0.14722 -0.24369 -0.66122 B   92 
-0.40876 -0.26132 -0.65911 V   92 
 0.05863 -0.35701 -0.85858 B   93 
-0.11848 -0.32184 -1.14245 N   93 
 0.29376 -0.28257 -0.67236 B   94 
 0.45919 -0.05060 -0.67575 X   94 
 0.20436 -0.43065 -0.41637 B   95 
 0.04440 -0.31343 -0.33258 A   95 
 0.21101 -0.71425 -0.53860 B   96 
-0.19670 -0.74102 -0.76210 K   96 
 0.52140 -0.70597 -0.56516 B   97 
 0.61789 -0.56551 -0.91055 K   97 
 0.59756 -0.65206 -0.27088 B   98 
 0.58254 -0.34496 -0.23031 I   98 
 0.45490 -0.90416 -0.13282 B   99 
 0.22500 -0.90158 -0.10198 V   99 
 0.63685 -1.10130 -0.33297 B   100 
 0.43278 -1.11118 -0.49754 S   100 
 0.94277 -1.04436 -0.22211 B   101 
 1.09294 -0.81150 -0.24703 D   101 
 0.93345 -1.22611  0.09305 B   102 
 0.80708 -1.04597  0.35539 B   103 
 1.11862 -0.96767  0.40104 N   103 
 0.55746 -0.95863  0.27114 B   104 
 0.37859 -0.73061  0.47370 B   105 
-0.00634 -0.72830  0.39873 M   105 
 0.64502 -0.63825  0.62824 B   106 
 0.64544 -0.91968  0.80192 N   106 
 0.70299 -0.39996  0.43191 B   107 
 0.71871 -0.49506  0.24631 A   107 
 0.48072 -0.27800  0.62216 B   108 
 0.29519 -0.27515  0.19344 W   108 
 0.52812 -0.12052  0.91036 B   109 
 0.75148  0.00451  0.91650 V   109 
 0.23057 -0.06447  0.98970 B   110 
 0.17963  0.12121  0.89528 A   110 
 0.13449 -0.35241  0.96511 B   111 
 0.06812 -0.69083  0.78437 W   111 
 0.32984 -0.48828  1.16390 B   112 
 0.75197 -0.47698  1.16330 R   112 
 0.27188 -0.27568  1.41400 B   113 
 0.57973 -0.17338  1.40621 N   113 
-0.07960 -0.26456  1.35911 B   114 
-0.05623  0.23627  1.39062 R   114 
-0.18952 -0.54817  1.20884 B   115 
-0.24918 -0.32419  0.99006 X   115 
-0.03563 -0.77345  1.29742 B   116 
 0.33258 -0.98289  1.16094 K   116 
-0.22592 -1.00493  1.48837 B   117 
-0.49208 -0.88725  1.42278 B   118 
-0.43408 -0.63640  1.45598 T   118 
-0.83124 -0.80101  1.35671 B   119 
-1.07586 -0.93345  1.42613 D   119 
-0.85797 -0.73703  1.02259 B   120 
-0.62490 -0.80343  0.96147 V   120 
-1.16174 -0.78695  0.96508 B   121 
-1.18917 -1.19875  1.02168 Q   121 
-1.25971 -0.51368  1.08648 B   122 
-1.20794 -0.52525  1.28682 A   122 
-1.18974 -0.35020  0.81241 B   123 
-0.86939 -0.15086  1.01530 W   123 
-1.46534 -0.49579  0.66232 B   124 
-1.31436 -0.65974  0.51201 I   124 
-1.68794 -0.41768  0.81589 B   125 
-1.55163 -0.73455  1.20241 R   125 
-1.99507 -0.34371  0.65522 B   126 
-1.90450 -0.44620  0.38576 B   127 
-1.65019 -0.24843  0.41020 X   127 
-1.99598 -0.48535  0.03492 B   128 
-2.30758 -0.73414 -0.03910 R   128 
-1.87115 -0.82125 -0.08182 B   129 
-1.66070 -0.69149 -0.00207 L   129 
