246 
-1.03791  0.10784  0.83548 B   1 
-1.08066 -0.29354  0.95084 K   1 
-0.84788  0.04416  1.13248 B   2 
-0.79047  0.28560  1.20716 V   2 
-0.57633 -0.12382  1.16743 B   3 
-0.68551 -0.37691  0.83286 F   3 
-0.38864 -0.33772  1.30537 B   4 
-0.09058 -0.45481  1.29067 B   5 
 0.27977 -0.42717  1.51798 R   5 
-0.13929 -0.76838  1.32502 B   6 
 0.03339 -0.82063  1.58158 X   6 
-0.39053 -0.75968  1.14223 B   7 
-0.74027 -0.60648  1.22355 E   7 
-0.25524 -0.66930  0.87906 B   8 
-0.23727 -0.38625  0.76215 L   8 
-0.03960 -0.88490  0.85768 B   9 
 0.10759 -0.83998  1.01089 A   9 
-0.23555 -1.11810  0.83107 B   10 
-0.31990 -1.14940  1.03040 A   10 
-0.37893 -1.01978  0.57433 B   11 
-0.52812 -0.87677  0.63950 A   11 
-0.12648 -0.98388  0.39843 B   12 
-0.00305 -0.57738  0.46260 M   12 
-0.04672 -1.27677  0.41604 B   13 
 0.18050 -1.50204  0.70901 K   13 
-0.29444 -1.41859  0.30827 B   14 
-0.73214 -1.33687  0.39951 R   14 
-0.25626 -1.23832  0.03471 B   15 
-0.58982 -1.05310  0.11232 H   15 
 0.07524 -1.28444 -0.02410 B   16 
 0.30037 -1.05123  0.06884 B   17 
 0.11181 -0.79249  0.01644 L   17 
 0.49756 -1.23259  0.18190 B   18 
 0.59443 -1.31277  0.46214 D   18 
 0.77171 -1.20409 -0.01756 B   19 
 0.87518 -1.38894  0.22483 N   19 
 0.68439 -1.02356 -0.22649 B   20 
 0.35418 -1.01865 -0.52000 Y   20 
 0.92497 -0.96853 -0.44054 B   21 
 0.71994 -0.98055 -0.86877 R   21 
 1.11568 -0.98979 -0.15933 B   22 
 0.90966 -0.86624  0.05817 B   23 
 1.05076 -0.49986 -0.20099 Y   23 
 0.87394 -0.85786  0.35954 B   24 
 1.05390 -0.88156  0.50770 S   24 
 0.61464 -0.80635  0.56336 B   25 
 0.38897 -1.00082  0.66242 L   25 
 0.73923 -0.56021  0.72046 B   26 
 0.73887 -0.36577  0.47992 B   27 
 1.04263 -0.45237  0.36101 N   27 
 0.43456 -0.34776  0.43575 B   28 
 0.44334 -0.55760  0.04215 W   28 
 0.36144 -0.25217  0.71898 B   29 
 0.31474 -0.44871  0.88260 V   29 
 0.54220 -0.00555  0.71947 B   30 
 0.81121  0.03510  0.77384 X   30 
 0.41132  0.13730  0.48132 B   31 
 0.48402  0.03490  0.30221 A   31 
 0.12073  0.15419  0.58618 B   32 
 0.03443 -0.04154  0.56255 A   32 
 0.19051  0.32045  0.83419 B   33 
 0.25162  0.34082  1.16924 K   33 
 0.32615  0.57799  0.66475 B   34 
 0.64924  0.51286  0.91049 F   34 
 0.08687  0.61949  0.45625 B   35 
 0.28015  0.54266  0.17230 E   35 
-0.19862  0.55622  0.65897 B   36 
-0.27284  0.39082  0.53145 S   36 
-0.20095  0.43388  0.94623 B   37 
-0.14388  0.61087  1.16460 N   37 
-0.39973  0.18507  0.87845 B   38 
-0.07563  0.01534  1.07062 F   38 
-0.60251  0.35390  0.67887 B   39 
-0.78985  0.55205  0.80541 N   39 
-0.83235  0.28292  0.42915 B   40 
-0.93005  0.06586  0.50317 T   40 
-0.95341  0.59914  0.41100 B   41 
-1.30818  0.54341  0.58538 Q   41 
-0.70719  0.72612  0.30620 B   42 
-0.55514  0.71738  0.45282 A   42 
-0.65780  1.06105  0.16934 B   43 
-0.88305  1.03709  0.07671 T   43 
-0.43780  1.23032 -0.08222 B   44 
-0.30471  1.18474  0.22465 N   44 
-0.34775  1.51288 -0.22005 B   45 
-0.70306  1.68635 -0.53741 R   45 
-0.18066  1.60533 -0.50904 B   46 
-0.07278  1.28305 -0.46630 N   46 
-0.01317  1.83698 -0.68797 B   47 
 0.19529  1.93892 -0.57433 T   47 
-0.10656  1.68502 -0.97071 B   48 
-0.00076  1.44200 -0.96135 D   48 
-0.42683  1.60705 -0.87700 B   49 
-0.40748  1.36442 -0.75493 B   50 
-0.23255  1.21413 -0.83989 S   50 
-0.47467  1.05595 -0.55002 B   51 
-0.67242  1.21318 -0.44857 T   51 
-0.44250  0.89083 -0.25178 B   52 
-0.10216  0.90102 -0.29630 D   52 
-0.53097  0.54337 -0.16168 B   53 
-0.84477  0.80711 -0.41210 Y   53 
-0.54063  0.39961  0.12669 B   54 
-0.31833  0.18934  0.30222 B   55 
-0.40268 -0.02679  0.44401 I   55 
-0.11013  0.24146  0.02338 B   56 
-0.00529 -0.05797  0.07499 L   56 
-0.14127  0.49535 -0.14089 B   57 
-0.21505  0.73071  0.10124 Q   57 
-0.28972  0.47468 -0.41427 B   58 
-0.28163  0.16845 -0.46151 I   58 
-0.26512  0.62127 -0.72447 B   59 
-0.09833  0.86705 -0.79218 N   59 
-0.47551  0.79320 -0.97171 B   60 
-0.58531  0.95831 -0.85674 S   60 
-0.27461  0.82033 -1.22677 B   61 
-0.14201  1.22556 -1.27981 R   61 
-0.22770  0.48087 -1.24789 B   62 
 0.16902  0.67519 -1.36061 W   62 
-0.43189  0.26972 -1.06938 B   63 
-0.00592  0.18361 -1.01321 W   63 
-0.69735  0.45387 -1.03025 B   64 
-0.71674  0.44098 -0.77116 X   64 
-1.03932  0.56985 -1.03987 B   65 
-1.16959  0.64942 -1.29466 N   65 
-1.18731  0.91536 -0.95446 B   66 
-0.95845  1.02514 -0.86370 D   66 
-1.28397  1.12663 -1.19187 B   67 
-1.02179  1.36884 -1.12729 B   68 
-1.05290  1.46967 -0.66533 R   68 
-0.76903  1.24946 -1.32395 B   69 
-0.65114  1.17679 -1.10934 T   69 
-0.60065  1.35498 -1.56063 B   70 
-0.65859  1.55479 -1.51073 P   70 
-0.43613  1.11397 -1.73428 B   71 
-0.53061  0.84755 -1.63671 B   72 
-0.68470  0.88326 -1.45938 S   72 
-0.50212  0.46792 -1.60863 B   73 
-0.25254  0.43955 -1.86275 R   73 
-0.60660  0.22367 -1.43369 B   74 
-0.87008  0.20926 -1.34244 N   74 
-0.42558 -0.05272 -1.39090 B   75 
-0.15796  0.08187 -1.51350 L   75 
-0.62180 -0.19686 -1.16433 B   76 
-0.39795 -0.16156 -0.95186 X   76 
-0.90923 -0.16796 -1.24491 B   77 
-1.02549 -0.26328 -1.47259 N   77 
-1.02744  0.06814 -1.02996 B   78 
-0.99372 -0.14699 -0.83181 I   78 
-1.19090  0.21815 -0.80334 B   79 
-1.37825  0.14142 -0.85520 P   79 
-1.05448  0.40359 -0.56075 B   80 
-0.88130  0.60575 -0.73079 X   80 
-1.27223  0.32570 -0.34301 B   81 
-1.47493  0.38719 -0.45523 S   81 
-1.18512  0.02560 -0.31433 B   82 
-1.23126 -0.06215 -0.50003 A   82 
-0.92107  0.12750 -0.14789 B   83 
-0.71612  0.13211 -0.40305 L   83 
-1.12670  0.18830  0.12310 B   84 
-1.08783  0.49658  0.01493 L   84 
-1.19311 -0.06784  0.21850 B   85 
-1.35703 -0.23861  0.11303 S   85 
-1.19064 -0.31617  0.46380 B   86 
-1.40619 -0.32003  0.56810 S   86 
-1.11988 -0.47512  0.21164 B   87 
-1.21690 -0.72791  0.10146 D   87 
-0.78230 -0.53038  0.09764 B   88 
-0.63191 -0.53479  0.31911 I   88 
-0.78008 -0.68158 -0.17297 B   89 
-0.94787 -0.88640 -0.15373 T   89 
-0.74768 -0.44658 -0.37415 B   90 
-0.94411 -0.35506 -0.39090 A   90 
-0.48219 -0.32709 -0.26276 B   91 
-0.58014 -0.14073 -0.08671 S   91 
-0.31241 -0.58057 -0.28917 B   92 
-0.33727 -0.74101 -0.08335 V   92 
-0.34024 -0.63604 -0.58969 B   93 
-0.58918 -0.86198 -0.57676 N   93 
-0.22767 -0.35753 -0.66222 B   94 
-0.36813 -0.11686 -0.72172 X   94 
 0.04151 -0.37088 -0.51118 B   95 
-0.00584 -0.34515 -0.30275 A   95 
 0.15596 -0.61024 -0.66936 B   96 
-0.04158 -0.97692 -0.46097 K   96 
 0.17755 -0.44028 -0.92968 B   97 
-0.14762 -0.47382 -1.13331 K   97 
 0.35639 -0.21042 -0.82725 B   98 
 0.16725 -0.00308 -0.69528 I   98 
 0.60830 -0.38130 -0.72572 B   99 
 0.59399 -0.49589 -0.52453 V   99 
 0.63373 -0.50519 -1.03561 B   100 
 0.49560 -0.71368 -0.95634 S   100 
 0.71644 -0.23599 -1.20824 B   101 
 0.55807 -0.01463 -1.26586 D   101 
 1.06237 -0.19416 -1.10319 B   102 
 1.10047 -0.01702 -0.81265 B   103 
 1.12356  0.23533 -1.01527 N   103 
 0.94354 -0.14850 -0.62525 B   104 
 0.89861 -0.00199 -0.30660 B   105 
 0.78772 -0.26046 -0.03331 M   105 
 0.98115  0.28956 -0.41425 B   106 
 1.29964  0.20067 -0.41970 N   106 
 0.68572  0.37292 -0.48107 B   107 
 0.62518  0.22579 -0.61682 A   107 
 0.70012  0.42078 -0.16806 B   108 
 0.37150  0.09474 -0.23082 W   108 
 0.79787  0.69675 -0.01188 B   109 
 0.74758  0.90770 -0.14799 V   109 
 0.76992  0.60224  0.28521 B   110 
 0.56637  0.64218  0.33959 A   110 
 0.94034  0.35146  0.25681 B   111 
 1.04158  0.00512  0.11052 W   111 
 1.20319  0.48003  0.15424 B   112 
 1.25732  0.72953 -0.18212 R   112 
 1.22014  0.71078  0.39417 B   113 
 1.18856  0.94868  0.17577 N   113 
 1.12203  0.48749  0.65339 B   114 
 0.79647  0.83527  0.81288 R   114 
 1.19967  0.16665  0.57509 B   115 
 0.88121  0.16172  0.58715 X   115 
 1.44213  0.15773  0.42209 B   116 
 1.54817  0.16594 -0.01007 K   116 
 1.70945 -0.00014  0.59493 B   117 
 1.54182 -0.11223  0.81477 B   118 
 1.39777  0.09755  0.86604 T   118 
 1.38509 -0.28650  1.08291 B   119 
 1.49015 -0.47541  1.27125 D   119 
 1.10315 -0.43363  0.95919 B   120 
 1.14152 -0.37337  0.71969 V   120 
 1.05305 -0.66961  1.15888 B   121 
 1.37709 -0.91772  1.07535 Q   121 
 0.93175 -0.48973  1.38679 B   122 
 1.08732 -0.36395  1.44090 A   122 
 0.63628 -0.48710  1.24740 B   123 
 0.68557 -0.07167  1.15512 W   123 
 0.59280 -0.81542  1.34735 B   124 
 0.62516 -0.91032  1.09792 I   124 
 0.61228 -0.81453  1.62817 B   125 
 1.12424 -0.73799  1.60760 R   125 
 0.40288 -1.02699  1.81954 B   126 
 0.30008 -1.17906  1.57950 B   127 
 0.21616 -0.89466  1.45120 X   127 
 0.06915 -1.43753  1.46610 B   128 
 0.14576 -1.81285  1.59931 R   128 
 0.24157 -1.63935  1.19856 B   129 
 0.23743 -1.39481  1.11094 L   129 
