246 
-0.44902  0.28437  1.22655 B   1 
-0.49118 -0.10387  1.38060 K   1 
-0.14878  0.18555  1.39528 B   2 
-0.02439  0.41232  1.41175 V   2 
 0.07337 -0.02836  1.30545 B   3 
-0.22688 -0.25534  1.09040 F   3 
 0.26835 -0.27334  1.34995 B   4 
 0.49628 -0.44151  1.19986 B   5 
 0.92966 -0.48204  1.21177 R   5 
 0.42242 -0.74166  1.27945 B   6 
 0.68947 -0.82582  1.42077 X   6 
 0.11847 -0.68693  1.24435 B   7 
-0.11446 -0.47454  1.47465 E   7 
 0.11639 -0.62002  0.94228 B   8 
 0.11797 -0.34379  0.80886 L   8 
 0.25523 -0.87040  0.83516 B   9 
 0.46426 -0.85361  0.89154 A   9 
 0.03821 -1.06477  0.92797 B   10 
 0.06111 -1.08211  1.14476 A   10 
-0.19670 -0.94048  0.76824 B   11 
-0.26854 -0.77371  0.88649 A   11 
-0.06400 -0.94873  0.48845 B   12 
 0.13743 -0.57122  0.44967 M   12 
-0.03358 -1.25127  0.48849 B   13 
 0.27077 -1.51568  0.64869 K   13 
-0.32081 -1.34587  0.52901 B   14 
-0.63497 -1.18823  0.81717 R   14 
-0.39658 -1.17314  0.25843 B   15 
-0.61252 -0.93210  0.47490 H   15 
-0.15100 -1.27708  0.04780 B   16 
 0.12403 -1.08842 -0.00195 B   17 
-0.02183 -0.79984  0.02435 L   17 
 0.31979 -1.30287  0.01364 B   18 
 0.52972 -1.40121  0.21515 D   18 
 0.45801 -1.32208 -0.29665 B   19 
 0.63808 -1.52429 -0.12256 N   19 
 0.30773 -1.12726 -0.44939 B   20 
-0.11941 -1.06133 -0.54112 Y   20 
 0.41426 -1.11427 -0.75795 B   21 
 0.02368 -1.08624 -1.02669 R   21 
 0.71389 -1.17135 -0.60673 B   22 
 0.66674 -1.01480 -0.32694 B   23 
 0.71522 -0.67738 -0.65113 Y   23 
 0.78832 -1.00255 -0.04902 B   24 
 1.01189 -1.05907 -0.00752 S   24 
 0.67758 -0.90729  0.25114 B   25 
 0.50421 -1.05924  0.46424 L   25 
 0.90112 -0.68851  0.30547 B   26 
 0.81128 -0.49523  0.08131 B   27 
 0.99679 -0.63360 -0.16434 N   27 
 0.53292 -0.42298  0.19167 B   28 
 0.31044 -0.62794 -0.13623 W   28 
 0.62738 -0.31812  0.46514 B   29 
 0.63835 -0.50448  0.64606 V   29 
 0.82052 -0.10764  0.35611 B   30 
 1.08319 -0.11596  0.26717 X   30 
 0.61258  0.05809  0.20265 B   31 
 0.56875 -0.05421  0.02012 A   31 
 0.42025  0.12563  0.43539 B   32 
 0.30401 -0.05141  0.47361 A   32 
 0.62994  0.27486  0.60206 B   33 
 0.85271  0.28140  0.86040 K   33 
 0.70143  0.50546  0.36722 B   34 
 1.08911  0.38192  0.42604 F   34 
 0.40000  0.59053  0.30125 B   35 
 0.41046  0.48274 -0.03364 E   35 
 0.24826  0.57752  0.62283 B   36 
 0.09516  0.42898  0.56262 S   36 
 0.37056  0.45530  0.88282 B   37 
 0.55631  0.61759  1.02921 N   37 
 0.12808  0.24640  0.94265 B   38 
 0.47331  0.02018  0.96320 F   38 
-0.11768  0.45020  0.85592 B   39 
-0.18262  0.67754  1.04159 N   39 
-0.44946  0.42323  0.75887 B   40 
-0.52995  0.22646  0.88903 T   40 
-0.51163  0.75609  0.77681 B   41 
-0.73535  0.76305  1.10739 Q   41 
-0.33431  0.83802  0.55416 B   42 
-0.13292  0.80119  0.60686 A   42 
-0.30774  1.15986  0.38370 B   43 
-0.54964  1.17712  0.41655 T   43 
-0.21943  1.28922  0.04340 B   44 
 0.04012  1.21827  0.24727 N   44 
-0.16700  1.55230 -0.14365 B   45 
-0.60080  1.78874 -0.25752 R   45 
-0.15460  1.61578 -0.48394 B   46 
-0.09231  1.27912 -0.47358 N   46 
-0.06483  1.81530 -0.74058 B   47 
 0.18560  1.87760 -0.75337 T   47 
-0.30974  1.68462 -0.92685 B   48 
-0.25337  1.42658 -0.95091 D   48 
-0.54791  1.66419 -0.68132 B   49 
-0.50875  1.42104 -0.56517 B   50 
-0.42603  1.24268 -0.71265 S   50 
-0.51228  1.12787 -0.32917 B   51 
-0.60508  1.31700 -0.15673 T   51 
-0.36187  0.95733 -0.07316 B   52 
-0.09271  0.90710 -0.28041 D   52 
-0.44707  0.63048  0.07711 B   53 
-0.79779  0.94783 -0.00670 Y   53 
-0.33383  0.48848  0.34345 B   54 
-0.09003  0.24062  0.40314 B   55 
-0.12512  0.04186  0.58532 I   55 
-0.04393  0.25702  0.05468 B   56 
 0.02382 -0.05669  0.07233 L   56 
-0.11244  0.51368 -0.09313 B   57 
-0.01700  0.75651  0.13356 Q   57 
-0.37879  0.52191 -0.25496 B   58 
-0.44393  0.21951 -0.27464 I   58 
-0.48977  0.66420 -0.54780 B   59 
-0.34275  0.87688 -0.70894 N   59 
-0.76535  0.87278 -0.67231 B   60 
-0.77526  1.05389 -0.53218 S   60 
-0.71752  0.86570 -0.99450 B   61 
-0.56708  1.24125 -1.13920 R   61 
-0.74179  0.52349 -1.00798 B   62 
-0.42963  0.64494 -1.31726 W   62 
-0.85978  0.35068 -0.73529 B   63 
-0.48260  0.18966 -0.88965 W   63 
-1.03715  0.57884 -0.58564 B   64 
-0.92616  0.56758 -0.35065 X   64 
-1.31481  0.75393 -0.43487 B   65 
-1.54056  0.85741 -0.59782 N   65 
-1.34352  1.11959 -0.31636 B   66 
-1.08590  1.18615 -0.35968 D   66 
-1.51112  1.34654 -0.49168 B   67 
-1.21731  1.53769 -0.58502 B   68 
-0.99689  1.63882 -0.17792 R   68 
-1.11927  1.37675 -0.87016 B   69 
-0.92308  1.28258 -0.73646 T   69 
-1.07755  1.45246 -1.16686 B   70 
-1.07036  1.65899 -1.11152 P   70 
-1.06239  1.18737 -1.37853 B   71 
-1.13616  0.94128 -1.22550 B   72 
-1.17306  1.00246 -0.99887 S   72 
-1.15786  0.56243 -1.18397 B   73 
-1.07689  0.49207 -1.52480 R   73 
-1.19797  0.33933 -0.96083 B   74 
-1.37898  0.37135 -0.75067 N   74 
-1.06613  0.03479 -0.99029 B   75 
-0.87827  0.12054 -1.23953 L   75 
-1.14270 -0.07387 -0.68543 B   76 
-0.84029 -0.08066 -0.61474 X   76 
-1.42318  0.00637 -0.61582 B   77 
-1.65107 -0.06494 -0.74781 N   77 
-1.37905  0.25806 -0.39082 B   78 
-1.28526  0.03881 -0.21814 I   78 
-1.38121  0.43299 -0.12631 B   79 
-1.57880  0.39126 -0.07249 P   79 
-1.11445  0.58928  0.00123 B   80 
-1.02005  0.75869 -0.24809 X   80 
-1.20331  0.54970  0.30360 B   81 
-1.42230  0.64718  0.30133 S   81 
-1.16224  0.23867  0.31019 B   82 
-1.30824  0.16199  0.17935 A   82 
-0.83807  0.29062  0.31570 B   83 
-0.79041  0.26066 -0.00673 L   83 
-0.86807  0.38493  0.64680 B   84 
-0.84033  0.68221  0.50856 L   84 
-0.91740  0.14397  0.78326 B   85 
-1.13670  0.00595  0.78683 S   85 
-0.83191 -0.10274  1.01492 B   86 
-0.96392 -0.06898  1.21188 S   86 
-0.92285 -0.26977  0.77474 B   87 
-1.10051 -0.50038  0.74799 D   87 
-0.70114 -0.38336  0.51407 B   88 
-0.46305 -0.41621  0.63206 I   88 
-0.85845 -0.53042  0.29108 B   89 
-1.02407 -0.70223  0.40736 T   89 
-0.89430 -0.30337  0.08152 B   90 
-1.05547 -0.17821  0.15636 A   90 
-0.59366 -0.23394  0.03720 B   91 
-0.55958 -0.03450  0.22263 S   91 
-0.50235 -0.51338 -0.04853 B   92 
-0.44598 -0.66844  0.15519 V   92 
-0.68508 -0.56066 -0.29048 B   93 
-0.92630 -0.73876 -0.13791 N   93 
-0.58147 -0.30608 -0.43175 B   94 
-0.69277 -0.04379 -0.43382 X   94 
-0.27885 -0.36833 -0.43261 B   95 
-0.21089 -0.33621 -0.23088 A   95 
-0.29832 -0.62300 -0.60633 B   96 
-0.42029 -0.95027 -0.29824 K   96 
-0.38322 -0.45756 -0.85641 B   97 
-0.76722 -0.43107 -0.86963 K   97 
-0.14340 -0.26403 -0.87485 B   98 
-0.20570 -0.02736 -0.68435 I   98 
 0.09485 -0.47782 -0.89709 B   99 
 0.16515 -0.58961 -0.70637 V   99 
-0.05802 -0.60183 -1.16780 B   100 
-0.16895 -0.78301 -1.01386 S   100 
-0.03134 -0.35031 -1.38026 B   101 
-0.16001 -0.10385 -1.37029 D   101 
 0.32235 -0.37157 -1.46334 B   102 
 0.52806 -0.20633 -1.24512 B   103 
 0.48629  0.03946 -1.45275 N   103 
 0.46734 -0.30923 -0.99460 B   104 
 0.61155 -0.15956 -0.70856 B   105 
 0.61291 -0.39629 -0.39591 M   105 
 0.67409  0.11347 -0.86650 B   106 
 0.92851 -0.03066 -1.02098 N   106 
 0.40231  0.24862 -0.78552 B   107 
 0.25963  0.11569 -0.86111 A   107 
 0.57863  0.29070 -0.52550 B   108 
 0.21590  0.02888 -0.39092 W   108 
 0.78357  0.54362 -0.46118 B   109 
 0.70604  0.76122 -0.57162 V   109 
 0.89337  0.45328 -0.18234 B   110 
 0.75354  0.52839 -0.03814 A   110 
 0.98464  0.17639 -0.27033 B   111 
 0.94297 -0.18129 -0.41842 W   111 
 1.17750  0.25690 -0.49938 B   112 
 1.09485  0.49541 -0.83792 R   112 
 1.34836  0.47906 -0.31896 B   113 
 1.24988  0.72049 -0.51212 N   113 
 1.35913  0.27478 -0.02770 B   114 
 1.21663  0.67371  0.24234 R   114 
 1.33538 -0.05413 -0.10738 B   115 
 1.06946 -0.00237  0.06054 X   115 
 1.46394 -0.10488 -0.35873 B   116 
 1.33945 -0.11230 -0.78596 K   116 
 1.75302 -0.30917 -0.32789 B   117 
 1.70248 -0.39134 -0.04560 B   118 
 1.63861 -0.15967  0.05257 T   118 
 1.67554 -0.53702  0.27826 B   119 
 1.82931 -0.74308  0.40511 D   119 
 1.35035 -0.63062  0.32230 B   120 
 1.27281 -0.57628  0.09100 V   120 
 1.37024 -0.85547  0.53937 B   121 
 1.56517 -1.15665  0.32764 Q   121 
 1.40933 -0.65865  0.78175 B   122 
 1.58873 -0.56301  0.74153 A   122 
 1.08846 -0.60236  0.80655 B   123 
 1.14996 -0.20164  0.66812 W   123 
 1.04952 -0.91847  0.94160 B   124 
 0.93736 -1.01566  0.71744 I   124 
 1.20666 -0.92326  1.17510 B   125 
 1.64439 -0.93894  0.89848 R   125 
 1.09045 -1.09653  1.46161 B   126 
 0.85886 -1.22598  1.31695 B   127 
 0.76821 -0.93019  1.22382 X   127 
 0.56468 -1.43831  1.35393 B   128 
 0.63718 -1.82230  1.46241 R   128 
 0.54583 -1.66550  1.05381 B   129 
 0.53715 -1.42346  0.95985 L   129 
