246 
 1.14065  0.25918  0.64704 B   1 
 1.24904 -0.12965  0.76235 K   1 
 1.35334  0.11199  0.39911 B   2 
 1.41290  0.31942  0.25560 V   2 
 1.28826 -0.12230  0.18923 B   3 
 1.00140 -0.29452  0.46485 F   3 
 1.34673 -0.39260  0.03581 B   4 
 1.22784 -0.57845 -0.19675 B   5 
 1.31730 -0.67480 -0.61185 R   5 
 1.26524 -0.87121 -0.07521 B   6 
 1.44619 -0.99786 -0.29789 X   6 
 1.17866 -0.77586  0.20767 B   7 
 1.37899 -0.55082  0.45593 E   7 
 0.88870 -0.68974  0.14257 B   8 
 0.78294 -0.40790  0.08350 L   8 
 0.78783 -0.94833  0.01453 B   9 
 0.88374 -0.96214 -0.17981 A   9 
 0.82064 -1.11894  0.26613 B   10 
 1.03548 -1.15313  0.28855 A   10 
 0.63128 -0.95549  0.44934 B   11 
 0.74822 -0.78894  0.52378 A   11 
 0.38178 -0.96246  0.26588 B   12 
 0.41511 -0.61212  0.01940 M   12 
 0.36074 -1.26576  0.27044 B   13 
 0.55121 -1.57680  0.03554 K   13 
 0.33806 -1.32525  0.56883 B   14 
 0.57488 -1.14776  0.91380 R   14 
 0.07443 -1.12702  0.56974 B   15 
 0.26697 -0.87491  0.79548 H   15 
-0.09468 -1.24763  0.30079 B   16 
-0.07498 -1.09289  0.00183 B   17 
-0.05110 -0.79034  0.11645 L   17 
-0.04194 -1.33120 -0.16150 B   18 
 0.18590 -1.46848 -0.31508 D   18 
-0.32121 -1.34773 -0.35513 B   19 
-0.13499 -1.58221 -0.47330 N   19 
-0.48160 -1.12577 -0.26092 B   20 
-0.64572 -0.99988  0.12950 Y   20 
-0.76227 -1.10649 -0.42699 B   21 
-1.09603 -1.01129 -0.10280 R   21 
-0.56312 -1.21116 -0.68250 B   22 
-0.28442 -1.06838 -0.59909 B   23 
-0.56256 -0.71959 -0.74837 Y   23 
 0.01137 -1.08989 -0.66406 B   24 
 0.08895 -1.17714 -0.86721 S   24 
 0.29261 -1.00095 -0.50778 B   25 
 0.45505 -1.14298 -0.27975 L   25 
 0.40712 -0.81658 -0.73948 B   26 
 0.18809 -0.59923 -0.71804 B   27 
-0.02962 -0.74395 -0.93151 N   27 
 0.25015 -0.49927 -0.43337 B   28 
-0.13055 -0.65232 -0.25822 W   28 
 0.54469 -0.42536 -0.48327 B   29 
 0.70722 -0.62296 -0.43721 V   29 
 0.49294 -0.23470 -0.71664 B   30 
 0.45454 -0.27077 -0.98904 X   30 
 0.31845 -0.03410 -0.56314 B   31 
 0.12172 -0.12776 -0.54377 A   31 
 0.51596  0.04224 -0.33757 B   32 
 0.51584 -0.12057 -0.19683 A   32 
 0.73160  0.15225 -0.52577 B   33 
 1.02673  0.11341 -0.69249 K   33 
 0.53573  0.38657 -0.66777 B   34 
 0.65515  0.21086 -1.01973 F   34 
 0.42210  0.51363 -0.39684 B   35 
 0.08693  0.42739 -0.46091 E   35 
 0.70702  0.49928 -0.18418 B   36 
 0.60621  0.37579 -0.03018 S   36 
 0.97349  0.34577 -0.23819 B   37 
 1.16595  0.47309 -0.40855 N   37 
 0.96797  0.16619  0.03334 B   38 
 1.03290 -0.10322 -0.27323 F   38 
 0.85502  0.40497  0.23254 B   39 
 1.04457  0.62620  0.30670 N   39 
 0.69537  0.42706  0.53954 B   40 
 0.79015  0.23417  0.66583 T   40 
 0.73072  0.76326  0.56601 B   41 
 1.01268  0.77730  0.84828 Q   41 
 0.55348  0.83611  0.34016 B   42 
 0.63960  0.77046  0.15859 A   42 
 0.42022  1.16230  0.24429 B   43 
 0.40844  1.20821  0.48439 T   43 
 0.11538  1.30113  0.07656 B   44 
 0.35727  1.18445 -0.12797 N   44 
-0.03445  1.56693 -0.04112 B   45 
-0.20639  1.86385  0.33215 R   45 
-0.35937  1.65029 -0.12748 B   46 
-0.36735  1.30847 -0.14806 N   46 
-0.57589  1.85293 -0.28807 B   47 
-0.53584  1.88336 -0.54151 T   47 
-0.81567  1.76706 -0.07154 B   48 
-0.85147  1.50604 -0.10202 D   48 
-0.62204  1.76137  0.21113 B   49 
-0.52259  1.50817  0.22338 B   50 
-0.66711  1.33066  0.13390 S   50 
-0.31836  1.20315  0.30649 B   51 
-0.15037  1.39100  0.40950 T   51 
-0.05478  0.99849  0.22979 B   52 
-0.21140  0.92780 -0.06753 D   52 
 0.04727  0.67616  0.37933 B   53 
-0.07249  1.04057  0.66848 Y   53 
 0.31650  0.50383  0.33763 B   54 
 0.39874  0.22345  0.13999 B   55 
 0.55276  0.01940  0.23256 I   55 
 0.06799  0.25643  0.02452 B   56 
 0.07021 -0.06385 -0.00253 L   56 
-0.06674  0.52880  0.03308 B   57 
 0.19444  0.74217 -0.04259 Q   57 
-0.27434  0.58156  0.25961 B   58 
-0.33261  0.29191  0.35333 I   58 
-0.56905  0.75562  0.29385 B   59 
-0.68023  0.95775  0.09486 N   59 
-0.72414  1.00540  0.51409 B   60 
-0.57290  1.17680  0.53091 S   60 
-1.03095  1.01321  0.40477 B   61 
-1.11099  1.37502  0.18729 R   61 
-1.07899  0.67853  0.46441 B   62 
-1.31215  0.77887  0.08570 W   62 
-0.84971  0.50489  0.65262 B   63 
-0.94411  0.30729  0.27307 W   63 
-0.71644  0.74367  0.82908 B   64 
-0.46672  0.70304  0.76862 X   64 
-0.60561  0.94268  1.10943 B   65 
-0.79825  1.08458  1.28543 N   65 
-0.46270  1.30053  1.11943 B   66 
-0.45079  1.33624  0.85250 D   66 
-0.64559  1.55798  1.22242 B   67 
-0.66478  1.71560  0.89629 B   68 
-0.21620  1.76101  0.75051 R   68 
-0.93954  1.56232  0.76278 B   69 
-0.78024  1.43532  0.60873 T   69 
-1.21523  1.65118  0.65507 B   70 
-1.14146  1.85106  0.63565 P   70 
-1.44291  1.40066  0.62851 B   71 
-1.32886  1.15661  0.75835 B   72 
-1.10868  1.20715  0.83207 S   72 
-1.32585  0.78177  0.83048 B   73 
-1.65028  0.72392  0.69236 R   73 
-1.13486  0.55161  0.93876 B   74 
-0.96045  0.59281  1.15286 N   74 
-1.16588  0.23526  0.83897 B   75 
-1.36682  0.31228  0.59718 L   75 
-0.89167  0.11771  0.98595 B   76 
-0.76632  0.06769  0.70616 X   76 
-0.86917  0.22850  1.26374 B   77 
-1.04740  0.19568  1.46770 N   77 
-0.61849  0.45731  1.23670 B   78 
-0.45137  0.21710  1.20421 I   78 
-0.34467  0.61351  1.27121 B   79 
-0.33284  0.59401  1.47896 P   79 
-0.15597  0.72575  1.01893 B   80 
-0.36712  0.89753  0.85868 X   80 
 0.11962  0.67830  1.16957 B   81 
 0.08490  0.80295  1.37137 S   81 
 0.10625  0.36481  1.16602 B   82 
-0.05596  0.31611  1.29106 A   82 
 0.17713  0.37437  0.84556 B   83 
-0.13197  0.35957  0.73894 L   83 
 0.50372  0.45002  0.92941 B   84 
 0.40003  0.74966  0.84154 L   84 
 0.60660  0.20900  1.03160 B   85 
 0.55668  0.10025  1.26146 S   85 
 0.82743 -0.06115  1.02191 B   86 
 0.99829 -0.02365  1.18550 S   86 
 0.56062 -0.19920  1.08198 B   87 
 0.48066 -0.40294  1.27577 D   87 
 0.33722 -0.32305  0.82750 B   88 
 0.49445 -0.39371  0.62262 I   88 
 0.07652 -0.43396  0.95333 B   89 
 0.14395 -0.59035  1.15696 T   89 
-0.11510 -0.19105  0.92125 B   90 
-0.06108 -0.05142  1.07882 A   90 
-0.09583 -0.15795  0.61189 B   91 
 0.10961  0.02302  0.59274 S   91 
-0.18729 -0.44061  0.53765 B   92 
 0.00885 -0.61452  0.54045 V   92 
-0.46248 -0.44828  0.67321 B   93 
-0.37430 -0.60358  0.95833 N   93 
-0.55866 -0.20042  0.51568 B   94 
-0.55837  0.07354  0.59402 X   94 
-0.50817 -0.30070  0.22785 B   95 
-0.29523 -0.29073  0.19783 A   95 
-0.70431 -0.53895  0.24133 B   96 
-0.45483 -0.86724  0.45785 K   96 
-0.95024 -0.34810  0.25599 B   97 
-1.03295 -0.27188  0.62433 K   97 
-0.90609 -0.18608 -0.00306 B   98 
-0.71049  0.04373  0.06843 I   98 
-0.90203 -0.42671 -0.21531 B   99 
-0.71215 -0.55873 -0.23351 V   99 
-1.20653 -0.51227 -0.10582 B   100 
-1.09282 -0.68738  0.05305 S   100 
-1.38708 -0.25296 -0.20212 B   101 
-1.37967  0.00677 -0.10270 D   101 
-1.40379 -0.31387 -0.56053 B   102 
-1.13705 -0.19086 -0.73649 B   103 
-1.32625  0.07122 -0.76455 N   103 
-0.91251 -0.30120 -0.61632 B   104 
-0.59237 -0.19014 -0.71726 B   105 
-0.30723 -0.44491 -0.63017 M   105 
-0.71094  0.08233 -0.84017 B   106 
-0.82702 -0.08284 -1.10211 N   106 
-0.67082  0.24560 -0.57480 B   107 
-0.78332  0.13722 -0.43575 A   107 
-0.37962  0.24778 -0.69998 B   108 
-0.33929  0.02635 -0.29061 W   108 
-0.25581  0.46766 -0.91545 B   109 
-0.35914  0.70011 -0.88632 V   109 
 0.02958  0.34608 -0.95717 B   110 
 0.15102  0.42894 -0.80105 A   110 
-0.06386  0.06610 -1.03212 B   111 
-0.24822 -0.27292 -0.98032 W   111 
-0.24457  0.13597 -1.27420 B   112 
-0.57013  0.40459 -1.28744 R   112 
-0.01632  0.32223 -1.43011 B   113 
-0.20238  0.58632 -1.39958 N   113 
 0.25253  0.09976 -1.36007 B   114 
 0.52524  0.49525 -1.21312 R   114 
 0.14101 -0.21752 -1.31548 B   115 
 0.25990 -0.14317 -1.02926 X   115 
-0.08520 -0.26787 -1.48451 B   116 
-0.52716 -0.23151 -1.44671 K   116 
-0.01882 -0.50905 -1.73686 B   117 
 0.24054 -0.60225 -1.62268 B   118 
 0.34509 -0.37118 -1.56730 T   118 
 0.53938 -0.76402 -1.51611 B   119 
 0.67410 -0.99587 -1.61755 D   119 
 0.51309 -0.81789 -1.18018 B   120 
 0.27707 -0.73915 -1.15642 V   120 
 0.70926 -1.05706 -1.13131 B   121 
 0.51210 -1.36631 -1.32888 Q   121 
 0.97113 -0.88304 -1.14382 B   122 
 0.97395 -0.80874 -1.33727 A   122 
 0.94009 -0.78787 -0.83283 B   123 
 0.85171 -0.39017 -0.96530 W   123 
 1.03689 -1.10450 -0.73255 B   124 
 0.78795 -1.17175 -0.65655 I   124 
 1.29440 -1.14453 -0.83897 B   125 
 1.10465 -1.19810 -1.31804 R   125 
 1.53749 -1.31975 -0.64972 B   126 
 1.34102 -1.40881 -0.43809 B   127 
 1.25908 -1.09843 -0.40161 X   127 
 1.30314 -1.58369 -0.12033 B   128 
 1.38888 -1.98003 -0.12615 R   128 
 0.98591 -1.78661 -0.13549 B   129 
 0.91379 -1.53986 -0.17293 L   129 
