246 
 0.99264  0.08134  0.89161 B   1 
 0.85917  0.40748  1.11977 K   1 
 0.79735 -0.03408  1.16895 B   2 
 0.85080 -0.28765  1.16492 V   2 
 0.48032 -0.01349  1.21634 B   3 
 0.46538  0.35132  0.98266 F   3 
 0.22031  0.04958  1.38495 B   4 
-0.09923  0.03084  1.36752 B   5 
-0.41852 -0.21617  1.53073 R   5 
-0.19037  0.30911  1.49455 B   6 
-0.36556  0.20349  1.73231 X   6 
 0.03774  0.46194  1.34889 B   7 
 0.42030  0.45071  1.42586 E   7 
-0.04839  0.40923  1.05643 B   8 
 0.05629  0.19521  0.86318 L   8 
-0.33625  0.51111  1.07048 B   9 
-0.44773  0.36456  1.18561 A   9 
-0.26063  0.80028  1.13487 B   10 
-0.19568  0.80085  1.34370 A   10 
-0.09196  0.85433  0.88037 B   11 
 0.10515  0.77365  0.92033 A   11 
-0.30622  0.77293  0.67199 B   12 
-0.24112  0.35383  0.60336 M   12 
-0.50448  0.98537  0.76156 B   13 
-0.80316  0.99418  1.07607 K   13 
-0.34367  1.24264  0.72929 B   14 
 0.08745  1.32606  0.84662 R   14 
-0.30352  1.15639  0.41348 B   15 
 0.07824  1.11216  0.47592 H   15 
-0.62309  1.07652  0.32996 B   16 
-0.72422  0.75488  0.32513 B   17 
-0.44303  0.62749  0.22538 L   17 
-0.97903  0.79378  0.45972 B   18 
-1.09764  0.73625  0.73715 D   18 
-1.21634  0.71697  0.22834 B   19 
-1.38659  0.75799  0.49845 N   19 
-1.06213  0.66267 -0.01069 B   20 
-0.76578  0.88548 -0.25099 Y   20 
-1.25789  0.58152 -0.25933 B   21 
-1.08337  0.80831 -0.63836 R   21 
-1.43566  0.43432 -0.00906 B   22 
-1.19386  0.34711  0.18828 B   23 
-1.16594  0.05433 -0.17887 Y   23 
-1.15439  0.26219  0.47709 B   24 
-1.32512  0.16239  0.60274 S   24 
-0.89584  0.26297  0.68824 B   25 
-0.77516  0.49270  0.86493 L   25 
-0.89995 -0.04777  0.75311 B   26 
-0.81853 -0.14033  0.46943 B   27 
-1.13130 -0.15556  0.34353 N   27 
-0.53686 -0.01604  0.45954 B   28 
-0.64019  0.28094  0.14308 W   28 
-0.42620 -0.15459  0.71107 B   29 
-0.46703 -0.01711  0.92789 V   29 
-0.48264 -0.44094  0.61990 B   30 
-0.70701 -0.60398  0.62727 X   30 
-0.30578 -0.43593  0.36901 B   31 
-0.41774 -0.32334  0.21854 A   31 
-0.03517 -0.36213  0.49958 B   32 
-0.04220 -0.15143  0.54283 A   32 
-0.02327 -0.60964  0.68018 B   33 
-0.06553 -0.75531  0.98580 K   33 
-0.03636 -0.83447  0.42975 B   34 
-0.35288 -0.98808  0.64243 F   34 
 0.19483 -0.70680  0.24890 B   35 
-0.01609 -0.63392 -0.02328 E   35 
 0.42739 -0.59650  0.49457 B   36 
 0.42132 -0.38488  0.42893 S   36 
 0.38010 -0.57893  0.80271 B   37 
 0.40774 -0.82128  0.95364 N   37 
 0.45104 -0.26257  0.83266 B   38 
 0.08776 -0.31055  1.02374 F   38 
 0.70443 -0.26186  0.61995 B   39 
 0.96051 -0.39279  0.70742 N   39 
 0.87801 -0.02909  0.43044 B   40 
 0.87322  0.17463  0.57402 T   40 
 1.12358 -0.24422  0.33883 B   41 
 1.42153 -0.10295  0.56388 Q   41 
 0.95515 -0.42289  0.17318 B   42 
 0.81602 -0.52345  0.29657 A   42 
 1.05366 -0.68826 -0.05751 B   43 
 1.24532 -0.54591 -0.11136 T   43 
 0.92537 -0.84722 -0.37154 B   44 
 0.78937 -0.95758 -0.08294 N   44 
 0.96458 -1.08428 -0.59337 B   45 
 1.35610 -0.98814 -0.90081 R   45 
 0.85035 -1.14400 -0.91487 B   46 
 0.61435 -0.92577 -0.79654 N   46 
 0.79724 -1.35694 -1.17094 B   47 
 0.65467 -1.56558 -1.11703 T   47 
 0.81239 -1.10123 -1.38573 B   48 
 0.61210 -0.93978 -1.32125 D   48 
 1.06864 -0.93044 -1.23540 B   49 
 0.94783 -0.76810 -1.05320 B   50 
 0.72413 -0.68578 -1.11309 S   50 
 0.87763 -0.53891 -0.76303 B   51 
 1.12511 -0.62278 -0.68662 T   51 
 0.78088 -0.50238 -0.43661 B   52 
 0.47783 -0.63852 -0.52347 D   52 
 0.71163 -0.19572 -0.24209 B   53 
 1.10553 -0.21466 -0.51636 Y   53 
 0.66170 -0.15711  0.07404 B   54 
 0.37252 -0.12303  0.27316 B   55 
 0.35691  0.05354  0.47933 I   55 
 0.20392 -0.16837 -0.03235 B   56 
-0.01937  0.02883  0.08835 L   56 
 0.33971 -0.32252 -0.25643 B   57 
 0.51086 -0.56790 -0.08335 Q   57 
 0.46134 -0.15932 -0.49260 B   58 
 0.32117  0.11417 -0.45222 I   58 
 0.49875 -0.19984 -0.83213 B   59 
 0.45371 -0.45874 -0.98625 N   59 
 0.75976 -0.18399 -1.09014 B   60 
 0.93150 -0.31522 -1.01385 S   60 
 0.58724 -0.21219 -1.36507 B   61 
 0.64211 -0.59802 -1.54601 R   61 
 0.39802  0.06564 -1.29522 B   62 
 0.12286 -0.23067 -1.50579 W   62 
 0.49308  0.27635 -1.04084 B   63 
 0.07243  0.15629 -1.01522 W   63 
 0.81250  0.21664 -1.02304 B   64 
 0.82754  0.15616 -0.77049 X   64 
 1.17087  0.26200 -1.02307 B   65 
 1.31965  0.32609 -1.27203 N   65 
 1.45464  0.00114 -1.02109 B   66 
 1.29678 -0.21565 -0.99366 D   66 
 1.63021 -0.06687 -1.29474 B   67 
 1.49921 -0.40288 -1.33365 B   68 
 1.57641 -0.61821 -0.91866 R   68 
 1.21732 -0.34500 -1.51806 B   69 
 1.08222 -0.39753 -1.30777 T   69 
 1.10822 -0.43253 -1.79362 B   70 
 1.24740 -0.59499 -1.79538 P   70 
 0.85363 -0.24094 -1.91105 B   71 
 0.82490 -0.00351 -1.73154 B   72 
 0.98143 -0.02467 -1.55400 S   72 
 0.63553  0.30127 -1.60128 B   73 
 0.39514  0.30014 -1.86564 R   73 
 0.62633  0.50010 -1.35317 B   74 
 0.85881  0.59365 -1.23005 N   74 
 0.34419  0.64870 -1.25668 B   75 
 0.15953  0.46009 -1.44402 L   75 
 0.46160  0.78393 -0.97643 B   76 
 0.27755  0.59566 -0.81157 X   76 
 0.73231  0.90308 -1.02610 B   77 
 0.79321  1.10285 -1.20167 N   77 
 0.94351  0.68382 -0.87365 B   78 
 0.82254  0.79330 -0.62856 I   78 
 1.15846  0.55350 -0.68030 B   79 
 1.29363  0.71282 -0.68510 P   79 
 1.11850  0.26359 -0.51841 B   80 
 1.04761  0.07083 -0.75839 X   80 
 1.28383  0.35372 -0.26261 B   81 
 1.49184  0.41953 -0.36194 S   81 
 1.07597  0.56589 -0.16137 B   82 
 1.07741  0.71721 -0.30771 A   82 
 0.88389  0.31802 -0.06401 B   83 
 0.69799  0.30746 -0.33319 L   83 
 1.09886  0.26797  0.20188 B   84 
 1.19570  0.02098  0.00728 L   84 
 1.04923  0.48563  0.37299 B   85 
 1.12199  0.73226  0.34082 S   85 
 0.94268  0.62201  0.67613 B   86 
 1.13665  0.68265  0.80284 S   86 
 0.80715  0.80627  0.47233 B   87 
 0.78408  1.09688  0.45061 D   87 
 0.47748  0.74868  0.33813 B   88 
 0.34264  0.62210  0.53173 I   88 
 0.40688  0.96038  0.12297 B   89 
 0.46993  1.19948  0.21954 T   89 
 0.47677  0.80741 -0.13869 B   90 
 0.69324  0.81558 -0.15640 A   90 
 0.29033  0.56078 -0.09885 B   91 
 0.46130  0.38768  0.02812 S   91 
 0.02739  0.71565 -0.07329 B   92 
-0.01702  0.80020  0.17084 V   92 
 0.02489  0.86699 -0.34023 B   93 
 0.15191  1.15977 -0.23378 N   93 
 0.04284  0.60401 -0.50153 B   94 
 0.27276  0.47434 -0.60882 X   94 
-0.20385  0.45748 -0.38696 B   95 
-0.14751  0.39106 -0.19009 A   95 
-0.41238  0.66365 -0.48401 B   96 
-0.39016  0.99567 -0.15817 K   96 
-0.36156  0.58904 -0.78229 B   97 
-0.08528  0.81510 -0.92684 K   97 
-0.42229  0.28654 -0.77150 B   98 
-0.16055  0.14680 -0.68123 I   98 
-0.72205  0.29732 -0.65752 B   99 
-0.75623  0.33964 -0.43201 V   99 
-0.80225  0.48807 -0.92060 B   100 
-0.76682  0.69959 -0.76949 S   100 
-0.76262  0.27617 -1.17088 B   101 
-0.52487  0.16989 -1.26875 D   101 
-1.05522  0.06468 -1.12502 B   102 
-1.00954 -0.19208 -0.90314 B   103 
-0.92378 -0.35561 -1.16992 N   103 
-0.92257 -0.07193 -0.66855 B   104 
-0.81490 -0.27667 -0.40113 B   105 
-0.82328 -0.09319 -0.05463 M   105 
-0.76466 -0.52758 -0.59586 B   106 
-1.09034 -0.58180 -0.61494 N   106 
-0.46305 -0.45601 -0.64680 B   107 
-0.47366 -0.26319 -0.72710 A   107 
-0.45157 -0.59909 -0.36419 B   108 
-0.29686 -0.16428 -0.29180 W   108 
-0.41860 -0.92398 -0.30532 B   109 
-0.28376 -1.04206 -0.48817 V   109 
-0.43064 -0.92267  0.00745 B   110 
-0.22917 -0.88919  0.07284 A   110 
-0.69301 -0.76976  0.03027 B   111 
-0.93572 -0.47011 -0.02368 W   111 
-0.87573 -0.95736 -0.13573 B   112 
-0.82081 -1.09026 -0.53277 R   112 
-0.78842 -1.23574  0.02547 B   113 
-0.65979 -1.35938 -0.24557 N   113 
-0.79330 -1.08338  0.34709 B   114 
-0.34753 -1.29532  0.44064 R   114 
-1.00287 -0.81668  0.35353 B   115 
-0.71768 -0.68414  0.40535 X   115 
-1.22722 -0.86257  0.18080 B   116 
-1.32452 -0.78086 -0.24574 K   116 
-1.53440 -0.89123  0.35708 B   117 
-1.42901 -0.79322  0.61838 B   118 
-1.20785 -0.92895  0.62565 T   118 
-1.35973 -0.66129  0.94185 B   119 
-1.53381 -0.60085  1.16148 D   119 
-1.17055 -0.38038  0.90008 B   120 
-1.18201 -0.37437  0.65049 V   120 
-1.22491 -0.21877  1.16277 B   121 
-1.62533 -0.11491  1.11358 Q   121 
-1.03506 -0.39257  1.34377 B   122 
-1.12035 -0.58143  1.34078 A   122 
-0.76916 -0.22954  1.24653 B   123 
-0.63523 -0.57751  1.03557 W   123 
-0.87060  0.03906  1.43952 B   124 
-0.94379  0.18353  1.22496 I   124 
-0.88439 -0.05602  1.70412 B   125 
-1.31323 -0.32750  1.60034 R   125 
-0.78504  0.15403  1.97173 B   126 
-0.76093  0.40063  1.79875 B   127 
-0.56394  0.23118  1.60675 X   127 
-0.66574  0.75260  1.79196 B   128 
-0.89537  1.00146  2.01515 R   128 
-0.91165  0.93617  1.57316 B   129 
-0.80333  0.75531  1.42136 L   129 
