246 
-1.28037 -0.22374 -0.31224 B   1 
-1.29714 -0.63964 -0.25763 K   1 
-1.38307 -0.29996  0.02246 B   2 
-1.46576 -0.06787  0.10287 V   2 
-1.21011 -0.41890  0.26559 B   3 
-0.95406 -0.62865 -0.01434 F   3 
-1.15476 -0.61476  0.50764 B   4 
-0.94024 -0.67131  0.73904 B   5 
-0.90553 -0.61453  1.16936 R   5 
-0.91919 -0.98978  0.73545 B   6 
-1.00358 -1.05139  1.03118 X   6 
-0.92731 -0.99696  0.42482 B   7 
-1.23239 -0.92590  0.19184 E   7 
-0.66654 -0.84101  0.36644 B   8 
-0.63438 -0.54405  0.29654 L   8 
-0.47125 -1.00699  0.53303 B   9 
-0.51429 -0.96196  0.74107 A   9 
-0.50893 -1.26438  0.37236 B   10 
-0.70484 -1.34318  0.42925 A   10 
-0.41842 -1.15273  0.09762 B   11 
-0.59098 -1.05222  0.01348 A   11 
-0.14320 -1.04264  0.18756 B   12 
-0.21914 -0.63679  0.30637 M   12 
-0.03893 -1.31481  0.27420 B   13 
-0.07748 -1.54015  0.64290 K   13 
-0.06641 -1.47965  0.01893 B   14 
-0.41337 -1.49558 -0.27426 R   14 
 0.12363 -1.25262 -0.12643 B   15 
-0.17687 -1.14696 -0.35032 H   15 
 0.37462 -1.22696  0.10123 B   16 
 0.37813 -0.97523  0.32556 B   17 
 0.24527 -0.75027  0.13324 L   17 
 0.45037 -1.13369  0.55843 B   18 
 0.31004 -1.24015  0.81006 D   18 
 0.75833 -1.02289  0.65139 B   19 
 0.67653 -1.22330  0.88965 N   19 
 0.82479 -0.82926  0.44655 B   20 
 0.85688 -0.83618  0.00595 Y   20 
 1.11791 -0.69647  0.50291 B   21 
 1.33162 -0.67459  0.07934 R   21 
 1.01752 -0.72884  0.82660 B   22 
 0.69864 -0.68283  0.79176 B   23 
 0.89269 -0.25902  0.72826 Y   23 
 0.44273 -0.73121  0.94778 B   24 
 0.43946 -0.74585  1.18161 S   24 
 0.12068 -0.76248  0.86569 B   25 
-0.04096 -1.00861  0.75681 L   25 
 0.01252 -0.52724  1.04940 B   26 
 0.15102 -0.29898  0.89322 B   27 
 0.44202 -0.30767  1.06395 N   27 
 0.00239 -0.32983  0.62519 B   28 
 0.36271 -0.46631  0.40030 W   28 
-0.28259 -0.29752  0.73674 B   29 
-0.38871 -0.52365  0.80875 V   29 
-0.23689 -0.02558  0.86884 B   30 
-0.13109  0.05397  1.11267 X   30 
-0.16423  0.12842  0.61338 B   31 
 0.04168  0.07217  0.56557 A   31 
-0.41973  0.07429  0.44751 B   32 
-0.40453 -0.12724  0.37355 A   32 
-0.61088  0.20703  0.64716 B   33 
-0.83897  0.18239  0.89970 K   33 
-0.46294  0.50950  0.63909 B   34 
-0.44766  0.46470  1.04747 F   34 
-0.45214  0.54055  0.32070 B   35 
-0.10071  0.54851  0.30273 E   35 
-0.76082  0.39345  0.22232 B   36 
-0.66561  0.24074  0.09293 S   36 
-0.95450  0.22683  0.40181 B   37 
-1.13281  0.37258  0.57281 N   37 
-0.95823 -0.03937  0.21437 B   38 
-0.87556 -0.17648  0.59535 F   38 
-0.96384  0.12027 -0.07535 B   39 
-1.21958  0.25706 -0.15444 N   39 
-0.88833  0.05087 -0.40658 B   40 
-0.95011 -0.18960 -0.42878 T   40 
-1.02205  0.33820 -0.52717 B   41 
-1.35127  0.19043 -0.69793 Q   41 
-0.82755  0.52364 -0.40262 B   42 
-0.84961  0.51864 -0.19243 A   42 
-0.77414  0.87992 -0.46222 B   43 
-0.82877  0.83090 -0.69568 T   43 
-0.49184  1.12588 -0.45011 B   44 
-0.63994  1.05516 -0.15512 N   44 
-0.40112  1.43902 -0.47591 B   45 
-0.40625  1.59480 -0.95836 R   45 
-0.10226  1.60706 -0.52510 B   46 
 0.00620  1.30738 -0.39957 N   46 
 0.07798  1.89183 -0.51270 B   47 
 0.08759  2.00988 -0.28306 T   47 
 0.27865  1.77439 -0.75289 B   48 
 0.39245  1.55667 -0.65294 D   48 
 0.03741  1.62475 -0.94483 B   49 
 0.01332  1.37292 -0.84410 B   50 
 0.21803  1.27335 -0.75145 S   50 
-0.10955  1.02773 -0.75805 B   51 
-0.34206  1.12714 -0.85891 T   51 
-0.28111  0.82415 -0.54272 B   52 
-0.04966  0.90361 -0.30181 D   52 
-0.31824  0.45633 -0.54205 B   53 
-0.37268  0.69607 -0.95472 Y   53 
-0.51188  0.26743 -0.36671 B   54 
-0.46618  0.07519 -0.07449 B   55 
-0.57273 -0.17318 -0.04470 I   55 
-0.14126  0.20998 -0.08325 B   56 
-0.04699 -0.06958  0.04431 L   56 
-0.09420  0.47757 -0.21962 B   57 
-0.38174  0.65202 -0.13993 Q   57 
 0.03509  0.47573 -0.50331 B   58 
 0.15071  0.18829 -0.51236 I   58 
 0.25368  0.67372 -0.68035 B   59 
 0.34411  0.95361 -0.60100 N   59 
 0.27969  0.84288 -1.00540 B   60 
 0.08637  0.96375 -1.02892 S   60 
 0.58801  0.94818 -1.00425 B   61 
 0.60834  1.37391 -0.94993 R   61 
 0.71426  0.63130 -0.96520 B   62 
 0.98677  0.91081 -0.72968 W   62 
 0.50786  0.35976 -1.00772 B   63 
 0.73506  0.34485 -0.63332 W   63 
 0.27728  0.48320 -1.20139 B   64 
 0.06880  0.42421 -1.05744 X   64 
 0.05609  0.53469 -1.48230 B   65 
 0.15733  0.63023 -1.74468 N   65 
-0.18058  0.82830 -1.56202 B   66 
-0.14322  0.96147 -1.33063 D   66 
-0.10505  1.05473 -1.79302 B   67 
-0.06007  1.32667 -1.55721 B   68 
-0.45984  1.34209 -1.30327 R   68 
 0.26909  1.28978 -1.47290 B   69 
 0.18997  1.20533 -1.24522 T   69 
 0.52510  1.46206 -1.48961 B   70 
 0.40405  1.63682 -1.51359 P   70 
 0.81428  1.28737 -1.45550 B   71 
 0.74818  0.99575 -1.45858 B   72 
 0.51211  0.97278 -1.47316 S   72 
 0.83535  0.62840 -1.40215 B   73 
 1.18497  0.68867 -1.35956 R   73 
 0.69820  0.34361 -1.36671 B   74 
 0.47672  0.26636 -1.51815 N   74 
 0.83836  0.10175 -1.18546 B   75 
 1.05732  0.30143 -1.05525 L   75 
 0.58321 -0.11135 -1.19520 B   76 
 0.54164 -0.07147 -0.88995 X   76 
 0.46997 -0.12253 -1.47269 B   77 
 0.60095 -0.19840 -1.69970 N   77 
 0.17721  0.04903 -1.44475 B   78 
 0.09607 -0.18615 -1.28729 I   78 
-0.13018  0.12694 -1.44157 B   79 
-0.18130  0.02694 -1.61783 P   79 
-0.28275  0.29136 -1.19349 B   80 
-0.09888  0.54711 -1.16986 X   80 
-0.55977  0.13997 -1.22856 B   81 
-0.60680  0.18112 -1.45999 S   81 
-0.45801 -0.13968 -1.12902 B   82 
-0.32021 -0.20236 -1.27531 A   82 
-0.45660 -0.02027 -0.82316 B   83 
-0.14036  0.06396 -0.81789 L   83 
-0.80136 -0.04387 -0.82216 B   84 
-0.76983  0.27992 -0.87133 L   84 
-0.85183 -0.32005 -0.80487 B   85 
-0.82494 -0.49800 -0.99131 S   85 
-0.97968 -0.60091 -0.64174 B   86 
-1.18572 -0.66135 -0.74782 S   86 
-0.70471 -0.70020 -0.73332 B   87 
-0.61503 -0.94464 -0.86624 D   87 
-0.40528 -0.67315 -0.53427 B   88 
-0.48723 -0.68666 -0.27974 I   88 
-0.15811 -0.77440 -0.69160 B   89 
-0.22161 -1.00674 -0.80322 T   89 
-0.04068 -0.50738 -0.79959 B   90 
-0.16511 -0.45182 -0.96892 A   90 
-0.00016 -0.36154 -0.52709 B   91 
-0.23890 -0.22803 -0.50479 S   91 
 0.18133 -0.57176 -0.39810 B   92 
 0.04664 -0.76592 -0.28459 V   92 
 0.41076 -0.58078 -0.60168 B   93 
 0.30970 -0.84738 -0.78029 N   93 
 0.46518 -0.27828 -0.56953 B   94 
 0.37039 -0.06086 -0.72743 X   94 
 0.50948 -0.26706 -0.26398 B   95 
 0.31438 -0.28534 -0.17483 A   95 
 0.75696 -0.45188 -0.25998 B   96 
 0.56913 -0.87787 -0.27209 K   96 
 0.92954 -0.24006 -0.40986 B   97 
 0.90446 -0.29823 -0.78975 K   97 
 0.89941 -0.00160 -0.21611 B   98 
 0.63618  0.14288 -0.29370 I   98 
 1.01010 -0.13799  0.05243 B   99 
 0.87404 -0.28501  0.16941 V   99 
 1.29461 -0.20202 -0.11184 B   100 
 1.20299 -0.44245 -0.16312 S   100 
 1.41115  0.10260 -0.16415 B   101 
 1.30910  0.29772 -0.33419 D   101 
 1.52259  0.18894  0.17138 B   102 
 1.27736  0.31939  0.37160 B   103 
 1.38622  0.60176  0.25460 N   103 
 1.07244  0.13222  0.36830 B   104 
 0.76424  0.21315  0.52155 B   105 
 0.55077 -0.10291  0.61279 M   105 
 0.82504  0.52862  0.50791 B   106 
 1.03753  0.50160  0.75986 N   106 
 0.68326  0.56649  0.23014 B   107 
 0.78841  0.43535  0.10570 A   107 
 0.43815  0.56360  0.43111 B   108 
 0.37318  0.19798  0.14767 W   108 
 0.30772  0.82300  0.59175 B   109 
 0.33222  1.04081  0.45941 V   109 
 0.08467  0.67705  0.75581 B   110 
-0.08639  0.66952  0.62670 A   110 
 0.26742  0.46988  0.88398 B   111 
 0.52393  0.17701  0.88955 W   111 
 0.46956  0.65952  1.02295 B   112 
 0.70068  0.96698  0.84866 R   112 
 0.23802  0.84645  1.17311 B   113 
 0.33055  1.10744  1.00393 N   113 
 0.03438  0.56915  1.26428 B   114 
-0.36419  0.82022  1.08968 R   114 
 0.21831  0.28541  1.29174 B   115 
 0.02350  0.22043  1.04799 X   115 
 0.48087  0.34645  1.38979 B   116 
 0.87506  0.44544  1.20844 K   116 
 0.54232  0.21367  1.71360 B   117 
 0.30136  0.03795  1.72087 B   118 
 0.12634  0.20641  1.62933 T   118 
 0.04454 -0.20404  1.76907 B   119 
 0.00643 -0.39913  1.97568 D   119 
 0.01061 -0.37764  1.47726 B   120 
 0.20359 -0.27251  1.35820 V   120 
-0.11580 -0.64859  1.57042 B   121 
 0.19897 -0.81595  1.78595 Q   121 
-0.40674 -0.53423  1.60634 B   122 
-0.38791 -0.39288  1.75673 A   122 
-0.47285 -0.56257  1.28765 B   123 
-0.47351 -0.13569  1.25173 W   123 
-0.49587 -0.90526  1.32902 B   124 
-0.26108 -0.94996  1.20597 I   124 
-0.70172 -0.94740  1.51635 B   125 
-0.40428 -0.77624  1.90444 R   125 
-0.92080 -1.22329  1.47765 B   126 
-0.75860 -1.34964  1.25619 B   127 
-0.77769 -1.06811  1.09884 X   127 
-0.74357 -1.62353  1.01587 B   128 
-0.71048 -1.99532  1.17445 R   128 
-0.38670 -1.74323  0.99698 B   129 
-0.38079 -1.49249  0.92928 L   129 
