246 
-0.11723 -0.63644  1.16966 B   1 
 0.27852 -0.76641  1.22194 K   1 
 0.06812 -0.39422  1.35769 B   2 
-0.12311 -0.24293  1.44550 V   2 
 0.29838 -0.19341  1.25855 B   3 
 0.41727 -0.47544  0.95157 F   3 
 0.57983 -0.05035  1.27686 B   4 
 0.75533  0.17496  1.13127 B   5 
 0.87902  0.58613  1.20366 R   5 
 1.04565  0.04240  1.12707 B   6 
 1.20519  0.26016  1.28677 X   6 
 0.92834 -0.23668  1.05664 B   7 
 0.72515 -0.47616  1.28853 E   7 
 0.80408 -0.16843  0.78163 B   8 
 0.51242 -0.09873  0.71697 L   8 
 1.05018 -0.05033  0.64406 B   9 
 1.08487  0.14338  0.73590 A   9 
 1.21417 -0.30821  0.65354 B   10 
 1.27790 -0.33186  0.86140 A   10 
 1.01851 -0.48514  0.49057 B   11 
 0.86775 -0.55317  0.63056 A   11 
 0.99655 -0.30213  0.24161 B   12 
 0.66410 -0.04252  0.32333 M   12 
 1.29333 -0.31821  0.17740 B   13 
 1.63704 -0.09524  0.32005 K   13 
 1.33771 -0.61865  0.14813 B   14 
 1.18315 -0.95657  0.40988 R   14 
 1.10387 -0.61209 -0.08440 B   15 
 0.87364 -0.82806  0.14352 H   15 
 1.20902 -0.34796 -0.27056 B   16 
 1.07004 -0.04334 -0.23062 B   17 
 0.76994 -0.14639 -0.16303 L   17 
 1.31658  0.11083 -0.23296 B   18 
 1.49075  0.25914 -0.02799 D   18 
 1.30020  0.30362 -0.51281 B   19 
 1.56320  0.41285 -0.36274 N   19 
 1.05417  0.21787 -0.63924 B   20 
 0.89151 -0.16753 -0.78143 Y   20 
 1.00114  0.38448 -0.91521 B   21 
 0.84701  0.06406 -1.23006 R   21 
 1.14277  0.63588 -0.73454 B   22 
 1.03835  0.55802 -0.43781 B   23 
 0.65917  0.72037 -0.66401 Y   23 
 1.10443  0.62221 -0.14852 B   24 
 1.20945  0.82191 -0.08538 S   24 
 1.05089  0.46949  0.14344 B   25 
 1.20606  0.23627  0.28517 L   25 
 0.89365  0.70804  0.28184 B   26 
 0.64652  0.69482  0.09630 B   27 
 0.76647  0.90258 -0.14109 N   27 
 0.54587  0.41416  0.17365 B   28 
 0.63612  0.23324 -0.22403 W   28 
 0.51684  0.46691  0.47544 B   29 
 0.73380  0.41343  0.60828 V   29 
 0.32962  0.70734  0.45019 B   30 
 0.37002  0.97816  0.40547 X   30 
 0.10047  0.56152  0.30708 B   31 
 0.16420  0.53856  0.09909 A   31 
 0.04481  0.33906  0.51477 B   32 
 0.20052  0.19224  0.49214 A   32 
-0.02604  0.53135  0.74286 B   33 
 0.06090  0.69656  1.02844 K   33 
-0.28051  0.68210  0.58173 B   34 
-0.07642  1.02717  0.67277 F   34 
-0.43261  0.41616  0.48901 B   35 
-0.39292  0.47682  0.14458 E   35 
-0.38559  0.20319  0.77014 B   36 
-0.28368  0.04458  0.65358 S   36 
-0.19358  0.25139  1.01159 B   37 
-0.28553  0.42652  1.21931 N   37 
-0.02696 -0.02676  0.98197 B   38 
 0.26029  0.26938  1.00592 F   38 
-0.28676 -0.21678  0.90549 B   39 
-0.48119 -0.28244  1.12516 N   39 
-0.34300 -0.52276  0.75239 B   40 
-0.14340 -0.65626  0.81931 T   40 
-0.67143 -0.53644  0.83564 B   41 
-0.65552 -0.81790  1.11832 Q   41 
-0.76039 -0.30803  0.66938 B   42 
-0.67631 -0.12906  0.74418 A   42 
-1.09846 -0.19988  0.58363 B   43 
-1.15457 -0.43806  0.57991 T   43 
-1.27314 -0.02707  0.30085 B   44 
-1.11541  0.17293  0.52239 N   44 
-1.55305  0.10057  0.18994 B   45 
-1.88534 -0.26120  0.06439 R   45 
-1.67878  0.18995 -0.12019 B   46 
-1.34110  0.19753 -0.17713 N   46 
-1.90418  0.35806 -0.30639 B   47 
-1.91902  0.61248 -0.26384 T   47 
-1.86173  0.13837 -0.55476 B   48 
-1.60757  0.15890 -0.62771 D   48 
-1.83898 -0.14427 -0.36233 B   49 
-1.57479 -0.16609 -0.30008 B   50 
-1.41657 -0.08345 -0.46902 S   50 
-1.24700 -0.26067 -0.14113 B   51 
-1.41257 -0.35644  0.05260 T   51 
-1.00395 -0.19173  0.09000 B   52 
-0.94531  0.10265 -0.07681 D   52 
-0.67618 -0.35337  0.14572 B   53 
-1.06457 -0.62851  0.08099 Y   53 
-0.46561 -0.31818  0.38727 B   54 
-0.16913 -0.13131  0.42741 B   55 
 0.05126 -0.23151  0.55116 I   55 
-0.24478 -0.01475  0.10413 B   56 
 0.07330  0.00012  0.06033 L   56 
-0.53378 -0.01299  0.00983 B   57 
-0.70454  0.07078  0.29841 Q   57 
-0.62419 -0.23742 -0.18680 B   58 
-0.34960 -0.34208 -0.28539 I   58 
-0.83983 -0.26510 -0.45336 B   59 
-1.04818 -0.05861 -0.53560 N   59 
-1.11734 -0.47573 -0.56985 B   60 
-1.26582 -0.48600 -0.39554 S   60 
-1.16491 -0.36627 -0.87300 B   61 
-1.52603 -0.13523 -0.90167 R   61 
-0.84304 -0.43859 -0.96811 B   62 
-0.96145 -0.05640 -1.18665 W   62 
-0.64553 -0.63320 -0.76497 B   63 
-0.44939 -0.26145 -0.88884 W   63 
-0.86921 -0.80043 -0.59790 B   64 
-0.79100 -0.74149 -0.35691 X   64 
-1.06069 -1.07299 -0.45813 B   65 
-1.23522 -1.24353 -0.62747 N   65 
-1.39449 -1.06937 -0.26542 B   66 
-1.41808 -0.80127 -0.25005 D   66 
-1.67916 -1.16256 -0.40899 B   67 
-1.82556 -0.83068 -0.40728 B   68 
-1.80074 -0.68317  0.04235 R   68 
-1.70830 -0.70315 -0.70191 B   69 
-1.55411 -0.55400 -0.56330 T   69 
-1.83164 -0.59222 -0.96264 B   70 
-2.01801 -0.56520 -0.86114 P   70 
-1.61549 -0.57525 -1.22399 B   71 
-1.36267 -0.71423 -1.14530 B   72 
-1.38389 -0.78592 -0.91974 S   72 
-0.99423 -0.80054 -1.19557 B   73 
-0.97831 -0.66479 -1.52571 R   73 
-0.74332 -0.91743 -1.03887 B   74 
-0.76712 -1.12977 -0.85915 N   74 
-0.43116 -0.82973 -1.11542 B   75 
-0.52703 -0.58524 -1.30463 L   75 
-0.28115 -0.98100 -0.86002 B   76 
-0.20322 -0.70328 -0.74471 X   76 
-0.39792 -1.25438 -0.82031 B   77 
-0.39864 -1.45947 -1.00024 N   77 
-0.58728 -1.21861 -0.53963 B   78 
-0.32457 -1.19521 -0.40879 I   78 
-0.70384 -1.24709 -0.24607 B   79 
-0.69066 -1.45543 -0.23597 P   79 
-0.77834 -0.99068 -0.04469 B   80 
-0.97245 -0.82408 -0.22999 X   80 
-0.69759 -1.14295  0.22212 B   81 
-0.83342 -1.33987  0.20675 S   81 
-0.38934 -1.15130  0.16400 B   82 
-0.36911 -1.27814 -0.00279 A   82 
-0.37661 -0.83069  0.23369 B   83 
-0.40225 -0.72479 -0.07494 L   83 
-0.40780 -0.91153  0.56822 B   84 
-0.71568 -0.81237  0.50799 L   84 
-0.15853 -1.02277  0.63613 B   85 
-0.06676 -1.25660  0.57247 S   85 
 0.14064 -1.02329  0.81596 B   86 
 0.12188 -1.18528  0.99136 S   86 
 0.23669 -1.08862  0.53248 B   87 
 0.41946 -1.29003  0.42529 D   87 
 0.33673 -0.83908  0.29221 B   88 
 0.43682 -0.63700  0.43654 I   88 
 0.40435 -0.96909  0.01904 B   89 
 0.56103 -1.17850  0.06455 T   89 
 0.13788 -0.92787 -0.13602 B   90 
 0.00161 -1.08001 -0.06168 A   90 
 0.11951 -0.61747 -0.11397 B   91 
-0.02931 -0.59141  0.11514 S   91 
 0.38874 -0.55404 -0.24536 B   92 
 0.58872 -0.56339 -0.07612 V   92 
 0.35182 -0.68986 -0.51804 B   93 
 0.50733 -0.98065 -0.45138 N   93 
 0.09883 -0.52306 -0.57865 B   94 
-0.17500 -0.59095 -0.53871 X   94 
 0.21605 -0.23923 -0.54467 B   95 
 0.23781 -0.20880 -0.33267 A   95 
 0.42307 -0.26179 -0.77281 B   96 
 0.77535 -0.49056 -0.57165 K   96 
 0.19855 -0.26926 -0.98881 B   97 
 0.09749 -0.63447 -1.05766 K   97 
 0.05436 -0.00424 -0.92340 B   98 
-0.14759 -0.06690 -0.69652 I   98 
 0.30088  0.19872 -0.95502 B   99 
 0.45933  0.21195 -0.78611 V   99 
 0.33777  0.08599 -1.26801 B   100 
 0.52128 -0.07938 -1.17963 S   100 
 0.05908  0.19202 -1.41013 B   101 
-0.20046  0.10253 -1.36505 D   101 
 0.13038  0.54785 -1.43743 B   102 
 0.05353  0.72842 -1.15683 B   103 
-0.23171  0.76636 -1.30673 N   103 
 0.19031  0.60421 -0.94972 B   104 
 0.13012  0.70938 -0.61755 B   105 
 0.41965  0.61275 -0.37133 M   105 
-0.15171  0.84251 -0.69661 B   106 
 0.00483  1.09796 -0.83662 N   106 
-0.31740  0.58354 -0.63202 B   107 
-0.23156  0.44044 -0.75808 A   107 
-0.27314  0.70878 -0.34422 B   108 
-0.06375  0.29132 -0.33367 W   108 
-0.46479  0.93248 -0.19144 B   109 
-0.71056  0.91217 -0.26028 V   109 
-0.30210  0.96963  0.07336 B   110 
-0.37251  0.81680  0.20630 A   110 
-0.03577  1.03387 -0.05962 B   111 
 0.27116  0.96919 -0.29030 W   111 
-0.12167  1.27838 -0.22984 B   112 
-0.43347  1.30172 -0.51367 R   112 
-0.26733  1.44131  0.02184 B   113 
-0.55631  1.42078 -0.12434 N   113 
-0.01143  1.36294  0.25647 B   114 
-0.36902  1.23118  0.58381 R   114 
 0.28470  1.30631  0.10094 B   115 
 0.21746  1.02315  0.23087 X   115 
 0.30844  1.47325 -0.13111 B   116 
 0.20775  1.43674 -0.56309 K   116 
 0.56594  1.71628 -0.10137 B   117 
 0.69097  1.59871  0.14263 B   118 
 0.47535  1.55217  0.27948 T   118 
 0.88977  1.48615  0.41585 B   119 
 1.14217  1.57875  0.51542 D   119 
 0.92666  1.14841  0.38402 B   120 
 0.81410  1.12760  0.16185 V   120 
 1.18947  1.09055  0.54422 B   121 
 1.47448  1.27617  0.30370 Q   121 
 1.05534  1.10972  0.82822 B   122 
 0.98953  1.30585  0.84054 A   122 
 0.94510  0.80255  0.81290 B   123 
 0.54411  0.95000  0.78159 W   123 
 1.26834  0.69035  0.86395 B   124 
 1.29635  0.61179  0.60839 I   124 
 1.34881  0.79524  1.11247 B   125 
 1.39259  1.27188  0.91428 R   125 
 1.54982  0.59954  1.32905 B   126 
 1.60181  0.38463  1.12307 B   127 
 1.28174  0.35994  1.08660 X   127 
 1.75741  0.06045  1.06235 B   128 
 2.16188  0.05124  1.09045 R   128 
 1.91322  0.06781  0.71926 B   129 
 1.66026  0.11457  0.68299 L   129 
