246 
 1.07390  0.24612  0.75701 B   1 
 1.11789 -0.12684  0.94463 K   1 
 1.29605  0.03841  0.56758 B   2 
 1.39839  0.21160  0.40418 V   2 
 1.22919 -0.21989  0.38874 B   3 
 0.89093 -0.31313  0.64330 F   3 
 1.27241 -0.51665  0.28834 B   4 
 1.16144 -0.72577  0.07220 B   5 
 1.28954 -0.89910 -0.30615 R   5 
 1.14669 -0.99623  0.24106 B   6 
 1.33698 -1.17631  0.06863 X   6 
 1.03787 -0.84638  0.49069 B   7 
 1.23190 -0.60453  0.72790 E   7 
 0.77130 -0.74322  0.37224 B   8 
 0.70959 -0.46599  0.25632 L   8 
 0.65595 -1.00796  0.27199 B   9 
 0.77298 -1.06394  0.09784 A   9 
 0.63556 -1.13634  0.54874 B   10 
 0.83998 -1.18806  0.60673 A   10 
 0.44650 -0.92595  0.67576 B   11 
 0.57296 -0.76210  0.73995 A   11 
 0.22303 -0.93807  0.46158 B   12 
 0.33019 -0.63937  0.17195 M   12 
 0.16410 -1.23253  0.50927 B   13 
 0.34240 -1.59643  0.35437 K   13 
 0.09701 -1.23843  0.80686 B   14 
 0.30895 -1.03069  1.15112 R   14 
-0.13798 -1.01696  0.73964 B   15 
 0.05455 -0.75155  0.94959 H   15 
-0.28573 -1.16308  0.47076 B   16 
-0.20969 -1.06359  0.15767 B   17 
-0.16299 -0.75013  0.22704 L   17 
-0.18629 -1.32804  0.03905 B   18 
 0.04017 -1.51174 -0.05746 D   18 
-0.43899 -1.34821 -0.18788 B   19 
-0.26999 -1.61700 -0.24092 N   19 
-0.58111 -1.09835 -0.15265 B   20 
-0.77593 -0.89258  0.18634 Y   20 
-0.83419 -1.07864 -0.35829 B   21 
-1.19151 -0.89672 -0.10376 R   21 
-0.61914 -1.24454 -0.56356 B   22 
-0.33754 -1.11904 -0.46374 B   23 
-0.54934 -0.77369 -0.70285 Y   23 
-0.04092 -1.18129 -0.48150 B   24 
 0.05006 -1.30888 -0.65569 S   24 
 0.22738 -1.09660 -0.30185 B   25 
 0.34108 -1.21419 -0.03388 L   25 
 0.39200 -0.96645 -0.54007 B   26 
 0.20069 -0.72735 -0.58371 B   27 
-0.00483 -0.88282 -0.80165 N   27 
 0.23854 -0.58788 -0.31168 B   28 
-0.17713 -0.66960 -0.17178 W   28 
 0.54388 -0.55392 -0.32944 B   29 
 0.67357 -0.75655 -0.23093 V   29 
 0.54585 -0.40088 -0.59414 B   30 
 0.53769 -0.47806 -0.86051 X   30 
 0.37976 -0.16057 -0.49970 B   31 
 0.17206 -0.22903 -0.49473 A   31 
 0.55540 -0.06804 -0.26240 B   32 
 0.51744 -0.20403 -0.09998 A   32 
 0.80489 -0.01384 -0.43222 B   33 
 1.11145 -0.11010 -0.54693 K   33 
 0.65895  0.21210 -0.63494 B   34 
 0.79878 -0.03150 -0.93515 F   34 
 0.52895  0.39380 -0.40572 B   35 
 0.19635  0.33275 -0.50336 E   35 
 0.78098  0.38630 -0.15467 B   36 
 0.64714  0.30139  0.00027 S   36 
 1.03099  0.19946 -0.14579 B   37 
 1.25757  0.27600 -0.30414 N   37 
 0.96926  0.06954  0.14631 B   38 
 1.03813 -0.25272 -0.10305 F   38 
 0.86276  0.34867  0.28845 B   39 
 1.06751  0.55865  0.35446 N   39 
 0.66990  0.43821  0.56234 B   40 
 0.72344  0.26060  0.72885 T   40 
 0.74311  0.76868  0.54203 B   41 
 0.98705  0.80101  0.85640 Q   41 
 0.60599  0.82031  0.28462 B   42 
 0.70535  0.71664  0.12946 A   42 
 0.52731  1.13766  0.12200 B   43 
 0.49134  1.22420  0.34808 T   43 
 0.26549  1.27679 -0.10697 B   44 
 0.51472  1.10330 -0.25442 N   44 
 0.16574  1.53296 -0.28409 B   45 
-0.01341  1.90436  0.01091 R   45 
-0.13293  1.63342 -0.42792 B   46 
-0.18063  1.29563 -0.39707 N   46 
-0.30078  1.82728 -0.64695 B   47 
-0.22585  1.81046 -0.89365 T   47 
-0.57459  1.80397 -0.45658 B   48 
-0.63841  1.54659 -0.45172 D   48 
-0.42011  1.82606 -0.15150 B   49 
-0.35518  1.56969 -0.08662 B   50 
-0.50826  1.39540 -0.16781 S   50 
-0.20242  1.26370  0.07049 B   51 
-0.02664  1.44799  0.16671 T   51 
 0.04124  1.02319  0.06456 B   52 
-0.08447  0.91997 -0.23787 D   52 
 0.08295  0.72183  0.27460 B   53 
-0.02592  1.13993  0.48456 Y   53 
 0.33179  0.51832  0.29878 B   54 
 0.40270  0.20182  0.16009 B   55 
 0.51738  0.00154  0.30384 I   55 
 0.09569  0.24858 -0.00536 B   56 
 0.06150 -0.07021  0.01735 L   56 
-0.00419  0.53086 -0.05788 B   57 
 0.28885  0.70064 -0.12688 Q   57 
-0.23037  0.64186  0.12576 B   58 
-0.33542  0.37956  0.25320 I   58 
-0.50315  0.84841  0.09036 B   59 
-0.56257  1.02455 -0.15100 N   59 
-0.65239  1.14617  0.24534 B   60 
-0.48435  1.30157  0.25739 S   60 
-0.93973  1.16685  0.09319 B   61 
-0.94637  1.49326 -0.18614 R   61 
-1.03603  0.85363  0.19564 B   62 
-1.20564  0.91225 -0.22346 W   62 
-0.85547  0.69153  0.43909 B   63 
-0.92538  0.44371  0.08453 W   63 
-0.71675  0.94165  0.59437 B   64 
-0.46841  0.86612  0.57731 X   64 
-0.61807  1.17253  0.85407 B   65 
-0.81212  1.36091  0.97685 N   65 
-0.43423  1.51045  0.82981 B   66 
-0.38464  1.49942  0.56507 D   66 
-0.59520  1.79887  0.86499 B   67 
-0.55367  1.90062  0.51930 B   68 
-0.08822  1.87478  0.43427 R   68 
-0.82643  1.75600  0.37265 B   69 
-0.66610  1.58932  0.26427 T   69 
-1.07328  1.85324  0.21419 B   70 
-0.97343  2.03841  0.17531 P   70 
-1.32516  1.62643  0.19371 B   71 
-1.25946  1.39729  0.37426 B   72 
-1.04569  1.43670  0.47027 S   72 
-1.31206  1.04157  0.50239 B   73 
-1.62128  0.99483  0.32954 R   73 
-1.16619  0.81455  0.67079 B   74 
-1.01622  0.87306  0.89892 N   74 
-1.22349  0.49079  0.61700 B   75 
-1.38143  0.54625  0.33997 L   75 
-0.98658  0.37218  0.81804 B   76 
-0.83436  0.26333  0.57009 X   76 
-0.98547  0.52515  1.07600 B   77 
-1.19053  0.54545  1.25483 N   77 
-0.70694  0.71932  1.05068 B   78 
-0.56818  0.46125  1.07954 I   78 
-0.42233  0.85026  1.09994 B   79 
-0.43913  0.86482  1.30775 P   79 
-0.19106  0.89864  0.86325 B   80 
-0.35751  1.06175  0.65003 X   80 
 0.05545  0.84923  1.05737 B   81 
 0.01147  1.00889  1.23069 S   81 
 0.00382  0.54263  1.09978 B   82 
-0.17755  0.53247  1.20617 A   82 
 0.11491  0.49094  0.79515 B   83 
-0.17782  0.49014  0.64875 L   83 
 0.43528  0.54579  0.91252 B   84 
 0.38141  0.83543  0.76602 L   84 
 0.49383  0.31612  1.06398 B   85 
 0.40240  0.25320  1.29815 S   85 
 0.67888  0.02703  1.12742 B   86 
 0.83123  0.07380  1.30620 S   86 
 0.39159 -0.07095  1.16888 B   87 
 0.26332 -0.23000  1.37795 D   87 
 0.18819 -0.21227  0.90684 B   88 
 0.35985 -0.33203  0.73987 I   88 
-0.09795 -0.27322  1.00934 B   89 
-0.07650 -0.39926  1.24199 T   89 
-0.25240 -0.02085  0.91340 B   90 
-0.20163  0.13699  1.05394 A   90 
-0.19058 -0.04231  0.60863 B   91 
 0.03651  0.11090  0.59182 S   91 
-0.30638 -0.32256  0.56600 B   92 
-0.13526 -0.51267  0.62344 V   92 
-0.59519 -0.27918  0.66019 B   93 
-0.56339 -0.39258  0.97534 N   93 
-0.63938 -0.05277  0.45455 B   94 
-0.61490  0.22896  0.48942 X   94 
-0.56607 -0.20460  0.19565 B   95 
-0.35147 -0.22164  0.19536 A   95 
-0.79040 -0.41587  0.21698 B   96 
-0.61269 -0.72691  0.51460 K   96 
-1.01062 -0.20114  0.16689 B   97 
-1.12871 -0.05608  0.50355 K   97 
-0.91461 -0.09029 -0.10478 B   98 
-0.70250  0.12703 -0.04182 I   98 
-0.91389 -0.36228 -0.27504 B   99 
-0.74110 -0.51421 -0.24543 V   99 
-1.23795 -0.39665 -0.19867 B   100 
-1.16766 -0.55329 -0.00030 S   100 
-1.37142 -0.14010 -0.35831 B   101 
-1.34434  0.13049 -0.29964 D   101 
-1.35055 -0.25831 -0.70189 B   102 
-1.05068 -0.19452 -0.85438 B   103 
-1.20086  0.07708 -0.94896 N   103 
-0.85840 -0.30550 -0.68780 B   104 
-0.51685 -0.24629 -0.75745 B   105 
-0.27871 -0.51063 -0.59248 M   105 
-0.58435  0.01234 -0.93620 B   106 
-0.68630 -0.18171 -1.18382 N   106 
-0.55783  0.21289 -0.69586 B   107 
-0.69944  0.14148 -0.55953 A   107 
-0.25524  0.16422 -0.77676 B   108 
-0.29430  0.01174 -0.33692 W   108 
-0.07909  0.33097 -1.00319 B   109 
-0.15560  0.57434 -1.02501 V   109 
 0.19196  0.17556 -0.98445 B   110 
 0.30223  0.27060 -0.82699 A   110 
 0.07462 -0.10199 -1.02847 B   111 
-0.15543 -0.40683 -0.95261 W   111 
-0.06426 -0.05564 -1.30179 B   112 
-0.34972  0.23881 -1.40246 R   112 
 0.20306  0.07746 -1.44986 B   113 
 0.04886  0.36055 -1.48700 N   113 
 0.43131 -0.15641 -1.30882 B   114 
 0.73043  0.22815 -1.18627 R   114 
 0.27656 -0.44861 -1.23287 B   115 
 0.36697 -0.33980 -0.94725 X   115 
 0.06882 -0.50322 -1.42296 B   116 
-0.36644 -0.41602 -1.45503 K   116 
 0.13583 -0.78886 -1.62340 B   117 
 0.36526 -0.88758 -1.46029 B   118 
 0.48991 -0.66242 -1.42635 T   118 
 0.62599 -1.05887 -1.28848 B   119 
 0.74253 -1.31701 -1.33296 D   119 
 0.55134 -1.05258 -0.95557 B   120 
 0.32583 -0.94725 -0.97825 V   120 
 0.70864 -1.29894 -0.84314 B   121 
 0.50092 -1.61517 -1.01748 Q   121 
 0.98957 -1.15720 -0.84429 B   122 
 1.02579 -1.11712 -1.04437 A   122 
 0.93188 -1.00849 -0.55916 B   123 
 0.91084 -0.63176 -0.76203 W   123 
 0.97530 -1.31200 -0.39892 B   124 
 0.71239 -1.33972 -0.35011 I   124 
 1.23713 -1.39546 -0.45989 B   125 
 1.10371 -1.50902 -0.94741 R   125 
 1.43096 -1.56034 -0.21320 B   126 
 1.20001 -1.59203 -0.02091 B   127 
 1.15331 -1.27320 -0.04434 X   127 
 1.10121 -1.70626  0.31103 B   128 
 1.13714 -2.10461  0.37809 R   128 
 0.76567 -1.87532  0.28158 B   129 
 0.72999 -1.63229  0.19699 L   129 
