246 
-0.08084  0.77458  1.08646 B   1 
-0.40871  0.59641  1.27880 K   1 
 0.03231  0.52281  1.31491 B   2 
 0.28614  0.57438  1.32357 V   2 
 0.00995  0.20320  1.29190 B   3 
-0.35379  0.24173  1.05926 F   3 
-0.05519 -0.08697  1.39946 B   4 
-0.03791 -0.39510  1.31276 B   5 
 0.20676 -0.74374  1.40325 R   5 
-0.31723 -0.51017  1.41583 B   6 
-0.21361 -0.73363  1.61000 X   6 
-0.46824 -0.25489  1.32291 B   7 
-0.45554  0.10158  1.48157 E   7 
-0.41455 -0.27542  1.01890 B   8 
-0.19910 -0.13232  0.85394 L   8 
-0.51788 -0.55881  0.96941 B   9 
-0.37243 -0.69357  1.05796 A   9 
-0.80699 -0.49740  1.04770 B   10 
-0.80825 -0.47959  1.26566 A   10 
-0.85899 -0.27694  0.83595 B   11 
-0.77756 -0.09377  0.91826 A   11 
-0.77763 -0.44103  0.58613 B   12 
-0.35790 -0.36494  0.53489 M   12 
-0.99145 -0.65283  0.62949 B   13 
-1.00323 -1.01289  0.87119 K   13 
-1.24779 -0.48737  0.63216 B   14 
-1.32969 -0.09177  0.84045 R   14 
-1.15982 -0.37976  0.33304 B   15 
-1.11405 -0.02109  0.47746 H   15 
-1.08110 -0.67386  0.18208 B   16 
-0.75993 -0.77335  0.15646 B   17 
-0.63070 -0.47791  0.12095 L   17 
-0.80071 -1.05116  0.23205 B   18 
-0.74510 -1.22779  0.47711 D   18 
-0.72393 -1.23270 -0.04526 B   19 
-0.76708 -1.45755  0.18102 N   19 
-0.66774 -1.03035 -0.24468 B   20 
-0.88795 -0.68742 -0.41531 Y   20 
-0.58634 -1.16759 -0.52975 B   21 
-0.81046 -0.91325 -0.86238 R   21 
-0.44121 -1.39654 -0.32378 B   22 
-0.35378 -1.20415 -0.07810 B   23 
-0.05911 -1.09846 -0.42924 Y   23 
-0.27007 -1.22915  0.21266 B   24 
-0.17170 -1.42376  0.29839 S   24 
-0.27061 -1.02291  0.47515 B   25 
-0.50060 -0.94238  0.67308 L   25 
 0.03979 -1.04288  0.53869 B   26 
 0.13411 -0.90204  0.27996 B   27 
 0.14842 -1.17988  0.08890 N   27 
 0.01123 -0.62429  0.33134 B   28 
-0.28472 -0.65435 -0.00113 W   28 
 0.14910 -0.57200  0.60146 B   29 
 0.01038 -0.65836  0.80364 V   29 
 0.43561 -0.60883  0.50122 B   30 
 0.59753 -0.83033  0.46003 X   30 
 0.43266 -0.38145  0.29496 B   31 
 0.32026 -0.45723  0.12328 A   31 
 0.35955 -0.14544  0.48118 B   32 
 0.14860 -0.16052  0.52108 A   32 
 0.60624 -0.17467  0.66093 B   33 
 0.75022 -0.28345  0.95048 K   33 
 0.83221 -0.13409  0.41449 B   34 
 0.98325 -0.49028  0.55352 F   34 
 0.70652  0.13173  0.28800 B   35 
 0.63394 -0.01428 -0.02392 E   35 
 0.59617  0.30570  0.57810 B   36 
 0.38484  0.31532  0.51195 S   36 
 0.57689  0.19241  0.86842 B   37 
 0.81863  0.18505  1.02263 N   37 
 0.26073  0.25692  0.91198 B   38 
 0.30603 -0.13957  1.01934 F   38 
 0.26227  0.55063  0.75971 B   39 
 0.39402  0.78068  0.90144 N   39 
 0.03126  0.76272  0.61180 B   40 
-0.17317  0.72789  0.75013 T   40 
 0.24802  1.02112  0.57678 B   41 
 0.10711  1.26358  0.86092 Q   41 
 0.42667  0.89187  0.37902 B   42 
 0.52596  0.72859  0.46944 A   42 
 0.69362  1.03682  0.17636 B   43 
 0.55246  1.23643  0.16513 T   43 
 0.85347  0.97924 -0.15751 B   44 
 0.96177  0.78290  0.09484 N   44 
 1.09178  1.06455 -0.36457 B   45 
 0.99901  1.51428 -0.57949 R   45 
 1.15250  1.02290 -0.70304 B   46 
 0.93256  0.76802 -0.63986 N   46 
 1.36641  1.02572 -0.96374 B   47 
 1.57409  0.87363 -0.94149 T   47 
 1.11181  1.08886 -1.17098 B   48 
 0.94909  0.88026 -1.15236 D   48 
 0.94154  1.30711 -0.96897 B   49 
 0.77774  1.15039 -0.81812 B   50 
 0.69464  0.94562 -0.92569 S   50 
 0.54682  1.01987 -0.55111 B   51 
 0.63152  1.24422 -0.42222 T   51 
 0.50825  0.85443 -0.25381 B   52 
 0.64334  0.57686 -0.40422 D   52 
 0.20032  0.74616 -0.08022 B   53 
 0.22249  1.19031 -0.26183 Y   53 
 0.15995  0.62867  0.21725 B   54 
 0.12352  0.30321  0.34833 B   55 
-0.05412  0.24400  0.54547 I   55 
 0.16951  0.20509  0.01355 B   56 
-0.02935 -0.03802  0.08189 L   56 
 0.32539  0.38562 -0.17493 B   57 
 0.57076  0.51345  0.03223 Q   57 
 0.16392  0.55680 -0.37944 B   58 
-0.11043  0.41277 -0.37163 I   58 
 0.20626  0.66717 -0.70247 B   59 
 0.46568  0.65536 -0.86176 N   59 
 0.19292  0.97829 -0.89735 B   60 
 0.32460  1.12847 -0.78493 S   60 
 0.22161  0.86977 -1.20320 B   61 
 0.60856  0.96057 -1.36639 R   61 
-0.05747  0.67147 -1.17735 B   62 
 0.23852  0.44719 -1.44182 W   62 
-0.26894  0.70993 -0.90912 B   63 
-0.15104  0.29315 -0.97550 W   63 
-0.20777  1.01742 -0.82182 B   64 
-0.14844  0.97663 -0.57186 X   64 
-0.25140  1.36741 -0.74380 B   65 
-0.31357  1.56730 -0.95451 N   65 
 0.01082  1.64240 -0.67898 B   66 
 0.22671  1.48111 -0.68587 D   66 
 0.08099  1.87306 -0.90746 B   67 
 0.41655  1.75178 -0.97279 B   68 
 0.63025  1.73530 -0.55018 R   68 
 0.35820  1.51727 -1.21449 B   69 
 0.40905  1.33922 -1.03857 T   69 
 0.44652  1.47043 -1.50690 B   70 
 0.60967  1.60570 -1.47765 P   70 
 0.25427  1.24872 -1.67777 B   71 
 0.01584  1.18288 -1.50972 B   72 
 0.03691  1.29676 -1.30223 S   72 
-0.29047  0.97140 -1.42505 B   73 
-0.28923  0.79450 -1.73550 R   73 
-0.49053  0.90943 -1.18566 B   74 
-0.58355  1.10996 -1.01510 N   74 
-0.64096  0.61389 -1.15361 B   75 
-0.45235  0.47348 -1.37605 L   75 
-0.77698  0.66808 -0.85499 B   76 
-0.59039  0.45142 -0.73359 X   76 
-0.89458  0.94379 -0.84481 B   77 
-1.09319  1.04269 -1.00359 N   77 
-0.67503  1.11537 -0.64914 B   78 
-0.78627  0.94446 -0.43677 I   78 
-0.54460  1.28217 -0.41306 B   79 
-0.70324  1.41606 -0.38882 P   79 
-0.25567  1.20617 -0.26274 B   80 
-0.06211  1.18826 -0.51171 X   80 
-0.34624  1.31222  0.02264 B   81 
-0.41056  1.53726 -0.02913 S   81 
-0.55989  1.08850  0.07531 B   82 
-0.71050  1.12272 -0.06774 A   82 
-0.31343  0.87837  0.12929 B   83 
-0.30247  0.75564 -0.17393 L   83 
-0.26362  1.02984  0.43588 B   84 
-0.01523  1.16539  0.26801 L   84 
-0.48234  0.94532  0.59124 B   85 
-0.72846  1.02477  0.57482 S   85 
-0.62070  0.77597  0.86331 B   86 
-0.68101  0.93796  1.02908 S   86 
-0.80463  0.68925  0.63417 B   87 
-1.09524  0.67316  0.60688 D   87 
-0.74798  0.39649  0.43146 B   88 
-0.62299  0.22192  0.59142 I   88 
-0.95898  0.37577  0.20530 B   89 
-1.19824  0.41760  0.31244 T   89 
-0.80441  0.50019 -0.03423 B   90 
-0.81146  0.71536 -0.00429 A   90 
-0.55889  0.30813 -0.03515 B   91 
-0.38558  0.44627  0.12672 S   91 
-0.71515  0.04686 -0.06816 B   92 
-0.80109 -0.04928  0.16008 V   92 
-0.86521  0.10355 -0.32975 B   93 
-1.15789  0.20596 -0.19922 N   93 
-0.60137  0.15474 -0.48229 B   94 
-0.47007  0.40179 -0.53633 X   94 
-0.45659 -0.11184 -0.42379 B   95 
-0.39085 -0.10021 -0.21913 A   95 
-0.66330 -0.29297 -0.56477 B   96 
-0.99677 -0.34048 -0.24315 K   96 
-0.58700 -0.17871 -0.84449 B   97 
-0.81103  0.12375 -0.92608 K   97 
-0.28486 -0.24207 -0.84611 B   98 
-0.14429 -0.00716 -0.70038 I   98 
-0.29763 -0.55942 -0.80034 B   99 
-0.34120 -0.64175 -0.58789 V   99 
-0.48750 -0.57917 -1.07528 B   100 
-0.69957 -0.57635 -0.92086 S   100 
-0.27421 -0.48709 -1.31011 B   101 
-0.16631 -0.23433 -1.35333 D   101 
-0.06435 -0.78387 -1.32844 B   102 
 0.19155 -0.78920 -1.10100 B   103 
 0.35678 -0.64822 -1.34203 N   103 
 0.07069 -0.75482 -0.85352 B   104 
 0.27465 -0.70930 -0.56831 B   105 
 0.08947 -0.79203 -0.23266 M   105 
 0.52675 -0.61922 -0.74646 B   106 
 0.57947 -0.93319 -0.83596 N   106 
 0.45687 -0.31335 -0.73061 B   107 
 0.26440 -0.30508 -0.81198 A   107 
 0.59865 -0.36466 -0.45179 B   108 
 0.16425 -0.22697 -0.34896 W   108 
 0.92341 -0.34720 -0.38595 B   109 
 1.04301 -0.17639 -0.53452 V   109 
 0.92053 -0.42720 -0.08336 B   110 
 0.88771 -0.24467  0.02430 A   110 
 0.76624 -0.68735 -0.11891 B   111 
 0.46569 -0.91069 -0.22562 W   111 
 0.95376 -0.83051 -0.32010 B   112 
 1.08883 -0.69103 -0.69510 R   112 
 1.23178 -0.78210 -0.14272 B   113 
 1.35735 -0.59813 -0.37870 N   113 
 1.07785 -0.85616  0.16953 B   114 
 1.29149 -0.44279  0.35889 R   114 
 0.81010 -1.06055  0.12910 B   115 
 0.67870 -0.79278  0.24143 X   115 
 0.85575 -1.24205 -0.08827 B   116 
 0.77562 -1.24344 -0.52606 K   116 
 0.88206 -1.58046  0.01682 B   117 
 0.78331 -1.53407  0.29446 B   118 
 0.92007 -1.32062  0.35032 T   118 
 0.65015 -1.53630  0.62477 B   119 
 0.58782 -1.75377  0.80088 D   119 
 0.37037 -1.34094  0.62428 B   120 
 0.36551 -1.29762  0.37818 V   120 
 0.20724 -1.45039  0.86817 B   121 
 0.10168 -1.82982  0.73239 Q   121 
 0.38108 -1.30562  1.08688 B   122 
 0.56953 -1.38929  1.06603 A   122 
 0.21980 -1.02397  1.04942 B   123 
 0.56943 -0.84925  0.87406 W   123 
-0.05020 -1.16353  1.21464 B   124 
-0.19400 -1.18730  0.98875 I   124 
 0.04353 -1.23529  1.47019 B   125 
 0.31343 -1.63270  1.27631 R   125 
-0.16733 -1.19552  1.75228 B   126 
-0.41297 -1.13283  1.58782 B   127 
-0.24165 -0.89966  1.44407 X   127 
-0.76444 -1.03642  1.60069 B   128 
-1.01548 -1.30778  1.76747 R   128 
-0.94814 -1.22758  1.33282 B   129 
-0.76603 -1.08979  1.20899 L   129 
