246 
 0.19997  0.20114  1.30632 B   1 
 0.31223 -0.18608  1.42337 K   1 
 0.55623  0.16624  1.29087 B   2 
 0.62900  0.41349  1.26373 V   2 
 0.73492  0.00029  1.08180 B   3 
 0.41271 -0.28446  1.02683 F   3 
 0.96503 -0.20017  0.99887 B   4 
 1.10962 -0.32076  0.73942 B   5 
 1.48718 -0.27348  0.52774 R   5 
 1.14150 -0.62880  0.81675 B   6 
 1.45324 -0.65627  0.79584 X   6 
 0.85834 -0.63647  0.94471 B   7 
 0.74277 -0.47273  1.27973 E   7 
 0.69010 -0.57443  0.69257 B   8 
 0.57415 -0.30487  0.60313 L   8 
 0.79637 -0.79298  0.50715 B   9 
 0.99797 -0.73405  0.45196 A   9 
 0.69594 -1.02594  0.67781 B   10 
 0.82923 -1.03612  0.85089 A   10 
 0.39468 -0.95290  0.67051 B   11 
 0.36524 -0.80272  0.82392 A   11 
 0.36447 -0.93725  0.36262 B   12 
 0.44699 -0.52745  0.26341 M   12 
 0.44371 -1.22754  0.31890 B   13 
 0.82842 -1.42392  0.27849 K   13 
 0.23980 -1.37737  0.48937 B   14 
 0.09526 -1.28296  0.90983 R   14 
 0.00697 -1.22611  0.31130 B   15 
-0.10648 -1.03105  0.62859 H   15 
 0.12402 -1.28087 -0.00299 B   16 
 0.29627 -1.04143 -0.16640 B   17 
 0.13595 -0.78769 -0.04328 L   17 
 0.50683 -1.21212 -0.27169 B   18 
 0.80387 -1.26431 -0.21349 D   18 
 0.46759 -1.20641 -0.60960 B   19 
 0.74393 -1.36663 -0.56968 N   19 
 0.22854 -1.04724 -0.64686 B   20 
-0.18914 -1.06921 -0.50449 Y   20 
 0.15784 -1.01632 -0.96430 B   21 
-0.31299 -1.06990 -0.99595 R   21 
 0.49723 -1.01063 -0.99056 B   22 
 0.57304 -0.86385 -0.71178 B   23 
 0.38802 -0.52690 -0.98294 Y   23 
 0.81533 -0.82463 -0.53308 B   24 
 1.03452 -0.83477 -0.61526 S   24 
 0.85899 -0.75044 -0.21055 B   25 
 0.84929 -0.93187  0.04547 L   25 
 1.03590 -0.49075 -0.25582 B   26 
 0.81138 -0.32170 -0.38499 B   27 
 0.86610 -0.42259 -0.70237 N   27 
 0.62107 -0.30559 -0.14331 B   28 
 0.30257 -0.55433 -0.33228 W   28 
 0.82186 -0.18113  0.05392 B   29 
 0.95674 -0.35964  0.18629 V   29 
 0.89106  0.06267 -0.11715 B   30 
 1.06781  0.10626 -0.32653 X   30 
 0.60834  0.18177 -0.12875 B   31 
 0.49799  0.06110 -0.27404 A   31 
 0.55383  0.21177  0.17432 B   32 
 0.50708  0.01542  0.24901 A   32 
 0.78894  0.40170  0.22599 B   33 
 1.10726  0.45540  0.33640 K   33 
 0.68793  0.63953  0.00995 B   34 
 1.06581  0.59682 -0.14624 F   34 
 0.38570  0.66178  0.11298 B   35 
 0.24219  0.55485 -0.19010 E   35 
 0.42507  0.62191  0.46436 B   36 
 0.29190  0.44508  0.47573 S   36 
 0.68262  0.52935  0.61466 B   37 
 0.88491  0.72707  0.66217 N   37 
 0.54647  0.27671  0.76844 B   38 
 0.88730  0.12450  0.59110 F   38 
 0.25936  0.42621  0.83679 B   39 
 0.25950  0.63781  1.05032 N   39 
-0.06442  0.33229  0.91785 B   40 
-0.03055  0.12473  1.05167 T   40 
-0.16652  0.64610  0.99584 B   41 
-0.18659  0.61146  1.39306 Q   41 
-0.14596  0.75963  0.72305 B   42 
 0.05683  0.76446  0.66350 A   42 
-0.26796  1.07850  0.59350 B   43 
-0.45754  1.04726  0.74508 T   43 
-0.39086  1.21945  0.26889 B   44 
-0.05576  1.20405  0.30673 N   44 
-0.48918  1.48577  0.10656 B   45 
-0.95404  1.62928  0.24928 R   45 
-0.66420  1.54696 -0.18602 B   46 
-0.54684  1.22974 -0.24012 N   46 
-0.75549  1.75778 -0.43290 B   47 
-0.56258  1.86888 -0.56407 T   47 
-1.03352  1.57877 -0.48194 B   48 
-0.95270  1.33703 -0.55523 D   48 
-1.10442  1.51352 -0.15309 B   49 
-0.96893  1.28436 -0.09587 B   50 
-0.94326  1.12470 -0.28095 S   50 
-0.79911  0.99887  0.08107 B   51 
-0.82239  1.16731  0.29368 T   51 
-0.51139  0.86456  0.20926 B   52 
-0.38233  0.86719 -0.10895 D   52 
-0.44813  0.52883  0.35050 B   53 
-0.84211  0.76856  0.48483 Y   53 
-0.19144  0.41514  0.50895 B   54 
 0.08800  0.22180  0.41422 B   55 
 0.18701  0.02192  0.56970 I   55 
-0.05451  0.24354  0.09323 B   56 
 0.06710 -0.05002  0.04481 L   56 
-0.23327  0.47974  0.02487 B   57 
-0.08008  0.73907  0.19440 Q   57 
-0.54145  0.43275  0.02068 B   58 
-0.55265  0.12325  0.00813 I   58 
-0.80987  0.54690 -0.16165 B   59 
-0.80649  0.78308 -0.35407 N   59 
-1.14223  0.69473 -0.11030 B   60 
-1.11096  0.87160  0.03207 S   60 
-1.26569  0.69408 -0.41181 B   61 
-1.27991  1.09066 -0.57652 R   61 
-1.23230  0.35383 -0.44333 B   62 
-1.14976  0.53221 -0.85470 W   62 
-1.16125  0.16368 -0.16596 B   63 
-0.89467  0.07996 -0.50351 W   63 
-1.27421  0.35317  0.07330 B   64 
-1.05863  0.36680  0.21824 X   64 
-1.46147  0.47059  0.35901 B   65 
-1.75298  0.52504  0.34237 N   65 
-1.48979  0.82427  0.50963 B   66 
-1.30722  0.94067  0.34902 D   66 
-1.76066  1.01121  0.46471 B   67 
-1.59536  1.25641  0.25463 B   68 
-1.21964  1.40383  0.50291 R   68 
-1.63037  1.11547 -0.05477 B   69 
-1.38033  1.06391 -0.04751 T   69 
-1.76060  1.19497 -0.32352 B   70 
-1.76285  1.39930 -0.26019 P   70 
-1.80919  0.93614 -0.53790 B   71 
-1.74923  0.68184 -0.39245 B   72 
-1.67509  0.73670 -0.17344 S   72 
-1.67903  0.30678 -0.38146 B   73 
-1.77294  0.25059 -0.72160 R   73 
-1.55896  0.08246 -0.19056 B   74 
-1.60921  0.07970  0.08407 N   74 
-1.40921 -0.18976 -0.31085 B   75 
-1.39409 -0.07065 -0.61144 L   75 
-1.29826 -0.30843 -0.02065 B   76 
-1.00667 -0.25374 -0.11276 X   76 
-1.51262 -0.28533  0.18784 B   77 
-1.75909 -0.40222  0.18244 N   77 
-1.40499 -0.02762  0.38256 B   78 
-1.19888 -0.22184  0.46309 I   78 
-1.30243  0.14603  0.62731 B   79 
-1.43358  0.06609  0.76906 P   79 
-1.04064  0.35391  0.61731 B   80 
-1.11895  0.53625  0.37156 X   80 
-0.95354  0.30042  0.91805 B   81 
-1.15606  0.35200  1.03547 S   81 
-0.86048  0.00402  0.87380 B   82 
-1.03658 -0.10170  0.82768 A   82 
-0.59439  0.11995  0.72028 B   83 
-0.71406  0.09685  0.41651 L   83 
-0.46685  0.20972  1.02865 B   84 
-0.56702  0.50509  0.92389 L   84 
-0.39575 -0.03483  1.14805 B   85 
-0.55378 -0.21396  1.24851 S   85 
-0.16155 -0.25701  1.28084 B   86 
-0.17768 -0.24838  1.51963 S   86 
-0.33131 -0.44133  1.10459 B   87 
-0.45344 -0.70313  1.14934 D   87 
-0.25824 -0.51084  0.75841 B   88 
 0.00811 -0.49409  0.73686 I   88 
-0.47853 -0.68872  0.63221 B   89 
-0.52775 -0.88904  0.79930 T   89 
-0.65619 -0.47562  0.49158 B   90 
-0.77555 -0.38455  0.64874 A   90 
-0.43848 -0.34779  0.30873 B   91 
-0.35029 -0.14369  0.46961 S   91 
-0.35606 -0.60413  0.16288 B   92 
-0.17690 -0.74264  0.29492 V   92 
-0.62511 -0.68955  0.04255 B   93 
-0.71819 -0.91081  0.27827 N   93 
-0.65548 -0.42082 -0.10702 B   94 
-0.79661 -0.18620 -0.02813 X   94 
-0.39051 -0.42116 -0.26590 B   95 
-0.23583 -0.37400 -0.12380 A   95 
-0.45064 -0.67633 -0.42927 B   96 
-0.33742 -1.01823 -0.13400 K   96 
-0.67935 -0.53383 -0.58581 B   97 
-1.01358 -0.58499 -0.40142 K   97 
-0.52152 -0.29636 -0.70415 B   98 
-0.51834 -0.07504 -0.48691 I   98 
-0.29472 -0.45827 -0.86326 B   99 
-0.11819 -0.55174 -0.74531 V   99 
-0.53979 -0.61317 -1.03052 B   100 
-0.52211 -0.81132 -0.85949 S   100 
-0.67073 -0.36359 -1.20281 B   101 
-0.81749 -0.14784 -1.10631 D   101 
-0.41219 -0.31438 -1.45417 B   102 
-0.15688 -0.10903 -1.35471 B   103 
-0.34185  0.12126 -1.48895 N   103 
-0.06144 -0.21944 -1.11863 B   104 
 0.17966 -0.04098 -0.93143 B   105 
 0.38282 -0.26942 -0.68579 M   105 
 0.10296  0.23741 -1.07291 B   106 
 0.26331  0.14563 -1.34719 N   106 
-0.10801  0.31616 -0.85387 B   107 
-0.24305  0.15656 -0.85948 A   107 
 0.16584  0.39539 -0.71529 B   108 
-0.02374  0.06757 -0.44174 W   108 
 0.32617  0.68490 -0.73940 B   109 
 0.16589  0.88140 -0.77480 V   109 
 0.57722  0.62126 -0.56362 B   110 
 0.52018  0.66829 -0.36232 A   110 
 0.65800  0.36740 -0.71117 B   111 
 0.61060  0.00713 -0.85103 W   111 
 0.68859  0.48258 -0.99742 B   112 
 0.40354  0.69621 -1.22421 R   112 
 0.88516  0.73632 -0.90754 B   113 
 0.66070  0.95112 -1.00121 N   113 
 1.07953  0.54134 -0.68197 B   114 
 1.02723  0.90635 -0.34079 R   114 
 1.07711  0.21354 -0.76938 B   115 
 0.93036  0.21267 -0.48644 X   115 
 1.06551  0.18702 -1.05475 B   116 
 0.74351  0.15043 -1.35979 K   116 
 1.36052  0.04515 -1.19295 B   117 
 1.47710 -0.04259 -0.93275 B   118 
 1.43258  0.17257 -0.79450 T   118 
 1.64606 -0.18739 -0.65469 B   119 
 1.87678 -0.35713 -0.64248 D   119 
 1.41186 -0.34381 -0.46201 B   120 
 1.21865 -0.30849 -0.61656 V   120 
 1.57956 -0.55788 -0.30668 B   121 
 1.68845 -0.81603 -0.61497 Q   121 
 1.70159 -0.35475 -0.09965 B   122 
 1.81483 -0.22551 -0.21549 A   122 
 1.43459 -0.36367  0.08843 B   123 
 1.34436  0.03981 -0.02377 W   123 
 1.52704 -0.67977  0.19432 B   124 
 1.33526 -0.79976  0.04908 I   124 
 1.77949 -0.65057  0.31537 B   125 
 2.00863 -0.58102 -0.14402 R   125 
 1.85919 -0.84068  0.60367 B   126 
 1.61344 -1.01540  0.58380 B   127 
 1.43711 -0.74475  0.57722 X   127 
 1.42274 -1.28199  0.74365 B   128 
 1.60731 -1.64253  0.76426 R   128 
 1.29357 -1.51141  0.47398 B   129 
 1.19525 -1.27700  0.42038 L   129 
