246 
-1.11886  0.68766  0.24939 B   1 
-1.39906  0.37508  0.24502 K   1 
-1.16404  0.55814  0.58039 B   2 
-1.04612  0.74078  0.72148 V   2 
-1.06686  0.27785  0.70356 B   3 
-1.09511  0.09219  0.31285 F   3 
-1.10412  0.00907  0.86598 B   4 
-0.93846 -0.24506  0.96961 B   5 
-0.77537 -0.39425  1.34476 R   5 
-1.13994 -0.48561  0.91116 B   6 
-1.17154 -0.59951  1.20168 X   6 
-1.22297 -0.36309  0.63784 B   7 
-1.44248 -0.04654  0.57444 E   7 
-0.94892 -0.37506  0.49471 B   8 
-0.74195 -0.15106  0.46156 L   8 
-0.88581 -0.67164  0.53336 B   9 
-0.83687 -0.69718  0.74338 A   9 
-1.12369 -0.77254  0.36990 B   10 
-1.30058 -0.74100  0.49455 A   10 
-1.04907 -0.63429  0.10258 B   11 
-1.12132 -0.43056  0.11775 A   11 
-0.76131 -0.74636  0.07820 B   12 
-0.51222 -0.45725  0.27558 M   12 
-0.85227 -1.03640  0.07024 B   13 
-0.94553 -1.32347  0.38184 K   13 
-1.04252 -1.03873 -0.16828 B   14 
-1.36417 -0.73743 -0.27944 R   14 
-0.79013 -0.92481 -0.34748 B   15 
-0.98093 -0.58947 -0.39980 H   15 
-0.54427 -1.13872 -0.25120 B   16 
-0.31924 -1.04778 -0.01712 B   17 
-0.30484 -0.73377 -0.09733 L   17 
-0.32155 -1.29547  0.13519 B   18 
-0.43287 -1.39259  0.40449 D   18 
-0.00974 -1.42678  0.09931 B   19 
-0.14680 -1.61963  0.31759 N   19 
 0.11983 -1.24339 -0.08358 B   20 
 0.03473 -1.09195 -0.48982 Y   20 
 0.42760 -1.33589 -0.14230 B   21 
 0.49286 -1.27331 -0.60854 R   21 
 0.41111 -1.43069  0.18427 B   22 
 0.21126 -1.20295  0.29921 B   23 
 0.61862 -0.98159  0.21942 Y   23 
 0.03614 -1.15472  0.54248 B   24 
 0.07854 -1.25611  0.74941 S   24 
-0.22921 -0.96228  0.60567 B   25 
-0.53399 -1.00533  0.54396 L   25 
-0.10283 -0.80387  0.85005 B   26 
 0.11184 -0.65557  0.68393 B   27 
 0.34916 -0.89441  0.70722 N   27 
-0.07544 -0.48740  0.50636 B   28 
 0.03156 -0.70103  0.12961 W   28 
-0.22670 -0.34679  0.73452 B   29 
-0.43695 -0.47854  0.81207 V   29 
 0.01996 -0.22859  0.87120 B   30 
 0.20460 -0.32772  1.05303 X   30 
 0.11524 -0.05728  0.63493 B   31 
 0.20994 -0.19564  0.49444 A   31 
-0.13861  0.11414  0.59137 B   32 
-0.28153 -0.01073  0.48990 A   32 
-0.13582  0.23923  0.87131 B   33 
-0.25292  0.25058  1.19156 K   33 
 0.17020  0.37709  0.84332 B   34 
 0.24590  0.17420  1.19278 F   34 
 0.12443  0.51958  0.56038 B   35 
 0.37118  0.33332  0.39214 E   35 
-0.21370  0.62722  0.58651 B   36 
-0.28063  0.51424  0.40795 S   36 
-0.41982  0.54548  0.80634 B   37 
-0.40595  0.68403  1.05711 N   37 
-0.64617  0.42958  0.60302 B   38 
-0.59219  0.13270  0.88538 F   38 
-0.60977  0.66291  0.37131 B   39 
-0.71443  0.93799  0.43253 N   39 
-0.68123  0.70126  0.03419 B   40 
-0.89220  0.57136  0.00665 T   40 
-0.60853  1.03239  0.02707 B   41 
-0.97836  1.17988 -0.00220 Q   41 
-0.31816  1.00677  0.07957 B   42 
-0.28790  0.93235  0.27512 A   42 
-0.05383  1.25749  0.05488 B   43 
-0.17965  1.34557 -0.13566 T   43 
 0.31258  1.27041 -0.02204 B   44 
 0.23012  1.18632  0.29433 N   44 
 0.58168  1.45543 -0.03924 B   45 
 0.57084  1.76207 -0.44285 R   45 
 0.89267  1.42696 -0.18909 B   46 
 0.79512  1.09927 -0.16834 N   46 
 1.21407  1.52563 -0.21557 B   47 
 1.35421  1.51444  0.00122 T   47 
 1.21882  1.42226 -0.53345 B   48 
 1.17445  1.16090 -0.52588 D   48 
 0.90427  1.52695 -0.62021 B   49 
 0.74065  1.31876 -0.55669 B   50 
 0.83799  1.09411 -0.57820 S   50 
 0.44147  1.10492 -0.47658 B   51 
 0.32267  1.34846 -0.45024 T   51 
 0.23418  0.96973 -0.23993 B   52 
 0.50587  0.80050 -0.11557 D   52 
-0.04032  0.72480 -0.27634 B   53 
-0.01257  1.09239 -0.58431 Y   53 
-0.26244  0.62858 -0.06344 B   54 
-0.29230  0.34800  0.14827 B   55 
-0.52774  0.21715  0.18531 I   55 
 0.02385  0.26473  0.01814 B   56 
-0.06955 -0.04120  0.04979 L   56 
 0.20585  0.48541 -0.08478 B   57 
 0.14148  0.74278  0.13676 Q   57 
 0.22874  0.52325 -0.39340 B   58 
 0.11304  0.25368 -0.49351 I   58 
 0.47404  0.61257 -0.61739 B   59 
 0.74501  0.73207 -0.54592 N   59 
 0.53073  0.84886 -0.89289 B   60 
 0.47188  1.05504 -0.81189 S   60 
 0.81764  0.74976 -1.01125 B   61 
 1.13240  1.02425 -0.91030 R   61 
 0.70071  0.43384 -1.07755 B   62 
 1.13510  0.38798 -0.94696 W   62 
 0.36294  0.37149 -1.06447 B   63 
 0.59901  0.08359 -0.83339 W   63 
 0.24009  0.66808 -1.11791 B   64 
 0.08811  0.68655 -0.90761 X   64 
 0.05478  0.94195 -1.26332 B   65 
 0.12888  1.05758 -1.52668 N   65 
 0.06933  1.31975 -1.18830 B   66 
 0.23949  1.30307 -0.97988 D   66 
 0.22131  1.53207 -1.39363 B   67 
 0.49165  1.60957 -1.16454 B   68 
 0.28200  1.74659 -0.76228 R   68 
 0.71640  1.36298 -1.23873 B   69 
 0.65714  1.25657 -1.01423 T   69 
 1.00789  1.34899 -1.34041 B   70 
 1.03588  1.55333 -1.28356 P   70 
 1.09979  1.04541 -1.46166 B   71 
 0.85569  0.87342 -1.47772 B   72 
 0.67180  0.99638 -1.39092 S   72 
 0.68138  0.53631 -1.51883 B   73 
 0.97637  0.36485 -1.62493 R   73 
 0.40124  0.39425 -1.46869 B   74 
 0.15889  0.52397 -1.51763 N   74 
 0.37794  0.06828 -1.40393 B   75 
 0.69635  0.03684 -1.35501 L   75 
 0.05327  0.06278 -1.33201 B   76 
 0.12244 -0.00583 -1.03705 X   76 
-0.09818  0.22885 -1.53059 B   77 
-0.11094  0.18980 -1.80032 N   77 
-0.18023  0.50760 -1.35313 B   78 
-0.35920  0.32129 -1.21192 I   78 
-0.34160  0.73681 -1.20483 B   79 
-0.48608  0.76339 -1.35348 P   79 
-0.27912  0.84371 -0.89415 B   80 
 0.02781  0.91490 -0.91644 X   80 
-0.58325  0.90523 -0.82624 B   81 
-0.64231  1.05332 -1.00525 S   81 
-0.67802  0.60610 -0.82275 B   82 
-0.65825  0.54071 -1.02187 A   82 
-0.52489  0.57034 -0.53450 B   83 
-0.24573  0.44990 -0.65570 L   83 
-0.78153  0.74825 -0.38651 B   84 
-0.55202  0.98377 -0.39708 L   84 
-0.99950  0.57049 -0.38907 B   85 
-1.14457  0.50060 -0.59212 S   85 
-1.24069  0.37540 -0.22904 B   86 
-1.45029  0.49053 -0.24202 S   86 
-1.13706  0.18416 -0.44478 B   87 
-1.27071  0.00945 -0.63732 D   87 
-0.86308 -0.04486 -0.39485 B   88 
-0.87007 -0.10907 -0.13502 I   88 
-0.79555 -0.19571 -0.65712 B   89 
-1.02308 -0.28333 -0.76212 T   89 
-0.55815 -0.02656 -0.76564 B   90 
-0.64705  0.15119 -0.85363 A   90 
-0.36760 -0.05217 -0.52027 B   91 
-0.43895  0.17071 -0.37691 S   91 
-0.35283 -0.35800 -0.51538 B   92 
-0.55174 -0.46691 -0.38388 V   92 
-0.24613 -0.41383 -0.79763 B   93 
-0.53870 -0.47836 -0.95067 N   93 
 0.00396 -0.23890 -0.74907 B   94 
 0.04788  0.03446 -0.81644 X   94 
 0.11381 -0.37700 -0.49548 B   95 
-0.01407 -0.31498 -0.33378 A   95 
 0.16270 -0.65232 -0.62672 B   96 
-0.25943 -0.84881 -0.61710 K   96 
 0.39155 -0.53770 -0.80451 B   97 
 0.24602 -0.41494 -1.13930 K   97 
 0.57695 -0.42516 -0.58481 B   98 
 0.47261 -0.14088 -0.51787 I   98 
 0.62476 -0.69283 -0.41442 B   99 
 0.45757 -0.76831 -0.27242 V   99 
 0.74193 -0.83520 -0.69377 B   100 
 0.50336 -0.93664 -0.73409 S   100 
 1.01714 -0.66046 -0.74702 B   101 
 1.03808 -0.39429 -0.82522 D   101 
 1.23170 -0.79421 -0.48525 B   102 
 1.19528 -0.64037 -0.18153 B   103 
 1.43498 -0.45172 -0.29209 N   103 
 0.92476 -0.65816 -0.12207 B   104 
 0.79990 -0.48579  0.16027 B   105 
 0.45830 -0.62930  0.28877 M   105 
 1.05251 -0.28695  0.16726 B   106 
 1.24153 -0.52674  0.29430 N   106 
 0.91421 -0.06917 -0.01199 B   107 
 0.86997 -0.17416 -0.18737 A   107 
 0.78789 -0.01201  0.27305 B   108 
 0.42911 -0.12697 -0.00317 W   108 
 0.90965  0.18561  0.51017 B   109 
 1.04317  0.38152  0.41347 V   109 
 0.69339  0.14155  0.73211 B   110 
 0.53864  0.28421  0.69106 A   110 
 0.71092 -0.16245  0.73615 B   111 
 0.69342 -0.52158  0.58673 W   111 
 1.01284 -0.19509  0.79873 B   112 
 1.34156 -0.03488  0.58755 R   112 
 1.01249  0.01163  1.06020 B   113 
 1.21414  0.21479  0.90735 N   113 
 0.70396 -0.10942  1.18995 B   114 
 0.55448  0.36700  1.24526 R   114 
 0.64704 -0.42949  1.09297 B   115 
 0.41008 -0.26944  0.95219 X   115 
 0.89467 -0.57304  1.07424 B   116 
 1.19473 -0.65302  0.75542 K   116 
 0.92339 -0.83211  1.31571 B   117 
 0.63790 -0.82539  1.40196 B   118 
 0.60815 -0.56824  1.42146 T   118 
 0.30606 -0.87378  1.52187 B   119 
 0.19573 -1.07499  1.69373 D   119 
 0.09685 -0.86429  1.25245 B   120 
 0.27500 -0.85052  1.07769 V   120 
-0.15295 -1.02531  1.35116 B   121 
 0.00414 -1.40999  1.38089 Q   121 
-0.27054 -0.79208  1.52663 B   122 
-0.12670 -0.76024  1.67239 A   122 
-0.41028 -0.64878  1.26841 B   123 
-0.13047 -0.32580  1.29857 W   123 
-0.64844 -0.89968  1.26561 B   124 
-0.54331 -1.01625  1.04737 I   124 
-0.77705 -0.88773  1.51573 B   125 
-0.36289 -1.08644  1.75524 R   125 
-1.12573 -0.94754  1.53709 B   126 
-1.14952 -1.04295  1.25135 B   127 
-1.00921 -0.76640  1.16071 X   127 
-1.38030 -1.15407  0.99177 B   128 
-1.57158 -1.50424  1.06435 R   128 
-1.21628 -1.43527  0.80187 B   129 
-1.05840 -1.23066  0.77546 L   129 
