246 
-0.72662 -1.03852 -0.42475 B   1 
-0.52936 -1.35153 -0.22638 K   1 
-0.88245 -1.10133 -0.10829 B   2 
-1.10171 -0.96545 -0.13330 V   2 
-0.77442 -1.03710  0.18732 B   3 
-0.36519 -1.08149  0.05137 F   3 
-0.71197 -1.10563  0.48967 B   4 
-0.60290 -0.97023  0.75899 B   5 
-0.76330 -0.82871  1.13825 R   5 
-0.41000 -1.19645  0.87515 B   6 
-0.54608 -1.24360  1.15378 X   6 
-0.30014 -1.26245  0.59199 B   7 
-0.48473 -1.44489  0.30036 E   7 
-0.16910 -0.98988  0.52668 B   8 
-0.28361 -0.75906  0.36021 L   8 
 0.00928 -0.96040  0.77316 B   9 
-0.12294 -0.91687  0.93983 A   9 
 0.18096 -1.20620  0.71319 B   10 
 0.05663 -1.37986  0.76023 A   10 
 0.28645 -1.11386  0.43663 B   11 
 0.13157 -1.16328  0.29337 A   11 
 0.40019 -0.84003  0.52628 B   12 
 0.07624 -0.56262  0.47438 M   12 
 0.59757 -0.96244  0.72253 B   13 
 0.56003 -1.09025  1.13540 K   13 
 0.75994 -1.14919  0.54406 B   14 
 0.61357 -1.43430  0.22175 R   14 
 0.82993 -0.88382  0.36110 B   15 
 0.62640 -1.03576  0.06601 H   15 
 0.92240 -0.66419  0.60337 B   16 
 0.70520 -0.43302  0.71779 B   17 
 0.55049 -0.38310  0.43705 L   17 
 0.76302 -0.46437  1.00104 B   18 
 0.62553 -0.58865  1.24598 D   18 
 0.89989 -0.16864  1.09883 B   19 
 0.86309 -0.32855  1.37577 N   19 
 0.91685 -0.01761  0.85231 B   20 
 1.10367 -0.08103  0.45698 Y   20 
 1.04362  0.27865  0.90604 B   21 
 1.34496  0.35548  0.54708 R   21 
 0.86930  0.24825  1.19688 B   22 
 0.61670  0.07360  1.09339 B   23 
 0.55159  0.50379  0.91450 Y   23 
 0.39473 -0.09773  1.20979 B   24 
 0.31605 -0.06905  1.42862 S   24 
 0.19945 -0.34081  1.09061 B   25 
 0.25302 -0.64781  1.05264 L   25 
-0.07796 -0.20033  1.15462 B   26 
-0.04349  0.03121  0.95246 B   27 
 0.11854  0.24038  1.16198 N   27 
-0.04157 -0.13438  0.69272 B   28 
 0.38576 -0.04761  0.59847 W   28 
-0.31391 -0.27160  0.73407 B   29 
-0.29485 -0.49597  0.86399 V   29 
-0.47728 -0.01487  0.76396 B   30 
-0.52955  0.15569  0.97645 X   30 
-0.41553  0.10133  0.48659 B   31 
-0.21243  0.18164  0.49870 A   31 
-0.51795 -0.13151  0.31046 B   32 
-0.36862 -0.28626  0.31866 A   32 
-0.80694 -0.11792  0.41207 B   33 
-1.05588 -0.23650  0.61299 K   33 
-0.85974  0.20176  0.32013 B   34 
-0.97077  0.25077  0.71293 F   34 
-0.75395  0.17511  0.01921 B   35 
-0.48763  0.40153  0.06032 E   35 
-0.86938 -0.14930 -0.07045 B   36 
-0.66685 -0.22639 -0.11699 S   36 
-0.98776 -0.36556  0.12114 B   37 
-1.26393 -0.33915  0.19401 N   37 
-0.77604 -0.60114  0.04572 B   38 
-0.77558 -0.58340  0.45860 F   38 
-0.76391 -0.53664 -0.27854 B   39 
-1.00319 -0.61088 -0.44470 N   39 
-0.54940 -0.59978 -0.54355 B   40 
-0.45511 -0.82351 -0.48704 T   40 
-0.76506 -0.49081 -0.78146 B   41 
-0.86946 -0.84170 -0.94068 Q   41 
-0.76607 -0.20564 -0.70142 B   42 
-0.85569 -0.18591 -0.51096 A   42 
-0.90108  0.08507 -0.87637 B   43 
-0.83092 -0.02817 -1.08167 T   43 
-0.82894  0.45146 -0.90618 B   44 
-1.00763  0.35679 -0.63586 N   44 
-0.92427  0.73956 -1.02807 B   45 
-0.84015  0.76707 -1.52729 R   45 
-0.77458  1.04709 -1.08281 B   46 
-0.57288  0.91365 -0.84024 N   46 
-0.80071  1.37770 -1.14402 B   47 
-0.94143  1.51339 -0.97507 T   47 
-0.49839  1.37441 -1.28667 B   48 
-0.32870  1.30131 -1.09641 D   48 
-0.52798  1.07433 -1.44948 B   49 
-0.44341  0.88801 -1.26981 B   50 
-0.26794  0.96012 -1.11356 S   50 
-0.37630  0.56615 -1.08662 B   51 
-0.56962  0.47475 -1.25512 T   51 
-0.47056  0.34263 -0.84496 B   52 
-0.42726  0.59257 -0.61349 D   52 
-0.29570  0.04312 -0.71696 B   53 
-0.32017  0.11470 -1.19131 Y   53 
-0.40026 -0.19057 -0.52105 B   54 
-0.36515 -0.25358 -0.17574 B   55 
-0.31892 -0.50244 -0.07647 I   55 
-0.19210  0.05280 -0.17689 B   56 
-0.01290 -0.07421  0.05779 L   56 
-0.25524  0.25920 -0.39096 B   57 
-0.59646  0.22132 -0.43092 Q   57 
-0.05472  0.28947 -0.62776 B   58 
 0.19413  0.14574 -0.51162 I   58 
 0.06419  0.54555 -0.82424 B   59 
-0.05092  0.82730 -0.83784 N   59 
 0.10758  0.63102 -1.17887 B   60 
-0.09600  0.59448 -1.27762 S   60 
 0.28087  0.90647 -1.16307 B   61 
 0.04159  1.24856 -1.26469 R   61 
 0.53662  0.75601 -0.99035 B   62 
 0.50232  1.18122 -0.82952 W   62 
 0.54664  0.41330 -0.96603 B   63 
 0.59070  0.61355 -0.57877 W   63 
 0.37496  0.32461 -1.22790 B   64 
 0.19887  0.17334 -1.11053 X   64 
 0.28152  0.17232 -1.54185 B   65 
 0.39952  0.26161 -1.79939 N   65 
-0.02974  0.22778 -1.76234 B   66 
-0.15858  0.39279 -1.59251 D   66 
-0.01463  0.40453 -2.04317 B   67 
-0.21594  0.67930 -1.91846 B   68 
-0.61660  0.48176 -1.76037 R   68 
 0.02151  0.87617 -1.77123 B   69 
-0.07346  0.80308 -1.54568 T   69 
 0.12494  1.16540 -1.80515 B   70 
-0.05389  1.21521 -1.91148 P   70 
 0.42650  1.22445 -1.66063 B   71 
 0.53886  0.96300 -1.56875 B   72 
 0.37930  0.79292 -1.61436 S   72 
 0.78682  0.75291 -1.36850 B   73 
 1.00107  1.02824 -1.29128 R   73 
 0.82811  0.45824 -1.25607 B   74 
 0.75882  0.23228 -1.40471 N   74 
 1.00163  0.39832 -0.97805 B   75 
 1.00910  0.71075 -0.89380 L   75 
 0.93093  0.07427 -0.95336 B   76 
 0.76759  0.13224 -0.69556 X   76 
 0.95201 -0.05572 -1.22282 B   77 
 1.17422 -0.06980 -1.38051 N   77 
 0.62712 -0.10832 -1.31000 B   78 
 0.63914 -0.30833 -1.09427 I   78 
 0.35184 -0.24493 -1.38831 B   79 
 0.43215 -0.38397 -1.52209 P   79 
 0.05693 -0.17437 -1.24724 B   80 
 0.04549  0.13878 -1.28699 X   80 
-0.05516 -0.47054 -1.27195 B   81 
-0.02978 -0.51091 -1.50688 S   81 
 0.13982 -0.59785 -1.06160 B   82 
 0.33077 -0.58330 -1.14902 A   82 
-0.03532 -0.45275 -0.82478 B   83 
 0.15407 -0.18733 -0.79618 L   83 
-0.28187 -0.68971 -0.87459 B   84 
-0.41915 -0.43545 -1.03194 L   84 
-0.17362 -0.92597 -0.76699 B   85 
 0.01206 -1.07568 -0.86834 S   85 
-0.17354 -1.18898 -0.53749 B   86 
-0.25685 -1.38440 -0.64807 S   86 
 0.12104 -1.10483 -0.53792 B   87 
 0.37130 -1.25491 -0.55527 D   87 
 0.25947 -0.85843 -0.31402 B   88 
 0.11353 -0.87528 -0.09018 I   88 
 0.55793 -0.80518 -0.37870 B   89 
 0.67867 -1.03986 -0.40731 T   89 
 0.53777 -0.54936 -0.55448 B   90 
 0.47460 -0.61708 -0.75112 A   90 
 0.38949 -0.36548 -0.35109 B   91 
 0.12825 -0.41327 -0.42029 S   91 
 0.59547 -0.38469 -0.12531 B   92 
 0.56043 -0.59585  0.02605 V   92 
 0.84636 -0.28178 -0.26894 B   93 
 0.98192 -0.57803 -0.35287 N   93 
 0.70872 -0.01441 -0.34016 B   94 
 0.57438  0.06022 -0.58010 X   94 
 0.62566  0.07674 -0.05689 B   95 
 0.45691 -0.04523 -0.00219 A   95 
 0.91230  0.09628  0.05657 B   96 
 1.01058 -0.34509  0.16810 K   96 
 0.97920  0.33831 -0.12800 B   97 
 1.12942  0.21088 -0.45894 K   97 
 0.75506  0.53265 -0.04253 B   98 
 0.50537  0.45968 -0.21139 I   98 
 0.81674  0.54869  0.27196 B   99 
 0.75341  0.37265  0.40912 V   99 
 1.12523  0.65240  0.19381 B   100 
 1.20754  0.40452  0.21855 S   100 
 1.06358  0.94582  0.05518 B   101 
 0.94047  0.99693 -0.18901 D   101 
 0.97873  1.14142  0.35012 B   102 
 0.65015  1.11897  0.44378 B   103 
 0.61834  1.37925  0.25271 N   103 
 0.60058  0.84751  0.47359 B   104 
 0.26892  0.73945  0.53143 B   105 
 0.24996  0.38270  0.69319 M   105 
 0.14542  1.01243  0.41466 B   106 
 0.22926  1.17237  0.69171 N   106 
 0.11807  0.90102  0.12221 B   107 
 0.31439  0.84733  0.07407 A   107 
-0.13709  0.77873  0.26507 B   108 
 0.11807  0.41243  0.12738 W   108 
-0.43625  0.91904  0.29536 B   109 
-0.49033  1.07445  0.09919 V   109 
-0.58256  0.69685  0.46026 B   110 
-0.66047  0.55929  0.31537 A   110 
-0.37702  0.68058  0.68438 B   111 
-0.02451  0.62506  0.84013 W   111 
-0.37981  0.97634  0.77741 B   112 
-0.31290  1.32304  0.54580 R   112 
-0.71122  0.99605  0.80706 B   113 
-0.72471  1.22058  0.57318 N   113 
-0.74416  0.67464  0.95635 B   114 
-1.11946  0.57821  0.63662 R   114 
-0.45915  0.58369  1.11633 B   115 
-0.48187  0.36743  0.88330 X   115 
-0.33079  0.81410  1.22907 B   116 
-0.02365  1.10690  1.09485 K   116 
-0.32805  0.81137  1.58437 B   117 
-0.41486  0.52746  1.61348 B   118 
-0.60643  0.52614  1.43830 T   118 
-0.49176  0.19103  1.70144 B   119 
-0.48724  0.05726  1.95498 D   119 
-0.31624 -0.01292  1.49159 B   120 
-0.18624  0.16753  1.37756 V   120 
-0.29533 -0.28006  1.65368 B   121 
-0.04400 -0.16683  1.96601 Q   121 
-0.59016 -0.37300  1.59492 B   122 
-0.70824 -0.22811  1.68442 A   122 
-0.50931 -0.49324  1.30209 B   123 
-0.73247 -0.17974  1.11383 W   123 
-0.35239 -0.75765  1.46064 B   124 
-0.10681 -0.66371  1.40464 I   124 
-0.55145 -0.88684  1.61206 B   125 
-0.56222 -0.49983  1.95627 R   125 
-0.54993 -1.24020  1.63927 B   126 
-0.27839 -1.27132  1.51039 B   127 
-0.39140 -1.10030  1.26066 X   127 
-0.02926 -1.51017  1.39258 B   128 
 0.14365 -1.73979  1.67867 R   128 
 0.31194 -1.37623  1.48022 B   129 
 0.20240 -1.19640  1.32806 L   129 
