246 
 0.70313  0.61888  0.95368 B   1 
 0.39855  0.84467  1.13392 K   1 
 0.55840  0.43567  1.22546 B   2 
 0.73061  0.24398  1.25313 V   2 
 0.26986  0.29589  1.24500 B   3 
 0.10481  0.59015  0.97281 F   3 
-0.00567  0.22797  1.38459 B   4 
-0.26888  0.04957  1.34393 B   5 
-0.44088 -0.31571  1.50697 R   5 
-0.50089  0.25009  1.43250 B   6 
-0.62834  0.08336  1.66559 X   6 
-0.36270  0.48914  1.28977 B   7 
-0.03778  0.67672  1.39768 E   7 
-0.37460  0.38461  0.99880 B   8 
-0.15468  0.24274  0.83875 L   8 
-0.67429  0.32780  0.97883 B   9 
-0.71159  0.15142  1.09989 A   9 
-0.76066  0.61856  1.01740 B   10 
-0.73082  0.66300  1.22944 A   10 
-0.61117  0.73668  0.77277 B   11 
-0.40664  0.76882  0.83675 A   11 
-0.72931  0.54724  0.55803 B   12 
-0.45702  0.21536  0.54050 M   12 
-1.01612  0.63496  0.60807 B   13 
-1.31593  0.50857  0.89503 K   13 
-1.00155  0.93607  0.56107 B   14 
-0.68681  1.23187  0.70260 R   14 
-0.88538  0.86515  0.26063 B   15 
-0.54300  1.02312  0.35764 H   15 
-1.11017  0.63054  0.16109 B   16 
-1.03695  0.30212  0.18302 B   17 
-0.71980  0.32899  0.12029 L   17 
-1.29183  0.21418  0.29193 B   18 
-1.39939  0.11957  0.56363 D   18 
-1.42923  0.01583  0.05208 B   19 
-1.62916 -0.02034  0.30177 N   19 
-1.24033  0.03413 -0.16667 B   20 
-1.06656  0.36286 -0.40531 Y   20 
-1.33774 -0.14790 -0.41985 B   21 
-1.25359  0.11533 -0.80609 R   21 
-1.44832 -0.35109 -0.17007 B   22 
-1.22152 -0.29362  0.05414 B   23 
-1.00710 -0.55138 -0.27584 Y   23 
-1.18100 -0.33141  0.35265 B   24 
-1.29371 -0.49687  0.47438 S   24 
-0.98515 -0.18892  0.58236 B   25 
-1.01712  0.07937  0.74223 L   25 
-0.84252 -0.45525  0.67990 B   26 
-0.69171 -0.50905  0.41526 B   27 
-0.93750 -0.68680  0.26729 N   27 
-0.51004 -0.26029  0.41444 B   28 
-0.70723 -0.07352  0.06052 W   28 
-0.37716 -0.31035  0.68746 B   29 
-0.50713 -0.20092  0.88422 V   29 
-0.27241 -0.59042  0.62357 B   30 
-0.38529 -0.84377  0.63066 X   30 
-0.09200 -0.51022  0.38847 B   31 
-0.22557 -0.47779  0.21830 A   31 
 0.08792 -0.30305  0.53140 B   32 
-0.02796 -0.12275  0.55093 A   32 
 0.19870 -0.50062  0.73807 B   33 
 0.19702 -0.63112  1.05331 K   33 
 0.32979 -0.71432  0.51316 B   34 
 0.10775 -0.99509  0.71535 F   34 
 0.48743 -0.49727  0.33853 B   35 
 0.30349 -0.55551  0.04416 E   35 
 0.60238 -0.27171  0.58855 B   36 
 0.50026 -0.09596  0.50015 S   36 
 0.51510 -0.26397  0.88824 B   37 
 0.64050 -0.45074  1.06619 N   37 
 0.41546  0.04600  0.88937 B   38 
 0.10349 -0.16852  1.05503 F   38 
 0.65908  0.16317  0.69866 B   39 
 0.93337  0.18432  0.81985 N   39 
 0.71613  0.44122  0.49950 B   40 
 0.59329  0.62199  0.61939 T   40 
 1.04520  0.37495  0.45150 B   41 
 1.20352  0.65911  0.68294 Q   41 
 1.00944  0.12713  0.29327 B   42 
 0.92456 -0.02315  0.41535 A   42 
 1.25414 -0.06410  0.10117 B   43 
 1.35489  0.15243  0.04767 T   43 
 1.26136 -0.28260 -0.20303 B   44 
 1.16369 -0.43091  0.08406 N   44 
 1.43996 -0.47890 -0.39412 B   45 
 1.76663 -0.21484 -0.67804 R   45 
 1.41097 -0.60521 -0.71535 B   46 
 1.08530 -0.53002 -0.64043 N   46 
 1.50245 -0.82917 -0.95031 B   47 
 1.47678 -1.07801 -0.88568 T   47 
 1.41507 -0.61269 -1.18959 B   48 
 1.15489 -0.57127 -1.15907 D   48 
 1.53211 -0.32815 -1.03870 B   49 
 1.32532 -0.23953 -0.88530 B   50 
 1.09957 -0.28475 -0.97133 S   50 
 1.11558 -0.06201 -0.62811 B   51 
 1.36049 -0.00524 -0.52364 T   51 
 0.97413 -0.06193 -0.31627 B   52 
 0.79187 -0.33686 -0.41173 D   52 
 0.73854  0.17771 -0.16217 B   53 
 1.12027  0.34559 -0.40059 Y   53 
 0.63758  0.20266  0.14296 B   54 
 0.34760  0.09667  0.31361 B   55 
 0.22123  0.25194  0.49759 I   55 
 0.26278 -0.04384  0.00235 B   56 
-0.04182  0.01978  0.08290 L   56 
 0.48354 -0.12007 -0.19225 B   57 
 0.73106 -0.23582  0.01940 Q   57 
 0.53619  0.06932 -0.43424 B   58 
 0.27508  0.23633 -0.43493 I   58 
 0.63023  0.03515 -0.76335 B   59 
 0.73891 -0.21889 -0.89168 N   59 
 0.87847  0.16678 -0.99998 B   60 
 1.08179  0.14451 -0.89654 S   60 
 0.77801  0.04069 -1.28310 B   61 
 1.03882 -0.27369 -1.41634 R   61 
 0.46895  0.18826 -1.25895 B   62 
 0.40534 -0.21719 -1.45748 W   62 
 0.41483  0.43139 -1.02209 B   63 
 0.10967  0.11695 -1.01717 W   63 
 0.71681  0.54215 -0.97260 B   64 
 0.72866  0.51114 -0.71460 X   64 
 1.00234  0.76216 -0.94904 B   65 
 1.12907  0.87918 -1.19084 N   65 
 1.37541  0.68079 -0.89632 B   66 
 1.34388  0.41578 -0.85826 D   66 
 1.59373  0.69620 -1.14619 B   67 
 1.65260  0.33850 -1.15884 B   68 
 1.77469  0.21414 -0.71820 R   68 
 1.40429  0.23619 -1.37025 B   69 
 1.28833  0.13397 -1.16693 T   69 
 1.38784  0.09097 -1.64254 B   70 
 1.58827  0.02117 -1.61566 P   70 
 1.08843  0.12123 -1.79986 B   71 
 0.92387  0.32088 -1.64992 B   72 
 1.04705  0.39116 -1.45925 S   72 
 0.59388  0.49481 -1.56883 B   73 
 0.42035  0.35835 -1.84979 R   73 
 0.45681  0.67473 -1.34518 B   74 
 0.59507  0.87928 -1.21480 N   74 
 0.12872  0.66548 -1.28805 B   75 
 0.08661  0.39974 -1.46800 L   75 
 0.12806  0.85624 -1.01562 B   76 
 0.04298  0.60993 -0.84654 X   76 
 0.30776  1.09291 -1.05619 B   77 
 0.28262  1.28638 -1.24693 N   77 
 0.57929  1.01879 -0.86464 B   78 
 0.39085  1.06513 -0.64321 I   78 
 0.80490  1.02535 -0.64185 B   79 
 0.84265  1.23060 -0.65308 P   79 
 0.89443  0.76406 -0.45327 B   80 
 0.95865  0.54938 -0.67589 X   80 
 0.96035  0.93886 -0.19639 B   81 
 1.11872  1.09526 -0.28539 S   81 
 0.66399  1.02212 -0.13551 B   82 
 0.60818  1.14540 -0.29677 A   82 
 0.60986  0.71680 -0.02752 B   83 
 0.48843  0.59947 -0.30791 L   83 
 0.78674  0.79643  0.25847 B   84 
 1.01644  0.62212  0.10002 L   84 
 0.61505  0.96804  0.40056 B   85 
 0.55922  1.21554  0.34781 S   85 
 0.41851  1.04795  0.67775 B   86 
 0.53956  1.20490  0.81218 S   86 
 0.23570  1.12738  0.44510 B   87 
 0.07439  1.36495  0.39033 D   87 
-0.00258  0.90415  0.29212 B   88 
-0.07952  0.73737  0.48693 I   88 
-0.14179  1.03940  0.05041 B   89 
-0.21809  1.28239  0.12529 T   89 
 0.02636  0.92890 -0.18679 B   90 
 0.21055  1.04429 -0.18801 A   90 
-0.01646  0.62443 -0.13548 B   91 
 0.20074  0.56840  0.02265 S   91 
-0.32243  0.62647 -0.14780 B   92 
-0.43259  0.68995  0.08146 V   92 
-0.36680  0.74134 -0.42887 B   93 
-0.41595  1.06340 -0.34493 N   93 
-0.20107  0.51520 -0.55887 B   94 
 0.07408  0.51382 -0.63289 X   94 
-0.35452  0.27054 -0.44912 B   95 
-0.29738  0.25228 -0.24236 A   95 
-0.62409  0.33770 -0.58415 B   96 
-0.80978  0.65239 -0.29537 K   96 
-0.50669  0.28313 -0.86762 B   97 
-0.36356  0.60965 -1.01333 K   97 
-0.41016 -0.00756 -0.82907 B   98 
-0.12698  0.00901 -0.70370 I   98 
-0.68719 -0.14353 -0.74112 B   99 
-0.76531 -0.11227 -0.52494 V   99 
-0.81837 -0.03374 -1.02881 B   100 
-0.91143  0.17446 -0.89912 S   100 
-0.64839 -0.20967 -1.25078 B   101 
-0.37927 -0.18643 -1.31737 D   101 
-0.80063 -0.53715 -1.20574 B   102 
-0.66131 -0.72344 -0.95448 B   103 
-0.47364 -0.83529 -1.19436 N   103 
-0.67502 -0.56347 -0.72808 B   104 
-0.51383 -0.67121 -0.43239 B   105 
-0.65468 -0.49885 -0.10952 M   105 
-0.32222 -0.87243 -0.59425 B   106 
-0.57291 -1.08458 -0.63319 N   106 
-0.09221 -0.66122 -0.62849 B   107 
-0.18710 -0.50475 -0.72974 A   107 
-0.04615 -0.76359 -0.33206 B   108 
-0.13776 -0.30701 -0.29501 W   108 
 0.13611 -1.02371 -0.23599 B   109 
 0.33308 -1.06713 -0.39369 V   109 
 0.08661 -1.01193  0.07286 B   110 
 0.23513 -0.87788  0.15006 A   110 
-0.21756 -1.01144  0.05809 B   111 
-0.56817 -0.87869 -0.04706 W   111 
-0.26113 -1.27419 -0.10067 B   112 
-0.09913 -1.38218 -0.47539 R   112 
-0.06783 -1.46133  0.09610 B   113 
 0.13742 -1.51740 -0.14890 N   113 
-0.18718 -1.31533  0.39797 B   114 
 0.28959 -1.26788  0.54902 R   114 
-0.50040 -1.19101  0.35886 B   115 
-0.32739 -0.93007  0.41856 X   115 
-0.64922 -1.35305  0.17481 B   116 
-0.72089 -1.35457 -0.26444 K   116 
-0.92073 -1.52340  0.32817 B   117 
-0.91092 -1.37179  0.58489 B   118 
-0.65439 -1.37668  0.62435 T   118 
-0.95662 -1.20585  0.89668 B   119 
-1.16326 -1.22993  1.09396 D   119 
-0.92821 -0.87056  0.83998 B   120 
-0.91033 -0.88451  0.59108 V   120 
-1.08743 -0.74474  1.07850 B   121 
-1.47707 -0.86004  0.98669 Q   121 
-0.86031 -0.78895  1.29175 B   122 
-0.83957 -0.99487  1.30241 A   122 
-0.70066 -0.51944  1.19890 B   123 
-0.38698 -0.76290  1.03811 W   123 
-0.94484 -0.32893  1.35306 B   124 
-1.05301 -0.25288  1.11900 I   124 
-0.94210 -0.40366  1.62444 B   125 
-1.16326 -0.85961  1.51684 R   125 
-0.99383 -0.15823  1.87484 B   126 
-1.07414  0.05715  1.67868 B   127 
-0.79714  0.00036  1.52240 X   127 
-1.16608  0.40808  1.64148 B   128 
-1.51436  0.51849  1.81750 R   128 
-1.44158  0.43039  1.38527 B   129 
-1.24007  0.32114  1.26300 L   129 
