246 
 0.92214  0.29176  0.92273 B   1 
 0.72432  0.59940  1.12879 K   1 
 0.73716  0.15641  1.19812 B   2 
 0.83353 -0.08393  1.20906 V   2 
 0.41949  0.12361  1.23253 B   3 
 0.35273  0.46965  0.98012 F   3 
 0.14509  0.14783  1.38787 B   4 
-0.16534  0.07306  1.35949 B   5 
-0.44452 -0.21831  1.52308 R   5 
-0.30867  0.33654  1.46865 B   6 
-0.47376  0.21260  1.70479 X   6 
-0.10382  0.52017  1.32399 B   7 
 0.27106  0.57903  1.41567 E   7 
-0.16618  0.44051  1.03160 B   8 
-0.01755  0.23970  0.85358 L   8 
-0.46760  0.49129  1.02966 B   9 
-0.55736  0.33278  1.14789 A   9 
-0.44584  0.79175  1.08198 B   10 
-0.39156  0.81276  1.29278 A   10 
-0.27754  0.86309  0.83152 B   11 
-0.07153  0.81976  0.88288 A   11 
-0.46489  0.73662  0.61972 B   12 
-0.32564  0.33262  0.57507 M   12 
-0.70059  0.91505  0.69085 B   13 
-1.01038  0.88558  0.99312 K   13 
-0.58511  1.19471  0.65150 B   14 
-0.18056  1.35690  0.78043 R   14 
-0.51636  1.10298  0.34223 B   15 
-0.13593  1.12861  0.42106 H   15 
-0.81329  0.96518  0.25103 B   16 
-0.85729  0.63095  0.25886 B   17 
-0.55413  0.55015  0.17632 L   17 
-1.12086  0.63081  0.38168 B   18 
-1.24035  0.56575  0.65706 D   18 
-1.33063  0.50382  0.14583 B   19 
-1.51754  0.52642  0.40694 N   19 
-1.15863  0.46674 -0.08419 B   20 
-0.89435  0.72693 -0.32433 Y   20 
-1.32597  0.34196 -0.33550 B   21 
-1.17594  0.57880 -0.71884 R   21 
-1.48702  0.17721 -0.08485 B   22 
-1.24309  0.14211  0.12559 B   23 
-1.14852 -0.15717 -0.22483 Y   23 
-1.20282  0.07810  0.41962 B   24 
-1.35941 -0.04426  0.54375 S   24 
-0.95817  0.13309  0.63997 B   25 
-0.88697  0.38783  0.80907 L   25 
-0.91175 -0.17048  0.72043 B   26 
-0.80276 -0.25982  0.44509 B   27 
-1.10218 -0.33471  0.30854 N   27 
-0.54650 -0.08899  0.43939 B   28 
-0.68481  0.17132  0.10453 W   28 
-0.42527 -0.19502  0.70163 B   29 
-0.49897 -0.05736  0.90946 V   29 
-0.42742 -0.49054  0.62316 B   30 
-0.62051 -0.68963  0.63047 X   30 
-0.24279 -0.46585  0.37912 B   31 
-0.36546 -0.38117  0.21903 A   31 
 0.00485 -0.34047  0.51577 B   32 
-0.04026 -0.13250  0.54790 A   32 
 0.05088 -0.57397  0.70910 B   33 
 0.02040 -0.71122  1.01997 K   33 
 0.08808 -0.80842  0.47017 B   34 
-0.20669 -1.00525  0.67845 F   34 
 0.30188 -0.65054  0.29179 B   35 
 0.09422 -0.62746  0.00855 E   35 
 0.50056 -0.49081  0.54002 B   36 
 0.46120 -0.28655  0.46347 S   36 
 0.43695 -0.46824  0.84487 B   37 
 0.49893 -0.69522  1.00891 N   37 
 0.45100 -0.14335  0.86125 B   38 
 0.09305 -0.24535  1.04084 F   38 
 0.70993 -0.10791  0.65840 B   39 
 0.98045 -0.18835  0.76194 N   39 
 0.84937  0.14296  0.46385 B   40 
 0.80308  0.34884  0.59656 T   40 
 1.13219 -0.03000  0.39259 B   41 
 1.39083  0.17067  0.62110 Q   41 
 1.00472 -0.24233  0.23012 B   42 
 0.87947 -0.36004  0.35320 A   42 
 1.15781 -0.49638  0.01712 B   43 
 1.32439 -0.32537 -0.03673 T   43 
 1.07322 -0.68884 -0.29294 B   44 
 0.94520 -0.80840 -0.00437 N   44 
 1.16268 -0.92497 -0.50076 B   45 
 1.54546 -0.77578 -0.79787 R   45 
 1.07522 -1.01769 -0.82283 B   46 
 0.80006 -0.83885 -0.72470 N   46 
 1.07124 -1.24764 -1.06949 B   47 
 0.96436 -1.47533 -1.01035 T   47 
 1.05199 -1.00286 -1.29635 B   48 
 0.82419 -0.87604 -1.24773 D   48 
 1.26793 -0.78369 -1.14548 B   49 
 1.11283 -0.63699 -0.97645 B   50 
 0.88127 -0.59755 -1.04877 S   50 
 0.99110 -0.41101 -0.70119 B   51 
 1.24557 -0.44713 -0.61141 T   51 
 0.87472 -0.37757 -0.38090 B   52 
 0.60387 -0.56803 -0.47195 D   52 
 0.74497 -0.07940 -0.20503 B   53 
 1.14836 -0.04157 -0.46307 Y   53 
 0.67478 -0.03624  0.10663 B   54 
 0.37527 -0.04427  0.29281 B   55 
 0.32014  0.13577  0.48896 I   55 
 0.23109 -0.13159 -0.01607 B   56 
-0.02805  0.02887  0.08598 L   56 
 0.40144 -0.26946 -0.22675 B   57 
 0.60415 -0.47350 -0.03509 Q   57 
 0.50385 -0.09811 -0.46624 B   58 
 0.31705  0.14834 -0.44515 I   58 
 0.56312 -0.14636 -0.80162 B   59 
 0.57035 -0.41565 -0.94389 N   59 
 0.82902 -0.09669 -1.05018 B   60 
 1.01710 -0.19257 -0.96092 S   60 
 0.67664 -0.16650 -1.32956 B   61 
 0.80523 -0.54446 -1.48837 R   61 
 0.43948  0.07699 -1.28111 B   62 
 0.22927 -0.27160 -1.48640 W   62 
 0.48519  0.31197 -1.03446 B   63 
 0.09072  0.12183 -1.01846 W   63 
 0.80897  0.30956 -1.00172 B   64 
 0.82265  0.26375 -0.74602 X   64 
 1.15383  0.41651 -0.99068 B   65 
 1.30057  0.49451 -1.23686 N   65 
 1.47783  0.20932 -0.96478 B   66 
 1.35851 -0.03021 -0.93223 D   66 
 1.67478  0.16094 -1.22785 B   67 
 1.60542 -0.19411 -1.25440 B   68 
 1.69947 -0.37432 -0.82636 R   68 
 1.32649 -0.19428 -1.45192 B   69 
 1.19297 -0.26023 -1.24442 T   69 
 1.24674 -0.31145 -1.72654 B   70 
 1.41171 -0.44715 -1.71479 P   70 
 0.96864 -0.17239 -1.86303 B   71 
 0.89136  0.06407 -1.69709 B   72 
 1.04092  0.07826 -1.51298 S   72 
 0.64665  0.33668 -1.58973 B   73 
 0.42236  0.28217 -1.86248 R   73 
 0.59210  0.54157 -1.35262 B   74 
 0.79917  0.67943 -1.22584 N   74 
 0.28451  0.64292 -1.27445 B   75 
 0.14377  0.41704 -1.45867 L   75 
 0.36401  0.80867 -0.99729 B   76 
 0.20775  0.59867 -0.83002 X   76 
 0.61218  0.97079 -1.04283 B   77 
 0.64578  1.17021 -1.22599 N   77 
 0.85076  0.79851 -0.87160 B   78 
 0.70172  0.89591 -0.63712 I   78 
 1.07586  0.71615 -0.66395 B   79 
 1.18171  0.89619 -0.67184 P   79 
 1.07899  0.43110 -0.48907 B   80 
 1.05333  0.21862 -0.72137 X   80 
 1.21452  0.55974 -0.23221 B   81 
 1.41243  0.65631 -0.32693 S   81 
 0.96888  0.73676 -0.14977 B   82 
 0.95096  0.87946 -0.30350 A   82 
 0.81804  0.46377 -0.04712 B   83 
 0.64920  0.40925 -0.32217 L   83 
 1.02605  0.46358  0.22882 B   84 
 1.17270  0.22891  0.05085 L   84 
 0.93199  0.67659  0.38662 B   85 
 0.96266  0.93046  0.34462 S   85 
 0.78986  0.80552  0.67820 B   86 
 0.96453  0.90447  0.80880 S   86 
 0.63411  0.95429  0.46033 B   87 
 0.56244  1.23522  0.42294 D   87 
 0.32572  0.83440  0.31703 B   88 
 0.20596  0.69492  0.51167 I   88 
 0.22967  1.02096  0.08885 B   89 
 0.24619  1.27139  0.17537 T   89 
 0.33668  0.87115 -0.16186 B   90 
 0.54910  0.91606 -0.17187 A   90 
 0.19379  0.59784 -0.11646 B   91 
 0.38601  0.46285  0.02549 S   91 
-0.09274  0.70559 -0.10869 B   92 
-0.16212  0.79176  0.12897 V   92 
-0.10904  0.84234 -0.38291 B   93 
-0.03924  1.15713 -0.28690 N   93 
-0.03881  0.57967 -0.52979 B   94 
 0.21464  0.48738 -0.62165 X   94 
-0.26159  0.39763 -0.41718 B   95 
-0.20372  0.35072 -0.21520 A   95 
-0.49782  0.55995 -0.53235 B   96 
-0.54790  0.90473 -0.22330 K   96 
-0.42137  0.48229 -0.82432 B   97 
-0.18177  0.74640 -0.96981 K   97 
-0.42961  0.17462 -0.80036 B   98 
-0.15214  0.08662 -0.69336 I   98 
-0.73165  0.13808 -0.69836 B   99 
-0.78285  0.18366 -0.47674 V   99 
-0.83137  0.30025 -0.97365 B   100 
-0.83976  0.52114 -0.83233 S   100 
-0.74451  0.08771 -1.21113 B   101 
-0.48782  0.02021 -1.29449 D   101 
-0.99818 -0.16923 -1.16548 B   102 
-0.91921 -0.40415 -0.92922 B   103 
-0.79453 -0.56182 -1.18390 N   103 
-0.86498 -0.26054 -0.69798 B   104 
-0.73604 -0.43150 -0.41662 B   105 
-0.79163 -0.23726 -0.08050 M   105 
-0.63458 -0.67815 -0.59626 B   106 
-0.94487 -0.78896 -0.62470 N   106 
-0.34776 -0.55751 -0.63950 B   107 
-0.38769 -0.37319 -0.72988 A   107 
-0.32476 -0.68389 -0.34972 B   108 
-0.25057 -0.22605 -0.29391 W   108 
-0.23914 -0.99519 -0.27313 B   109 
-0.07780 -1.09592 -0.44454 V   109 
-0.26548 -0.98227  0.03849 B   110 
-0.07597 -0.91143  0.10956 A   110 
-0.55100 -0.87647  0.04366 B   111 
-0.83889 -0.62626 -0.03455 W   111 
-0.69098 -1.10009 -0.11925 B   112 
-0.59597 -1.23869 -0.50665 R   112 
-0.56456 -1.35170  0.05911 B   113 
-0.40435 -1.46286 -0.20026 N   113 
-0.61022 -1.18855  0.37213 B   114 
-0.13940 -1.31543  0.49296 R   114 
-0.86260 -0.96234  0.35710 B   115 
-0.60711 -0.78008  0.41269 X   115 
-1.06760 -1.05408  0.17868 B   116 
-1.15793 -1.00932 -0.25482 K   116 
-1.37300 -1.12796  0.34460 B   117 
-1.29806 -1.00176  0.60430 B   118 
-1.05742 -1.09651  0.62675 T   118 
-1.26733 -0.84573  0.92297 B   119 
-1.45905 -0.80691  1.13257 D   119 
-1.12755 -0.53831  0.87400 B   120 
-1.12847 -0.54533  0.62417 V   120 
-1.22082 -0.37726  1.12587 B   121 
-1.63046 -0.34687  1.05652 Q   121 
-1.01237 -0.50728  1.32248 B   122 
-1.06369 -0.70804  1.32596 A   122 
-0.77430 -0.30491  1.22703 B   123 
-0.57306 -0.63320  1.03928 W   123 
-0.92911 -0.04985  1.40213 B   124 
-1.01618  0.07015  1.17788 I   124 
-0.93841 -0.13417  1.67053 B   125 
-1.30900 -0.48039  1.56482 R   125 
-0.88896  0.10148  1.93059 B   126 
-0.89975  0.34069  1.74626 B   127 
-0.66800  0.19983  1.57066 X   127 
-0.86628  0.70321  1.72505 B   128 
-1.14521  0.91789  1.92650 R   128 
-1.12984  0.83143  1.48813 B   129 
-0.98522  0.66569  1.34992 L   129 
