246 
-0.21899  1.12521  0.68764 B   1 
-0.63851  1.12116  0.70243 K   1 
-0.33012  0.96051  0.98580 B   2 
-0.10894  0.94704  1.12022 V   2 
-0.46881  0.67268  1.01887 B   3 
-0.64433  0.70783  0.62406 F   3 
-0.68643  0.47158  1.12939 B   4 
-0.76101  0.15981  1.12970 B   5 
-0.74635 -0.17639  1.40601 R   5 
-1.07705  0.16579  1.08534 B   6 
-1.16939  0.01553  1.34470 X   6 
-1.05363  0.39482  0.87652 B   7 
-0.96639  0.76974  0.94152 E   7 
-0.88715  0.24697  0.66169 B   8 
-0.58411  0.25805  0.61529 L   8 
-1.06459  0.00126  0.62199 B   9 
-1.04129 -0.12077  0.80010 A   9 
-1.30557  0.15729  0.51678 B   10 
-1.39376  0.25684  0.69039 A   10 
-1.16538  0.28541  0.27168 B   11 
-1.06075  0.45986  0.34634 A   11 
-1.05889  0.02365  0.14480 B   12 
-0.66850 -0.03188  0.31540 M   12 
-1.33601 -0.09551  0.10661 B   13 
-1.59750 -0.32071  0.36951 K   13 
-1.47534  0.11613 -0.06336 B   14 
-1.46958  0.56824 -0.01699 R   14 
-1.23104  0.07578 -0.28126 B   15 
-1.11018  0.43904 -0.21038 H   15 
-1.22269 -0.26325 -0.30288 B   16 
-0.99437 -0.44096 -0.12968 B   17 
-0.75437 -0.22343 -0.14771 L   17 
-1.17351 -0.64931 -0.03451 B   18 
-1.30731 -0.72655  0.23096 D   18 
-1.06592 -0.93598 -0.18282 B   19 
-1.29061 -1.03894  0.02343 N   19 
-0.85160 -0.84600 -0.35556 B   20 
-0.81422 -0.55157 -0.68286 Y   20 
-0.71882 -1.09735 -0.51655 B   21 
-0.65060 -0.94280 -0.96042 R   21 
-0.78519 -1.25823 -0.22395 B   22 
-0.74277 -1.01456 -0.01458 B   23 
-0.31072 -1.12758 -0.16244 Y   23 
-0.81178 -0.94625  0.27308 B   24 
-0.84955 -1.11102  0.43533 S   24 
-0.84164 -0.66209  0.44569 B   25 
-1.07917 -0.45787  0.46634 L   25 
-0.62808 -0.73223  0.66988 B   26 
-0.38259 -0.72911  0.48172 B   27 
-0.40193 -1.05310  0.38919 N   27 
-0.38994 -0.43182  0.40141 B   28 
-0.49579 -0.51268 -0.02436 W   28 
-0.37490 -0.31599  0.68613 B   29 
-0.60926 -0.28127  0.79315 V   29 
-0.11645 -0.45790  0.76709 B   30 
-0.05917 -0.71085  0.86563 X   30 
 0.06358 -0.33364  0.55168 B   31 
 0.01674 -0.43901  0.36580 A   31 
 0.02069 -0.03422  0.61673 B   32 
-0.17216  0.01973  0.53791 A   32 
 0.12893 -0.05240  0.90304 B   33 
 0.07457 -0.07404  1.23917 K   33 
 0.43380 -0.16636  0.81639 B   34 
 0.34915 -0.46760  1.08304 F   34 
 0.49642  0.05295  0.59181 B   35 
 0.51360 -0.17844  0.32715 E   35 
 0.35322  0.34607  0.73385 B   36 
 0.21613  0.38153  0.56334 S   36 
 0.16558  0.36104  0.98296 B   37 
 0.28986  0.35377  1.24137 N   37 
-0.08080  0.51322  0.83413 B   38 
-0.25313  0.19011  1.02566 F   38 
 0.10656  0.71608  0.65192 B   39 
 0.24503  0.94258  0.79298 N   39 
 0.07190  0.90538  0.36350 B   40 
-0.16646  0.97778  0.37248 T   40 
 0.36684  1.06850  0.40076 B   41 
 0.22970  1.42787  0.50766 Q   41 
 0.54314  0.83365  0.36216 B   42 
 0.51691  0.69835  0.52246 A   42 
 0.90464  0.81923  0.31255 B   43 
 0.87779  1.02751  0.18688 T   43 
 1.15415  0.60076  0.13834 B   44 
 1.05145  0.49575  0.44229 N   44 
 1.47016  0.53864  0.08156 B   45 
 1.67276  0.87973 -0.23414 R   45 
 1.64858  0.35708 -0.15335 B   46 
 1.34033  0.20865 -0.17007 N   46 
 1.93450  0.20702 -0.25063 B   47 
 2.02943  0.02883 -0.08940 T   47 
 1.84570  0.24684 -0.57045 B   48 
 1.62163  0.10843 -0.60175 D   48 
 1.71068  0.56048 -0.54164 B   49 
 1.44966  0.51912 -0.47602 B   50 
 1.34579  0.31619 -0.56788 S   50 
 1.09512  0.56211 -0.35726 B   51 
 1.19903  0.79023 -0.25106 T   51 
 0.86762  0.53807 -0.10248 B   52 
 0.92777  0.20004 -0.09639 D   52 
 0.50083  0.58415 -0.10617 B   53 
 0.77901  0.90462 -0.33122 Y   53 
 0.29143  0.60332  0.13819 B   54 
 0.07223  0.37270  0.29052 B   55 
-0.18008  0.43928  0.36690 I   55 
 0.21413  0.14591  0.06194 B   56 
-0.07461  0.00473  0.05851 L   56 
 0.49484  0.19603 -0.04345 B   57 
 0.65438  0.32848  0.23308 Q   57 
 0.52383  0.31008 -0.33216 B   58 
 0.24122  0.25260 -0.44575 I   58 
 0.74297  0.27430 -0.59487 B   59 
 1.01551  0.13878 -0.58179 N   59 
 0.94398  0.48004 -0.82339 B   60 
 1.06243  0.62423 -0.69031 S   60 
 1.05519  0.25933 -1.03568 B   61 
 1.47379  0.18217 -0.97715 R   61 
 0.73876  0.16160 -1.12624 B   62 
 0.99934 -0.21235 -1.13663 W   62 
 0.46843  0.35069 -1.02977 B   63 
 0.42140 -0.07489 -0.93657 W   63 
 0.60548  0.64274 -0.98691 B   64 
 0.52811  0.68740 -0.74260 X   64 
 0.67978  0.99496 -1.01695 B   65 
 0.80294  1.10767 -1.26261 N   65 
 0.97473  1.19982 -0.87689 B   66 
 1.08512  1.00026 -0.73315 D   66 
 1.22446  1.30043 -1.07144 B   67 
 1.47263  1.08458 -0.91849 B   68 
 1.45433  1.17880 -0.45445 R   68 
 1.43461  0.79774 -1.10041 B   69 
 1.32637  0.69397 -0.89365 T   69 
 1.61311  0.62236 -1.28174 B   70 
 1.78677  0.71369 -1.19646 P   70 
 1.44210  0.40709 -1.48104 B   71 
 1.15087  0.47165 -1.46006 B   72 
 1.12443  0.64722 -1.30212 S   72 
 0.78169  0.39142 -1.51476 B   73 
 0.84488  0.11485 -1.73200 R   73 
 0.49193  0.47724 -1.41552 B   74 
 0.42534  0.74400 -1.36694 N   74 
 0.23637  0.26354 -1.41180 B   75 
 0.42680  0.00685 -1.46291 L   75 
 0.01988  0.45962 -1.25275 B   76 
 0.02848  0.26708 -1.00913 X   76 
 0.03380  0.73803 -1.36341 B   77 
-0.01643  0.81440 -1.62048 N   77 
 0.19548  0.91141 -1.11903 B   78 
-0.05580  0.86797 -0.97185 I   78 
 0.26612  1.11802 -0.88904 B   79 
 0.18299  1.28567 -0.98210 P   79 
 0.40191  1.03650 -0.59447 B   80 
 0.65792  0.87750 -0.68906 X   80 
 0.24886  1.26245 -0.43195 B   81 
 0.31169  1.45890 -0.55412 S   81 
-0.03703  1.13619 -0.46007 B   82 
-0.08198  1.14914 -0.66533 A   82 
 0.05154  0.90890 -0.24030 B   83 
 0.14156  0.68092 -0.45721 L   83 
 0.02061  1.14873  0.00656 B   84 
 0.34828  1.14385 -0.02284 L   84 
-0.25693  1.18694  0.03162 B   85 
-0.41496  1.31219 -0.13115 S   85 
-0.55522  1.17443  0.21249 B   86 
-0.60925  1.39696  0.28262 S   86 
-0.63908  1.05499 -0.05688 B   87 
-0.86720  1.10200 -0.23354 D   87 
-0.62548  0.70280 -0.13296 B   88 
-0.66584  0.57770  0.10029 I   88 
-0.70538  0.64996 -0.42779 B   89 
-0.92683  0.78728 -0.47850 T   89 
-0.42654  0.63092 -0.56431 B   90 
-0.35717  0.83567 -0.58677 A   90 
-0.30754  0.39893 -0.39346 B   91 
-0.18202  0.54103 -0.19504 S   91 
-0.52558  0.19228 -0.45284 B   92 
-0.73284  0.21523 -0.29398 V   92 
-0.50952  0.17974 -0.75903 B   93 
-0.75924  0.39315 -0.83175 N   93 
-0.21060  0.10180 -0.75066 B   94 
 0.01931  0.26864 -0.77299 X   94 
-0.22872 -0.14892 -0.57104 B   95 
-0.25988 -0.07651 -0.37071 A   95 
-0.40771 -0.31306 -0.76193 B   96 
-0.83432 -0.14995 -0.67084 K   96 
-0.17847 -0.33719 -0.97166 B   97 
-0.19929 -0.04378 -1.22027 K   97 
 0.03895 -0.46885 -0.79643 B   98 
 0.18475 -0.23867 -0.64831 I   98 
-0.12094 -0.73072 -0.70250 B   99 
-0.28169 -0.71198 -0.53630 V   99 
-0.16233 -0.80659 -1.02586 B   100 
-0.39841 -0.69262 -1.01544 S   100 
 0.14839 -0.86712 -1.12022 B   101 
 0.35715 -0.68528 -1.14757 D   101 
 0.20347 -1.19019 -0.96197 B   102 
 0.30821 -1.17114 -0.63654 B   103 
 0.60302 -1.17864 -0.77182 N   103 
 0.11796 -1.01601 -0.50702 B   104 
 0.17675 -0.91674 -0.17279 B   105 
-0.15127 -0.81626  0.01721 M   105 
 0.49324 -0.96696 -0.19947 B   106 
 0.44596 -1.29376 -0.18106 N   106 
 0.55537 -0.67133 -0.28565 B   107 
 0.43946 -0.64755 -0.45810 A   107 
 0.52739 -0.64536  0.02902 B   108 
 0.19031 -0.37614 -0.15023 W   108 
 0.76679 -0.68484  0.25537 B   109 
 0.99710 -0.61915  0.16482 V   109 
 0.60061 -0.63960  0.51673 B   110 
 0.60225 -0.42779  0.55024 A   110 
 0.38572 -0.84670  0.45612 B   111 
 0.09926 -1.01213  0.25074 W   111 
 0.56494 -1.09744  0.42230 B   112 
 0.89299 -1.15008  0.16165 R   112 
 0.73112 -1.05514  0.70813 B   113 
 1.00948 -1.01265  0.54686 N   113 
 0.44189 -0.96361  0.89426 B   114 
 0.70045 -0.57592  1.08189 R   114 
 0.16081 -1.09492  0.75697 B   115 
 0.11612 -0.78109  0.72376 X   115 
 0.21743 -1.35094  0.64068 B   116 
 0.34226 -1.49986  0.24028 K   116 
 0.05460 -1.61852  0.80844 B   117 
-0.12606 -1.44662  0.97214 B   118 
 0.04686 -1.26899  1.04917 T   118 
-0.37706 -1.28935  1.16989 B   119 
-0.59239 -1.40019  1.32332 D   119 
-0.52161 -1.04650  0.97865 B   120 
-0.40114 -1.10088  0.76653 V   120 
-0.80309 -1.01035  1.11110 B   121 
-0.98420 -1.37402  1.01900 Q   121 
-0.69906 -0.84073  1.35486 B   122 
-0.57292 -0.96974  1.45681 A   122 
-0.69714 -0.56447  1.18046 B   123 
-0.26891 -0.56236  1.19201 W   123 
-1.04266 -0.55883  1.19677 B   124 
-1.06995 -0.63089  0.93922 I   124 
-1.10750 -0.54810  1.47049 B   125 
-0.96927 -1.04276  1.53821 R   125 
-1.38281 -0.35270  1.57834 B   126 
-1.48315 -0.29912  1.29839 B   127 
-1.18791 -0.18884  1.22733 X   127 
-1.73154 -0.12156  1.09897 B   128 
-2.11640 -0.23734  1.15323 R   128 
-1.84115 -0.34886  0.81904 B   129 
-1.58487 -0.31853  0.78918 L   129 
