246 
 0.78807 -0.29484  1.03872 B   1 
 1.05920  0.02498  1.01763 K   1 
 0.67494 -0.02376  1.24389 B   2 
 0.48790 -0.13992  1.38059 V   2 
 0.55368  0.26037  1.15587 B   3 
 0.78636  0.25054  0.79025 F   3 
 0.52852  0.57546  1.16559 B   4 
 0.35537  0.81600  1.04343 B   5 
 0.04178  1.08829  1.17427 R   5 
 0.57892  1.03471  0.97964 B   6 
 0.47267  1.27144  1.15584 X   6 
 0.77524  0.81806  0.87413 B   7 
 0.96992  0.55047  1.08126 E   7 
 0.60947  0.71627  0.63352 B   8 
 0.42772  0.46958  0.61879 L   8 
 0.56075  0.98223  0.49093 B   9 
 0.41699  1.09128  0.61177 A   9 
 0.85582  1.03752  0.43295 B   10 
 0.94491  1.09702  0.62360 A   10 
 0.91133  0.78257  0.26543 B   11 
 0.94926  0.62378  0.40792 A   11 
 0.68359  0.81977  0.05877 B   12 
 0.34624  0.61332  0.22660 M   12 
 0.79071  1.08552 -0.04301 B   13 
 0.74205  1.49390  0.09505 K   13 
 1.07324  1.01236 -0.13201 B   14 
 1.38119  0.75413  0.08029 R   14 
 0.93341  0.78788 -0.32911 B   15 
 1.09618  0.50392 -0.11825 H   15 
 0.69105  0.97606 -0.47515 B   16 
 0.37313  0.96371 -0.36344 B   17 
 0.37376  0.65027 -0.27977 L   17 
 0.32091  1.24973 -0.36756 B   18 
 0.29274  1.47595 -0.16170 D   18 
 0.07964  1.29438 -0.60325 B   19 
 0.10697  1.58565 -0.46893 N   19 
 0.04214  1.02872 -0.71227 B   20 
 0.30333  0.72690 -0.90172 Y   20 
-0.18765  1.02978 -0.94448 B   21 
-0.01961  0.75247 -1.29150 R   21 
-0.32636  1.26352 -0.73948 B   22 
-0.22913  1.15102 -0.45154 B   23 
-0.56121  0.85085 -0.59621 Y   23 
-0.20146  1.24938 -0.16565 B   24 
-0.33164  1.42449 -0.08029 S   24 
-0.01903  1.15561  0.09771 B   25 
 0.27896  1.21800  0.17432 L   25 
-0.26227  1.10599  0.29559 B   26 
-0.37877  0.86389  0.14233 B   27 
-0.57565  1.04227 -0.06582 N   27 
-0.14323  0.66875  0.17865 B   28 
-0.03219  0.66632 -0.25342 W   28 
-0.13655  0.67534  0.48625 B   29 
 0.01839  0.86206  0.57957 V   29 
-0.42748  0.59127  0.52850 B   30 
-0.66865  0.72843  0.52955 X   30 
-0.40795  0.31791  0.39014 B   31 
-0.40905  0.35886  0.17527 A   31 
-0.18108  0.19216  0.55878 B   32 
 0.00322  0.28009  0.49083 A   32 
-0.33202  0.20916  0.82515 B   33 
-0.38944  0.36462  1.12338 K   33 
-0.59484  0.02300  0.72662 B   34 
-0.81557  0.34570  0.85374 F   34 
-0.42774 -0.22192  0.60602 B   35 
-0.54281 -0.17795  0.27631 E   35 
-0.15687 -0.24573  0.83551 B   36 
-0.00138 -0.21628  0.68033 S   36 
-0.07986 -0.03898  1.05645 B   37 
-0.22715 -0.04889  1.30238 N   37 
 0.22615  0.00937  0.95628 B   38 
 0.06522  0.38761  0.99885 F   38 
 0.28919 -0.30598  0.87857 B   39 
 0.32649 -0.50069  1.10455 N   39 
 0.51403 -0.47994  0.68004 B   40 
 0.72123 -0.34234  0.69652 T   40 
 0.42669 -0.78531  0.79881 B   41 
 0.74896 -0.86359  1.02106 Q   41 
 0.15152 -0.78932  0.68932 B   42 
 0.03518 -0.64086  0.78481 A   42 
-0.08634 -1.06547  0.66672 B   43 
 0.10913 -1.20709  0.62631 T   43 
-0.36681 -1.17498  0.44383 B   44 
-0.44427 -0.94381  0.67733 N   44 
-0.60695 -1.39111  0.39317 B   45 
-0.42443 -1.84030  0.24497 R   45 
-0.80000 -1.48791  0.12235 B   46 
-0.69815 -1.17508  0.02700 N   46 
-1.07358 -1.64176 -0.00099 B   47 
-1.30086 -1.55797  0.08892 T   47 
-0.91230 -1.69626 -0.28869 B   48 
-0.85559 -1.45660 -0.38710 D   48 
-0.60595 -1.77273 -0.15553 B   49 
-0.47804 -1.53359 -0.13102 B   50 
-0.53281 -1.36372 -0.29999 S   50 
-0.24044 -1.25855 -0.03329 B   51 
-0.17105 -1.43904  0.15835 T   51 
-0.16620 -0.99724  0.17516 B   52 
-0.44853 -0.83987  0.05919 D   52 
 0.11010 -0.75208  0.15991 B   53 
 0.20692 -1.21791  0.09376 Y   53 
 0.20561 -0.53305  0.37630 B   54 
 0.15073 -0.18658  0.41351 B   55 
 0.34739 -0.01465  0.48899 I   55 
-0.05189 -0.22740  0.12874 B   56 
 0.03915  0.07062  0.04993 L   56 
-0.17735 -0.49850  0.07232 B   57 
-0.25249 -0.61203  0.39001 Q   57 
-0.04823 -0.67541 -0.14956 B   58 
 0.12401 -0.46504 -0.29840 I   58 
-0.15777 -0.89745 -0.38835 B   59 
-0.43772 -1.01642 -0.40533 N   59 
-0.09096 -1.23874 -0.50670 B   60 
-0.09729 -1.37215 -0.32044 S   60 
-0.27273 -1.25533 -0.77657 B   61 
-0.61818 -1.50405 -0.71817 R   61 
-0.11218 -0.98889 -0.92186 B   62 
-0.54887 -0.96473 -1.05060 W   62 
 0.17913 -0.87004 -0.78345 B   63 
-0.11497 -0.55437 -0.86011 W   63 
 0.28688 -1.13237 -0.62381 B   64 
 0.31327 -1.02693 -0.38748 X   64 
 0.49597 -1.40572 -0.51403 B   65 
 0.55187 -1.63900 -0.68917 N   65 
 0.41457 -1.70461 -0.28466 B   66 
 0.16588 -1.62499 -0.21768 D   66 
 0.36629 -2.00961 -0.40705 B   67 
 0.01273 -2.02031 -0.32673 B   68 
-0.01554 -1.92158  0.13586 R   68 
-0.12457 -1.87717 -0.60508 B   69 
-0.17495 -1.67212 -0.46137 T   69 
-0.32569 -1.96142 -0.82406 B   70 
-0.39516 -2.11918 -0.69736 P   70 
-0.31994 -1.76678 -1.10226 B   71 
-0.08615 -1.58145 -1.08181 B   72 
 0.01995 -1.61784 -0.87232 S   72 
 0.11345 -1.27514 -1.19159 B   73 
-0.07526 -1.22430 -1.49072 R   73 
 0.34330 -1.07975 -1.09076 B   74 
 0.56637 -1.17346 -0.95143 N   74 
 0.35900 -0.76131 -1.18745 B   75 
 0.06180 -0.76672 -1.31554 L   75 
 0.60517 -0.66777 -0.98432 B   76 
 0.40565 -0.48606 -0.83048 X   76 
 0.82023 -0.87680 -0.98141 B   77 
 0.96752 -0.96268 -1.19441 N   77 
 0.78033 -1.02595 -0.67795 B   78 
 0.88140 -0.76808 -0.57809 I   78 
 0.82767 -1.13127 -0.38259 B   79 
 1.02382 -1.19691 -0.41251 P   79 
 0.61142 -1.09476 -0.13009 B   80 
 0.35061 -1.22019 -0.25666 X   80 
 0.83614 -1.06519  0.09243 B   81 
 0.96304 -1.26561  0.05794 S   81 
 0.94167 -0.78564 -0.00340 B   82 
 1.02821 -0.82212 -0.19180 A   82 
 0.66999 -0.65022  0.12176 B   83 
 0.49812 -0.64809 -0.15679 L   83 
 0.80430 -0.69435  0.43708 B   84 
 0.59093 -0.94478  0.43405 L   84 
 1.00930 -0.50237  0.45254 B   85 
 1.24089 -0.50818  0.33642 S   85 
 1.15570 -0.21753  0.59137 B   86 
 1.33392 -0.28785  0.73508 S   86 
 1.18842 -0.16599  0.29116 B   87 
 1.41378 -0.07735  0.12741 D   87 
 0.94583  0.00953  0.09028 B   88 
 0.82920  0.18464  0.25588 I   88 
 1.02933  0.01092 -0.20825 B   89 
 1.28550  0.07929 -0.22133 T   89 
 0.86299 -0.22724 -0.31945 B   90 
 0.96838 -0.40719 -0.25818 A   90 
 0.57919 -0.12659 -0.23885 B   91 
 0.55154 -0.24419  0.00757 S   91 
 0.58974  0.14051 -0.38825 B   92 
 0.70635  0.32974 -0.24927 V   92 
 0.64117  0.04297 -0.67461 B   93 
 0.97541  0.08064 -0.68182 N   93 
 0.38594 -0.13125 -0.67233 B   94 
 0.35808 -0.40842 -0.61239 X   94 
 0.17743  0.08545 -0.60150 B   95 
 0.20324  0.12661 -0.39177 A   95 
 0.22296  0.25828 -0.85343 B   96 
 0.60034  0.50746 -0.74208 K   96 
 0.10277  0.03790 -1.03811 B   97 
 0.38349 -0.19601 -1.15983 K   97 
-0.17556  0.00699 -0.90817 B   98 
-0.14213 -0.19322 -0.67369 I   98 
-0.27840  0.31002 -0.93192 B   99 
-0.19726  0.46928 -0.78405 V   99 
-0.23018  0.28766 -1.26238 B   100 
 0.00483  0.39935 -1.22884 S   100 
-0.45698  0.06312 -1.34760 B   101 
-0.45898 -0.20870 -1.28835 D   101 
-0.76055  0.26162 -1.31775 B   102 
-0.89168  0.27103 -1.00158 B   103 
-1.06065  0.01450 -1.10605 N   103 
-0.68523  0.36031 -0.83898 B   104 
-0.73079  0.35913 -0.48835 B   105 
-0.48623  0.60193 -0.30119 M   105 
-0.96974  0.14473 -0.50671 B   106 
-1.17586  0.37930 -0.61560 N   106 
-0.77995 -0.10304 -0.47092 B   107 
-0.64635 -0.08306 -0.63058 A   107 
-0.81588 -0.00200 -0.17264 B   108 
-0.35935  0.03540 -0.26435 W   108 
-1.05485 -0.08841  0.04074 B   109 
-1.13931 -0.32664 -0.00013 V   109 
-0.97327  0.08810  0.28602 B   110 
-0.83103 -0.02850  0.39629 A   110 
-0.96483  0.35275  0.13557 B   111 
-0.84578  0.60210 -0.13875 W   111 
-1.25439  0.35743  0.02479 B   112 
-1.44846  0.06479 -0.20977 R   112 
-1.40039  0.29522  0.31791 B   113 
-1.51678  0.01342  0.20681 N   113 
-1.18697  0.51323  0.50121 B   114 
-1.12491  0.14753  0.84002 R   114 
-1.06291  0.75902  0.30300 B   115 
-0.80179  0.59623  0.38608 X   115 
-1.25603  0.83324  0.10432 B   116 
-1.35199  0.70681 -0.31148 K   116 
-1.37812  1.16426  0.14643 B   117 
-1.17397  1.24683  0.34766 B   118 
-1.17948  1.03595  0.49894 T   118 
-0.94163  1.40088  0.56931 B   119 
-0.91386  1.67380  0.65261 D   119 
-0.62846  1.30666  0.47190 B   120 
-0.69775  1.18461  0.26510 V   120 
-0.44723  1.53540  0.58551 B   121 
-0.56553  1.85811  0.35012 Q   121 
-0.45154  1.43130  0.88243 B   122 
-0.65063  1.44464  0.93840 A   122 
-0.21530  1.21313  0.82467 B   123 
-0.49968  0.89597  0.87006 W   123 
 0.01344  1.47245  0.81448 B   124 
 0.03980  1.45730  0.54738 I   124 
 0.00052  1.59759  1.06631 B   125 
-0.45946  1.80829  0.95494 R   125 
 0.29697  1.71987  1.21721 B   126 
 0.46646  1.67792  0.97057 B   127 
 0.36635  1.37075  0.96952 X   127 
 0.80363  1.69736  0.83298 B   128 
 0.96299  2.06955  0.80936 R   128 
 0.77888  1.82884  0.48065 B   129 
 0.63795  1.61064  0.48469 L   129 
