246 
-0.55505 -1.07101 -0.57599 B   1 
-0.36164 -1.37677 -0.36305 K   1 
-0.75014 -1.16461 -0.29041 B   2 
-0.97481 -1.04670 -0.34321 V   2 
-0.69417 -1.10819  0.02082 B   3 
-0.26684 -1.10983 -0.05197 F   3 
-0.67177 -1.18809  0.32598 B   4 
-0.61743 -1.05930  0.61447 B   5 
-0.84541 -0.95357  0.97005 R   5 
-0.42402 -1.27446  0.74930 B   6 
-0.59544 -1.34866  1.00125 X   6 
-0.26722 -1.31479  0.48397 B   7 
-0.38819 -1.49555  0.15978 E   7 
-0.15372 -1.02881  0.45142 B   8 
-0.26285 -0.79955  0.27926 L   8 
-0.01790 -0.99819  0.72355 B   9 
-0.17712 -0.97554  0.86948 A   9 
 0.18289 -1.22470  0.68042 B   10 
 0.06956 -1.41069  0.70020 A   10 
 0.31970 -1.10826  0.42770 B   11 
 0.19336 -1.16254  0.26023 A   11 
 0.39278 -0.83123  0.54547 B   12 
 0.05598 -0.57993  0.45599 M   12 
 0.56894 -0.94726  0.76448 B   13 
 0.48183 -1.10088  1.16073 K   13 
 0.77289 -1.10914  0.60545 B   14 
 0.70369 -1.38705  0.25251 R   14 
 0.84465 -0.82889  0.44703 B   15 
 0.70274 -0.98072  0.11779 H   15 
 0.87889 -0.61619  0.70984 B   16 
 0.62647 -0.41118  0.79907 B   17 
 0.51173 -0.35886  0.50016 L   17 
 0.64374 -0.45342  1.08625 B   18 
 0.48315 -0.60257  1.30144 D   18 
 0.73634 -0.15309  1.21657 B   19 
 0.67335 -0.33091  1.47740 N   19 
 0.77605  0.01250  0.98232 B   20 
 1.02520 -0.01239  0.61830 Y   20 
 0.86527  0.31497  1.06761 B   21 
 1.20867  0.43730  0.76319 R   21 
 0.65282  0.25348  1.32643 B   22 
 0.43594  0.06408  1.17775 B   23 
 0.35881  0.49655  1.00948 Y   23 
 0.21586 -0.13182  1.25100 B   24 
 0.10288 -0.12233  1.45604 S   24 
 0.06411 -0.38355  1.09276 B   25 
 0.15103 -0.68224  1.05047 L   25 
-0.23159 -0.27103  1.11905 B   26 
-0.18878 -0.02636  0.93472 B   27 
-0.08017  0.18369  1.17553 N   27 
-0.13251 -0.17628  0.67158 B   28 
 0.29422 -0.04826  0.64834 W   28 
-0.39405 -0.33831  0.66441 B   29 
-0.37399 -0.56720  0.78600 V   29 
-0.58316 -0.09852  0.67961 B   30 
-0.68235  0.05471  0.88855 X   30 
-0.49150  0.03798  0.42034 B   31 
-0.30085  0.13448  0.46714 A   31 
-0.54425 -0.19244  0.22072 B   32 
-0.38414 -0.33413  0.24529 A   32 
-0.84522 -0.20926  0.27689 B   33 
-1.10944 -0.35974  0.43164 K   33 
-0.91305  0.10944  0.19163 B   34 
-1.08588  0.12658  0.56426 F   34 
-0.76124  0.10890 -0.09017 B   35 
-0.52629  0.35450  0.00127 E   35 
-0.83129 -0.21858 -0.21038 B   36 
-0.61779 -0.27540 -0.22828 S   36 
-0.95653 -0.45460 -0.04881 B   37 
-1.24175 -0.45595 -0.01848 N   37 
-0.71495 -0.66666 -0.10057 B   38 
-0.77816 -0.67226  0.30778 F   38 
-0.66028 -0.58318 -0.41601 B   39 
-0.86395 -0.66803 -0.62019 N   39 
-0.40348 -0.61278 -0.64709 B   40 
-0.29840 -0.83050 -0.58630 T   40 
-0.59011 -0.50932 -0.91062 B   41 
-0.63641 -0.85830 -1.09891 Q   41 
-0.62959 -0.23025 -0.81960 B   42 
-0.74825 -0.22899 -0.64463 A   42 
-0.76317  0.05731 -1.00074 B   43 
-0.65276 -0.03778 -1.19737 T   43 
-0.72168  0.42961 -1.00336 B   44 
-0.92938  0.30497 -0.76823 N   44 
-0.82393  0.71496 -1.12611 B   45 
-0.66869  0.77764 -1.60468 R   45 
-0.69690  1.03671 -1.14385 B   46 
-0.52243  0.90747 -0.87893 N   46 
-0.74409  1.36682 -1.19419 B   47 
-0.92058  1.48029 -1.04340 T   47 
-0.42479  1.39734 -1.28838 B   48 
-0.27957  1.32834 -1.07745 D   48 
-0.40162  1.10549 -1.46647 B   49 
-0.32809  0.91721 -1.28401 B   50 
-0.18553  0.99507 -1.09956 S   50 
-0.25968  0.59242 -1.10656 B   51 
-0.41618  0.49454 -1.30668 T   51 
-0.36803  0.34842 -0.89216 B   52 
-0.38337  0.58768 -0.64631 D   52 
-0.18736  0.05814 -0.75156 B   53 
-0.14683  0.15402 -1.22050 Y   53 
-0.29802 -0.19428 -0.58434 B   54 
-0.30949 -0.27344 -0.24077 B   55 
-0.25581 -0.52266 -0.14626 I   55 
-0.16741  0.04614 -0.20205 B   56 
-0.01449 -0.07818  0.05187 L   56 
-0.21655  0.25816 -0.41430 B   57 
-0.54289  0.19367 -0.50813 Q   57 
 0.01358  0.31870 -0.61573 B   58 
 0.25442  0.19036 -0.46874 I   58 
 0.13638  0.59465 -0.78033 B   59 
-0.00101  0.86588 -0.79952 N   59 
 0.22444  0.70336 -1.12000 B   60 
 0.04227  0.65524 -1.25052 S   60 
 0.36707  0.99123 -1.06585 B   61 
 0.11507  1.31689 -1.18854 R   61 
 0.60682  0.85360 -0.86224 B   62 
 0.50944  1.26460 -0.69062 W   62 
 0.64482  0.51216 -0.85132 B   63 
 0.61144  0.69328 -0.45370 W   63 
 0.52341  0.42408 -1.14013 B   64 
 0.34648  0.25200 -1.05798 X   64 
 0.49273  0.28234 -1.47097 B   65 
 0.63927  0.39573 -1.70311 N   65 
 0.21433  0.32344 -1.73437 B   66 
 0.04669  0.46703 -1.57962 D   66 
 0.25499  0.51638 -2.00168 B   67 
 0.01262  0.76554 -1.89799 B   68 
-0.38717  0.52601 -1.81235 R   68 
 0.20596  0.97330 -1.70753 B   69 
 0.08537  0.87978 -1.50272 T   69 
 0.28602  1.27174 -1.71266 B   70 
 0.12135  1.31206 -1.84314 P   70 
 0.55565  1.34801 -1.52085 B   71 
 0.67671  1.09232 -1.42395 B   72 
 0.54228  0.91211 -1.50091 S   72 
 0.91018  0.89315 -1.19692 B   73 
 1.08392  1.18093 -1.07580 R   73 
 0.96127  0.59720 -1.09214 B   74 
 0.93637  0.37490 -1.25923 N   74 
 1.09586  0.53668 -0.79345 B   75 
 1.06157  0.84337 -0.69579 L   75 
 1.05262  0.20692 -0.79386 B   76 
 0.84775  0.23614 -0.56219 X   76 
 1.12591  0.09460 -1.06211 B   77 
 1.36962  0.10840 -1.18400 N   77 
 0.82410  0.01952 -1.20066 B   78 
 0.82208 -0.19058 -0.99441 I   78 
 0.57759 -0.13540 -1.32636 B   79 
 0.68963 -0.25932 -1.45194 P   79 
 0.25957 -0.09828 -1.22972 B   80 
 0.22523  0.21450 -1.25735 X   80 
 0.18043 -0.40105 -1.28410 B   81 
 0.24444 -0.42580 -1.51378 S   81 
 0.35256 -0.52295 -1.05176 B   82 
 0.55229 -0.48728 -1.10789 A   82 
 0.13114 -0.40688 -0.83889 B   83 
 0.28863 -0.12834 -0.77004 L   83 
-0.08207 -0.66078 -0.93631 B   84 
-0.21715 -0.41067 -1.10200 L   84 
 0.03024 -0.89266 -0.82346 B   85 
 0.24210 -1.02006 -0.90117 S   85 
 0.02024 -1.16723 -0.60816 B   86 
-0.02702 -1.36249 -0.73853 S   86 
 0.30244 -1.05841 -0.55942 B   87 
 0.56531 -1.18541 -0.54426 D   87 
 0.38220 -0.81413 -0.30649 B   88 
 0.20650 -0.85595 -0.10884 I   88 
 0.68075 -0.73210 -0.32189 B   89 
 0.82566 -0.95366 -0.34148 T   89 
 0.66359 -0.46942 -0.48759 B   90 
 0.63723 -0.53108 -0.69434 A   90 
 0.47002 -0.31060 -0.30191 B   91 
 0.22771 -0.37648 -0.41267 S   91 
 0.64063 -0.32490 -0.04802 B   92 
 0.60300 -0.54647  0.08694 V   92 
 0.89960 -0.19307 -0.14659 B   93 
 1.07313 -0.47149 -0.22112 N   93 
 0.75002  0.06520 -0.22675 B   94 
 0.64691  0.14153 -0.48118 X   94 
 0.61726  0.13283  0.04390 B   95 
 0.45426 -0.00596  0.06658 A   95 
 0.88054  0.17028  0.20104 B   96 
 1.00146 -0.26670  0.30748 K   96 
 0.95165  0.42715  0.03955 B   97 
 1.16105  0.33184 -0.26931 K   97 
 0.70017  0.59656  0.09755 B   98 
 0.48654  0.51223 -0.11086 I   98 
 0.71215  0.60004  0.41819 B   99 
 0.64554  0.41179  0.53626 V   99 
 1.01791  0.73388  0.39319 B   100 
 1.11821  0.49291  0.41976 S   100 
 0.95084  1.02833  0.25936 B   101 
 0.86160  1.08246  0.00148 D   101 
 0.80487  1.19906  0.54571 B   102 
 0.46946  1.14346  0.58638 B   103 
 0.44270  1.41044  0.40398 N   103 
 0.44137  0.86752  0.59654 B   104 
 0.11626  0.72851  0.59772 B   105 
 0.10640  0.36290  0.73921 M   105 
-0.01308  0.99613  0.47503 B   106 
 0.01299  1.14675  0.76828 N   106 
 0.01427  0.89947  0.17737 B   107 
 0.21971  0.86550  0.15793 A   107 
-0.24700  0.74803  0.27370 B   108 
 0.05882  0.41314  0.16161 W   108 
-0.55903  0.86043  0.26331 B   109 
-0.59721  1.02148  0.06796 V   109 
-0.70720  0.61764  0.39396 B   110 
-0.74936  0.48233  0.23302 A   110 
-0.53705  0.60632  0.64627 B   111 
-0.20832  0.57233  0.85215 W   111 
-0.58121  0.89505  0.75030 B   112 
-0.51271  1.25870  0.54684 R   112 
-0.91370  0.88476  0.72915 B   113 
-0.91267  1.12016  0.50580 N   113 
-0.93872  0.55381  0.85768 B   114 
-1.25115  0.44395  0.47993 R   114 
-0.67378  0.47859  1.05578 B   115 
-0.64107  0.27466  0.81302 X   115 
-0.58575  0.71237  1.19676 B   116 
-0.29043  1.03735  1.12429 K   116 
-0.63617  0.68985  1.54776 B   117 
-0.69965  0.39839  1.55095 B   118 
-0.86177  0.39064  1.34835 T   118 
-0.75735  0.05221  1.61150 B   119 
-0.77857 -0.09477  1.85674 D   119 
-0.53414 -0.12389  1.42280 B   120 
-0.40579  0.07311  1.33806 V   120 
-0.51312 -0.39700  1.57461 B   121 
-0.32315 -0.28058  1.92661 Q   121 
-0.78586 -0.51125  1.46704 B   122 
-0.92898 -0.38221  1.54332 A   122 
-0.65114 -0.60745  1.18538 B   123 
-0.87161 -0.30399  0.97844 W   123 
-0.49597 -0.86606  1.35485 B   124 
-0.25455 -0.74855  1.34157 I   124 
-0.70266 -1.02007  1.46800 B   125 
-0.80088 -0.65541  1.82262 R   125 
-0.67248 -1.37299  1.48000 B   126 
-0.38295 -1.37355  1.39346 B   127 
-0.47255 -1.19897  1.13680 X   127 
-0.09788 -1.58329  1.30550 B   128 
 0.05064 -1.81312  1.60482 R   128 
 0.21237 -1.42594  1.45050 B   129 
 0.11072 -1.24780  1.29105 L   129 
