246 
-0.48320  0.15240  1.23701 B   1 
-0.45485 -0.24286  1.37558 K   1 
-0.16898  0.10183  1.40159 B   2 
-0.08656  0.34624  1.42698 V   2 
 0.08686 -0.06569  1.30327 B   3 
-0.17006 -0.33372  1.07951 F   3 
 0.32243 -0.27380  1.33797 B   4 
 0.57542 -0.39297  1.18125 B   5 
 1.00920 -0.35653  1.19139 R   5 
 0.55643 -0.70432  1.24892 B   6 
 0.83519 -0.74529  1.38670 X   6 
 0.24734 -0.70297  1.21613 B   7 
-0.01780 -0.54432  1.45474 E   7 
 0.23122 -0.62579  0.91694 B   8 
 0.18291 -0.34867  0.79457 L   8 
 0.41138 -0.84326  0.79994 B   9 
 0.61456 -0.79191  0.85687 A   9 
 0.23288 -1.07645  0.88506 B   10 
 0.26008 -1.09788  1.10099 A   10 
-0.02149 -0.98962  0.73047 B   11 
-0.12084 -0.84294  0.85525 A   11 
 0.10851 -0.96334  0.45052 B   12 
 0.23966 -0.55490  0.42665 M   12 
 0.19199 -1.25548  0.43857 B   13 
 0.53950 -1.46783  0.58806 K   13 
-0.07366 -1.40096  0.47542 B   14 
-0.40863 -1.31279  0.76971 R   14 
-0.18079 -1.23399  0.21192 B   15 
-0.43438 -1.04361  0.43784 H   15 
 0.07775 -1.28451 -0.00275 B   16 
 0.31467 -1.04833 -0.04510 B   17 
 0.12024 -0.79139 -0.00733 L   17 
 0.54540 -1.22516 -0.03808 B   18 
 0.77090 -1.29252  0.15930 D   18 
 0.68255 -1.20749 -0.34894 B   19 
 0.89684 -1.38123 -0.18306 N   19 
 0.49904 -1.03658 -0.49379 B   20 
 0.06631 -1.04383 -0.58268 Y   20 
 0.59931 -0.99293 -0.80163 B   21 
 0.20797 -1.02409 -1.06890 R   21 
 0.90542 -1.00188 -0.65290 B   22 
 0.83337 -0.86716 -0.36711 B   23 
 0.81899 -0.51413 -0.67771 Y   23 
 0.95292 -0.84439 -0.08897 B   24 
 1.18326 -0.86199 -0.04982 S   24 
 0.82928 -0.78200  0.21476 B   25 
 0.68711 -0.97043  0.42175 L   25 
 1.01097 -0.52937  0.27764 B   26 
 0.88669 -0.34649  0.06134 B   27 
 1.09194 -0.44015 -0.18967 N   27 
 0.60076 -0.32903  0.17458 B   28 
 0.41565 -0.55724 -0.16111 W   28 
 0.67719 -0.21982  0.45195 B   29 
 0.72230 -0.40819  0.62534 V   29 
 0.82922  0.02562  0.35127 B   30 
 1.08855  0.06742  0.26197 X   30 
 0.59411  0.15774  0.20457 B   31 
 0.56950  0.04664  0.01775 A   31 
 0.39458  0.18104  0.43987 B   32 
 0.31179 -0.01514  0.47109 A   32 
 0.57578  0.35845  0.61224 B   33 
 0.79577  0.39429  0.87055 K   33 
 0.60360  0.60703  0.38669 B   34 
 1.00745  0.55192  0.44043 F   34 
 0.29139  0.63987  0.32425 B   35 
 0.31830  0.54875 -0.01465 E   35 
 0.14672  0.58768  0.64512 B   36 
 0.02189  0.41683  0.57913 S   36 
 0.29063  0.47904  0.90002 B   37 
 0.44581  0.66584  1.05265 N   37 
 0.08940  0.22832  0.95162 B   38 
 0.46936  0.06620  0.96308 F   38 
-0.18918  0.38859  0.87312 B   39 
-0.29195  0.59343  1.06767 N   39 
-0.51166  0.30708  0.77519 B   40 
-0.55509  0.09425  0.89750 T   40 
-0.63162  0.62271  0.80633 B   41 
-0.85059  0.57707  1.13701 Q   41 
-0.47324  0.74335  0.58704 B   42 
-0.26812  0.74075  0.63816 A   42 
-0.50530  1.07119  0.42944 B   43 
-0.74619  1.04404  0.46303 T   43 
-0.44379  1.22729  0.09450 B   44 
-0.17429  1.19556  0.29530 N   44 
-0.44013  1.50257 -0.08201 B   45 
-0.90975  1.66269 -0.18627 R   45 
-0.44167  1.58044 -0.41952 B   46 
-0.32071  1.25999 -0.42253 N   46 
-0.39052  1.80253 -0.66809 B   47 
-0.15516  1.90865 -0.67850 T   47 
-0.60980  1.63789 -0.85930 B   48 
-0.50884  1.39505 -0.89358 D   48 
-0.83878  1.56606 -0.61469 B   49 
-0.75635  1.32936 -0.50827 B   50 
-0.64447  1.17434 -0.66272 S   50 
-0.70620  1.03124 -0.28406 B   51 
-0.82974  1.19409 -0.10423 T   51 
-0.52611  0.88021 -0.03506 B   52 
-0.25384  0.88655 -0.24424 D   52 
-0.55101  0.53784  0.10218 B   53 
-0.95296  0.79107  0.03113 Y   53 
-0.41247  0.40789  0.36264 B   54 
-0.12822  0.20500  0.41238 B   55 
-0.12623 -0.00377  0.58656 I   55 
-0.08831  0.24285  0.06483 B   56 
 0.03401 -0.05434  0.07002 L   56 
-0.20225  0.48887 -0.07267 B   57 
-0.14963  0.73576  0.16342 Q   57 
-0.46704  0.45608 -0.23395 B   58 
-0.47778  0.14793 -0.26557 I   58 
-0.60361  0.58775 -0.52089 B   59 
-0.49774  0.82922 -0.67353 N   59 
-0.91266  0.74891 -0.63694 B   60 
-0.95344  0.91981 -0.48975 S   60 
-0.86671  0.76295 -0.95918 B   61 
-0.78618  1.16455 -1.08895 R   61 
-0.83014  0.42264 -0.98619 B   62 
-0.54668  0.60940 -1.29053 W   62 
-0.91366  0.22119 -0.72051 B   63 
-0.51509  0.13565 -0.88126 W   63 
-1.12750  0.40833 -0.56188 B   64 
-1.01454  0.40777 -0.32756 X   64 
-1.43065  0.52547 -0.40419 B   65 
-1.67234  0.59359 -0.56283 N   65 
-1.52274  0.87537 -0.27129 B   66 
-1.28130  0.98814 -0.31203 D   66 
-1.72915  1.07569 -0.43742 B   67 
-1.47450  1.31934 -0.52322 B   68 
-1.27246  1.44200 -0.11252 R   68 
-1.35164  1.18953 -0.81455 B   69 
-1.14089  1.12647 -0.68476 T   69 
-1.32616  1.28292 -1.10803 B   70 
-1.35522  1.48515 -1.04456 P   70 
-1.26588  1.03315 -1.33004 B   71 
-1.29381  0.77212 -1.18685 B   72 
-1.33928  0.81693 -0.95796 S   72 
-1.24782  0.39409 -1.16034 B   73 
-1.15818  0.35250 -1.50372 R   73 
-1.24616  0.15890 -0.94620 B   74 
-1.42843  0.15015 -0.73487 N   74 
-1.06273 -0.11609 -0.98774 B   75 
-0.89485  0.01121 -1.23347 L   75 
-1.11662 -0.24837 -0.68740 B   76 
-0.81726 -0.20424 -0.61714 X   76 
-1.40634 -0.22185 -0.61457 B   77 
-1.61898 -0.32721 -0.74919 N   77 
-1.40579  0.02473 -0.37979 B   78 
-1.27342 -0.18099 -0.21596 I   78 
-1.43693  0.18608 -0.10856 B   79 
-1.62362  0.10795 -0.05637 P   79 
-1.20111  0.38207  0.02497 B   80 
-1.14002  0.57509 -0.21748 X   80 
-1.27933  0.31564  0.32557 B   81 
-1.51212  0.37280  0.32724 S   81 
-1.18381  0.01679  0.31983 B   82 
-1.31490 -0.07939  0.18610 A   82 
-0.87392  0.12508  0.32727 B   83 
-0.82409  0.11660  0.00389 L   83 
-0.91769  0.19963  0.66185 B   84 
-0.94403  0.50227  0.53548 L   84 
-0.92260 -0.05138  0.78868 B   85 
-1.11398 -0.22610  0.78686 S   85 
-0.79309 -0.28787  1.01036 B   86 
-0.92753 -0.28572  1.20855 S   86 
-0.85481 -0.45890  0.76379 B   87 
-0.98904 -0.71611  0.72799 D   87 
-0.61842 -0.52119  0.49874 B   88 
-0.37742 -0.51592  0.61525 I   88 
-0.74886 -0.68500  0.27016 B   89 
-0.88060 -0.88782  0.37961 T   89 
-0.82587 -0.45991  0.06977 B   90 
-1.00609 -0.36829  0.14957 A   90 
-0.54259 -0.33666  0.02813 B   91 
-0.54299 -0.14170  0.22129 S   91 
-0.40392 -0.59196 -0.06864 B   92 
-0.31949 -0.74239  0.12876 V   92 
-0.57717 -0.66140 -0.31221 B   93 
-0.78193 -0.88521 -0.16671 N   93 
-0.52129 -0.38720 -0.44332 B   94 
-0.67727 -0.14889 -0.43496 X   94 
-0.21245 -0.39478 -0.44676 B   95 
-0.14976 -0.35901 -0.24394 A   95 
-0.18782 -0.64192 -0.63042 B   96 
-0.24767 -0.99735 -0.33549 K   96 
-0.30250 -0.48453 -0.87372 B   97 
-0.68521 -0.52598 -0.88573 K   97 
-0.10086 -0.25101 -0.88457 B   98 
-0.20265 -0.03671 -0.68482 I   98 
 0.17130 -0.41819 -0.91534 B   99 
 0.26167 -0.52310 -0.72923 V   99 
 0.04080 -0.55669 -1.19069 B   100 
-0.03518 -0.76050 -1.04401 S   100 
 0.02097 -0.29635 -1.39304 B   101 
-0.14921 -0.07716 -1.37326 D   101 
 0.37222 -0.25138 -1.47703 B   102 
 0.54704 -0.06093 -1.25250 B   103 
 0.46091  0.18146 -1.45023 N   103 
 0.50734 -0.18263 -1.00624 B   104 
 0.62490 -0.02103 -0.71455 B   105 
 0.67044 -0.26575 -0.41151 M   105 
 0.63696  0.26470 -0.86157 B   106 
 0.91173  0.17403 -1.02173 N   106 
 0.34616  0.34632 -0.77521 B   107 
 0.22871  0.19326 -0.85594 A   107 
 0.51416  0.40881 -0.51379 B   108 
 0.20449  0.08185 -0.38955 W   108 
 0.67158  0.69134 -0.43958 B   109 
 0.55595  0.89590 -0.54129 V   109 
 0.79768  0.61109 -0.16457 B   110 
 0.64784  0.65458 -0.01746 A   110 
 0.93587  0.35839 -0.26349 B   111 
 0.95705  0.00502 -0.42562 W   111 
 1.10973  0.48063 -0.48925 B   112 
 0.98369  0.71372 -0.81804 R   112 
 1.23991  0.72235 -0.30023 B   113 
 1.09883  0.94985 -0.48364 N   113 
 1.28881  0.51203 -0.01730 B   114 
 1.07996  0.86860  0.26838 R   114 
 1.32305  0.18747 -0.10993 B   115 
 1.05342  0.18474  0.06000 X   115 
 1.45670  0.17011 -0.36313 B   116 
 1.33235  0.15739 -0.79028 K   116 
 1.77760  0.01921 -0.34051 B   117 
 1.74448 -0.08153 -0.06169 B   118 
 1.64134  0.13117  0.04561 T   118 
 1.74613 -0.24217  0.25617 B   119 
 1.93487 -0.42251  0.37470 D   119 
 1.44298 -0.39353  0.29658 B   120 
 1.35534 -0.34482  0.06764 V   120 
 1.50394 -0.61957  0.50457 B   121 
 1.74753 -0.87299  0.28101 Q   121 
 1.50937 -0.42852  0.75454 B   122 
 1.66871 -0.30113  0.71807 A   122 
 1.18380 -0.43096  0.78167 B   123 
 1.17239 -0.02061  0.65919 W   123 
 1.20241 -0.75398  0.90410 B   124 
 1.10757 -0.86071  0.67632 I   124 
 1.35963 -0.73995  1.13718 B   125 
 1.79118 -0.66707  0.86000 R   125 
 1.27803 -0.94207  1.41664 B   126 
 1.07195 -1.10477  1.26706 B   127 
 0.92970 -0.82632  1.18574 X   127 
 0.82027 -1.36712  1.29571 B   128 
 0.96038 -1.73613  1.38887 R   128 
 0.83971 -1.58221  0.98684 B   129 
 0.78764 -1.34206  0.90253 L   129 
