246 
-0.22921  0.28437  1.28589 B   1 
-0.24399 -0.10387  1.44491 K   1 
 0.09576  0.18555  1.39992 B   2 
 0.22112  0.41232  1.39454 V   2 
 0.29894 -0.02836  1.27288 B   3 
-0.03409 -0.25534  1.11323 F   3 
 0.49868 -0.27334  1.28285 B   4 
 0.69709 -0.44151  1.09546 B   5 
 1.12595 -0.48204  1.03193 R   5 
 0.63817 -0.74166  1.18666 B   6 
 0.92571 -0.82582  1.27946 X   6 
 0.33275 -0.68693  1.20487 B   7 
 0.14334 -0.47454  1.47212 E   7 
 0.27824 -0.62002  0.90775 B   8 
 0.25663 -0.34379  0.77609 L   8 
 0.39637 -0.87040  0.77815 B   9 
 0.61202 -0.85361  0.79738 A   9 
 0.19877 -1.06477  0.90723 B   10 
 0.25896 -1.08211  1.11676 A   10 
-0.06031 -0.94048  0.79073 B   11 
-0.11053 -0.77371  0.91965 A   11 
 0.02178 -0.94873  0.49215 B   12 
 0.21343 -0.57122  0.41898 M   12 
 0.05175 -1.25127  0.48690 B   13 
 0.37930 -1.51568  0.59181 K   13 
-0.22407 -1.34587  0.57668 B   14 
-0.48343 -1.18823  0.91502 R   14 
-0.34568 -1.17314  0.32337 B   15 
-0.52075 -0.93210  0.57405 H   15 
-0.14040 -1.27708  0.07329 B   16 
 0.12180 -1.08842 -0.02346 B   17 
-0.01727 -0.79984  0.02777 L   17 
 0.31730 -1.30287 -0.04210 B   18 
 0.55903 -1.40121  0.11990 D   18 
 0.39954 -1.32208 -0.37168 B   19 
 0.60711 -1.52429 -0.23150 N   19 
 0.22502 -1.12726 -0.49600 B   20 
-0.21156 -1.06133 -0.51216 Y   20 
 0.27636 -1.11427 -0.81837 B   21 
-0.15495 -1.08624 -1.01520 R   21 
 0.59769 -1.17135 -0.72148 B   22 
 0.59984 -1.01480 -0.43775 B   23 
 0.59129 -0.67738 -0.76543 Y   23 
 0.76784 -1.00255 -0.18516 B   24 
 0.99521 -1.05907 -0.18311 S   24 
 0.71089 -0.90729  0.12967 B   25 
 0.57716 -1.05924  0.36963 L   25 
 0.94047 -0.68851  0.14436 B   26 
 0.81307 -0.49523 -0.06079 B   27 
 0.95311 -0.63360 -0.33493 N   27 
 0.55811 -0.42298  0.09622 B   28 
 0.28207 -0.62794 -0.18807 W   28 
 0.69862 -0.31812  0.34914 B   29 
 0.74084 -0.50448  0.52540 V   29 
 0.86989 -0.10764  0.20822 B   30 
 1.11313 -0.11596  0.07502 X   30 
 0.63847  0.05809  0.09320 B   31 
 0.56361 -0.05421 -0.07894 A   31 
 0.48947  0.12563  0.35580 B   32 
 0.38163 -0.05141  0.41363 A   32 
 0.72492  0.27486  0.48353 B   33 
 0.98916  0.28140  0.69926 K   33 
 0.75454  0.50546  0.23984 B   34 
 1.14655  0.38192  0.23045 F   34 
 0.44623  0.59053  0.22722 B   35 
 0.39839  0.48274 -0.10441 E   35 
 0.35264  0.57752  0.57026 B   36 
 0.19141  0.42898  0.53755 S   36 
 0.51822  0.45530  0.80506 B   37 
 0.72658  0.61759  0.91697 N   37 
 0.28982  0.24640  0.90609 B   38 
 0.63337  0.02018  0.86639 F   38 
 0.03273  0.45020  0.86336 B   39 
 0.00102  0.67754  1.05747 N   39 
-0.31086  0.42323  0.82538 B   40 
-0.36753  0.22646  0.96755 T   40 
-0.36897  0.75609  0.85385 B   41 
-0.53189  0.76305  1.21826 Q   41 
-0.23300  0.83802  0.60380 B   42 
-0.02552  0.80119  0.62072 A   42 
-0.23644  1.15986  0.43131 B   43 
-0.46896  1.17712  0.50566 T   43 
-0.20856  1.28922  0.08084 B   44 
 0.08244  1.21827  0.23654 N   44 
-0.18941  1.55230 -0.11247 B   45 
-0.63639  1.78874 -0.14929 R   45 
-0.23629  1.61578 -0.44974 B   46 
-0.17314  1.27912 -0.45036 N   46 
-0.19244  1.81530 -0.71807 B   47 
 0.05196  1.87760 -0.77415 T   47 
-0.46597  1.68462 -0.85899 B   48 
-0.41464  1.42658 -0.89247 D   48 
-0.65789  1.66419 -0.57583 B   49 
-0.59916  1.42104 -0.46824 B   50 
-0.54331  1.24268 -0.62784 S   50 
-0.56165  1.12787 -0.23522 B   51 
-0.62310  1.31700 -0.04928 T   51 
-0.36908  0.95733 -0.00921 B   52 
-0.14000  0.90710 -0.26005 D   52 
-0.42689  0.63048  0.15357 B   53 
-0.78684  0.94783  0.13193 Y   53 
-0.26913  0.48848  0.39620 B   54 
-0.01866  0.24062  0.41265 B   55 
-0.02158  0.04186  0.59815 I   55 
-0.03376  0.25702  0.06148 B   56 
 0.03602 -0.05669  0.06709 L   56 
-0.12690  0.51368 -0.07219 B   57 
 0.00645  0.75651  0.13449 Q   57 
-0.41731  0.52191 -0.18531 B   58 
-0.48487  0.21951 -0.19338 I   58 
-0.57745  0.66420 -0.45443 B   59 
-0.46065  0.87688 -0.63865 N   59 
-0.87046  0.87278 -0.52920 B   60 
-0.85590  1.05389 -0.38948 S   60 
-0.87931  0.86570 -0.85480 B   61 
-0.75628  1.24125 -1.02343 R   61 
-0.90555  0.52349 -0.86386 B   62 
-0.65184  0.64494 -1.22265 W   62 
-0.97439  0.35068 -0.57482 B   63 
-0.62975  0.18966 -0.79233 W   63 
-1.12308  0.57884 -0.39665 B   64 
-0.97298  0.56758 -0.18450 X   64 
-1.37035  0.75393 -0.19995 B   65 
-1.62096  0.85741 -0.32123 N   65 
-1.37804  1.11959 -0.07826 B   66 
-1.13186  1.18615 -0.16565 D   66 
-1.57354  1.34654 -0.22182 B   67 
-1.30040  1.53769 -0.36475 B   68 
-1.01264  1.63882 -0.00211 R   68 
-1.25337  1.37675 -0.66259 B   69 
-1.03694  1.28258 -0.56499 T   69 
-1.26380  1.45246 -0.96202 B   70 
-1.24711  1.65899 -0.90877 P   70 
-1.28562  1.18737 -1.17311 B   71 
-1.33170  0.94128 -1.00960 B   72 
-1.32869  1.00246 -0.78000 S   72 
-1.34586  0.56243 -0.96493 B   73 
-1.32530  0.49207 -1.31464 R   73 
-1.34661  0.33933 -0.73821 B   74 
-1.48838  0.37135 -0.49982 N   74 
-1.22189  0.03479 -0.79012 B   75 
-1.08016  0.12054 -1.06820 L   75 
-1.24436 -0.07387 -0.47659 B   76 
-0.93427 -0.08066 -0.45949 X   76 
-1.50849  0.00637 -0.35934 B   77 
-1.75584 -0.06494 -0.44976 N   77 
-1.42596  0.25806 -0.14542 B   78 
-1.30362  0.03881  0.00835 I   78 
-1.38216  0.43299  0.11545 B   79 
-1.56741  0.39126  0.20276 P   79 
-1.09731  0.58928  0.19473 B   80 
-1.04764  0.75869 -0.06720 X   80 
-1.13232  0.54970  0.50793 B   81 
-1.34837  0.64718  0.54373 S   81 
-1.09072  0.23867  0.50730 B   82 
-1.25722  0.16199  0.40379 A   82 
-0.77052  0.29062  0.45643 B   83 
-0.77957  0.26066  0.13063 L   83 
-0.74257  0.38493  0.78770 B   84 
-0.73926  0.68221  0.64675 L   84 
-0.76746  0.14397  0.93066 B   85 
-0.98281  0.00595  0.97226 S   85 
-0.64304 -0.10274  1.14396 B   86 
-0.73884 -0.06898  1.36085 S   86 
-0.77431 -0.26977  0.92322 B   87 
-0.95391 -0.50038  0.92772 D   87 
-0.60123 -0.38336  0.62801 B   88 
-0.34627 -0.41621  0.70286 I   88 
-0.79486 -0.53042  0.43572 B   89 
-0.93778 -0.70223  0.57900 T   89 
-0.86655 -0.30337  0.23557 B   90 
-1.01228 -0.17821  0.33726 A   90 
-0.57818 -0.23394  0.13972 B   91 
-0.51242 -0.03450  0.31641 S   91 
-0.50315 -0.51338  0.03944 B   92 
-0.41226 -0.66844  0.23027 V   92 
-0.72511 -0.56066 -0.16711 B   93 
-0.93617 -0.73876  0.02503 N   93 
-0.64760 -0.30608 -0.32423 B   94 
-0.75758 -0.04379 -0.30694 X   94 
-0.34974 -0.36833 -0.37762 B   95 
-0.24778 -0.33621 -0.19075 A   95 
-0.39907 -0.62300 -0.54532 B   96 
-0.46569 -0.95027 -0.22073 K   96 
-0.52611 -0.45756 -0.77686 B   97 
-0.90657 -0.43107 -0.72319 K   97 
-0.29314 -0.26403 -0.83666 B   98 
-0.32140 -0.02736 -0.63824 I   98 
-0.06236 -0.47782 -0.89994 B   99 
 0.03998 -0.58961 -0.72432 V   99 
-0.25991 -0.60183 -1.13999 B   100 
-0.34243 -0.78301 -0.96912 S   100 
-0.27054 -0.35031 -1.35385 B   101 
-0.39552 -0.10385 -1.32168 D   101 
 0.06335 -0.37157 -1.49709 B   102 
 0.30383 -0.20633 -1.31790 B   103 
 0.22665  0.03946 -1.51513 N   103 
 0.28753 -0.30923 -1.06064 B   104 
 0.47923 -0.15956 -0.80399 B   105 
 0.53486 -0.39629 -0.49632 M   105 
 0.51339  0.11347 -0.97039 B   106 
 0.73712 -0.03066 -1.16670 N   106 
 0.25980  0.24862 -0.84345 B   107 
 0.10617  0.11569 -0.89311 A   107 
 0.47859  0.29070 -0.61799 B   108 
 0.14474  0.02888 -0.42247 W   108 
 0.69158  0.54362 -0.59023 B   109 
 0.59606  0.76122 -0.68554 V   109 
 0.84814  0.45328 -0.33470 B   110 
 0.73547  0.52839 -0.16841 A   110 
 0.92274  0.17639 -0.43720 B   111 
 0.85599 -0.18129 -0.57581 W   111 
 1.07289  0.25690 -0.69626 B   112 
 0.93272  0.49541 -1.01530 R   112 
 1.27249  0.47906 -0.54825 B   113 
 1.14196  0.72049 -0.72137 N   113 
 1.33367  0.27478 -0.26328 B   114 
 1.24023  0.67371  0.02740 R   114 
 1.29645 -0.05413 -0.33763 B   115 
 1.06373 -0.00237 -0.12609 X   115 
 1.37941 -0.10488 -0.60748 B   116 
 1.18263 -0.11230 -1.00660 K   116 
 1.66945 -0.30917 -0.62730 B   117 
 1.66870 -0.39134 -0.34053 B   118 
 1.62284 -0.15967 -0.23276 T   118 
 1.69840 -0.53702 -0.01691 B   119 
 1.87186 -0.74308  0.08131 D   119 
 1.38581 -0.63062  0.08292 B   120 
 1.26927 -0.57628 -0.13140 V   120 
 1.44308 -0.85547  0.29325 B   121 
 1.59829 -1.15665  0.05088 Q   121 
 1.52367 -0.65865  0.52516 B   122 
 1.69336 -0.56301  0.45439 A   122 
 1.21198 -0.60236  0.60529 B   123 
 1.24850 -0.20164  0.45829 W   123 
 1.19708 -0.91847  0.74505 B   124 
 1.04770 -1.01566  0.54378 I   124 
 1.39237 -0.92326  0.94772 B   125 
 1.77543 -0.93894  0.59930 R   125 
 1.32768 -1.09653  1.25005 B   126 
 1.07449 -1.22598  1.14781 B   127 
 0.96905 -0.93019  1.07183 X   127 
 0.79120 -1.43831  1.23531 B   128 
 0.88144 -1.82230  1.32955 R   128 
 0.72053 -1.66550  0.94303 B   129 
 0.69566 -1.42346  0.85199 L   129 
