246 
 0.35208 -1.04069  0.76152 B   1 
 0.69213 -0.88174  0.94952 K   1 
 0.26060 -0.88683  1.07191 B   2 
 0.01863 -0.97488  1.10132 V   2 
 0.24876 -0.57498  1.14800 B   3 
 0.56499 -0.48991  0.86395 F   3 
 0.30573 -0.32331  1.33082 B   4 
 0.24436 -0.00923  1.34948 B   5 
-0.01032  0.25779  1.58065 R   5 
 0.52614  0.10947  1.44107 B   6 
 0.44023  0.24810  1.70897 X   6 
 0.68015 -0.08226  1.25098 B   7 
 0.73000 -0.46759  1.28893 E   7 
 0.56930  0.01916  0.98050 B   8 
 0.34109 -0.09846  0.81260 L   8 
 0.63510  0.31637  1.00835 B   9 
 0.49684  0.39638  1.15545 A   9 
 0.93813  0.27716  1.01952 B   10 
 0.98146  0.19613  1.21797 A   10 
 0.97001  0.13907  0.74373 B   11 
 0.92249 -0.07002  0.77506 A   11 
 0.82893  0.35603  0.57349 B   12 
 0.41580  0.23847  0.56358 M   12 
 1.02665  0.57421  0.64938 B   13 
 1.04987  0.84453  0.98790 K   13 
 1.29316  0.45434  0.56165 B   14 
 1.44838  0.03111  0.61976 R   14 
 1.16149  0.42834  0.26036 B   15 
 1.17655  0.04035  0.28917 H   15 
 1.02937  0.73924  0.22345 B   16 
 0.70125  0.79421  0.27842 B   17 
 0.59545  0.50698  0.17095 L   17 
 0.72959  1.04013  0.43099 B   18 
 0.70440  1.12647  0.72469 D   18 
 0.58629  1.28235  0.23982 B   19 
 0.64979  1.43408  0.51654 N   19 
 0.51294  1.14204 -0.00266 B   20 
 0.72828  0.90054 -0.30352 Y   20 
 0.36776  1.34405 -0.21441 B   21 
 0.54869  1.23463 -0.63967 R   21 
 0.24292  1.47837  0.07243 B   22 
 0.22070  1.21144  0.25484 B   23 
-0.12302  1.17266 -0.06400 Y   23 
 0.19047  1.13701  0.54762 B   24 
 0.09223  1.28120  0.70400 S   24 
 0.25872  0.86480  0.72838 B   25 
 0.52787  0.76362  0.85438 L   25 
-0.03499  0.81989  0.84020 B   26 
-0.16231  0.74965  0.56720 B   27 
-0.23737  1.06639  0.47803 N   27 
-0.00698  0.49001  0.50941 B   28 
 0.21806  0.65951  0.16351 W   28 
-0.08691  0.34084  0.76645 B   29 
 0.07838  0.38278  0.96267 V   29 
-0.38920  0.36371  0.72656 B   30 
-0.57565  0.56157  0.78191 X   30 
-0.40365  0.21036  0.46099 B   31 
-0.33254  0.34892  0.30739 A   31 
-0.27583 -0.05692  0.55012 B   32 
-0.06345 -0.02390  0.56105 A   32 
-0.48649 -0.11819  0.76434 B   33 
-0.58363 -0.12188  1.09138 K   33 
-0.74956 -0.11646  0.55403 B   34 
-0.90433  0.15693  0.81921 F   34 
-0.62560 -0.31189  0.33290 B   35 
-0.62593 -0.07134  0.07595 E   35 
-0.44778 -0.54587  0.53347 B   36 
-0.25243 -0.50478  0.43715 S   36 
-0.38546 -0.52187  0.83849 B   37 
-0.59401 -0.59551  1.02112 N   37 
-0.06214 -0.54983  0.81212 B   38 
-0.12304 -0.21370  1.04469 F   38 
-0.06486 -0.78242  0.57685 B   39 
-0.14625 -1.06062  0.65650 N   39 
 0.15322 -0.90551  0.33703 B   40 
 0.37568 -0.88386  0.44741 T   40 
-0.04153 -1.17060  0.25468 B   41 
 0.17139 -1.46307  0.42350 Q   41 
-0.26491 -1.01602  0.13662 B   42 
-0.36031 -0.90294  0.28764 A   42 
-0.55034 -1.13172 -0.05957 B   43 
-0.39594 -1.29643 -0.15406 T   43 
-0.77399 -1.00188 -0.33060 B   44 
-0.85119 -0.90673 -0.01605 N   44 
-1.03771 -1.05581 -0.51632 B   45 
-0.94542 -1.40355 -0.87355 R   45 
-1.16377 -0.92529 -0.81137 B   46 
-0.96035 -0.67139 -0.70421 N   46 
-1.42116 -0.88194 -1.02491 B   47 
-1.63422 -0.77500 -0.92526 T   47 
-1.20474 -0.84344 -1.27677 B   48 
-1.06131 -0.62837 -1.21751 D   48 
-0.98057 -1.08453 -1.18161 B   49 
-0.80676 -0.95736 -1.01499 B   50 
-0.76428 -0.72018 -1.06341 S   50 
-0.54331 -0.87952 -0.75771 B   51 
-0.58158 -1.14173 -0.69526 T   51 
-0.46563 -0.80553 -0.43253 B   52 
-0.65128 -0.51857 -0.46581 D   52 
-0.14214 -0.70995 -0.28124 B   53 
-0.15663 -1.07892 -0.58847 Y   53 
-0.05826 -0.68103  0.02867 B   54 
-0.02826 -0.40713  0.24894 B   55 
 0.17666 -0.38371  0.42610 I   55 
-0.14442 -0.22224 -0.02699 B   56 
 0.04041  0.01596  0.08441 L   56 
-0.31528 -0.35963 -0.23758 B   57 
-0.50510 -0.57711 -0.04749 Q   57 
-0.17951 -0.43746 -0.50723 B   58 
 0.07707 -0.26399 -0.49503 I   58 
-0.27072 -0.45238 -0.83856 B   59 
-0.55517 -0.43178 -0.94570 N   59 
-0.26519 -0.68667 -1.12145 B   60 
-0.35931 -0.88079 -1.04405 S   60 
-0.36002 -0.49800 -1.36956 B   61 
-0.76050 -0.59162 -1.49388 R   61 
-0.10046 -0.27792 -1.32400 B   62 
-0.45977 -0.03091 -1.45718 W   62 
 0.15975 -0.36283 -1.11610 B   63 
-0.00629  0.03326 -1.02917 W   63 
 0.14443 -0.68785 -1.12236 B   64 
 0.12902 -0.73179 -0.86644 X   64 
 0.23383 -1.03508 -1.16627 B   65 
 0.27395 -1.15258 -1.43609 N   65 
 0.01466 -1.35191 -1.15357 B   66 
-0.21268 -1.22886 -1.07712 D   66 
-0.07516 -1.51240 -1.43018 B   67 
-0.42673 -1.42721 -1.40341 B   68 
-0.55886 -1.56747 -0.97050 R   68 
-0.43610 -1.12590 -1.56447 B   69 
-0.46960 -1.01711 -1.33582 T   69 
-0.58110 -1.00809 -1.81064 B   70 
-0.72281 -1.16811 -1.80179 P   70 
-0.44515 -0.72038 -1.92918 B   71 
-0.18677 -0.67329 -1.78620 B   72 
-0.15838 -0.84518 -1.62460 S   72 
 0.10913 -0.45420 -1.68539 B   73 
 0.03400 -0.19562 -1.92026 R   73 
 0.34358 -0.43740 -1.47108 B   74 
 0.48471 -0.66367 -1.38837 N   74 
 0.46947 -0.14599 -1.36996 B   75 
 0.23074  0.02498 -1.50614 L   75 
 0.66295 -0.26567 -1.12737 B   76 
 0.48299 -0.12398 -0.91752 X   76 
 0.80528 -0.51199 -1.22233 B   77 
 0.97923 -0.52968 -1.43179 N   77 
 0.64262 -0.76363 -1.06066 B   78 
 0.77512 -0.64886 -0.82411 I   78 
 0.57421 -1.00980 -0.87280 B   79 
 0.74623 -1.12039 -0.91587 P   79 
 0.31245 -1.02432 -0.66514 B   80 
 0.07523 -0.96191 -0.86414 X   80 
 0.46378 -1.19564 -0.44459 B   81 
 0.53783 -1.38353 -0.57373 S   81 
 0.66197 -0.96897 -0.35620 B   82 
 0.78591 -0.93719 -0.52337 A   82 
 0.41152 -0.82222 -0.20273 B   83 
 0.33322 -0.61833 -0.44651 L   83 
 0.43365 -1.06304  0.04411 B   84 
 0.17198 -1.17746 -0.11926 L   84 
 0.66868 -0.99742  0.18403 B   85 
 0.91372 -1.03193  0.10710 S   85 
 0.83893 -0.89783  0.47201 B   86 
 0.94362 -1.09102  0.56727 S   86 
 0.96835 -0.72158  0.25744 B   87 
 1.24611 -0.65620  0.19392 D   87 
 0.84834 -0.39345  0.16834 B   88 
 0.73968 -0.29397  0.39191 I   88 
 1.01089 -0.27649 -0.06830 B   89 
 1.26869 -0.31296 -0.01653 T   89 
 0.82667 -0.34562 -0.30920 B   90 
 0.85893 -0.55663 -0.35016 A   90 
 0.56862 -0.19958 -0.21303 B   91 
 0.44183 -0.40296 -0.07932 S   91 
 0.69129  0.07955 -0.18456 B   92 
 0.80888  0.11536  0.04698 V   92 
 0.79477  0.12505 -0.46985 B   93 
 1.11475  0.03220 -0.42320 N   93 
 0.51305  0.08352 -0.58991 B   94 
 0.39733 -0.15283 -0.69916 X   94 
 0.35772  0.29699 -0.42943 B   95 
 0.33246  0.21602 -0.23157 A   95 
 0.51710  0.53965 -0.53493 B   96 
 0.89865  0.53783 -0.26789 K   96 
 0.40106  0.50333 -0.82187 B   97 
 0.63294  0.27428 -1.02706 K   97 
 0.09934  0.51984 -0.75864 B   98 
 0.01050  0.23458 -0.67547 I   98 
 0.09110  0.80785 -0.61739 B   99 
 0.16558  0.82914 -0.39873 V   99 
 0.22399  0.93524 -0.89692 B   100 
 0.46039  0.91770 -0.78450 S   100 
-0.01977  0.88675 -1.11450 B   101 
-0.11007  0.64519 -1.21889 D   101 
-0.25581  1.14199 -1.00686 B   102 
-0.46443  1.04274 -0.75414 B   103 
-0.65783  0.95687 -1.00009 N   103 
-0.29710  0.95469 -0.55096 B   104 
-0.43950  0.79788 -0.26785 B   105 
-0.20366  0.80369  0.04542 M   105 
-0.71089  0.72891 -0.42594 B   106 
-0.80801  1.04419 -0.40283 N   106 
-0.61143  0.44552 -0.51806 B   107 
-0.43747  0.48964 -0.62544 A   107 
-0.70310  0.39104 -0.21956 B   108 
-0.24636  0.29361 -0.23101 W   108 
-1.00698  0.30804 -0.11529 B   109 
-1.13584  0.17329 -0.29078 V   109 
-0.95537  0.29461  0.19313 B   110 
-0.88646  0.09519  0.23151 A   110 
-0.83499  0.57313  0.21916 B   111 
-0.58133  0.85912  0.14521 W   111 
-1.06897  0.74058  0.10360 B   112 
-1.25786  0.70006 -0.27190 R   112 
-1.30357  0.60215  0.29570 B   113 
-1.45327  0.47995  0.03503 N   113 
-1.10184  0.60216  0.58894 B   114 
-1.23763  0.12491  0.66744 R   114 
-0.86624  0.84592  0.57597 B   115 
-0.69217  0.57892  0.57720 X   115 
-0.96795  1.07492  0.43636 B   116 
-0.97095  1.21718  0.01466 K   116 
-1.00536  1.35961  0.64565 B   117 
-0.85295  1.24811  0.87657 B   118 
-0.95671  1.01021  0.88174 T   118 
-0.66158  1.17192  1.16711 B   119 
-0.58794  1.33429  1.39164 D   119 
-0.36997  1.02815  1.06351 B   120 
-0.40689  1.06065  0.81847 V   120 
-0.17519  1.08310  1.30250 B   121 
-0.13206  1.49680  1.27949 Q   121 
-0.29133  0.85658  1.48747 B   122 
-0.48726  0.91443  1.52227 A   122 
-0.11456  0.62506  1.33951 B   123 
-0.47306  0.46119  1.17173 W   123 
 0.16740  0.74717  1.49846 B   124 
 0.26396  0.85720  1.27298 I   124 
 0.11653  0.72585  1.77450 B   125 
-0.22011  1.11929  1.75831 R   125 
 0.37882  0.63553  1.99508 B   126 
 0.59439  0.66052  1.78478 B   127 
 0.42158  0.45797  1.60177 X   127 
 0.94950  0.61662  1.71434 B   128 
 1.20105  0.85998  1.91920 R   128 
 1.06188  0.90290  1.49650 B   129 
 0.87343  0.78296  1.36388 L   129 
