246 
-0.77604  0.43720  0.99676 B   1 
-0.93575  0.07258  1.13013 K   1 
-0.57240  0.30205  1.25876 B   2 
-0.42251  0.50585  1.31500 V   2 
-0.37481  0.04890  1.25200 B   3 
-0.62087 -0.13970  0.94902 F   3 
-0.25291 -0.22122  1.36242 B   4 
-0.02162 -0.43442  1.30066 B   5 
 0.36813 -0.54478  1.46038 R   5 
-0.17003 -0.71220  1.35253 B   6 
 0.01470 -0.82933  1.57732 X   6 
-0.42974 -0.61073  1.21518 B   7 
-0.68467 -0.34774  1.35025 E   7 
-0.31850 -0.56511  0.93009 B   8 
-0.22317 -0.30264  0.80309 L   8 
-0.19867 -0.84163  0.87888 B   9 
-0.02119 -0.85565  1.00322 A   9 
-0.46513 -0.99087  0.89339 B   10 
-0.51972 -0.99694  1.10507 A   10 
-0.60681 -0.84079  0.66199 B   11 
-0.68326 -0.65682  0.74722 A   11 
-0.39172 -0.88979  0.44453 B   12 
-0.12520 -0.55409  0.47402 M   12 
-0.41739 -1.19250  0.45733 B   13 
-0.23655 -1.49185  0.71402 K   13 
-0.71355 -1.23558  0.39792 B   14 
-1.07278 -1.00915  0.56002 R   14 
-0.66221 -1.07156  0.11640 B   15 
-0.89170 -0.78411  0.24407 H   15 
-0.38288 -1.22858  0.00328 B   16 
-0.07820 -1.09157  0.04911 B   17 
-0.17063 -0.78181  0.02168 L   17 
 0.05955 -1.33374  0.13239 B   18 
 0.16873 -1.45132  0.39430 D   18 
 0.28803 -1.39650 -0.11176 B   19 
 0.36031 -1.61325  0.11500 N   19 
 0.23486 -1.19047 -0.30821 B   20 
-0.11785 -1.06157 -0.54100 Y   20 
 0.43917 -1.21622 -0.56182 B   21 
 0.17289 -1.14268 -0.94814 R   21 
 0.65554 -1.31139 -0.31680 B   22 
 0.54596 -1.13053 -0.07125 B   23 
 0.75952 -0.82855 -0.36194 Y   23 
 0.56746 -1.11956  0.23140 B   24 
 0.75033 -1.20913  0.34729 S   24 
 0.38131 -0.98717  0.47482 B   25 
 0.12244 -1.09366  0.61697 L   25 
 0.60883 -0.80496  0.60061 B   26 
 0.63524 -0.61525  0.35774 B   27 
 0.86461 -0.79865  0.19144 N   27 
 0.35356 -0.49085  0.36568 B   28 
 0.22120 -0.67825 -0.01693 W   28 
 0.36792 -0.38458  0.65414 B   29 
 0.28428 -0.55746  0.82935 V   29 
 0.62060 -0.21666  0.61608 B   30 
 0.89196 -0.27412  0.62240 X   30 
 0.50915 -0.02982  0.39947 B   31 
 0.50981 -0.14554  0.21385 A   31 
 0.26519  0.08413  0.55186 B   32 
 0.11335 -0.06836  0.54941 A   32 
 0.42986  0.20782  0.77903 B   33 
 0.55053  0.19520  1.09791 K   33 
 0.61576  0.40699  0.58100 B   34 
 0.93274  0.22565  0.76982 F   34 
 0.37412  0.53580  0.41525 B   35 
 0.47690  0.40521  0.10498 E   35 
 0.12361  0.56985  0.66563 B   36 
-0.02427  0.44477  0.55786 S   36 
 0.12786  0.44716  0.95272 B   37 
 0.27951  0.58627  1.15253 N   37 
-0.15369  0.28557  0.92765 B   38 
 0.11858  0.00756  1.06681 F   38 
-0.31574  0.52064  0.76051 B   39 
-0.39763  0.76767  0.91098 N   39 
-0.59496  0.54207  0.55605 B   40 
-0.74807  0.37055  0.65238 T   40 
-0.59929  0.88106  0.54905 B   41 
-0.91586  0.94722  0.78312 Q   41 
-0.34602  0.91736  0.39983 B   42 
-0.18391  0.85157  0.51852 A   42 
-0.20704  1.21808  0.24622 B   43 
-0.43879  1.27709  0.19422 T   43 
 0.01175  1.30768 -0.04436 B   44 
 0.17092  1.20904  0.23652 N   44 
 0.16976  1.54519 -0.20425 B   45 
-0.15135  1.84147 -0.46147 R   45 
 0.30660  1.58245 -0.52027 B   46 
 0.30088  1.24163 -0.48660 N   46 
 0.51119  1.74654 -0.73229 B   47 
 0.75825  1.76578 -0.65915 T   47 
 0.32380  1.64556 -0.99006 B   48 
 0.33812  1.38073 -0.99137 D   48 
 0.01750  1.68136 -0.84063 B   49 
-0.02846  1.44356 -0.71619 B   50 
 0.06579  1.24440 -0.82509 S   50 
-0.16298  1.17172 -0.49334 B   51 
-0.27301  1.38483 -0.36453 T   51 
-0.13999  0.99659 -0.20000 B   52 
 0.16958  0.88877 -0.30231 D   52 
-0.32733  0.69921 -0.08538 B   53 
-0.56727  1.06348 -0.28657 Y   53 
-0.33711  0.55898  0.20473 B   54 
-0.17565  0.27903  0.34614 B   55 
-0.30454  0.10162  0.50689 I   55 
-0.01325  0.26386  0.03434 B   56 
-0.01229 -0.05478  0.07656 L   56 
 0.01857  0.51763 -0.12998 B   57 
 0.07405  0.75631  0.11376 Q   57 
-0.17215  0.55853 -0.37321 B   58 
-0.27960  0.27034 -0.41161 I   58 
-0.15134  0.69687 -0.68745 B   59 
 0.07653  0.87099 -0.79026 N   59 
-0.32746  0.93898 -0.90033 B   60 
-0.35140  1.12836 -0.77347 S   60 
-0.17646  0.90221 -1.18667 B   61 
 0.07804  1.23716 -1.27414 R   61 
-0.25526  0.56854 -1.20495 B   62 
 0.15883  0.61564 -1.38977 W   62 
-0.48658  0.43647 -0.98771 B   63 
-0.11451  0.20546 -1.00250 W   63 
-0.66026  0.70035 -0.90954 B   64 
-0.63836  0.68701 -0.65068 X   64 
-0.93656  0.92858 -0.86420 B   65 
-1.07238  1.05646 -1.09533 N   65 
-0.93780  1.30119 -0.76552 B   66 
-0.67310  1.32136 -0.71865 D   66 
-0.99373  1.54015 -0.98936 B   67 
-0.65660  1.67356 -0.97808 B   68 
-0.57117  1.76453 -0.52095 R   68 
-0.49894  1.47965 -1.21123 B   69 
-0.37900  1.36381 -1.01777 T   69 
-0.34741  1.52709 -1.47635 B   70 
-0.32257  1.73290 -1.42352 P   70 
-0.30956  1.24933 -1.66800 B   71 
-0.47289  1.02973 -1.54750 B   72 
-0.57213  1.11143 -1.34764 S   72 
-0.57428  0.66333 -1.51293 B   73 
-0.39762  0.55757 -1.80495 R   73 
-0.72588  0.46558 -1.31522 B   74 
-0.95810  0.54117 -1.17990 N   74 
-0.64819  0.14221 -1.29543 B   75 
-0.37557  0.17872 -1.46606 L   75 
-0.84057  0.06864 -1.03430 B   76 
-0.58568  0.01702 -0.86439 X   76 
-1.10912  0.19848 -1.06544 B   77 
-1.28840  0.15681 -1.26685 N   77 
-1.09895  0.45420 -0.84089 B   78 
-1.10908  0.23478 -0.64484 I   78 
-1.15852  0.64470 -0.59445 B   79 
-1.36679  0.63981 -0.61113 P   79 
-0.92667  0.76329 -0.38460 B   80 
-0.72562  0.89749 -0.58792 X   80 
-1.11729  0.75955 -0.13055 B   81 
-1.30180  0.89134 -0.20834 S   81 
-1.13682  0.44718 -0.10787 B   82 
-1.24168  0.38684 -0.28015 A   82 
-0.82952  0.44534  0.00776 B   83 
-0.68266  0.38607 -0.27868 L   83 
-0.95149  0.56562  0.30788 B   84 
-0.82661  0.84418  0.18514 L   84 
-1.08575  0.34592  0.42112 B   85 
-1.31439  0.24643  0.35056 S   85 
-1.12819  0.10486  0.66998 B   86 
-1.31035  0.17320  0.80965 S   86 
-1.16153 -0.06089  0.41450 B   87 
-1.35794 -0.26041  0.33041 D   87 
-0.88921 -0.22689  0.24627 B   88 
-0.71434 -0.29035  0.43882 I   88 
-0.98616 -0.36090 -0.01592 B   89 
-1.20893 -0.49480  0.03806 T   89 
-0.90868 -0.14585 -0.22687 B   90 
-1.06062  0.00892 -0.21264 A   90 
-0.60333 -0.13000 -0.16624 B   91 
-0.59849  0.07327  0.01809 S   91 
-0.53982 -0.42584 -0.21338 B   92 
-0.58354 -0.57382 -0.00147 V   92 
-0.63617 -0.45877 -0.50286 B   93 
-0.94217 -0.58396 -0.44059 N   93 
-0.44767 -0.23492 -0.60217 B   94 
-0.50330  0.04135 -0.64423 X   94 
-0.17848 -0.34602 -0.49899 B   95 
-0.17752 -0.31186 -0.28644 A   95 
-0.18355 -0.60525 -0.66690 B   96 
-0.45788 -0.88625 -0.41654 K   96 
-0.14883 -0.44551 -0.93222 B   97 
-0.49496 -0.35717 -1.07617 K   97 
 0.11365 -0.29578 -0.86904 B   98 
 0.03425 -0.03967 -0.71320 I   98 
 0.30351 -0.54686 -0.80679 B   99 
 0.28473 -0.65545 -0.60266 V   99 
 0.23078 -0.66217 -1.11247 B   100 
 0.04431 -0.81173 -1.00434 S   100 
 0.37142 -0.43352 -1.30496 B   101 
 0.29287 -0.16915 -1.34152 D   101 
 0.72272 -0.51829 -1.26191 B   102 
 0.86927 -0.37467 -0.98779 B   103 
 0.94396 -0.14007 -1.19910 N   103 
 0.71080 -0.44888 -0.77234 B   104 
 0.77496 -0.30586 -0.45541 B   105 
 0.62930 -0.51774 -0.15930 M   105 
 0.93433 -0.05823 -0.58457 B   106 
 1.19587 -0.25243 -0.64159 N   106 
 0.67978  0.12498 -0.60249 B   107 
 0.54947  0.01251 -0.72127 A   107 
 0.76322  0.15509 -0.29818 B   108 
 0.33594 -0.03371 -0.29373 W   108 
 0.97625  0.37463 -0.16964 B   109 
 0.98026  0.59399 -0.30163 V   109 
 0.96829  0.28665  0.13064 B   110 
 0.80394  0.39338  0.21773 A   110 
 1.03298 -0.00682  0.08134 B   111 
 0.98045 -0.36201 -0.06927 W   111 
 1.30252  0.02508 -0.06857 B   112 
 1.38197  0.25033 -0.41681 R   112 
 1.43963  0.22787  0.15767 B   113 
 1.45621  0.46849 -0.05941 N   113 
 1.31561  0.04491  0.43664 B   114 
 1.16420  0.47929  0.63853 R   114 
 1.26185 -0.28026  0.35622 B   115 
 0.96874 -0.17415  0.42266 X   115 
 1.45602 -0.36846  0.16440 B   116 
 1.48276 -0.38437 -0.27957 K   116 
 1.67680 -0.61495  0.29385 B   117 
 1.52079 -0.66827  0.54246 B   118 
 1.46999 -0.42311  0.61105 T   118 
 1.36138 -0.78515  0.83871 B   119 
 1.42447 -1.00458  1.01211 D   119 
 1.02911 -0.82076  0.76961 B   120 
 1.04458 -0.77027  0.52532 V   120 
 0.93474 -1.03051  0.98215 B   121 
 1.13251 -1.37336  0.85222 Q   121 
 0.92466 -0.82676  1.22174 B   122 
 1.12114 -0.76490  1.24455 A   122 
 0.62950 -0.71690  1.13486 B   123 
 0.80408 -0.34212  1.02267 W   123 
 0.49197 -1.01235  1.25091 B   124 
 0.44606 -1.10480  1.00269 I   124 
 0.55822 -1.02702  1.52411 B   125 
 1.05315 -1.13330  1.41401 R   125 
 0.32383 -1.15890  1.75494 B   126 
 0.13504 -1.25803  1.54083 B   127 
 0.13501 -0.95839  1.41999 X   127 
-0.18730 -1.41605  1.47663 B   128 
-0.22489 -1.79845  1.60637 R   128 
-0.14453 -1.65694  1.18995 B   129 
-0.07801 -1.42374  1.09679 L   129 
