246 
 0.42163 -0.18505  1.25495 B   1 
 0.81902 -0.29924  1.18227 K   1 
 0.63538  0.10245  1.26062 B   2 
 0.47676  0.27997  1.36307 V   2 
 0.78371  0.24978  1.01676 B   3 
 0.80663 -0.12472  0.79964 F   3 
 1.03119  0.38259  0.87141 B   4 
 1.10855  0.53814  0.60200 B   5 
 1.20114  0.94524  0.47832 R   5 
 1.38798  0.40467  0.52464 B   6 
 1.57004  0.66006  0.52464 X   6 
 1.28637  0.12182  0.60392 B   7 
 1.21885 -0.01616  0.96282 E   7 
 1.05807  0.09318  0.39707 B   8 
 0.75814  0.14378  0.43693 L   8 
 1.21574  0.14919  0.14125 B   9 
 1.26019  0.36175  0.14178 A   9 
 1.39977 -0.09351  0.16794 B   10 
 1.54144 -0.04488  0.32729 A   10 
 1.17861 -0.31082  0.16631 B   11 
 1.10312 -0.32166  0.36914 A   11 
 1.04036 -0.22563 -0.09749 B   12 
 0.73750  0.05504  0.02122 M   12 
 1.28865 -0.27110 -0.26702 B   13 
 1.63184 -0.02173 -0.35779 K   13 
 1.35335 -0.56396 -0.21100 B   14 
 1.35348 -0.78505  0.18613 R   14 
 1.04864 -0.63262 -0.31696 B   15 
 0.95207 -0.74923  0.04175 H   15 
 1.04137 -0.45296 -0.60531 B   16 
 0.89383 -0.14991 -0.61533 B   17 
 0.65789 -0.21477 -0.40233 L   17 
 1.10009 -0.01294 -0.76783 B   18 
 1.32129  0.19280 -0.71226 D   18 
 0.95381  0.07048 -1.06346 B   19 
 1.23953  0.21807 -1.07779 N   19 
 0.69000 -0.04731 -1.04357 B   20 
 0.53167 -0.45357 -0.97216 Y   20 
 0.51482  0.01393 -1.31243 B   21 
 0.28966 -0.39191 -1.41318 R   21 
 0.68467  0.30865 -1.29838 B   22 
 0.71350  0.34203 -0.97733 B   23 
 0.25998  0.42544 -1.07041 Y   23 
 0.87852  0.50129 -0.77838 B   24 
 0.97543  0.70757 -0.83277 S   24 
 0.96084  0.46151 -0.45734 B   25 
 1.18520  0.28828 -0.32238 L   25 
 0.84261  0.73750 -0.35422 B   26 
 0.54630  0.66706 -0.40820 B   27 
 0.53935  0.77565 -0.72767 N   27 
 0.51743  0.43384 -0.20906 B   28 
 0.46707  0.12319 -0.52527 W   28 
 0.60171  0.58931  0.04280 B   29 
 0.85788  0.57969  0.08598 V   29 
 0.39239  0.81078  0.01781 B   30 
 0.37999  1.04780 -0.12588 X   30 
 0.14463  0.63044  0.03642 B   31 
 0.12493  0.53465 -0.15925 A   31 
 0.20056  0.49599  0.30940 B   32 
 0.35147  0.34636  0.27546 A   32 
 0.20155  0.75760  0.46933 B   33 
 0.37227  1.00964  0.62340 K   33 
-0.11136  0.84948  0.38515 B   34 
 0.06976  1.19899  0.26662 F   34 
-0.25496  0.57211  0.45515 B   35 
-0.35942  0.50772  0.12527 E   35 
-0.07779  0.46939  0.74612 B   36 
-0.01111  0.27739  0.65769 S   36 
 0.18568  0.59359  0.85858 B   37 
 0.16151  0.83259  1.01533 N   37 
 0.35936  0.31819  0.85751 B   38 
 0.59626  0.59622  0.66422 F   38 
 0.11464  0.12051  0.95993 B   39 
 0.02986  0.14087  1.24763 N   39 
 0.03999 -0.21802  0.95283 B   40 
 0.26417 -0.32512  0.97315 T   40 
-0.22633 -0.19293  1.16122 B   41 
-0.06892 -0.35843  1.48865 Q   41 
-0.39911 -0.03455  0.98013 B   42 
-0.31437  0.15693  0.95100 A   42 
-0.75419  0.04597  1.00811 B   43 
-0.77879 -0.17695  1.10608 T   43 
-1.04394  0.11392  0.78060 B   44 
-0.83746  0.37431  0.83994 N   44 
-1.35791  0.20236  0.75717 B   45 
-1.66763 -0.17138  0.90361 R   45 
-1.60368  0.18130  0.51399 B   46 
-1.31797  0.15944  0.32632 N   46 
-1.90178  0.27992  0.39095 B   47 
-1.92890  0.53350  0.34946 T   47 
-1.93336 -0.01367  0.23422 B   48 
-1.73175 -0.02674  0.06241 D   48 
-1.80456 -0.21194  0.48228 B   49 
-1.53633 -0.21780  0.43571 B   50 
-1.46698 -0.20357  0.20035 S   50 
-1.16388 -0.25980  0.46987 B   51 
-1.22879 -0.27746  0.73367 T   51 
-0.86020 -0.12114  0.54604 B   52 
-0.90606  0.09486  0.28305 D   52 
-0.51987 -0.26197  0.51423 B   53 
-0.86753 -0.53182  0.70672 Y   53 
-0.23786 -0.15042  0.62355 B   54 
 0.02667  0.03064  0.47631 B   55 
 0.28796 -0.02600  0.52575 I   55 
-0.18164  0.02911  0.19272 B   56 
 0.09039  0.01918  0.02178 L   56 
-0.48260  0.00565  0.22858 B   57 
-0.53667  0.18941  0.51628 Q   57 
-0.61500 -0.27074  0.17131 B   58 
-0.38986 -0.41058  0.01059 I   58 
-0.91224 -0.38384  0.04023 B   59 
-1.15898 -0.21346 -0.01365 N   59 
-1.18622 -0.61430  0.12247 B   60 
-1.25314 -0.55912  0.33463 S   60 
-1.36021 -0.61623 -0.15298 B   61 
-1.72872 -0.40005 -0.10744 R   61 
-1.09432 -0.72583 -0.34050 B   62 
-1.33246 -0.44084 -0.60493 W   62 
-0.81201 -0.84261 -0.18300 B   63 
-0.72465 -0.54285 -0.49045 W   63 
-0.93193 -0.93496  0.10510 B   64 
-0.77393 -0.79779  0.25966 X   64 
-1.02057 -1.13638  0.39157 B   65 
-1.22565 -1.35050  0.37385 N   65 
-1.25141 -1.05676  0.68982 B   66 
-1.29867 -0.79960  0.62419 D   66 
-1.55631 -1.18646  0.71317 B   67 
-1.72866 -0.87101  0.66456 B   68 
-1.54902 -0.57665  0.98955 R   68 
-1.75080 -0.85748  0.32376 B   69 
-1.57370 -0.67356  0.33051 T   69 
-1.97777 -0.84118  0.11466 B   70 
-2.11197 -0.77544  0.26775 P   70 
-1.88354 -0.92228 -0.20134 B   71 
-1.60551 -1.03184 -0.19071 B   72 
-1.52895 -1.01975  0.03393 S   72 
-1.27801 -1.14017 -0.35420 B   73 
-1.40752 -1.12859 -0.68702 R   73 
-0.97406 -1.20178 -0.28352 B   74 
-0.90104 -1.33737 -0.05062 N   74 
-0.72875 -1.15475 -0.50398 B   75 
-0.91864 -0.98913 -0.70715 L   75 
-0.47470 -1.21141 -0.29695 B   76 
-0.39154 -0.91312 -0.32155 X   76 
-0.53376 -1.45051 -0.12580 B   77 
-0.57999 -1.70539 -0.21147 N   77 
-0.60223 -1.31399  0.17849 B   78 
-0.31409 -1.25352  0.17614 I   78 
-0.59156 -1.23513  0.48548 B   79 
-0.55099 -1.42713  0.55737 P   79 
-0.61184 -0.92267  0.60299 B   80 
-0.88083 -0.82600  0.46855 X   80 
-0.41657 -0.97442  0.84810 B   81 
-0.52344 -1.16060  0.95478 S   81 
-0.15634 -1.01083  0.67657 B   82 
-0.18756 -1.18838  0.56786 A   82 
-0.15554 -0.68651  0.62530 B   83 
-0.31118 -0.69427  0.33747 L   83 
-0.04476 -0.64471  0.94995 B   84 
-0.36128 -0.56453  0.99045 L   84 
 0.22257 -0.73196  0.94369 B   85 
 0.30939 -0.97570  0.92926 S   85 
 0.56586 -0.67778  0.97627 B   86 
 0.63587 -0.76785  1.18685 S   86 
 0.55144 -0.84046  0.71707 B   87 
 0.70073 -1.07146  0.61802 D   87 
 0.52023 -0.69320  0.38943 B   88 
 0.64384 -0.45625  0.40553 I   88 
 0.49146 -0.91211  0.17183 B   89 
 0.67706 -1.09664  0.21625 T   89 
 0.18286 -0.92039  0.13375 B   90 
 0.10509 -1.03331  0.30241 A   90 
 0.13796 -0.62142  0.05777 B   91 
 0.08770 -0.51308  0.30487 S   91 
 0.32563 -0.61509 -0.18412 B   92 
 0.57518 -0.57022 -0.11755 V   92 
 0.20217 -0.83646 -0.35710 B   93 
 0.40452 -1.08981 -0.26737 N   93 
-0.07231 -0.69452 -0.36141 B   94 
-0.29912 -0.73679 -0.19421 X   94 
 0.01450 -0.41994 -0.47331 B   95 
 0.11302 -0.31806 -0.31126 A   95 
 0.11793 -0.52623 -0.74427 B   96 
 0.54500 -0.67987 -0.63981 K   96 
-0.17020 -0.60252 -0.83527 B   97 
-0.24615 -0.96593 -0.73285 K   97 
-0.30794 -0.32754 -0.80841 B   98 
-0.39715 -0.30165 -0.51252 I   98 
-0.11881 -0.15509 -1.00196 B   99 
 0.08998 -0.08805 -0.92630 V   99 
-0.19316 -0.37087 -1.24678 B   100 
 0.02839 -0.49991 -1.19115 S   100 
-0.51557 -0.31360 -1.29022 B   101 
-0.72477 -0.37470 -1.11731 D   101 
-0.50300  0.00831 -1.45954 B   102 
-0.48574  0.27741 -1.24853 B   103 
-0.80911  0.26836 -1.27352 N   103 
-0.26571  0.22961 -1.08625 B   104 
-0.20434  0.44562 -0.81313 B   105 
 0.16724  0.43318 -0.68836 M   105 
-0.50835  0.55036 -0.81042 B   106 
-0.44971  0.73661 -1.07733 N   106 
-0.60418  0.33476 -0.60300 B   107 
-0.55770  0.15442 -0.69816 A   107 
-0.46689  0.55128 -0.41661 B   108 
-0.22209  0.15823 -0.35483 W   108 
-0.60924  0.81930 -0.28242 B   109 
-0.85822  0.78290 -0.23503 V   109 
-0.36221  0.94208 -0.13453 B   110 
-0.35697  0.84718  0.05770 A   110 
-0.17791  0.94870 -0.37688 B   111 
 0.02083  0.79936 -0.67655 W   111 
-0.35133  1.12069 -0.56788 B   112 
-0.74919  1.05197 -0.69160 R   112 
-0.40612  1.36505 -0.34790 B   113 
-0.72455  1.30262 -0.34896 N   113 
-0.07194  1.36657 -0.22542 B   114 
-0.25630  1.36697  0.24190 R   114 
 0.14514  1.25129 -0.45926 B   115 
 0.16750  1.03315 -0.22795 X   115 
 0.05712  1.32609 -0.72181 B   116 
-0.19814  1.14392 -1.03762 K   116 
 0.27535  1.55718 -0.88064 B   117 
 0.49816  1.52879 -0.68433 B   118 
 0.35963  1.53874 -0.46501 T   118 
 0.79914  1.51328 -0.49457 B   119 
 1.05755  1.62795 -0.54222 D   119 
 0.86041  1.18479 -0.42542 B   120 
 0.67380  1.09083 -0.56258 V   120 
 1.16961  1.17938 -0.37600 B   121 
 1.31495  1.26169 -0.75763 Q   121 
 1.15488  1.30002 -0.08575 B   122 
 1.07634  1.48983 -0.11320 A   122 
 1.08444  1.00990  0.04693 B   123 
 0.68832  1.14793  0.13387 W   123 
 1.41298  0.91388 -0.00332 B   124 
 1.34874  0.75038 -0.20682 I   124 
 1.57053  1.09666  0.14162 B   125 
 1.47741  1.47286 -0.20215 R   125 
 1.86139  0.98345  0.30954 B   126 
 1.85441  0.70887  0.18354 B   127 
 1.55060  0.68165  0.29003 X   127 
 2.01138  0.37980  0.17556 B   128 
 2.39311  0.37006  0.03895 R   128 
 2.01988  0.26282 -0.18260 B   129 
 1.76906  0.30079 -0.12662 L   129 
