246 
-0.01836  0.08582  1.33387 B   1 
 0.13604 -0.29167  1.43336 K   1 
 0.33758  0.10413  1.37061 B   2 
 0.37357  0.36073  1.37621 V   2 
 0.56756 -0.01104  1.17819 B   3 
 0.30507 -0.33138  1.05012 F   3 
 0.83566 -0.16640  1.11494 B   4 
 1.03218 -0.23641  0.87155 B   5 
 1.42337 -0.11306  0.72543 R   5 
 1.10107 -0.54323  0.92630 B   6 
 1.41308 -0.52339  0.95143 X   6 
 0.80761 -0.60507  1.00795 B   7 
 0.62212 -0.49660  1.33388 E   7 
 0.66853 -0.54096  0.73911 B   8 
 0.52520 -0.28272  0.65619 L   8 
 0.83270 -0.72080  0.55432 B   9 
 1.02820 -0.62803  0.53610 A   9 
 0.74740 -0.98275  0.68696 B   10 
 0.85517 -0.99233  0.87701 A   10 
 0.44240 -0.95322  0.63956 B   11 
 0.36857 -0.82620  0.79884 A   11 
 0.45334 -0.90899  0.33316 B   12 
 0.48331 -0.48331  0.28320 M   12 
 0.58262 -1.17853  0.27757 B   13 
 0.99528 -1.31233  0.28035 K   13 
 0.38308 -1.37348  0.40115 B   14 
 0.16828 -1.34657  0.80081 R   14 
 0.15649 -1.23882  0.20289 B   15 
-0.02940 -1.09731  0.51436 H   15 
 0.32336 -1.24209 -0.09311 B   16 
 0.47685 -0.96427 -0.20698 B   17 
 0.26299 -0.75084 -0.08885 L   17 
 0.72426 -1.09072 -0.29272 B   18 
 1.01476 -1.10583 -0.19409 D   18 
 0.73212 -1.05433 -0.63091 B   19 
 1.02194 -1.17671 -0.56269 N   19 
 0.47856 -0.92793 -0.69086 B   20 
 0.05382 -1.02466 -0.61698 Y   20 
 0.44884 -0.87345 -1.01160 B   21 
 0.00140 -0.99013 -1.11991 R   21 
 0.78340 -0.81645 -0.98464 B   22 
 0.79553 -0.69122 -0.68600 B   23 
 0.59940 -0.35699 -0.95270 Y   23 
 1.00130 -0.63721 -0.46940 B   24 
 1.22864 -0.60696 -0.51737 S   24 
 0.98731 -0.59270 -0.13886 B   25 
 0.97069 -0.80015  0.09618 L   25 
 1.12568 -0.30701 -0.13399 B   26 
 0.89757 -0.15892 -0.28133 B   27 
 1.01123 -0.21616 -0.59392 N   27 
 0.67529 -0.19633 -0.07139 B   28 
 0.42943 -0.46628 -0.32774 W   28 
 0.82447 -0.06639  0.16433 B   29 
 0.96598 -0.23697  0.30018 V   29 
 0.87760  0.20179  0.02740 B   30 
 1.07272  0.29252 -0.14774 X   30 
 0.58406  0.27976 -0.01744 B   31 
 0.51544  0.16090 -0.18777 A   31 
 0.48378  0.26883  0.27504 B   32 
 0.45858  0.06093  0.32460 A   32 
 0.67651  0.48377  0.37835 B   33 
 0.96386  0.57028  0.54069 K   33 
 0.57044  0.72657  0.17042 B   34 
 0.96838  0.75545  0.07128 F   34 
 0.25710  0.69411  0.22714 B   35 
 0.17591  0.60101 -0.10244 E   35 
 0.25286  0.62267  0.57568 B   36 
 0.14893  0.42843  0.55126 S   36 
 0.49827  0.55229  0.75544 B   37 
 0.65827  0.77064  0.85027 N   37 
 0.38350  0.26769  0.86428 B   38 
 0.76540  0.18582  0.72926 F   38 
 0.06974  0.36632  0.90004 B   39 
 0.00677  0.55152  1.12831 N   39 
-0.24331  0.21885  0.92191 B   40 
-0.19618  0.00508  1.04115 T   40 
-0.40342  0.50458  1.00972 B   41 
-0.47298  0.42485  1.39467 Q   41 
-0.36316  0.64859  0.75405 B   42 
-0.15736  0.68877  0.72711 A   42 
-0.51457  0.95880  0.63492 B   43 
-0.71613  0.88460  0.75224 T   43 
-0.61164  1.11483  0.30848 B   44 
-0.28690  1.14357  0.39607 N   44 
-0.72707  1.38026  0.15625 B   45 
-1.22403  1.43955  0.23732 R   45 
-0.86700  1.44692 -0.15351 B   46 
-0.69477  1.15746 -0.21574 N   46 
-0.95502  1.66786 -0.39262 B   47 
-0.76563  1.81890 -0.48251 T   47 
-1.19180  1.45723 -0.49903 B   48 
-1.06450  1.23886 -0.57933 D   48 
-1.29670  1.34748 -0.19181 B   49 
-1.13613  1.13525 -0.13416 B   50 
-1.06008  1.00178 -0.32601 S   50 
-0.94983  0.85962  0.04183 B   51 
-1.02877  0.99911  0.26190 T   51 
-0.66528  0.75486  0.20091 B   52 
-0.49514  0.81018 -0.09220 D   52 
-0.57026  0.41840  0.32105 B   53 
-1.01191  0.58340  0.41300 Y   53 
-0.32351  0.32622  0.50689 B   54 
-0.00666  0.18620  0.44024 B   55 
 0.09992 -0.01302  0.59148 I   55 
-0.10465  0.22176  0.10415 B   56 
 0.06723 -0.04444  0.05019 L   56 
-0.30707  0.43592  0.02945 B   57 
-0.22179  0.69473  0.24207 Q   57 
-0.60037  0.34604 -0.02619 B   58 
-0.56083  0.04129 -0.06668 I   58 
-0.85533  0.43957 -0.23731 B   59 
-0.86238  0.69313 -0.40604 N   59 
-1.21069  0.53190 -0.22539 B   60 
-1.22783  0.69506 -0.06533 S   60 
-1.28924  0.54607 -0.54127 B   61 
-1.34262  0.95194 -0.67175 R   61 
-1.19862  0.21949 -0.59619 B   62 
-1.08865  0.45111 -0.97317 W   62 
-1.13790  0.01271 -0.32842 B   63 
-0.81702  0.00485 -0.62673 W   63 
-1.31153  0.15721 -0.09415 B   64 
-1.12314  0.18586  0.08292 X   64 
-1.55295  0.21516  0.16824 B   65 
-1.84419  0.22881  0.11156 N   65 
-1.65733  0.54285  0.34231 B   66 
-1.47478  0.70079  0.22230 D   66 
-1.94531  0.69284  0.27228 B   67 
-1.79303  0.98035  0.11190 B   68 
-1.48356  1.15242  0.42680 R   68 
-1.76192  0.87001 -0.21009 B   69 
-1.51036  0.85428 -0.16879 T   69 
-1.86427  0.95852 -0.48792 B   70 
-1.90748  1.15241 -0.40849 P   70 
-1.84111  0.72002 -0.72852 B   71 
-1.76273  0.46274 -0.59780 B   72 
-1.72944  0.50374 -0.36611 S   72 
-1.63657  0.10261 -0.60816 B   73 
-1.67210  0.07052 -0.96226 R   73 
-1.51048 -0.12146 -0.42088 B   74 
-1.59748 -0.16094 -0.15853 N   74 
-1.30445 -0.35489 -0.53943 B   75 
-1.26650 -0.20317 -0.82282 L   75 
-1.21776 -0.48702 -0.24679 B   76 
-0.92847 -0.38157 -0.28784 X   76 
-1.46004 -0.51742 -0.07264 B   77 
-1.68183 -0.66712 -0.12592 N   77 
-1.42255 -0.26944  0.15762 B   78 
-1.20171 -0.43970  0.25209 I   78 
-1.38378 -0.11029  0.42917 B   79 
-1.51916 -0.22296  0.54166 P   79 
-1.15918  0.13278  0.47742 B   80 
-1.23018  0.32742  0.23899 X   80 
-1.10755  0.06023  0.78231 B   81 
-1.33004  0.06935  0.87108 S   81 
-0.96372 -0.21329  0.72782 B   82 
-1.11280 -0.33754  0.64625 A   82 
-0.70043 -0.04462  0.62761 B   83 
-0.77142 -0.05176  0.30817 L   83 
-0.63289  0.02874  0.95848 B   84 
-0.76272  0.31628  0.86512 L   84 
-0.54152 -0.21454  1.06610 B   85 
-0.68181 -0.42421  1.12535 S   85 
-0.29609 -0.41391  1.21396 B   86 
-0.34652 -0.43345  1.44727 S   86 
-0.40845 -0.60057  0.99857 B   87 
-0.49286 -0.88043  1.00146 D   87 
-0.27778 -0.62121  0.66315 B   88 
-0.01703 -0.56429  0.68442 I   88 
-0.44753 -0.81415  0.48978 B   89 
-0.48741 -1.03627  0.62957 T   89 
-0.63516 -0.61478  0.34214 B   90 
-0.78811 -0.55918  0.48622 A   90 
-0.41695 -0.43817  0.20663 B   91 
-0.38532 -0.24207  0.39600 S   91 
-0.27567 -0.66285  0.05389 B   92 
-0.09713 -0.78771  0.19967 V   92 
-0.50847 -0.77244 -0.11332 B   93 
-0.59750 -1.02883  0.08548 N   93 
-0.55962 -0.49630 -0.24230 B   94 
-0.74554 -0.29417 -0.16638 X   94 
-0.27837 -0.44160 -0.35788 B   95 
-0.15439 -0.38838 -0.19013 A   95 
-0.27418 -0.68365 -0.54973 B   96 
-0.15084 -1.03562 -0.27080 K   96 
-0.49838 -0.55934 -0.72693 B   97 
-0.84280 -0.67735 -0.60131 K   97 
-0.36498 -0.29037 -0.79882 B   98 
-0.42702 -0.09557 -0.56561 I   98 
-0.09557 -0.40007 -0.93429 B   99 
 0.07528 -0.47947 -0.79895 V   99 
-0.28744 -0.56952 -1.14993 B   100 
-0.26280 -0.78036 -0.99576 S   100 
-0.43072 -0.32417 -1.31841 B   101 
-0.62162 -0.14330 -1.22765 D   101 
-0.15066 -0.21168 -1.52179 B   102 
 0.05273  0.01617 -1.36700 B   103 
-0.14564  0.23073 -1.50801 N   103 
 0.13050 -0.10422 -1.12932 B   104 
 0.31199  0.08570 -0.89265 B   105 
 0.51232 -0.13642 -0.63903 M   105 
 0.21290  0.36385 -1.01999 B   106 
 0.42237  0.32604 -1.27310 N   106 
-0.03629  0.38755 -0.83018 B   107 
-0.14240  0.21181 -0.87015 A   107 
 0.19962  0.48976 -0.64479 B   108 
 0.02775  0.11065 -0.43273 W   108 
 0.31414  0.80013 -0.61911 B   109 
 0.13143  0.97433 -0.66190 V   109 
 0.54507  0.75452 -0.41281 B   110 
 0.45383  0.77095 -0.21944 A   110 
 0.68460  0.53222 -0.56725 B   111 
 0.71450  0.18605 -0.74297 W   111 
 0.73629  0.68074 -0.83448 B   112 
 0.45560  0.87454 -1.08344 R   112 
 0.87597  0.94883 -0.69405 B   113 
 0.63577  1.13812 -0.80253 N   113 
 1.06524  0.76052 -0.45868 B   114 
 0.90904  1.07540 -0.09976 R   114 
 1.12668  0.44710 -0.57306 B   115 
 0.94389  0.39476 -0.31726 X   115 
 1.15932  0.45008 -0.85802 B   116 
 0.89282  0.40084 -1.21106 K   116 
 1.48934  0.36760 -0.96068 B   117 
 1.58084  0.26994 -0.69408 B   118 
 1.48415  0.46036 -0.54649 T   118 
 1.73004  0.12172 -0.40666 B   119 
 1.98063 -0.01358 -0.37356 D   119 
 1.49885 -0.08645 -0.26645 B   120 
 1.32595 -0.06270 -0.44536 V   120 
 1.67484 -0.28978 -0.10596 B   121 
 1.86494 -0.49496 -0.41467 Q   121 
 1.73328 -0.09476  0.13397 B   122 
 1.83979  0.06107  0.04842 A   122 
 1.44743 -0.16200  0.27718 B   123 
 1.31132  0.23412  0.18725 W   123 
 1.57282 -0.47117  0.36869 B   124 
 1.42448 -0.60102  0.18592 I   124 
 1.79814 -0.41935  0.52926 B   125 
 2.07527 -0.26866  0.11832 R   125 
 1.86579 -0.62602  0.80912 B   126 
 1.65582 -0.83095  0.73676 B   127 
 1.44174 -0.58920  0.72620 X   127 
 1.48908 -1.13774  0.84197 B   128 
 1.72342 -1.46825  0.85994 R   128 
 1.43653 -1.35289  0.53703 B   129 
 1.31098 -1.13057  0.48911 L   129 
