246 
-1.17122 -0.10071  0.63640 B   1 
-1.16026 -0.50591  0.74562 K   1 
-1.02829 -0.13640  0.96301 B   2 
-1.02966  0.10955  1.04472 V   2 
-0.74132 -0.25365  1.04714 B   3 
-0.74202 -0.51404  0.70057 F   3 
-0.54534 -0.43363  1.21806 B   4 
-0.23318 -0.49487  1.25763 B   5 
 0.07999 -0.40667  1.54701 R   5 
-0.22957 -0.81283  1.28533 B   6 
-0.09836 -0.83941  1.56897 X   6 
-0.44194 -0.84498  1.06067 B   7 
-0.82242 -0.75912  1.07714 E   7 
-0.28095 -0.72540  0.82506 B   8 
-0.29419 -0.44098  0.71088 L   8 
-0.02950 -0.89817  0.84419 B   9 
 0.07772 -0.83126  1.02078 A   9 
-0.17214 -1.16206  0.78504 B   10 
-0.28328 -1.21283  0.96642 A   10 
-0.28333 -1.08490  0.50607 B   11 
-0.46508 -0.97265  0.54246 A   11 
-0.01453 -0.99997  0.37765 B   12 
 0.01993 -0.57959  0.45942 M   12 
 0.11257 -1.27410  0.41159 B   13 
 0.32146 -1.46192  0.74219 K   13 
-0.08237 -1.45547  0.26261 B   14 
-0.53676 -1.45595  0.27378 R   14 
-0.02978 -1.26469 -0.00126 B   15 
-0.39974 -1.14435  0.01419 H   15 
 0.30968 -1.24905  0.00028 B   16 
 0.46884 -0.98151  0.12990 B   17 
 0.24881 -0.75967  0.04262 L   17 
 0.67249 -1.12718  0.27775 B   18 
 0.73125 -1.19542  0.57141 D   18 
 0.96779 -1.04506  0.13006 B   19 
 1.05857 -1.21413  0.38851 N   19 
 0.88751 -0.87814 -0.09256 B   20 
 0.61898 -0.92551 -0.44021 Y   20 
 1.14810 -0.77560 -0.26080 B   21 
 1.02754 -0.81387 -0.71858 R   21 
 1.28680 -0.76907  0.05004 B   22 
 1.02670 -0.68986  0.22635 B   23 
 1.14261 -0.29791 -0.00655 Y   23 
 0.93740 -0.69535  0.51647 B   24 
 1.08964 -0.68991  0.69450 S   24 
 0.64121 -0.69623  0.67043 B   25 
 0.44060 -0.93042  0.72933 L   25 
 0.68943 -0.43560  0.84517 B   26 
 0.69634 -0.23860  0.60681 B   27 
 1.02690 -0.26631  0.54461 N   27 
 0.40646 -0.27449  0.50901 B   28 
 0.52247 -0.46973  0.12502 W   28 
 0.26840 -0.20050  0.77391 B   29 
 0.22991 -0.40614  0.92821 V   29 
 0.39852  0.07450  0.80454 B   30 
 0.64182  0.16149  0.90560 X   30 
 0.28808  0.19724  0.54572 B   31 
 0.40859  0.11395  0.38327 A   31 
-0.01463  0.15910  0.59702 B   32 
-0.05851 -0.04832  0.56001 A   32 
-0.02103  0.32912  0.85211 B   33 
-0.02476  0.35200  1.19250 K   33 
 0.09348  0.61088  0.70741 B   34 
 0.37446  0.59892  1.00728 F   34 
-0.10872  0.61376  0.45930 B   35 
 0.14233  0.57982  0.21495 E   35 
-0.40927  0.49533  0.60846 B   36 
-0.42860  0.32242  0.47113 S   36 
-0.44009  0.36762  0.89172 B   37 
-0.45549  0.54664  1.11530 N   37 
-0.57537  0.08886  0.79168 B   38 
-0.26501 -0.02448  1.03989 F   38 
-0.76690  0.22331  0.55780 B   39 
-1.00638  0.38144  0.64732 N   39 
-0.93231  0.11827  0.27173 B   40 
-1.00058 -0.11455  0.32897 T   40 
-1.10349  0.40794  0.22971 B   41 
-1.46743  0.28515  0.33859 Q   41 
-0.86978  0.57960  0.16939 B   42 
-0.74698  0.59476  0.34080 A   42 
-0.85848  0.92117  0.04075 B   43 
-1.05571  0.85939 -0.09031 T   43 
-0.63187  1.13327 -0.16901 B   44 
-0.54905  1.10491  0.15702 N   44 
-0.57158  1.43067 -0.29093 B   45 
-0.89072  1.54512 -0.66790 R   45 
-0.37564  1.55862 -0.54630 B   46 
-0.22045  1.26003 -0.48237 N   46 
-0.22395  1.82086 -0.69446 B   47 
-0.06080  1.95581 -0.54636 T   47 
-0.23686  1.66151 -0.98804 B   48 
-0.09214  1.44130 -0.95798 D   48 
-0.54914  1.52501 -0.95221 B   49 
-0.50803  1.28692 -0.82665 B   50 
-0.29656  1.17261 -0.87787 S   50 
-0.55336  0.96651 -0.63445 B   51 
-0.79107  1.08315 -0.57112 T   51 
-0.54499  0.80267 -0.33389 B   52 
-0.20970  0.87492 -0.31717 D   52 
-0.58356  0.44289 -0.25812 B   53 
-0.89071  0.65195 -0.56258 Y   53 
-0.61779  0.29278  0.02511 B   54 
-0.39564  0.12167  0.23914 B   55 
-0.46313 -0.10947  0.36542 I   55 
-0.15441  0.21710  0.00140 B   56 
-0.00787 -0.05978  0.07333 L   56 
-0.20151  0.46518 -0.16787 B   57 
-0.35828  0.67751  0.05530 Q   57 
-0.29312  0.42481 -0.46313 B   58 
-0.22148  0.12625 -0.50566 I   58 
-0.24109  0.58092 -0.76520 B   59 
-0.11228  0.85424 -0.80415 N   59 
-0.43211  0.71820 -1.04736 B   60 
-0.58854  0.85805 -0.95514 S   60 
-0.19762  0.78717 -1.26278 B   61 
-0.13336  1.21079 -1.29471 R   61 
-0.08702  0.46228 -1.27242 B   62 
 0.28151  0.72739 -1.31430 W   62 
-0.27785  0.21361 -1.13137 B   63 
 0.13994  0.20409 -0.99955 W   63 
-0.57494  0.34606 -1.14166 B   64 
-0.63712  0.32361 -0.89007 X   64 
-0.92510  0.39891 -1.21298 B   65 
-1.02055  0.45993 -1.48754 N   65 
-1.14594  0.71003 -1.15814 B   66 
-0.96042  0.85691 -1.02898 D   66 
-1.23579  0.90619 -1.41069 B   67 
-1.03741  1.18993 -1.30247 B   68 
-1.16734  1.27228 -0.85428 R   68 
-0.73651  1.12271 -1.44999 B   69 
-0.64720  1.06722 -1.21722 T   69 
-0.55093  1.26248 -1.65376 B   70 
-0.65199  1.44735 -1.61663 P   70 
-0.31745  1.05923 -1.79335 B   71 
-0.37783  0.77789 -1.71197 B   72 
-0.56470  0.78101 -1.56521 S   72 
-0.28647  0.40899 -1.67613 B   73 
 0.00501  0.43210 -1.88151 R   73 
-0.37421  0.14577 -1.52058 B   74 
-0.64262  0.08205 -1.47760 N   74 
-0.15657 -0.09456 -1.44397 B   75 
 0.09962  0.08886 -1.51806 L   75 
-0.36032 -0.27706 -1.25477 B   76 
-0.18766 -0.20728 -1.00614 X   76 
-0.62941 -0.29833 -1.38548 B   77 
-0.68441 -0.40743 -1.62943 N   77 
-0.82449 -0.09259 -1.19697 B   78 
-0.78789 -0.30291 -0.99421 I   78 
-1.04981  0.02006 -1.00433 B   79 
-1.20803 -0.08780 -1.08808 P   79 
-0.99426  0.22106 -0.74286 B   80 
-0.83329  0.45510 -0.88101 X   80 
-1.22927  0.10005 -0.56674 B   81 
-1.41671  0.12682 -0.71375 S   81 
-1.09571 -0.18013 -0.52052 B   82 
-1.09166 -0.27021 -0.71075 A   82 
-0.88809 -0.03651 -0.31057 B   83 
-0.64559  0.01103 -0.52519 L   83 
-1.14590 -0.02025 -0.08104 B   84 
-1.14503  0.29254 -0.18310 L   84 
-1.18060 -0.28639  0.00312 B   85 
-1.28964 -0.48122 -0.12844 S   85 
-1.17656 -0.53611  0.24698 B   86 
-1.40282 -0.58117  0.31126 S   86 
-1.03478 -0.67359  0.01277 B   87 
-1.06340 -0.93695 -0.11084 D   87 
-0.67804 -0.66451 -0.03885 B   88 
-0.57086 -0.64721  0.20589 I   88 
-0.60072 -0.80625 -0.30348 B   89 
-0.72936 -1.03828 -0.31273 T   89 
-0.57641 -0.56443 -0.49760 B   90 
-0.78008 -0.50932 -0.54981 A   90 
-0.36087 -0.40193 -0.34171 B   91 
-0.52047 -0.24053 -0.18746 S   91 
-0.14604 -0.62006 -0.33537 B   92 
-0.17738 -0.78730 -0.13596 V   92 
-0.10985 -0.67232 -0.63558 B   93 
-0.31205 -0.93956 -0.66532 N   93 
-0.03858 -0.37644 -0.68920 B   94 
-0.20755 -0.16355 -0.77474 X   94 
 0.19760 -0.34487 -0.49254 B   95 
 0.11032 -0.33313 -0.29610 A   95 
 0.37961 -0.55587 -0.62584 B   96 
 0.21811 -0.95702 -0.45293 K   96 
 0.41568 -0.37852 -0.87954 B   97 
 0.14312 -0.46499 -1.13754 K   97 
 0.52899 -0.12283 -0.74881 B   98 
 0.28515  0.04390 -0.65434 I   98 
 0.78573 -0.24808 -0.60264 B   99 
 0.75712 -0.36822 -0.40628 V   99 
 0.88749 -0.35783 -0.90202 B   100 
 0.77762 -0.58960 -0.84690 S   100 
 0.94924 -0.07403 -1.05938 B   101 
 0.76611  0.11660 -1.14610 D   101 
 1.25779  0.02670 -0.89476 B   102 
 1.21127  0.20070 -0.60355 B   103 
 1.22368  0.45794 -0.80089 N   103 
 1.05016  0.03866 -0.44601 B   104 
 0.92389  0.16694 -0.14167 B   105 
 0.81516 -0.11381  0.10963 M   105 
 0.96995  0.47110 -0.23531 B   106 
 1.29514  0.44104 -0.18322 N   106 
 0.68083  0.50162 -0.35435 B   107 
 0.67288  0.34934 -0.49748 A   107 
 0.63082  0.54368 -0.04418 B   108 
 0.38302  0.16551 -0.16176 W   108 
 0.64783  0.82884  0.12463 B   109 
 0.58501  1.03057 -0.01999 V   109 
 0.58544  0.72367  0.41276 B   110 
 0.37167  0.72505  0.42970 A   110 
 0.80076  0.50835  0.41723 B   111 
 0.98726  0.18949  0.29417 W   111 
 1.04988  0.68451  0.36204 B   112 
 1.11646  0.94777  0.03865 R   112 
 0.98212  0.90866  0.59925 B   113 
 0.94704  1.14224  0.37676 N   113 
 0.88187  0.66515  0.83869 B   114 
 0.47575  0.94480  0.93479 R   114 
 1.02892  0.36548  0.77811 B   115 
 0.71957  0.30312  0.73331 X   115 
 1.29213  0.40398  0.67081 B   116 
 1.46955  0.44159  0.26438 K   116 
 1.54882  0.29256  0.88979 B   117 
 1.36813  0.14688  1.07718 B   118 
 1.18171  0.32606  1.10025 T   118 
 1.20070 -0.05918  1.31455 B   119 
 1.30330 -0.23064  1.52015 D   119 
 0.97643 -0.25152  1.14383 B   120 
 1.04493 -0.17955  0.91450 V   120 
 0.93543 -0.49744  1.33335 B   121 
 1.30862 -0.68119  1.31090 Q   121 
 0.74525 -0.34786  1.53452 B   122 
 0.86342 -0.19753  1.61443 A   122 
 0.48353 -0.39498  1.34473 B   123 
 0.47227  0.02466  1.25928 W   123 
 0.48328 -0.72810  1.43805 B   124 
 0.57582 -0.80956  1.19916 I   124 
 0.45238 -0.73053  1.71784 B   125 
 0.93745 -0.56278  1.78812 R   125 
 0.25447 -0.98174  1.87061 B   126 
 0.22494 -1.14393  1.61736 B   127 
 0.11490 -0.87621  1.47383 X   127 
 0.06836 -1.43686  1.46679 B   128 
 0.18693 -1.79543  1.61460 R   128 
 0.31898 -1.59786  1.23590 B   129 
 0.28615 -1.35600  1.14694 L   129 
