246 
-0.85648  0.42514 -0.93414 B   1 
-1.00263  0.05661 -1.07220 K   1 
-1.15144  0.33376 -0.75242 B   2 
-1.20617  0.55650 -0.63175 V   2 
-1.19048  0.10403 -0.53134 B   3 
-0.87915 -0.13323 -0.71762 F   3 
-1.33815 -0.14176 -0.39795 B   4 
-1.32309 -0.33245 -0.14071 B   5 
-1.53629 -0.38677  0.23505 R   5 
-1.38214 -0.61999 -0.26607 B   6 
-1.63648 -0.69846 -0.10016 X   6 
-1.20698 -0.55850 -0.51536 B   7 
-1.28732 -0.31540 -0.81006 E   7 
-0.93380 -0.52311 -0.37445 B   8 
-0.79566 -0.26237 -0.29059 L   8 
-0.92193 -0.78795 -0.22227 B   9 
-1.06681 -0.77280 -0.06121 A   9 
-0.91875 -0.96393 -0.47228 B   10 
-1.12234 -0.95959 -0.55202 A   10 
-0.65991 -0.84861 -0.59814 B   11 
-0.71879 -0.66809 -0.70256 A   11 
-0.47420 -0.89037 -0.35376 B   12 
-0.50415 -0.52621 -0.12774 M   12 
-0.51110 -1.19217 -0.35060 B   13 
-0.81293 -1.44918 -0.17439 K   13 
-0.42180 -1.27191 -0.63124 B   14 
-0.52005 -1.07439 -1.02864 R   14 
-0.13455 -1.12548 -0.56169 B   15 
-0.20833 -0.85593 -0.83278 H   15 
-0.06922 -1.25920 -0.25619 B   16 
-0.13764 -1.08649  0.02523 B   17 
-0.07191 -0.79178 -0.09340 L   17 
-0.25779 -1.30495  0.17488 B   18 
-0.54012 -1.38928  0.26162 D   18 
-0.04848 -1.36095  0.43719 B   19 
-0.30066 -1.55032  0.50175 N   19 
 0.17054 -1.17777  0.38876 B   20 
 0.45337 -1.10667  0.05685 Y   20 
 0.39535 -1.20048  0.62471 B   21 
 0.81502 -1.18661  0.40282 R   21 
 0.11929 -1.25215  0.81714 B   22 
-0.09461 -1.06598  0.66029 B   23 
 0.19527 -0.76576  0.87740 Y   23 
-0.39548 -1.02939  0.64259 B   24 
-0.53942 -1.08916  0.81754 S   24 
-0.60273 -0.89980  0.41524 B   25 
-0.72283 -1.02273  0.15253 L   25 
-0.73721 -0.68459  0.60600 B   26 
-0.48298 -0.51245  0.64356 B   27 
-0.36162 -0.68189  0.90901 N   27 
-0.44692 -0.41943  0.35213 B   28 
-0.06994 -0.64919  0.28792 W   28 
-0.72436 -0.29028  0.31969 B   29 
-0.90350 -0.45723  0.23241 V   29 
-0.70098 -0.09912  0.55718 B   30 
-0.74393 -0.12582  0.82998 X   30 
-0.45697  0.05710  0.45565 B   31 
-0.28384 -0.07184  0.49101 A   31 
-0.56912  0.15504  0.18444 B   32 
-0.56276 -0.01290  0.05002 A   32 
-0.80183  0.31321  0.30631 B   33 
-1.13241  0.33854  0.38682 K   33 
-0.60964  0.51566  0.49476 B   34 
-0.84954  0.38528  0.80210 F   34 
-0.40603  0.60403  0.26413 B   35 
-0.12282  0.46193  0.41736 E   35 
-0.62153  0.62965 -0.01784 B   36 
-0.50900  0.48117 -0.13792 S   36 
-0.91703  0.53070 -0.03733 B   37 
-1.11979  0.70059  0.07356 N   37 
-0.87405  0.33776 -0.29606 B   38 
-1.06833  0.10286 -0.01703 F   38 
-0.66876  0.54004 -0.45852 B   39 
-0.78588  0.78748 -0.58273 N   39 
-0.43216  0.51490 -0.71073 B   40 
-0.52507  0.33558 -0.85685 T   40 
-0.39424  0.84981 -0.74785 B   41 
-0.58305  0.89874 -1.09618 Q   41 
-0.27281  0.90202 -0.48278 B   42 
-0.41496  0.86376 -0.33105 A   42 
-0.10997  1.20340 -0.35630 B   43 
-0.02631  1.23246 -0.58444 T   43 
 0.16009  1.29373 -0.11290 B   44 
-0.14511  1.23512  0.01892 N   44 
 0.32125  1.53408  0.03944 B   45 
 0.63962  1.77263 -0.27487 R   45 
 0.62129  1.56161  0.21032 B   46 
 0.55800  1.22583  0.23436 N   46 
 0.82199  1.73027  0.42245 B   47 
 0.72267  1.78206  0.65529 T   47 
 1.08965  1.58976  0.27974 B   48 
 1.06547  1.32879  0.32037 D   48 
 0.98066  1.60319 -0.04487 B   49 
 0.84152  1.37211 -0.08214 B   50 
 0.92038  1.17667  0.04431 S   50 
 0.61228  1.10519 -0.21576 B   51 
 0.51681  1.31426 -0.36167 T   51 
 0.30371  0.95680 -0.21231 B   52 
 0.35924  0.87599  0.11679 D   52 
 0.18535  0.65042 -0.38200 B   53 
 0.44498  0.96957 -0.62993 Y   53 
-0.11308  0.53279 -0.41396 B   54 
-0.29689  0.28398 -0.24440 B   55 
-0.45687  0.10646 -0.37409 I   55 
-0.00871  0.26268 -0.04362 B   56 
-0.07922 -0.04972 -0.01625 L   56 
 0.17296  0.50496 -0.01691 B   57 
-0.05313  0.76638 -0.01633 Q   57 
 0.43938  0.50581 -0.17884 B   58 
 0.46394  0.20547 -0.25145 I   58 
 0.76024  0.62091 -0.13278 B   59 
 0.85110  0.81051  0.08770 N   59 
 1.01303  0.82510 -0.30411 B   60 
 0.90736  1.01994 -0.36243 S   60 
 1.27542  0.78310 -0.11560 B   61 
 1.36248  1.13617  0.11325 R   61 
 1.27266  0.44240 -0.15792 B   62 
 1.41160  0.52019  0.26927 W   62 
 1.07277  0.30293 -0.40028 B   63 
 1.02341  0.11365 -0.00817 W   63 
 1.03935  0.55143 -0.60776 B   64 
 0.77956  0.56060 -0.61716 X   64 
 1.04712  0.75082 -0.90887 B   65 
 1.30303  0.84481 -1.02678 N   65 
 0.98317  1.12755 -0.95949 B   66 
 0.90786  1.18017 -0.70605 D   66 
 1.23256  1.34094 -1.01048 B   67 
 1.19423  1.51097 -0.69236 B   68 
 0.74031  1.64577 -0.67421 R   68 
 1.38910  1.31809 -0.48830 B   69 
 1.17338  1.23138 -0.38256 T   69 
 1.63800  1.36124 -0.31029 B   70 
 1.60136  1.57200 -0.31285 P   70 
 1.79819  1.07534 -0.22136 B   71 
 1.67824  0.84912 -0.37581 B   72 
 1.49942  0.93464 -0.50688 S   72 
 1.62287  0.47758 -0.44378 B   73 
 1.88170  0.36960 -0.22237 R   73 
 1.42714  0.28027 -0.59848 B   74 
 1.32707  0.34018 -0.85215 N   74 
 1.36947 -0.03014 -0.49210 B   75 
 1.50986  0.02275 -0.20529 L   75 
 1.12690 -0.10397 -0.70733 B   76 
 0.92459 -0.11407 -0.47182 X   76 
 1.20059 -0.00714 -0.98145 B   77 
 1.41689 -0.08363 -1.12911 N   77 
 1.00029  0.26472 -1.02492 B   78 
 0.78780  0.06131 -1.03759 I   78 
 0.78057  0.46600 -1.13346 B   79 
 0.82082  0.43704 -1.33649 P   79 
 0.55672  0.62513 -0.94262 B   80 
 0.74654  0.76446 -0.73208 X   80 
 0.32724  0.62014 -1.16217 B   81 
 0.43747  0.72452 -1.34769 S   81 
 0.27899  0.31021 -1.15322 B   82 
 0.45615  0.22561 -1.22919 A   82 
 0.12874  0.35100 -0.86413 B   83 
 0.38968  0.28624 -0.67746 L   83 
-0.14314  0.47999 -1.03401 B   84 
-0.01119  0.76025 -0.92309 L   84 
-0.25931  0.25630 -1.15884 B   85 
-0.17189  0.12719 -1.36584 S   85 
-0.52221  0.03197 -1.20788 B   86 
-0.63305  0.09052 -1.41195 S   86 
-0.28053 -0.15566 -1.19236 B   87 
-0.19247 -0.38140 -1.35590 D   87 
-0.16069 -0.30330 -0.88601 B   88 
-0.37717 -0.33215 -0.73114 I   88 
 0.09787 -0.46697 -0.93561 B   89 
 0.05832 -0.61991 -1.14896 T   89 
 0.31686 -0.26165 -0.85416 B   90 
 0.33436 -0.12383 -1.02132 A   90 
 0.22284 -0.20780 -0.56187 B   91 
 0.05823  0.00840 -0.60035 S   91 
 0.23550 -0.49764 -0.46387 B   92 
 0.01765 -0.63272 -0.51880 V   92 
 0.53007 -0.56318 -0.51952 B   93 
 0.49277 -0.71597 -0.81693 N   93 
 0.62652 -0.32836 -0.34329 B   94 
 0.69943 -0.06393 -0.42043 X   94 
 0.48320 -0.40098 -0.07940 B   95 
 0.27592 -0.35062 -0.10842 A   95 
 0.62657 -0.67139 -0.03764 B   96 
 0.38554 -0.96059 -0.31180 K   96 
 0.89934 -0.52977  0.01390 B   97 
 1.08988 -0.49128 -0.31858 K   97 
 0.81982 -0.34774  0.25023 B   98 
 0.69791 -0.09062  0.12690 I   98 
 0.71360 -0.57095  0.45484 B   99 
 0.50410 -0.66485  0.42158 V   99 
 1.01405 -0.71679  0.43271 B   100 
 0.91531 -0.87708  0.25000 S   100 
 1.20867 -0.48965  0.57287 B   101 
 1.27773 -0.23910  0.47360 D   101 
 1.11765 -0.53181  0.92270 B   102 
 0.84239 -0.35227  1.01883 B   103 
 1.06383 -0.12792  1.09564 N   103 
 0.64102 -0.42655  0.84285 B   104 
 0.33293 -0.25331  0.85235 B   105 
 0.03791 -0.45639  0.69262 M   105 
 0.46444 -0.00042  1.00119 B   106 
 0.47299 -0.16860  1.28581 N   106 
 0.52821  0.15185  0.73392 B   107 
 0.65073  0.01693  0.63132 A   107 
 0.22022  0.21432  0.77527 B   108 
 0.24848 -0.01926  0.37169 W   108 
 0.08806  0.46516  0.94766 B   109 
 0.23788  0.67278  0.94630 V   109 
-0.21595  0.40029  0.91102 B   110 
-0.27340  0.49476  0.72728 A   110 
-0.20109  0.11275  1.01023 B   111 
-0.07794 -0.25662  1.01252 W   111 
-0.08125  0.16233  1.29187 B   112 
 0.27423  0.36737  1.39143 R   112 
-0.30272  0.39578  1.37878 B   113 
-0.06830  0.61929  1.39835 N   113 
-0.58071  0.22242  1.23968 B   114 
-0.72376  0.65187  1.02178 R   114 
-0.52416 -0.11192  1.22900 B   115 
-0.54628 -0.03377  0.92079 X   115 
-0.36491 -0.19285  1.45342 B   116 
 0.06971 -0.23996  1.53689 K   116 
-0.54076 -0.40292  1.67970 B   117 
-0.77334 -0.45367  1.49993 B   118 
-0.81325 -0.21099  1.41683 T   118 
-1.05837 -0.56408  1.31716 B   119 
-1.25694 -0.76123  1.37959 D   119 
-0.95462 -0.64113  1.00134 B   120 
-0.71024 -0.60826  1.04211 V   120 
-1.17275 -0.84292  0.90247 B   121 
-1.09803 -1.17103  1.14803 Q   121 
-1.39024 -0.62362  0.84231 B   122 
-1.43007 -0.53902  1.02726 A   122 
-1.26014 -0.55381  0.55087 B   123 
-1.13576 -0.17194  0.69996 W   123 
-1.38552 -0.85271  0.42999 B   124 
-1.14297 -0.96852  0.42489 I   124 
-1.66477 -0.83889  0.46269 B   125 
-1.62292 -0.89846  0.97560 R   125 
-1.87773 -0.97745  0.21558 B   126 
-1.65291 -1.11291  0.06583 B   127 
-1.50644 -0.82531  0.05111 X   127 
-1.56617 -1.30980 -0.22862 B   128 
-1.72452 -1.68284 -0.24392 R   128 
-1.30923 -1.56596 -0.12662 B   129 
-1.20384 -1.33476 -0.07250 L   129 
