246 
-0.23687  0.72564  1.09738 B   1 
-0.53173  0.48859  1.27931 K   1 
-0.08541  0.49308  1.32399 B   2 
 0.15512  0.58836  1.33918 V   2 
-0.05056  0.17508  1.29506 B   3 
-0.41092  0.15373  1.05506 F   3 
-0.06548 -0.12419  1.39620 B   4 
 0.00755 -0.42261  1.30470 B   5 
 0.30816 -0.72449  1.39469 R   5 
-0.24897 -0.58717  1.39955 B   6 
-0.11123 -0.79285  1.59216 X   6 
-0.44089 -0.36061  1.30763 B   7 
-0.49431 -0.01083  1.47255 E   7 
-0.37866 -0.36509  1.00458 B   8 
-0.18876 -0.18291  0.84692 L   8 
-0.42939 -0.66117  0.94800 B   9 
-0.26414 -0.77001  1.03748 A   9 
-0.72623 -0.65327  1.02086 B   10 
-0.73474 -0.64046  1.23901 A   10 
-0.81231 -0.44109  0.81178 B   11 
-0.76606 -0.24818  0.89898 A   11 
-0.69854 -0.58310  0.56108 B   12 
-0.29793 -0.43323  0.52051 M   12 
-0.87240 -0.83009  0.59607 B   13 
-0.82501 -1.19151  0.83129 K   13 
-1.15392 -0.71246  0.59582 B   14 
-1.30830 -0.34186  0.80892 R   14 
-1.08067 -0.58489  0.30061 B   15 
-1.10168 -0.22683  0.45208 H   15 
-0.94843 -0.85734  0.14647 B   16 
-0.61432 -0.89817  0.12633 B   17 
-0.53862 -0.58391  0.09874 L   17 
-0.60684 -1.18031  0.19627 B   18 
-0.52558 -1.34941  0.43948 D   18 
-0.49398 -1.33973 -0.08230 B   19 
-0.50105 -1.57329  0.13912 N   19 
-0.47062 -1.12658 -0.27695 B   20 
-0.74463 -0.82435 -0.44661 Y   20 
-0.36089 -1.24143 -0.56242 B   21 
-0.62003 -1.02373 -0.89560 R   21 
-0.18155 -1.44544 -0.35718 B   22 
-0.13412 -1.24577 -0.10639 B   23 
 0.14387 -1.08260 -0.44903 Y   23 
-0.05284 -1.26162  0.18570 B   24 
 0.07669 -1.43759  0.27028 S   24 
-0.09476 -1.06417  0.45157 B   25 
-0.33906 -1.02951  0.64567 L   25 
 0.21304 -1.03046  0.52167 B   26 
 0.28590 -0.86990  0.26754 B   27 
 0.35265 -1.13687  0.07215 N   27 
 0.11497 -0.61925  0.32087 B   28 
-0.16467 -0.69410 -0.01858 W   28 
 0.23630 -0.54908  0.59484 B   29 
 0.11119 -0.66268  0.79239 V   29 
 0.52666 -0.53280  0.50040 B   30 
 0.72588 -0.72143  0.45908 X   30 
 0.48753 -0.30529  0.29802 B   31 
 0.39355 -0.39612  0.12261 A   31 
 0.37039 -0.08974  0.48653 B   32 
 0.16470 -0.14255  0.52146 A   32 
 0.61491 -0.07876  0.67122 B   33 
 0.77032 -0.16643  0.96202 K   33 
 0.83480  0.00606  0.43061 B   34 
 1.04368 -0.32075  0.56691 F   34 
 0.66659  0.24814  0.30588 B   35 
 0.62684  0.09810 -0.01002 E   35 
 0.52178  0.39393  0.59636 B   36 
 0.31337  0.36754  0.52568 S   36 
 0.51730  0.27305  0.88421 B   37 
 0.75358  0.30520  1.04362 N   37 
 0.19396  0.27995  0.92180 B   38 
 0.30649 -0.10449  1.02340 F   38 
 0.14651  0.57242  0.77460 B   39 
 0.23287  0.81911  0.92312 N   39 
-0.11547  0.74351  0.62520 B   40 
-0.31312  0.67037  0.75833 T   40 
 0.05290  1.03672  0.59941 B   41 
-0.13396  1.24466  0.88441 Q   41 
 0.25527  0.94506  0.40352 B   42 
 0.38010  0.80000  0.49334 A   42 
 0.49624  1.13891  0.20935 B   43 
 0.32230  1.31073  0.19836 T   43 
 0.67004  1.11729 -0.12181 B   44 
 0.80650  0.93793  0.12953 N   44 
 0.89344  1.24749 -0.32202 B   45 
 0.72683  1.67819 -0.53130 R   45 
 0.96696  1.22418 -0.65971 B   46 
 0.79431  0.93330 -0.60579 N   46 
 1.18191  1.27001 -0.91550 B   47 
 1.41272  1.15645 -0.89120 T   47 
 0.92414  1.29159 -1.12726 B   48 
 0.80047  1.05725 -1.11581 D   48 
 0.71422  1.47222 -0.92542 B   49 
 0.57783  1.28602 -0.78094 B   50 
 0.53422  1.07208 -0.89379 S   50 
 0.36855  1.11139 -0.52140 B   51 
 0.40986  1.34444 -0.38686 T   51 
 0.35416  0.93564 -0.22788 B   52 
 0.53896  0.68937 -0.37993 D   52 
 0.06695  0.77128 -0.06306 B   53 
 0.01381  1.21604 -0.23657 Y   53 
 0.04232  0.64240  0.23140 B   54 
 0.06143  0.31297  0.35609 B   55 
-0.10667  0.21934  0.54819 I   55 
 0.13035  0.23142  0.02080 B   56 
-0.02372 -0.04427  0.08056 L   56 
 0.25547  0.44043 -0.16106 B   57 
 0.47045  0.60517  0.05366 Q   57 
 0.07023  0.58468 -0.36619 B   58 
-0.17449  0.39445 -0.36694 I   58 
 0.09853  0.70742 -0.68628 B   59 
 0.35893  0.74477 -0.83992 N   59 
 0.03418  1.01528 -0.87609 B   60 
 0.13512  1.18396 -0.75824 S   60 
 0.08736  0.91984 -1.18303 B   61 
 0.45523  1.08073 -1.33599 R   61 
-0.15277  0.67500 -1.16677 B   62 
 0.18311  0.51187 -1.42835 W   62 
-0.37276  0.67007 -0.90272 B   63 
-0.18190  0.28203 -0.97351 W   63 
-0.36849  0.98166 -0.80887 B   64 
-0.30764  0.94681 -0.55837 X   64 
-0.47468  1.31681 -0.72591 B   65 
-0.56715  1.50693 -0.93453 N   65 
-0.26640  1.63228 -0.65060 B   66 
-0.02534  1.51172 -0.65542 D   66 
-0.23372  1.87637 -0.87351 B   67 
 0.11915  1.81745 -0.93340 B   68 
 0.32435  1.83015 -0.50647 R   68 
 0.10770  1.58137 -1.18028 B   69 
 0.18584  1.41147 -1.00632 T   69 
 0.20843  1.55686 -1.47141 B   70 
 0.34455  1.71812 -1.43623 P   70 
 0.06161  1.30833 -1.65025 B   71 
-0.16459  1.19807 -1.48871 B   72 
-0.16790  1.30958 -1.27889 S   72 
-0.43032  0.93425 -1.41448 B   73 
-0.39199  0.76677 -1.72778 R   73 
-0.62080  0.83308 -1.18070 B   74 
-0.75097  1.01054 -1.00888 N   74 
-0.71728  0.51508 -1.15703 B   75 
-0.50266  0.41470 -1.37756 L   75 
-0.86636  0.53829 -0.86064 B   76 
-0.64679  0.35542 -0.73881 X   76 
-1.03095  0.78871 -0.84840 B   77 
-1.24086  0.85434 -1.00987 N   77 
-0.84889  0.99219 -0.64501 B   78 
-0.93222  0.80002 -0.43810 I   78 
-0.75445  1.17446 -0.40328 B   79 
-0.93466  1.27778 -0.38032 P   79 
-0.45954  1.14745 -0.24787 B   80 
-0.26117  1.16905 -0.49273 X   80 
-0.57280  1.22997  0.03718 B   81 
-0.67484  1.44119 -0.01218 S   81 
-0.74456  0.97108  0.08126 B   82 
-0.89611  0.98118 -0.06450 A   82 
-0.46595  0.80658  0.13716 B   83 
-0.42776  0.69398 -0.16779 L   83 
-0.44948  0.95809  0.44730 B   84 
-0.22578  1.13871  0.28734 L   84 
-0.65275  0.83319  0.59629 B   85 
-0.90867  0.86837  0.57574 S   85 
-0.76417  0.63654  0.86230 B   86 
-0.85526  0.78191  1.02941 S   86 
-0.92553  0.52353  0.62767 B   87 
-1.20817  0.45707  0.59364 D   87 
-0.81426  0.24956  0.42134 B   88 
-0.66348  0.09647  0.58106 I   88 
-1.01397  0.19668  0.19022 B   89 
-1.25884  0.19349  0.29269 T   89 
-0.87928  0.35129 -0.04366 B   90 
-0.92476  0.56119 -0.01024 A   90 
-0.60374  0.20554 -0.04236 B   91 
-0.46063  0.36868  0.12564 S   91 
-0.71076 -0.07844 -0.08328 B   92 
-0.78270 -0.19289  0.14132 V   92 
-0.86350 -0.04368 -0.34715 B   93 
-1.17207  0.00287 -0.22146 N   93 
-0.60999  0.05633 -0.49288 B   94 
-0.52336  0.32369 -0.53978 X   94 
-0.42156 -0.18174 -0.43570 B   95 
-0.36279 -0.16294 -0.22945 A   95 
-0.59035 -0.39350 -0.58430 B   96 
-0.91623 -0.50563 -0.27105 K   96 
-0.53013 -0.26184 -0.86027 B   97 
-0.80244 -0.00194 -0.94169 K   97 
-0.22157 -0.27095 -0.85623 B   98 
-0.12746 -0.01800 -0.70344 I   98 
-0.17899 -0.58646 -0.81616 B   99 
-0.21136 -0.67954 -0.60615 V   99 
-0.35714 -0.63367 -1.09555 B   100 
-0.56927 -0.67143 -0.94587 S   100 
-0.15904 -0.50063 -1.32397 B   101 
-0.09665 -0.23198 -1.36048 D   101 
 0.10021 -0.75537 -1.34266 B   102 
 0.34868 -0.72023 -1.10969 B   103 
 0.49097 -0.54742 -1.34455 N   103 
 0.21899 -0.71280 -0.86442 B   104 
 0.40627 -0.63796 -0.57400 B   105 
 0.23227 -0.75892 -0.24401 M   105 
 0.64183 -0.50123 -0.74493 B   106 
 0.75084 -0.79909 -0.83855 N   106 
 0.51878 -0.21284 -0.72545 B   107 
 0.32944 -0.23692 -0.81095 A   107 
 0.66207 -0.24412 -0.44445 B   108 
 0.20832 -0.18724 -0.34901 W   108 
 0.97734 -0.17110 -0.37111 B   109 
 1.06771  0.02114 -0.51405 V   109 
 0.98289 -0.25658 -0.07005 B   110 
 0.91633 -0.08495  0.03993 A   110 
 0.87765 -0.53904 -0.11344 B   111 
 0.62332 -0.80958 -0.23061 W   111 
 1.09128 -0.64276 -0.31281 B   112 
 1.20669 -0.47396 -0.68228 R   112 
 1.35297 -0.54981 -0.12847 B   113 
 1.44854 -0.34177 -0.35844 N   113 
 1.20864 -0.65625  0.17896 B   114 
 1.34233 -0.21571  0.38003 R   114 
 0.98200 -0.90372  0.12911 B   115 
 0.80328 -0.66566  0.24301 X   115 
 1.06307 -1.06983 -0.09024 B   116 
 0.99276 -1.07627 -0.52966 K   116 
 1.14671 -1.40040  0.00966 B   117 
 1.03608 -1.37787  0.28578 B   118 
 1.13193 -1.14487  0.34829 T   118 
 0.89917 -1.41033  0.61295 B   119 
 0.87288 -1.63896  0.78392 D   119 
 0.58936 -1.26734  0.60953 B   120 
 0.58159 -1.22048  0.36416 V   120 
 0.44351 -1.40882  0.84784 B   121 
 0.40918 -1.79802  0.70332 Q   121 
 0.58489 -1.24023  1.07280 B   122 
 0.78552 -1.28896  1.05474 A   122 
 0.37717 -0.99068  1.03653 B   123 
 0.69373 -0.75353  0.87200 W   123 
 0.13296 -1.17900  1.19330 B   124 
-0.00008 -1.22305  0.96389 I   124 
 0.23302 -1.23838  1.44962 B   125 
 0.57246 -1.57796  1.25509 R   125 
 0.01315 -1.24220  1.72757 B   126 
-0.23654 -1.22037  1.55877 B   127 
-0.10638 -0.95776  1.42285 X   127 
-0.59969 -1.18766  1.56543 B   128 
-0.80200 -1.50237  1.72195 R   128 
-0.74164 -1.40262  1.29033 B   129 
-0.58440 -1.23238  1.17294 L   129 
