246 
-0.67503  0.98821 -0.59555 B   1 
-0.94405  0.76373 -0.82679 K   1 
-0.97903  0.93478 -0.41359 B   2 
-0.94954  1.10207 -0.21785 V   2 
-1.09083  0.66480 -0.28022 B   3 
-0.88660  0.42770 -0.58021 F   3 
-1.31202  0.44765 -0.21749 B   4 
-1.35867  0.18125 -0.04540 B   5 
-1.56861  0.06253  0.31713 R   5 
-1.51748 -0.00482 -0.25043 B   6 
-1.77928 -0.05402 -0.08486 X   6 
-1.33771  0.08547 -0.48737 B   7 
-1.33474  0.43221 -0.66673 E   7 
-1.06623 -0.02233 -0.38536 B   8 
-0.84369  0.13059 -0.23978 L   8 
-1.14424 -0.31365 -0.33550 B   9 
-1.27088 -0.31401 -0.15909 A   9 
-1.20864 -0.37595 -0.62783 B   10 
-1.39963 -0.27812 -0.66997 A   10 
-0.92880 -0.31079 -0.74440 B   11 
-0.92321 -0.09586 -0.77142 A   11 
-0.76382 -0.49650 -0.55932 B   12 
-0.65921 -0.25249 -0.22152 M   12 
-0.90390 -0.74955 -0.65312 B   13 
-1.27240 -0.94343 -0.53136 K   13 
-0.85468 -0.74378 -0.95417 B   14 
-0.88681 -0.39322 -1.24169 R   14 
-0.53282 -0.73270 -0.88293 B   15 
-0.51390 -0.37367 -1.03238 H   15 
-0.51134 -0.98312 -0.65423 B   16 
-0.50845 -0.91460 -0.32408 B   17 
-0.34654 -0.63420 -0.34425 L   17 
-0.69394 -1.12261 -0.24110 B   18 
-0.98583 -1.13879 -0.14687 D   18 
-0.51142 -1.33486 -0.04773 B   19 
-0.81235 -1.44413 -0.01420 N   19 
-0.24334 -1.22643 -0.06342 B   20 
 0.03871 -1.13134 -0.38995 Y   20 
-0.03527 -1.40476  0.11443 B   21 
 0.35746 -1.44373 -0.14977 R   21 
-0.30741 -1.43348  0.31696 B   22 
-0.44624 -1.14507  0.26633 B   23 
-0.06468 -1.05504  0.52636 Y   23 
-0.71561 -1.01115  0.30730 B   24 
-0.86726 -1.08237  0.47110 S   24 
-0.86964 -0.74821  0.17103 B   25 
-1.03123 -0.72038 -0.09669 L   25 
-0.91586 -0.58811  0.44125 B   26 
-0.61667 -0.53227  0.49643 B   27 
-0.55614 -0.81687  0.66744 N   27 
-0.55712 -0.35474  0.25184 B   28 
-0.28595 -0.65124  0.05797 W   28 
-0.77252 -0.14197  0.30697 B   29 
-1.00072 -0.19871  0.19613 V   29 
-0.67822 -0.07021  0.58884 B   30 
-0.72145 -0.18075  0.83962 X   30 
-0.39741  0.02637  0.51095 B   31 
-0.27956 -0.15422  0.47422 A   31 
-0.47446  0.24772  0.30899 B   32 
-0.53039  0.14871  0.12628 A   32 
-0.63423  0.41462  0.51059 B   33 
-0.93308  0.51182  0.64342 K   33 
-0.37903  0.46083  0.72548 B   34 
-0.64219  0.30944  1.00269 F   34 
-0.16279  0.55869  0.51073 B   35 
 0.05629  0.28812  0.56255 E   35 
-0.36219  0.75363  0.28973 B   36 
-0.31153  0.63264  0.11105 S   36 
-0.67400  0.76812  0.28231 B   37 
-0.80186  0.93982  0.47321 N   37 
-0.70726  0.68162 -0.02982 B   38 
-0.96491  0.43493  0.17884 F   38 
-0.44800  0.85324 -0.14291 B   39 
-0.47399  1.15240 -0.15693 N   39 
-0.24106  0.84946 -0.42110 B   40 
-0.39421  0.77632 -0.60368 T   40 
-0.08924  1.14366 -0.34778 B   41 
-0.25702  1.37503 -0.62652 Q   41 
 0.04890  1.05278 -0.10204 B   42 
-0.09409  1.00835  0.04721 A   42 
 0.30978  1.21760  0.09320 B   43 
 0.39301  1.30078 -0.12139 T   43 
 0.59996  1.12089  0.30949 B   44 
 0.29669  1.11776  0.45773 N   44 
 0.83851  1.22339  0.50832 B   45 
 1.21283  1.44694  0.24955 R   45 
 1.13309  1.08911  0.63149 B   46 
 0.95690  0.80704  0.54952 N   46 
 1.38499  1.09436  0.85566 B   47 
 1.31550  1.08503  1.10434 T   47 
 1.58318  0.93951  0.63544 B   48 
 1.47017  0.70423  0.58839 D   48 
 1.47827  1.10579  0.35478 B   49 
 1.26626  0.96187  0.26268 B   50 
 1.27466  0.71943  0.30213 S   50 
 0.95508  0.85083  0.08242 B   51 
 0.93543  1.11764  0.03200 T   51 
 0.61426  0.81782  0.08152 B   52 
 0.64563  0.60798  0.35153 D   52 
 0.39228  0.65049 -0.16220 B   53 
 0.74134  0.93853 -0.32322 Y   53 
 0.07090  0.65420 -0.18710 B   54 
-0.18435  0.43252 -0.08640 B   55 
-0.39930  0.37614 -0.24307 I   55 
 0.08274  0.24830  0.04978 B   56 
-0.09197 -0.01229 -0.02009 L   56 
 0.33826  0.39242  0.12950 B   57 
 0.21800  0.69224  0.25243 Q   57 
 0.58430  0.36853 -0.06049 B   58 
 0.50053  0.12527 -0.23336 I   58 
 0.92613  0.35028 -0.02670 B   59 
 1.08268  0.40556  0.22874 N   59 
 1.23033  0.51177 -0.15449 B   60 
 1.19819  0.73701 -0.12684 S   60 
 1.46575  0.32220 -0.03286 B   61 
 1.67613  0.51837  0.28631 R   61 
 1.34297  0.04116 -0.18720 B   62 
 1.51023 -0.09287  0.21520 W   62 
 1.10136  0.07232 -0.42967 B   63 
 0.99800 -0.22227 -0.12219 W   63 
 1.15219  0.37664 -0.53320 B   64 
 0.91188  0.47051 -0.49997 X   64 
 1.22224  0.65962 -0.74651 B   65 
 1.49204  0.70414 -0.86247 N   65 
 1.29297  1.02764 -0.65633 B   66 
 1.24674  1.00380 -0.39182 D   66 
 1.60001  1.15377 -0.66870 B   67 
 1.63099  1.19684 -0.30987 B   68 
 1.25348  1.45182 -0.17943 R   68 
 1.75074  0.89116 -0.21481 B   69 
 1.52083  0.84475 -0.11370 T   69 
 2.00307  0.78411 -0.07208 B   70 
 2.04243  0.98075  0.00243 P   70 
 2.05512  0.45074 -0.11030 B   71 
 1.86005  0.34829 -0.31247 B   72 
 1.71946  0.52814 -0.37849 S   72 
 1.67663  0.06648 -0.49319 B   73 
 1.88638 -0.19176 -0.36283 R   73 
 1.42070  0.01340 -0.67446 B   74 
 1.34205  0.19123 -0.87483 N   74 
 1.26055 -0.27873 -0.67218 B   75 
 1.41719 -0.38308 -0.40885 L   75 
 1.00256 -0.18674 -0.86084 B   76 
 0.81503 -0.21845 -0.61523 X   76 
 1.09908 -0.02421 -1.09369 B   77 
 1.27146 -0.10504 -1.28912 N   77 
 1.00561  0.29282 -1.01198 B   78 
 0.73515  0.18723 -1.06089 I   78 
 0.86774  0.57841 -1.01175 B   79 
 0.89059  0.61539 -1.21618 P   79 
 0.71822  0.71784 -0.74708 B   80 
 0.94962  0.70151 -0.53270 X   80 
 0.49646  0.86742 -0.91838 B   81 
 0.63190  0.99219 -1.07184 S   81 
 0.34304  0.60871 -1.00785 B   82 
 0.47760  0.50673 -1.13359 A   82 
 0.22331  0.58513 -0.70302 B   83 
 0.44936  0.37683 -0.59060 L   83 
 0.00989  0.84681 -0.77645 B   84 
 0.23408  1.00874 -0.59821 L   84 
-0.18007  0.73442 -0.95081 B   85 
-0.14818  0.67045 -1.19990 S   85 
-0.50590  0.64000 -1.03303 B   86 
-0.59396  0.80171 -1.18617 S   86 
-0.34486  0.39375 -1.11835 B   87 
-0.34517  0.22911 -1.35991 D   87 
-0.27717  0.11356 -0.90173 B   88 
-0.48641  0.09977 -0.73525 I   88 
-0.09345 -0.09305 -1.04193 B   89 
-0.18894 -0.13523 -1.28600 T   89 
 0.18537 -0.01329 -0.92946 B   90 
 0.24610  0.16332 -1.04066 A   90 
 0.12295 -0.04447 -0.62566 B   91 
 0.04353  0.21078 -0.56353 S   91 
 0.03567 -0.33785 -0.63471 B   92 
-0.21689 -0.36644 -0.69891 V   92 
 0.28731 -0.46795 -0.75268 B   93 
 0.19201 -0.47963 -1.07512 N   93 
 0.46389 -0.35859 -0.52385 B   94 
 0.62290 -0.12225 -0.51682 X   94 
 0.31038 -0.47410 -0.28190 B   95 
 0.13321 -0.35365 -0.26078 A   95 
 0.35101 -0.77117 -0.35616 B   96 
 0.01773 -0.84598 -0.67275 K   96 
 0.65721 -0.75304 -0.30111 B   97 
 0.84140 -0.65696 -0.62541 K   97 
 0.65190 -0.65620 -0.00802 B   98 
 0.62484 -0.34738 -0.01723 I   98 
 0.47909 -0.89308  0.12231 B   99 
 0.24927 -0.89636  0.09094 V   99 
 0.70892 -1.10756  0.00740 B   100 
 0.55613 -1.14871 -0.20186 S   100 
 0.97391 -1.02271  0.18543 B   101 
 1.12395 -0.78909  0.16777 D   101 
 0.88203 -1.15998  0.50972 B   102 
 0.68930 -0.95140  0.70102 B   103 
 0.97696 -0.85408  0.81525 N   103 
 0.47065 -0.88737  0.54251 B   104 
 0.24295 -0.64188  0.65611 B   105 
-0.10810 -0.66664  0.48307 M   105 
 0.45805 -0.51773  0.86038 B   106 
 0.41382 -0.77253  1.06650 N   106 
 0.56484 -0.30617  0.65416 B   107 
 0.62999 -0.42493  0.49482 A   107 
 0.29922 -0.16921  0.75980 B   108 
 0.23459 -0.23301  0.30156 W   108 
 0.26721  0.02806  1.02469 B   109 
 0.48013  0.16238  1.07136 V   109 
-0.04104  0.08135  1.01416 B   110 
-0.06606  0.25000  0.88409 A   110 
-0.12542 -0.21116  1.00667 B   111 
-0.13928 -0.57367  0.86524 W   111 
 0.01069 -0.30996  1.26716 B   112 
 0.41765 -0.28042  1.37592 R   112 
-0.11303 -0.06796  1.46011 B   113 
 0.18517  0.04567  1.51894 N   113 
-0.43725 -0.07980  1.31376 B   114 
-0.42602  0.42119  1.27825 R   114 
-0.50151 -0.38579  1.18210 B   115 
-0.50203 -0.19660  0.92560 X   115 
-0.37548 -0.58993  1.33932 B   116 
 0.01700 -0.79976  1.33588 K   116 
-0.60841 -0.80127  1.50465 B   117 
-0.84816 -0.70539  1.35526 B   118 
-0.80255 -0.45007  1.36625 T   118 
-1.15796 -0.64387  1.19071 B   119 
-1.41145 -0.77616  1.21162 D   119 
-1.09508 -0.62733  0.85573 B   120 
-0.85377 -0.69120  0.86818 V   120 
-1.37226 -0.69785  0.72815 B   121 
-1.41139 -1.09888  0.83392 Q   121 
-1.50061 -0.41511  0.77911 B   122 
-1.50402 -0.39695  0.98553 A   122 
-1.36111 -0.28767  0.51258 B   123 
-1.10755 -0.04871  0.76184 W   123 
-1.58592 -0.46429  0.31778 B   124 
-1.39940 -0.64047  0.23752 I   124 
-1.84184 -0.37575  0.39462 B   125 
-1.81158 -0.63063  0.84462 R   125 
-2.09549 -0.33789  0.15000 B   126 
-1.93582 -0.47214 -0.06863 B   127 
-1.69837 -0.26196 -0.00678 X   127 
-1.93031 -0.56277 -0.42183 B   128 
-2.20948 -0.83271 -0.53873 R   128 
-1.77694 -0.90568 -0.45230 B   129 
-1.59609 -0.75718 -0.33947 L   129 
