246 
 0.08607  0.79162  1.07370 B   1 
-0.26257  0.67655  1.27727 K   1 
 0.15952  0.52706  1.30389 B   2 
 0.41860  0.53331  1.30537 V   2 
 0.08083  0.21607  1.28731 B   3 
-0.27676  0.31475  1.06300 F   3 
-0.03123 -0.05661  1.40175 B   4 
-0.07065 -0.36415  1.32034 B   5 
 0.11146 -0.74909  1.41119 R   5 
-0.36289 -0.42688  1.43233 B   6 
-0.29479 -0.66238  1.62797 X   6 
-0.46928 -0.15033  1.33847 B   7 
-0.38990  0.20051  1.49019 E   7 
-0.42836 -0.18417  1.03366 B   8 
-0.19575 -0.08347  0.86085 L   8 
-0.58112 -0.44564  0.99194 B   9 
-0.45919 -0.60264  1.07936 A   9 
-0.85272 -0.33327  1.07616 B   10 
-0.84487 -0.31252  1.29372 A   10 
-0.87103 -0.11004  0.86174 B   11 
-0.75651  0.05707  0.93864 A   11 
-0.82659 -0.28931  0.61305 B   12 
-0.40157 -0.28892  0.55013 M   12 
-1.07297 -0.45959  0.66553 B   13 
-1.14110 -0.80861  0.91402 K   13 
-1.29614 -0.25162  0.67145 B   14 
-1.30164  0.15504  0.87438 R   14 
-1.19889 -0.16529  0.36833 B   15 
-1.08698  0.18170  0.50497 H   15 
-1.17714 -0.47070  0.22092 B   16 
-0.87922 -0.62545  0.18925 B   17 
-0.70120 -0.35785  0.14516 L   17 
-0.96602 -0.89070  0.27092 B   18 
-0.93555 -1.07096  0.51774 D   18 
-0.92990 -1.08671 -0.00482 B   19 
-1.00560 -1.29733  0.22656 N   19 
-0.84457 -0.90017 -0.20923 B   20 
-1.00580 -0.52624 -0.38068 Y   20 
-0.79634 -1.05349 -0.49365 B   21 
-0.98140 -0.76832 -0.82529 R   21 
-0.68804 -1.30153 -0.28712 B   22 
-0.56152 -1.12415 -0.04725 B   23 
-0.26260 -1.07677 -0.40740 Y   23 
-0.47555 -1.15946  0.24178 B   24 
-0.41053 -1.36714  0.32863 S   24 
-0.43272 -0.95275  0.50037 B   25 
-0.63951 -0.83032  0.70238 L   25 
-0.12901 -1.02610  0.55663 B   26 
-0.01858 -0.90762  0.29312 B   27 
-0.05846 -1.18625  0.10690 N   27 
-0.08938 -0.61191  0.34239 B   28 
-0.39500 -0.59405  0.01789 W   28 
 0.06288 -0.58096  0.60803 B   29 
-0.08326 -0.63879  0.81511 V   29 
 0.33562 -0.66897  0.50148 B   30 
 0.45499 -0.91604  0.46041 X   30 
 0.36696 -0.44748  0.29121 B   31 
 0.23835 -0.50467  0.12376 A   31 
 0.34150 -0.19975  0.47480 B   32 
 0.13236 -0.17695  0.52014 A   32 
 0.58407 -0.26942  0.64894 B   33 
 0.71462 -0.39781  0.93683 K   33 
 0.80682 -0.27260  0.39633 B   34 
 0.89680 -0.64785  0.53814 F   34 
 0.72630  0.00941  0.26810 B   35 
 0.62071 -0.12585 -0.03921 E   35 
 0.65616  0.20405  0.55758 B   36 
 0.44806  0.24977  0.49647 S   36 
 0.62526  0.09993  0.85032 B   37 
 0.86610  0.05230  0.99865 N   37 
 0.32664  0.21962  0.90043 B   38 
 0.30461 -0.17714  1.01392 F   38 
 0.37550  0.50636  0.74279 B   39 
 0.54939  0.71159  0.87699 N   39 
 0.18130  0.75370  0.59673 B   40 
-0.02220  0.75727  0.74065 T   40 
 0.43899  0.96945  0.55166 B   41 
 0.35063  1.23681  0.83466 Q   41 
 0.58671  0.80810  0.35198 B   42 
 0.65826  0.63116  0.44292 A   42 
 0.86929  0.90104  0.14019 B   43 
 0.76508  1.12218  0.12876 T   43 
 1.00736  0.81165 -0.19638 B   44 
 1.08642  0.60283  0.05680 N   44 
 1.25118  0.85087 -0.41076 B   45 
 1.23288  1.30690 -0.63157 R   45 
 1.29436  0.79454 -0.74980 B   46 
 1.03494  0.58319 -0.67657 N   46 
 1.49822  0.75611 -1.01568 B   47 
 1.67654  0.57019 -0.99574 T   47 
 1.25306  0.86017 -1.21774 B   48 
 1.05685  0.68370 -1.19129 D   48 
 1.12932  1.10771 -1.01565 B   49 
 0.94476  0.98433 -0.85797 B   50 
 0.82411  0.79591 -0.95969 S   50 
 0.70193  0.90015 -0.58302 B   51 
 0.82816  1.10786 -0.46039 T   51 
 0.64309  0.74818 -0.28187 B   52 
 0.72324  0.44913 -0.43043 D   52 
 0.32582  0.69814 -0.09881 B   53 
 0.42058  1.12892 -0.28904 Y   53 
 0.27364  0.59369  0.20167 B   54 
 0.18428  0.28154  0.33956 B   55 
 0.00448  0.25721  0.54206 I   55 
 0.20316  0.17226  0.00561 B   56 
-0.03331 -0.03113  0.08327 L   56 
 0.38307  0.31995 -0.18992 B   57 
 0.65264  0.40549  0.00877 Q   57 
 0.24859  0.51402 -0.39352 B   58 
-0.04645  0.42060 -0.37633 I   58 
 0.30076  0.61076 -0.71947 B   59 
 0.54963  0.55133 -0.88483 N   59 
 0.33687  0.91666 -0.91964 B   60 
 0.49588  1.04289 -0.81327 S   60 
 0.33769  0.80059 -1.22406 B   61 
 0.72996  0.81968 -1.39834 R   61 
 0.02897  0.65482 -1.18772 B   62 
 0.27367  0.37837 -1.45521 W   62 
-0.16505  0.73356 -0.91514 B   63 
-0.12395  0.30167 -0.97672 W   63 
-0.04852  1.02668 -0.83504 B   64 
 0.00956  0.97954 -0.58590 X   64 
-0.02793  1.37993 -0.76241 B   65 
-0.05982  1.58471 -0.97517 N   65 
 0.28013  1.60539 -0.70911 B   66 
 0.46411  1.40858 -0.71834 D   66 
 0.38340  1.81695 -0.94345 B   67 
 0.69056  1.63767 -1.01476 B   68 
 0.90955  1.58970 -0.59728 R   68 
 0.58538  1.41376 -1.25060 B   69 
 0.60901  1.23199 -1.07273 T   69 
 0.65607  1.34810 -1.54418 B   70 
 0.84115  1.45297 -1.52143 P   70 
 0.42331  1.16132 -1.70617 B   71 
 0.18172  1.14074 -1.53114 B   72 
 0.22811  1.25199 -1.32635 S   72 
-0.15450  0.98760 -1.43510 B   73 
-0.19282  0.80898 -1.74218 R   73 
-0.35570  0.96508 -1.18977 B   74 
-0.40740  1.18118 -1.02070 N   74 
-0.55470  0.70107 -1.14862 B   75 
-0.39981  0.52663 -1.37300 L   75 
-0.67087  0.78244 -0.84780 B   76 
-0.52192  0.53804 -0.72705 X   76 
-0.73796  1.07465 -0.83980 B   77 
-0.92042  1.20473 -0.99544 N   77 
-0.48645  1.20763 -0.65277 B   78 
-0.62008  1.06188 -0.43462 I   78 
-0.32236  1.35214 -0.42306 B   79 
-0.45434  1.51215 -0.39741 P   79 
-0.04724  1.22860 -0.27851 B   80 
 0.13329  1.17350 -0.53178 X   80 
-0.10995  1.35284  0.00701 B   81 
-0.13520  1.58495 -0.04729 S   81 
-0.35800  1.17092  0.06901 B   82 
-0.50414  1.22911 -0.07090 A   82 
-0.15083  0.92149  0.12078 B   83 
-0.16989  0.79458 -0.18031 L   83 
-0.06685  1.06605  0.42322 B   84 
 0.19677  1.15350  0.24683 L   84 
-0.29267  1.02346  0.58542 B   85 
-0.52139  1.14472  0.57359 S   85 
-0.45108  0.88484  0.86387 B   86 
-0.47748  1.05718  1.02807 S   86 
-0.65358  0.82866  0.64095 B   87 
-0.94314  0.86354  0.62110 D   87 
-0.65473  0.52774  0.44233 B   88 
-0.55797  0.33613  0.60236 I   88 
-0.87221  0.54133  0.22184 B   89 
-1.09740  0.62605  0.33403 T   89 
-0.70483  0.63332 -0.02366 B   90 
-0.67320  0.84676  0.00248 A   90 
-0.49692  0.40109 -0.02707 B   91 
-0.29770  0.50882  0.12792 S   91 
-0.69743  0.17092 -0.05143 B   92 
-0.79262  0.09455  0.18058 V   92 
-0.84234  0.24951 -0.31026 B   93 
-1.10882  0.40358 -0.17449 N   93 
-0.57789  0.25141 -0.47015 B   94 
-0.40682  0.47075 -0.53193 X   94 
-0.48056 -0.03564 -0.41033 B   95 
-0.40822 -0.03294 -0.20759 A   95 
-0.71962 -0.17954 -0.54284 B   96 
-1.04732 -0.16324 -0.21231 K   96 
-0.63216 -0.08434 -0.82639 B   97 
-0.80180  0.25165 -0.90801 K   97 
-0.34597 -0.19985 -0.83427 B   98 
-0.16244  0.00867 -0.69637 I   98 
-0.41295 -0.50935 -0.78238 B   99 
-0.46445 -0.57980 -0.56744 V   99 
-0.61080 -0.49920 -1.05216 B   100 
-0.81478 -0.45700 -0.89266 S   100 
-0.39118 -0.44930 -1.29381 B   101 
-0.24184 -0.22007 -1.34430 D   101 
-0.23722 -0.77857 -1.31183 B   102 
 0.01992 -0.82568 -1.09068 B   103 
 0.20065 -0.71929 -1.33824 N   103 
-0.08621 -0.76718 -0.84098 B   104 
 0.13031 -0.75431 -0.56175 B   105 
-0.05725 -0.79856 -0.22019 M   105 
 0.38931 -0.71242 -0.74766 B   106 
 0.38368 -1.03197 -0.83264 N   106 
 0.37464 -0.39884 -0.73572 B   107 
 0.18444 -0.35797 -0.81249 A   107 
 0.51280 -0.47043 -0.45957 B   108 
 0.11227 -0.25710 -0.34866 W   108 
 0.83726 -0.50944 -0.40206 B   109 
 0.98086 -0.36438 -0.55663 V   109 
 0.82868 -0.58351 -0.09807 B   110 
 0.83135 -0.39659  0.00700 A   110 
 0.63025 -0.81294 -0.12503 B   111 
 0.29237 -0.98141 -0.22021 W   111 
 0.78416 -0.98960 -0.32810 B   112 
 0.93128 -0.88122 -0.70880 R   112 
 1.07111 -0.98838 -0.15851 B   113 
 1.22049 -0.83263 -0.40085 N   113 
 0.91519 -1.02992  0.15873 B   114 
 1.20313 -0.65798  0.33516 R   114 
 0.61475 -1.18458  0.12864 B   115 
 0.53547 -0.89636  0.23923 X   115 
 0.62187 -1.37426 -0.08641 B   116 
 0.53078 -1.36758 -0.52200 K   116 
 0.59129 -1.71054  0.02421 B   117 
 0.50985 -1.64370  0.30329 B   118 
 0.68341 -1.45686  0.35185 T   118 
 0.38746 -1.61792  0.63675 B   119 
 0.29280 -1.81859  0.81831 D   119 
 0.14638 -1.37644  0.63954 B   120 
 0.14245 -1.33633  0.39288 V   120 
-0.02668 -1.45213  0.88933 B   121 
-0.20083 -1.80892  0.76318 Q   121 
 0.17579 -1.33718  1.10101 B   122 
 0.34600 -1.45296  1.07709 A   122 
 0.06545 -1.03210  1.06235 B   123 
 0.43537 -0.92401  0.87528 W   123 
-0.22023 -1.11973  1.23669 B   124 
-0.37209 -1.12095  1.01487 I   124 
-0.13357 -1.20331  1.49114 B   125 
 0.05702 -1.64463  1.29802 R   125 
-0.32637 -1.12321  1.77753 B   126 
-0.56162 -1.02057  1.61803 B   127 
-0.35606 -0.82316  1.46586 X   127 
-0.89024 -0.86370  1.63775 B   128 
-1.18032 -1.08437  1.81560 R   128 
-1.11189 -1.02326  1.37803 B   129 
-0.91189 -0.92135  1.24725 L   129 
