246 
 0.52711  0.33375  1.18223 B   1 
 0.53086 -0.04214  1.36912 K   1 
 0.84124  0.17108  1.12535 B   2 
 0.98223  0.36725  1.03150 V   2 
 0.90817 -0.08081  0.93760 B   3 
 0.50754 -0.23563  0.99625 F   3 
 1.03826 -0.36150  0.87203 B   4 
 1.07763 -0.56803  0.63004 B   5 
 1.39614 -0.69614  0.36221 R   5 
 1.02428 -0.84910  0.77160 B   6 
 1.29857 -0.98988  0.71400 X   6 
 0.78781 -0.73272  0.93637 B   7 
 0.80518 -0.48424  1.23697 E   7 
 0.59895 -0.65799  0.70297 B   8 
 0.55977 -0.38407  0.57053 L   8 
 0.58717 -0.92813  0.56039 B   9 
 0.78038 -0.95583  0.46521 A   9 
 0.45579 -1.07695  0.79294 B   10 
 0.61229 -1.10491  0.94311 A   10 
 0.19985 -0.90289  0.81132 B   11 
 0.25368 -0.72853  0.92817 A   11 
 0.11152 -0.92977  0.51563 B   12 
 0.29853 -0.60012  0.31325 M   12 
 0.08184 -1.23204  0.52990 B   13 
 0.36491 -1.55736  0.48255 K   13 
-0.11827 -1.26742  0.75749 B   14 
-0.13177 -1.05770  1.16051 R   14 
-0.32221 -1.07507  0.58372 B   15 
-0.29657 -0.80159  0.85966 H   15 
-0.29872 -1.22056  0.27752 B   16 
-0.09746 -1.09038  0.04034 B   17 
-0.13746 -0.77906  0.12239 L   17 
 0.01942 -1.34050 -0.05092 B   18 
 0.28902 -1.48531 -0.02457 D   18 
-0.08681 -1.37834 -0.37191 B   19 
 0.12501 -1.61793 -0.33513 N   19 
-0.26400 -1.15266 -0.41115 B   20 
-0.62612 -0.99863 -0.21026 Y   20 
-0.38679 -1.15259 -0.71389 B   21 
-0.84513 -1.03791 -0.66563 R   21 
-0.07745 -1.27378 -0.78824 B   22 
 0.09906 -1.11915 -0.56474 B   23 
-0.02080 -0.78931 -0.87802 Y   23 
 0.37321 -1.14000 -0.43598 B   24 
 0.55468 -1.24197 -0.54355 S   24 
 0.50598 -1.03302 -0.14899 B   25 
 0.49306 -1.15272  0.14095 L   25 
 0.74319 -0.86594 -0.27783 B   26 
 0.56302 -0.65197 -0.40986 B   27 
 0.51351 -0.81792 -0.69954 N   27 
 0.44406 -0.52789 -0.15424 B   28 
 0.02993 -0.67368 -0.23345 W   28 
 0.71132 -0.45246 -0.02163 B   29 
 0.80641 -0.64236  0.12829 V   29 
 0.81729 -0.28254 -0.25270 B   30 
 0.94984 -0.34148 -0.48920 X   30 
 0.59236 -0.07359 -0.25177 B   31 
 0.42079 -0.16926 -0.34800 A   31 
 0.61619  0.02481  0.04058 B   32 
 0.52572 -0.12595  0.16470 A   32 
 0.90524  0.12336  0.01306 B   33 
 1.23968  0.07693  0.06204 K   33 
 0.84270  0.34137 -0.23594 B   34 
 1.14433  0.13994 -0.42948 F   34 
 0.59297  0.48783 -0.09943 B   35 
 0.36168  0.38999 -0.34604 E   35 
 0.69118  0.49655  0.24245 B   36 
 0.51381  0.38406  0.31325 S   36 
 0.93094  0.34448  0.37238 B   37 
 1.19134  0.46127  0.34366 N   37 
 0.75669  0.18757  0.59828 B   38 
 0.98437 -0.10460  0.41504 F   38 
 0.55451  0.43952  0.66968 B   39 
 0.66820  0.66979  0.82596 N   39 
 0.24281  0.48341  0.81509 B   40 
 0.23567  0.30339  0.98738 T   40 
 0.26627  0.82129  0.83155 B   41 
 0.32109  0.86392  1.22468 Q   41 
 0.26377  0.87193  0.53973 B   42 
 0.43974  0.79340  0.45276 A   42 
 0.22636  1.18649  0.35807 B   43 
 0.07365  1.25159  0.53789 T   43 
 0.08933  1.30508  0.03021 B   44 
 0.40156  1.17692  0.02304 N   44 
 0.04986  1.55736 -0.17411 B   45 
-0.30240  1.88027 -0.00472 R   45 
-0.15412  1.62690 -0.44528 B   46 
-0.15952  1.28445 -0.44009 N   46 
-0.22295  1.81142 -0.71905 B   47 
-0.03711  1.82186 -0.89825 T   47 
-0.54753  1.73875 -0.68549 B   48 
-0.56640  1.47546 -0.71118 D   48 
-0.56399  1.76000 -0.34387 B   49 
-0.50063  1.51068 -0.25458 B   50 
-0.56773  1.32361 -0.39918 S   50 
-0.39827  1.21758 -0.04181 B   51 
-0.32028  1.41651  0.12690 T   51 
-0.14884  1.01262  0.07230 B   52 
-0.09661  0.91480 -0.25270 D   52 
-0.16856  0.70567  0.27739 B   53 
-0.42623  1.09000  0.40636 Y   53 
 0.06534  0.53590  0.42019 B   54 
 0.24072  0.24202  0.33467 B   55 
 0.30075  0.04930  0.51684 I   55 
 0.04797  0.25887  0.04076 B   56 
 0.05532 -0.06244  0.04532 L   56 
-0.05541  0.52831 -0.05479 B   57 
 0.20548  0.73994  0.02649 Q   57 
-0.35574  0.59523 -0.00454 B   58 
-0.46842  0.31309  0.05692 I   58 
-0.60538  0.76561 -0.16878 B   59 
-0.56713  0.94857 -0.40935 N   59 
-0.85346  1.02940 -0.10698 B   60 
-0.73737  1.20457 -0.01549 S   60 
-1.03170  1.02216 -0.37961 B   61 
-0.95213  1.36335 -0.62834 R   61 
-1.11718  0.69257 -0.33553 B   62 
-1.07108  0.75701 -0.78450 W   62 
-1.05387  0.53946 -0.03438 B   63 
-0.90670  0.30971 -0.37726 W   63 
-1.04616  0.79444  0.16771 B   64 
-0.81207  0.75399  0.27369 X   64 
-1.12033  1.01784  0.44171 B   65 
-1.37526  1.16976  0.45405 N   65 
-1.00052  1.37808  0.50840 B   66 
-0.82877  1.39212  0.30109 D   66 
-1.19975  1.63938  0.45981 B   67 
-1.01298  1.76946  0.17737 B   68 
-0.56609  1.81173  0.32916 R   68 
-1.15648  1.60035 -0.08269 B   69 
-0.94086  1.46440 -0.09889 T   69 
-1.30817  1.67463 -0.34148 B   70 
-1.23098  1.87368 -0.32773 P   70 
-1.48195  1.41829 -0.48076 B   71 
-1.47759  1.18797 -0.29009 B   72 
-1.34495  1.24873 -0.10252 S   72 
-1.53128  0.82040 -0.20218 B   73 
-1.70836  0.74503 -0.50324 R   73 
-1.45215  0.60369  0.01679 B   74 
-1.44099  0.66568  0.28880 N   74 
-1.42726  0.27970 -0.05674 B   75 
-1.43888  0.33271 -0.37583 L   75 
-1.30139  0.18002  0.23453 B   76 
-1.03438  0.10983  0.09214 X   76 
-1.44736  0.31353  0.45995 B   77 
-1.71353  0.29392  0.51662 N   77 
-1.22365  0.54431  0.57228 B   78 
-1.07894  0.30562  0.66594 I   78 
-1.02107  0.70822  0.75301 B   79 
-1.13764  0.70598  0.92646 P   79 
-0.71474  0.80323  0.65820 B   80 
-0.78054  0.95712  0.39032 X   80 
-0.58765  0.77372  0.94780 B   81 
-0.73289  0.91371  1.07731 S   81 
-0.60666  0.46078  0.96105 B   82 
-0.81297  0.41924  0.96603 A   82 
-0.35651  0.44557  0.74891 B   83 
-0.53895  0.41597  0.47878 L   83 
-0.14435  0.53429  1.00685 B   84 
-0.16392  0.82364  0.85145 L   84 
-0.13211  0.30451  1.16862 B   85 
-0.31422  0.21391  1.32919 S   85 
 0.04063  0.03891  1.31512 B   86 
 0.07932  0.09303  1.54518 S   86 
-0.21283 -0.09905  1.21225 B   87 
-0.40029 -0.28785  1.33338 D   87 
-0.24143 -0.24768  0.88499 B   88 
 0.00509 -0.33167  0.82287 I   88 
-0.52878 -0.35311  0.83589 B   89 
-0.60316 -0.49099  1.05020 T   89 
-0.65396 -0.11749  0.67600 B   90 
-0.70131  0.03558  0.82287 A   90 
-0.45084 -0.10936  0.43968 B   91 
-0.26954  0.07348  0.53464 S   91 
-0.48838 -0.39890  0.34732 B   92 
-0.33963 -0.56807  0.48140 V   92 
-0.78969 -0.40096  0.28925 B   93 
-0.89668 -0.53069  0.58064 N   93 
-0.76298 -0.16874  0.08710 B   94 
-0.80084  0.11064  0.12832 X   94 
-0.55245 -0.29116 -0.10301 B   95 
-0.36433 -0.27943  0.00102 A   95 
-0.72483 -0.53137 -0.19243 B   96 
-0.66769 -0.83587  0.15529 K   96 
-0.92323 -0.34489 -0.34403 B   97 
-1.20882 -0.24052 -0.10766 K   97 
-0.72633 -0.20370 -0.53535 B   98 
-0.60592  0.03503 -0.37820 I   98 
-0.60309 -0.46071 -0.68273 B   99 
-0.44524 -0.58998 -0.57233 V   99 
-0.91463 -0.54309 -0.77319 B   100 
-0.92575 -0.70236 -0.56501 S   100 
-0.99169 -0.29615 -0.97860 B   101 
-1.03707 -0.02908 -0.91526 D   101 
-0.79080 -0.38643 -1.26833 B   102 
-0.46798 -0.27290 -1.25628 B   103 
-0.59301 -0.01780 -1.41300 N   103 
-0.36528 -0.36858 -1.01684 B   104 
-0.04557 -0.25978 -0.91212 B   105 
 0.12053 -0.50087 -0.65119 M   105 
-0.05676 -0.00067 -1.10221 B   106 
 0.00326 -0.18893 -1.36739 N   106 
-0.17944  0.18449 -0.88004 B   107 
-0.35661  0.08560 -0.82934 A   107 
 0.12818  0.18223 -0.80364 B   108 
-0.09410 -0.00420 -0.43748 W   108 
 0.36420  0.38622 -0.91672 B   109 
 0.27209  0.61817 -0.97393 V   109 
 0.61269  0.26734 -0.76809 B   110 
 0.61803  0.36506 -0.57728 A   110 
 0.57408 -0.01963 -0.86242 B   111 
 0.38457 -0.35689 -0.90657 W   111 
 0.57850  0.02665 -1.16898 B   112 
 0.33609  0.28677 -1.39680 R   112 
 0.86068  0.20407 -1.16915 B   113 
 0.70285  0.46602 -1.27765 N   113 
 1.02517 -0.00655 -0.93407 B   114 
 1.16704  0.40495 -0.68326 R   114 
 0.89878 -0.32130 -0.94163 B   115 
 0.82330 -0.22149 -0.64849 X   115 
 0.81884 -0.38975 -1.20846 B   116 
 0.44512 -0.35923 -1.44820 K   116 
 1.01591 -0.64936 -1.34998 B   117 
 1.15054 -0.72775 -1.09558 B   118 
 1.20817 -0.49090 -1.00630 T   118 
 1.31893 -0.87430 -0.81808 B   119 
 1.47971 -1.11094 -0.79933 D   119 
 1.09348 -0.90109 -0.56333 B   120 
 0.89374 -0.82539 -0.69309 V   120 
 1.21229 -1.13153 -0.38766 B   121 
 1.16404 -1.45974 -0.63965 Q   121 
 1.43431 -0.95394 -0.25283 B   122 
 1.55577 -0.89563 -0.41031 A   122 
 1.22513 -0.83434 -0.03220 B   123 
 1.24796 -0.45062 -0.22129 W   123 
 1.23114 -1.13974  0.13020 B   124 
 0.98469 -1.20552  0.04532 I   124 
 1.49919 -1.18320  0.20439 B   125 
 1.63526 -1.27944 -0.28612 R   125 
 1.57281 -1.33752  0.51483 B   126 
 1.28560 -1.41291  0.57091 B   127 
 1.20870 -1.10227  0.52645 X   127 
 1.05783 -1.56199  0.81357 B   128 
 1.11638 -1.95570  0.89127 R   128 
 0.80743 -1.77174  0.62558 B   129 
 0.78082 -1.53035  0.53332 L   129 
