246 
-0.84191  1.00536  0.25953 B   1 
-1.20894  0.80901  0.20505 K   1 
-0.95759  0.87182  0.57124 B   2 
-0.79863  0.99058  0.73795 V   2 
-0.97139  0.56591  0.66823 B   3 
-1.02465  0.43459  0.25855 F   3 
-1.11099  0.31347  0.79783 B   4 
-1.05003  0.01027  0.88218 B   5 
-0.98094 -0.21663  1.24734 R   5 
-1.31423 -0.14106  0.78638 B   6 
-1.40828 -0.26123  1.06040 X   6 
-1.32636  0.02495  0.52388 B   7 
-1.42058  0.40161  0.48325 E   7 
-1.06036 -0.06798  0.39606 B   8 
-0.78827  0.07366  0.39945 L   8 
-1.10392 -0.37039  0.40546 B   9 
-1.08558 -0.42865  0.61385 A   9 
-1.34602 -0.36975  0.21871 B   10 
-1.51267 -0.29018  0.33585 A   10 
-1.20556 -0.24345 -0.02718 B   11 
-1.20653 -0.02933  0.00613 A   11 
-0.97096 -0.44472 -0.04736 B   12 
-0.65842 -0.27588  0.19432 M   12 
-1.15262 -0.68439 -0.09222 B   13 
-1.36437 -0.94732  0.18024 K   13 
-1.31026 -0.60148 -0.33995 B   14 
-1.50107 -0.20015 -0.43542 R   14 
-1.01918 -0.56615 -0.49099 B   15 
-1.08118 -0.18265 -0.51693 H   15 
-0.86887 -0.85853 -0.40498 B   16 
-0.64854 -0.87003 -0.14997 B   17 
-0.52269 -0.57432 -0.19432 L   17 
-0.74739 -1.11384 -0.02612 B   18 
-0.90868 -1.18926  0.22417 D   18 
-0.49562 -1.34038 -0.05847 B   19 
-0.70848 -1.49231  0.12923 N   19 
-0.29616 -1.19770 -0.21251 B   20 
-0.28853 -0.99277 -0.60386 Y   20 
-0.03312 -1.38462 -0.26349 B   21 
 0.09124 -1.30925 -0.71561 R   21 
-0.10987 -1.49510  0.04925 B   22 
-0.23151 -1.22325  0.17697 B   23 
 0.23188 -1.14871  0.14513 Y   23 
-0.40165 -1.13862  0.41375 B   24 
-0.41454 -1.26539  0.61038 S   24 
-0.59185 -0.87306  0.48253 B   25 
-0.88656 -0.80393  0.39931 L   25 
-0.44242 -0.78852  0.74957 B   26 
-0.17640 -0.70921  0.61314 B   27 
-0.03584 -1.01587  0.62351 N   27 
-0.27971 -0.47286  0.44477 B   28 
-0.21674 -0.67779  0.05353 W   28 
-0.39518 -0.30866  0.67803 B   29 
-0.64350 -0.36658  0.72864 V   29 
-0.13664 -0.29387  0.84061 B   30 
-0.01308 -0.46506  1.02062 X   30 
 0.03146 -0.14630  0.63032 B   31 
 0.08669 -0.29640  0.48110 A   31 
-0.14534  0.10462  0.59151 B   32 
-0.31200  0.04514  0.46903 A   32 
-0.12620  0.19724  0.88319 B   33 
-0.26123  0.22105  1.19561 K   33 
 0.20951  0.22395  0.88786 B   34 
 0.18099 -0.02115  1.21669 F   34 
 0.23988  0.39671  0.62012 B   35 
 0.42422  0.15210  0.44672 E   35 
-0.04362  0.61092  0.63871 B   36 
-0.12805  0.54305  0.44533 S   36 
-0.28421  0.58646  0.83622 B   37 
-0.24753  0.69035  1.10105 N   37 
-0.51691  0.57247  0.60892 B   38 
-0.59119  0.25245  0.85962 F   38 
-0.38371  0.79784  0.40663 B   39 
-0.39536  1.08596  0.49162 N   39 
-0.40739  0.88647  0.07225 B   40 
-0.64625  0.83936  0.01873 T   40 
-0.22774  1.17212  0.10561 B   41 
-0.52262  1.43910  0.07180 Q   41 
 0.03130  1.04441  0.17135 B   42 
 0.01708  0.94801  0.35895 A   42 
 0.36538  1.19074  0.18932 B   43 
 0.29409  1.33219  0.00276 T   43 
 0.72035  1.08395  0.13515 B   44 
 0.58623  1.00691  0.43521 N   44 
 1.03624  1.16652  0.15361 B   45 
 1.16522  1.49110 -0.21390 R   45 
 1.33198  1.04609  0.01939 B   46 
 1.12893  0.77102 -0.00147 N   46 
 1.66886  1.03072  0.02214 B   47 
 1.77694  0.95413  0.24398 T   47 
 1.66750  0.95903 -0.30438 B   48 
 1.53772  0.72895 -0.32804 D   48 
 1.41534  1.17188 -0.39681 B   49 
 1.18645  1.02766 -0.36587 B   50 
 1.20451  0.78591 -0.40634 S   50 
 0.82701  0.92313 -0.32676 B   51 
 0.79469  1.18949 -0.28065 T   51 
 0.56591  0.84764 -0.11849 B   52 
 0.75286  0.58588  0.00175 D   52 
 0.22975  0.71535 -0.19703 B   53 
 0.40668  1.07574 -0.46076 Y   53 
-0.03006  0.68340 -0.00888 B   54 
-0.17113  0.41324  0.16874 B   55 
-0.43911  0.36820  0.17782 I   55 
 0.10933  0.23809  0.04838 B   56 
-0.08353 -0.01895  0.04095 L   56 
 0.36320  0.39102 -0.01924 B   57 
 0.36891  0.63532  0.22518 Q   57 
 0.42527  0.44450 -0.32005 B   58 
 0.23560  0.24017 -0.45551 I   58 
 0.70552  0.46300 -0.51864 B   59 
 0.99321  0.47616 -0.41927 N   59 
 0.86272  0.68787 -0.76292 B   60 
 0.86919  0.89417 -0.66326 S   60 
 1.10938  0.50692 -0.87499 B   61 
 1.48735  0.64770 -0.72689 R   61 
 0.89997  0.25679 -0.98205 B   62 
 1.28026  0.05435 -0.83289 W   62 
 0.56111  0.31287 -0.99504 B   63 
 0.66527 -0.05671 -0.78393 W   63 
 0.54997  0.63697 -1.02250 B   64 
 0.39456  0.68859 -0.82039 X   64 
 0.48096  0.96887 -1.14726 B   65 
 0.61301  1.07385 -1.39173 N   65 
 0.61426  1.31119 -1.03056 B   66 
 0.74942  1.21989 -0.81593 D   66 
 0.84645  1.47516 -1.20243 B   67 
 1.10523  1.43600 -0.95128 B   68 
 0.91803  1.60220 -0.54894 R   68 
 1.24023  1.13457 -1.03921 B   69 
 1.12872  1.03641 -0.83146 T   69 
 1.51816  1.03031 -1.12515 B   70 
 1.60765  1.20721 -1.04474 P   70 
 1.51374  0.72492 -1.27356 B   71 
 1.22868  0.64879 -1.32218 B   72 
 1.08948  0.81948 -1.23297 S   72 
 0.95608  0.39634 -1.40982 B   73 
 1.18500  0.14387 -1.51721 R   73 
 0.64123  0.35499 -1.39150 B   74 
 0.46175  0.56340 -1.43957 N   74 
 0.50442  0.05244 -1.36430 B   75 
 0.78814 -0.09000 -1.30118 L   75 
 0.19154  0.15231 -1.31193 B   76 
 0.20676  0.03968 -1.02282 X   76 
 0.12303  0.37620 -1.49935 B   77 
 0.12241  0.36665 -1.77202 N   77 
 0.12330  0.65026 -1.29733 B   78 
-0.11971  0.52525 -1.18776 I   78 
 0.03522  0.90754 -1.13416 B   79 
-0.07794  0.99431 -1.28695 P   79 
 0.10148  0.96015 -0.81060 B   80 
 0.41522  0.92367 -0.80752 X   80 
-0.16935  1.11606 -0.75369 B   81 
-0.15897  1.28988 -0.91843 S   81 
-0.35866  0.86821 -0.78839 B   82 
-0.34398  0.81696 -0.99204 A   82 
-0.25309  0.75818 -0.49759 B   83 
-0.02057  0.56014 -0.61527 L   83 
-0.44766  1.00005 -0.34576 B   84 
-0.15261  1.14287 -0.31743 L   84 
-0.71138  0.90845 -0.38014 B   85 
-0.85245  0.90969 -0.59751 S   85 
-1.01738  0.79492 -0.25639 B   86 
-1.17428  0.97546 -0.26851 S   86 
-0.96465  0.59859 -0.48558 B   87 
-1.13106  0.49694 -0.70338 D   87 
-0.78883  0.28634 -0.44563 B   88 
-0.84039  0.20684 -0.19522 I   88 
-0.75223  0.14407 -0.71861 B   89 
-0.98547  0.14870 -0.84530 T   89 
-0.46312  0.23029 -0.79431 B   90 
-0.47905  0.43445 -0.86717 A   90 
-0.31517  0.12056 -0.54283 B   91 
-0.32048  0.34154 -0.38017 S   91 
-0.40411 -0.17114 -0.57068 B   92 
-0.63904 -0.21607 -0.46340 V   92 
-0.29716 -0.23621 -0.85085 B   93 
-0.57934 -0.18369 -1.02637 N   93 
-0.00844 -0.16209 -0.76932 B   94 
 0.13034  0.08438 -0.80371 X   94 
 0.02543 -0.35020 -0.52659 B   95 
-0.08840 -0.26198 -0.36657 A   95 
-0.00897 -0.61359 -0.68425 B   96 
-0.47155 -0.65392 -0.72016 K   96 
 0.26014 -0.56967 -0.83515 B   97 
 0.19502 -0.37691 -1.16216 K   97 
 0.45182 -0.54619 -0.59429 B   98 
 0.44302 -0.25005 -0.50260 I   98 
 0.39165 -0.82736 -0.45185 B   99 
 0.19672 -0.85273 -0.32868 V   99 
 0.47919 -0.97724 -0.73804 B   100 
 0.22512 -0.98721 -0.80268 S   100 
 0.80064 -0.90336 -0.75614 B   101 
 0.91644 -0.65485 -0.80336 D   101 
 0.93344 -1.12390 -0.49889 B   102 
 0.92327 -0.99294 -0.18267 B   103 
 1.22125 -0.88908 -0.25813 N   103 
 0.65819 -0.92205 -0.14094 B   104 
 0.57320 -0.74171  0.15107 B   105 
 0.19314 -0.76997  0.24351 M   105 
 0.87606 -0.64259  0.19412 B   106 
 0.96161 -0.94233  0.30460 N   106 
 0.83545 -0.37642  0.03229 B   107 
 0.77469 -0.44484 -0.15577 A   107 
 0.71029 -0.30364  0.31426 B   108 
 0.36029 -0.26534  0.00723 W   108 
 0.86918 -0.18022  0.57814 B   109 
 1.06873 -0.03441  0.51122 V   109 
 0.63149 -0.16611  0.78131 B   110 
 0.53780  0.02379  0.74745 A   110 
 0.54583 -0.45697  0.75297 B   111 
 0.42275 -0.77457  0.56432 W   111 
 0.81244 -0.59603  0.82859 B   112 
 1.19351 -0.54080  0.65521 R   112 
 0.85763 -0.42438  1.11071 B   113 
 1.12860 -0.29039  0.99273 N   113 
 0.51598 -0.44303  1.20872 B   114 
 0.53020  0.04935  1.30738 R   114 
 0.36424 -0.71500  1.07416 B   115 
 0.20829 -0.47233  0.93858 X   115 
 0.55017 -0.93247  1.05385 B   116 
 0.83371 -1.08321  0.74569 K   116 
 0.46856 -1.20503  1.26670 B   117 
 0.19521 -1.10833  1.33685 B   118 
 0.25160 -0.85912  1.38272 T   118 
-0.14309 -1.05018  1.43174 B   119 
-0.32947 -1.21519  1.57398 D   119 
-0.31176 -0.94714  1.15358 B   120 
-0.12424 -0.98052  0.99175 V   120 
-0.60890 -1.02069  1.21973 B   121 
-0.59298 -1.43695  1.21594 Q   121 
-0.65702 -0.77690  1.41277 B   122 
-0.52464 -0.80853  1.56906 A   122 
-0.71677 -0.57332  1.16433 B   123 
-0.34895 -0.36927  1.24552 W   123 
-1.02387 -0.72645  1.12055 B   124 
-0.94452 -0.85320  0.89715 I   124 
-1.16314 -0.69226  1.36278 B   125 
-0.86285 -1.04000  1.60212 R   125 
-1.51214 -0.63078  1.35768 B   126 
-1.54053 -0.68796  1.06231 B   127 
-1.30816 -0.46951  1.01064 X   127 
-1.77069 -0.69124  0.77946 B   128 
-2.07386 -0.95965  0.80225 R   128 
-1.69376 -0.99460  0.56947 B   129 
-1.47481 -0.85488  0.57463 L   129 
