246 
-0.11737 -0.50800 -1.23088 B   1 
-0.03451 -0.91179 -1.15132 K   1 
-0.42152 -0.68537 -1.16446 B   2 
-0.59781 -0.51218 -1.24255 V   2 
-0.53202 -0.80140 -0.88606 B   3 
-0.12626 -0.85775 -0.74429 F   3 
-0.65887 -1.02278 -0.69922 B   4 
-0.76457 -1.06610 -0.39970 B   5 
-1.14611 -1.10192 -0.19295 R   5 
-0.64925 -1.35504 -0.32835 B   6 
-0.91758 -1.50458 -0.26501 X   6 
-0.37880 -1.29285 -0.46835 B   7 
-0.30924 -1.26199 -0.85125 E   7 
-0.28473 -1.05887 -0.28910 B   8 
-0.30961 -0.75761 -0.34135 L   8 
-0.30492 -1.19457 -0.01594 B   9 
-0.51678 -1.21293  0.02803 A   9 
-0.09384 -1.40780 -0.07480 B   10 
-0.18849 -1.55093 -0.21038 A   10 
 0.14196 -1.21481 -0.13218 B   11 
 0.11993 -1.15224 -0.33847 A   11 
 0.12692 -1.05324  0.13169 B   12 
-0.13749 -0.72548  0.04654 M   12 
 0.17842 -1.29570  0.30781 B   13 
-0.08322 -1.60078  0.47114 K   13 
 0.44533 -1.39830  0.20140 B   14 
 0.58083 -1.44662 -0.22976 R   14 
 0.56637 -1.09888  0.26836 B   15 
 0.61829 -1.03663 -0.11246 H   15 
 0.45012 -1.05437  0.58456 B   16 
 0.17300 -0.87091  0.64159 B   17 
 0.21886 -0.65638  0.40259 L   17 
 0.04799 -1.05054  0.83306 B   18 
-0.18737 -1.24787  0.83545 D   18 
 0.04193 -0.87950  1.12711 B   19 
-0.12974 -1.14407  1.19160 N   19 
 0.18112 -0.63335  1.06462 B   20 
 0.57943 -0.52946  0.90412 Y   20 
 0.19439 -0.43780  1.32599 B   21 
 0.63409 -0.25832  1.32882 R   21 
-0.11372 -0.57124  1.38224 B   22 
-0.21381 -0.61308  1.07688 B   23 
-0.22735 -0.14844  1.14919 Y   23 
-0.42664 -0.76810  0.92572 B   24 
-0.62703 -0.83625  1.02622 S   24 
-0.46127 -0.87183  0.61033 B   25 
-0.34394 -1.12246  0.46209 L   25 
-0.73794 -0.72679  0.55371 B   26 
-0.62651 -0.43871  0.57014 B   27 
-0.66734 -0.40144  0.90308 N   27 
-0.43630 -0.44907  0.32807 B   28 
-0.06490 -0.41970  0.57348 W   28 
-0.64736 -0.52737  0.11823 B   29 
-0.67433 -0.78477  0.09382 V   29 
-0.83537 -0.29173  0.16939 B   30 
-1.03596 -0.24301  0.35478 X   30 
-0.63677 -0.06900  0.09730 B   31 
-0.50208 -0.05051  0.26867 A   31 
-0.56671 -0.15544 -0.19139 B   32 
-0.43051 -0.32130 -0.17551 A   32 
-0.85366 -0.13337 -0.29720 B   33 
-1.14843 -0.28039 -0.38609 K   33 
-0.89242  0.19244 -0.22115 B   34 
-1.22849  0.06162 -0.02377 F   34 
-0.62091  0.29742 -0.35425 B   35 
-0.48069  0.41095 -0.05204 E   35 
-0.59846  0.09368 -0.64510 B   36 
-0.40096  0.00912 -0.59057 S   36 
-0.77042 -0.15849 -0.71085 B   37 
-1.03199 -0.11406 -0.81985 N   37 
-0.52081 -0.36392 -0.74968 B   38 
-0.77829 -0.55464 -0.48870 F   38 
-0.32248 -0.15081 -0.90686 B   39 
-0.39093 -0.07984 -1.19085 N   39 
 0.01662 -0.11742 -0.97106 B   40 
 0.09261 -0.35369 -0.99440 T   40 
-0.02090  0.13835 -1.19051 B   41 
 0.05749 -0.05537 -1.53066 Q   41 
-0.12008  0.33854 -0.99605 B   42 
-0.30982  0.27930 -0.92404 A   42 
-0.16576  0.69872 -1.03514 B   43 
 0.03427  0.69084 -1.17592 T   43 
-0.15494  1.00642 -0.82173 B   44 
-0.44268  0.83008 -0.81359 N   44 
-0.20244  1.32959 -0.80584 B   45 
 0.16549  1.58344 -1.04509 R   45 
-0.10656  1.58376 -0.59093 B   46 
-0.07844  1.30804 -0.38964 N   46 
-0.14568  1.89781 -0.47443 B   47 
-0.38132  1.95762 -0.38693 T   47 
 0.17506  1.90202 -0.38028 B   48 
 0.20052  1.70987 -0.19925 D   48 
 0.30438  1.73697 -0.65132 B   49 
 0.29047  1.47291 -0.58630 B   50 
 0.31640  1.41859 -0.34801 S   50 
 0.28428  1.09681 -0.59921 B   51 
 0.25552  1.14479 -0.86565 T   51 
 0.10119  0.80850 -0.62360 B   52 
-0.05136  0.89428 -0.32815 D   52 
 0.20795  0.45584 -0.59355 B   53 
 0.46958  0.75738 -0.86068 Y   53 
 0.04693  0.18392 -0.65726 B   54 
-0.12837 -0.04841 -0.45793 B   55 
-0.11136 -0.31692 -0.49716 I   55 
-0.04743  0.17316 -0.19683 B   56 
-0.03281 -0.08845 -0.01066 L   56 
 0.00071  0.46669 -0.25957 B   57 
-0.23014  0.52702 -0.50963 Q   57 
 0.29562  0.56756 -0.26713 B   58 
 0.43974  0.33615 -0.11964 I   58 
 0.46416  0.85555 -0.18360 B   59 
 0.33574  1.12365 -0.11693 N   59 
 0.70163  1.09479 -0.32963 B   60 
 0.61252  1.15635 -0.53162 S   60 
 0.77760  1.28186 -0.07393 B   61 
 0.59777  1.67084 -0.10501 R   61 
 0.89327  1.01516  0.10874 B   62 
 0.69460  1.29996  0.40416 W   62 
 0.94485  0.71271 -0.04620 B   63 
 0.70530  0.67899  0.31917 W   63 
 0.98987  0.80486 -0.35506 B   64 
 0.80821  0.65652 -0.46759 X   64 
 1.13802  0.85288 -0.68099 B   65 
 1.37221  1.03119 -0.72079 N   65 
 1.02554  1.07523 -0.97507 B   66 
 0.79344  1.15675 -0.86481 D   66 
 1.18006  1.36048 -1.04640 B   67 
 0.90129  1.57213 -0.95114 B   68 
 0.53002  1.41217 -1.19834 R   68 
 0.95894  1.61409 -0.61687 B   69 
 0.75939  1.46046 -0.57434 T   69 
 1.00958  1.85231 -0.42663 B   70 
 0.92932  1.98502 -0.57399 P   70 
 1.14182  1.76614 -0.12597 B   71 
 1.21634  1.47672 -0.13618 B   72 
 1.15119  1.39018 -0.34769 S   72 
 1.31928  1.14781  0.02797 B   73 
 1.38883  1.29553  0.34580 R   73 
 1.33225  0.83528 -0.02972 B   74 
 1.40961  0.73392 -0.27812 N   74 
 1.30424  0.60971  0.21385 B   75 
 1.20428  0.82894  0.42999 L   75 
 1.29040  0.33988  0.01992 B   76 
 0.99593  0.29489  0.10801 X   76 
 1.49521  0.36024 -0.19823 B   77 
 1.76557  0.37982 -0.16722 N   77 
 1.30856  0.42822 -0.47475 B   78 
 1.21905  0.15007 -0.43863 I   78 
 1.16899  0.41064 -0.75897 B   79 
 1.33711  0.34330 -0.86327 P   79 
 0.84335  0.46223 -0.81509 B   80 
 0.80527  0.74779 -0.68557 X   80 
 0.82342  0.24919 -1.04985 B   81 
 0.99482  0.32683 -1.19838 S   81 
 0.86522 -0.00390 -0.86911 B   82 
 1.06330  0.01141 -0.79948 A   82 
 0.55966  0.03733 -0.75623 B   83 
 0.64182  0.20619 -0.48815 L   83 
 0.44180 -0.08492 -1.05719 B   84 
 0.38978  0.23633 -1.10563 L   84 
 0.49913 -0.36012 -1.04739 B   85 
 0.72997 -0.47490 -1.07370 S   85 
 0.40277 -0.69558 -1.04242 B   86 
 0.44062 -0.78723 -1.26042 S   86 
 0.61478 -0.68700 -0.82143 B   87 
 0.84346 -0.85759 -0.75770 D   87 
 0.54056 -0.62057 -0.47489 B   88 
 0.29326 -0.71527 -0.43536 I   88 
 0.80051 -0.60681 -0.30656 B   89 
 0.95121 -0.81551 -0.37140 T   89 
 0.84954 -0.29988 -0.29462 B   90 
 0.93401 -0.24557 -0.48738 A   90 
 0.57855 -0.21509 -0.16598 B   91 
 0.42887 -0.16549 -0.39060 S   91 
 0.60070 -0.38729  0.08627 B   92 
 0.51669 -0.63279  0.04899 V   92 
 0.86430 -0.28239  0.20321 B   93 
 1.07111 -0.51846  0.08203 N   93 
 0.75661  0.00709  0.21376 B   94 
 0.78869  0.21776  0.02462 X   94 
 0.50236 -0.03968  0.38294 B   95 
 0.35998 -0.13374  0.25168 A   95 
 0.64910 -0.14046  0.63538 B   96 
 0.73159 -0.58798  0.53633 K   96 
 0.77276  0.14081  0.68752 B   97 
 1.11424  0.16658  0.51129 K   97 
 0.51451  0.30917  0.70380 B   98 
 0.43952  0.38477  0.41252 I   98 
 0.36504  0.15303  0.94096 B   99 
 0.26202 -0.04988  0.89595 V   99 
 0.63233  0.21381  1.13303 B   100 
 0.72288 -0.02441  1.07071 S   100 
 0.62011  0.54265  1.16182 B   101 
 0.66748  0.73328  0.96481 D   101 
 0.33933  0.57829  1.39060 B   102 
 0.03308  0.58238  1.23752 B   103 
 0.08182  0.90315  1.23538 N   103 
 0.02327  0.34976  1.08645 B   104 
-0.24852  0.30034  0.86576 B   105 
-0.30159 -0.07620  0.76986 M   105 
-0.31822  0.61420  0.85999 B   106 
-0.45229  0.59302  1.16156 N   106 
-0.13960  0.67190  0.60809 B   107 
 0.05008  0.60913  0.66989 A   107 
-0.40268  0.55198  0.47816 B   108 
-0.05883  0.25842  0.36059 W   108 
-0.67521  0.71829  0.38774 B   109 
-0.62240  0.95810  0.31523 V   109 
-0.85114  0.48032  0.28579 B   110 
-0.79791  0.45327  0.07983 A   110 
-0.82881  0.31152  0.53828 B   111 
-0.64469  0.11262  0.81782 W   111 
-0.93919  0.51453  0.74502 B   112 
-0.80447  0.90723  0.82219 R   112 
-1.21537  0.58655  0.57285 B   113 
-1.11998  0.89467  0.53736 N   113 
-1.27754  0.24890  0.47902 B   114 
-1.35186  0.40648  0.00783 R   114 
-1.14177  0.03239  0.70215 B   115 
-0.97825 -0.02865  0.43546 X   115 
-1.15237  0.14285  0.96665 B   116 
-0.88402  0.39084  1.22075 K   116 
-1.36906 -0.03691  1.18342 B   117 
-1.40489 -0.27178  1.00303 B   118 
-1.44366 -0.14510  0.77979 T   118 
-1.46040 -0.58222  0.83755 B   119 
-1.59039 -0.82190  0.92617 D   119 
-1.16107 -0.68645  0.71115 B   120 
-1.02189 -0.50546  0.81282 V   120 
-1.19911 -0.99624  0.68551 B   121 
-1.21831 -1.10975  1.08587 Q   121 
-1.37328 -0.98269  0.42379 B   122 
-1.54409 -0.88038  0.48129 A   122 
-1.10983 -0.95515  0.23254 B   123 
-1.21890 -0.55051  0.14374 W   123 
-1.04173 -1.28970  0.28838 B   124 
-0.83473 -1.23485  0.45090 I   124 
-1.26582 -1.43156  0.19403 B   125 
-1.55301 -1.27517  0.59583 R   125 
-1.22072 -1.74261  0.03025 B   126 
-0.92732 -1.76214  0.09990 B   127 
-0.88939 -1.47004 -0.03286 X   127 
-0.62226 -1.95713  0.05619 B   128 
-0.62657 -2.32930  0.21726 R   128 
-0.43736 -1.96040  0.38458 B   129 
-0.45848 -1.71021  0.31789 L   129 
