246 
-0.22426  0.28451 -1.28673 B   1 
-0.26477 -0.10371 -1.44126 K   1 
-0.56864  0.18571 -1.28278 B   2 
-0.68460  0.41248 -1.23484 V   2 
-0.71615 -0.02821 -1.09395 B   3 
-0.34862 -0.25521 -1.05781 F   3 
-0.90728 -0.27319 -1.03504 B   4 
-1.02966 -0.44137 -0.79112 B   5 
-1.41096 -0.48191 -0.58480 R   5 
-1.00549 -0.74151 -0.89701 B   6 
-1.30744 -0.82566 -0.88591 X   6 
-0.72470 -0.68679 -1.01855 B   7 
-0.63808 -0.47437 -1.33443 E   7 
-0.57188 -0.61991 -0.75797 B   8 
-0.50654 -0.34370 -0.64160 L   8 
-0.63859 -0.87031 -0.59581 B   9 
-0.84782 -0.85351 -0.54015 A   9 
-0.49705 -1.06466 -0.78470 B   10 
-0.62526 -1.08198 -0.96102 A   10 
-0.21375 -0.94039 -0.76378 B   11 
-0.21062 -0.77361 -0.90209 A   11 
-0.18880 -0.94867 -0.45513 B   12 
-0.34385 -0.57117 -0.32081 M   12 
-0.21518 -1.25121 -0.43998 B   13 
-0.55887 -1.51561 -0.42661 K   13 
 0.01332 -1.34581 -0.61868 B   14 
 0.14136 -1.18813 -1.02529 R   14 
 0.21421 -1.17311 -0.42219 B   15 
 0.29304 -0.93204 -0.71760 H   15 
 0.10681 -1.27707 -0.11701 B   16 
-0.10650 -1.08842  0.06358 B   17 
 0.00670 -0.79984 -0.03209 L   17 
-0.28385 -1.30287  0.14792 B   18 
-0.56641 -1.40119  0.07833 D   18 
-0.24844 -1.32212  0.48575 B   19 
-0.49144 -1.52431  0.42497 N   19 
-0.04192 -1.12731  0.54293 B   20 
 0.37387 -1.06139  0.40885 Y   20 
 0.02006 -1.11436  0.86342 B   21 
 0.49268 -1.08636  0.90092 R   21 
-0.31504 -1.17142  0.88224 B   22 
-0.41406 -1.01484  0.61636 B   23 
-0.29397 -0.67746  0.92141 Y   23 
-0.65830 -1.00256  0.43644 B   24 
-0.87268 -1.05908  0.51226 S   24 
-0.71243 -0.90726  0.12113 B   25 
-0.66882 -1.05919 -0.15012 L   25 
-0.93318 -0.68848  0.18584 B   26 
-0.74331 -0.49522  0.33509 B   27 
-0.78118 -0.63362  0.64057 N   27 
-0.55739 -0.42296  0.10036 B   28 
-0.20080 -0.62796  0.27312 W   28 
-0.77591 -0.31807 -0.08925 B   29 
-0.87586 -0.50441 -0.24047 V   29 
-0.88866 -0.10760  0.10175 B   30 
-1.07169 -0.11593  0.31009 X   30 
-0.63185  0.05811  0.13073 B   31 
-0.50265 -0.05421  0.26689 A   31 
-0.58162  0.12568 -0.16699 B   32 
-0.50006 -0.05136 -0.25821 A   32 
-0.84654  0.27493 -0.20650 B   33 
-1.16862  0.28149 -0.31887 K   33 
-0.79105  0.50550  0.03266 B   34 
-1.15622  0.38196  0.17551 F   34 
-0.49699  0.59056 -0.06089 B   35 
-0.33865  0.48273  0.23438 E   35 
-0.52634  0.57759 -0.41525 B   36 
-0.36365  0.42904 -0.43966 S   36 
-0.76223  0.45540 -0.57930 B   37 
-0.99629  0.61771 -0.61321 N   37 
-0.58215  0.24651 -0.75235 B   38 
-0.89143  0.02029 -0.59760 F   38 
-0.32594  0.45030 -0.80008 B   39 
-0.36250  0.67766 -0.99332 N   39 
 0.00993  0.42332 -0.88188 B   40 
 0.01456  0.22656 -1.03488 T   40 
 0.05482  0.75618 -0.92847 B   41 
 0.08332  0.76318 -1.32662 Q   41 
 0.01255  0.83809 -0.64699 B   42 
-0.18822  0.80126 -0.59196 A   42 
 0.07477  1.15991 -0.48604 B   43 
 0.26786  1.17717 -0.63541 T   43 
 0.16842  1.28923 -0.14715 B   44 
-0.15829  1.21830 -0.19397 N   44 
 0.21653  1.55228  0.04108 B   45 
 0.64917  1.78871 -0.07713 R   45 
 0.37591  1.61573  0.34201 B   46 
 0.31676  1.27907  0.36415 N   46 
 0.42646  1.81522  0.60918 B   47 
 0.21597  1.87751  0.74545 T   47 
 0.73169  1.68451  0.64806 B   48 
 0.69488  1.42647  0.69705 D   48 
 0.81522  1.66411  0.31634 B   49 
 0.72322  1.42098  0.23530 B   50 
 0.72530  1.24260  0.40436 S   50 
 0.60829  1.12783  0.02911 B   51 
 0.60247  1.31699 -0.16661 T   51 
 0.35003  0.95732 -0.11744 B   52 
 0.22052  0.90707  0.19660 D   52 
 0.34869  0.63049 -0.29021 B   53 
 0.69435  0.94783 -0.39292 Y   53 
 0.11746  0.48852 -0.46429 B   54 
-0.12354  0.24067 -0.39413 B   55 
-0.18424  0.04193 -0.56948 I   55 
 0.01072  0.25703 -0.06929 B   56 
-0.05679 -0.05668 -0.05074 L   56 
 0.14396  0.51367  0.02450 B   57 
-0.05200  0.75653 -0.12410 Q   57 
 0.45555  0.52188  0.03150 B   58 
 0.52178  0.21948  0.01596 I   58 
 0.69807  0.66414  0.22967 B   59 
 0.65130  0.87680  0.44274 N   59 
 0.99899  0.87271  0.19976 B   60 
 0.93754  1.05383  0.07346 S   60 
 1.11863  0.86559  0.50271 B   61 
 1.06070  1.24112  0.70328 R   61 
 1.14637  0.52338  0.50222 B   62 
 1.03064  0.64479  0.92615 W   62 
 1.11223  0.35060  0.20705 B   63 
 0.86272  0.18956  0.52927 W   63 
 1.19105  0.57878 -0.01121 B   64 
 0.97745  0.56754 -0.15924 X   64 
 1.35616  0.75389 -0.28058 B   65 
 1.63314  0.85735 -0.25229 N   65 
 1.32180  1.11956 -0.39752 B   66 
 1.12035  1.18611 -0.23122 D   66 
 1.55462  1.34649 -0.32945 B   67 
 1.34682  1.53763 -0.10171 B   68 
 0.95242  1.63880 -0.34409 R   68 
 1.40445  1.37666  0.19424 B   69 
 1.16769  1.28250  0.17651 T   69 
 1.51664  1.45233  0.47206 B   70 
 1.48276  1.65887  0.42775 P   70 
 1.60931  1.18722  0.66294 B   71 
 1.59669  0.94114  0.49350 B   72 
 1.51536  1.00235  0.27878 S   72 
 1.59470  0.56230  0.44664 B   73 
 1.69495  0.49190  0.78231 R   73 
 1.51788  0.33923  0.23331 B   74 
 1.56959  0.37127 -0.03918 N   74 
 1.41840  0.03468  0.32471 B   75 
 1.38031  0.12040  0.63450 L   75 
 1.33232 -0.07394  0.02238 B   76 
 1.03506 -0.08073  0.11234 X   76 
 1.54044  0.00631 -0.17810 B   77 
 1.80379 -0.06502 -0.17772 N   77 
 1.38975  0.25802 -0.35089 B   78 
 1.22219  0.03879 -0.45358 I   78 
 1.25941  0.43298 -0.58104 B   79 
 1.40363  0.39126 -0.72643 P   79 
 0.96462  0.58929 -0.55812 B   80 
 1.00751  0.75867 -0.29498 X   80 
 0.89042  0.54974 -0.86443 B   81 
 1.08122  0.64722 -0.97193 S   81 
 0.85153  0.23871 -0.84964 B   82 
 1.04339  0.16202 -0.80931 A   82 
 0.56803  0.29066 -0.69235 B   83 
 0.68793  0.26066 -0.38928 L   83 
 0.42850  0.38501 -0.99409 B   84 
 0.47360  0.68227 -0.86047 L   84 
 0.40300  0.14406 -1.13696 B   85 
 0.59114  0.00605 -1.24970 S   85 
 0.21313 -0.10262 -1.29489 B   86 
 0.22900 -0.06884 -1.53146 S   86 
 0.41195 -0.26968 -1.13236 B   87 
 0.57918 -0.50029 -1.19802 D   87 
 0.35024 -0.38330 -0.79577 B   88 
 0.08505 -0.41613 -0.77894 I   88 
 0.59794 -0.53038 -0.68129 B   89 
 0.68324 -0.70218 -0.86482 T   89 
 0.73376 -0.30336 -0.51770 B   90 
 0.83594 -0.17819 -0.66308 A   90 
 0.49554 -0.23393 -0.32902 B   91 
 0.37335 -0.03447 -0.47256 S   91 
 0.45931 -0.51338 -0.20915 B   92 
 0.30864 -0.66842 -0.35742 V   92 
 0.73852 -0.56069 -0.09095 B   93 
 0.87115 -0.73877 -0.34370 N   93 
 0.71942 -0.30613  0.08322 B   94 
 0.81686 -0.04384  0.02940 X   94 
 0.45775 -0.36838  0.23524 B   95 
 0.29805 -0.33624  0.09450 A   95 
 0.56145 -0.62307  0.37594 B   96 
 0.51304 -0.95030  0.04810 K   96 
 0.76000 -0.45766  0.55010 B   97 
 1.09918 -0.43117  0.36958 K   97 
 0.56153 -0.26413  0.68598 B   98 
 0.52026 -0.02744  0.48987 I   98 
 0.36629 -0.47792  0.82432 B   99 
 0.21006 -0.58969  0.69427 V   99 
 0.63400 -0.60196  0.98234 B   100 
 0.65312 -0.78313  0.79354 S   100 
 0.71713 -0.35047  1.17971 B   101 
 0.82359 -0.10401  1.10677 D   101 
 0.45234 -0.37174  1.42848 B   102 
 0.16509 -0.20648  1.34233 B   103 
 0.30507  0.03929  1.50131 N   103 
 0.09244 -0.30935  1.09499 B   104 
-0.17545 -0.15964  0.91937 B   105 
-0.33294 -0.39634  0.64925 M   105 
-0.15064  0.11337  1.08745 B   106 
-0.29377 -0.03078  1.34841 N   106 
 0.04427  0.24853  0.88147 B   107 
 0.20561  0.11559  0.87559 A   107 
-0.23842  0.29064  0.74441 B   108 
 0.00844  0.02883  0.44650 W   108 
-0.44806  0.54356  0.79118 B   109 
-0.32569  0.76115  0.84811 V   109 
-0.68255  0.45325  0.60457 B   110 
-0.63353  0.52838  0.40979 A   110 
-0.71763  0.17635  0.72637 B   111 
-0.60752 -0.18134  0.83376 W   111 
-0.77015  0.25684  1.02117 B   112 
-0.52932  0.49531  1.27307 R   112 
-1.00831  0.47902  0.95035 B   113 
-0.82644  0.72042  1.06843 N   113 
-1.16325  0.27477  0.70346 B   114 
-1.17481  0.67373  0.39838 R   114 
-1.10287 -0.05415  0.76056 B   115 
-0.95650 -0.00237  0.48220 X   115 
-1.08856 -0.10493  1.04250 B   116 
-0.76717 -0.11240  1.35029 K   116 
-1.35436 -0.30922  1.16029 B   117 
-1.45171 -0.39135  0.89054 B   118 
-1.44545 -0.15967  0.77360 T   118 
-1.59028 -0.53700  0.59656 B   119 
-1.78688 -0.74304  0.56355 D   119 
-1.33067 -0.63059  0.39585 B   120 
-1.14787 -0.57628  0.55742 V   120 
-1.45642 -0.85541  0.21776 B   121 
-1.51942 -1.15662  0.49856 Q   121 
-1.61143 -0.65857  0.02741 B   122 
-1.74669 -0.56293  0.15193 A   122 
-1.34593 -0.60227 -0.15447 B   123 
-1.32996 -0.20157 -0.00379 W   123 
-1.37973 -0.91837 -0.29093 B   124 
-1.17054 -1.01558 -0.15287 I   124 
-1.63255 -0.92313 -0.41461 B   125 
-1.87338 -0.93884  0.04379 R   125 
-1.67514 -1.09637 -0.72086 B   126 
-1.40226 -1.22583 -0.71136 B   127 
-1.27717 -0.93005 -0.67598 X   127 
-1.16597 -1.43816 -0.89047 B   128 
-1.28302 -1.82213 -0.94822 R   128 
-0.99963 -1.66538 -0.63999 B   129 
-0.94513 -1.42335 -0.56292 L   129 
