246 
 0.65972 -0.51722  1.04123 B   1 
 0.98092 -0.24795  1.06509 K   1 
 0.58014 -0.25026  1.26656 B   2 
 0.36801 -0.34446  1.38187 V   2 
 0.51359  0.05715  1.20139 B   3 
 0.76448  0.04043  0.84828 F   3 
 0.54045  0.36975  1.24109 B   4 
 0.41781  0.64634  1.13515 B   5 
 0.14595  0.95546  1.27704 R   5 
 0.67817  0.82838  1.10425 B   6 
 0.60152  1.06305  1.29771 X   6 
 0.84222  0.59165  0.98739 B   7 
 0.97610  0.27722  1.17612 E   7 
 0.67772  0.54170  0.73014 B   8 
 0.45891  0.33209  0.68225 L   8 
 0.68305  0.82376  0.61244 B   9 
 0.55190  0.94455  0.73640 A   9 
 0.98632  0.83269  0.57455 B   10 
 1.07158  0.85874  0.77424 A   10 
 1.00946  0.58805  0.38546 B   11 
 1.01128  0.41300  0.51317 A   11 
 0.80483  0.68204  0.17274 B   12 
 0.42782  0.52220  0.30276 M   12 
 0.96086  0.93356  0.10311 B   13 
 0.97180  1.33021  0.27847 K   13 
 1.23248  0.82139  0.02105 B   14 
 1.47904  0.49629  0.22133 R   14 
 1.07035  0.64273 -0.20386 B   15 
 1.16987  0.31736 -0.01458 H   15 
 0.87247  0.88193 -0.34207 B   16 
 0.55038  0.91423 -0.24763 B   17 
 0.49364  0.59909 -0.19552 L   17 
 0.54669  1.20417 -0.22589 B   18 
 0.54322  1.41251 -0.00021 D   18 
 0.33184  1.31039 -0.46737 B   19 
 0.39838  1.57946 -0.30367 N   19 
 0.25791  1.06592 -0.60388 B   20 
 0.47709  0.74204 -0.80948 Y   20 
 0.04692  1.12709 -0.84567 B   21 
 0.18864  0.85732 -1.20995 R   21 
-0.06403  1.36182 -0.62545 B   22 
-0.00555  1.20900 -0.34573 B   23 
-0.37278  0.98429 -0.53532 Y   23 
 0.01958  1.27516 -0.05049 B   24 
-0.08498  1.46162  0.04542 S   24 
 0.16660  1.12835  0.21079 B   25 
 0.46524  1.13169  0.30752 L   25 
-0.09374  1.10357  0.39078 B   26 
-0.23866  0.89971  0.20881 B   27 
-0.38942  1.12707  0.01011 N   27 
-0.04156  0.66466  0.23695 B   28 
 0.09513  0.68197 -0.18736 W   28 
-0.05371  0.64244  0.54365 B   29 
 0.12372  0.79076  0.66240 V   29 
-0.35665  0.60597  0.56324 B   30 
-0.57131  0.78174  0.56623 X   30 
-0.37386  0.34681  0.39957 B   31 
-0.35431  0.40642  0.19001 A   31 
-0.18232  0.16949  0.56568 B   32 
 0.01800  0.23030  0.51576 A   32 
-0.34518  0.18815  0.82480 B   33 
-0.39511  0.32380  1.13385 K   33 
-0.62834  0.05932  0.69572 B   34 
-0.80022  0.40234  0.84339 F   34 
-0.49674 -0.19879  0.55964 B   35 
-0.58145 -0.10642  0.23074 E   35 
-0.24892 -0.28908  0.79846 B   36 
-0.08103 -0.27291  0.65466 S   36 
-0.15308 -0.11920  1.04228 B   37 
-0.31550 -0.12573  1.27860 N   37 
 0.16252 -0.11517  0.96230 B   38 
 0.06413  0.27968  1.03434 F   38 
 0.17727 -0.42841  0.85684 B   39 
 0.16713 -0.64607  1.06394 N   39 
 0.38246 -0.61980  0.65314 B   40 
 0.60811 -0.52174  0.69318 T   40 
 0.23824 -0.91510  0.73669 B   41 
 0.52807 -1.06698  0.96540 Q   41 
-0.02617 -0.86212  0.61416 B   42 
-0.12218 -0.70510  0.71817 A   42 
-0.30456 -1.09033  0.55283 B   43 
-0.13309 -1.25912  0.50807 T   43 
-0.58437 -1.12980  0.30689 B   44 
-0.63730 -0.91064  0.55814 N   44 
-0.85326 -1.29621  0.22349 B   45 
-0.73858 -1.75492  0.04048 R   45 
-1.04183 -1.33388 -0.06460 B   46 
-0.88360 -1.03584 -0.12342 N   46 
-1.32862 -1.42696 -0.21567 B   47 
-1.54417 -1.31389 -0.12898 T   47 
-1.16042 -1.48228 -0.49922 B   48 
-1.05854 -1.24802 -0.57053 D   48 
-0.88021 -1.62167 -0.35965 B   49 
-0.71627 -1.41113 -0.30540 B   50 
-0.73112 -1.21995 -0.45914 S   50 
-0.44314 -1.19070 -0.16951 B   51 
-0.41713 -1.39683  0.00642 T   51 
-0.34018 -0.96569  0.06717 B   52 
-0.58444 -0.75257 -0.04613 D   52 
-0.02666 -0.77108  0.08968 B   53 
-0.00436 -1.23878 -0.01758 Y   53 
 0.08971 -0.59190  0.33108 B   54 
 0.09076 -0.24590  0.39977 B   55 
 0.30793 -0.11764  0.50135 I   55 
-0.09706 -0.22577  0.10290 B   56 
 0.04702  0.05811  0.05852 L   56 
-0.26183 -0.46522  0.01388 B   57 
-0.37506 -0.59220  0.31474 Q   57 
-0.14982 -0.64104 -0.21795 B   58 
 0.06414 -0.45078 -0.33670 I   58 
-0.27905 -0.81875 -0.48260 B   59 
-0.57317 -0.88604 -0.52480 N   59 
-0.26227 -1.15445 -0.63084 B   60 
-0.30262 -1.30094 -0.45925 S   60 
-0.42652 -1.11544 -0.90949 B   61 
-0.81146 -1.30557 -0.89280 R   61 
-0.21499 -0.86849 -1.01972 B   62 
-0.63242 -0.75850 -1.16638 W   62 
 0.08246 -0.81414 -0.85628 B   63 
-0.14967 -0.44721 -0.91539 W   63 
 0.13472 -1.10428 -0.71842 B   64 
 0.16295 -1.02651 -0.47180 X   64 
 0.28808 -1.41809 -0.62631 B   65 
 0.31569 -1.64087 -0.82081 N   65 
 0.14364 -1.71797 -0.43192 B   66 
-0.09219 -1.60328 -0.36947 D   66 
 0.05345 -1.99800 -0.58614 B   67 
-0.30143 -1.95516 -0.52446 B   68 
-0.34266 -1.89489 -0.05626 R   68 
-0.39487 -1.76628 -0.79355 B   69 
-0.41971 -1.56935 -0.63282 T   69 
-0.59265 -1.79490 -1.02927 B   70 
-0.69533 -1.94915 -0.92234 P   70 
-0.53681 -1.58000 -1.28619 B   71 
-0.27734 -1.44002 -1.23618 B   72 
-0.19245 -1.51264 -1.02645 S   72 
-0.02306 -1.16381 -1.30528 B   73 
-0.18107 -1.05484 -1.60666 R   73 
 0.22903 -1.02048 -1.17458 B   74 
 0.42403 -1.16309 -1.03461 N   74 
 0.30351 -0.70207 -1.23834 B   75 
 0.01840 -0.64502 -1.38056 L   75 
 0.54819 -0.67063 -1.01528 B   76 
 0.37207 -0.47196 -0.85400 X   76 
 0.72496 -0.91279 -1.02272 B   77 
 0.86939 -1.00319 -1.23581 N   77 
 0.64143 -1.07948 -0.73783 B   78 
 0.77721 -0.85271 -0.60812 I   78 
 0.65153 -1.21737 -0.45243 B   79 
 0.83560 -1.31267 -0.47919 P   79 
 0.42852 -1.16715 -0.20830 B   80 
 0.15923 -1.23423 -0.35914 X   80 
 0.64023 -1.19654  0.02666 B   81 
 0.73410 -1.41182 -0.02137 S   81 
 0.79660 -0.93173 -0.03577 B   82 
 0.88785 -0.96547 -0.22245 A   82 
 0.54365 -0.76356  0.08892 B   83 
 0.39281 -0.70711 -0.19602 L   83 
 0.64820 -0.85809  0.40444 B   84 
 0.39690 -1.06701  0.36627 L   84 
 0.88076 -0.70621  0.44875 B   85 
 1.11517 -0.74116  0.34395 S   85 
 1.06312 -0.46424  0.62205 B   86 
 1.21758 -0.57661  0.76653 S   86 
 1.12319 -0.39238  0.33036 B   87 
 1.37020 -0.32932  0.18729 D   87 
 0.92651 -0.16064  0.13639 B   88 
 0.83012  0.01630  0.31270 I   88 
 1.02813 -0.14684 -0.15615 B   89 
 1.29240 -0.12244 -0.14999 T   89 
 0.83212 -0.34208 -0.29832 B   90 
 0.90205 -0.54216 -0.25017 A   90 
 0.56435 -0.20196 -0.22195 B   91 
 0.50177 -0.33469  0.00997 S   91 
 0.62864  0.07168 -0.34344 B   92 
 0.76581  0.22494 -0.18091 V   92 
 0.68151 -0.00718 -0.63525 B   93 
 1.01713 -0.02679 -0.62252 N   93 
 0.40131 -0.13463 -0.66259 B   94 
 0.32409 -0.40717 -0.63185 X   94 
 0.22750  0.10734 -0.58078 B   95 
 0.24622  0.12452 -0.36700 A   95 
 0.31719  0.29168 -0.81183 B   96 
 0.72269  0.46160 -0.65822 K   96 
 0.17427  0.11257 -1.02305 B   97 
 0.41956 -0.15408 -1.15365 K   97 
-0.11312  0.11825 -0.91042 B   98 
-0.12852 -0.10491 -0.69561 I   98 
-0.16254  0.43530 -0.90894 B   99 
-0.06581  0.56443 -0.74227 V   99 
-0.09752  0.43470 -1.23727 B   100 
 0.15010  0.50106 -1.18151 S   100 
-0.35244  0.26086 -1.35520 B   101 
-0.40330 -0.01080 -1.32337 D   101 
-0.62019  0.50490 -1.32052 B   102 
-0.76803  0.50827 -1.01169 B   103 
-0.97010  0.29485 -1.14913 N   103 
-0.56053  0.54596 -0.83125 B   104 
-0.62814  0.52120 -0.48508 B   105 
-0.35927  0.70080 -0.26316 M   105 
-0.89765  0.35339 -0.53613 B   106 
-1.05457  0.62858 -0.63106 N   106 
-0.75428  0.07459 -0.51596 B   107 
-0.60921  0.08563 -0.66620 A   107 
-0.79208  0.15317 -0.21122 B   108 
-0.33072  0.11992 -0.27660 W   108 
-1.05531  0.09018 -0.01925 B   109 
-1.17529 -0.12544 -0.08759 V   109 
-0.96156  0.22743  0.24597 B   110 
-0.84803  0.07881  0.35088 A   110 
-0.89969  0.49912  0.12309 B   111 
-0.72353  0.74797 -0.11908 W   111 
-1.17672  0.56321 -0.00054 B   112 
-1.40111  0.33031 -0.27207 R   112 
-1.34958  0.50091  0.27756 B   113 
-1.50368  0.25430  0.13357 N   113 
-1.11522  0.66186  0.49168 B   114 
-1.13660  0.26208  0.79515 R   114 
-0.93962  0.89954  0.32504 B   115 
-0.71500  0.68767  0.40409 X   115 
-1.10456  1.02321  0.12560 B   116 
-1.19317  0.95283 -0.30483 K   116 
-1.17253  1.36512  0.19438 B   117 
-0.97090  1.39317  0.41243 B   118 
-1.02102  1.17365  0.54161 T   118 
-0.73100  1.48469  0.65923 B   119 
-0.66378  1.74025  0.77043 D   119 
-0.43217  1.34736  0.56822 B   120 
-0.50727  1.25799  0.34722 V   120 
-0.22321  1.53059  0.71257 B   121 
-0.27096  1.88855  0.50490 Q   121 
-0.26384  1.40259  0.99714 B   122 
-0.46115  1.44476  1.04448 A   122 
-0.06383  1.15327  0.92952 B   123 
-0.39918  0.88670  0.92944 W   123 
 0.20493  1.36946  0.95617 B   124 
 0.24555  1.37401  0.69047 I   124 
 0.19674  1.47190  1.21824 B   125 
-0.21379  1.76734  1.10621 R   125 
 0.49903  1.52761  1.39467 B   126 
 0.67474  1.47953  1.15357 B   127 
 0.52536  1.19537  1.11723 X   127 
 1.01862  1.45321  1.03505 B   128 
 1.23866  1.79322  1.05618 R   128 
 1.03875  1.61801  0.69671 B   129 
 0.86363  1.42768  0.67227 L   129 
