246 
 1.32144 -0.17874 -0.09353 B   1 
 1.36993 -0.50287  0.16881 K   1 
 1.30023 -0.48751 -0.27405 B   2 
 1.31617 -0.40304 -0.51855 V   2 
 1.06567 -0.70696 -0.27373 B   3 
 0.96238 -0.60130  0.13380 F   3 
 0.94942 -1.00063 -0.25774 B   4 
 0.67307 -1.16139 -0.28117 B   5 
 0.47275 -1.42103 -0.56762 R   5 
 0.69608 -1.37085 -0.04143 B   6 
 0.67076 -1.63855 -0.20289 X   6 
 0.82078 -1.15720  0.14675 B   7 
 1.17902 -1.00303  0.12937 E   7 
 0.58311 -0.95947  0.15891 B   8 
 0.54152 -0.70222 -0.00294 L   8 
 0.36277 -1.15228  0.24674 B   9 
 0.31859 -1.27747  0.07489 A   9 
 0.49066 -1.22038  0.51599 B   10 
 0.65940 -1.35213  0.47130 A   10 
 0.49606 -0.93241  0.63082 B   11 
 0.67308 -0.83804  0.54887 A   11 
 0.19548 -0.86809  0.59243 B   12 
 0.16848 -0.69162  0.20163 M   12 
 0.10233 -1.09395  0.77345 B   13 
 0.02867 -1.51556  0.70260 K   13 
 0.24437 -1.03025  1.03586 B   14 
 0.67481 -0.90057  1.10294 R   14 
 0.09506 -0.73637  1.02422 B   15 
 0.44124 -0.56429  0.97796 H   15 
-0.22396 -0.83163  0.95617 B   16 
-0.34359 -0.81910  0.64115 B   17 
-0.17854 -0.55594  0.54761 L   17 
-0.47673 -1.07761  0.64141 B   18 
-0.42839 -1.35534  0.51945 D   18 
-0.80859 -1.00861  0.61202 B   19 
-0.79690 -1.32927  0.58620 N   19 
-0.81784 -0.71921  0.61744 B   20 
-0.68143 -0.40549  0.89706 Y   20 
-1.12520 -0.61223  0.58891 B   21 
-1.16565 -0.25584  0.90021 R   21 
-1.15006 -0.88301  0.38405 B   22 
-0.85012 -0.88891  0.26151 B   23 
-1.05909 -0.51874  0.05999 Y   23 
-0.66731 -1.08188  0.11482 B   24 
-0.74999 -1.25812 -0.01557 S   24 
-0.33682 -1.10735  0.07534 B   25 
-0.11595 -1.22854  0.26265 L   25 
-0.33658 -1.09887 -0.24202 B   26 
-0.43467 -0.80649 -0.26586 B   27 
-0.76469 -0.87696 -0.26122 N   27 
-0.19384 -0.66631 -0.13456 B   28 
-0.42293 -0.52973  0.22306 W   28 
 0.02192 -0.77867 -0.32305 B   29 
 0.12151 -1.00369 -0.23922 V   29 
-0.10452 -0.67889 -0.58295 B   30 
-0.30322 -0.77717 -0.74979 X   30 
-0.09541 -0.37931 -0.51645 B   31 
-0.25935 -0.34369 -0.37608 A   31 
 0.20828 -0.34803 -0.46631 B   32 
 0.24797 -0.42942 -0.27108 A   32 
 0.29197 -0.43647 -0.74773 B   33 
 0.41002 -0.67634 -0.95971 K   33 
 0.12020 -0.19686 -0.91058 B   34 
-0.04099 -0.51366 -1.11715 F   34 
 0.22551  0.05191 -0.73887 B   35 
-0.09149  0.13815 -0.61253 E   35 
 0.56473 -0.03803 -0.68022 B   36 
 0.54541 -0.03151 -0.45951 S   36 
 0.69683 -0.31580 -0.73395 B   37 
 0.77776 -0.37263 -1.00319 N   37 
 0.80470 -0.36433 -0.43060 B   38 
 0.60378 -0.71129 -0.53077 F   38 
 0.89780 -0.05182 -0.37471 B   39 
 1.14464  0.04747 -0.51464 N   39 
 0.96142  0.15042 -0.10035 B   40 
 1.05742 -0.00898  0.06552 T   40 
 1.09238  0.40491 -0.28219 B   41 
 1.47766  0.36182 -0.18687 Q   41 
 0.84327  0.48018 -0.42363 B   42 
 0.78546  0.32358 -0.55336 A   42 
 0.77067  0.77450 -0.62722 B   43 
 0.91458  0.89607 -0.47099 T   43 
 0.47525  0.98753 -0.71487 B   44 
 0.50989  0.70181 -0.89129 N   44 
 0.36130  1.23585 -0.89459 B   45 
 0.52661  1.68240 -0.72046 R   45 
 0.08365  1.44266 -0.88350 B   46 
-0.02436  1.17140 -0.70440 N   46 
-0.12315  1.66203 -1.03464 B   47 
-0.23317  1.58127 -1.25404 T   47 
-0.20237  1.79142 -0.73675 B   48 
-0.31626  1.59493 -0.59978 D   48 
 0.11029  1.77914 -0.59703 B   49 
 0.12711  1.53222 -0.48346 B   50 
-0.08274  1.43869 -0.39618 S   50 
 0.25215  1.21322 -0.32771 B   51 
 0.49064  1.30707 -0.41956 T   51 
 0.35526  0.88926 -0.36850 B   52 
 0.04229  0.81733 -0.49014 D   52 
 0.43646  0.63201 -0.11571 B   53 
 0.61012  1.07653 -0.06108 Y   53 
 0.57293  0.34208 -0.15082 B   54 
 0.44629  0.01344 -0.17079 B   55 
 0.56495 -0.19684 -0.04577 I   55 
 0.13386  0.17408 -0.15085 B   56 
 0.03552 -0.08771  0.00760 L   56 
 0.10726  0.46139 -0.24656 B   57 
 0.31901  0.46756 -0.51967 Q   57 
 0.09501  0.68622 -0.03091 B   58 
 0.02923  0.52000  0.22231 I   58 
-0.06491  0.98836  0.00726 B   59 
-0.21369  1.13958 -0.21140 N   59 
 0.01114  1.33850  0.08832 B   60 
 0.18191  1.39970 -0.05178 S   60 
-0.28596  1.46889  0.11793 B   61 
-0.37977  1.72321 -0.21543 R   61 
-0.37572  1.25068  0.36735 B   62 
-0.75013  1.32627  0.11843 W   62 
-0.13531  1.05656  0.51789 B   63 
-0.48222  0.82520  0.38320 W   63 
 0.13305  1.23285  0.46483 B   64 
 0.27818  1.05042  0.34942 X   64 
 0.43472  1.42396  0.51924 B   65 
 0.42771  1.69432  0.64203 N   65 
 0.64410  1.63379  0.27286 B   66 
 0.50601  1.56744  0.05105 D   66 
 0.63209  1.96574  0.27334 B   67 
 0.46749  1.99189 -0.04884 B   68 
 0.73751  1.74494 -0.34991 R   68 
 0.13841  1.97093  0.04107 B   69 
 0.13668  1.73696 -0.06135 T   69 
-0.11260  2.14928  0.01486 B   70 
-0.01496  2.26138 -0.13899 P   70 
-0.36843  2.06263  0.22066 B   71 
-0.26903  1.85412  0.41057 B   72 
-0.04384  1.80311  0.35439 S   72 
-0.32292  1.58180  0.67260 B   73 
-0.66767  1.66027  0.72425 R   73 
-0.17359  1.33686  0.81001 B   74 
 0.09644  1.34882  0.87998 N   74 
-0.33903  1.07149  0.92491 B   75 
-0.61456  1.15716  0.77823 L   75 
-0.07365  0.88435  0.99676 B   76 
-0.15493  0.68707  0.77099 X   76 
 0.13567  1.05144  1.13172 B   77 
 0.11017  1.18619  1.36758 N   77 
 0.37196  1.09130  0.88984 B   78 
 0.41778  0.80443  0.93773 I   78 
 0.64301  1.08233  0.72546 B   79 
 0.76882  1.12946  0.88555 P   79 
 0.66904  0.98854  0.40549 B   80 
 0.45843  1.18096  0.26988 X   80 
 0.95604  0.85698  0.44030 B   81 
 1.08059  1.03977  0.53272 S   81 
 0.86133  0.61643  0.61815 B   82 
 0.79764  0.70426  0.79855 A   82 
 0.73013  0.48101  0.34934 B   83 
 0.42692  0.59572  0.39446 L   83 
 1.04937  0.39746  0.24677 B   84 
 0.99715  0.65811  0.05289 L   84 
 1.12479  0.18804  0.41873 B   85 
 1.19282  0.20461  0.66824 S   85 
 1.21726 -0.14290  0.48015 B   86 
 1.45396 -0.14869  0.51616 S   86 
 1.01184 -0.09208  0.70168 B   87 
 1.01074 -0.14638  0.98892 D   87 
 0.65887 -0.15673  0.66645 B   88 
 0.64055 -0.36213  0.49569 I   88 
 0.50385 -0.06605  0.91912 B   89 
 0.63386 -0.15692  1.13198 T   89 
 0.40209  0.21440  0.83114 B   90 
 0.57260  0.34797  0.84927 A   90 
 0.24406  0.12814  0.57668 B   91 
 0.43775  0.15664  0.38435 S   91 
 0.05616 -0.07073  0.71422 B   92 
 0.16234 -0.30899  0.74025 V   92 
-0.07712  0.11187  0.92173 B   93 
 0.11688  0.03795  1.18647 N   93 
-0.17807  0.30489  0.70252 B   94 
-0.05989  0.54592  0.60699 X   94 
-0.33461  0.10458  0.52695 B   95 
-0.18649 -0.00880  0.41948 A   95 
-0.53957  0.02432  0.74367 B   96 
-0.30771 -0.29255  0.99415 K   96 
-0.66919  0.30770  0.73971 B   97 
-0.49641  0.53254  1.00034 K   97 
-0.74476  0.32636  0.44097 B   98 
-0.49260  0.42835  0.29199 I   98 
-0.92941  0.06500  0.41721 B   99 
-0.82935 -0.14402  0.40660 V   99 
-1.12091  0.19310  0.66001 B   100 
-0.98663  0.04854  0.83293 S   100 
-1.24755  0.45944  0.51122 B   101 
-1.11529  0.69253  0.43658 D   101 
-1.48664  0.30188  0.28658 B   102 
-1.35321  0.20099 -0.01219 B   103 
-1.44572  0.49658 -0.10884 N   103 
-1.13972  0.03661  0.05439 B   104 
-0.92452 -0.07679 -0.20221 B   105 
-0.72197 -0.39727 -0.10192 M   105 
-1.01584  0.15871 -0.40122 B   106 
-1.30184  0.00303 -0.45900 N   106 
-0.78651  0.35373 -0.31142 B   107 
-0.81959  0.37331 -0.10585 A   107 
-0.63632  0.16187 -0.51417 B   108 
-0.42346  0.10203 -0.10265 W   108 
-0.61010  0.19877 -0.84288 B   109 
-0.61108  0.44508 -0.91279 V   109 
-0.44793 -0.05974 -0.91248 B   110 
-0.24154 -0.00651 -0.88887 A   110 
-0.63706 -0.25570 -0.77620 B   111 
-0.83699 -0.40865 -0.47915 W   111 
-0.89913 -0.18631 -0.92667 B   112 
-1.08568  0.19059 -0.96499 R   112 
-0.76681 -0.21075 -1.23163 B   113 
-0.82202  0.10414 -1.28724 N   113 
-0.57825 -0.50298 -1.15592 B   114 
-0.17921 -0.28616 -1.37070 R   114 
-0.72091 -0.67930 -0.90363 B   115 
-0.44238 -0.58844 -0.77811 X   115 
-1.00658 -0.65647 -0.91577 B   116 
-1.31339 -0.38440 -0.74278 K   116 
-1.16716 -0.96409 -0.99218 B   117 
-0.92600 -1.13517 -0.95266 B   118 
-0.75270 -0.98993 -1.08017 T   118 
-0.67708 -1.38330 -0.89514 B   119 
-0.69433 -1.66945 -0.89078 D   119 
-0.51430 -1.30090 -0.60678 B   120 
-0.66046 -1.10781 -0.54497 V   120 
-0.39822 -1.57525 -0.51019 B   121 
-0.74643 -1.78051 -0.40937 Q   121 
-0.15924 -1.57950 -0.71484 B   122 
-0.25104 -1.58650 -0.90051 A   122 
 0.02445 -1.38573 -0.52656 B   123 
-0.01644 -1.07076 -0.81403 W   123 
 0.07422 -1.65203 -0.31141 B   124 
-0.08956 -1.54966 -0.12442 I   124 
 0.19851 -1.85325 -0.46405 B   125 
-0.24197 -1.95446 -0.71726 R   125 
 0.44969 -2.05549 -0.31702 B   126 
 0.39995 -1.95287 -0.03718 B   127 
 0.44016 -1.65405 -0.15327 X   127 
 0.51139 -1.96551  0.30983 B   128 
 0.46949 -2.32372  0.49529 R   128 
 0.20617 -1.96417  0.53091 B   129 
 0.19382 -1.74493  0.39211 L   129 
