246 
 0.47102  0.48107  1.15483 B   1 
 0.28621  0.21758  1.42437 K   1 
 0.68596  0.20226  1.22144 B   2 
 0.90915  0.28660  1.12024 V   2 
 0.65775 -0.10305  1.12567 B   3 
 0.22603 -0.06465  1.11820 F   3 
 0.65811 -0.41655  1.16725 B   4 
 0.63196 -0.69030  1.00251 B   5 
 0.89182 -1.01121  0.86437 R   5 
 0.44358 -0.86534  1.19160 B   6 
 0.63279 -1.11035  1.24203 X   6 
 0.26418 -0.62009  1.25699 B   7 
 0.35208 -0.31222  1.48035 E   7 
 0.15757 -0.56148  0.97250 B   8 
 0.25935 -0.35436  0.77040 L   8 
 0.04577 -0.83754  0.90370 B   9 
 0.21715 -0.96666  0.87032 A   9 
-0.16504 -0.83850  1.12516 B   10 
-0.05646 -0.87216  1.31199 A   10 
-0.31849 -0.58483  1.03437 B   11 
-0.20823 -0.41597  1.11365 A   11 
-0.37269 -0.67287  0.74237 B   12 
-0.03659 -0.52702  0.51797 M   12 
-0.53375 -0.91761  0.82372 B   13 
-0.41913 -1.32176  0.93203 K   13 
-0.75522 -0.79621  0.99490 B   14 
-0.72436 -0.47592  1.31592 R   14 
-0.83084 -0.61052  0.73300 B   15 
-0.72157 -0.29244  0.92916 H   15 
-0.83642 -0.84695  0.48897 B   16 
-0.57107 -0.89019  0.28544 B   17 
-0.47983 -0.57907  0.27433 L   17 
-0.56588 -1.18086  0.29204 B   18 
-0.39289 -1.39959  0.42079 D   18 
-0.63774 -1.27997 -0.02540 B   19 
-0.55911 -1.55502  0.12221 N   19 
-0.69137 -1.03091 -0.16310 B   20 
-0.97044 -0.69333 -0.10501 Y   20 
-0.76353 -1.08494 -0.47710 B   21 
-1.12683 -0.79553 -0.57614 R   21 
-0.53247 -1.33196 -0.43839 B   22 
-0.33479 -1.19129 -0.22356 B   23 
-0.25806 -0.96545 -0.62903 Y   23 
-0.11579 -1.27072 -0.02887 B   24 
 0.01401 -1.46357 -0.05825 S   24 
 0.01425 -1.13338  0.24619 B   25 
-0.08537 -1.13517  0.54390 L   25 
 0.31455 -1.12239  0.14380 B   26 
 0.26448 -0.91320 -0.07848 B   27 
 0.18293 -1.13400 -0.32035 N   27 
 0.18189 -0.67577  0.09954 B   28 
-0.24099 -0.67034 -0.04248 W   28 
 0.43663 -0.66822  0.27204 B   29 
 0.41938 -0.81832  0.48360 V   29 
 0.63391 -0.63889  0.04029 B   30 
 0.75489 -0.81894 -0.13270 X   30 
 0.52553 -0.37273 -0.06772 B   31 
 0.34259 -0.42203 -0.17704 A   31 
 0.55421 -0.19955  0.18705 B   32 
 0.39223 -0.25385  0.31793 A   32 
 0.85810 -0.23367  0.20956 B   33 
 1.12927 -0.38468  0.35124 K   33 
 0.92879 -0.10471 -0.09344 B   34 
 1.13230 -0.45771 -0.14808 F   34 
 0.75427  0.16214 -0.06533 B   35 
 0.53565  0.08361 -0.32976 E   35 
 0.80363  0.24614  0.27688 B   36 
 0.58768  0.24015  0.32646 S   36 
 0.93420  0.06698  0.49676 B   37 
 1.22076  0.05909  0.50638 N   37 
 0.68251  0.07314  0.70323 B   38 
 0.77907 -0.32659  0.66226 F   38 
 0.60465  0.39121  0.65611 B   39 
 0.78792  0.59866  0.77337 N   39 
 0.32880  0.59610  0.70255 B   40 
 0.22221  0.50088  0.90678 T   40 
 0.49622  0.88415  0.63947 B   41 
 0.51561  1.03099  1.01020 Q   41 
 0.55199  0.83162  0.35336 B   42 
 0.68468  0.66796  0.33601 A   42 
 0.67925  1.05674  0.09554 B   43 
 0.54998  1.23090  0.20891 T   43 
 0.64960  1.10201 -0.27515 B   44 
 0.87194  0.87026 -0.17115 N   44 
 0.75042  1.26664 -0.53912 B   45 
 0.55822  1.73568 -0.55017 R   45 
 0.63270  1.31396 -0.86142 B   46 
 0.47669  1.02229 -0.77242 N   46 
 0.68610  1.40817 -1.18081 B   47 
 0.87798  1.28678 -1.30412 T   47 
 0.36124  1.48015 -1.21309 B   48 
 0.23182  1.25162 -1.17612 D   48 
 0.31411  1.61851 -0.90315 B   49 
 0.24993  1.40904 -0.74145 B   50 
 0.12568  1.22503 -0.84684 S   50 
 0.18609  1.18808 -0.44353 B   51 
 0.32230  1.38621 -0.31581 T   51 
 0.30395  0.95434 -0.22279 B   52 
 0.34720  0.74184 -0.48906 D   52 
 0.12633  0.76532  0.04064 B   53 
 0.05025  1.23789  0.00030 Y   53 
 0.24232  0.57741  0.27550 B   54 
 0.27963  0.22865  0.31313 B   55 
 0.22601  0.10021  0.54670 I   55 
 0.15152  0.21866 -0.01444 B   56 
 0.01623 -0.05983  0.07190 L   56 
 0.18969  0.45863 -0.19712 B   57 
 0.50493  0.56901 -0.10822 Q   57 
-0.05426  0.64738 -0.24254 B   58 
-0.28609  0.46731 -0.14302 I   58 
-0.18137  0.83466 -0.50156 B   59 
-0.03743  0.89785 -0.76253 N   59 
-0.29369  1.17722 -0.57218 B   60 
-0.12457  1.31464 -0.50113 S   60 
-0.42208  1.14801 -0.87019 B   61 
-0.17082  1.32926 -1.16788 R   61 
-0.64845  0.91086 -0.76822 B   62 
-0.52414  0.79941 -1.19245 W   62 
-0.69631  0.85497 -0.43247 B   63 
-0.62440  0.48657 -0.65858 W   63 
-0.60207  1.13931 -0.30526 B   64 
-0.42455  1.05064 -0.13707 X   64 
-0.60339  1.45152 -0.12356 B   65 
-0.76493  1.68370 -0.21421 N   65 
-0.34656  1.73892 -0.12098 B   66 
-0.16220  1.61665 -0.27502 D   66 
-0.40300  2.02399 -0.28187 B   67 
-0.14504  1.97109 -0.53135 B   68 
 0.25260  1.88807 -0.28736 R   68 
-0.31524  1.79319 -0.76842 B   69 
-0.18118  1.58847 -0.69528 T   69 
-0.38587  1.82882 -1.06716 B   70 
-0.23135  1.97576 -1.08456 P   70 
-0.63615  1.62741 -1.17717 B   71 
-0.75688  1.49054 -0.94029 B   72 
-0.63511  1.55495 -0.74666 S   72 
-0.97703  1.22312 -0.77984 B   73 
-1.13087  1.12522 -1.08712 R   73 
-1.02871  1.07897 -0.50105 B   74 
-1.02482  1.21879 -0.25940 N   74 
-1.14001  0.76549 -0.48261 B   75 
-1.08798  0.70939 -0.79712 L   75 
-1.10751  0.72859 -0.15368 B   76 
-0.88335  0.51902 -0.20198 X   76 
-1.20628  0.97439 -0.01305 B   77 
-1.45867  1.07762 -0.02225 N   77 
-0.91951  1.12578  0.09072 B   78 
-0.90716  0.89598  0.27436 I   78 
-0.68931  1.25029  0.26981 B   79 
-0.81526  1.35047  0.40316 P   79 
-0.36337  1.18413  0.23466 B   80 
-0.32146  1.25272 -0.07081 X   80 
-0.29871  1.20675  0.54482 B   81 
-0.38226  1.42591  0.59433 S   81 
-0.45485  0.94841  0.63056 B   82 
-0.65730  0.99273  0.59359 A   82 
-0.21299  0.76945  0.49907 B   83 
-0.35526  0.72339  0.20792 L   83 
-0.01679  0.85117  0.77154 B   84 
 0.11205  1.05649  0.54906 L   84 
-0.12673  0.70214  0.98325 B   85 
-0.34826  0.74674  1.11010 S   85 
-0.10774  0.45606  1.23008 B   86 
-0.07769  0.56464  1.44142 S   86 
-0.38133  0.39922  1.10448 B   87 
-0.64596  0.34799  1.21763 D   87 
-0.43206  0.17289  0.82841 B   88 
-0.24203 -0.01406  0.85344 I   88 
-0.72808  0.17492  0.73642 B   89 
-0.88112  0.15563  0.95247 T   89 
-0.71629  0.37258  0.49654 B   90 
-0.70910  0.57157  0.58370 A   90 
-0.50306  0.22361  0.32476 B   91 
-0.27297  0.34400  0.41357 S   91 
-0.65246 -0.04265  0.30125 B   92 
-0.61090 -0.20055  0.50634 V   92 
-0.91435  0.05088  0.17153 B   93 
-1.10226  0.07670  0.44940 N   93 
-0.76373  0.17374 -0.06873 B   94 
-0.67963  0.44291 -0.10950 X   94 
-0.60696 -0.07529 -0.16284 B   95 
-0.44716 -0.10211 -0.02110 A   95 
-0.85501 -0.24671 -0.22990 B   96 
-0.98062 -0.41536  0.18564 K   96 
-0.93099 -0.06082 -0.46821 B   97 
-1.16815  0.21661 -0.34526 K   97 
-0.67029 -0.07764 -0.63271 B   98 
-0.47743  0.13483 -0.51506 I   98 
-0.65559 -0.39535 -0.67526 B   99 
-0.58550 -0.53017 -0.49998 V   99 
-0.95794 -0.37801 -0.81779 B   100 
-1.06335 -0.44185 -0.58618 S   100 
-0.89279 -0.20404 -1.09093 B   101 
-0.82349  0.06473 -1.10984 D   101 
-0.71826 -0.45485 -1.28862 B   102 
-0.38259 -0.47573 -1.22435 B   103 
-0.36249 -0.26025 -1.46608 N   103 
-0.36259 -0.51762 -0.95071 B   104 
-0.04310 -0.51052 -0.79939 B   105 
-0.03326 -0.69484 -0.45337 M   105 
 0.08414 -0.34602 -1.04465 B   106 
 0.08723 -0.61959 -1.23043 N   106 
 0.02919 -0.06562 -0.91409 B   107 
-0.17813 -0.06664 -0.88664 A   107 
 0.29256 -0.15917 -0.76455 B   108 
-0.03202 -0.11351 -0.43169 W   108 
 0.60610 -0.11065 -0.86174 B   109 
 0.63312  0.10546 -0.99637 V   109 
 0.75673 -0.25827 -0.63046 B   110 
 0.78108 -0.11245 -0.47512 A   110 
 0.60774 -0.52257 -0.65672 B   111 
 0.29625 -0.75613 -0.66154 W   111 
 0.66956 -0.58641 -0.95378 B   112 
 0.59613 -0.34563 -1.29283 R   112 
 0.99866 -0.54077 -0.92712 B   113 
 0.98669 -0.29085 -1.13376 N   113 
 1.02364 -0.70679 -0.61329 B   114 
 1.30009 -0.32222 -0.44579 R   114 
 0.77372 -0.93275 -0.57361 B   115 
 0.71455 -0.72031 -0.34349 X   115 
 0.70516 -1.05026 -0.82613 B   116 
 0.41540 -0.96156 -1.15209 K   116 
 0.78369 -1.39634 -0.84395 B   117 
 0.83787 -1.43048 -0.55259 B   118 
 0.98235 -1.21834 -0.51374 T   118 
 0.88928 -1.52858 -0.21411 B   119 
 0.92600 -1.78767 -0.09696 D   119 
 0.64572 -1.38108 -0.02606 B   120 
 0.51717 -1.28298 -0.21663 V   120 
 0.62861 -1.56660  0.22567 B   121 
 0.47222 -1.91530  0.05987 Q   121 
 0.88774 -1.45296  0.36333 B   122 
 1.04072 -1.50131  0.23215 A   122 
 0.72719 -1.19671  0.48703 B   123 
 0.93937 -0.93732  0.22017 W   123 
 0.57837 -1.40840  0.71664 B   124 
 0.34056 -1.39964  0.59159 I   124 
 0.78869 -1.52318  0.86441 B   125 
 0.92749 -1.82133  0.46414 R   125 
 0.74834 -1.58095  1.21175 B   126 
 0.45278 -1.51803  1.21062 B   127 
 0.52637 -1.23558  1.07210 X   127 
 0.15485 -1.47917  1.41732 B   128 
 0.02433 -1.81525  1.60303 R   128 
-0.13716 -1.62746  1.23082 B   129 
-0.04340 -1.43980  1.07758 L   129 
