246 
 1.13506  0.18705  0.68085 B   1 
 1.12518 -0.14866  0.93272 K   1 
 1.31007 -0.08616  0.52884 B   2 
 1.43189  0.03500  0.33481 V   2 
 1.19253 -0.35657  0.40140 B   3 
 0.85609 -0.34333  0.67444 F   3 
 1.18074 -0.66935  0.35624 B   4 
 1.02617 -0.89109  0.18390 B   5 
 1.10521 -1.14822 -0.15850 R   5 
 0.97465 -1.12066  0.39959 B   6 
 1.12370 -1.35858  0.25978 X   6 
 0.90449 -0.91243  0.61943 B   7 
 1.14733 -0.66960  0.80508 E   7 
 0.65348 -0.78741  0.48868 B   8 
 0.63338 -0.52868  0.32508 L   8 
 0.49089 -1.04174  0.44050 B   9 
 0.58843 -1.14706  0.27756 A   9 
 0.46270 -1.11355  0.73636 B   10 
 0.65817 -1.18871  0.79935 A   10 
 0.31773 -0.85452  0.82597 B   11 
 0.47269 -0.70626  0.85696 A   11 
 0.08533 -0.86561  0.62146 B   12 
 0.22677 -0.64606  0.28031 M   12 
-0.01954 -1.13227  0.72319 B   13 
 0.08788 -1.54311  0.63442 K   13 
-0.07229 -1.07365  1.01793 B   14 
 0.18765 -0.84799  1.31474 R   14 
-0.27000 -0.83038  0.91536 B   15 
-0.02600 -0.56929  1.06993 H   15 
-0.45281 -0.99408  0.68029 B   16 
-0.37638 -0.96631  0.35304 B   17 
-0.27475 -0.65839  0.36312 L   17 
-0.40317 -1.24760  0.28439 B   18 
-0.21544 -1.48182  0.21926 D   18 
-0.66630 -1.26369  0.06931 B   19 
-0.54727 -1.56272  0.06344 N   19 
-0.76288 -0.99081  0.06067 B   20 
-0.90411 -0.69769  0.35958 Y   20 
-1.01872 -0.96442 -0.14076 B   21 
-1.32801 -0.68130  0.08226 R   21 
-0.84449 -1.19870 -0.31587 B   22 
-0.54143 -1.10808 -0.24549 B   23 
-0.70388 -0.77925 -0.54008 Y   23 
-0.26055 -1.22279 -0.25662 B   24 
-0.20062 -1.39301 -0.40606 S   24 
 0.02644 -1.15527 -0.10007 B   25 
 0.13168 -1.24135  0.18290 L   25 
 0.19882 -1.09983 -0.36084 B   26 
 0.04821 -0.84285 -0.44421 B   27 
-0.19061 -0.99659 -0.62651 N   27 
 0.12183 -0.66605 -0.20295 B   28 
-0.29442 -0.64859 -0.04340 W   28 
 0.42735 -0.68906 -0.23181 B   29 
 0.52601 -0.89033 -0.10014 V   29 
 0.44209 -0.58803 -0.52003 B   30 
 0.40837 -0.70861 -0.76761 X   30 
 0.32317 -0.30976 -0.46831 B   31 
 0.10744 -0.33931 -0.44737 A   31 
 0.52299 -0.20841 -0.25496 B   32 
 0.47073 -0.30482 -0.06978 A   32 
 0.76957 -0.22910 -0.43605 B   33 
 1.04990 -0.39567 -0.53642 K   33 
 0.65379 -0.02090 -0.67414 B   34 
 0.73641 -0.33429 -0.92709 F   34 
 0.56711  0.21823 -0.47983 B   35 
 0.22468  0.19926 -0.55899 E   35 
 0.82613  0.21190 -0.23597 B   36 
 0.68761  0.18023 -0.06586 S   36 
 1.04160 -0.01074 -0.19733 B   37 
 1.26989 -0.00381 -0.37084 N   37 
 0.97317 -0.07418  0.11461 B   38 
 0.97523 -0.44252 -0.07276 F   38 
 0.92170  0.23985  0.20510 B   39 
 1.16155  0.41961  0.22811 N   39 
 0.75989  0.40847  0.46124 B   40 
 0.79099  0.25665  0.65649 T   40 
 0.88615  0.71241  0.37961 B   41 
 1.14689  0.75729  0.67857 Q   41 
 0.74734  0.74051  0.11947 B   42 
 0.82043  0.59539 -0.01579 A   42 
 0.71499  1.03275 -0.09708 B   43 
 0.70488  1.16288  0.10995 T   43 
 0.46934  1.17222 -0.34313 B   44 
 0.67875  0.93492 -0.46059 N   44 
 0.40533  1.40627 -0.56238 B   45 
 0.30506  1.84934 -0.33725 R   45 
 0.12105  1.52971 -0.71705 B   46 
 0.01919  1.21615 -0.62414 N   46 
-0.02245  1.70773 -0.96494 B   47 
 0.03668  1.63477 -1.20565 T   47 
-0.28683  1.76620 -0.76889 B   48 
-0.39239  1.52872 -0.71596 D   48 
-0.11633  1.81498 -0.47566 B   49 
-0.09205  1.56687 -0.36612 B   50 
-0.27579  1.41006 -0.41145 S   50 
 0.01489  1.27184 -0.15833 B   51 
 0.22338  1.43708 -0.10044 T   51 
 0.21443  0.99566 -0.12433 B   52 
 0.05887  0.86378 -0.40060 D   52 
 0.21533  0.73370  0.13653 B   53 
 0.18797  1.19481  0.26832 Y   53 
 0.42760  0.49781  0.19327 B   54 
 0.43795  0.15432  0.11361 B   55 
 0.52439 -0.03406  0.28958 I   55 
 0.13545  0.22336 -0.05235 B   56 
 0.04968 -0.07558  0.02885 L   56 
 0.08166  0.50481 -0.15389 B   57 
 0.39526  0.60644 -0.25776 Q   57 
-0.11373  0.68399  0.01018 B   58 
-0.25481  0.47059  0.18520 I   58 
-0.34960  0.92497 -0.05774 B   59 
-0.39034  1.06312 -0.32619 N   59 
-0.43944  1.26672  0.04271 B   60 
-0.24744  1.39038  0.02327 S   60 
-0.72628  1.30944 -0.10575 B   61 
-0.69179  1.57734 -0.43990 R   61 
-0.86845  1.04077  0.05387 B   62 
-1.04587  1.05260 -0.36594 W   62 
-0.70597  0.89566  0.31974 B   63 
-0.83322  0.60479  0.01772 W   63 
-0.52016  1.14154  0.42428 B   64 
-0.28902  1.02243  0.41710 X   64 
-0.37196  1.39421  0.63567 B   65 
-0.52573  1.63202  0.72523 N   65 
-0.13571  1.68555  0.54691 B   66 
-0.10145  1.61937  0.28784 D   66 
-0.24442  1.99905  0.53149 B   67 
-0.20317  2.02918  0.17237 B   68 
 0.24681  1.90865  0.08558 R   68 
-0.50297  1.91021  0.05930 B   69 
-0.37809  1.70180 -0.01948 T   69 
-0.73746  2.01900 -0.11004 B   70 
-0.61010  2.17426 -0.18382 P   70 
-1.02435  1.83914 -0.08441 B   71 
-0.98919  1.63778  0.13385 B   72 
-0.76747  1.65604  0.21737 S   72 
-1.09418  1.32492  0.32573 B   73 
-1.41481  1.30245  0.16964 R   73 
-0.98031  1.10961  0.53030 B   74 
-0.81188  1.18081  0.74129 N   74 
-1.09334  0.79630  0.53760 B   75 
-1.25295  0.82822  0.25783 L   75 
-0.87015  0.67606  0.75287 B   76 
-0.75033  0.50035  0.52645 X   76 
-0.83113  0.86980  0.97846 B   77 
-1.02108  0.95660  1.15403 N   77 
-0.52565  1.00531  0.91332 B   78 
-0.43067  0.73641  0.98652 I   78 
-0.22115  1.09173  0.93296 B   79 
-0.22527  1.14556  1.13486 P   79 
 0.00330  1.05668  0.68751 B   80 
-0.14367  1.20569  0.45092 X   80 
 0.24715  1.00062  0.88316 B   81 
 0.23882  1.19362  1.02509 S   81 
 0.14719  0.71999  0.98179 B   82 
-0.02800  0.76035  1.09132 A   82 
 0.23332  0.59673  0.68991 B   83 
-0.06214  0.62059  0.55112 L   83 
 0.56362  0.61532  0.78980 B   84 
 0.55185  0.87928  0.59374 L   84 
 0.59024  0.40951  0.97967 B   85 
 0.50097  0.40585  1.22293 S   85 
 0.72730  0.10868  1.09175 B   86 
 0.89373  0.15936  1.25634 S   86 
 0.43002  0.07075  1.15531 B   87 
 0.28722 -0.02413  1.39209 D   87 
 0.19353 -0.07747  0.92703 B   88 
 0.33456 -0.25276  0.78187 I   88 
-0.09351 -0.06891  1.04380 B   89 
-0.08222 -0.15350  1.29517 T   89 
-0.20811  0.18530  0.90598 B   90 
-0.12502  0.35436  1.01440 A   90 
-0.16547  0.09981  0.60926 B   91 
 0.08292  0.20602  0.56086 S   91 
-0.32833 -0.15927  0.62057 B   92 
-0.18876 -0.36285  0.70888 V   92 
-0.60098 -0.05063  0.71015 B   93 
-0.57343 -0.11015  1.04012 N   93 
-0.61661  0.13992  0.46735 B   94 
-0.54382  0.41483  0.44970 X   94 
-0.58220 -0.06574  0.23937 B   95 
-0.37371 -0.11938  0.23855 A   95 
-0.83734 -0.22789  0.30279 B   96 
-0.69992 -0.50721  0.64919 K   96 
-1.02080  0.00934  0.21803 B   97 
-1.09670  0.22995  0.52446 K   97 
-0.92082  0.05200 -0.07091 B   98 
-0.67265  0.23706 -0.05238 I   98 
-0.97368 -0.24183 -0.18856 B   99 
-0.82744 -0.41363 -0.13462 V   99 
-1.29488 -0.20559 -0.10169 B   100 
-1.24225 -0.33434  0.12076 S   100 
-1.39120  0.03774 -0.30325 B   101 
-1.31656  0.30564 -0.29552 D   101 
-1.40689 -0.14128 -0.61972 B   102 
-1.10827 -0.15833 -0.78639 B   103 
-1.21540  0.11402 -0.92647 N   103 
-0.92942 -0.26955 -0.60563 B   104 
-0.58652 -0.28355 -0.69073 B   105 
-0.38817 -0.55158 -0.48429 M   105 
-0.61844 -0.05299 -0.91259 B   106 
-0.76313 -0.26727 -1.11878 N   106 
-0.54730  0.17933 -0.71345 B   107 
-0.69211  0.15878 -0.56397 A   107 
-0.26132  0.06555 -0.78923 B   108 
-0.30408  0.00252 -0.32833 W   108 
-0.07092  0.15654 -1.04530 B   109 
-0.10670  0.40169 -1.10994 V   109 
 0.17099 -0.03755 -1.00308 B   110 
 0.30302  0.06339 -0.86755 A   110 
 0.00700 -0.29398 -0.99360 B   111 
-0.26676 -0.53614 -0.85937 W   111 
-0.13518 -0.27352 -1.26838 B   112 
-0.37201  0.04325 -1.41632 R   112 
 0.14317 -0.21700 -1.44282 B   113 
 0.03676  0.07734 -1.52847 N   113 
 0.33571 -0.45804 -1.26531 B   114 
 0.70034 -0.11542 -1.22025 R   114 
 0.13822 -0.70094 -1.13458 B   115 
 0.25914 -0.56052 -0.87526 X   115 
-0.08463 -0.75164 -1.30792 B   116 
-0.50026 -0.59763 -1.34798 K   116 
-0.07593 -1.07549 -1.45386 B   117 
 0.14138 -1.18189 -1.27938 B   118 
 0.30334 -0.97926 -1.28931 T   118 
 0.37784 -1.36244 -1.08361 B   119 
 0.44740 -1.64057 -1.08213 D   119 
 0.32139 -1.28445 -0.75624 B   120 
 0.11578 -1.14745 -0.79396 V   120 
 0.44059 -1.53041 -0.60335 B   121 
 0.17488 -1.83180 -0.71337 Q   121 
 0.74085 -1.44182 -0.63519 B   122 
 0.77359 -1.44471 -0.83981 A   122 
 0.72257 -1.23724 -0.38112 B   123 
 0.75494 -0.90456 -0.64906 W   123 
 0.72239 -1.51041 -0.16885 B   124 
 0.46120 -1.48319 -0.11133 I   124 
 0.96339 -1.64732 -0.21798 B   125 
 0.78960 -1.82070 -0.67417 R   125 
 1.13863 -1.79684  0.05137 B   126 
 0.91515 -1.75356  0.25011 B   127 
 0.92122 -1.44073  0.16958 X   127 
 0.81475 -1.78833  0.59898 B   128 
 0.78690 -2.16861  0.73713 R   128 
 0.45468 -1.89937  0.60665 B   129 
 0.45603 -1.67273  0.47967 L   129 
