246 
-0.69403 -0.01306  1.14239 B   1 
-0.62003 -0.40668  1.26817 K   1 
-0.40627 -0.02215  1.35566 B   2 
-0.37270  0.23022  1.40418 V   2 
-0.11284 -0.13821  1.29559 B   3 
-0.28012 -0.42920  1.02125 F   3 
 0.14666 -0.30653  1.36148 B   4 
 0.43827 -0.37155  1.24530 B   5 
 0.85182 -0.26490  1.33013 R   5 
 0.46305 -0.68562  1.29653 B   6 
 0.71898 -0.68929  1.47780 X   6 
 0.16773 -0.73300  1.21198 B   7 
-0.15566 -0.63666  1.40830 E   7 
 0.18655 -0.63953  0.91764 B   8 
 0.11107 -0.36654  0.79979 L   8 
 0.41812 -0.81595  0.82440 B   9 
 0.59751 -0.73579  0.91686 A   9 
 0.27154 -1.08057  0.86888 B   10 
 0.26712 -1.11174  1.08529 A   10 
 0.03404 -1.02661  0.67698 B   11 
-0.10795 -0.90705  0.78880 A   11 
 0.20061 -0.96046  0.42433 B   12 
 0.26094 -0.53532  0.43900 M   12 
 0.33438 -1.23336  0.41524 B   13 
 0.68500 -1.39515  0.61297 K   13 
 0.09561 -1.42278  0.40088 B   14 
-0.29231 -1.41105  0.63746 R   14 
 0.00470 -1.25835  0.12979 B   15 
-0.31095 -1.12804  0.31681 H   15 
 0.29906 -1.25100 -0.03984 B   16 
 0.49504 -0.97670 -0.03219 B   17 
 0.25545 -0.75845 -0.01785 L   17 
 0.74883 -1.11316  0.00685 B   18 
 0.94805 -1.15561  0.23675 D   18 
 0.92880 -1.05222 -0.27539 B   19 
 1.14064 -1.19906 -0.08256 N   19 
 0.74399 -0.90450 -0.44240 B   20 
 0.33899 -0.97694 -0.60346 Y   20 
 0.88313 -0.82427 -0.72688 B   21 
 0.55106 -0.90139 -1.05754 R   21 
 1.15832 -0.79267 -0.52895 B   22 
 1.01916 -0.69125 -0.25443 B   23 
 0.99360 -0.32529 -0.54892 Y   23 
 1.08684 -0.66790  0.04061 B   24 
 1.30745 -0.64991  0.11746 S   24 
 0.90723 -0.64737  0.32124 B   25 
 0.76868 -0.87017  0.49364 L   25 
 1.02984 -0.37307  0.42380 B   26 
 0.91195 -0.19900  0.19692 B   27 
 1.16785 -0.24042 -0.01920 N   27 
 0.61295 -0.23657  0.26072 B   28 
 0.52646 -0.46900 -0.11012 W   28 
 0.62385 -0.13521  0.55109 B   29 
 0.67264 -0.32483  0.72211 V   29 
 0.74507  0.13814  0.48728 B   30 
 1.00410  0.22803  0.44486 X   30 
 0.51716  0.23931  0.30819 B   31 
 0.54244  0.13853  0.11570 A   31 
 0.28155  0.21350  0.50705 B   32 
 0.23018  0.00471  0.51611 A   32 
 0.39922  0.40631  0.71442 B   33 
 0.56541  0.46040  1.00744 K   33 
 0.41919  0.67071  0.50674 B   34 
 0.81258  0.67938  0.62585 F   34 
 0.12011  0.65579  0.39369 B   35 
 0.21634  0.59341  0.06092 E   35 
-0.06277  0.55897  0.68315 B   36 
-0.14384  0.37473  0.59035 S   36 
 0.05513  0.45858  0.95428 B   37 
 0.14904  0.65767  1.13817 N   37 
-0.10513  0.17524  0.96122 B   38 
 0.29039  0.07753  1.03046 F   38 
-0.39110  0.29234  0.84304 B   39 
-0.55768  0.46386  1.02525 N   39 
-0.67462  0.16560  0.68883 B   40 
-0.69944 -0.05923  0.79359 T   40 
-0.85098  0.45432  0.71155 B   41 
-1.10877  0.35103  0.99835 Q   41 
-0.68293  0.61392  0.52712 B   42 
-0.49135  0.64171  0.61208 A   42 
-0.74578  0.94187  0.37932 B   43 
-0.98052  0.87320  0.37057 T   43 
-0.65950  1.12820  0.06599 B   44 
-0.42426  1.12783  0.30811 N   44 
-0.67549  1.41159 -0.09643 B   45 
-1.14294  1.49880 -0.27232 R   45 
-0.63647  1.51071 -0.42602 B   46 
-0.46280  1.21552 -0.42106 N   46 
-0.58554  1.75445 -0.65346 B   47 
-0.37361  1.89836 -0.61972 T   47 
-0.73942  1.56920 -0.88533 B   48 
-0.59365  1.34919 -0.91150 D   48 
-0.98861  1.44430 -0.68599 B   49 
-0.88444  1.21778 -0.57651 B   50 
-0.72407  1.09410 -0.71575 S   50 
-0.81983  0.91757 -0.35890 B   51 
-0.99694  1.04534 -0.19634 T   51 
-0.65847  0.78183 -0.08911 B   52 
-0.36152  0.84703 -0.24878 D   52 
-0.64518  0.43158  0.02842 B   53 
-1.06836  0.61933 -0.09967 Y   53 
-0.52969  0.30896  0.30329 B   54 
-0.22621  0.15279  0.39244 B   55 
-0.21591 -0.06406  0.55613 I   55 
-0.13837  0.22005  0.05840 B   56 
 0.03128 -0.05259  0.07258 L   56 
-0.26979  0.45264 -0.08666 B   57 
-0.29933  0.68833  0.16441 Q   57 
-0.49558  0.38763 -0.29159 B   58 
-0.44743  0.08476 -0.33661 I   58 
-0.60521  0.51404 -0.59212 B   59 
-0.51983  0.77938 -0.71507 N   59 
-0.91492  0.62953 -0.75240 B   60 
-1.00779  0.78105 -0.60767 S   60 
-0.82112  0.67265 -1.06142 B   61 
-0.79184  1.08985 -1.15986 R   61 
-0.72216  0.34562 -1.09515 B   62 
-0.43043  0.59662 -1.33958 W   62 
-0.81087  0.11571 -0.85553 B   63 
-0.38299  0.10805 -0.94973 W   63 
-1.07656  0.25393 -0.72818 B   64 
-1.00421  0.25619 -0.47833 X   64 
-1.41672  0.30862 -0.61961 B   65 
-1.63800  0.34653 -0.81408 N   65 
-1.58824  0.62880 -0.49062 B   66 
-1.36669  0.78229 -0.48546 D   66 
-1.79700  0.80312 -0.68132 B   67 
-1.57813  1.09062 -0.71318 B   68 
-1.46887  1.21691 -0.26972 R   68 
-1.38956  1.00277 -0.98436 B   69 
-1.19461  0.96668 -0.82334 T   69 
-1.33404  1.11865 -1.26541 B   70 
-1.40756  1.30858 -1.19991 P   70 
-1.19655  0.89777 -1.48362 B   71 
-1.20128  0.62665 -1.35756 B   72 
-1.28989  0.64782 -1.13809 S   72 
-1.09518  0.26045 -1.33847 B   73 
-0.94589  0.25745 -1.66308 R   73 
-1.08701  0.01485 -1.13650 B   74 
-1.29643 -0.03803 -0.95958 N   74 
-0.85436 -0.22272 -1.15714 B   75 
-0.67400 -0.05323 -1.36573 L   75 
-0.93184 -0.38202 -0.87566 B   76 
-0.65986 -0.29401 -0.75408 X   76 
-1.22963 -0.40857 -0.85193 B   77 
-1.39641 -0.53820 -1.02463 N   77 
-1.30950 -0.18167 -0.61098 B   78 
-1.17138 -0.37334 -0.43529 I   78 
-1.41121 -0.04631 -0.34282 B   79 
-1.58740 -0.15747 -0.32608 P   79 
-1.23747  0.17639 -0.16374 B   80 
-1.17281  0.39274 -0.38461 X   80 
-1.35007  0.07787  0.11645 B   81 
-1.58647  0.09565  0.08093 S   81 
-1.20443 -0.20009  0.11526 B   82 
-1.29370 -0.30731 -0.04238 A   82 
-0.92331 -0.04297  0.17928 B   83 
-0.82164 -0.02130 -0.13108 L   83 
-1.03235  0.00061  0.50428 B   84 
-1.09027  0.30260  0.38723 L   84 
-1.01384 -0.25575  0.61852 B   85 
-1.16917 -0.45908  0.57750 S   85 
-0.88241 -0.48208  0.84950 B   86 
-1.04515 -0.51547  1.02200 S   86 
-0.87321 -0.64391  0.58953 B   87 
-0.95324 -0.91671  0.52149 D   87 
-0.59026 -0.64839  0.36609 B   88 
-0.37564 -0.61135  0.52182 I   88 
-0.65196 -0.81566  0.11249 B   89 
-0.76228 -1.04432  0.19004 T   89 
-0.73380 -0.59334 -0.08907 B   90 
-0.93761 -0.53825 -0.03740 A   90 
-0.47328 -0.42257 -0.07731 B   91 
-0.53844 -0.24382  0.12048 S   91 
-0.27870 -0.64442 -0.15913 B   92 
-0.20214 -0.79185  0.04366 V   92 
-0.39599 -0.72488 -0.43104 B   93 
-0.57938 -0.98866 -0.33117 N   93 
-0.36832 -0.43700 -0.53997 B   94 
-0.56261 -0.22876 -0.54881 X   94 
-0.06636 -0.39335 -0.49138 B   95 
-0.04413 -0.36150 -0.27963 A   95 
 0.02990 -0.62010 -0.67775 B   96 
-0.01375 -0.99960 -0.41135 K   96 
-0.06992 -0.46771 -0.93060 B   97 
-0.43268 -0.57074 -1.00883 K   97 
 0.08720 -0.20397 -0.89801 B   98 
-0.08090 -0.02333 -0.71015 I   98 
 0.38562 -0.32157 -0.88881 B   99 
 0.46186 -0.42246 -0.69433 V   99 
 0.32695 -0.46078 -1.18748 B   100 
 0.26503 -0.68375 -1.06386 S   100 
 0.29486 -0.19422 -1.37991 B   101 
 0.08827 -0.00790 -1.38066 D   101 
 0.64181 -0.08644 -1.40141 B   102 
 0.74266  0.11463 -1.14326 B   103 
 0.64853  0.35230 -1.34307 N   103 
 0.68579 -0.02827 -0.91222 B   104 
 0.72526  0.13045 -0.59874 B   105 
 0.76350 -0.12330 -0.30219 M   105 
 0.71091  0.42351 -0.73031 B   106 
 1.01928  0.39036 -0.84507 N   106 
 0.40033  0.45009 -0.69128 B   107 
 0.32571  0.28558 -0.79665 A   107 
 0.51087  0.52164 -0.40295 B   108 
 0.24686  0.14050 -0.34581 W   108 
 0.60289  0.82058 -0.29216 B   109 
 0.47130  1.00968 -0.40389 V   109 
 0.69533  0.74385 -0.00314 B   110 
 0.51863  0.75204  0.11808 A   110 
 0.88933  0.52462 -0.08706 B   111 
 0.99724  0.19132 -0.25697 W   111 
 1.07319  0.68878 -0.27517 B   112 
 0.96287  0.91955 -0.61117 R   112 
 1.12745  0.93534 -0.05754 B   113 
 0.98022  1.14833 -0.25313 N   113 
 1.16619  0.71736  0.22114 B   114 
 0.85559  1.01456  0.48109 R   114 
 1.27066  0.40987  0.12301 B   115 
 0.98192  0.35130  0.24462 X   115 
 1.44408  0.43188 -0.10440 B   116 
 1.39384  0.42768 -0.54660 K   116 
 1.77848  0.33474 -0.03372 B   117 
 1.71915  0.21135  0.23131 B   118 
 1.56482  0.39642  0.32785 T   118 
 1.69777  0.03211  0.53832 B   119 
 1.89351 -0.12225  0.67994 D   119 
 1.42301 -0.16950  0.52089 B   120 
 1.36604 -0.12058  0.28250 V   120 
 1.48820 -0.39592  0.72719 B   121 
 1.80471 -0.59008  0.53833 Q   121 
 1.42028 -0.22388  0.98176 B   122 
 1.55883 -0.06981  0.97780 A   122 
 1.10000 -0.28175  0.95327 B   123 
 1.03726  0.12843  0.84679 W   123 
 1.15458 -0.60480  1.06435 B   124 
 1.11743 -0.71008  0.81980 I   124 
 1.26760 -0.58080  1.32104 B   125 
 1.71866 -0.41930  1.12396 R   125 
 1.17868 -0.81199  1.57453 B   126 
 1.03063 -0.99595  1.38597 B   127 
 0.85706 -0.73990  1.29272 X   127 
 0.82704 -1.29751  1.36132 B   128 
 1.01236 -1.64382  1.46233 R   128 
 0.93274 -1.48513  1.05201 B   129 
 0.85393 -1.25172  0.96958 L   129 
