246 
 0.94380  0.32209  0.89017 B   1 
 1.26859  0.38636  0.63206 K   1 
 0.96049  0.66763  0.79692 B   2 
 0.79515  0.77268  0.96661 V   2 
 0.89312  0.80500  0.51449 B   3 
 1.00795  0.44237  0.30657 F   3 
 0.94933  0.99750  0.26995 B   4 
 0.81373  1.10396 -0.00031 B   5 
 0.62391  1.46781 -0.14585 R   5 
 1.05792  1.09725 -0.20575 B   6 
 1.06475  1.39950 -0.28922 X   6 
 1.15905  0.82607 -0.09241 B   7 
 1.33117  0.75994  0.25169 E   7 
 0.91449  0.65030 -0.16332 B   8 
 0.68103  0.56766  0.01772 L   8 
 0.89537  0.71044 -0.46241 B   9 
 0.82104  0.91376 -0.47956 A   9 
 1.16778  0.59067 -0.53265 B   10 
 1.31706  0.73351 -0.46097 A   10 
 1.11163  0.30317 -0.43098 B   11 
 1.14687  0.30678 -0.21720 A   11 
 0.85257  0.25294 -0.59322 B   12 
 0.53372  0.38546 -0.33756 M   12 
 0.98956  0.28660 -0.86259 B   13 
 1.08156  0.63540 -1.10358 K   13 
 1.21048  0.07652 -0.85031 B   14 
 1.49174 -0.02178 -0.50705 R   14 
 0.97191 -0.14485 -0.79670 B   15 
 1.11135 -0.20572 -0.43831 H   15 
 0.75261 -0.06023 -1.04210 B   16 
 0.48402  0.13188 -0.97385 B   17 
 0.43076  0.01883 -0.67447 L   17 
 0.50418  0.30767 -1.20460 B   18 
 0.58917  0.59772 -1.25932 D   18 
 0.22645  0.24491 -1.39083 B   19 
 0.35956  0.49779 -1.53901 N   19 
 0.09701  0.02888 -1.24785 B   20 
 0.21490 -0.37607 -1.11619 Y   20 
-0.17973 -0.05985 -1.39707 B   21 
-0.18538 -0.53455 -1.38364 R   21 
-0.19603  0.27403 -1.46161 B   22 
-0.05477  0.39027 -1.19413 B   23 
-0.47652  0.23569 -1.05439 Y   23 
 0.07272  0.64815 -1.09708 B   24 
 0.01753  0.85702 -1.18778 S   24 
 0.29120  0.72552 -0.85684 B   25 
 0.60464  0.70894 -0.85062 L   25 
 0.10643  0.93381 -0.70430 B   26 
-0.10282  0.72676 -0.60933 B   27 
-0.29906  0.74307 -0.88343 N   27 
 0.07863  0.55898 -0.42545 B   28 
 0.06397  0.19528 -0.68339 W   28 
 0.17005  0.78940 -0.24309 B   29 
 0.38526  0.90684 -0.32955 V   29 
-0.10982  0.87985 -0.15951 B   30 
-0.30051  1.04512 -0.27484 X   30 
-0.19604  0.61690 -0.02657 B   31 
-0.24545  0.48010 -0.18995 A   31 
 0.03025  0.58965  0.18265 B   32 
 0.20482  0.52103  0.07713 A   32 
-0.03371  0.85256  0.32688 B   33 
 0.03188  1.18254  0.38362 K   33 
-0.35061  0.77085  0.40646 B   34 
-0.44268  1.12628  0.22151 F   34 
-0.28769  0.48327  0.53213 B   35 
-0.47365  0.30410  0.29296 E   35 
 0.02100  0.54229  0.69897 B   36 
 0.13076  0.38650  0.58579 S   36 
 0.20324  0.79438  0.67204 B   37 
 0.13055  1.02571  0.82526 N   37 
 0.47268  0.63532  0.58193 B   38 
 0.42686  0.93702  0.30326 F   38 
 0.43319  0.37824  0.78639 B   39 
 0.48174  0.42421  1.07948 N   39 
 0.54601  0.05123  0.81010 B   40 
 0.77699  0.06494  0.71735 T   40 
 0.42239  0.00088  1.12181 B   41 
 0.76364  0.00534  1.32896 Q   41 
 0.13551  0.01728  1.04999 B   42 
 0.08945  0.21375  0.98700 A   42 
-0.15951 -0.06725  1.24789 B   43 
-0.02314 -0.24769  1.34140 T   43 
-0.50791 -0.19236  1.19044 B   44 
-0.46007  0.13900  1.14715 N   44 
-0.79802 -0.26342  1.32361 B   45 
-0.77815 -0.69133  1.59481 R   45 
-1.07496 -0.44898  1.22952 B   46 
-0.92963 -0.38229  0.92660 N   46 
-1.40073 -0.52721  1.26806 B   47 
-1.56738 -0.33062  1.24957 T   47 
-1.34210 -0.83075  1.14085 B   48 
-1.25750 -0.79079  0.89269 D   48 
-1.03944 -0.88584  1.29181 B   49 
-0.85529 -0.78053  1.12109 B   50 
-0.91069 -0.79154  0.88189 S   50 
-0.54036 -0.64056  0.96983 B   51 
-0.46779 -0.62391  1.23170 T   51 
-0.35076 -0.36627  0.89197 B   52 
-0.60662 -0.26189  0.68810 D   52 
-0.03782 -0.34125  0.69674 B   53 
-0.07949 -0.68611  1.02851 Y   53 
 0.16341 -0.09241  0.65785 B   54 
 0.20710  0.14892  0.40430 B   55 
 0.45267  0.22961  0.31997 I   55 
-0.06888 -0.01227  0.25707 B   56 
 0.06727  0.06240 -0.02436 L   56 
-0.26723 -0.16010  0.43375 B   57 
-0.27857  0.04050  0.71498 Q   57 
-0.25056 -0.47130  0.44268 B   58 
-0.07928 -0.52736  0.19050 I   58 
-0.47167 -0.73340  0.46987 B   59 
-0.76594 -0.71057  0.54536 N   59 
-0.52503 -1.03663  0.67025 B   60 
-0.51290 -0.97011  0.88925 S   60 
-0.77163 -1.18076  0.51352 B   61 
-1.13808 -1.15042  0.73578 R   61 
-0.59656 -1.19858  0.21871 B   62 
-1.03213 -1.12195  0.10797 W   62 
-0.25875 -1.13513  0.21763 B   63 
-0.47621 -0.90874 -0.08810 W   63 
-0.17917 -1.20204  0.52602 B   64 
-0.06462 -0.97666  0.58722 X   64 
-0.02149 -1.34916  0.81582 B   65 
-0.07405 -1.63037  0.89569 N   65 
-0.10796 -1.31566  1.18995 B   66 
-0.30179 -1.13069  1.16016 D   66 
-0.26068 -1.55971  1.35564 B   67 
-0.57058 -1.37708  1.40238 B   68 
-0.44705 -0.96696  1.60509 R   68 
-0.73904 -1.45446  1.11524 B   69 
-0.69679 -1.21445  1.03878 T   69 
-1.00635 -1.59144  1.04255 B   70 
-1.07512 -1.55991  1.24265 P   70 
-1.02904 -1.69203  0.71901 B   71 
-0.76059 -1.65836  0.59165 B   72 
-0.61378 -1.56127  0.75130 S   72 
-0.52978 -1.64168  0.28805 B   73 
-0.77431 -1.76739  0.05986 R   73 
-0.24069 -1.54107  0.20157 B   74 
-0.01808 -1.57088  0.36743 N   74 
-0.17454 -1.44087 -0.10921 B   75 
-0.48732 -1.43109 -0.19192 L   75 
 0.13266 -1.32692 -0.05217 B   76 
 0.03314 -1.03809 -0.10848 X   76 
 0.28255 -1.51989  0.12174 B   77 
 0.34079 -1.78022  0.06449 N   77 
 0.29144 -1.36262  0.42358 B   78 
 0.47566 -1.18092  0.28311 I   78 
 0.39004 -1.21867  0.68840 B   79 
 0.54846 -1.34908  0.72811 P   79 
 0.26629 -0.93139  0.80676 B   80 
-0.04152 -1.00079  0.82119 X   80 
 0.54316 -0.83092  0.92566 B   81 
 0.60295 -1.01484  1.06730 S   81 
 0.68365 -0.78453  0.64893 B   82 
 0.70410 -0.97680  0.56568 A   82 
 0.49787 -0.51666  0.60966 B   83 
 0.26271 -0.66040  0.43311 L   83 
 0.69780 -0.35531  0.84076 B   84 
 0.43717 -0.41982  1.03094 L   84 
 0.93972 -0.31117  0.70423 B   85 
 1.12232 -0.48528  0.64508 S   85 
 1.18333 -0.10188  0.56749 B   86 
 1.37109 -0.09902  0.71614 S   86 
 1.14479 -0.30866  0.34475 B   87 
 1.33171 -0.46320  0.18156 D   87 
 0.90727 -0.27188  0.07597 B   88 
 0.88650 -0.00818  0.03456 I   88 
 0.90420 -0.52394 -0.10446 B   89 
 1.15581 -0.58877 -0.15889 T   89 
 0.66097 -0.67929  0.01151 B   90 
 0.73175 -0.77258  0.19462 A   90 
 0.44329 -0.45964 -0.02771 B   91 
 0.45579 -0.33169  0.21477 S   91 
 0.47777 -0.42552 -0.33006 B   92 
 0.67032 -0.25870 -0.39185 V   92 
 0.42399 -0.71211 -0.42566 B   93 
 0.74235 -0.81816 -0.44982 N   93 
 0.14446 -0.71481 -0.29391 B   94 
 0.06710 -0.81490 -0.03859 X   94 
 0.02257 -0.46500 -0.42877 B   95 
 0.11365 -0.29515 -0.33285 A   95 
 0.03872 -0.57270 -0.71783 B   96 
 0.48113 -0.48793 -0.83609 K   96 
-0.17719 -0.78967 -0.65931 B   97 
-0.00612 -1.11331 -0.53963 K   97 
-0.40851 -0.60876 -0.56406 B   98 
-0.36259 -0.55813 -0.26155 I   98 
-0.43665 -0.41966 -0.82177 B   99 
-0.28203 -0.25004 -0.85546 V   99 
-0.48704 -0.69592 -1.00390 B   100 
-0.23188 -0.69411 -1.06489 S   100 
-0.77617 -0.80229 -0.88472 B   101 
-0.82835 -0.90932 -0.63328 D   101 
-1.00214 -0.55856 -1.03299 B   102 
-1.03598 -0.26999 -0.85181 B   103 
-1.28432 -0.42965 -0.71725 N   103 
-0.77780 -0.17415 -0.81728 B   104 
-0.72521  0.10301 -0.60413 B   105 
-0.38738  0.28907 -0.67515 M   105 
-1.00501  0.05655 -0.45261 B   106 
-1.16914  0.18158 -0.71106 N   106 
-0.87916 -0.12437 -0.22874 B   107 
-0.79330 -0.28081 -0.33780 A   107 
-0.80685  0.16741 -0.12819 B   108 
-0.39768 -0.04630 -0.19993 W   108 
-0.99242  0.36513  0.06306 B   109 
-1.14035  0.23230  0.22440 V   109 
-0.80669  0.61679  0.07506 B   110 
-0.67282  0.58199  0.23892 A   110 
-0.77507  0.64953 -0.22606 B   111 
-0.67788  0.54114 -0.58718 W   111 
-1.07356  0.67507 -0.30599 B   112 
-1.38945  0.40745 -0.22282 R   112 
-1.14500  0.91185 -0.08254 B   113 
-1.35238  0.71399  0.06959 N   113 
-0.84326  1.09252 -0.13720 B   114 
-0.78277  1.11797  0.36087 R   114 
-0.72160  1.03702 -0.44899 B   115 
-0.49573  0.91285 -0.26149 X   115 
-0.93722  1.00081 -0.63466 B   116 
-1.17043  0.65533 -0.79065 K   116 
-0.95854  1.26164 -0.87501 B   117 
-0.69365  1.38335 -0.81171 B   118 
-0.70919  1.38021 -0.55260 T   118 
-0.37951  1.54995 -0.79175 B   119 
-0.26434  1.75441 -0.95645 D   119 
-0.13749  1.31067 -0.76698 B   120 
-0.28800  1.11362 -0.79833 V   120 
 0.11797  1.45714 -0.87357 B   121 
 0.02274  1.50519 -1.27627 Q   121 
 0.16922  1.62174 -0.61033 B   122 
 0.00237  1.74341 -0.59282 A   122 
 0.32011  1.37075 -0.46550 B   123 
-0.00976  1.33090 -0.19509 W   123 
 0.59363  1.42477 -0.67031 B   124 
 0.54187  1.20771 -0.82022 I   124 
 0.68060  1.68702 -0.61647 B   125 
 0.27366  1.88932 -0.86516 R   125 
 1.02744  1.75981 -0.61250 B   126 
 1.10793  1.49089 -0.72439 B   127 
 0.93940  1.35491 -0.48462 X   127 
 1.38914  1.27645 -0.81344 B   128 
 1.62199  1.40880 -1.11797 R   128 
 1.30247  1.09645 -1.13301 B   129 
 1.11908  1.02885 -0.96189 L   129 
