246 
-0.80034  0.95834  0.47744 B   1 
-1.16682  0.75359  0.47825 K   1 
-0.85322  0.80176  0.79534 B   2 
-0.66863  0.91513  0.93761 V   2 
-0.84221  0.49009  0.87228 B   3 
-0.96784  0.38295  0.47146 F   3 
-0.94988  0.22549  1.00796 B   4 
-0.86784 -0.08018  1.05893 B   5 
-0.72728 -0.32703  1.38893 R   5 
-1.14194 -0.23399  1.00335 B   6 
-1.18086 -0.37415  1.28122 X   6 
-1.20617 -0.05238  0.75942 B   7 
-1.31433  0.32271  0.76240 E   7 
-0.96663 -0.12816  0.57885 B   8 
-0.70173  0.02204  0.54170 L   8 
-1.00120 -0.43186  0.57561 B   9 
-0.94322 -0.50239  0.77264 A   9 
-1.27374 -0.42765  0.43706 B   10 
-1.41739 -0.36121  0.58798 A   10 
-1.18414 -0.28157  0.17866 B   11 
-1.18348 -0.07011  0.22599 A   11 
-0.95312 -0.47320  0.10208 B   12 
-0.60480 -0.30943  0.29300 M   12 
-1.13479 -0.71555  0.07528 B   13 
-1.28656 -1.00197  0.36361 K   13 
-1.33744 -0.62265 -0.13302 B   14 
-1.55120 -0.22276 -0.16438 R   14 
-1.08031 -0.56819 -0.33229 B   15 
-1.15423 -0.18611 -0.32037 H   15 
-0.91042 -0.86017 -0.29540 B   16 
-0.64636 -0.88020 -0.08664 B   17 
-0.53729 -0.57825 -0.13327 L   17 
-0.71524 -1.13447  0.03648 B   18 
-0.82558 -1.23076  0.30648 D   18 
-0.46908 -1.34996 -0.05689 B   19 
-0.64006 -1.52040  0.15604 N   19 
-0.30480 -1.19132 -0.23498 B   20 
-0.37439 -0.96216 -0.60627 Y   20 
-0.05188 -1.36575 -0.34602 B   21 
-0.01531 -1.25811 -0.80714 R   21 
-0.06681 -1.49810 -0.03270 B   22 
-0.16839 -1.23900  0.13332 B   23 
 0.27932 -1.14711  0.02190 Y   23 
-0.29335 -1.17511  0.40254 B   24 
-0.26678 -1.31429  0.58914 S   24 
-0.47310 -0.92090  0.52295 B   25 
-0.77955 -0.85662  0.50024 L   25 
-0.27850 -0.84827  0.76304 B   26 
-0.04421 -0.75170  0.58569 B   27 
 0.10235 -1.05352  0.54923 N   27 
-0.18203 -0.50888  0.45559 B   28 
-0.18848 -0.68670  0.04649 W   28 
-0.25564 -0.36356  0.71668 B   29 
-0.48895 -0.43282  0.80807 V   29 
 0.02822 -0.35031  0.82954 B   30 
 0.18670 -0.52818  0.97175 X   30 
 0.15113 -0.18431  0.60240 B   31 
 0.18087 -0.32284  0.43575 A   31 
-0.03513  0.06247  0.61386 B   32 
-0.22033  0.00521  0.52038 A   32 
 0.03588  0.13726  0.90262 B   33 
-0.03923  0.13692  1.23543 K   33 
 0.36597  0.17487  0.84725 B   34 
 0.40428 -0.09115  1.15836 F   34 
 0.34237  0.36496  0.59081 B   35 
 0.49647  0.13800  0.37030 E   35 
 0.06274  0.56795  0.67570 B   36 
-0.05467  0.50952  0.49701 S   36 
-0.13639  0.52313  0.91198 B   37 
-0.05338  0.61141  1.17196 N   37 
-0.40691  0.51559  0.73095 B   38 
-0.42647  0.17820  0.96880 F   38 
-0.31846  0.75752  0.52334 B   39 
-0.32028  1.03920  0.62833 N   39 
-0.40574  0.86605  0.20581 B   40 
-0.64932  0.81439  0.19408 T   40 
-0.22916  1.15491  0.22481 B   41 
-0.53083  1.41345  0.26398 Q   41 
 0.04025  1.03211  0.23296 B   42 
 0.06320  0.92373  0.41302 A   42 
 0.36865  1.18815  0.19903 B   43 
 0.26093  1.33852  0.03879 T   43 
 0.70957  1.09693  0.07338 B   44 
 0.63520  0.99680  0.38708 N   44 
 1.02155  1.18873  0.03896 B   45 
 1.07305  1.53981 -0.32318 R   45 
 1.28972  1.08691 -0.15521 B   46 
 1.09225  0.80703 -0.15694 N   46 
 1.62149  1.08272 -0.21554 B   47 
 1.77052  0.99606 -0.02307 T   47 
 1.56103  1.03159 -0.54032 B   48 
 1.43406  0.79922 -0.55522 D   48 
 1.29159  1.24122 -0.57016 B   49 
 1.07558  1.08775 -0.50747 B   50 
 1.09097  0.84976 -0.56685 S   50 
 0.73197  0.96898 -0.41007 B   51 
 0.70310  1.23070 -0.34088 T   51 
 0.51579  0.87190 -0.16292 B   52 
 0.72737  0.60955 -0.09712 D   52 
 0.17380  0.73357 -0.18705 B   53 
 0.29091  1.11549 -0.45381 Y   53 
-0.04579  0.68122  0.04308 B   54 
-0.14560  0.39590  0.22493 B   55 
-0.40621  0.34141  0.28007 I   55 
 0.11129  0.23813  0.04345 B   56 
-0.07404 -0.02427  0.05424 L   56 
 0.34486  0.40342 -0.05922 B   57 
 0.39065  0.63201  0.19596 Q   57 
 0.34881  0.47767 -0.36199 B   58 
 0.14168  0.27597 -0.47376 I   58 
 0.58683  0.51795 -0.60703 B   59 
 0.88762  0.53451 -0.56162 N   59 
 0.69106  0.76281 -0.86027 B   60 
 0.71152  0.96257 -0.74976 S   60 
 0.91642  0.59760 -1.02779 B   61 
 1.31222  0.74143 -0.94256 R   61 
 0.69616  0.34778 -1.11118 B   62 
 1.10178  0.14927 -1.04858 W   62 
 0.35966  0.39316 -1.05778 B   63 
 0.50911  0.01479 -0.89495 W   63 
 0.33669  0.71778 -1.06072 B   64 
 0.22047  0.75141 -0.83045 X   64 
 0.23863  1.05434 -1.14790 B   65 
 0.32068  1.17878 -1.40481 N   65 
 0.38394  1.39297 -1.03481 B   66 
 0.55854  1.29300 -0.85539 D   66 
 0.57659  1.57506 -1.23496 B   67 
 0.87830  1.52897 -1.03894 B   68 
 0.76560  1.66330 -0.59872 R   68 
 1.00103  1.23833 -1.17041 B   69 
 0.93218  1.12368 -0.95281 T   69 
 1.26033  1.14903 -1.31287 B   70 
 1.35939  1.32346 -1.23851 P   70 
 1.23494  0.85355 -1.47826 B   71 
 0.94750  0.77109 -1.47864 B   72 
 0.82368  0.93110 -1.35401 S   72 
 0.66883  0.51562 -1.53152 B   73 
 0.87916  0.27819 -1.69603 R   73 
 0.36382  0.46267 -1.45844 B   74 
 0.17412  0.66753 -1.45845 N   74 
 0.24095  0.15459 -1.42708 B   75 
 0.53443  0.01808 -1.42702 L   75 
-0.05882  0.24043 -1.31140 B   76 
 0.01225  0.11051 -1.03833 X   76 
-0.16572  0.47319 -1.46743 B   77 
-0.21679  0.48070 -1.73534 N   77 
-0.13379  0.73393 -1.25082 B   78 
-0.34948  0.59422 -1.10713 I   78 
-0.19550  0.97739 -1.05720 B   79 
-0.33691  1.06971 -1.18033 P   79 
-0.07143  1.01185 -0.74854 B   80 
 0.23812  0.98579 -0.80572 X   80 
-0.33024  1.15471 -0.63236 B   81 
-0.35437  1.33876 -0.78405 S   81 
-0.51736  0.90331 -0.64834 B   82 
-0.53968  0.86543 -0.85421 A   82 
-0.35728  0.77891 -0.39006 B   83 
-0.14649  0.59653 -0.56163 L   83 
-0.52538  1.00415 -0.18899 B   84 
-0.23333  1.15473 -0.20582 L   84 
-0.78887  0.90608 -0.18040 B   85 
-0.96787  0.91618 -0.36751 S   85 
-1.06406  0.77483 -0.01043 B   86 
-1.22430  0.95041  0.01876 S   86 
-1.05065  0.59510 -0.25817 B   87 
-1.25240  0.50176 -0.44801 D   87 
-0.86382  0.28704 -0.27248 B   88 
-0.86625  0.19034 -0.02282 I   88 
-0.87554  0.16343 -0.55653 B   89 
-1.12830  0.16816 -0.63754 T   89 
-0.60744  0.26387 -0.67811 B   90 
-0.64099  0.47154 -0.73280 A   90 
-0.41304  0.14364 -0.46616 B   91 
-0.39276  0.35371 -0.29072 S   91 
-0.49934 -0.14856 -0.49685 B   92 
-0.70923 -0.20797 -0.35147 V   92 
-0.44494 -0.19235 -0.79567 B   93 
-0.75586 -0.13845 -0.91231 N   93 
-0.14775 -0.11383 -0.76381 B   94 
-0.02307  0.13882 -0.80638 X   94 
-0.06535 -0.31551 -0.54476 B   95 
-0.14933 -0.24135 -0.36093 A   95 
-0.12281 -0.56953 -0.71086 B   96 
-0.58304 -0.62303 -0.66371 K   96 
 0.11258 -0.50725 -0.90537 B   97 
-0.01626 -0.29670 -1.20100 K   97 
 0.34512 -0.49247 -0.70285 B   98 
 0.34718 -0.20311 -0.59127 I   98 
 0.31849 -0.78386 -0.57114 B   99 
 0.15042 -0.82341 -0.41622 V   99 
 0.35453 -0.91252 -0.87803 B   100 
 0.09314 -0.92694 -0.89535 S   100 
 0.66536 -0.82691 -0.94991 B   101 
 0.76503 -0.57219 -1.00070 D   101 
 0.84833 -1.05854 -0.73701 B   102 
 0.89428 -0.94804 -0.41620 B   103 
 1.17076 -0.82972 -0.53798 N   103 
 0.64011 -0.88882 -0.32171 B   104 
 0.60702 -0.73006 -0.00752 B   105 
 0.25143 -0.77679  0.15113 M   105 
 0.91041 -0.62373 -0.01431 B   106 
 1.02139 -0.92675  0.05799 N   106 
 0.83476 -0.34947 -0.14752 B   107 
 0.74160 -0.40799 -0.32538 A   107 
 0.76264 -0.29871  0.15694 B   108 
 0.36095 -0.25304 -0.07715 W   108 
 0.96510 -0.18678  0.39482 B   109 
 1.14558 -0.03046  0.30236 V   109 
 0.76905 -0.19339  0.63873 B   110 
 0.66666 -0.00500  0.63562 A   110 
 0.68585 -0.48462  0.60701 B   111 
 0.53670 -0.79374  0.42316 W   111 
 0.96478 -0.61912  0.62270 B   112 
 1.30574 -0.54040  0.38632 R   112 
 1.05792 -0.46403  0.90266 B   113 
 1.29932 -0.31391  0.74618 N   113 
 0.74090 -0.50023  1.06035 B   114 
 0.76268 -0.01479  1.18782 R   114 
 0.57266 -0.76818  0.93790 B   115 
 0.38908 -0.52288  0.85008 X   115 
 0.75618 -0.97760  0.86907 B   116 
 0.98070 -1.09916  0.50452 K   116 
 0.72138 -1.26553  1.07435 B   117 
 0.46382 -1.18262  1.19997 B   118 
 0.52241 -0.93502  1.25144 T   118 
 0.14787 -1.14191  1.35920 B   119 
-0.00527 -1.32165  1.52179 D   119 
-0.07171 -1.02738  1.12444 B   120 
 0.08316 -1.04426  0.92899 V   120 
-0.34974 -1.11485  1.23899 B   121 
-0.32590 -1.52929  1.20417 Q   121 
-0.36636 -0.88537  1.45364 B   122 
-0.20660 -0.92226  1.58040 A   122 
-0.47556 -0.66876  1.23479 B   123 
-0.10351 -0.45797  1.26055 W   123 
-0.78210 -0.82907  1.23799 B   124 
-0.74294 -0.93886  0.99575 I   124 
-0.87464 -0.81480  1.50346 B   125 
-0.52776 -1.16656  1.65937 R   125 
-1.21976 -0.76486  1.56682 B   126 
-1.30129 -0.80437  1.27854 B   127 
-1.08730 -0.57544  1.19991 X   127 
-1.57987 -0.79767  1.04330 B   128 
-1.86772 -1.07699  1.10324 R   128 
-1.53682 -1.08454  0.80269 B   129 
-1.32376 -0.93815  0.77693 L   129 
