246 
 0.38277 -0.57898 -1.14244 B   1 
 0.49177 -0.95819 -0.99907 K   1 
 0.10351 -0.80266 -1.16120 B   2 
-0.05911 -0.66636 -1.31000 V   2 
-0.07668 -0.92252 -0.92383 B   3 
 0.26051 -0.90132 -0.65222 F   3 
-0.22561 -1.15323 -0.76697 B   4 
-0.41914 -1.19970 -0.51568 B   5 
-0.83861 -1.29073 -0.44246 R   5 
-0.29398 -1.46073 -0.38122 B   6 
-0.54297 -1.65102 -0.39403 X   6 
-0.00424 -1.35969 -0.43076 B   7 
 0.18581 -1.33568 -0.77092 E   7 
-0.01182 -1.10469 -0.25569 B   8 
-0.06122 -0.81507 -0.34391 L   8 
-0.10344 -1.22860  0.00830 B   9 
-0.31256 -1.28103 -0.01775 A   9 
 0.14383 -1.40488  0.04394 B   10 
 0.12278 -1.56850 -0.09964 A   10 
 0.35423 -1.17715  0.04724 B   11 
 0.39461 -1.12926 -0.16020 A   11 
 0.22712 -1.00814  0.27359 B   12 
-0.03758 -0.73524  0.07344 M   12 
 0.25064 -1.22939  0.48083 B   13 
-0.00334 -1.56678  0.58016 K   13 
 0.54976 -1.28949  0.47866 B   14 
 0.82902 -1.33435  0.12286 R   14 
 0.59578 -0.97084  0.55031 B   15 
 0.76414 -0.91889  0.20311 H   15 
 0.37397 -0.93192  0.80480 B   16 
 0.07030 -0.79638  0.74892 B   17 
 0.16267 -0.58886  0.51730 L   17 
-0.08459 -0.98547  0.90643 B   18 
-0.27529 -1.22004  0.85205 D   18 
-0.21498 -0.80415  1.16309 B   19 
-0.35775 -1.09093  1.19479 N   19 
-0.10040 -0.54100  1.12455 B   20 
 0.30903 -0.37789  1.09325 Y   20 
-0.20530 -0.33379  1.35430 B   21 
 0.17612 -0.08137  1.48220 R   21 
-0.49122 -0.51543  1.32017 B   22 
-0.47450 -0.58845  1.00489 B   23 
-0.57950 -0.13016  1.02058 Y   23 
-0.59836 -0.78485  0.80928 B   24 
-0.80871 -0.88159  0.84522 S   24 
-0.50837 -0.90798  0.51234 B   25 
-0.31243 -1.14147  0.43722 L   25 
-0.76745 -0.81561  0.35380 B   26 
-0.71156 -0.51220  0.37600 B   27 
-0.86790 -0.46662  0.67161 N   27 
-0.45115 -0.50124  0.21182 B   28 
-0.19358 -0.39666  0.56074 W   28 
-0.56465 -0.62466 -0.04624 B   29 
-0.54382 -0.88374 -0.05150 V   29 
-0.79114 -0.42274 -0.08388 B   30 
-1.04756 -0.40045  0.01972 X   30 
-0.61466 -0.17285 -0.10961 B   31 
-0.55035 -0.12327  0.09350 A   31 
-0.43899 -0.25966 -0.34903 B   32 
-0.29357 -0.39865 -0.27253 A   32 
-0.67296 -0.29242 -0.54450 B   33 
-0.89524 -0.49207 -0.70922 K   33 
-0.78237  0.02512 -0.51925 B   34 
-1.14253 -0.15200 -0.43019 F   34 
-0.50024  0.16878 -0.56635 B   35 
-0.48906  0.31910 -0.24829 E   35 
-0.35093 -0.04174 -0.81128 B   36 
-0.17356 -0.08834 -0.68680 S   36 
-0.45159 -0.32262 -0.90331 B   37 
-0.66416 -0.32914 -1.09578 N   37 
-0.17645 -0.48363 -0.83706 B   38 
-0.47641 -0.70311 -0.65641 F   38 
 0.03005 -0.24733 -0.94184 B   39 
 0.05243 -0.20288 -1.23831 N   39 
 0.36207 -0.15917 -0.89476 B   40 
 0.47512 -0.37967 -0.86754 T   40 
 0.36430  0.07551 -1.13950 B   41 
 0.58086 -0.11788 -1.41351 Q   41 
 0.17691  0.26472 -1.00983 B   42 
-0.01518  0.17722 -0.99811 A   42 
 0.09512  0.60937 -1.09855 B   43 
 0.32992  0.62931 -1.16463 T   43 
-0.01219  0.92420 -0.92619 B   44 
-0.25658  0.70155 -0.99445 N   44 
-0.10893  1.23475 -0.96005 B   45 
 0.27708  1.53640 -1.09068 R   45 
-0.12988  1.51162 -0.75298 B   46 
-0.13177  1.25483 -0.52630 N   46 
-0.25163  1.81946 -0.68862 B   47 
-0.50903  1.84194 -0.68960 T   47 
 0.01386  1.88333 -0.49578 B   48 
 0.00416  1.70733 -0.29762 D   48 
 0.25011  1.73022 -0.69116 B   49 
 0.25369  1.47114 -0.60745 B   50 
 0.20487  1.43356 -0.36952 S   50 
 0.30726  1.09941 -0.58289 B   51 
 0.36393  1.12890 -0.84754 T   51 
 0.18751  0.78304 -0.63598 B   52 
-0.06702  0.85533 -0.41710 D   52 
 0.32804  0.45587 -0.53656 B   53 
 0.61775  0.78481 -0.73304 Y   53 
 0.23975  0.15757 -0.62105 B   54 
 0.04316 -0.09166 -0.46718 B   55 
 0.11150 -0.35480 -0.47084 I   55 
-0.00259  0.15278 -0.21824 B   56 
-0.01395 -0.09318 -0.01163 L   56 
 0.02056  0.44687 -0.29165 B   57 
-0.11793  0.45451 -0.60823 Q   57 
 0.28243  0.59653 -0.21275 B   58 
 0.40013  0.40071 -0.00327 I   58 
 0.36864  0.91290 -0.10883 B   59 
 0.18752  1.15777 -0.11576 N   59 
 0.60392  1.18217 -0.19302 B   60 
 0.58065  1.21772 -0.41825 S   60 
 0.56043  1.39156  0.05277 B   61 
 0.34705  1.74183 -0.07523 R   61 
 0.64490  1.15781  0.28964 B   62 
 0.31844  1.41797  0.47293 W   62 
 0.78958  0.86169  0.19207 B   63 
 0.44793  0.80477  0.46049 W   63 
 0.92275  0.94531 -0.09286 B   64 
 0.81379  0.76270 -0.24269 X   64 
 1.16400  1.00246 -0.35558 B   65 
 1.36908  1.21631 -0.33478 N   65 
 1.12676  1.18778 -0.69150 B   66 
 0.86177  1.23331 -0.67217 D   66 
 1.25289  1.49163 -0.73737 B   67 
 0.93061  1.65644 -0.76077 B   68 
 0.69284  1.42330 -1.09789 R   68 
 0.86463  1.72366 -0.43221 B   69 
 0.68721  1.54018 -0.44167 T   69 
 0.81234  1.97587 -0.26146 B   70 
 0.76836  2.08557 -0.43978 P   70 
 0.84580  1.92825  0.07309 B   71 
 0.96079  1.65583  0.11764 B   72 
 0.98466  1.54934 -0.09345 S   72 
 1.04880  1.35779  0.33935 B   73 
 0.98401  1.53034  0.64546 R   73 
 1.12609  1.04976  0.32155 B   74 
 1.29706  0.95146  0.12391 N   74 
 1.05036  0.83467  0.56444 B   75 
 0.85212  1.04351  0.71226 L   75 
 1.14272  0.55751  0.40549 B   76 
 0.84576  0.46677  0.39663 X   76 
 1.40408  0.60235  0.26539 B   77 
 1.64194  0.66965  0.38087 N   77 
 1.31453  0.62387 -0.06239 B   78 
 1.25972  0.33652 -0.02909 I   78 
 1.28383  0.56893 -0.37321 B   79 
 1.48529  0.52662 -0.40932 P   79 
 0.99273  0.56094 -0.53768 B   80 
 0.87169  0.84156 -0.45783 X   80 
 1.08499  0.33666 -0.74281 B   81 
 1.28331  0.43544 -0.83432 S   81 
 1.09948  0.10349 -0.53330 B   82 
 1.25768  0.15599 -0.40472 A   82 
 0.77120  0.09686 -0.53137 B   83 
 0.73193  0.28998 -0.27005 L   83 
 0.78165 -0.05812 -0.84005 B   84 
 0.70282  0.24668 -0.93562 L   84 
 0.87181 -0.31855 -0.78379 B   85 
 1.11202 -0.39301 -0.72124 S   85 
 0.82958 -0.66496 -0.77609 B   86 
 0.95211 -0.75906 -0.95909 S   86 
 0.95035 -0.60944 -0.50007 B   87 
 1.16616 -0.73487 -0.34790 D   87 
 0.75410 -0.54026 -0.20560 B   88 
 0.52472 -0.67412 -0.23954 I   88 
 0.93654 -0.47391  0.03609 B   89 
 1.12907 -0.65642  0.04591 T   89 
 0.93322 -0.16292  0.03174 B   90 
 1.06918 -0.10416 -0.12733 A   90 
 0.62537 -0.11998  0.05530 B   91 
 0.55524 -0.10770 -0.20975 S   91 
 0.58551 -0.27351  0.31723 B   92 
 0.55596 -0.53131  0.28002 V   92 
 0.77547 -0.11932  0.50246 B   93 
 1.04325 -0.32179  0.48050 N   93 
 0.62953  0.14746  0.44738 B   94 
 0.69274  0.35121  0.25849 X   94 
 0.34269  0.06578  0.52803 B   95 
 0.26866 -0.05757  0.36787 A   95 
 0.40812  0.00398  0.82352 B   96 
 0.58377 -0.42689  0.80348 K   96 
 0.46426  0.30450  0.88397 B   97 
 0.83762  0.38020  0.82737 K   97 
 0.19415  0.42647  0.79754 B   98 
 0.21226  0.47400  0.49160 I   98 
-0.00240  0.25847  0.98756 B   99 
-0.05321  0.03893  0.93248 V   99 
 0.17194  0.37348  1.24911 B   100 
 0.31203  0.15170  1.24466 S   100 
 0.10278  0.69630  1.23831 B   101 
 0.18579  0.88259  1.04909 D   101 
-0.24097  0.69399  1.35781 B   102 
-0.47422  0.63797  1.11348 B   103 
-0.47505  0.96186  1.09439 N   103 
-0.39810  0.40016  0.99229 B   104 
-0.56857  0.29418  0.70122 B   105 
-0.53034 -0.09003  0.63252 M   105 
-0.67723  0.59072  0.64071 B   106 
-0.90104  0.56124  0.88238 N   106 
-0.43420  0.66617  0.45650 B   107 
-0.26973  0.64002  0.58302 A   107 
-0.61707  0.49667  0.26079 B   108 
-0.21476  0.26141  0.29293 W   108 
-0.86394  0.60905  0.06966 B   109 
-0.82529  0.85063 -0.00587 V   109 
-0.95807  0.33975 -0.05912 B   110 
-0.83477  0.31243 -0.23244 A   110 
-0.99833  0.18960  0.20275 B   111 
-0.89302  0.03898  0.54601 W   111 
-1.20071  0.38024  0.34000 B   112 
-1.15906  0.79351  0.41611 R   112 
-1.40945  0.39531  0.08057 B   113 
-1.35378  0.71320  0.04670 N   113 
-1.38606  0.04790  0.00685 B   114 
-1.31827  0.16758 -0.47632 R   114 
-1.30398 -0.13106  0.28313 B   115 
-1.05262 -0.17575  0.09232 X   115 
-1.41971 -0.01154  0.51679 B   116 
-1.29278  0.29082  0.81769 K   116 
-1.66836 -0.21533  0.66812 B   117 
-1.60614 -0.46123  0.51111 B   118 
-1.58493 -0.35395  0.27567 T   118 
-1.55623 -0.78415  0.36945 B   119 
-1.67208 -1.03811  0.43488 D   119 
-1.21995 -0.84123  0.35926 B   120 
-1.15156 -0.63432  0.48164 V   120 
-1.20136 -1.15381  0.35462 B   121 
-1.33846 -1.24963  0.73615 Q   121 
-1.27638 -1.18299  0.05043 B   122 
-1.46956 -1.10898  0.03808 A   122 
-0.97070 -1.11970 -0.04598 B   123 
-1.10104 -0.74460 -0.20669 W   123 
-0.87749 -1.43447  0.06317 B   124 
-0.74830 -1.33708  0.27786 I   124 
-1.03300 -1.61714 -0.08411 B   125 
-1.45905 -1.49347  0.18340 R   125 
-0.89008 -1.92326 -0.19122 B   126 
-0.63821 -1.88863 -0.02788 B   127 
-0.60059 -1.60107 -0.17027 X   127 
-0.31142 -2.03007  0.05082 B   128 
-0.31570 -2.38927  0.23903 R   128 
-0.25053 -1.98572  0.42010 B   129 
-0.28408 -1.74639  0.32479 L   129 
