246 
 1.29832 -0.24400  0.20427 B   1 
 1.27672 -0.45527  0.56640 K   1 
 1.27616 -0.59587  0.14043 B   2 
 1.33642 -0.60430 -0.11150 V   2 
 1.02502 -0.79300  0.17569 B   3 
 0.87176 -0.54615  0.49739 F   3 
 0.88113 -1.05783  0.27147 B   4 
 0.59783 -1.20717  0.25735 B   5 
 0.41984 -1.54482  0.04781 R   5 
 0.56511 -1.31850  0.55470 B   6 
 0.53983 -1.62509  0.49358 X   6 
 0.67922 -1.05620  0.67632 B   7 
 1.04866 -0.93022  0.66924 E   7 
 0.46167 -0.85928  0.57824 B   8 
 0.46878 -0.67503  0.33307 L   8 
 0.21380 -1.00091  0.68752 B   9 
 0.18464 -1.17743  0.56444 A   9 
 0.29291 -0.97317  0.98156 B   10 
 0.45358 -1.11772  1.01496 A   10 
 0.30746 -0.66354  0.98923 B   11 
 0.50273 -0.61035  0.91178 A   11 
 0.02330 -0.60712  0.87957 B   12 
 0.07179 -0.58013  0.45352 M   12 
-0.11643 -0.75075  1.10826 B   13 
-0.21711 -1.16736  1.17538 K   13 
-0.01023 -0.60277  1.35303 B   14 
 0.41531 -0.47207  1.44483 R   14 
-0.12837 -0.32740  1.21517 B   15 
 0.23519 -0.19454  1.17319 H   15 
-0.44092 -0.42998  1.12992 B   16 
-0.51013 -0.52617  0.81422 B   17 
-0.30935 -0.31901  0.66585 L   17 
-0.66503 -0.76318  0.88046 B   18 
-0.62468 -1.06756  0.87200 D   18 
-0.98091 -0.69815  0.77206 B   19 
-0.99505 -1.00728  0.86075 N   19 
-0.96417 -0.42555  0.67575 B   20 
-0.84307 -0.03770  0.84929 Y   20 
-1.25256 -0.32555  0.55930 B   21 
-1.30638  0.11929  0.71672 R   21 
-1.27115 -0.65044  0.45928 B   22 
-0.95802 -0.70941  0.40023 B   23 
-1.09929 -0.42822  0.05055 Y   23 
-0.77379 -0.94785  0.36305 B   24 
-0.85178 -1.15606  0.28914 S   24 
-0.44488 -0.99662  0.39267 B   25 
-0.26682 -1.05064  0.64552 L   25 
-0.39612 -1.10139  0.09698 B   26 
-0.46214 -0.83345 -0.04275 B   27 
-0.79418 -0.88670 -0.07137 N   27 
-0.23194 -0.66385  0.07183 B   28 
-0.49866 -0.40167  0.31503 W   28 
-0.00155 -0.84291 -0.02598 B   29 
 0.06314 -1.02667  0.14615 V   29 
-0.07770 -0.83779 -0.32206 B   30 
-0.25724 -0.98226 -0.47656 X   30 
-0.05115 -0.53460 -0.36234 B   31 
-0.23035 -0.44604 -0.27351 A   31 
 0.24312 -0.49764 -0.27424 B   32 
 0.24531 -0.50566 -0.05919 A   32 
 0.35969 -0.68297 -0.48891 B   33 
 0.48568 -0.98625 -0.58139 K   33 
 0.23720 -0.51124 -0.75148 B   34 
 0.08043 -0.87522 -0.86085 F   34 
 0.33793 -0.22135 -0.66052 B   35 
 0.01484 -0.08541 -0.62860 E   35 
 0.65472 -0.29580 -0.51664 B   36 
 0.60310 -0.21069 -0.31860 S   36 
 0.76724 -0.57876 -0.44762 B   37 
 0.88219 -0.73014 -0.66243 N   37 
 0.82331 -0.51996 -0.13232 B   38 
 0.60865 -0.87300 -0.14002 F   38 
 0.93532 -0.21123 -0.17230 B   39 
 1.20850 -0.17634 -0.29284 N   39 
 0.97529  0.07303  0.02219 B   40 
 1.03015 -0.02018  0.24678 T   40 
 1.15501  0.24187 -0.21058 B   41 
 1.51593  0.22269 -0.04102 Q   41 
 0.93802  0.27022 -0.41018 B   42 
 0.88621  0.07977 -0.48593 A   42 
 0.92431  0.47530 -0.71200 B   43 
 1.05364  0.63958 -0.58481 T   43 
 0.66633  0.65299 -0.91746 B   44 
 0.70065  0.32227 -0.97579 N   44 
 0.60409  0.82495 -1.18857 B   45 
 0.78174  1.29848 -1.15313 R   45 
 0.34818  1.03129 -1.29771 B   46 
 0.18992  0.84505 -1.05772 N   46 
 0.18756  1.18942 -1.54857 B   47 
 0.10485  1.03972 -1.74224 T   47 
 0.07669  1.41871 -1.33203 B   48 
-0.07413  1.28755 -1.15770 D   48 
 0.36229  1.44649 -1.14471 B   49 
 0.33901  1.25558 -0.95194 B   50 
 0.11070  1.20614 -0.87555 S   50 
 0.40926  1.00871 -0.67666 B   51 
 0.66647  1.05587 -0.75241 T   51 
 0.48706  0.68815 -0.58481 B   52 
 0.19067  0.58814 -0.72650 D   52 
 0.50524  0.53490 -0.24888 B   53 
 0.70891  0.96383 -0.32153 Y   53 
 0.61815  0.24703 -0.15773 B   54 
 0.46623 -0.06288 -0.08487 B   55 
 0.54484 -0.21888  0.12349 I   55 
 0.17049  0.10463 -0.17596 B   56 
 0.02573 -0.08042  0.04339 L   56 
 0.18518  0.33994 -0.36787 B   57 
 0.43527  0.24170 -0.58528 Q   57 
 0.16138  0.62697 -0.24849 B   58 
 0.04322  0.56378  0.03102 I   58 
 0.02606  0.92810 -0.34508 B   59 
-0.07355  0.99666 -0.62470 N   59 
 0.12098  1.28147 -0.37775 B   60 
 0.31579  1.28324 -0.49850 S   60 
-0.16390  1.42365 -0.44683 B   61 
-0.18265  1.54598 -0.85828 R   61 
-0.30989  1.31134 -0.15708 B   62 
-0.63400  1.30598 -0.47767 W   62 
-0.11379  1.17547  0.09035 B   63 
-0.45630  0.92300 -0.01432 W   63 
 0.17459  1.31243  0.02717 B   64 
 0.31801  1.09621  0.00868 X   64 
 0.48095  1.50029  0.06379 B   65 
 0.48047  1.79671  0.08272 N   65 
 0.74345  1.60190 -0.19954 B   66 
 0.63478  1.46572 -0.40526 D   66 
 0.76213  1.91259 -0.31555 B   67 
 0.65100  1.82807 -0.65033 B   68 
 0.93934  1.48150 -0.79624 R   68 
 0.31162  1.85132 -0.61718 B   69 
 0.30378  1.59642 -0.63137 T   69 
 0.08492  2.01696 -0.74631 B   70 
 0.21450  2.06382 -0.90996 P   70 
-0.20584  2.01756 -0.57091 B   71 
-0.15579  1.88691 -0.30662 B   72 
 0.06962  1.81184 -0.30186 S   72 
-0.27335  1.72732  0.01962 B   73 
-0.61323  1.83041 -0.01950 R   73 
-0.16960  1.54234  0.25667 B   74 
 0.08677  1.56941  0.36390 N   74 
-0.37418  1.34071  0.42544 B   75 
-0.61542  1.37778  0.21285 L   75 
-0.14101  1.18259  0.60220 B   76 
-0.20521  0.92080  0.44778 X   76 
 0.06012  1.37967  0.70542 B   77 
 0.01194  1.59016  0.87219 N   77 
 0.33276  1.32318  0.50947 B   78 
 0.34423  1.07067  0.66043 I   78 
 0.62347  1.24745  0.40785 B   79 
 0.72756  1.34416  0.56112 P   79 
 0.68860  1.04535  0.14946 B   80 
 0.51942  1.18394 -0.07845 X   80 
 0.95374  0.92528  0.27664 B   81 
 1.07927  1.12474  0.32052 S   81 
 0.81159  0.76684  0.50720 B   82 
 0.72985  0.91507  0.63235 A   82 
 0.71042  0.54922  0.28311 B   83 
 0.41575  0.68246  0.23268 L   83 
 1.03239  0.42416  0.27258 B   84 
 1.03417  0.60056 -0.00515 L   84 
 1.06146  0.28707  0.51646 B   85 
 1.09241  0.38890  0.75274 S   85 
 1.11276 -0.00336  0.70317 B   86 
 1.33979 -0.00382  0.77941 S   86 
 0.88191  0.12959  0.85446 B   87 
 0.83260  0.18090  1.13800 D   87 
 0.53382  0.06839  0.78307 B   88 
 0.52256 -0.18354  0.69310 I   88 
 0.35156  0.24796  0.95808 B   89 
 0.43914  0.23435  1.20832 T   89 
 0.29047  0.48211  0.76265 B   90 
 0.46789  0.60768  0.76291 A   90 
 0.16526  0.31640  0.53021 B   91 
 0.38748  0.26831  0.37650 S   91 
-0.05870  0.18568  0.69307 B   92 
 0.01994 -0.03120  0.81757 V   92 
-0.20429  0.43437  0.79852 B   93 
-0.05998  0.45289  1.10186 N   93 
-0.25290  0.54020  0.51227 B   94 
-0.10000  0.72755  0.36156 X   94 
-0.39902  0.29592  0.39217 B   95 
-0.24750  0.14692  0.35774 A   95 
-0.64076  0.30468  0.58426 B   96 
-0.47942  0.08991  0.96471 K   96 
-0.74165  0.57231  0.46052 B   97 
-0.59009  0.86919  0.65345 K   97 
-0.76937  0.48618  0.16536 B   98 
-0.48935  0.52020  0.03646 I   98 
-0.97162  0.23969  0.20149 B   99 
-0.89078  0.03733  0.28105 V   99 
-1.18484  0.45192  0.34818 B   100 
-1.09201  0.37382  0.58080 S   100 
-1.26258  0.65212  0.09720 B   101 
-1.09969  0.83899 -0.02906 D   101 
-1.47863  0.43308 -0.09721 B   102 
-1.31164  0.22831 -0.31499 B   103 
-1.36092  0.47321 -0.52203 N   103 
-1.12665  0.09130 -0.15993 B   104 
-0.88666 -0.11290 -0.32032 B   105 
-0.73190 -0.38341 -0.08226 M   105 
-0.92492  0.03948 -0.60089 B   106 
-1.21207 -0.11700 -0.65012 N   106 
-0.69473  0.24596 -0.54550 B   107 
-0.75642  0.33834 -0.36830 A   107 
-0.53406 -0.01026 -0.64042 B   108 
-0.39197  0.07291 -0.20324 W   108 
-0.45539 -0.09338 -0.95188 B   109 
-0.42315  0.11194 -1.10142 V   109 
-0.30910 -0.36498 -0.89892 B   110 
-0.10460 -0.31371 -0.85972 A   110 
-0.53383 -0.49339 -0.73845 B   111 
-0.78941 -0.52417 -0.44633 W   111 
-0.76276 -0.47331 -0.94660 B   112 
-0.90589 -0.12862 -1.14414 R   112 
-0.58887 -0.60882 -1.19661 B   113 
-0.60584 -0.33256 -1.36599 N   113 
-0.44158 -0.86119 -0.99341 B   114 
 0.00349 -0.74813 -1.19712 R   114 
-0.63621 -0.93161 -0.72460 B   115 
-0.37257 -0.81138 -0.59183 X   115 
-0.91347 -0.90512 -0.79317 B   116 
-1.21643 -0.57934 -0.78047 K   116 
-1.08837 -1.21432 -0.78551 B   117 
-0.87270 -1.36811 -0.64831 B   118 
-0.66955 -1.28345 -0.78597 T   118 
-0.65920 -1.58775 -0.46662 B   119 
-0.70319 -1.85296 -0.36700 D   119 
-0.53477 -1.41377 -0.20075 B   120 
-0.67015 -1.20658 -0.23557 V   120 
-0.46032 -1.63963  0.00301 B   121 
-0.83714 -1.78405  0.10640 Q   121 
-0.19468 -1.72419 -0.14294 B   122 
-0.25775 -1.79362 -0.32774 A   122 
-0.02435 -1.48240 -0.00415 B   123 
 0.00766 -1.28886 -0.38499 W   123 
-0.03227 -1.65643  0.29473 B   124 
-0.21219 -1.48897  0.40361 I   124 
 0.09450 -1.90275  0.24476 B   125 
-0.31029 -2.07261 -0.03032 R   125 
 0.30099 -2.04780  0.49362 B   126 
 0.21937 -1.85091  0.70784 B   127 
 0.30394 -1.61431  0.50474 X   127 
 0.27569 -1.74319  1.05167 B   128 
 0.17354 -2.01061  1.33894 R   128 
-0.05789 -1.65332  1.20230 B   129 
-0.02897 -1.49737  0.99655 L   129 
