246 
 1.30750  0.10193 -0.25876 B   1 
 1.42708 -0.29407 -0.18721 K   1 
 1.29573 -0.08712 -0.56290 B   2 
 1.26842  0.10220 -0.73777 V   2 
 1.08906 -0.31661 -0.65122 B   3 
 1.03193 -0.42980 -0.23668 F   3 
 1.00917 -0.59883 -0.76947 B   4 
 0.75162 -0.77295 -0.84765 B   5 
 0.54355 -0.89924 -1.20870 R   5 
 0.83039 -1.06268 -0.73935 B   6 
 0.81269 -1.22542 -1.00689 X   6 
 0.95555 -0.94328 -0.48111 B   7 
 1.28879 -0.74273 -0.44748 E   7 
 0.70151 -0.81514 -0.35955 B   8 
 0.60994 -0.52280 -0.37552 L   8 
 0.51796 -1.05958 -0.35949 B   9 
 0.46457 -1.09637 -0.56674 A   9 
 0.68847 -1.22273 -0.16508 B   10 
 0.86290 -1.28951 -0.27883 A   10 
 0.67790 -1.02399  0.07269 B   11 
 0.83045 -0.87511  0.03375 A   11 
 0.36966 -0.99896  0.09060 B   12 
 0.26979 -0.66874 -0.16548 M   12 
 0.32780 -1.29467  0.14769 B   13 
 0.29194 -1.64131 -0.11068 K   13 
 0.49677 -1.33749  0.39810 B   14 
 0.91542 -1.18564  0.48900 R   14 
 0.31584 -1.10020  0.53863 B   15 
 0.63127 -0.87263  0.55637 H   15 
 0.00293 -1.20351  0.45561 B   16 
-0.15963 -1.06627  0.19399 B   17 
-0.03904 -0.76685  0.22636 L   17 
-0.26218 -1.31331  0.07993 B   18 
-0.20083 -1.49111 -0.16290 D   18 
-0.60048 -1.29343  0.11012 B   19 
-0.55723 -1.55907 -0.06648 N   19 
-0.64071 -1.04521  0.25377 B   20 
-0.50243 -0.87899  0.63908 Y   20 
-0.95896 -0.98864  0.30116 B   21 
-0.99510 -0.82859  0.74684 R   21 
-0.98185 -1.13391 -0.00589 B   22 
-0.70286 -1.03369 -0.13678 B   23 
-0.97709 -0.65175 -0.12197 Y   23 
-0.52190 -1.10436 -0.37010 B   24 
-0.60185 -1.21107 -0.56276 S   24 
-0.19923 -1.05466 -0.43971 B   25 
 0.05735 -1.21109 -0.34885 L   25 
-0.24368 -0.90042 -0.71361 B   26 
-0.37570 -0.65047 -0.58803 B   27 
-0.69215 -0.76760 -0.59478 N   27 
-0.13599 -0.54995 -0.42274 B   28 
-0.32722 -0.63353 -0.02844 W   28 
 0.06278 -0.52567 -0.65643 B   29 
 0.19714 -0.74442 -0.69740 V   29 
-0.10849 -0.33899 -0.82762 B   30 
-0.31626 -0.37972 -1.00694 X   30 
-0.12334 -0.10717 -0.62690 B   31 
-0.26928 -0.16767 -0.47560 A   31 
 0.17905 -0.05382 -0.58907 B   32 
 0.25399 -0.20863 -0.45971 A   32 
 0.23237  0.01286 -0.88357 B   33 
 0.34575 -0.07898 -1.19197 K   33 
 0.01447  0.26917 -0.89983 B   34 
-0.13779  0.06246 -1.22092 F   34 
 0.11440  0.42364 -0.63790 B   35 
-0.18970  0.38893 -0.46411 E   35 
 0.46629  0.37318 -0.65298 B   36 
 0.47698  0.27362 -0.45524 S   36 
 0.61949  0.17737 -0.84188 B   37 
 0.66830  0.26553 -1.11042 N   37 
 0.77284  0.01224 -0.60686 B   38 
 0.59945 -0.27642 -0.84643 F   38 
 0.83776  0.27388 -0.41506 B   39 
 1.05051  0.46521 -0.50726 N   39 
 0.91594  0.33355 -0.08256 B   40 
 1.05085  0.13346 -0.02010 T   40 
 0.99176  0.66073 -0.12931 B   41 
 1.38888  0.64161 -0.09308 Q   41 
 0.71877  0.75134 -0.19998 B   42 
 0.66123  0.66548 -0.38440 A   42 
 0.58684  1.09027 -0.23265 B   43 
 0.73664  1.14731 -0.04771 T   43 
 0.26052  1.26855 -0.18720 B   44 
 0.30175  1.10676 -0.48060 N   44 
 0.09624  1.54963 -0.21807 B   45 
 0.23379  1.88511  0.13631 R   45 
-0.19830  1.67969 -0.09035 B   46 
-0.25006  1.34288 -0.05561 N   46 
-0.44684  1.90724 -0.10360 B   47 
-0.57649  1.92050 -0.32671 T   47 
-0.49800  1.86936  0.22458 B   48 
-0.56959  1.61625  0.25855 D   48 
-0.16963  1.84475  0.31944 B   49 
-0.11023  1.57974  0.29977 B   50 
-0.29446  1.42378  0.34606 S   50 
 0.06944  1.24994  0.27513 B   51 
 0.28119  1.41293  0.22302 T   51 
 0.20098  1.00319  0.07750 B   52 
-0.11593  0.94598 -0.04172 D   52 
 0.34407  0.67521  0.17039 B   53 
 0.47360  1.06555  0.41857 Y   53 
 0.50549  0.46090 -0.00833 B   54 
 0.41427  0.16315 -0.17404 B   55 
 0.57145 -0.05871 -0.17322 I   55 
 0.09179  0.24324 -0.05821 B   56 
 0.04566 -0.07420 -0.03771 L   56 
 0.02079  0.53361 -0.00294 B   57 
 0.19088  0.69969 -0.25383 Q   57 
 0.01370  0.62781  0.29417 B   58 
 0.00216  0.35513  0.44109 I   58 
-0.17172  0.84755  0.48302 B   59 
-0.36495  1.05635  0.37406 N   59 
-0.12423  1.12756  0.71601 B   60 
 0.01780  1.27343  0.61074 S   60 
-0.42695  1.17929  0.82480 B   61 
-0.59324  1.53995  0.66083 R   61 
-0.45689  0.85916  0.94520 B   62 
-0.86806  0.97944  0.78923 W   62 
-0.17813  0.65934  0.96767 B   63 
-0.51269  0.46371  0.76319 W   63 
 0.05930  0.88109  0.98685 B   64 
 0.20633  0.79903  0.78857 X   64 
 0.34270  1.07144  1.10491 B   65 
 0.32295  1.24914  1.34209 N   65 
 0.49172  1.40229  0.97488 B   66 
 0.33253  1.42465  0.75849 D   66 
 0.44342  1.68944  1.13472 B   67 
 0.23411  1.83456  0.87645 B   68 
 0.48558  1.80242  0.47611 R   68 
-0.07511  1.72129  0.96795 B   69 
-0.06517  1.56447  0.76659 T   69 
-0.34543  1.84813  1.04757 B   70 
-0.28287  2.03285  0.95963 P   70 
-0.55933  1.63588  1.20411 B   71 
-0.41236  1.38243  1.26395 B   72 
-0.19283  1.40050  1.17480 S   72 
-0.39930  1.01511  1.36706 B   73 
-0.74016  1.00367  1.47365 R   73 
-0.20640  0.76230  1.36006 B   74 
 0.06772  0.78417  1.40836 N   74 
-0.32419  0.45100  1.34537 B   75 
-0.62504  0.54881  1.27689 L   75 
-0.03246  0.29772  1.30052 B   76 
-0.12186  0.21703  1.01417 X   76 
 0.17379  0.41489  1.48404 B   77 
 0.16636  0.41909  1.75675 N   77 
 0.36863  0.59987  1.27490 B   78 
 0.45192  0.33512  1.17662 I   78 
 0.61376  0.71209  1.10789 B   79 
 0.75448  0.69952  1.26190 P   79 
 0.60560  0.78259  0.78106 B   80 
 0.35841  0.97886  0.76880 X   80 
 0.90739  0.69840  0.72883 B   81 
 1.02260  0.83516  0.88847 S   81 
 0.86516  0.39108  0.77623 B   82 
 0.81767  0.37384  0.98059 A   82 
 0.71387  0.37612  0.48519 B   83 
 0.40901  0.40602  0.60050 L   83 
 1.02317  0.40256  0.33336 B   84 
 0.91634  0.71095  0.29170 L   84 
 1.14417  0.15271  0.37869 B   85 
 1.24370  0.06278  0.60041 S   85 
 1.28009 -0.14913  0.26798 B   86 
 1.51868 -0.13242  0.28038 S   86 
 1.10284 -0.24066  0.50049 B   87 
 1.14733 -0.42104  0.72619 D   87 
 0.75766 -0.33799  0.46319 B   88 
 0.73870 -0.44099  0.21678 I   88 
 0.62992 -0.40100  0.73852 B   89 
 0.79724 -0.55757  0.87253 T   89 
 0.48675 -0.13237  0.80249 B   90 
 0.64238  0.00332  0.87038 A   90 
 0.30562 -0.11549  0.54936 B   91 
 0.46662  0.02976  0.38114 S   91 
 0.16153 -0.38294  0.58783 B   92 
 0.29586 -0.58541  0.48944 V   92 
 0.03884 -0.34141  0.86601 B   93 
 0.27443 -0.49683  1.04912 N   93 
-0.11201 -0.08815  0.77323 B   94 
-0.03539  0.18530  0.79653 X   94 
-0.26824 -0.20692  0.53461 B   95 
-0.12477 -0.23199  0.37608 A   95 
-0.43126 -0.41039  0.70025 B   96 
-0.13363 -0.76482  0.75220 K   96 
-0.59060 -0.18261  0.84114 B   97 
-0.40936 -0.07917  1.16484 K   97 
-0.70823 -0.04041  0.59365 B   98 
-0.49178  0.15832  0.49445 I   98 
-0.86447 -0.28718  0.46077 B   99 
-0.74443 -0.44821  0.34469 V   99 
-1.03360 -0.31893  0.74785 B   100 
-0.86167 -0.50313  0.82094 S   100 
-1.20810 -0.03852  0.75355 B   101 
-1.11386  0.22064  0.79038 D   101 
-1.45705 -0.11072  0.49809 B   102 
-1.35580 -0.03878  0.17901 B   103 
-1.49272  0.24855  0.24198 N   103 
-1.11837 -0.17821  0.14401 B   104 
-0.92943 -0.12342 -0.14979 B   105 
-0.68095 -0.41627 -0.22907 M   105 
-1.07269  0.15908 -0.20525 B   106 
-1.34503  0.00371 -0.31043 N   106 
-0.85605  0.32473 -0.04932 B   107 
-0.86243  0.24133  0.14236 A   107 
-0.71504  0.27568 -0.32892 B   108 
-0.44220  0.06770 -0.01184 W   108 
-0.73861  0.46416 -0.60100 B   109 
-0.77633  0.71102 -0.54449 V   109 
-0.56011  0.29736 -0.79666 B   110 
-0.35956  0.36633 -0.76485 A   110 
-0.70591  0.03283 -0.75784 B   111 
-0.84492 -0.27034 -0.55692 W   111 
-0.99226  0.12039 -0.83833 B   112 
-1.22266  0.43634 -0.67892 R   112 
-0.90136  0.26163 -1.12624 B   113 
-0.99804  0.55285 -1.02070 N   113 
-0.67315  0.00251 -1.21259 B   114 
-0.33384  0.35560 -1.32473 R   114 
-0.75937 -0.29103 -1.06600 B   115 
-0.47792 -0.22471 -0.93194 X   115 
-1.04475 -0.31188 -1.04595 B   116 
-1.35285 -0.20456 -0.74324 K   116 
-1.17948 -0.57070 -1.24872 B   117 
-0.91782 -0.69897 -1.31252 B   118 
-0.78080 -0.48526 -1.36681 T   118 
-0.63755 -0.90144 -1.39792 B   119 
-0.62242 -1.15565 -1.52961 D   119 
-0.44664 -0.93660 -1.11728 B   120 
-0.60325 -0.82062 -0.96078 V   120 
-0.28887 -1.20157 -1.17178 B   121 
-0.59511 -1.48362 -1.15745 Q   121 
-0.08137 -1.07182 -1.36958 B   122 
-0.19656 -1.00692 -1.52918 A   122 
 0.10406 -0.96022 -1.12484 B   123 
-0.01051 -0.55935 -1.22330 W   123 
 0.21202 -1.28378 -1.06707 B   124 
 0.06532 -1.30763 -0.84307 I   124 
 0.33548 -1.36837 -1.30549 B   125 
-0.12185 -1.41093 -1.54510 R   125 
 0.62526 -1.57189 -1.29072 B   126 
 0.60357 -1.61998 -0.99317 B   127 
 0.59424 -1.29931 -0.95488 X   127 
 0.76249 -1.77344 -0.70302 B   128 
 0.78625 -2.17826 -0.70883 R   128 
 0.49239 -1.92409 -0.48764 B   129 
 0.43695 -1.67079 -0.50361 L   129 
