246 
-0.16113 -0.84762  1.02103 B   1 
 0.24049 -0.92506  1.11558 K   1 
-0.04739 -0.61873  1.27212 B   2 
-0.27192 -0.51570  1.35046 V   2 
 0.15585 -0.37156  1.24420 B   3 
 0.36180 -0.57277  0.92014 F   3 
 0.40327 -0.19424  1.32994 B   4 
 0.55507  0.07707  1.25174 B   5 
 0.59493  0.48204  1.40667 R   5 
 0.86185 -0.00825  1.27383 B   6 
 0.95844  0.19817  1.48932 X   6 
 0.80509 -0.28420  1.14253 B   7 
 0.61717 -0.58896  1.29812 E   7 
 0.70891 -0.18644  0.86518 B   8 
 0.42094 -0.15001  0.76594 L   8 
 0.94707 -0.01043  0.78942 B   9 
 0.93509  0.16645  0.91484 A   9 
 1.15041 -0.23871  0.78478 B   10 
 1.18882 -0.28988  0.99390 A   10 
 1.01196 -0.41016  0.56665 B   11 
 0.85785 -0.52386  0.66803 A   11 
 0.99226 -0.19043  0.34919 B   12 
 0.61201 -0.00182  0.41573 M   12 
 1.29323 -0.15068  0.33208 B   13 
 1.57091  0.09106  0.56155 K   13 
 1.39243 -0.43099  0.26369 B   14 
 1.26497 -0.82970  0.44082 R   14 
 1.19430 -0.41708  0.00035 B   15 
 0.97645 -0.70225  0.15138 H   15 
 1.27618 -0.11107 -0.12267 B   16 
 1.08252  0.15742 -0.05851 B   17 
 0.79845  0.00072 -0.05731 L   17 
 1.29672  0.34413  0.00321 B   18 
 1.41354  0.47699  0.25430 D   18 
 1.28492  0.57977 -0.24192 B   19 
 1.50253  0.69767 -0.03608 N   19 
 1.07664  0.48295 -0.41831 B   20 
 1.00365  0.10989 -0.64350 Y   20 
 1.03308  0.68702 -0.66967 B   21 
 0.98033  0.40962 -1.05154 R   21 
 1.10357  0.91972 -0.43137 B   22 
 0.97536  0.77496 -0.17133 B   23 
 0.60762  0.91778 -0.42760 Y   23 
 0.98994  0.79483  0.13127 B   24 
 1.04941  0.99310  0.24105 S   24 
 0.92497  0.58564  0.38317 B   25 
 1.09772  0.35613  0.50982 L   25 
 0.71172  0.76940  0.52996 B   26 
 0.49775  0.75362  0.30715 B   27 
 0.61068  1.01626  0.12779 N   27 
 0.43771  0.45187  0.32229 B   28 
 0.61039  0.36115 -0.07893 W   28 
 0.35979  0.44433  0.61991 B   29 
 0.56294  0.40032  0.77604 V   29 
 0.13891  0.65506  0.60270 B   30 
 0.13749  0.93245  0.60808 X   30 
-0.04027  0.50533  0.40338 B   31 
 0.05377  0.53000  0.20743 A   31 
-0.08395  0.24326  0.56190 B   32 
 0.09642  0.12755  0.54204 A   32 
-0.21693  0.37855  0.80280 B   33 
-0.19897  0.50040  1.12098 K   33 
-0.46969  0.51672  0.62828 B   34 
-0.34245  0.86592  0.80402 F   34 
-0.55968  0.25245  0.47170 B   35 
-0.48526  0.37955  0.15203 E   35 
-0.51465  0.00147  0.71986 B   36 
-0.37215 -0.11666  0.59793 S   36 
-0.36801  0.03302  0.99371 B   37 
-0.51588  0.15219  1.20867 N   37 
-0.15334 -0.20752  0.94822 B   38 
 0.07250  0.11849  1.06438 F   38 
-0.36373 -0.41680  0.80195 B   39 
-0.57154 -0.54904  0.97427 N   39 
-0.34514 -0.69495  0.59577 B   40 
-0.13626 -0.80741  0.67233 T   40 
-0.67441 -0.77176  0.62165 B   41 
-0.64810 -1.09420  0.85557 Q   41 
-0.77843 -0.53272  0.48105 B   42 
-0.73737 -0.35981  0.59555 A   42 
-1.11552 -0.46193  0.35978 B   43 
-1.12856 -0.70115  0.30979 T   43 
-1.27793 -0.26855  0.08308 B   44 
-1.18833 -0.09084  0.35576 N   44 
-1.55826 -0.16568 -0.05024 B   45 
-1.80308 -0.54379 -0.28294 R   45 
-1.65482 -0.04125 -0.35874 B   46 
-1.31901  0.02624 -0.35844 N   46 
-1.87887  0.12263 -0.55027 B   47 
-1.94307  0.36014 -0.47137 T   47 
-1.76614 -0.03984 -0.81981 B   48 
-1.51192  0.03082 -0.84659 D   48 
-1.72086 -0.34610 -0.67291 B   49 
-1.46764 -0.33960 -0.57296 B   50 
-1.30491 -0.20536 -0.69905 S   50 
-1.15275 -0.41194 -0.37992 B   51 
-1.32373 -0.56451 -0.23292 T   51 
-0.95852 -0.35083 -0.10463 B   52 
-0.92985 -0.02577 -0.21158 D   52 
-0.61820 -0.46972 -0.02267 B   53 
-0.94091 -0.78286 -0.19161 Y   53 
-0.45122 -0.44810  0.25223 B   54 
-0.19962 -0.22990  0.36854 B   55 
 0.01616 -0.31719  0.50905 I   55 
-0.25026 -0.06928  0.05958 B   56 
 0.06341  0.00002  0.07065 L   56 
-0.51990 -0.09316 -0.07875 B   57 
-0.73971 -0.08906  0.18795 Q   57 
-0.54294 -0.28919 -0.32009 B   58 
-0.24368 -0.33262 -0.38815 I   58 
-0.71282 -0.29973 -0.61901 B   59 
-0.94082 -0.11481 -0.70048 N   59 
-0.93156 -0.52443 -0.81035 B   60 
-1.09803 -0.58783 -0.66613 S   60 
-0.95626 -0.37021 -1.09628 B   61 
-1.34474 -0.19364 -1.14640 R   61 
-0.61692 -0.37585 -1.14824 B   62 
-0.76927  0.01783 -1.32046 W   62 
-0.41778 -0.57267 -0.94886 B   63 
-0.27409 -0.15985 -0.97963 W   63 
-0.62951 -0.79849 -0.84843 B   64 
-0.59570 -0.77320 -0.59175 X   64 
-0.78794 -1.11704 -0.78588 B   65 
-0.90603 -1.27801 -1.00580 N   65 
-1.14012 -1.19760 -0.65151 B   66 
-1.21157 -0.94317 -0.59836 D   66 
-1.38252 -1.30427 -0.85201 B   67 
-1.58300 -1.00346 -0.82203 B   68 
-1.64459 -0.93764 -0.35683 R   68 
-1.45115 -0.80889 -1.07017 B   69 
-1.34507 -0.66616 -0.88684 T   69 
-1.55572 -0.67209 -1.32678 B   70 
-1.75586 -0.69166 -1.25378 P   70 
-1.31270 -0.57645 -1.54382 B   71 
-1.05252 -0.68851 -1.44806 B   72 
-1.09107 -0.80213 -1.24294 S   72 
-0.67135 -0.70900 -1.45099 B   73 
-0.63503 -0.51497 -1.74882 R   73 
-0.42731 -0.81397 -1.27606 B   74 
-0.43790 -1.05645 -1.13804 N   74 
-0.12762 -0.66880 -1.28644 B   75 
-0.23809 -0.41100 -1.44801 L   75 
 0.01067 -0.83993 -1.03704 B   76 
 0.02321 -0.57922 -0.86860 X   76 
-0.06130 -1.13017 -1.06003 B   77 
-0.00241 -1.29718 -1.26759 N   77 
-0.28990 -1.17406 -0.81157 B   78 
-0.05514 -1.13621 -0.63795 I   78 
-0.43806 -1.27203 -0.54884 B   79 
-0.39052 -1.47449 -0.56950 P   79 
-0.58211 -1.07009 -0.32451 B   80 
-0.77549 -0.90323 -0.51035 X   80 
-0.51276 -1.25447 -0.07535 B   81 
-0.60917 -1.46322 -0.14312 S   81 
-0.20274 -1.20661 -0.08345 B   82 
-0.13870 -1.29681 -0.26256 A   82 
-0.25512 -0.90557  0.03672 B   83 
-0.25708 -0.75058 -0.25155 L   83 
-0.31643 -1.04925  0.34497 B   84 
-0.62592 -0.98737  0.25203 L   84 
-0.06307 -1.13292  0.43400 B   85 
 0.07546 -1.33525  0.35019 S   85 
 0.20482 -1.12180  0.65750 B   86 
 0.19102 -1.31380  0.79999 S   86 
 0.34786 -1.11991  0.38659 B   87 
 0.57541 -1.26941  0.28015 D   87 
 0.43453 -0.81906  0.20774 B   88 
 0.47788 -0.63388  0.39619 I   88 
 0.55962 -0.88613 -0.06785 B   89 
 0.74262 -1.07487 -0.03098 T   89 
 0.31327 -0.85732 -0.25555 B   90 
 0.19666 -1.03881 -0.22897 A   90 
 0.23870 -0.56219 -0.18843 B   91 
 0.05826 -0.60023  0.01483 S   91 
 0.50805 -0.43703 -0.26299 B   92 
 0.68211 -0.44722 -0.06723 V   92 
 0.53208 -0.52526 -0.55591 B   93 
 0.72519 -0.79713 -0.51137 N   93 
 0.26450 -0.38943 -0.62975 B   94 
 0.00369 -0.50307 -0.64573 X   94 
 0.32522 -0.10229 -0.53324 B   95 
 0.31277 -0.10781 -0.31839 A   95 
 0.56172 -0.05244 -0.72559 B   96 
 0.91806 -0.25928 -0.50848 K   96 
 0.37289 -0.05378 -0.97351 B   97 
 0.34669 -0.41137 -1.11413 K   97 
 0.17758  0.17083 -0.89158 B   98 
-0.03905  0.03909 -0.71298 I   98 
 0.38727  0.41027 -0.85076 B   99 
 0.51694  0.41598 -0.65849 V   99 
 0.48473  0.36267 -1.16740 B   100 
 0.68054  0.21297 -1.07753 S   100 
 0.21351  0.45035 -1.33433 B   101 
-0.03030  0.31690 -1.34638 D   101 
 0.22519  0.81182 -1.29367 B   102 
 0.08135  0.92534 -1.00442 B   103 
-0.18344  0.94725 -1.19063 N   103 
 0.20853  0.78730 -0.79996 B   104 
 0.08706  0.82063 -0.46958 B   105 
 0.35328  0.72488 -0.19800 M   105 
-0.20036  0.92280 -0.57131 B   106 
-0.07302  1.21960 -0.64242 N   106 
-0.32590  0.63486 -0.57572 B   107 
-0.20048  0.53116 -0.70708 A   107 
-0.34297  0.71114 -0.26854 B   108 
-0.06786  0.33419 -0.28979 W   108 
-0.58914  0.87277 -0.11563 B   109 
-0.81622  0.82921 -0.22561 V   109 
-0.47233  0.88503  0.17450 B   110 
-0.53243  0.70199  0.26871 A   110 
-0.20574  1.01083  0.09805 B   111 
 0.13586  1.03492 -0.08724 W   111 
-0.30904  1.26668 -0.04340 B   112 
-0.57925  1.29469 -0.36669 R   112 
-0.51309  1.35813  0.20378 B   113 
-0.77191  1.32196  0.01143 N   113 
-0.28130  1.27727  0.46149 B   114 
-0.65131  1.03721  0.70199 R   114 
 0.03831  1.29401  0.34895 B   115 
 0.00425  0.98525  0.42033 X   115 
 0.06370  1.50179  0.15284 B   116 
 0.02970  1.52953 -0.29005 K   116 
 0.26894  1.77072  0.26151 B   117 
 0.37856  1.63074  0.50104 B   118 
 0.15787  1.52893  0.59224 T   118 
 0.55537  1.50122  0.78176 B   119 
 0.77228  1.61050  0.93408 D   119 
 0.65406  1.18400  0.70382 B   120 
 0.57761  1.18732  0.46589 V   120 
 0.89902  1.13755  0.89333 B   121 
 1.17727  1.40359  0.73413 Q   121 
 0.72675  1.08507  1.15136 B   122 
 0.62695  1.26384  1.18345 A   122 
 0.67437  0.77288  1.07051 B   123 
 0.26179  0.86276  0.99828 W   123 
 1.00234  0.70224  1.15493 B   124 
 1.07752  0.67618  0.89815 I   124 
 1.02939  0.77118  1.42651 B   125 
 1.01624  1.27695  1.31513 R   125 
 1.23033  0.57138  1.63937 B   126 
 1.34586  0.40732  1.41343 B   127 
 1.04271  0.34268  1.32229 X   127 
 1.56190  0.12602  1.32865 B   128 
 1.95440  0.17165  1.41997 R   128 
 1.75866  0.21819  1.02071 B   129 
 1.50862  0.23289  0.95180 L   129 
