246 
-1.22657  0.28437 -0.44896 B   1 
-1.38062 -0.10387 -0.49112 K   1 
-1.39528  0.18555 -0.14871 B   2 
-1.41175  0.41232 -0.02433 V   2 
-1.30545 -0.02836  0.07343 B   3 
-1.09041 -0.25534 -0.22682 F   3 
-1.34994 -0.27334  0.26841 B   4 
-1.19984 -0.44151  0.49634 B   5 
-1.21173 -0.48204  0.92971 R   5 
-1.27943 -0.74166  0.42248 B   6 
-1.42074 -0.82582  0.68954 X   6 
-1.24434 -0.68693  0.11853 B   7 
-1.47465 -0.47454 -0.11439 E   7 
-0.94227 -0.62002  0.11643 B   8 
-0.80885 -0.34379  0.11800 L   8 
-0.83515 -0.87040  0.25526 B   9 
-0.89152 -0.85361  0.46431 A   9 
-0.92796 -1.06477  0.03826 B   10 
-1.14476 -1.08211  0.06116 A   10 
-0.76825 -0.94048 -0.19666 B   11 
-0.88650 -0.77371 -0.26850 A   11 
-0.48846 -0.94873 -0.06398 B   12 
-0.44967 -0.57122  0.13745 M   12 
-0.48849 -1.25127 -0.03356 B   13 
-0.64867 -1.51568  0.27080 K   13 
-0.52902 -1.34587 -0.32078 B   14 
-0.81720 -1.18823 -0.63494 R   14 
-0.25845 -1.17314 -0.39657 B   15 
-0.47493 -0.93210 -0.61250 H   15 
-0.04780 -1.27708 -0.15100 B   16 
 0.00196 -1.08842  0.12403 B   17 
-0.02435 -0.79984 -0.02183 L   17 
-0.01362 -1.30287  0.31979 B   18 
-0.21512 -1.40121  0.52973 D   18 
 0.29668 -1.32208  0.45799 B   19 
 0.12259 -1.52429  0.63808 N   19 
 0.44941 -1.12726  0.30771 B   20 
 0.54111 -1.06133 -0.11944 Y   20 
 0.75797 -1.11427  0.41423 B   21 
 1.02669 -1.08624  0.02363 R   21 
 0.60676 -1.17135  0.71386 B   22 
 0.32697 -1.01480  0.66672 B   23 
 0.65117 -0.67738  0.71519 Y   23 
 0.04905 -1.00255  0.78832 B   24 
 0.00757 -1.05907  1.01189 S   24 
-0.25111 -0.90729  0.67759 B   25 
-0.46422 -1.05924  0.50423 L   25 
-0.30543 -0.68851  0.90113 B   26 
-0.08128 -0.49523  0.81128 B   27 
 0.16439 -0.63360  0.99678 N   27 
-0.19165 -0.42298  0.53293 B   28 
 0.13625 -0.62794  0.31044 W   28 
-0.46512 -0.31812  0.62740 B   29 
-0.64603 -0.50448  0.63838 V   29 
-0.35607 -0.10764  0.82053 B   30 
-0.26712 -0.11596  1.08320 X   30 
-0.20262  0.05809  0.61259 B   31 
-0.02010 -0.05421  0.56875 A   31 
-0.43537  0.12563  0.42027 B   32 
-0.47360 -0.05141  0.30403 A   32 
-0.60203  0.27486  0.62997 B   33 
-0.86036  0.28140  0.85275 K   33 
-0.36719  0.50546  0.70145 B   34 
-0.42599  0.38192  1.08913 F   34 
-0.30123  0.59053  0.40001 B   35 
 0.03366  0.48274  0.41046 E   35 
-0.62281  0.57752  0.24829 B   36 
-0.56262  0.42898  0.09518 S   36 
-0.88280  0.45530  0.37060 B   37 
-1.02918  0.61759  0.55636 N   37 
-0.94264  0.24640  0.12812 B   38 
-0.96318  0.02018  0.47335 F   38 
-0.85593  0.45020 -0.11764 B   39 
-1.04159  0.67754 -0.18257 N   39 
-0.75889  0.42323 -0.44943 B   40 
-0.88906  0.22646 -0.52991 T   40 
-0.77684  0.75609 -0.51160 B   41 
-1.10743  0.76305 -0.73530 Q   41 
-0.55418  0.83802 -0.33428 B   42 
-0.60687  0.80119 -0.13289 A   42 
-0.38371  1.15986 -0.30772 B   43 
-0.41657  1.17712 -0.54962 T   43 
-0.04341  1.28922 -0.21943 B   44 
-0.24726  1.21827  0.04013 N   44 
 0.14364  1.55230 -0.16701 B   45 
 0.25750  1.78874 -0.60081 R   45 
 0.48393  1.61578 -0.15462 B   46 
 0.47358  1.27912 -0.09233 N   46 
 0.74057  1.81530 -0.06486 B   47 
 0.75338  1.87760  0.18557 T   47 
 0.92684  1.68462 -0.30978 B   48 
 0.95090  1.42658 -0.25342 D   48 
 0.68129  1.66419 -0.54794 B   49 
 0.56514  1.42104 -0.50878 B   50 
 0.71263  1.24268 -0.42606 S   50 
 0.32915  1.12787 -0.51229 B   51 
 0.15670  1.31700 -0.60509 T   51 
 0.07314  0.95733 -0.36187 B   52 
 0.28041  0.90710 -0.09273 D   52 
-0.07713  0.63048 -0.44707 B   53 
 0.00667  0.94783 -0.79779 Y   53 
-0.34346  0.48848 -0.33382 B   54 
-0.40314  0.24062 -0.09001 B   55 
-0.58533  0.04186 -0.12509 I   55 
-0.05468  0.25702 -0.04392 B   56 
-0.07233 -0.05669  0.02383 L   56 
 0.09312  0.51368 -0.11244 B   57 
-0.13356  0.75651 -0.01700 Q   57 
 0.25494  0.52191 -0.37880 B   58 
 0.27462  0.21951 -0.44394 I   58 
 0.54778  0.66420 -0.48980 B   59 
 0.70892  0.87688 -0.34278 N   59 
 0.67227  0.87278 -0.76538 B   60 
 0.53215  1.05389 -0.77529 S   60 
 0.99447  0.86570 -0.71757 B   61 
 1.13918  1.24125 -0.56714 R   61 
 1.00794  0.52349 -0.74184 B   62 
 1.31724  0.64494 -0.42969 W   62 
 0.73525  0.35068 -0.85981 B   63 
 0.88962  0.18966 -0.48264 W   63 
 0.58559  0.57884 -1.03717 B   64 
 0.35061  0.56758 -0.92617 X   64 
 0.43481  0.75393 -1.31483 B   65 
 0.59774  0.85741 -1.54058 N   65 
 0.31630  1.11959 -1.34353 B   66 
 0.35963  1.18615 -1.08592 D   66 
 0.49161  1.34654 -1.51114 B   67 
 0.58496  1.53769 -1.21733 B   68 
 0.17787  1.63882 -0.99690 R   68 
 0.87011  1.37675 -1.11932 B   69 
 0.73642  1.28258 -0.92312 T   69 
 1.16681  1.45246 -1.07761 B   70 
 1.11147  1.65899 -1.07041 P   70 
 1.37848  1.18737 -1.06245 B   71 
 1.22545  0.94128 -1.13622 B   72 
 0.99881  1.00246 -1.17311 S   72 
 1.18391  0.56243 -1.15792 B   73 
 1.52475  0.49207 -1.07696 R   73 
 0.96077  0.33933 -1.19801 B   74 
 0.75061  0.37135 -1.37901 N   74 
 0.99024  0.03479 -1.06617 B   75 
 1.23949  0.12054 -0.87832 L   75 
 0.68537 -0.07387 -1.14274 B   76 
 0.61470 -0.08066 -0.84032 X   76 
 0.61576  0.00637 -1.42321 B   77 
 0.74774 -0.06494 -1.65110 N   77 
 0.39076  0.25806 -1.37906 B   78 
 0.21808  0.03881 -1.28527 I   78 
 0.12624  0.43299 -1.38122 B   79 
 0.07242  0.39126 -1.57881 P   79 
-0.00128  0.58928 -1.11445 B   80 
 0.24805  0.75869 -1.02006 X   80 
-0.30365  0.54970 -1.20330 B   81 
-0.30140  0.64718 -1.42229 S   81 
-0.31025  0.23867 -1.16222 B   82 
-0.17941  0.16199 -1.30823 A   82 
-0.31574  0.29062 -0.83806 B   83 
 0.00669  0.26066 -0.79041 L   83 
-0.64684  0.38493 -0.86804 B   84 
-0.50860  0.68221 -0.84031 L   84 
-0.78330  0.14397 -0.91737 B   85 
-0.78688  0.00595 -1.13667 S   85 
-1.01496 -0.10274 -0.83186 B   86 
-1.21192 -0.06898 -0.96386 S   86 
-0.77478 -0.26977 -0.92282 B   87 
-0.74804 -0.50038 -1.10047 D   87 
-0.51410 -0.38336 -0.70112 B   88 
-0.63208 -0.41621 -0.46302 I   88 
-0.29112 -0.53042 -0.85843 B   89 
-0.40741 -0.70223 -1.02405 T   89 
-0.08156 -0.30337 -0.89429 B   90 
-0.15641 -0.17821 -1.05546 A   90 
-0.03723 -0.23394 -0.59365 B   91 
-0.22265 -0.03450 -0.55957 S   91 
 0.04850 -0.51338 -0.50236 B   92 
-0.15521 -0.66844 -0.44598 V   92 
 0.29045 -0.56066 -0.68509 B   93 
 0.13786 -0.73876 -0.92630 N   93 
 0.43172 -0.30608 -0.58149 B   94 
 0.43379 -0.04379 -0.69279 X   94 
 0.43260 -0.36833 -0.27887 B   95 
 0.23087 -0.33621 -0.21090 A   95 
 0.60632 -0.62300 -0.29835 B   96 
 0.29822 -0.95027 -0.42030 K   96 
 0.85640 -0.45756 -0.38326 B   97 
 0.86959 -0.43107 -0.76726 K   97 
 0.87484 -0.26403 -0.14344 B   98 
 0.68434 -0.02736 -0.20573 I   98 
 0.89710 -0.47782  0.09481 B   99 
 0.70638 -0.58961  0.16512 V   99 
 1.16780 -0.60183 -0.05807 B   100 
 1.01385 -0.78301 -0.16899 S   100 
 1.38026 -0.35031 -0.03141 B   101 
 1.37028 -0.10385 -0.16008 D   101 
 1.46336 -0.37157  0.32228 B   102 
 1.24514 -0.20633  0.52800 B   103 
 1.45278  0.03946  0.48623 N   103 
 0.99462 -0.30923  0.46729 B   104 
 0.70859 -0.15956  0.61152 B   105 
 0.39593 -0.39629  0.61290 M   105 
 0.86653  0.11347  0.67405 B   106 
 1.02102 -0.03066  0.92847 N   106 
 0.78554  0.24862  0.40227 B   107 
 0.86112  0.11569  0.25959 A   107 
 0.52553  0.29070  0.57861 B   108 
 0.39093  0.02888  0.21588 W   108 
 0.46122  0.54362  0.78355 B   109 
 0.57166  0.76122  0.70602 V   109 
 0.18238  0.45328  0.89336 B   110 
 0.03817  0.52839  0.75354 A   110 
 0.27038  0.17639  0.98463 B   111 
 0.41847 -0.18129  0.94295 W   111 
 0.49944  0.25690  1.17747 B   112 
 0.83797  0.49541  1.09481 R   112 
 0.31902  0.47906  1.34835 B   113 
 0.51217  0.72049  1.24985 N   113 
 0.02776  0.27478  1.35913 B   114 
-0.24229  0.67371  1.21664 R   114 
 0.10744 -0.05413  1.33538 B   115 
-0.06049 -0.00237  1.06946 X   115 
 0.35879 -0.10488  1.46392 B   116 
 0.78602 -0.11230  1.33942 K   116 
 0.32797 -0.30917  1.75300 B   117 
 0.04568 -0.39134  1.70248 B   118 
-0.05250 -0.15967  1.63861 T   118 
-0.27818 -0.53702  1.67555 B   119 
-0.40502 -0.74308  1.82932 D   119 
-0.32223 -0.63062  1.35037 B   120 
-0.09094 -0.57628  1.27281 V   120 
-0.53931 -0.85547  1.37026 B   121 
-0.32757 -1.15665  1.56519 Q   121 
-0.78169 -0.65865  1.40937 B   122 
-0.74146 -0.56301  1.58877 A   122 
-0.80650 -0.60236  1.08850 B   123 
-0.66807 -0.20164  1.14999 W   123 
-0.94155 -0.91847  1.04956 B   124 
-0.71740 -1.01566  0.93740 I   124 
-1.17505 -0.92326  1.20671 B   125 
-0.89841 -0.93894  1.64443 R   125 
-1.46156 -1.09653  1.09052 B   126 
-1.31691 -1.22598  0.85892 B   127 
-1.22378 -0.93019  0.76827 X   127 
-1.35390 -1.43831  0.56474 B   128 
-1.46238 -1.82230  0.63725 R   128 
-1.05379 -1.66550  0.54588 B   129 
-0.95982 -1.42346  0.53720 L   129 
