246 
-0.87722  0.12229  1.00122 B   1 
-0.89874 -0.27718  1.12851 K   1 
-0.63842  0.06299  1.26167 B   2 
-0.56924  0.30549  1.32147 V   2 
-0.36470 -0.10479  1.25156 B   3 
-0.52997 -0.36292  0.94502 F   3 
-0.15561 -0.31677  1.35814 B   4 
 0.13552 -0.43448  1.29374 B   5 
 0.53969 -0.40380  1.45282 R   5 
 0.09395 -0.74741  1.34091 B   6 
 0.30863 -0.79588  1.56438 X   6 
-0.18523 -0.74122  1.20441 B   7 
-0.51575 -0.58629  1.34282 E   7 
-0.09781 -0.65514  0.92037 B   8 
-0.10080 -0.37398  0.79771 L   8 
 0.11113 -0.87135  0.86523 B   9 
 0.28263 -0.82424  0.98984 A   9 
-0.08614 -1.10467  0.87670 B   10 
-0.13455 -1.13273  1.08811 A   10 
-0.27206 -1.01017  0.64725 B   11 
-0.40786 -0.86596  0.73510 A   11 
-0.05403 -0.97737  0.42965 B   12 
 0.07811 -0.57009  0.46506 M   12 
 0.02797 -1.27006  0.43772 B   13 
 0.30292 -1.49103  0.69027 K   13 
-0.23450 -1.41320  0.37683 B   14 
-0.64982 -1.32946  0.54140 R   14 
-0.24465 -1.23728  0.09801 B   15 
-0.55992 -1.05041  0.22946 H   15 
 0.07167 -1.28476 -0.01674 B   16 
 0.30920 -1.05044  0.03205 B   17 
 0.11405 -0.79229  0.00914 L   17 
 0.52327 -1.23028  0.11197 B   18 
 0.66744 -1.30620  0.37234 D   18 
 0.75858 -1.20527 -0.13249 B   19 
 0.90282 -1.38645  0.09111 N   19 
 0.63606 -1.02791 -0.32588 B   20 
 0.25990 -1.02713 -0.55763 Y   20 
 0.83575 -0.97656 -0.57928 B   21 
 0.55949 -0.99498 -0.96516 R   21 
 1.07242 -0.99368 -0.33516 B   22 
 0.90713 -0.86647 -0.08715 B   23 
 1.00058 -0.50438 -0.37256 Y   23 
 0.92426 -0.85334  0.21568 B   24 
 1.12725 -0.87496  0.33069 S   24 
 0.70422 -0.79829  0.46060 B   25 
 0.49945 -0.99088  0.60036 L   25 
 0.85386 -0.54991  0.58982 B   26 
 0.81148 -0.35924  0.34998 B   27 
 1.09009 -0.44810  0.18151 N   27 
 0.50409 -0.34151  0.35905 B   28 
 0.44468 -0.55748 -0.02677 W   28 
 0.48114 -0.24141  0.64915 B   29 
 0.46382 -0.43530  0.82144 V   29 
 0.65889  0.00494  0.61440 B   30 
 0.93321  0.04607  0.62059 X   30 
 0.48846  0.14423  0.40038 B   31 
 0.52909  0.03895  0.21300 A   31 
 0.22047  0.16316  0.55383 B   32 
 0.13164 -0.03280  0.54860 A   32 
 0.33202  0.33317  0.78333 B   33 
 0.45036  0.35869  1.10232 K   33 
 0.43584  0.58786  0.58892 B   34 
 0.79678  0.52613  0.77581 F   34 
 0.16392  0.62642  0.42450 B   35 
 0.30507  0.54490  0.11255 E   35 
-0.08194  0.56671  0.67468 B   36 
-0.17695  0.39944  0.56459 S   36 
-0.03419  0.44887  0.95986 B   37 
 0.05969  0.62918  1.16221 N   37 
-0.24138  0.19931  0.93151 B   38 
 0.11140  0.03216  1.06712 F   38 
-0.47597  0.36528  0.76757 B   39 
-0.63876  0.56564  0.92160 N   39 
-0.74558  0.29072  0.56269 B   40 
-0.82864  0.07497  0.65593 T   40 
-0.86838  0.60679  0.56090 B   41 
-1.18741  0.55427  0.79508 Q   41 
-0.64427  0.73178  0.41297 B   42 
-0.46906  0.72512  0.53108 A   42 
-0.61985  1.06446  0.26440 B   43 
-0.85773  1.03937  0.21267 T   43 
-0.44711  1.22949 -0.02416 B   44 
-0.26269  1.18852  0.25562 N   44 
-0.38274  1.50973 -0.17992 B   45 
-0.78800  1.67871 -0.43343 R   45 
-0.26850  1.59743 -0.49494 B   46 
-0.15439  1.27571 -0.46655 N   46 
-0.13493  1.82603 -0.70383 B   47 
 0.08995  1.92944 -0.62972 T   47 
-0.27580  1.66980 -0.96365 B   48 
-0.16964  1.42682 -0.96901 D   48 
-0.57482  1.59374 -0.81455 B   49 
-0.53423  1.35302 -0.69392 B   50 
-0.37651  1.20119 -0.80561 S   50 
-0.56441  1.04788 -0.47567 B   51 
-0.74175  1.20695 -0.34388 T   51 
-0.48072  0.88739 -0.18500 B   52 
-0.15328  0.89642 -0.28809 D   52 
-0.55172  0.54151 -0.07550 B   53 
-0.90460  0.80173 -0.27171 Y   53 
-0.51096  0.40228  0.21239 B   54 
-0.26128  0.19447  0.34991 B   55 
-0.31943 -0.01930  0.50754 I   55 
-0.10473  0.24194  0.03837 B   56 
 0.00789 -0.05679  0.07567 L   56 
-0.16426  0.49329 -0.12193 B   57 
-0.19520  0.73250  0.12562 Q   57 
-0.35790  0.46855 -0.36503 B   58 
-0.35772  0.16161 -0.40817 I   58 
-0.38774  0.61024 -0.67704 B   59 
-0.23557  0.85471 -0.77651 N   59 
-0.63809  0.77858 -0.88665 B   60 
-0.72649  0.94561 -0.75695 S   60 
-0.48457  0.80145 -1.17310 B   61 
-0.36375  1.20562 -1.25468 R   61 
-0.44158  0.46164 -1.19675 B   62 
-0.07072  0.65363 -1.37967 W   62 
-0.61138  0.25358 -0.98222 B   63 
-0.18201  0.16778 -0.99953 W   63 
-0.86626  0.43868 -0.90047 B   64 
-0.84035  0.42987 -0.64179 X   64 
-1.20487  0.55497 -0.85238 B   65 
-1.37752  0.63072 -1.08189 N   65 
-1.33626  0.90197 -0.74797 B   66 
-1.09526  1.01284 -0.70005 D   66 
-1.47295  1.10963 -0.96826 B   67 
-1.20388  1.35247 -0.95398 B   68 
-1.15444  1.46054 -0.49527 R   68 
-0.98894  1.22968 -1.18966 B   69 
-0.83548  1.16022 -0.99766 T   69 
-0.86436  1.33127 -1.45359 B   70 
-0.91303  1.53191 -1.39751 P   70 
-0.73216  1.08735 -1.64939 B   71 
-0.80790  0.82262 -1.53275 B   72 
-0.92891  0.86130 -1.33193 S   72 
-0.77444  0.44343 -1.50411 B   73 
-0.57274  0.41076 -1.79724 R   73 
-0.84663  0.20209 -1.30990 B   74 
-1.09025  0.18947 -1.17408 N   74 
-0.66056 -0.07385 -1.29488 B   75 
-0.41847  0.05845 -1.46417 L   75 
-0.81425 -0.21416 -1.03545 B   76 
-0.55696 -0.17586 -0.86566 X   76 
-1.11136 -0.18614 -1.06534 B   77 
-1.26525 -0.28484 -1.26787 N   77 
-1.19077  0.05346 -0.83685 B   78 
-1.12286 -0.15861 -0.64423 I   78 
-1.31259  0.20720 -0.58766 B   79 
-1.50601  0.12993 -0.60500 P   79 
-1.13638  0.39623 -0.37537 B   80 
-0.99563  0.59547 -0.57603 X   80 
-1.31291  0.32205 -0.12194 B   81 
-1.53210  0.38206 -0.19820 S   81 
-1.22173  0.02231 -0.10413 B   82 
-1.29929 -0.06827 -0.27761 A   82 
-0.93293  0.12644  0.01232 B   83 
-0.77541  0.12678 -0.27459 L   83 
-1.08846  0.19173  0.31392 B   84 
-1.06939  0.49824  0.19584 L   84 
-1.13695 -0.06279  0.42338 B   85 
-1.31646 -0.23496  0.35065 S   85 
-1.09159 -0.30726  0.66837 B   86 
-1.28575 -0.30920  0.80857 S   86 
-1.06547 -0.47023  0.41027 B   87 
-1.17980 -0.72458  0.32257 D   87 
-0.75274 -0.52772  0.24026 B   88 
-0.56617 -0.52888  0.43230 I   88 
-0.79734 -0.68314 -0.02423 B   89 
-0.95895 -0.88739  0.02705 T   89 
-0.80068 -0.45134 -0.23162 B   90 
-0.99716 -0.35983 -0.21543 A   90 
-0.52004 -0.33049 -0.16990 B   91 
-0.58619 -0.14127  0.01755 S   91 
-0.35708 -0.58458 -0.22143 B   92 
-0.34561 -0.74176 -0.01194 V   92 
-0.43660 -0.64471 -0.51165 B   93 
-0.67920 -0.87008 -0.45217 N   93 
-0.33871 -0.36751 -0.60696 B   94 
-0.48770 -0.12761 -0.64492 X   94 
-0.04738 -0.37887 -0.50477 B   95 
-0.05785 -0.34982 -0.29171 A   95 
 0.03820 -0.62083 -0.67666 B   96 
-0.11965 -0.98394 -0.43144 K   96 
 0.01402 -0.45498 -0.93939 B   97 
-0.34152 -0.49125 -1.08293 K   97 
 0.20762 -0.22380 -0.87318 B   98 
 0.04399 -0.01416 -0.71362 I   98 
 0.47356 -0.39341 -0.81428 B   99 
 0.49457 -0.50484 -0.61190 V   99 
 0.44497 -0.52217 -1.12190 B   100 
 0.32299 -0.72920 -1.01661 S   100 
 0.49608 -0.25580 -1.31045 B   101 
 0.32981 -0.03516 -1.34315 D   101 
 0.85494 -0.21281 -1.26773 B   102 
 0.94267 -0.03121 -0.99102 B   103 
 0.92988  0.21791 -1.19849 N   103 
 0.82084 -0.15954 -0.77719 B   104 
 0.83173 -0.00801 -0.45791 B   105 
 0.77032 -0.26203 -0.16551 M   105 
 0.89391  0.28171 -0.58280 B   106 
 1.20674  0.19232 -0.64207 N   106 
 0.59126  0.36442 -0.59859 B   107 
 0.50827  0.21528 -0.71945 A   107 
 0.65973  0.41715 -0.29363 B   108 
 0.32565  0.09061 -0.29327 W   108 
 0.78273  0.69538 -0.16111 B   109 
 0.70929  0.90426 -0.28970 V   109 
 0.80693  0.60557  0.13775 B   110 
 0.61585  0.64662  0.22602 A   110 
 0.97017  0.35414  0.08411 B   111 
 1.04494  0.00542 -0.07211 W   111 
 1.21104  0.48073 -0.06454 B   112 
 1.20560  0.72488 -0.40904 R   112 
 1.26907  0.71518  0.16517 B   113 
 1.19972  0.94969 -0.04812 N   113 
 1.21777  0.49609  0.44094 B   114 
 0.92438  0.84677  0.64909 R   114 
 1.28107  0.17397  0.35537 B   115 
 0.96955  0.16966  0.42262 X   115 
 1.49330  0.16233  0.16276 B   116 
 1.52268  0.16364 -0.28133 K   116 
 1.78679  0.00682  0.28900 B   117 
 1.66003 -0.10160  0.53632 B   118 
 1.52678  0.10915  0.60855 T   118 
 1.55247 -0.27145  0.83029 B   119 
 1.68890 -0.45754  1.00046 D   119 
 1.25353 -0.42011  0.75972 B   120 
 1.24965 -0.36365  0.51628 V   120 
 1.23919 -0.65288  0.96874 B   121 
 1.54414 -0.90270  0.83409 Q   121 
 1.15906 -0.46929  1.21141 B   122 
 1.32149 -0.34289  1.23572 A   122 
 0.84387 -0.46843  1.12542 B   123 
 0.87582 -0.05456  1.01951 W   123 
 0.81886 -0.79509  1.23652 B   124 
 0.80754 -0.89392  0.98677 I   124 
 0.88681 -0.78984  1.50964 B   125 
 1.38731 -0.71433  1.39929 R   125 
 0.71410 -0.99900  1.73776 B   126 
 0.57139 -1.15466  1.52161 B   127 
 0.46608 -0.87219  1.40541 X   127 
 0.32464 -1.41456  1.45409 B   128 
 0.42372 -1.78785  1.57781 R   128 
 0.44826 -1.62076  1.16385 B   129 
 0.42863 -1.37762  1.07448 L   129 
