246 
-0.22978  1.01116 -0.84360 B   1 
-0.41252  0.80290 -1.15899 K   1 
-0.58548  1.00981 -0.80054 B   2 
-0.61338  1.18759 -0.61403 V   2 
-0.77888  0.76702 -0.71791 B   3 
-0.50774  0.48346 -0.90228 F   3 
-1.03531  0.58403 -0.74575 B   4 
-1.18480  0.34004 -0.60126 B   5 
-1.53728  0.27732 -0.35341 R   5 
-1.27285  0.15857 -0.84864 B   6 
-1.58319  0.15497 -0.80338 X   6 
-1.00217  0.20698 -0.99354 B   7 
-0.87774  0.53514 -1.16451 E   7 
-0.81301  0.07573 -0.78685 B   8 
-0.64820  0.21188 -0.56684 L   8 
-0.94539 -0.19902 -0.76607 B   9 
-1.13081 -0.16977 -0.65688 A   9 
-0.89523 -0.27652 -1.05755 B   10 
-1.03705 -0.16003 -1.17648 A   10 
-0.58595 -0.25535 -1.05112 B   11 
-0.53921 -0.04557 -1.07878 A   11 
-0.53765 -0.44406 -0.81026 B   12 
-0.54362 -0.18797 -0.46533 M   12 
-0.66301 -0.68506 -0.94685 B   13 
-1.07304 -0.82243 -0.98162 K   13 
-0.49681 -0.70967 -1.20153 B   14 
-0.36016 -0.38223 -1.48561 R   14 
-0.23267 -0.73188 -1.00525 B   15 
-0.10405 -0.39106 -1.14270 H   15 
-0.34097 -0.96373 -0.78165 B   16 
-0.46106 -0.86957 -0.48096 B   17 
-0.26627 -0.61338 -0.44009 L   17 
-0.69200 -1.04620 -0.47595 B   18 
-0.99619 -1.01927 -0.50890 D   18 
-0.63497 -1.26262 -0.21970 B   19 
-0.93632 -1.33161 -0.30942 N   19 
-0.37061 -1.18906 -0.12711 B   20 
 0.02924 -1.15553 -0.31206 Y   20 
-0.27938 -1.37627  0.12459 B   21 
 0.17635 -1.48372  0.04505 R   21 
-0.61097 -1.35536  0.19883 B   22 
-0.67485 -1.05733  0.08879 B   23 
-0.42117 -0.99338  0.47976 Y   23 
-0.91576 -0.88893  0.01276 B   24 
-1.12891 -0.92778  0.10196 S   24 
-0.96267 -0.62118 -0.18100 B   25 
-0.99737 -0.59576 -0.49198 L   25 
-1.08997 -0.43532  0.04269 B   26 
-0.83347 -0.41181  0.21394 B   27 
-0.88819 -0.68686  0.40172 N   27 
-0.65595 -0.26318  0.01077 B   28 
-0.37537 -0.60501 -0.04795 W   28 
-0.84240 -0.02215 -0.03222 B   29 
-1.01248 -0.05964 -0.22522 V   29 
-0.85996  0.06025  0.26171 B   30 
-1.01559 -0.02358  0.47555 X   30 
-0.56081  0.11552  0.30306 B   31 
-0.46537 -0.08037  0.32217 A   31 
-0.51769  0.32750  0.08186 B   32 
-0.50914  0.22152 -0.10526 A   32 
-0.71919  0.52826  0.19636 B   33 
-1.02891  0.67134  0.19298 K   33 
-0.56797  0.56050  0.49558 B   34 
-0.93902  0.46499  0.64464 F   34 
-0.27212  0.61377  0.38564 B   35 
-0.13357  0.32377  0.52913 E   35 
-0.33581  0.81287  0.09771 B   36 
-0.23562  0.67259 -0.04162 S   36 
-0.61281  0.86434 -0.03688 B   37 
-0.78048  1.06513  0.08079 N   37 
-0.53001  0.75752 -0.33310 B   38 
-0.88224  0.56152 -0.24197 F   38 
-0.22548  0.88679 -0.33452 B   39 
-0.20044  1.18477 -0.36531 N   39 
 0.07284  0.83550 -0.50364 B   40 
-0.00289  0.76689 -0.73101 T   40 
 0.22295  1.11413 -0.38194 B   41 
 0.21627  1.34078 -0.71052 Q   41 
 0.23623  1.02739 -0.09905 B   42 
 0.04060  1.01282 -0.02024 A   42 
 0.41749  1.17469  0.18165 B   43 
 0.59086  1.22955  0.01785 T   43 
 0.57928  1.06141  0.49997 B   44 
 0.24499  1.10700  0.51133 N   44 
 0.72997  1.15004  0.77635 B   45 
 1.20452  1.30498  0.68777 R   45 
 0.92774  0.99152  1.01244 B   46 
 0.76079  0.72714  0.87259 N   46 
 1.06636  0.98438  1.31978 B   47 
 0.90234  1.00368  1.51849 T   47 
 1.31183  0.78937  1.20371 B   48 
 1.19474  0.56647  1.12038 D   48 
 1.35345  0.94386  0.90067 B   49 
 1.17799  0.81967  0.73354 B   50 
 1.13497  0.58199  0.77894 S   50 
 0.95293  0.73288  0.44463 B   51 
 0.99367  0.99515  0.38402 T   51 
 0.64025  0.74138  0.30530 B   52 
 0.53014  0.55184  0.56963 D   52 
 0.51329  0.58297 -0.00365 B   53 
 0.93500  0.81268 -0.01497 Y   53 
 0.23310  0.62351 -0.15784 B   54 
-0.07003  0.44323 -0.16483 B   55 
-0.20966  0.40078 -0.39424 I   55 
 0.09048  0.23968  0.07312 B   56 
-0.07689 -0.00266 -0.05562 L   56 
 0.31030  0.35779  0.24674 B   57 
 0.19519  0.67891  0.30235 Q   57 
 0.60570  0.28901  0.17458 B   58 
 0.56442  0.04449 -0.01138 I   58 
 0.89874  0.23233  0.34557 B   59 
 0.94574  0.28875  0.64124 N   59 
 1.24838  0.34495  0.34936 B   60 
 1.24052  0.57392  0.35589 S   60 
 1.38531  0.13876  0.56122 B   61 
 1.47564  0.33322  0.93356 R   61 
 1.29588 -0.13692  0.37716 B   62 
 1.26642 -0.25719  0.81593 W   62 
 1.17913 -0.09648  0.05642 B   63 
 0.91994 -0.35054  0.30195 W   63 
 1.31033  0.19007 -0.02476 B   64 
 1.09307  0.31471 -0.09498 X   64 
 1.49992  0.44430 -0.19770 B   65 
 1.79691  0.44631 -0.19431 N   65 
 1.58050  0.80714 -0.09558 B   66 
 1.42908  0.81055  0.12742 D   66 
 1.88131  0.89377  0.01552 B   67 
 1.77146  0.96168  0.35449 B   68 
 1.41419  1.27017  0.31290 R   68 
 1.79778  0.65245  0.49769 B   69 
 1.54256  0.64254  0.49711 T   69 
 1.95338  0.52757  0.73369 B   70 
 1.98728  0.72338  0.81291 P   70 
 1.96798  0.18835  0.72832 B   71 
 1.85797  0.09424  0.46666 B   72 
 1.78311  0.28384  0.34453 S   72 
 1.72417 -0.17700  0.23375 B   73 
 1.82453 -0.44732  0.44478 R   73 
 1.55781 -0.21322 -0.03492 B   74 
 1.59261 -0.04399 -0.25425 N   74 
 1.37012 -0.48268 -0.09111 B   75 
 1.39113 -0.58356  0.21573 L   75 
 1.22567 -0.37572 -0.37094 B   76 
 0.95289 -0.36453 -0.22275 X   76 
 1.42977 -0.24545 -0.54793 B   77 
 1.65256 -0.36209 -0.65377 N   77 
 1.35790  0.08613 -0.51941 B   78 
 1.11774  0.01043 -0.67197 I   78 
 1.27407  0.38538 -0.58259 B   79 
 1.38211  0.40265 -0.76066 P   79 
 1.05257  0.56284 -0.40568 B   80 
 1.17350  0.53603 -0.11511 X   80 
 0.94219  0.72378 -0.65629 B   81 
 1.14422  0.81842 -0.74400 S   81 
 0.80221  0.47916 -0.79425 B   82 
 0.95977  0.35180 -0.85145 A   82 
 0.56816  0.49499 -0.56451 B   83 
 0.69763  0.27064 -0.36441 L   83 
 0.44211  0.77375 -0.72518 B   84 
 0.59660  0.92126 -0.47492 L   84 
 0.32415  0.67144 -0.95914 B   85 
 0.44381  0.58413 -1.17177 S   85 
 0.04887  0.61079 -1.16501 B   86 
 0.05389  0.76904 -1.34470 S   86 
 0.19347  0.34077 -1.17094 B   87 
 0.26653  0.15837 -1.38739 D   87 
 0.12755  0.07291 -0.93875 B   88 
-0.13054  0.09805 -0.87206 I   88 
 0.32037 -0.16508 -0.98647 B   89 
 0.32591 -0.21501 -1.24713 T   89 
 0.53889 -0.11080 -0.77186 B   90 
 0.66379  0.04758 -0.85284 A   90 
 0.35599 -0.10951 -0.51944 B   91 
 0.29583  0.15766 -0.50151 S   91 
 0.23858 -0.38994 -0.55615 B   92 
 0.03179 -0.39286 -0.71725 V   92 
 0.49490 -0.55864 -0.55771 B   93 
 0.53646 -0.58477 -0.89054 N   93 
 0.57847 -0.45329 -0.27946 B   94 
 0.75339 -0.23814 -0.21387 X   94 
 0.32591 -0.52942 -0.11862 B   95 
 0.17444 -0.38711 -0.17474 A   95 
 0.34985 -0.83425 -0.16245 B   96 
 0.16473 -0.89357 -0.58567 K   96 
 0.60734 -0.84891  0.01249 B   97 
 0.91792 -0.80238 -0.21045 K   97 
 0.49878 -0.72873  0.27532 B   98 
 0.52230 -0.42068  0.24825 I   98 
 0.25615 -0.93164  0.32942 B   99 
 0.06038 -0.90962  0.20694 V   99 
 0.47942 -1.18094  0.32382 B   100 
 0.41930 -1.22010  0.07146 S   100 
 0.65983 -1.11465  0.59246 B   101 
 0.83615 -0.90310  0.63193 D   101 
 0.42685 -1.21309  0.85414 B   102 
 0.20564 -0.96794  0.94474 B   103 
 0.43395 -0.89721  1.16415 N   103 
 0.08066 -0.89096  0.70918 B   104 
-0.13570 -0.61133  0.71370 B   105 
-0.38734 -0.60736  0.41295 M   105 
-0.00531 -0.49800  0.98492 B   106 
-0.16461 -0.72806  1.16116 N   106 
 0.20443 -0.31831  0.83523 B   107 
 0.31029 -0.45658  0.71941 A   107 
-0.05861 -0.14212  0.81966 B   108 
 0.05772 -0.23451  0.37675 W   108 
-0.16560  0.07836  1.04337 B   109 
 0.02755  0.18927  1.16967 V   109 
-0.43256  0.16753  0.90645 B   110 
-0.37878  0.32688  0.77340 A   110 
-0.54785 -0.11227  0.87233 B   111 
-0.55562 -0.48068  0.74657 W   111 
-0.54346 -0.20540  1.16805 B   112 
-0.21475 -0.21661  1.43290 R   112 
-0.69811  0.06461  1.28755 B   113 
-0.43568  0.14571  1.46031 N   113 
-0.93435  0.08028  1.02179 B   114 
-0.83806  0.57170  0.98164 R   114 
-0.98353 -0.22533  0.88295 B   115 
-0.85389 -0.05885  0.64406 X   115 
-0.96192 -0.42982  1.08293 B   116 
-0.63561 -0.68518  1.24539 K   116 
-1.26932 -0.59735  1.14376 B   117 
-1.41246 -0.48557  0.90711 B   118 
-1.33899 -0.23760  0.92949 T   118 
-1.61783 -0.40054  0.62884 B   119 
-1.87450 -0.49906  0.54755 D   119 
-1.42410 -0.41889  0.34852 B   120 
-1.21998 -0.51028  0.46010 V   120 
-1.63374 -0.46545  0.12058 B   121 
-1.76913 -0.84892  0.21095 Q   121 
-1.72974 -0.16607  0.10763 B   122 
-1.81308 -0.13099  0.29411 A   122 
-1.47828 -0.07844 -0.08164 B   123 
-1.31469  0.14748  0.24351 W   123 
-1.62877 -0.24173 -0.34690 B   124 
-1.45311 -0.44510 -0.33954 I   124 
-1.87842 -0.11696 -0.38359 B   125 
-2.06826 -0.33637  0.04559 R   125 
-2.00424 -0.06861 -0.71138 B   126 
-1.79130 -0.23844 -0.84226 B   127 
-1.57118 -0.05423 -0.69396 X   127 
-1.65754 -0.35736 -1.16000 B   128 
-1.90187 -0.60011 -1.37411 R   128 
-1.55576 -0.71764 -1.11666 B   129 
-1.41616 -0.58347 -0.94346 L   129 
