246 
-1.07057 -0.42537 -0.67812 B   1 
-1.03836 -0.83889 -0.61332 K   1 
-1.25822 -0.51951 -0.38777 B   2 
-1.39675 -0.30439 -0.34653 V   2 
-1.15229 -0.61066 -0.09855 B   3 
-0.79306 -0.77434 -0.27765 F   3 
-1.14442 -0.79670  0.15708 B   4 
-1.00559 -0.81948  0.44512 B   5 
-1.11446 -0.76085  0.86262 R   5 
-0.93513 -1.13034  0.46188 B   6 
-1.09586 -1.20683  0.72012 X   6 
-0.84591 -1.13657  0.16421 B   7 
-1.07150 -1.11408 -0.15361 E   7 
-0.60748 -0.94015  0.18151 B   8 
-0.60200 -0.64141  0.11200 L   8 
-0.44968 -1.07357  0.40676 B   9 
-0.56119 -1.03754  0.58959 A   9 
-0.39544 -1.33254  0.25353 B   10 
-0.58457 -1.44233  0.25127 A   10 
-0.24323 -1.20582  0.01496 B   11 
-0.39490 -1.13391 -0.12208 A   11 
-0.02979 -1.05336  0.17976 B   12 
-0.20089 -0.66595  0.25208 M   12 
 0.08375 -1.30572  0.30576 B   13 
-0.03093 -1.53691  0.65448 K   13 
 0.16230 -1.47105  0.06165 B   14 
-0.07050 -1.54075 -0.32245 R   14 
 0.35009 -1.21530 -0.02844 B   15 
 0.12060 -1.15799 -0.33770 H   15 
 0.51149 -1.15104  0.26362 B   16 
 0.40645 -0.90362  0.46723 B   17 
 0.30599 -0.70173  0.23401 L   17 
 0.42718 -1.04996  0.71766 B   18 
 0.23451 -1.17944  0.91881 D   18 
 0.67029 -0.89154  0.89529 B   19 
 0.55132 -1.10419  1.10565 N   19 
 0.76563 -0.68829  0.71234 B   20 
 0.93259 -0.68686  0.30328 Y   20 
 1.00267 -0.51030  0.84967 B   21 
 1.33035 -0.45124  0.51100 R   21 
 0.81375 -0.56073  1.12837 B   22 
 0.51805 -0.56657  0.99592 B   23 
 0.65373 -0.11656  0.97642 Y   23 
 0.23733 -0.65673  1.06834 B   24 
 0.16450 -0.67334  1.29041 S   24 
-0.03474 -0.73902  0.89330 B   25 
-0.11455 -1.00725  0.75103 L   25 
-0.22949 -0.52562  1.02490 B   26 
-0.08693 -0.27691  0.90874 B   27 
 0.13491 -0.23969  1.16034 N   27 
-0.13903 -0.32948  0.60973 B   28 
 0.28968 -0.40441  0.51164 W   28 
-0.44590 -0.34440  0.62748 B   29 
-0.53246 -0.58519  0.67337 V   29 
-0.48607 -0.06957  0.75535 B   30 
-0.47429  0.02431  1.01616 X   30 
-0.36314  0.09592  0.52785 B   31 
-0.14640  0.07400  0.54764 A   31 
-0.54338  0.00240  0.29442 B   32 
-0.47494 -0.19350  0.23740 A   32 
-0.80498  0.10114  0.42028 B   33 
-1.09302  0.03822  0.59198 K   33 
-0.71076  0.42358  0.44469 B   34 
-0.81528  0.37897  0.83979 F   34 
-0.60735  0.45819  0.14375 B   35 
-0.27324  0.52292  0.23356 E   35 
-0.84382  0.26386 -0.03768 B   36 
-0.69081  0.12944 -0.12513 S   36 
-1.05495  0.06690  0.08115 B   37 
-1.29768  0.18074  0.18311 N   37 
-0.95922 -0.19509 -0.08680 B   38 
-0.97768 -0.31971  0.30679 F   38 
-0.90008 -0.03643 -0.37103 B   39 
-1.13703  0.05782 -0.53022 N   39 
-0.71634 -0.09040 -0.66008 B   40 
-0.73002 -0.33754 -0.68967 T   40 
-0.84943  0.17240 -0.82803 B   41 
-1.08277 -0.02540 -1.08456 Q   41 
-0.73415  0.38593 -0.65819 B   42 
-0.81885  0.37597 -0.46475 A   42 
-0.72115  0.74658 -0.71398 B   43 
-0.69285  0.69101 -0.95063 T   43 
-0.49825  1.03481 -0.62693 B   44 
-0.71713  0.93903 -0.38844 N   44 
-0.45394  1.35865 -0.63731 B   45 
-0.33435  1.51493 -1.10457 R   45 
-0.18447  1.57309 -0.60016 B   46 
-0.07469  1.29399 -0.43470 N   46 
-0.06349  1.88313 -0.54566 B   47 
-0.14362  1.99957 -0.32937 T   47 
 0.21715  1.80132 -0.70784 B   48 
 0.32705  1.60414 -0.56862 D   48 
 0.07320  1.61604 -0.95760 B   49 
 0.05877  1.36292 -0.85825 B   50 
 0.23785  1.29706 -0.70333 S   50 
-0.02929  1.00183 -0.79897 B   51 
-0.23191  1.06309 -0.97018 T   51 
-0.22495  0.77171 -0.63768 B   52 
-0.09434  0.88582 -0.34130 D   52 
-0.20271  0.40273 -0.63249 B   53 
-0.16399  0.63342 -1.05204 Y   53 
-0.40905  0.18382 -0.51662 B   54 
-0.42627 -0.00056 -0.21638 B   55 
-0.49676 -0.26308 -0.20983 I   55 
-0.13963  0.18499 -0.13138 B   56 
-0.04691 -0.07657  0.03081 L   56 
-0.09512  0.45762 -0.25830 B   57 
-0.41670  0.58278 -0.27778 Q   57 
 0.11393  0.47866 -0.48865 B   58 
 0.27000  0.21373 -0.44956 I   58 
 0.34279  0.71058 -0.59891 B   59 
 0.35961  1.00084 -0.50792 N   59 
 0.44102  0.88399 -0.90750 B   60 
 0.24801  0.97222 -0.99409 S   60 
 0.71362  1.03769 -0.81686 B   61 
 0.64965  1.46072 -0.77738 R   61 
 0.86943  0.74509 -0.72750 B   62 
 1.00907  1.06328 -0.43236 W   62 
 0.73111  0.44409 -0.81921 B   63 
 0.83130  0.46345 -0.39306 W   63 
 0.55517  0.53003 -1.07915 B   64 
 0.32434  0.43714 -1.00329 X   64 
 0.42612  0.54708 -1.41611 B   65 
 0.58711  0.65955 -1.63895 N   65 
 0.18284  0.79917 -1.57686 B   66 
 0.12586  0.93500 -1.35109 D   66 
 0.28964  1.03644 -1.78334 B   67 
 0.21683  1.31041 -1.55704 B   68 
-0.23900  1.25930 -1.43813 R   68 
 0.50552  1.32658 -1.37479 B   69 
 0.37426  1.22886 -1.17869 T   69 
 0.72410  1.53805 -1.32000 B   70 
 0.59067  1.69113 -1.38729 P   70 
 1.01220  1.41211 -1.19175 B   71 
 0.99653  1.11367 -1.20225 B   72 
 0.78305  1.05298 -1.28717 S   72 
 1.11817  0.76484 -1.10610 B   73 
 1.42377  0.88047 -0.96149 R   73 
 1.02289  0.46140 -1.10194 B   74 
 0.87372  0.35045 -1.31026 N   74 
 1.13625  0.24408 -0.87628 B   75 
 1.27052  0.47558 -0.69422 L   75 
 0.93298 -0.00736 -0.95422 B   76 
 0.79370  0.02316 -0.67823 X   76 
 0.91396 -0.03473 -1.25227 B   77 
 1.11864 -0.08686 -1.42498 N   77 
 0.60387  0.08710 -1.32244 B   78 
 0.51582 -0.15919 -1.18725 I   78 
 0.30226  0.11433 -1.41660 B   79 
 0.32417  0.00862 -1.59556 P   79 
 0.05703  0.25022 -1.23426 B   80 
 0.18247  0.53213 -1.16671 X   80 
-0.16857  0.05633 -1.34563 B   81 
-0.14781  0.09096 -1.58192 S   81 
-0.06019 -0.20391 -1.20780 B   82 
 0.12397 -0.24249 -1.30220 A   82 
-0.17171 -0.08798 -0.92156 B   83 
 0.11033  0.04618 -0.82367 L   83 
-0.49190 -0.16695 -1.02480 B   84 
-0.49759  0.15802 -1.07594 L   84 
-0.50158 -0.44776 -1.01182 B   85 
-0.39117 -0.61773 -1.17329 S   85 
-0.62809 -0.74672 -0.88352 B   86 
-0.77936 -0.83890 -1.04470 S   86 
-0.32634 -0.79967 -0.88244 B   87 
-0.16316 -1.02548 -0.97096 D   87 
-0.11088 -0.72601 -0.60287 B   88 
-0.26412 -0.75435 -0.38515 I   88 
 0.18534 -0.78492 -0.67273 B   89 
 0.19633 -1.02367 -0.78825 T   89 
 0.28723 -0.50169 -0.75116 B   90 
 0.21398 -0.46577 -0.95262 A   90 
 0.21859 -0.35312 -0.48586 B   91 
-0.03314 -0.26008 -0.54327 S   91 
 0.38190 -0.53218 -0.29868 B   92 
 0.25076 -0.74632 -0.22342 V   92 
 0.66136 -0.50261 -0.42194 B   93 
 0.66308 -0.78077 -0.61118 N   93 
 0.65542 -0.19552 -0.38782 B   94 
 0.58125  0.00484 -0.57635 X   94 
 0.60109 -0.17943 -0.08410 B   95 
 0.39336 -0.22960 -0.05804 A   95 
 0.86090 -0.32188  0.00321 B   96 
 0.75470 -0.77252 -0.04724 K   96 
 1.03606 -0.08393 -0.09586 B   97 
 1.13864 -0.14273 -0.46240 K   97 
 0.91094  0.14516  0.06896 B   98 
 0.66530  0.24578 -0.09142 I   98 
 0.95332  0.02657  0.36410 B   99 
 0.81248 -0.14131  0.44021 V   99 
 1.28092  0.01047  0.29742 B   100 
 1.24819 -0.24123  0.23107 S   100 
 1.35897  0.33028  0.27007 B   101 
 1.28520  0.50754  0.06874 D   101 
 1.34672  0.43113  0.61954 B   102 
 1.03455  0.51886  0.72953 B   103 
 1.12879  0.81591  0.63926 N   103 
 0.87241  0.30108  0.67195 B   104 
 0.52334  0.33012  0.72018 B   105 
 0.34410 -0.01690  0.75549 M   105 
 0.53546  0.65135  0.71213 B   106 
 0.66146  0.65723  1.01784 N   106 
 0.48209  0.66776  0.40298 B   107 
 0.63955  0.55620  0.32236 A   107 
 0.19058  0.62393  0.51949 B   108 
 0.27389  0.25461  0.24581 W   108 
-0.02173  0.85773  0.62130 B   109 
 0.00812  1.07756  0.49347 V   109 
-0.25889  0.67653  0.71561 B   110 
-0.37847  0.64239  0.54090 A   110 
-0.09461  0.50070  0.90225 B   111 
 0.19003  0.25306  0.99849 W   111 
 0.02275  0.71952  1.08796 B   112 
 0.24547  1.06147  0.97941 R   112 
-0.26994  0.86555  1.15207 B   113 
-0.17162  1.13923  1.00810 N   113 
-0.44596  0.55837  1.18863 B   114 
-0.80532  0.74301  0.89006 R   114 
-0.23761  0.30787  1.28314 B   115 
-0.33521  0.21399  0.99462 X   115 
-0.03092  0.40983  1.45392 B   116 
 0.37950  0.57244  1.39741 K   116 
-0.05235  0.28645  1.78644 B   117 
-0.25336  0.07408  1.72742 B   118 
-0.41565  0.21271  1.57965 T   118 
-0.47154 -0.20654  1.70535 B   119 
-0.54059 -0.40666  1.89869 D   119 
-0.38643 -0.38129  1.42489 B   120 
-0.18501 -0.24555  1.36598 V   120 
-0.49158 -0.66974  1.48664 B   121 
-0.23651 -0.78558  1.79496 Q   121 
-0.79350 -0.60412  1.42708 B   122 
-0.84419 -0.46264  1.56979 A   122 
-0.75293 -0.64053  1.10495 B   123 
-0.80897 -0.21912  1.05214 W   123 
-0.73391 -0.98273  1.15209 B   124 
-0.46867 -0.98806  1.10862 I   124 
-0.97826 -1.05886  1.26930 B   125 
-0.84536 -0.84464  1.72188 R   125 
-1.12897 -1.36623  1.17754 B   126 
-0.88883 -1.46318  1.02182 B   127 
-0.90211 -1.18733  0.85415 X   127 
-0.75801 -1.72936  0.80962 B   128 
-0.71791 -2.09203  0.98663 R   128 
-0.39862 -1.78972  0.90573 B   129 
-0.41126 -1.54085  0.83230 L   129 
