246 
 0.76147  0.66306  0.87603 B   1 
 0.54241  1.01978  0.90771 K   1 
 0.52771  0.64042  1.14663 B   2 
 0.61232  0.42725  1.26734 V   2 
 0.20786  0.61265  1.13659 B   3 
 0.19719  0.82910  0.76115 F   3 
-0.08794  0.68633  1.22078 B   4 
-0.39145  0.59558  1.17173 B   5 
-0.70444  0.38233  1.38658 R   5 
-0.54191  0.87555  1.14246 B   6 
-0.74900  0.84867  1.37648 X   6 
-0.30913  0.99463  0.97441 B   7 
 0.04653  1.09790  1.09788 E   7 
-0.32361  0.80434  0.73087 B   8 
-0.15402  0.55507  0.67419 L   8 
-0.61834  0.83966  0.65791 B   9 
-0.73241  0.73732  0.81177 A   9 
-0.59525  1.13707  0.59081 B   10 
-0.57691  1.24112  0.78229 A   10 
-0.38441  1.11011  0.36507 B   11 
-0.19178  1.09770  0.46354 A   11 
-0.53734  0.90408  0.19150 B   12 
-0.40680  0.52020  0.33359 M   12 
-0.77529  1.08773  0.14558 B   13 
-1.13281  1.16856  0.37764 K   13 
-0.64505  1.33329  0.01976 B   14 
-0.26287  1.54718  0.14134 R   14 
-0.52797  1.12988 -0.21199 B   15 
-0.16583  1.19775 -0.08612 H   15 
-0.80972  0.95699 -0.29075 B   16 
-0.86612  0.65141 -0.15981 B   17 
-0.55637  0.55537 -0.15109 L   17 
-1.14658  0.69030 -0.09359 B   18 
-1.31338  0.73455  0.16052 D   18 
-1.31752  0.47357 -0.29249 B   19 
-1.54519  0.59039 -0.09719 N   19 
-1.11032  0.35514 -0.45654 B   20 
-0.80008  0.50913 -0.73085 Y   20 
-1.23677  0.13585 -0.66306 B   21 
-1.01550  0.20810 -1.07704 R   21 
-1.44378  0.07731 -0.39920 B   22 
-1.24057  0.13632 -0.15376 B   23 
-1.09836 -0.27307 -0.33674 Y   23 
-1.25317  0.19446  0.14396 B   24 
-1.43278  0.12531  0.27759 S   24 
-1.04777  0.34017  0.36308 B   25 
-0.99746  0.64320  0.42790 L   25 
-1.02640  0.09447  0.56299 B   26 
-0.87538 -0.09200  0.36780 B   27 
-1.14967 -0.22498  0.22292 N   27 
-0.61605  0.07172  0.33911 B   28 
-0.68617  0.17447 -0.08932 W   28 
-0.54497  0.08160  0.63837 B   29 
-0.64807  0.28719  0.75956 V   29 
-0.54413 -0.22085  0.68323 B   30 
-0.74252 -0.40770  0.73523 X   30 
-0.31994 -0.28759  0.48439 B   31 
-0.41054 -0.27700  0.28557 A   31 
-0.09489 -0.10999  0.60071 B   32 
-0.13747  0.09214  0.54035 A   32 
-0.09064 -0.24696  0.87501 B   33 
-0.17834 -0.25199  1.20469 K   33 
-0.02160 -0.55498  0.75755 B   34 
-0.35423 -0.66434  0.97299 F   34 
 0.22483 -0.47251  0.57067 B   35 
 0.06929 -0.56989  0.27032 E   35 
 0.38388 -0.22122  0.76601 B   36 
 0.36531 -0.06499  0.60987 S   36 
 0.27019 -0.08291  1.02181 B   37 
 0.29536 -0.22484  1.26980 N   37 
 0.29265  0.22255  0.91134 B   38 
-0.09398  0.18684  1.05283 F   38 
 0.58340  0.18448  0.75812 B   39 
 0.82936  0.16075  0.92931 N   39 
 0.76261  0.34345  0.50744 B   40 
 0.70169  0.58315  0.53859 T   40 
 1.04718  0.16644  0.55911 B   41 
 1.27008  0.44970  0.73073 Q   41 
 0.94181 -0.09699  0.47404 B   42 
 0.79340 -0.16118  0.61023 A   42 
 1.11987 -0.40876  0.40743 B   43 
 1.29909 -0.26694  0.31989 T   43 
 1.08254 -0.71043  0.18848 B   44 
 0.90319 -0.71138  0.47447 N   44 
 1.19769 -1.00593  0.10869 B   45 
 1.63041 -0.97217 -0.15334 R   45 
 1.16306 -1.22076 -0.16080 B   46 
 0.88168 -1.02752 -0.18919 N   46 
 1.19302 -1.52913 -0.29402 B   47 
 1.06971 -1.71885 -0.16928 T   47 
 1.22123 -1.39403 -0.59850 B   48 
 0.99308 -1.26638 -0.64313 D   48 
 1.41594 -1.12577 -0.51156 B   49 
 1.23960 -0.93000 -0.44283 B   50 
 1.02524 -0.93030 -0.56307 S   50 
 1.08085 -0.61844 -0.30360 B   51 
 1.31491 -0.60742 -0.16499 T   51 
 0.91294 -0.46594 -0.04708 B   52 
 0.65501 -0.68623 -0.10058 D   52 
 0.76573 -0.12739 -0.02739 B   53 
 1.20820 -0.17988 -0.20685 Y   53 
 0.64513  0.03228  0.22535 B   54 
 0.31822  0.08755  0.34583 B   55 
 0.23690  0.32813  0.44296 I   55 
 0.22569 -0.11912  0.07649 B   56 
-0.04123  0.05933  0.06159 L   56 
 0.42444 -0.32262 -0.03076 B   57 
 0.58431 -0.42769  0.25711 Q   57 
 0.57204 -0.25569 -0.29710 B   58 
 0.39314 -0.02751 -0.40665 I   58 
 0.68574 -0.42974 -0.57114 B   59 
 0.70759 -0.73285 -0.59265 N   59 
 0.99162 -0.47245 -0.77005 B   60 
 1.15829 -0.51888 -0.61973 S   60 
 0.88661 -0.65173 -1.02101 B   61 
 1.02697 -1.05693 -0.99413 R   61 
 0.65337 -0.41728 -1.11324 B   62 
 0.46901 -0.82565 -1.19752 W   62 
 0.66469 -0.10283 -0.97491 B   63 
 0.26682 -0.28510 -0.95282 W   63 
 0.97790 -0.08082 -0.88931 B   64 
 0.94628 -0.02195 -0.63792 X   64 
 1.31940  0.03389 -0.86272 B   65 
 1.50852  0.01398 -1.09088 N   65 
 1.62680 -0.13495 -0.70279 B   66 
 1.49534 -0.34643 -0.59954 D   66 
 1.86379 -0.27587 -0.88802 B   67 
 1.78753 -0.61498 -0.78429 B   68 
 1.80103 -0.60907 -0.31066 R   68 
 1.54642 -0.70255 -1.01016 B   69 
 1.37733 -0.68628 -0.81942 T   69 
 1.51047 -0.92093 -1.22584 B   70 
 1.66617 -1.03522 -1.13384 P   70 
 1.26468 -0.85655 -1.45113 B   71 
 1.16866 -0.57677 -1.40723 B   72 
 1.28514 -0.48613 -1.22099 S   72 
 0.91899 -0.29267 -1.45895 B   73 
 0.74257 -0.45781 -1.72216 R   73 
 0.83215 -0.01314 -1.33447 B   74 
 1.01935  0.17063 -1.23887 N   74 
 0.51950  0.09992 -1.35597 B   75 
 0.40428 -0.18497 -1.45762 L   75 
 0.55647  0.36393 -1.15712 B   76 
 0.36677  0.23122 -0.95001 X   76 
 0.81432  0.50371 -1.21978 B   77 
 0.88555  0.61615 -1.45795 N   77 
 1.01410  0.42106 -0.95677 B   78 
 0.83087  0.59748 -0.80849 I   78 
 1.19758  0.43489 -0.69847 B   79 
 1.30948  0.60094 -0.75834 P   79 
 1.16091  0.24179 -0.42788 B   80 
 1.16768 -0.04564 -0.55867 X   80 
 1.25522  0.46569 -0.22327 B   81 
 1.46962  0.52414 -0.31316 S   81 
 1.00551  0.65213 -0.26010 B   82 
 1.01902  0.72222 -0.45815 A   82 
 0.82991  0.43633 -0.08572 B   83 
 0.70849  0.27223 -0.34156 L   83 
 0.98784  0.55190  0.19910 B   84 
 1.15428  0.27147  0.15543 L   84 
 0.87585  0.80633  0.24200 B   85 
 0.92211  1.02419  0.10950 S   85 
 0.69082  1.03441  0.43065 B   86 
 0.84410  1.18278  0.53950 S   86 
 0.57971  1.08002  0.14882 B   87 
 0.52535  1.32096 -0.00755 D   87 
 0.29617  0.90273  0.01399 B   88 
 0.14022  0.84685  0.22433 I   88 
 0.24693  0.98111 -0.28186 B   89 
 0.25729  1.24580 -0.29928 T   89 
 0.38969  0.74868 -0.43135 B   90 
 0.60216  0.79347 -0.42192 A   90 
 0.23165  0.51038 -0.30723 B   91 
 0.39207  0.44887 -0.09321 S   91 
-0.04807  0.60239 -0.39127 B   92 
-0.15378  0.77252 -0.22216 V   92 
-0.01268  0.61971 -0.69559 B   93 
 0.05079  0.94915 -0.72066 N   93 
 0.07223  0.32309 -0.71316 B   94 
 0.33421  0.21108 -0.71680 X   94 
-0.17271  0.19226 -0.57774 B   95 
-0.15171  0.23056 -0.36694 A   95 
-0.38006  0.28786 -0.78578 B   96 
-0.46983  0.72437 -0.65050 K   96 
-0.25785  0.10445 -1.00611 B   97 
 0.01213  0.29836 -1.20064 K   97 
-0.28085 -0.16914 -0.86496 B   98 
-0.02888 -0.19822 -0.68649 I   98 
-0.59693 -0.17323 -0.80979 B   99 
-0.68344 -0.04605 -0.63613 V   99 
-0.64262 -0.13589 -1.13925 B   100 
-0.66716  0.12231 -1.09977 S   100 
-0.52417 -0.42147 -1.25556 B   101 
-0.25956 -0.50725 -1.26071 D   101 
-0.79077 -0.64853 -1.15648 B   102 
-0.76143 -0.76878 -0.83722 B   103 
-0.60086 -1.00936 -0.98422 N   103 
-0.74230 -0.54404 -0.67548 B   104 
-0.66917 -0.58604 -0.33210 B   105 
-0.77425 -0.27742 -0.11414 M   105 
-0.54736 -0.87972 -0.38026 B   106 
-0.85199 -1.00360 -0.41518 N   106 
-0.25331 -0.77579 -0.41796 B   107 
-0.27079 -0.64334 -0.57886 A   107 
-0.28437 -0.77723 -0.10252 B   108 
-0.20472 -0.33200 -0.21939 W   108 
-0.22401 -1.03018  0.10359 B   109 
-0.03952 -1.18444  0.01571 V   109 
-0.30250 -0.89678  0.37564 B   110 
-0.12546 -0.79710  0.44426 A   110 
-0.58084 -0.80755  0.29018 B   111 
-0.84227 -0.61847  0.07221 W   111 
-0.69884 -1.08196  0.20704 B   112 
-0.54426 -1.35822 -0.07243 R   112 
-0.61351 -1.23863  0.48859 B   113 
-0.41554 -1.43708  0.32512 N   113 
-0.70598 -0.96731  0.69958 B   114 
-0.26731 -1.01989  0.93871 R   114 
-0.94402 -0.77421  0.55419 B   115 
-0.69546 -0.57592  0.57625 X   115 
-1.11879 -0.93582  0.39414 B   116 
-1.13246 -1.06821 -0.03056 K   116 
-1.45036 -0.94922  0.52117 B   117 
-1.41629 -0.72856  0.71901 B   118 
-1.18645 -0.79836  0.81746 T   118 
-1.43473 -0.45888  0.95090 B   119 
-1.65782 -0.34758  1.09246 D   119 
-1.27795 -0.19074  0.80961 B   120 
-1.23663 -0.29541  0.58644 V   120 
-1.40698  0.05295  0.95807 B   121 
-1.79754  0.03925  0.81380 Q   121 
-1.23970  0.01805  1.22229 B   122 
-1.29788 -0.16685  1.29560 A   122 
-0.98191  0.17485  1.09699 B   123 
-0.76333 -0.19353  1.09056 W   123 
-1.15518  0.47260  1.12867 B   124 
-1.19858  0.49168  0.86405 I   124 
-1.21295  0.50026  1.40278 B   125 
-1.57209  0.12759  1.38028 R   125 
-1.20020  0.82074  1.55360 B   126 
-1.17107  0.96772  1.29118 B   127 
-0.91793  0.77741  1.22726 X   127 
-1.12177  1.29367  1.13524 B   128 
-1.42318  1.56031  1.18550 R   128 
-1.33654  1.30914  0.82593 B   129 
-1.17643  1.10760  0.79076 L   129 
