246 
-0.08590 -1.25135  0.46222 B   1 
 0.26276 -1.26700  0.69552 K   1 
-0.15934 -1.15677  0.79992 B   2 
-0.41843 -1.16283  0.79773 V   2 
-0.08068 -0.88780  0.95691 B   3 
 0.27689 -0.84697  0.71526 F   3 
 0.03138 -0.72282  1.20235 B   4 
 0.07077 -0.42112  1.30328 B   5 
-0.11136 -0.14942  1.59069 R   5 
 0.36301 -0.43020  1.43131 B   6 
 0.29492 -0.34092  1.72416 X   6 
 0.46941 -0.60970  1.20094 B   7 
 0.39007 -0.98620  1.13496 E   7 
 0.42846 -0.41396  0.96484 B   8 
 0.19584 -0.40319  0.76514 L   8 
 0.58119 -0.17255  1.07363 B   9 
 0.45926 -0.08941  1.23293 A   9 
 0.85281 -0.31268  1.08225 B   10 
 0.84498 -0.44955  1.25264 A   10 
 0.87111 -0.38139  0.78045 B   11 
 0.75661 -0.56329  0.75290 A   11 
 0.82663 -0.09498  0.67114 B   12 
 0.40161 -0.06079  0.61838 M   12 
 1.07301  0.01850  0.80854 B   13 
 1.14113  0.17361  1.20792 K   13 
 1.29619 -0.15850  0.69921 B   14 
 1.30175 -0.60978  0.64535 R   14 
 1.19891 -0.06411  0.39851 B   15 
 1.08704 -0.42912  0.32205 H   15 
 1.17713  0.27206  0.44313 B   16 
 0.87920  0.41873  0.50172 B   17 
 0.70119  0.21934  0.31786 L   17 
 0.96598  0.59550  0.71567 B   18 
 0.93553  0.61051  1.02095 D   18 
 0.92982  0.91077  0.59297 B   19 
 1.00553  0.95964  0.90201 N   19 
 0.84448  0.86719  0.31969 B   20 
 1.00572  0.64898 -0.02901 Y   20 
 0.79621  1.15156  0.16629 B   21 
 0.98125  1.09551 -0.26751 R   21 
 0.68791  1.24534  0.47513 B   22 
 0.56143  0.96532  0.57811 B   23 
 0.26248  1.12356  0.25116 Y   23 
 0.47549  0.83602  0.83901 B   24 
 0.41047  0.96182  1.02568 S   24 
 0.43271  0.52122  0.94151 B   25 
 0.63953  0.30796  1.04302 L   25 
 0.12900  0.55157  1.02884 B   26 
 0.01854  0.59733  0.74357 B   27 
 0.05838  0.93246  0.74105 N   27 
 0.08937  0.32319  0.62227 B   28 
 0.39496  0.48658  0.34130 W   28 
-0.06285  0.15136  0.82723 B   29 
 0.08330  0.08593  1.03202 V   29 
-0.33562  0.28341  0.78657 B   30 
-0.45501  0.51240  0.88800 X   30 
-0.36696  0.21386  0.48919 B   31 
-0.23838  0.35366  0.38069 A   31 
-0.34147 -0.09399  0.50648 B   32 
-0.13232 -0.13793  0.53183 A   32 
-0.58402 -0.13149  0.69028 B   33 
-0.71455 -0.18238  1.00137 K   33 
-0.80680  0.00993  0.48096 B   34 
-0.89679  0.24555  0.80562 F   34 
-0.72627 -0.15524  0.21888 B   35 
-0.62072  0.12662  0.03641 E   35 
-0.65608 -0.47691  0.35382 B   36 
-0.44799 -0.48151  0.27762 S   36 
-0.62517 -0.55074  0.65562 B   37 
-0.86599 -0.59247  0.80574 N   37 
-0.32653 -0.67824  0.63172 B   38 
-0.30452 -0.40908  0.94452 F   38 
-0.37538 -0.83123  0.34247 B   39 
-0.54925 -1.07646  0.34185 N   39 
-0.18119 -0.95763  0.08452 B   40 
 0.02233 -1.03965  0.20281 T   40 
-0.43886 -1.11317 -0.07166 B   41 
-0.35045 -1.49203  0.01792 Q   41 
-0.58661 -0.86866 -0.14984 B   42 
-0.65817 -0.77079  0.02335 A   42 
-0.86921 -0.83000 -0.37785 B   43 
-0.76499 -1.00848 -0.50891 T   43 
-1.00732 -0.57041 -0.60997 B   44 
-1.08637 -0.53503 -0.28369 N   44 
-1.25116 -0.48542 -0.81063 B   45 
-1.23285 -0.74515 -1.24567 R   45 
-1.29438 -0.25209 -1.06295 B   46 
-1.03497 -0.11571 -0.88567 N   46 
-1.49827 -0.07393 -1.26400 B   47 
-1.67660  0.07044 -1.14518 T   47 
-1.25313 -0.04984 -1.49001 B   48 
-1.05692  0.08310 -1.37097 D   48 
-1.12934 -0.36769 -1.45716 B   49 
-0.94478 -0.35120 -1.25763 B   50 
-0.82415 -0.13787 -1.23911 S   50 
-0.70192 -0.43190 -0.98165 B   51 
-0.82813 -0.67284 -0.99331 T   51 
-0.64307 -0.47036 -0.64654 B   52 
-0.72325 -0.13888 -0.60637 D   52 
-0.32578 -0.52909 -0.46611 B   53 
-0.42052 -0.78453 -0.86173 Y   53 
-0.27357 -0.60689 -0.15766 B   54 
-0.18422 -0.42182  0.12905 B   55 
-0.00440 -0.51272  0.31161 I   55 
-0.20315 -0.14704 -0.08994 B   56 
 0.03331 -0.01973  0.08668 L   56 
-0.38307 -0.16304 -0.33445 B   57 
-0.65261 -0.34370 -0.21542 Q   57 
-0.24860 -0.21332 -0.61120 B   58 
 0.04644 -0.14467 -0.54552 I   58 
-0.30079 -0.11509 -0.93670 B   59 
-0.54969  0.02540 -1.04221 N   59 
-0.33690 -0.26071 -1.27202 B   60 
-0.49589 -0.42464 -1.25248 S   60 
-0.33776  0.00353 -1.46260 B   61 
-0.73004  0.08327 -1.61869 R   61 
-0.02905  0.10540 -1.35217 B   62 
-0.27380  0.48331 -1.42378 W   62 
 0.16501 -0.11013 -1.16768 B   63 
 0.12387  0.28457 -0.98185 W   63 
 0.04851 -0.39907 -1.26178 B   64 
-0.00955 -0.49657 -1.02771 X   64 
 0.02795 -0.73414 -1.39517 B   65 
 0.05983 -0.78835 -1.68546 N   65 
-0.28009 -0.95184 -1.47450 B   66 
-0.46409 -0.78235 -1.37407 D   66 
-0.38336 -0.99988 -1.78653 B   67 
-0.69055 -0.81094 -1.74760 B   68 
-0.90949 -1.00025 -1.37241 R   68 
-0.58541 -0.49427 -1.82165 B   69 
-0.60904 -0.44011 -1.57316 T   69 
-0.65614 -0.27811 -2.03087 B   70 
-0.84121 -0.37826 -2.06947 P   70 
-0.42340 -0.03302 -2.06361 B   71 
-0.18180 -0.11196 -1.90608 B   72 
-0.22816 -0.31744 -1.79608 S   72 
 0.15442 -0.03673 -1.74171 B   73 
 0.19269  0.28124 -1.90016 R   73 
 0.35565 -0.15267 -1.52436 B   74 
 0.40738 -0.42611 -1.50182 N   74 
 0.55463  0.04534 -1.34493 B   75 
 0.39970  0.31435 -1.43658 L   75 
 0.67084 -0.18791 -1.13829 B   76 
 0.52189 -0.05005 -0.90312 X   76 
 0.73795 -0.43645 -1.29215 B   77 
 0.92041 -0.45961 -1.49368 N   77 
 0.48647 -0.65035 -1.20892 B   78 
 0.62011 -0.64841 -0.94658 I   78 
 0.32242 -0.89732 -1.09638 B   79 
 0.45441 -1.04510 -1.16286 P   79 
 0.04730 -0.87355 -0.90771 B   80 
-0.13326 -0.68838 -1.08906 X   80 
 0.11005 -1.13421 -0.73740 B   81 
 0.13531 -1.29832 -0.91030 S   81 
 0.35810 -1.01624 -0.58566 B   82 
 0.50422 -0.98798 -0.73455 A   82 
 0.15091 -0.83630 -0.40536 B   83 
 0.16993 -0.56483 -0.58722 L   83 
 0.06698 -1.12326 -0.23208 B   84 
-0.19666 -1.09945 -0.42748 L   84 
 0.29281 -1.17676 -0.07315 B   85 
 0.52153 -1.27155 -0.14966 S   85 
 0.45123 -1.21390  0.23566 B   86 
 0.47767 -1.44810  0.27817 S   86 
 0.65370 -1.04446  0.08025 B   87 
 0.94327 -1.06266  0.04449 D   87 
 0.65482 -0.68389  0.07962 B   88 
 0.55806 -0.61172  0.31861 I   88 
 0.87228 -0.57409 -0.11209 B   89 
 1.09748 -0.70648 -0.06490 T   89 
 0.70488 -0.51609 -0.36775 B   90 
 0.67327 -0.70880 -0.46318 A   90 
 0.49695 -0.32020 -0.24301 B   91 
 0.29775 -0.49539 -0.17268 S   91 
 0.69744 -0.11448 -0.13691 B   92 
 0.79265 -0.17812  0.09889 V   92 
 0.84233 -0.03792 -0.39636 B   93 
 1.10883 -0.24121 -0.36757 N   93 
 0.57785  0.04830 -0.53099 B   94 
 0.40680 -0.10105 -0.70311 X   94 
 0.48051  0.25528 -0.32329 B   95 
 0.40819  0.14162 -0.15537 A   95 
 0.71955  0.44834 -0.35497 B   96 
 1.04729  0.25316 -0.08776 K   96 
 0.63206  0.52457 -0.64419 B   97 
 0.80173  0.28869 -0.89699 K   97 
 0.34587  0.62538 -0.58729 B   98 
 0.16236  0.37536 -0.58663 I   98 
 0.41283  0.85548 -0.37390 B   99 
 0.46435  0.79626 -0.15561 V   99 
 0.61065  0.99524 -0.60491 B   100 
 0.81465  0.87238 -0.49483 S   100 
 0.39101  1.08628 -0.83422 B   101 
 0.24168  0.92247 -1.00235 D   101 
 0.23702  1.37129 -0.66837 B   102 
-0.02009  1.28912 -0.45769 B   103 
-0.20084  1.33622 -0.72299 N   103 
 0.08606  1.10307 -0.28120 B   104 
-0.13042  0.93887 -0.05495 B   105 
 0.05717  0.78822  0.25474 M   105 
-0.38945  1.00599 -0.23328 B   106 
-0.38385  1.31968 -0.12873 N   106 
-0.37475  0.73742 -0.39559 B   107 
-0.18455  0.74547 -0.48220 A   107 
-0.51288  0.64550 -0.12552 B   108 
-0.11233  0.40636 -0.15007 W   108 
-0.83734  0.64646 -0.05601 B   109 
-0.98095  0.61016 -0.26486 V   109 
-0.82874  0.54133  0.23868 B   110 
-0.83138  0.32742  0.22377 A   110 
-0.63032  0.74787  0.34220 B   111 
-0.29246  0.94097  0.35520 W   111 
-0.78427  1.00704  0.26958 B   112 
-0.93142  1.12561 -0.10805 R   112 
-1.07120  0.91281  0.41062 B   113 
-1.22060  0.91579  0.12258 N   113 
-0.91525  0.77324  0.69851 B   114 
-1.20315  0.36550  0.64160 R   114 
-0.61482  0.91904  0.75833 B   115 
-0.53551  0.61746  0.69238 X   115 
-0.62198  1.19568  0.68286 B   116 
-0.53093  1.42941  0.31522 K   116 
-0.59141  1.41589  0.96003 B   117 
-0.50993  1.20671  1.15649 B   118 
-0.68348  1.02391  1.09443 T   118 
-0.38752  1.00198  1.42095 B   119 
-0.29285  1.06992  1.68290 D   119 
-0.14641  0.79871  1.29060 B   120 
-0.14251  0.90072  1.06246 V   120 
 0.02667  0.72474  1.54089 B   121 
 0.20078  1.09218  1.63150 Q   121 
-0.17577  0.51237  1.65462 B   122 
-0.34599  0.62223  1.69824 A   122 
-0.06541  0.27871  1.45470 B   123 
-0.43534  0.29113  1.23902 W   123 
 0.22027  0.25618  1.64849 B   124 
 0.37212  0.37909  1.46382 I   124 
 0.13364  0.18622  1.90703 B   125 
-0.05701  0.66104  1.98814 R   125 
 0.32648 -0.03803  2.10231 B   126 
 0.56172 -0.03614  1.91264 B   127 
 0.35616 -0.11751  1.67704 X   127 
 0.89035 -0.17801  1.84291 B   128 
 1.18044 -0.09131  2.11274 R   128 
 1.11196  0.09803  1.71356 B   129 
 0.91196  0.08471  1.54830 L   129 
