246 
 1.22827  0.28410 -0.44447 B   1 
 1.37335 -0.10418 -0.51103 K   1 
 1.16455  0.18516 -0.78289 B   2 
 1.09724  0.41189 -0.88885 V   2 
 0.95293 -0.02878 -0.89526 B   3 
 0.98114 -0.25562 -0.52693 F   3 
 0.86168 -0.27382 -1.07314 B   4 
 0.60018 -0.44200 -1.15122 B   5 
 0.33076 -0.48263 -1.49087 R   5 
 0.70860 -0.74215 -1.14568 B   6 
 0.64521 -0.82642 -1.44107 X   6 
 0.87708 -0.68734 -0.89029 B   7 
 1.20324 -0.47497 -0.85995 E   7 
 0.64701 -0.62034 -0.69456 B   8 
 0.54380 -0.34407 -0.61012 L   8 
 0.47569 -0.87072 -0.73198 B   9 
 0.38453 -0.85399 -0.92837 A   9 
 0.68625 -1.06506 -0.62531 B   10 
 0.83762 -1.08248 -0.78219 A   10 
 0.71488 -0.94067 -0.34274 B   11 
 0.85166 -0.77392 -0.36376 A   11 
 0.41526 -0.94887 -0.26455 B   12 
 0.25611 -0.57139 -0.39409 M   12 
 0.39570 -1.25141 -0.28777 B   13 
 0.32279 -1.51594 -0.62379 K   13 
 0.61135 -1.34596 -0.09374 B   14 
 1.03405 -1.18833 -0.03833 R   14 
 0.45278 -1.17313  0.13816 B   15 
 0.75743 -0.93210  0.16436 H   15 
 0.13356 -1.27706  0.08544 B   16 
-0.08130 -1.08845 -0.09335 B   17 
 0.03262 -0.79984  0.00138 L   17 
-0.19520 -1.30295 -0.25326 B   18 
-0.17577 -1.40140 -0.54356 D   18 
-0.52175 -1.32210 -0.15970 B   19 
-0.50414 -1.52440 -0.40948 N   19 
-0.54216 -1.12719  0.05352 B   20 
-0.33788 -1.06114  0.43968 Y   20 
-0.84701 -1.11413  0.17022 B   21 
-0.80184 -1.08593  0.64216 R   21 
-0.92375 -1.17133 -0.15649 B   22 
-0.67909 -1.01486 -0.30026 B   23 
-0.95858 -0.67735 -0.12916 Y   23 
-0.54432 -1.00272 -0.57204 B   24 
-0.65623 -1.05931 -0.76996 S   24 
-0.24319 -0.90753 -0.68015 B   25 
 0.03149 -1.05950 -0.68425 L   25 
-0.34522 -0.68882 -0.88641 B   26 
-0.45919 -0.49545 -0.67359 B   27 
-0.76662 -0.63378 -0.65776 N   27 
-0.19572 -0.42316 -0.53130 B   28 
-0.30395 -0.62797 -0.15003 W   28 
-0.04693 -0.31841 -0.77947 B   29 
 0.08460 -0.50483 -0.90409 V   29 
-0.25457 -0.10794 -0.85743 B   30 
-0.49154 -0.11630 -1.00149 X   30 
-0.23848  0.05788 -0.59957 B   31 
-0.35014 -0.05435 -0.44863 A   31 
 0.06345  0.12540 -0.60184 B   32 
 0.16743 -0.05163 -0.53729 A   32 
 0.05637  0.27453 -0.86966 B   33 
 0.11110  0.28093 -1.20637 K   33 
-0.16947  0.50518 -0.77358 B   34 
-0.37360  0.38153 -1.10833 F   34 
-0.02626  0.59034 -0.50028 B   35 
-0.28955  0.48265 -0.29301 E   35 
 0.31762  0.57727 -0.59072 B   36 
 0.36989  0.42878 -0.43468 S   36 
 0.43819  0.45494 -0.85147 B   37 
 0.43095  0.61714 -1.08793 N   37 
 0.63985  0.24608 -0.70409 B   38 
 0.43369  0.01977 -0.98169 F   38 
 0.73139  0.44996 -0.46015 B   39 
 0.91538  0.67726 -0.52982 N   39 
 0.87028  0.42310 -0.14358 B   40 
 1.02171  0.22631 -0.16551 T   40 
 0.92402  0.75597 -0.10762 B   41 
 1.32106  0.76288 -0.14871 Q   41 
 0.63948  0.83793 -0.10039 B   42 
 0.55041  0.80103 -0.28853 A   42 
 0.49184  1.15981 -0.01130 B   43 
 0.67249  1.17712  0.15290 T   43 
 0.17439  1.28926  0.13972 B   44 
 0.16375  1.21818 -0.19012 N   44 
-0.00258  1.55238  0.21968 B   45 
 0.18902  1.78896  0.62511 R   45 
-0.27123  1.61597  0.42887 B   46 
-0.30337  1.27929  0.37462 N   46 
-0.52553  1.81554  0.52497 B   47 
-0.69628  1.87779  0.34132 T   47 
-0.51083  1.68498  0.83237 B   48 
-0.56551  1.42693  0.80475 D   48 
-0.16965  1.66453  0.85703 B   49 
-0.10586  1.42133  0.75246 B   50 
-0.27202  1.24300  0.78395 S   50 
 0.07718  1.12809  0.60359 B   51 
 0.26895  1.31719  0.56378 T   51 
 0.17662  0.95744  0.32389 B   52 
-0.15515  0.90721  0.25091 D   52 
 0.34648  0.63056  0.29270 B   53 
 0.50771  0.94802  0.61513 Y   53 
 0.47772  0.48845  0.03482 B   54 
 0.36673  0.24052 -0.19023 B   55 
 0.52883  0.04171 -0.28037 I   55 
 0.07014  0.25701 -0.00159 B   56 
 0.04009 -0.05672 -0.06472 L   56 
 0.00097  0.51374  0.14580 B   57 
 0.11331  0.75647 -0.07311 Q   57 
 0.04819  0.52208  0.45386 B   58 
 0.07495  0.21970  0.51652 I   58 
-0.10481  0.66448  0.72705 B   59 
-0.32274  0.87718  0.71791 N   59 
-0.02306  0.87317  1.01811 B   60 
 0.09068  1.05424  0.93558 S   60 
-0.30063  0.86618  1.18856 B   61 
-0.50814  1.24173  1.16617 R   61 
-0.29538  0.52398  1.21594 B   62 
-0.73295  0.64545  1.17554 W   62 
-0.01066  0.35111  1.13113 B   63 
-0.37135  0.19005  0.94145 W   63 
 0.21801  0.57927  1.17074 B   64 
 0.32670  0.56791  0.93468 X   64 
 0.51200  0.75437  1.28648 B   65 
 0.53226  0.85796  1.56411 N   65 
 0.62126  1.12000  1.23216 B   66 
 0.42250  1.18652  1.06263 D   66 
 0.59469  1.34705  1.47316 B   67 
 0.33436  1.53816  1.30799 B   68 
 0.50458  1.63911  0.87744 R   68 
 0.05290  1.37728  1.41622 B   69 
 0.02921  1.28302  1.18003 T   69 
-0.20121  1.45307  1.57493 B   70 
-0.16342  1.65958  1.53378 P   70 
-0.37314  1.18805  1.69946 B   71 
-0.20851  0.94193  1.65772 B   72 
-0.01116  1.00304  1.54030 S   72 
-0.16278  0.56307  1.64779 B   73 
-0.47594  0.49279  1.80485 R   73 
 0.03393  0.33991  1.53518 B   74 
 0.31127  0.37191  1.53876 N   74 
-0.07341  0.03535  1.45323 B   75 
-0.38509  0.12113  1.46948 L   75 
 0.20935 -0.07339  1.31599 B   76 
 0.06913 -0.08027  1.03888 X   76 
 0.44295  0.00690  1.48609 B   77 
 0.48831 -0.06432  1.74553 N   77 
 0.58698  0.25851  1.30757 B   78 
 0.65898  0.03918  1.12481 I   78 
 0.79103  0.43336  1.13915 B   79 
 0.95925  0.39166  1.25595 P   79 
 0.71729  0.58954  0.85276 B   80 
 0.46563  0.75901  0.94062 X   80 
 1.00604  0.54989  0.72650 B   81 
 1.14506  0.64742  0.89569 S   81 
 0.98467  0.23885  0.69091 B   82 
 0.97826  0.16224  0.88689 A   82 
 0.78054  0.29072  0.43901 B   83 
 0.50289  0.26085  0.60975 L   83 
 1.05347  0.38494  0.24915 B   84 
 0.92977  0.68225  0.31664 L   84 
 1.18970  0.14395  0.19933 B   85 
 1.33338  0.00598  0.36509 S   85 
 1.31221 -0.10286 -0.01497 B   86 
 1.54794 -0.06913 -0.04045 S   86 
 1.18665 -0.26979  0.20913 B   87 
 1.28032 -0.50035  0.36251 D   87 
 0.84444 -0.38335  0.20687 B   88 
 0.78180 -0.41630 -0.05135 I   88 
 0.77470 -0.53031  0.47076 B   89 
 0.97022 -0.70211  0.52297 T   89 
 0.63722 -0.30318  0.63283 B   90 
 0.79816 -0.17801  0.70815 A   90 
 0.41005 -0.23381  0.43097 B   91 
 0.53021 -0.03444  0.28561 S   91 
 0.28566 -0.51325  0.41623 B   92 
 0.40548 -0.66838  0.24217 V   92 
 0.21774 -0.56041  0.71175 B   93 
 0.48965 -0.73850  0.79854 N   93 
 0.04294 -0.30581  0.72307 B   94 
 0.11292 -0.04349  0.80957 X   94 
-0.15222 -0.36813  0.49182 B   95 
-0.04135 -0.33609  0.31009 A   95 
-0.27281 -0.62274  0.61849 B   96 
 0.04157 -0.95008  0.51403 K   96 
-0.40981 -0.45721  0.84420 B   97 
-0.17313 -0.43062  1.14686 K   97 
-0.57806 -0.26373  0.67226 B   98 
-0.39207 -0.02710  0.59745 I   98 
-0.74826 -0.47757  0.50411 B   99 
-0.64734 -0.58943  0.32772 V   99 
-0.85740 -0.60146  0.79526 B   100 
-0.66818 -0.78266  0.78137 S   100 
-1.03729 -0.34988  0.91129 B   101 
-0.94692 -0.10339  1.00336 D   101 
-1.32826 -0.37120  0.69374 B   102 
-1.29329 -0.20607  0.39582 B   103 
-1.42549  0.03979  0.56118 N   103 
-1.06235 -0.30903  0.28136 B   104 
-0.93590 -0.15949 -0.01303 B   105 
-0.69727 -0.39631 -0.21493 M   105 
-1.09707  0.11358  0.04048 B   106 
-1.37895 -0.03057 -0.05509 N   106 
-0.86034  0.24877  0.19659 B   107 
-0.82655  0.11589  0.35452 A   107 
-0.77446  0.29073 -0.10563 B   108 
-0.43824  0.02895  0.08585 W   108 
-0.85689  0.54358 -0.30407 B   109 
-0.89165  0.76123 -0.17378 V   109 
-0.71385  0.45313 -0.56738 B   110 
-0.51350  0.52822 -0.55297 A   110 
-0.83995  0.17624 -0.58064 B   111 
-0.92664 -0.18138 -0.45339 W   111 
-1.13937  0.25678 -0.58119 B   112 
-1.34558  0.49541 -0.30038 R   112 
-1.11095  0.47884 -0.82814 B   113 
-1.19561  0.72035 -0.62863 N   113 
-0.89476  0.27447 -1.02351 B   114 
-0.59626  0.67335 -1.08806 R   114 
-0.94056 -0.05441 -0.95398 B   115 
-0.64101 -0.00264 -0.85821 X   115 
-1.21575 -0.10512 -0.89090 B   116 
-1.46304 -0.11237 -0.52093 K   116 
-1.37794 -0.30948 -1.13210 B   117 
-1.12921 -0.39173 -1.27479 B   118 
-1.01293 -0.16007 -1.28905 T   118 
-0.86380 -0.53750 -1.46225 B   119 
-0.86548 -0.74364 -1.66150 D   119 
-0.62107 -0.63104 -1.24140 B   120 
-0.74842 -0.57661 -1.03335 V   120 
-0.46756 -0.85596 -1.39607 B   121 
-0.75509 -1.15712 -1.40921 Q   121 
-0.30699 -0.65922 -1.58188 B   122 
-0.45310 -0.56361 -1.69350 A   122 
-0.08176 -0.60287 -1.35203 B   123 
-0.22730 -0.20212 -1.31032 W   123 
 0.04670 -0.91901 -1.40887 B   124 
-0.05294 -1.01610 -1.17884 I   124 
 0.12459 -0.92391 -1.67934 B   125 
-0.36867 -0.93960 -1.83688 R   125 
 0.41876 -1.09724 -1.77439 B   126 
 0.45678 -1.22659 -1.50395 B   127 
 0.44372 -0.93075 -1.37476 X   127 
 0.67417 -1.43886 -1.30227 B   128 
 0.71064 -1.82290 -1.42739 R   128 
 0.45635 -1.66595 -1.09485 B   129 
 0.38996 -1.42388 -1.02790 L   129 
