246 
 0.59303 -0.07856  1.19543 B   1 
 0.98965 -0.14648  1.07575 K   1 
 0.76783  0.23282  1.16602 B   2 
 0.60191  0.39390  1.28304 V   2 
 0.86518  0.38658  0.90134 B   3 
 0.90827  0.00874  0.69326 F   3 
 1.07410  0.54223  0.72207 B   4 
 1.09741  0.69441  0.44090 B   5 
 1.12191  1.10410  0.29547 R   5 
 1.37977  0.59279  0.33215 B   6 
 1.52672  0.86824  0.30202 X   6 
 1.32524  0.30332  0.43135 B   7 
 1.32042  0.17359  0.79952 E   7 
 1.07864  0.23827  0.25617 B   8 
 0.78194  0.25361  0.33259 L   8 
 1.19524  0.30211 -0.01910 B   9 
 1.21222  0.51833 -0.02998 A   9 
 1.41032  0.08500 -0.00957 B   10 
 1.56326  0.15729  0.12903 A   10 
 1.21986 -0.15751  0.02290 B   11 
 1.17192 -0.16880  0.23392 A   11 
 1.04052 -0.10114 -0.22331 B   12 
 0.72160  0.14534 -0.07454 M   12 
 1.26976 -0.12321 -0.42184 B   13 
 1.56490  0.16202 -0.56235 K   13 
 1.37732 -0.40334 -0.36665 B   14 
 1.45430 -0.60561  0.03304 R   14 
 1.07300 -0.51308 -0.43097 B   15 
 1.03688 -0.62516 -0.05986 H   15 
 1.00763 -0.34811 -0.72078 B   16 
 0.82291 -0.06600 -0.72007 B   17 
 0.62510 -0.14998 -0.47704 L   17 
 0.98984  0.08844 -0.90128 B   18 
 1.18845  0.32178 -0.87996 D   18 
 0.79890  0.14072 -1.17798 B   19 
 1.05974  0.32128 -1.23262 N   19 
 0.55655 -0.00738 -1.12141 B   20 
 0.46080 -0.42648 -1.01944 Y   20 
 0.34325  0.02053 -1.36728 B   21 
 0.16044 -0.41365 -1.42749 R   21 
 0.47496  0.33408 -1.38298 B   22 
 0.53868  0.38439 -1.06926 B   23 
 0.07027  0.40787 -1.10592 Y   23 
 0.70552  0.57092 -0.89736 B   24 
 0.76817  0.78496 -0.96921 S   24 
 0.83114  0.55520 -0.58848 B   25 
 1.09048  0.41653 -0.47863 L   25 
 0.69262  0.81888 -0.47861 B   26 
 0.40321  0.71062 -0.49242 B   27 
 0.34329  0.80382 -0.81121 N   27 
 0.42878  0.48433 -0.28500 B   28 
 0.37946  0.15665 -0.58371 W   28 
 0.52314  0.65952 -0.05025 B   29 
 0.78183  0.68304 -0.03986 V   29 
 0.28606  0.85257 -0.05430 B   30 
 0.22623  1.07996 -0.20157 X   30 
 0.06725  0.64434  0.00064 B   31 
 0.03584  0.53861 -0.18826 A   31 
 0.17292  0.52948  0.26778 B   32 
 0.33617  0.39804  0.21891 A   32 
 0.16058  0.79585  0.41915 B   33 
 0.31578  1.07316  0.54332 K   33 
-0.16940  0.84524  0.37314 B   34 
-0.04985  1.20884  0.22308 F   34 
-0.26710  0.55568  0.46835 B   35 
-0.40244  0.46502  0.15635 E   35 
-0.04389  0.48782  0.73700 B   36 
 0.03509  0.30179  0.64600 S   36 
 0.21363  0.64789  0.81153 B   37 
 0.17898  0.88863  0.96357 N   37 
 0.41922  0.39591  0.79575 B   38 
 0.59348  0.69223  0.56638 F   38 
 0.21592  0.17444  0.93385 B   39 
 0.16536  0.19658  1.22936 N   39 
 0.18431 -0.17066  0.94548 B   40 
 0.42100 -0.24868  0.93991 T   40 
-0.05532 -0.16934  1.18539 B   41 
 0.16086 -0.30030  1.49441 Q   41 
-0.26770 -0.04106  1.02362 B   42 
-0.21206  0.15790  0.97875 A   42 
-0.62393 -0.00329  1.09449 B   43 
-0.60793 -0.22316  1.20077 T   43 
-0.94575  0.01908  0.90405 B   44 
-0.76807  0.30498  0.92951 N   44 
-1.26885  0.06752  0.91849 B   45 
-1.50848 -0.33458  1.11329 R   45 
-1.53807  0.00632  0.70932 B   46 
-1.27721  0.01144  0.48739 N   46 
-1.85911  0.06253  0.62270 B   47 
-1.92293  0.30891  0.57818 T   47 
-1.87244 -0.23914  0.47927 B   48 
-1.69352 -0.23487  0.28355 D   48 
-1.69006 -0.40946  0.71412 B   49 
-1.43104 -0.38458  0.63389 B   50 
-1.39358 -0.37207  0.39131 S   50 
-1.05492 -0.37938  0.62137 B   51 
-1.08407 -0.39355  0.89168 T   51 
-0.76412 -0.20163  0.65440 B   52 
-0.86894 -0.00425  0.39368 D   52 
-0.41527 -0.30118  0.58324 B   53 
-0.69969 -0.60292  0.82573 Y   53 
-0.13830 -0.15154  0.65263 B   54 
 0.08108  0.05396  0.46802 B   55 
 0.35151  0.03174  0.48522 I   55 
-0.15871  0.01496  0.21346 B   56 
 0.08924  0.03096  0.00955 L   56 
-0.44757 -0.04344  0.28805 B   57 
-0.48854  0.14446  0.57524 Q   57 
-0.55006 -0.33610  0.25563 B   58 
-0.33061 -0.45420  0.07133 I   58 
-0.84451 -0.49006  0.16664 B   59 
-1.11553 -0.35348  0.14010 N   59 
-1.07497 -0.74848  0.28936 B   60 
-1.12165 -0.69285  0.50675 S   60 
-1.27992 -0.78334  0.03852 B   61 
-1.66434 -0.61193  0.12484 R   61 
-1.02747 -0.86763 -0.17838 B   62 
-1.33044 -0.62532 -0.41785 W   62 
-0.71544 -0.94231 -0.05508 B   63 
-0.70518 -0.64754 -0.37915 W   63 
-0.78632 -1.03621  0.24835 B   64 
-0.62907 -0.87434  0.37772 X   64 
-0.81284 -1.23451  0.54912 B   65 
-0.98985 -1.47259  0.56350 N   65 
-1.01335 -1.17095  0.87212 B   66 
-1.10042 -0.92451  0.80614 D   66 
-1.29422 -1.33573  0.93768 B   67 
-1.50968 -1.04599  0.90295 B   68 
-1.32997 -0.71834  1.19430 R   68 
-1.57518 -1.04982  0.56753 B   69 
-1.42325 -0.84557  0.54666 T   69 
-1.82641 -1.07024  0.38873 B   70 
-1.94794 -1.01486  0.55586 P   70 
-1.76237 -1.15266  0.06560 B   71 
-1.47355 -1.22698  0.04363 B   72 
-1.37204 -1.19607  0.25625 S   72 
-1.15766 -1.30147 -0.15734 B   73 
-1.32762 -1.31997 -0.47110 R   73 
-0.84199 -1.32251 -0.12437 B   74 
-0.72429 -1.43813  0.10088 N   74 
-0.63363 -1.25539 -0.37552 B   75 
-0.86649 -1.12297 -0.55720 L   75 
-0.35090 -1.27179 -0.20114 B   76 
-0.30974 -0.96691 -0.24420 X   76 
-0.35775 -1.50878 -0.01746 B   77 
-0.38164 -1.77082 -0.08963 N   77 
-0.40489 -1.36875  0.28928 B   78 
-0.12920 -1.27378  0.24855 I   78 
-0.36652 -1.27615  0.59015 B   79 
-0.29348 -1.45854  0.66144 P   79 
-0.41145 -0.96376  0.70081 B   80 
-0.70499 -0.90642  0.59923 X   80 
-0.18250 -0.98082  0.92032 B   81 
-0.25104 -1.17391  1.04474 S   81 
 0.05711 -0.99255  0.71803 B   82 
 0.03540 -1.17705  0.61902 A   82 
 0.01063 -0.67303  0.65834 B   83 
-0.17706 -0.71197  0.39304 L   83 
 0.15441 -0.60422  0.96495 B   84 
-0.16228 -0.56156  1.04332 L   84 
 0.42779 -0.65843  0.92699 B   85 
 0.54224 -0.89017  0.90819 S   85 
 0.76287 -0.56149  0.91403 B   86 
 0.86910 -0.63329  1.11631 S   86 
 0.73727 -0.73563  0.66328 B   87 
 0.90117 -0.95073  0.55226 D   87 
 0.64758 -0.60739  0.33844 B   88 
 0.74132 -0.35667  0.33224 I   88 
 0.62008 -0.83726  0.13228 B   89 
 0.83155 -0.99573  0.15762 T   89 
 0.31268 -0.88470  0.13413 B   90 
 0.27117 -0.99895  0.31431 A   90 
 0.22138 -0.59695  0.05645 B   91 
 0.18868 -0.48509  0.30492 S   91 
 0.37549 -0.57812 -0.20749 B   92 
 0.62366 -0.50038 -0.17454 V   92 
 0.26060 -0.82006 -0.35727 B   93 
 0.50282 -1.04281 -0.28728 N   93 
-0.02803 -0.71294 -0.33035 B   94 
-0.22534 -0.77536 -0.13449 X   94 
 0.00897 -0.43486 -0.45978 B   95 
 0.11305 -0.31491 -0.31444 A   95 
 0.09081 -0.53923 -0.73875 B   96 
 0.54344 -0.63508 -0.68553 K   96 
-0.19439 -0.65386 -0.79015 B   97 
-0.21065 -1.01912 -0.66911 K   97 
-0.36138 -0.39682 -0.75338 B   98 
-0.41599 -0.36939 -0.44933 I   98 
-0.22084 -0.21103 -0.97405 B   99 
-0.01447 -0.11588 -0.92749 V   99 
-0.29695 -0.44451 -1.20148 B   100 
-0.05573 -0.54310 -1.17111 S   100 
-0.62688 -0.42886 -1.20496 B   101 
-0.80378 -0.50757 -1.00518 D   101 
-0.67602 -0.11535 -1.38313 B   102 
-0.66701  0.16261 -1.18338 B   103 
-0.98724  0.11317 -1.16666 N   103 
-0.42440  0.14895 -1.04926 B   104 
-0.35760  0.38229 -0.79215 B   105 
 0.02510  0.42055 -0.71551 M   105 
-0.66973  0.44922 -0.75350 B   106 
-0.66842  0.62966 -1.03064 N   106 
-0.71128  0.23260 -0.52980 B   107 
-0.65448  0.05537 -0.62521 A   107 
-0.58051  0.47200 -0.36837 B   108 
-0.28231  0.11470 -0.32774 W   108 
-0.73793  0.72615 -0.22439 B   109 
-0.97256  0.66174 -0.14466 V   109 
-0.49205  0.88432 -0.11260 B   110 
-0.45122  0.79906  0.07988 A   110 
-0.34134  0.90299 -0.37657 B   111 
-0.16379  0.76633 -0.69501 W   111 
-0.55729  1.04427 -0.54846 B   112 
-0.95548  0.92236 -0.61850 R   112 
-0.61496  1.28929 -0.32996 B   113 
-0.92065  1.18854 -0.28869 N   113 
-0.27113  1.33675 -0.25121 B   114 
-0.39506  1.33462  0.23563 R   114 
-0.07172  1.23890 -0.50763 B   115 
 0.00634  1.03518 -0.27526 X   115 
-0.20015  1.29114 -0.75874 B   116 
-0.46733  1.06592 -1.03436 K   116 
-0.03409  1.54012 -0.95029 B   117 
 0.21300  1.54749 -0.78331 B   118 
 0.10241  1.54983 -0.54847 T   118 
 0.53460  1.57688 -0.63316 B   119 
 0.76861  1.72005 -0.71647 D   119 
 0.64491  1.26156 -0.56355 B   120 
 0.45618  1.13979 -0.67320 V   120 
 0.95603  1.29598 -0.55385 B   121 
 1.04167  1.37902 -0.95299 Q   121 
 0.96207  1.42621 -0.26747 B   122 
 0.85741  1.60368 -0.28979 A   122 
 0.94571  1.13559 -0.11910 B   123 
 0.54909  1.22790  0.01391 W   123 
 1.27502  1.07826 -0.20824 B   124 
 1.20736  0.89962 -0.39739 I   124 
 1.42489  1.28490 -0.08958 B   125 
 1.24336  1.63193 -0.42869 R   125 
 1.74617  1.21524  0.04285 B   126 
 1.75844  0.93673 -0.07377 B   127 
 1.47596  0.87727  0.07131 X   127 
 1.95351  0.62920 -0.09282 B   128 
 2.31365  0.66023 -0.27671 R   128 
 1.93251  0.49895 -0.44586 B   129 
 1.68773  0.50843 -0.35938 L   129 
