246 
 0.26403  1.05777 -0.77352 B   1 
 0.17281  0.89704 -1.15046 K   1 
-0.07817  1.12433 -0.85624 B   2 
-0.13966  1.29931 -0.67522 V   2 
-0.32706  0.92163 -0.86834 B   3 
-0.06121  0.59567 -0.97317 F   3 
-0.58412  0.79262 -0.99982 B   4 
-0.81496  0.57864 -0.93909 B   5 
-1.23780  0.57917 -0.83513 R   5 
-0.83888  0.42409 -1.21734 B   6 
-1.14060  0.47960 -1.28256 X   6 
-0.53032  0.42276 -1.25473 B   7 
-0.29855  0.72483 -1.34103 E   7 
-0.45293  0.25208 -1.00855 B   8 
-0.35658  0.34800 -0.73355 L   8 
-0.62924  0.00778 -1.06029 B   9 
-0.83339  0.06964 -1.01963 A   9 
-0.49260 -0.07050 -1.32238 B   10 
-0.56036  0.07429 -1.47162 A   10 
-0.20726 -0.10988 -1.20762 B   11 
-0.11833  0.08748 -1.19789 A   11 
-0.28130 -0.31047 -0.98349 B   12 
-0.36565 -0.06700 -0.63969 M   12 
-0.38925 -0.51901 -1.17666 B   13 
-0.77703 -0.57331 -1.36343 K   13 
-0.15006 -0.56887 -1.35941 B   14 
 0.13313 -0.26699 -1.54721 R   14 
 0.01867 -0.64690 -1.08696 B   15 
 0.24451 -0.33410 -1.13935 H   15 
-0.20045 -0.85898 -0.93701 B   16 
-0.40171 -0.75104 -0.68892 B   17 
-0.19328 -0.53862 -0.55977 L   17 
-0.64599 -0.87959 -0.78034 B   18 
-0.90893 -0.79334 -0.91365 D   18 
-0.72228 -1.10945 -0.54138 B   19 
-0.97890 -1.11636 -0.73561 N   19 
-0.49988 -1.09095 -0.35683 B   20 
-0.06100 -1.13089 -0.38839 Y   20 
-0.53811 -1.29868 -0.10760 B   21 
-0.10980 -1.49041 -0.03449 R   21 
-0.86546 -1.21575 -0.15082 B   22 
-0.83353 -0.90827 -0.24803 B   23 
-0.72897 -0.90477  0.21062 Y   23 
-0.99861 -0.69446 -0.38661 B   24 
-1.23284 -0.69350 -0.38050 S   24 
-0.92646 -0.41783 -0.55896 B   25 
-0.84307 -0.37822 -0.85902 L   25 
-1.09109 -0.21659 -0.37679 B   26 
-0.91258 -0.24766 -0.12611 B   27 
-1.07717 -0.51159  0.00488 N   27 
-0.65152 -0.13114 -0.24080 B   28 
-0.43184 -0.51929 -0.23044 W   28 
-0.76586  0.14250 -0.32299 B   29 
-0.85967  0.14365 -0.56543 V   29 
-0.87258  0.21919 -0.04691 B   30 
-1.10618  0.16169  0.09130 X   30 
-0.60312  0.21432  0.10011 B   31 
-0.55605  0.00321  0.13276 A   31 
-0.44812  0.41949 -0.07195 B   32 
-0.39181  0.31869 -0.25357 A   32 
-0.63938  0.65253 -0.01599 B   33 
-0.89792  0.85300 -0.11282 K   33 
-0.60166  0.64716  0.31866 B   34 
-1.01198  0.62165  0.32091 F   34 
-0.28162  0.64482  0.32306 B   35 
-0.25552  0.32989  0.47805 E   35 
-0.20313  0.85980  0.05061 B   36 
-0.08563  0.70636 -0.05791 S   36 
-0.40063  0.96744 -0.16595 B   37 
-0.56194  1.19386 -0.09535 N   37 
-0.23738  0.85420 -0.42391 B   38 
-0.62708  0.72797 -0.47856 F   38 
 0.06504  0.92194 -0.30811 B   39 
 0.15036  1.21010 -0.30062 N   39 
 0.39043  0.81810 -0.36781 B   40 
 0.39014  0.77133 -0.61266 T   40 
 0.53289  1.05913 -0.17651 B   41 
 0.68296  1.29109 -0.46469 Q   41 
 0.42927  0.96425  0.08424 B   42 
 0.21902  0.98589  0.08895 A   42 
 0.52101  1.06637  0.42261 B   43 
 0.74806  1.09073  0.33457 T   43 
 0.53655  0.91575  0.76527 B   44 
 0.23340  1.02502  0.66468 N   44 
 0.59164  0.96638  1.08362 B   45 
 1.08568  1.02855  1.17909 R   45 
 0.66175  0.76653  1.35770 B   46 
 0.51276  0.54321  1.14497 N   46 
 0.67822  0.72478  1.69195 B   47 
 0.46008  0.77044  1.82268 T   47 
 0.91141  0.48890  1.65023 B   48 
 0.79519  0.29514  1.51133 D   48 
 1.08430  0.64008  1.39590 B   49 
 0.96137  0.55659  1.16772 B   50 
 0.86473  0.33069  1.17325 S   50 
 0.84277  0.52252  0.81215 B   51 
 0.94698  0.77337  0.79391 T   51 
 0.60680  0.59507  0.57487 B   52 
 0.37878  0.42378  0.76615 D   52 
 0.57308  0.47224  0.22781 B   53 
 1.00393  0.61601  0.38413 Y   53 
 0.37776  0.57029 -0.00917 B   54 
 0.07084  0.45246 -0.13706 B   55 
 0.01711  0.44378 -0.40345 I   55 
 0.09832  0.21563  0.12173 B   56 
-0.05123  0.01373 -0.07874 L   56 
 0.25860  0.28438  0.37072 B   57 
 0.18841  0.62021  0.41265 Q   57 
 0.54373  0.16148  0.39894 B   58 
 0.53000 -0.06556  0.18836 I   58 
 0.74208  0.04469  0.65456 B   59 
 0.68954  0.08334  0.95215 N   59 
 1.08119  0.08722  0.78925 B   60 
 1.11110  0.31312  0.81385 S   60 
 1.09586 -0.14696  1.01528 B   61 
 1.07955  0.01669  1.41222 R   61 
 1.03187 -0.39527  0.78697 B   62 
 0.82764 -0.51872  1.17544 W   62 
 1.04599 -0.32476  0.45086 B   63 
 0.67666 -0.52992  0.56714 W   63 
 1.24478 -0.06712  0.44690 B   64 
 1.09180  0.09904  0.31785 X   64 
 1.52435  0.14985  0.37439 B   65 
 1.79619  0.09412  0.48029 N   65 
 1.62445  0.48743  0.53120 B   66 
 1.40648  0.51445  0.68750 D   66 
 1.87598  0.51121  0.74684 B   67 
 1.66595  0.59044  1.03178 B   68 
 1.40587  0.96333  0.89816 R   68 
 1.58577  0.27842  1.14596 B   69 
 1.34992  0.31822  1.05638 T   69 
 1.62298  0.11974  1.40851 B   70 
 1.65961  0.30316  1.51235 P   70 
 1.57985 -0.21562  1.37711 B   71 
 1.55592 -0.27988  1.08605 B   72 
 1.56339 -0.07631  0.96370 S   72 
 1.46937 -0.51398  0.79720 B   73 
 1.43969 -0.80393  1.00390 R   73 
 1.40616 -0.51036  0.48549 B   74 
 1.54548 -0.34554  0.30834 N   74 
 1.20742 -0.73677  0.34324 B   75 
 1.09993 -0.84762  0.62772 L   75 
 1.19299 -0.59670  0.04194 B   76 
 0.89160 -0.53661  0.08720 X   76 
 1.46595 -0.50401 -0.04081 B   77 
 1.68817 -0.65890 -0.07355 N   77 
 1.44693 -0.16563 -0.00828 B   78 
 1.26775 -0.18938 -0.24069 I   78 
 1.44404  0.14571 -0.06850 B   79 
 1.60972  0.14625 -0.19590 P   79 
 1.20815  0.35818  0.03668 B   80 
 1.21096  0.30100  0.34732 X   80 
 1.22389  0.54383 -0.22057 B   81 
 1.45698  0.59970 -0.22396 S   81 
 1.10239  0.33461 -0.42041 B   82 
 1.24552  0.18062 -0.43122 A   82 
 0.80829  0.38966 -0.28519 B   83 
 0.81717  0.13942 -0.07440 L   83 
 0.79787  0.69160 -0.45294 B   84 
 0.87591  0.79988 -0.15221 L   84 
 0.75534  0.62012 -0.72164 B   85 
 0.92599  0.51673 -0.88700 S   85 
 0.56551  0.61930 -1.01457 B   86 
 0.66146  0.77812 -1.16600 S   86 
 0.65388  0.32660 -0.99520 B   87 
 0.76672  0.13910 -1.18902 D   87 
 0.46440  0.07077 -0.82593 B   88 
 0.20797  0.14378 -0.85042 I   88 
 0.61747 -0.19880 -0.82596 B   89 
 0.70690 -0.24217 -1.07212 T   89 
 0.75095 -0.19344 -0.54506 B   90 
 0.92181 -0.06028 -0.56289 A   90 
 0.49323 -0.16316 -0.37235 B   91 
 0.47763  0.11006 -0.35163 S   91 
 0.35018 -0.41446 -0.47315 B   92 
 0.21724 -0.37310 -0.69527 V   92 
 0.55704 -0.62958 -0.40174 B   93 
 0.70937 -0.65475 -0.70065 N   93 
 0.55271 -0.54958 -0.10327 B   94 
 0.72702 -0.37420  0.03831 X   94 
 0.25034 -0.57937 -0.04730 B   95 
 0.15579 -0.40899 -0.13883 A   95 
 0.23542 -0.88183 -0.10821 B   96 
 0.20611 -0.89327 -0.57287 K   96 
 0.40695 -0.95062  0.14271 B   97 
 0.77966 -0.95954  0.04605 K   97 
 0.23427 -0.81844  0.36183 B   98 
 0.31860 -0.52020  0.37320 I   98 
-0.04278 -0.97174  0.30979 B   99 
-0.17508 -0.90904  0.12985 V   99 
 0.12127 -1.25939  0.35854 B   100 
 0.14930 -1.27968  0.09848 S   100 
 0.20257 -1.23624  0.67787 B   101 
 0.38686 -1.06399  0.79520 D   101 
-0.12163 -1.29428  0.83269 B   102 
-0.31482 -1.01328  0.86365 B   103 
-0.17121 -0.99381  1.15393 N   103 
-0.33233 -0.90752  0.60763 B   104 
-0.48442 -0.59145  0.56306 B   105 
-0.60757 -0.53106  0.19566 M   105 
-0.44187 -0.51254  0.87187 B   106 
-0.69063 -0.71176  0.96016 N   106 
-0.16494 -0.37316  0.82113 B   107 
-0.05027 -0.52634  0.73671 A   107 
-0.37056 -0.14897  0.73209 B   108 
-0.12174 -0.25081  0.35006 W   108 
-0.51058  0.08228  0.92451 B   109 
-0.35915  0.15035  1.11943 V   109 
-0.69153  0.22501  0.71272 B   110 
-0.56725  0.37425  0.62180 A   110 
-0.83345 -0.02615  0.61514 B   111 
-0.85922 -0.38272  0.46087 W   111 
-0.95090 -0.12589  0.88420 B   112 
-0.74543 -0.20742  1.24400 R   112 
-1.08899  0.16584  0.96742 B   113 
-0.89564  0.19006  1.22689 N   113 
-1.20846  0.23382  0.63911 B   114 
-1.02105  0.69809  0.68039 R   114 
-1.25677 -0.05280  0.46416 B   115 
-1.02387  0.09144  0.30124 X   115 
-1.34347 -0.26264  0.63944 B   116 
-1.14577 -0.58051  0.88017 K   116 
-1.67629 -0.36886  0.57460 B   117 
-1.70409 -0.22542  0.31451 B   118 
-1.60188  0.00293  0.38376 T   118 
-1.77880 -0.09509 -0.00840 B   119 
-2.00248 -0.13984 -0.18206 D   119 
-1.50413 -0.14350 -0.20500 B   120 
-1.37222 -0.27556 -0.03879 V   120 
-1.62337 -0.14266 -0.49458 B   121 
-1.84599 -0.49477 -0.49245 Q   121 
-1.65532  0.16989 -0.51208 B   122 
-1.79229  0.21568 -0.36345 A   122 
-1.34182  0.21189 -0.59391 B   123 
-1.26862  0.39339 -0.21283 W   123 
-1.41358  0.08772 -0.90873 B   124 
-1.28994 -0.14597 -0.86004 I   124 
-1.60823  0.25945 -1.01763 B   125 
-1.97338  0.07012 -0.70268 R   125 
-1.59856  0.33965 -1.36272 B   126 
-1.38563  0.13514 -1.42717 B   127 
-1.20464  0.26931 -1.19560 X   127 
-1.16999  0.00071 -1.68874 B   128 
-1.35984 -0.18449 -1.99556 R   128 
-1.15407 -0.37346 -1.64651 B   129 
-1.06453 -0.27340 -1.42412 L   129 
