246 
 0.94647  0.28981  0.89840 B   1 
 1.16449 -0.06890  0.89292 K   1 
 1.21290  0.31127  0.65980 B   2 
 1.21359  0.56545  0.60919 V   2 
 1.24193  0.16644  0.37457 B   3 
 1.00542 -0.16808  0.51625 F   3 
 1.39495  0.00151  0.15232 B   4 
 1.35936 -0.10631 -0.14746 B   5 
 1.50561 -0.00938 -0.54597 R   5 
 1.47916 -0.40152 -0.12788 B   6 
 1.70717 -0.38005 -0.34218 X   6 
 1.34582 -0.44821  0.14898 B   7 
 1.44465 -0.28978  0.49181 E   7 
 1.04925 -0.42527  0.06382 B   8 
 0.86371 -0.18192  0.08529 L   8 
 1.04613 -0.63240 -0.16095 B   9 
 1.15563 -0.54479 -0.32676 A   9 
 1.11287 -0.87032  0.01912 B   10 
 1.32507 -0.85128  0.06848 A   10 
 0.86811 -0.84647  0.20797 B   11 
 0.91981 -0.69602  0.35510 A   11 
 0.64833 -0.84990 -0.01030 B   12 
 0.58626 -0.43715 -0.11218 M   12 
 0.72502 -1.12560 -0.11308 B   13 
 1.02183 -1.26002 -0.39950 K   13 
 0.70034 -1.29798  0.13746 B   14 
 0.84164 -1.20862  0.56012 R   14 
 0.38791 -1.19392  0.15617 B   15 
 0.47241 -1.00507  0.48600 H   15 
 0.28675 -1.24369 -0.16440 B   16 
 0.27821 -0.98765 -0.38366 B   17 
 0.19556 -0.75724 -0.17076 L   17 
 0.39773 -1.12735 -0.60895 B   18 
 0.66827 -1.12898 -0.75438 D   18 
 0.15364 -1.14339 -0.84542 B   19 
 0.41328 -1.25568 -0.99905 N   19 
-0.07581 -1.02608 -0.71329 B   20 
-0.30018 -1.10759 -0.34150 Y   20 
-0.33473 -1.02132 -0.91245 B   21 
-0.70460 -1.15040 -0.64396 R   21 
-0.09410 -0.96299 -1.14613 B   22 
 0.11733 -0.79346 -0.96845 B   23 
-0.24573 -0.50292 -1.03974 Y   23 
 0.40846 -0.70813 -0.98014 B   24 
 0.52477 -0.68706 -1.18245 S   24 
 0.63407 -0.61329 -0.75312 B   25 
 0.81589 -0.78207 -0.56074 L   25 
 0.70061 -0.33113 -0.88254 B   26 
 0.42266 -0.20598 -0.83004 B   27 
 0.27916 -0.31128 -1.11679 N   27 
 0.42813 -0.20928 -0.52208 B   28 
 0.10434 -0.51382 -0.48409 W   28 
 0.68647 -0.04562 -0.48769 B   29 
 0.89970 -0.19421 -0.48188 V   29 
 0.59407  0.19799 -0.64771 B   30 
 0.58963  0.25950 -0.91822 X   30 
 0.35370  0.27002 -0.47083 B   31 
 0.19634  0.12685 -0.52171 A   31 
 0.49908  0.30479 -0.19995 B   32 
 0.54049  0.10713 -0.12557 A   32 
 0.68167  0.53182 -0.29556 B   33 
 0.98530  0.64039 -0.40703 K   33 
 0.43235  0.74047 -0.38358 B   34 
 0.62754  0.75123 -0.74524 F   34 
 0.26423  0.71910 -0.11204 B   35 
-0.02006  0.57700 -0.26327 E   35 
 0.52210  0.70209  0.13253 B   36 
 0.45485  0.50706  0.21360 S   36 
 0.82690  0.65858  0.08061 B   37 
 0.98073  0.88788  0.00297 N   37 
 0.85882  0.39481  0.26882 B   38 
 1.02908  0.29074 -0.09307 F   38 
 0.66097  0.49977  0.51232 B   39 
 0.76382  0.71824  0.69140 N   39 
 0.48021  0.35942  0.77281 B   40 
 0.62196  0.16620  0.84146 T   40 
 0.40422  0.65626  0.91805 B   41 
 0.64505  0.63705  1.23587 Q   41 
 0.23036  0.75902  0.70140 B   42 
 0.34622  0.79328  0.52792 A   42 
 0.00740  1.04822  0.69885 B   43 
-0.03629  0.99421  0.93352 T   43 
-0.31242  1.15287  0.53423 B   44 
-0.03138  1.19265  0.35149 N   44 
-0.53010  1.39249  0.48797 B   45 
-0.81522  1.46671  0.90058 R   45 
-0.85723  1.41168  0.37572 B   46 
-0.75402  1.11499  0.23914 N   46 
-1.11453  1.59383  0.25594 B   47 
-1.06753  1.72805  0.04022 T   47 
-1.32976  1.37086  0.38133 B   48 
-1.27790  1.14194  0.25785 D   48 
-1.16610  1.31028  0.67625 B   49 
-0.99218  1.10840  0.62018 B   50 
-1.06531  0.94656  0.45028 S   50 
-0.70799  0.86189  0.63147 B   51 
-0.61699  1.03404  0.82175 T   51 
-0.38789  0.78100  0.54071 B   52 
-0.49109  0.78955  0.21330 D   52 
-0.19966  0.46638  0.58818 B   53 
-0.45078  0.64637  0.95598 Y   53 
 0.11284  0.40227  0.54172 B   54 
 0.29484  0.25166  0.27975 B   55 
 0.49863  0.07735  0.32464 I   55 
-0.01953  0.23579  0.12247 B   56 
 0.08691 -0.03663 -0.01085 L   56 
-0.23446  0.43722  0.19761 B   57 
-0.05027  0.72507  0.24937 Q   57 
-0.46432  0.34174  0.38536 B   58 
-0.43380  0.03414  0.36240 I   58 
-0.80088  0.40335  0.42075 B   59 
-0.95565  0.62802  0.28516 N   59 
-1.04361  0.49869  0.67948 B   60 
-0.95675  0.68460  0.78159 S   60 
-1.32779  0.46467  0.52381 B   61 
-1.50278  0.84601  0.43127 R   61 
-1.27068  0.13296  0.45607 B   62 
-1.49475  0.30321  0.09738 W   62 
-1.01265 -0.03062  0.61355 B   63 
-1.01039 -0.08626  0.17891 W   63 
-0.97620  0.14926  0.88231 B   64 
-0.72281  0.20356  0.85964 X   64 
-0.95599  0.24836  1.22909 B   65 
-1.19642  0.25501  1.40335 N   65 
-0.93606  0.59956  1.38669 B   66 
-0.91632  0.73602  1.15505 D   66 
-1.19876  0.73885  1.53475 B   67 
-1.24293  0.99734  1.28414 B   68 
-0.82282  1.21376  1.24938 R   68 
-1.44356  0.83865  1.05745 B   69 
-1.24102  0.82785  0.90223 T   69 
-1.72435  0.88409  0.93666 B   70 
-1.71708  1.08815  1.00049 P   70 
-1.85741  0.61131  0.78434 B   71 
-1.68138  0.37668  0.84249 B   72 
-1.49503  0.45256  0.96892 S   72 
-1.56415  0.01842  0.78219 B   73 
-1.84184 -0.06745  0.57437 R   73 
-1.31827 -0.17501  0.83963 B   74 
-1.18264 -0.17318  1.08367 N   74 
-1.23907 -0.42520  0.63438 B   75 
-1.43546 -0.31905  0.40000 L   75 
-0.95343 -0.51136  0.78135 B   76 
-0.79818 -0.41531  0.53002 X   76 
-0.98828 -0.51310  1.07923 B   77 
-1.16137 -0.66778  1.22260 N   77 
-0.82257 -0.23294  1.17908 B   78 
-0.58553 -0.38807  1.09888 I   78 
-0.61638 -0.03421  1.31533 B   79 
-0.61446 -0.12741  1.50239 P   79 
-0.45517  0.21194  1.15635 B   80 
-0.69757  0.36810  1.02740 X   80 
-0.19091  0.18676  1.33078 B   81 
-0.27858  0.21082  1.55259 S   81 
-0.10312 -0.09280  1.21850 B   82 
-0.25011 -0.22715  1.28676 A   82 
-0.01532  0.05679  0.93970 B   83 
-0.29464  0.00112  0.77841 L   83 
 0.26277  0.17966  1.10396 B   84 
 0.07564  0.45028  1.10532 L   84 
 0.42934 -0.04477  1.13557 B   85 
 0.39979 -0.24195  1.30110 S   85 
 0.72498 -0.22063  1.07630 B   86 
 0.86221 -0.20377  1.27186 S   86 
 0.51256 -0.43743  1.03469 B   87 
 0.48768 -0.71299  1.12907 D   87 
 0.36007 -0.51019  0.71616 B   88 
 0.54645 -0.45234  0.53285 I   88 
 0.13986 -0.72638  0.74553 B   89 
 0.23834 -0.92413  0.89273 T   89 
-0.11637 -0.55086  0.76254 B   90 
-0.12170 -0.47282  0.96533 A   90 
-0.08569 -0.39856  0.49229 B   91 
 0.05200 -0.17590  0.57467 S   91 
-0.07623 -0.64493  0.31068 B   92 
 0.16440 -0.74706  0.29098 V   92 
-0.34385 -0.77742  0.38137 B   93 
-0.23220 -0.99965  0.60793 N   93 
-0.50216 -0.52405  0.30235 B   94 
-0.59525 -0.31147  0.46767 X   94 
-0.40096 -0.48954  0.01249 B   95 
-0.20075 -0.41198  0.02816 A   95 
-0.51113 -0.75822 -0.09284 B   96 
-0.18671 -1.06395  0.04199 K   96 
-0.80551 -0.66116 -0.06064 B   97 
-0.93546 -0.75628  0.28921 K   97 
-0.79626 -0.40729 -0.23605 B   98 
-0.69024 -0.17859 -0.05539 I   98 
-0.69972 -0.53822 -0.51265 B   99 
-0.47682 -0.59697 -0.53865 V   99 
-0.96819 -0.73755 -0.49794 B   100 
-0.81668 -0.92236 -0.38968 S   100 
-1.21442 -0.52008 -0.53248 B   101 
-1.29781 -0.32620 -0.35123 D   101 
-1.18402 -0.44196 -0.88663 B   102 
-0.95823 -0.19434 -0.95695 B   103 
-1.21859 -0.00273 -0.92928 N   103 
-0.71982 -0.27728 -0.84156 B   104 
-0.44536 -0.05443 -0.83679 B   105 
-0.10110 -0.23623 -0.78957 M   105 
-0.63526  0.20149 -0.87974 B   106 
-0.67261  0.12391 -1.19904 N   106 
-0.66930  0.25565 -0.57218 B   107 
-0.75132  0.07654 -0.50195 A   107 
-0.38558  0.38362 -0.63216 B   108 
-0.30726  0.04269 -0.32254 W   108 
-0.32281  0.69352 -0.73281 B   109 
-0.49686  0.86024 -0.64640 V   109 
-0.01127  0.67866 -0.75902 B   110 
 0.06534  0.72518 -0.56420 A   110 
-0.00450  0.43438 -0.94075 B   111 
-0.07420  0.06515 -1.04277 W   111 
-0.17948  0.53976 -1.17402 B   112 
-0.57185  0.69481 -1.15605 R   112 
-0.01174  0.82534 -1.21161 B   113 
-0.27416  0.99725 -1.12866 N   113 
 0.30808  0.67422 -1.17219 B   114 
 0.42838  1.04149 -0.85123 R   114 
 0.30078  0.34656 -1.25981 B   115 
 0.36799  0.33531 -0.94846 X   115 
 0.11577  0.30552 -1.47514 B   116 
-0.31616  0.20434 -1.51088 K   116 
 0.27435  0.20615 -1.77719 B   117 
 0.54062  0.15002 -1.65496 B   118 
 0.56142  0.36146 -1.50580 T   118 
 0.86666  0.04675 -1.55562 B   119 
 1.07556 -0.08345 -1.70260 D   119 
 0.83399 -0.13592 -1.26925 B   120 
 0.58411 -0.13884 -1.26490 V   120 
 1.09207 -0.31331 -1.26867 B   121 
 1.01935 -0.56469 -1.59280 Q   121 
 1.28478 -0.08413 -1.17194 B   122 
 1.27813  0.05603 -1.32445 A   122 
 1.20187 -0.12675 -0.85881 B   123 
 1.00119  0.25172 -0.86237 W   123 
 1.38700 -0.41898 -0.85579 B   124 
 1.16766 -0.57441 -0.85531 I   124 
 1.65098 -0.34455 -0.91916 B   125 
 1.52456 -0.26055 -1.41448 R   125 
 1.92248 -0.50621 -0.75866 B   126 
 1.74957 -0.71847 -0.63074 B   127 
 1.57028 -0.47986 -0.50705 X   127 
 1.74596 -1.00439 -0.40440 B   128 
 1.95402 -1.32971 -0.52832 R   128 
 1.51225 -1.26349 -0.54683 B   129 
 1.36808 -1.05037 -0.51104 L   129 
