246 
-0.60579 -0.62823  1.01255 B   1 
-0.30332 -0.89777  1.12254 K   1 
-0.39994 -0.48468  1.26827 B   2 
-0.54309 -0.28019  1.33798 V   2 
-0.09825 -0.37614  1.24870 B   3 
-0.01270 -0.66015  0.93257 F   3 
 0.20189 -0.34812  1.34430 B   4 
 0.47340 -0.19353  1.27253 B   5 
 0.70885  0.13738  1.42957 R   5 
 0.69282 -0.42284  1.30640 B   6 
 0.87370 -0.29054  1.52584 X   6 
 0.50783 -0.63372  1.17253 B   7 
 0.18555 -0.79725  1.32017 E   7 
 0.48454 -0.50572  0.89181 B   8 
 0.25900 -0.32945  0.78150 L   8 
 0.78160 -0.47706  0.82567 B   9 
 0.85719 -0.31650  0.95083 A   9 
 0.84013 -0.77715  0.82857 B   10 
 0.83987 -0.83689  1.03895 A   10 
 0.64120 -0.85809  0.60493 B   11 
 0.44727 -0.87550  0.70004 A   11 
 0.74377 -0.66304  0.38723 B   12 
 0.51083 -0.30579  0.43924 M   12 
 1.02333 -0.78253  0.38193 B   13 
 1.37739 -0.71186  0.62245 K   13 
 0.96801 -1.07547  0.31697 B   14 
 0.64905 -1.35023  0.48833 R   14 
 0.81385 -0.96738  0.04615 B   15 
 0.47600 -1.09889  0.18810 H   15 
 1.04450 -0.74814 -0.07307 B   16 
 1.01274 -0.41731 -0.01605 B   17 
 0.68863 -0.40732 -0.02617 L   17 
 1.28995 -0.36472  0.05427 B   18 
 1.44948 -0.30533  0.30995 D   18 
 1.40838 -0.16051 -0.19073 B   19 
 1.64847 -0.16620  0.02362 N   19 
 1.18604 -0.14091 -0.37526 B   20 
 0.94081 -0.42877 -0.60375 Y   20 
 1.26130  0.05221 -0.62778 B   21 
 1.08762 -0.16656 -1.01188 R   21 
 1.43236  0.22085 -0.38653 B   22 
 1.23941  0.16644 -0.13192 B   23 
 1.00496  0.47198 -0.40207 Y   23 
 1.25168  0.18167  0.17106 B   24 
 1.40013  0.32394  0.28340 S   24 
 1.08051  0.03947  0.41988 B   25 
 1.10761 -0.24366  0.55278 L   25 
 0.98587  0.30891  0.55856 B   26 
 0.80157  0.40028  0.32757 B   27 
 1.03873  0.56535  0.15318 N   27 
 0.59558  0.17159  0.33985 B   28 
 0.71153 -0.00184 -0.05449 W   28 
 0.51453  0.21028  0.63420 B   29 
 0.66134  0.07177  0.79804 V   29 
 0.43273  0.50380  0.60876 B   30 
 0.57277  0.74324  0.61454 X   30 
 0.20921  0.46264  0.40236 B   31 
 0.30936  0.43233  0.21026 A   31 
 0.03258  0.26238  0.55862 B   32 
 0.12930  0.07056  0.54560 A   32 
-0.02100  0.45096  0.79439 B   33 
 0.04564  0.55247  1.11323 K   33 
-0.16181  0.69541  0.61039 B   34 
 0.11959  0.93419  0.79154 F   34 
-0.36854  0.51105  0.44998 B   35 
-0.22878  0.57658  0.13366 E   35 
-0.46634  0.27677  0.69928 B   36 
-0.39990  0.10030  0.58279 S   36 
-0.33361  0.23423  0.97868 B   37 
-0.40733  0.41605  1.18792 N   37 
-0.27019 -0.08292  0.94118 B   38 
 0.08618  0.08457  1.06659 F   38 
-0.55272 -0.15842  0.78647 B   39 
-0.80469 -0.16311  0.95036 N   39 
-0.67150 -0.41096  0.58070 B   40 
-0.55194 -0.61274  0.66515 T   40 
-0.99457 -0.30876  0.59362 B   41 
-1.14441 -0.59524  0.82784 Q   41 
-0.95725 -0.05272  0.44947 B   42 
-0.83773  0.07721  0.56578 A   42 
-1.20673  0.17772  0.31530 B   43 
-1.33821 -0.02233  0.26443 T   43 
-1.23822  0.42174  0.03281 B   44 
-1.07995  0.53397  0.30907 N   44 
-1.42214  0.65064 -0.11115 B   45 
-1.81738  0.44586 -0.35385 R   45 
-1.43109  0.80121 -0.42297 B   46 
-1.10804  0.68813 -0.40948 N   46 
-1.53352  1.05282 -0.62279 B   47 
-1.47029  1.29130 -0.54606 T   47 
-1.51021  0.85066 -0.88802 B   48 
-1.25475  0.78139 -0.90476 D   48 
-1.63250  0.56683 -0.73998 B   49 
-1.41498  0.44523 -0.63024 B   50 
-1.20231  0.47546 -0.74967 S   50 
-1.18784  0.22608 -0.42521 B   51 
-1.41764  0.18467 -0.28523 T   51 
-0.99918  0.18474 -0.14246 B   52 
-0.80511  0.44779 -0.24767 D   52 
-0.77011 -0.08945 -0.04751 B   53 
-1.20136 -0.19748 -0.22942 Y   53 
-0.62500 -0.15089  0.23372 B   54 
-0.30147 -0.08926  0.36010 B   55 
-0.16534 -0.27172  0.50876 I   55 
-0.25248  0.06903  0.04967 B   56 
 0.05209 -0.03099  0.07307 L   56 
-0.49168  0.18335 -0.09909 B   57 
-0.68768  0.30380  0.15886 Q   57 
-0.60315  0.02203 -0.34147 B   58 
-0.36573 -0.16909 -0.39791 I   58 
-0.74427  0.09403 -0.64680 B   59 
-0.84315  0.36778 -0.73677 N   59 
-1.04029  0.00868 -0.84689 B   60 
-1.22066  0.04162 -0.70937 S   60 
-0.97305  0.14867 -1.13330 B   61 
-1.21521  0.49760 -1.19822 R   61 
-0.68248 -0.03007 -1.17202 B   62 
-0.60676  0.38305 -1.34938 W   62 
-0.61852 -0.29718 -0.96538 B   63 
-0.28345 -0.01586 -0.98982 W   63 
-0.91911 -0.38169 -0.87364 B   64 
-0.88597 -0.37244 -0.61580 X   64 
-1.21987 -0.57383 -0.81785 B   65 
-1.39590 -0.65617 -1.04247 N   65 
-1.56828 -0.46119 -0.69743 B   66 
-1.50178 -0.20493 -0.64667 D   66 
-1.82413 -0.43311 -0.90739 B   67 
-1.84409 -0.07164 -0.88473 B   68 
-1.87945  0.02493 -0.42217 R   68 
-1.62302  0.02398 -1.12722 B   69 
-1.46536  0.09608 -0.93966 T   69 
-1.63433  0.19023 -1.38748 B   70 
-1.81884  0.27672 -1.32236 P   70 
-1.36922  0.14466 -1.59473 B   71 
-1.20602 -0.08256 -1.48910 B   72 
-1.30414 -0.15688 -1.28583 S   72 
-0.88874 -0.29448 -1.47722 B   73 
-0.74834 -0.15156 -1.77309 R   73 
-0.73851 -0.50592 -1.29310 B   74 
-0.87601 -0.70657 -1.15601 N   74 
-0.40654 -0.53395 -1.29156 B   75 
-0.36448 -0.25887 -1.45687 L   75 
-0.38350 -0.74704 -1.03725 B   76 
-0.24557 -0.52607 -0.86801 X   76 
-0.59258 -0.96046 -1.06352 B   77 
-0.61999 -1.13796 -1.26891 N   77 
-0.81998 -0.87715 -0.82422 B   78 
-0.60486 -0.96102 -0.64153 I   78 
-1.00631 -0.88109 -0.56763 B   79 
-1.06798 -1.07986 -0.58676 P   79 
-1.03486 -0.62984 -0.34874 B   80 
-1.10961 -0.39118 -0.54168 X   80 
-1.07783 -0.81920 -0.09737 B   81 
-1.26482 -0.95089 -0.16920 S   81 
-0.78667 -0.93617 -0.09332 B   82 
-0.77147 -1.04969 -0.26995 A   82 
-0.68232 -0.64830  0.02523 B   83 
-0.59506 -0.51928 -0.26264 L   83 
-0.81887 -0.73499  0.33061 B   84 
-1.05014 -0.52575  0.22580 L   84 
-0.64683 -0.93443  0.42931 B   85 
-0.62805 -1.18062  0.35061 S   85 
-0.41857 -1.05727  0.66308 B   86 
-0.53323 -1.21277  0.80461 S   86 
-0.28535 -1.13352  0.39795 B   87 
-0.16234 -1.38004  0.30020 D   87 
-0.05131 -0.92218  0.22312 B   88 
 0.07391 -0.78151  0.41343 I   88 
 0.03149 -1.04869 -0.04751 B   89 
 0.09127 -1.30363 -0.00385 T   89 
-0.15912 -0.90183 -0.24461 B   90 
-0.35281 -0.99803 -0.22290 A   90 
-0.07503 -0.60871 -0.17994 B   91 
-0.25650 -0.54574  0.01607 S   91 
 0.22287 -0.63968 -0.24375 B   92 
 0.36056 -0.73354 -0.04138 V   92 
 0.20860 -0.73322 -0.53566 B   93 
 0.23441 -1.06467 -0.48409 N   93 
 0.05040 -0.48137 -0.61963 B   94 
-0.23117 -0.44651 -0.64594 X   94 
 0.24570 -0.26354 -0.52035 B   95 
 0.22479 -0.25798 -0.30616 A   95 
 0.48100 -0.34471 -0.70326 B   96 
 0.67435 -0.70023 -0.47278 K   96 
 0.32653 -0.25420 -0.95834 B   97 
 0.12649 -0.55104 -1.10048 K   97 
 0.27038  0.04005 -0.88370 B   98 
 0.01086  0.04040 -0.71389 I   98 
 0.57130  0.13992 -0.83434 B   99 
 0.67906  0.08229 -0.63716 V   99 
 0.64168  0.04348 -1.14703 B   100 
 0.73056 -0.18343 -1.04985 S   100 
 0.45900  0.25404 -1.32424 B   101 
 0.18180  0.26326 -1.34600 D   101 
 0.65197  0.55978 -1.28255 B   102 
 0.57628  0.73605 -0.99893 B   103 
 0.36625  0.88641 -1.19527 N   103 
 0.60818  0.55626 -0.78990 B   104 
 0.50942  0.65291 -0.46444 B   105 
 0.68009  0.43988 -0.18287 M   105 
 0.31796  0.88540 -0.57712 B   106 
 0.58121  1.07452 -0.64272 N   106 
 0.06338  0.70160 -0.58690 B   107 
 0.12282  0.54607 -0.71346 A   107 
 0.07706  0.78157 -0.28049 B   108 
 0.12204  0.31672 -0.29165 W   108 
-0.05737  1.04887 -0.13701 B   109 
-0.27099  1.12509 -0.25582 V   109 
 0.03932  1.00522  0.15747 B   110 
-0.10890  0.88013  0.24896 A   110 
 0.33523  0.97618  0.09167 B   111 
 0.64750  0.81942 -0.08013 W   111 
 0.38178  1.24631 -0.05326 B   112 
 0.17491  1.40215 -0.38678 R   112 
 0.24452  1.43351  0.18594 B   113 
 0.01022  1.53075 -0.01640 N   113 
 0.39367  1.25057  0.45234 B   114 
-0.05504  1.23705  0.67785 R   114 
 0.68079  1.10003  0.35236 B   115 
 0.49162  0.85310  0.42184 X   115 
 0.81530  1.26222  0.15774 B   116 
 0.81543  1.29526 -0.28609 K   116 
 1.12511  1.39097  0.27477 B   117 
 1.13973  1.21910  0.51815 B   118 
 0.89498  1.24566  0.60052 T   118 
 1.21601  1.02275  0.80532 B   119 
 1.45295  1.00902  0.96615 D   119 
 1.14176  0.69814  0.73075 B   120 
 1.08592  0.73558  0.49003 V   120 
 1.32212  0.53685  0.92957 B   121 
 1.70241  0.62097  0.78178 Q   121 
 1.13841  0.58424  1.18062 B   122 
 1.14269  0.78947  1.20909 A   122 
 0.93698  0.34089  1.09726 B   123 
 0.63066  0.62713  1.00917 W   123 
 1.17995  0.11455  1.19426 B   124 
 1.24011  0.04909  0.94056 I   124 
 1.22903  0.16507  1.46681 B   125 
 1.47946  0.60479  1.35585 R   125 
 1.29256 -0.10529  1.68700 B   126 
 1.31596 -0.30945  1.46544 B   127 
 1.02556 -0.21225  1.36246 X   127 
 1.36112 -0.66308  1.38867 B   128 
 1.71862 -0.82216  1.49527 R   128 
 1.58782 -0.68973  1.08877 B   129 
 1.38276 -0.55093  1.01021 L   129 
