246 
-0.15123 -1.05920  0.80133 B   1 
 0.23813 -1.09045  0.95514 K   1 
-0.12417 -0.87366  1.10665 B   2 
-0.37375 -0.82636  1.15805 V   2 
 0.02941 -0.59725  1.16311 B   3 
 0.31808 -0.69013  0.85333 F   3 
 0.22162 -0.40529  1.32504 B   4 
 0.32852 -0.10308  1.32753 B   5 
 0.26498  0.26099  1.55778 R   5 
 0.63877 -0.14156  1.39191 B   6 
 0.65908  0.02714  1.65554 X   6 
 0.65738 -0.38887  1.20455 B   7 
 0.50992 -0.74545  1.26379 E   7 
 0.58842 -0.25104  0.93626 B   8 
 0.31780 -0.24039  0.79219 L   8 
 0.79699 -0.02760  0.94036 B   9 
 0.73180  0.11453  1.09105 A   9 
 1.03874 -0.21466  0.93341 B   10 
 1.05335 -0.30224  1.13327 A   10 
 0.97154 -0.35569  0.66557 B   11 
 0.82841 -0.51118  0.71347 A   11 
 0.94385 -0.10083  0.49168 B   12 
 0.52873  0.00690  0.51747 M   12 
 1.23044 -0.01131  0.53973 B   13 
 1.41722  0.21711  0.85776 K   13 
 1.39123 -0.25150  0.44201 B   14 
 1.31711 -0.69369  0.51659 R   14 
 1.23749 -0.21361  0.15266 B   15 
 1.05796 -0.55506  0.20534 H   15 
 1.27691  0.12051  0.10485 B   16 
 1.02754  0.33527  0.17834 B   17 
 0.78235  0.13900  0.09705 L   17 
 1.18948  0.53612  0.31246 B   18 
 1.23804  0.62954  0.60101 D   18 
 1.17067  0.81344  0.11626 B   19 
 1.32681  0.91793  0.37765 N   19 
 1.01495  0.72450 -0.11113 B   20 
 1.05115  0.40087 -0.40973 Y   20 
 0.97243  0.96767 -0.32511 B   21 
 1.03412  0.77268 -0.75374 R   21 
 0.95884  1.15277 -0.03970 B   22 
 0.82215  0.93782  0.16062 B   23 
 0.47813  1.07173 -0.13095 Y   23 
 0.78545  0.89519  0.45897 B   24 
 0.78779  1.07257  0.61205 S   24 
 0.72372  0.62983  0.65185 B   25 
 0.91568  0.40895  0.76552 L   25 
 0.45888  0.74227  0.78603 B   26 
 0.28922  0.74043  0.52741 B   27 
 0.37584  1.04957  0.42331 N   27 
 0.28689  0.43671  0.47606 B   28 
 0.53400  0.46148  0.10545 W   28 
 0.16663  0.35409  0.74701 B   29 
 0.34769  0.31067  0.92843 V   29 
-0.08534  0.52607  0.72637 B   30 
-0.14105  0.79224  0.78140 X   30 
-0.19911  0.39557  0.47284 B   31 
-0.08232  0.47573  0.30615 A   31 
-0.21552  0.10233  0.57012 B   32 
-0.01537  0.02345  0.56443 A   32 
-0.40785  0.16079  0.80166 B   33 
-0.46336  0.21375  1.13410 K   33 
-0.65229  0.29107  0.61004 B   34 
-0.62364  0.61074  0.86695 F   34 
-0.66419  0.05513  0.39406 B   35 
-0.56695  0.25718  0.12276 E   35 
-0.61071 -0.23237  0.59675 B   36 
-0.43093 -0.29795  0.48492 S   36 
-0.51725 -0.23677  0.89464 B   37 
-0.71688 -0.19073  1.09539 N   37 
-0.25581 -0.42520  0.84821 B   38 
-0.11791 -0.09969  1.06224 F   38 
-0.39657 -0.62930  0.62916 B   39 
-0.59917 -0.82619  0.73193 N   39 
-0.29291 -0.85097  0.38351 B   40 
-0.08074 -0.94264  0.47688 T   40 
-0.60113 -0.98255  0.33184 B   41 
-0.54979 -1.33892  0.50430 Q   41 
-0.72617 -0.73867  0.21953 B   42 
-0.73752 -0.58967  0.36907 A   42 
-1.04758 -0.69798  0.05105 B   43 
-1.00632 -0.92017 -0.04290 T   43 
-1.19925 -0.47853 -0.21196 B   44 
-1.18906 -0.35073  0.10033 N   44 
-1.46999 -0.39537 -0.37546 B   45 
-1.59813 -0.74944 -0.71497 R   45 
-1.53963 -0.22529 -0.66906 B   46 
-1.22733 -0.10720 -0.59256 N   46 
-1.75855 -0.06207 -0.86696 B   47 
-1.87880  0.14015 -0.76016 T   47 
-1.57614 -0.14386 -1.13491 B   48 
-1.33930 -0.02988 -1.09952 D   48 
-1.49602 -0.46320 -1.03986 B   49 
-1.26747 -0.43809 -0.89398 B   50 
-1.11610 -0.25619 -0.96036 S   50 
-0.97841 -0.49898 -0.66075 B   51 
-1.13747 -0.70428 -0.57907 T   51 
-0.84477 -0.46765 -0.34706 B   52 
-0.86307 -0.12697 -0.38607 D   52 
-0.50485 -0.54591 -0.22458 B   53 
-0.73088 -0.86313 -0.50569 Y   53 
-0.38993 -0.55690  0.07641 B   54 
-0.20631 -0.33133  0.27601 B   55 
-0.00223 -0.41118  0.43696 I   55 
-0.23836 -0.11898 -0.00273 B   56 
 0.05046 -0.00492  0.08026 L   56 
-0.47352 -0.15532 -0.19192 B   57 
-0.72870 -0.24259  0.02425 Q   57 
-0.42056 -0.29690 -0.46460 B   58 
-0.11167 -0.27710 -0.48107 I   58 
-0.53669 -0.27060 -0.78731 B   59 
-0.78059 -0.11103 -0.87598 N   59 
-0.67556 -0.48136 -1.05423 B   60 
-0.84702 -0.59936 -0.95826 S   60 
-0.68483 -0.27596 -1.30697 B   61 
-1.08748 -0.15644 -1.39749 R   61 
-0.34690 -0.21678 -1.29344 B   62 
-0.54368  0.17531 -1.41753 W   62 
-0.14698 -0.41736 -1.09866 B   63 
-0.08258  0.01000 -1.02636 W   63 
-0.32416 -0.68989 -1.08290 B   64 
-0.33615 -0.71452 -0.82422 X   64 
-0.42594 -1.03540 -1.11031 B   65 
-0.47516 -1.16272 -1.37410 N   65 
-0.77249 -1.19720 -1.06234 B   66 
-0.89904 -0.97436 -0.97871 D   66 
-0.95563 -1.29591 -1.32128 B   67 
-1.21253 -1.04383 -1.27623 B   68 
-1.35715 -1.08860 -0.82720 R   68 
-1.08377 -0.78278 -1.45537 B   69 
-1.03699 -0.66719 -1.23247 T   69 
-1.17161 -0.61301 -1.69819 B   70 
-1.37308 -0.67897 -1.66944 P   70 
-0.92090 -0.43640 -1.84401 B   71 
-0.66208 -0.52366 -1.72225 B   72 
-0.70937 -0.68277 -1.55221 S   72 
-0.28837 -0.48256 -1.65612 B   73 
-0.24434 -0.22661 -1.90152 R   73 
-0.05886 -0.58229 -1.45977 B   74 
-0.04379 -0.84706 -1.37243 N   74 
 0.20512 -0.39273 -1.38643 B   75 
 0.07347 -0.12733 -1.51681 L   75 
 0.33337 -0.58874 -1.15034 B   76 
 0.26909 -0.37100 -0.93832 X   76 
 0.32318 -0.87517 -1.23869 B   77 
 0.44468 -0.98298 -1.45790 N   77 
 0.07157 -1.00625 -1.05045 B   78 
 0.26476 -0.96942 -0.83134 I   78 
-0.09389 -1.17979 -0.84289 B   79 
-0.00557 -1.36317 -0.89034 P   79 
-0.30723 -1.05530 -0.61741 B   80 
-0.49790 -0.88557 -0.80345 X   80 
-0.24318 -1.27495 -0.39708 B   81 
-0.28580 -1.47715 -0.51857 S   81 
 0.04922 -1.17808 -0.33716 B   82 
 0.15648 -1.21702 -0.51406 A   82 
-0.07825 -0.92147 -0.17680 B   83 
-0.06526 -0.71124 -0.42733 L   83 
-0.15781 -1.13502  0.08297 B   84 
-0.45517 -1.10456 -0.05452 L   84 
 0.08996 -1.19454  0.20207 B   85 
 0.27621 -1.35004  0.11105 S   85 
 0.31266 -1.18882  0.47080 B   86 
 0.31418 -1.40635  0.57097 S   86 
 0.49295 -1.10702  0.23701 B   87 
 0.75878 -1.19270  0.15067 D   87 
 0.54668 -0.76529  0.13530 B   88 
 0.52371 -0.61975  0.35886 I   88 
 0.72362 -0.75183 -0.11888 B   89 
 0.93159 -0.91276 -0.08251 T   89 
 0.50853 -0.72322 -0.34175 B   90 
 0.42642 -0.92231 -0.37112 A   90 
 0.36894 -0.46458 -0.23788 B   91 
 0.16989 -0.57283 -0.08302 S   91 
 0.61735 -0.28552 -0.23586 B   92 
 0.75755 -0.30930 -0.01564 V   92 
 0.70315 -0.30478 -0.52986 B   93 
 0.93574 -0.54590 -0.49918 N   93 
 0.42917 -0.20042 -0.62757 B   94 
 0.20087 -0.34784 -0.71324 X   94 
 0.41764  0.06567 -0.47100 B   95 
 0.37327  0.01288 -0.26707 A   95 
 0.66703  0.19186 -0.60251 B   96 
 1.01844  0.00269 -0.36246 K   96 
 0.52285  0.21324 -0.87797 B   97 
 0.58825 -0.10600 -1.08324 K   97 
 0.27758  0.38165 -0.79557 B   98 
 0.06536  0.18254 -0.68833 I   98 
 0.42822  0.63707 -0.67294 B   99 
 0.52289  0.62234 -0.46168 V   99 
 0.58101  0.67363 -0.96849 B   100 
 0.78563  0.54115 -0.87150 S   100 
 0.32724  0.75069 -1.16542 B   101 
 0.11863  0.58600 -1.24764 D   101 
 0.26254  1.09254 -1.05866 B   102 
 0.05637  1.11804 -0.78648 B   103 
-0.17548  1.13677 -1.01267 N   103 
 0.17445  0.96169 -0.58989 B   104 
-0.00097  0.90467 -0.28824 B   105 
 0.23324  0.79687  0.00726 M   105 
-0.28335  0.97934 -0.42274 B   106 
-0.20617  1.30078 -0.41345 N   106 
-0.34877  0.68273 -0.50294 B   107 
-0.18685  0.63036 -0.62452 A   107 
-0.42772  0.68855 -0.19602 B   108 
-0.08518  0.37296 -0.23218 W   108 
-0.72115  0.77315 -0.06620 B   109 
-0.91567  0.71855 -0.22348 V   109 
-0.65540  0.74197  0.23822 B   110 
-0.69295  0.53600  0.28460 A   110 
-0.40949  0.92162  0.23800 B   111 
-0.05440  1.03808  0.12870 W   111 
-0.53694  1.18202  0.12805 B   112 
-0.75393  1.23481 -0.23034 R   112 
-0.79067  1.18562  0.34418 B   113 
-1.00458  1.15058  0.10271 N   113 
-0.59052  1.08967  0.62242 B   114 
-0.94007  0.74875  0.74057 R   114 
-0.26662  1.18016  0.57778 B   115 
-0.25116  0.86188  0.58438 X   115 
-0.25163  1.42610  0.43094 B   116 
-0.22114  1.54129  0.00212 K   116 
-0.12152  1.69489  0.62350 B   117 
-0.02552  1.52647  0.85023 B   118 
-0.23387  1.37409  0.87776 T   118 
 0.12717  1.37004  1.13140 B   119 
 0.29260  1.47745  1.33946 D   119 
 0.29606  1.09620  1.01770 B   120 
 0.25831  1.13771  0.77415 V   120 
 0.51292  1.04997  1.23886 B   121 
 0.75593  1.38423  1.18635 Q   121 
 0.31606  0.91748  1.44551 B   122 
 0.17991  1.06733  1.48975 A   122 
 0.33807  0.62524  1.30111 B   123 
-0.06778  0.66203  1.16900 W   123 
 0.65633  0.59105  1.43233 B   124 
 0.77408  0.63218  1.19419 I   124 
 0.62707  0.60430  1.71199 B   125 
 0.53410  1.11360  1.69338 R   125 
 0.82723  0.39827  1.91959 B   126 
 1.00589  0.30614  1.69396 B   127 
 0.73880  0.21520  1.53655 X   127 
 1.28261  0.08693  1.60252 B   128 
 1.63990  0.17363  1.77370 R   128 
 1.50330  0.27214  1.35955 B   129 
 1.26891  0.26140  1.24805 L   129 
