246 
 0.48453  0.17643  1.23329 B   1 
 0.68765 -0.18737  1.28457 K   1 
 0.82594  0.21038  1.13001 B   2 
 0.84579  0.46791  1.10876 V   2 
 0.97210  0.09085  0.87015 B   3 
 0.70050 -0.24701  0.86828 F   3 
 1.20493 -0.05845  0.71682 B   4 
 1.29812 -0.13768  0.42051 B   5 
 1.59626 -0.01026  0.12986 R   5 
 1.40104 -0.43726  0.45976 B   6 
 1.69739 -0.40421  0.36252 X   6 
 1.16490 -0.50417  0.65048 B   7 
 1.11093 -0.38052  1.01682 E   7 
 0.93053 -0.46385  0.45256 B   8 
 0.75113 -0.21739  0.41821 L   8 
 1.02275 -0.64975  0.22811 B   9 
 1.19069 -0.55128  0.13189 A   9 
 1.01021 -0.90496  0.39604 B   10 
 1.18246 -0.89747  0.53057 A   10 
 0.70889 -0.89005  0.46762 B   11 
 0.69357 -0.75522  0.63656 A   11 
 0.59992 -0.86658  0.17860 B   12 
 0.58290 -0.44452  0.10005 M   12 
 0.71443 -1.13434  0.09112 B   13 
 1.10449 -1.25227 -0.05771 K   13 
 0.58896 -1.32759  0.29112 B   14 
 0.54086 -1.28128  0.74071 R   14 
 0.29635 -1.21533  0.18833 B   15 
 0.23453 -1.05975  0.53985 H   15 
 0.33815 -1.23273 -0.14846 B   16 
 0.41979 -0.95790 -0.32596 B   17 
 0.25436 -0.74492 -0.14563 L   17 
 0.62325 -1.08070 -0.49354 B   18 
 0.92978 -1.07824 -0.51302 D   18 
 0.49985 -1.06734 -0.81032 B   19 
 0.80068 -1.17394 -0.85230 N   19 
 0.23538 -0.95482 -0.77478 B   20 
-0.12278 -1.06189 -0.53926 Y   20 
 0.08283 -0.92361 -1.06197 B   21 
-0.36429 -1.06393 -0.98484 R   21 
 0.39845 -0.85256 -1.16799 B   22 
 0.51551 -0.70676 -0.90332 B   23 
 0.21297 -0.39911 -1.09074 Y   23 
 0.78446 -0.63044 -0.78494 B   24 
 0.97427 -0.59516 -0.91771 S   24 
 0.89442 -0.56389 -0.47686 B   25 
 0.98089 -0.75520 -0.24344 L   25 
 1.00674 -0.27362 -0.53942 B   26 
 0.73127 -0.14454 -0.59531 B   27 
 0.72090 -0.21885 -0.92436 N   27 
 0.60808 -0.17565 -0.31470 B   28 
 0.30008 -0.47147 -0.44375 W   28 
 0.82748 -0.02440 -0.16077 B   29 
 1.02001 -0.17990 -0.08121 V   29 
 0.80831  0.23553 -0.32065 B   30 
 0.91641  0.32118 -0.56138 X   30 
 0.51561  0.29932 -0.25348 B   31 
 0.39475  0.16659 -0.37848 A   31 
 0.53480  0.30479  0.05526 B   32 
 0.54292  0.09999  0.12088 A   32 
 0.73896  0.53330  0.06619 B   33 
 1.06064  0.64131  0.10168 K   33 
 0.54740  0.75716 -0.09699 B   34 
 0.87533  0.79387 -0.34221 F   34 
 0.28167  0.71709  0.07689 B   35 
 0.08716  0.59866 -0.19148 E   35 
 0.41446  0.66965  0.40357 B   36 
 0.32099  0.47047  0.43040 S   36 
 0.71352  0.62089  0.47892 B   37 
 0.88405  0.85101  0.49438 N   37 
 0.66612  0.34038  0.63728 B   38 
 0.97231  0.26362  0.37056 F   38 
 0.38412  0.42956  0.78553 B   39 
 0.40152  0.62753  1.01109 N   39 
 0.11237  0.27246  0.93282 B   40 
 0.21408  0.06926  1.03532 T   40 
-0.01933  0.55742  1.06104 B   41 
 0.06749  0.50178  1.44671 Q   41 
-0.08798  0.68493  0.80266 B   42 
 0.08932  0.73076  0.69704 A   42 
-0.29173  0.98042  0.73544 B   43 
-0.42874  0.90704  0.92449 T   43 
-0.51477  1.10998  0.46377 B   44 
-0.18346  1.15666  0.41883 N   44 
-0.69517  1.35988  0.35444 B   45 
-1.12669  1.40617  0.61656 R   45 
-0.94603  1.39990  0.11897 B   46 
-0.79319  1.11342  0.00990 N   46 
-1.13144  1.60050 -0.07880 B   47 
-0.99989  1.75191 -0.24168 T   47 
-1.37770  1.37445 -0.07593 B   48 
-1.27751  1.15594 -0.18798 D   48 
-1.35121  1.28223  0.25304 B   49 
-1.16828  1.08055  0.25522 B   50 
-1.16289  0.93713  0.05570 S   50 
-0.91280  0.82473  0.35984 B   51 
-0.91050  0.97598  0.58619 T   51 
-0.58339  0.74174  0.40282 B   52 
-0.54101  0.78307  0.06456 D   52 
-0.42972  0.41806  0.49386 B   53 
-0.81244  0.57253  0.73963 Y   53 
-0.12579  0.34805  0.57537 B   54 
 0.14982  0.21560  0.39949 B   55 
 0.31769  0.03131  0.50803 I   55 
-0.07043  0.22437  0.12521 B   56 
 0.08380 -0.03837  0.02275 L   56 
-0.29859  0.42525  0.12324 B   57 
-0.15475  0.70102  0.27397 Q   57 
-0.58504  0.32097  0.18862 B   58 
-0.54551  0.01584  0.15115 I   58 
-0.90623  0.39029  0.08686 B   59 
-0.99214  0.63124 -0.07860 N   59 
-1.23531  0.47002  0.22935 B   60 
-1.20018  0.64303  0.37552 S   60 
-1.42865  0.45955 -0.03268 B   61 
-1.55201  0.85326 -0.15262 R   61 
-1.34614  0.13356 -0.10193 B   62 
-1.40181  0.34266 -0.50322 W   62 
-1.17589 -0.05197  0.13203 B   63 
-0.99253 -0.06841 -0.26562 W   63 
-1.25591  0.10175  0.40750 B   64 
-1.01648  0.14943  0.49731 X   64 
-1.38258  0.16859  0.73911 B   65 
-1.67377  0.16753  0.79766 N   65 
-1.43261  0.50337  0.92350 B   66 
-1.31923  0.65934  0.73512 D   66 
-1.73410  0.63744  0.96176 B   67 
-1.67182  0.91870  0.74133 B   68 
-1.27694  1.12331  0.90486 R   68 
-1.75874  0.78775  0.43783 B   69 
-1.50989  0.78421  0.38039 T   69 
-1.96409  0.85314  0.21635 B   70 
-1.98553  1.05029  0.29660 P   70 
-2.01971  0.59970 -0.00271 B   71 
-1.88216  0.35508  0.10055 B   72 
-1.76590  0.41309  0.29951 S   72 
-1.74788 -0.00000  0.06045 B   73 
-1.91324 -0.05761 -0.25102 R   73 
-1.54683 -0.20586  0.19599 B   74 
-1.52509 -0.23044  0.47326 N   74 
-1.38756 -0.43910  0.01926 B   75 
-1.46934 -0.30588 -0.26417 L   75 
-1.18841 -0.54753  0.26255 B   76 
-0.94333 -0.43451  0.10873 X   76 
-1.34406 -0.57486  0.51745 B   77 
-1.55999 -0.73596  0.56059 N   77 
-1.23698 -0.31044  0.70329 B   78 
-0.98695 -0.46552  0.71429 I   78 
-1.10765 -0.13170  0.93110 B   79 
-1.18309 -0.24132  1.09226 P   79 
-0.89669  0.12225  0.87764 B   80 
-1.06455  0.29731  0.67528 X   80 
-0.72883  0.07276  1.14272 B   81 
-0.90104  0.07971  1.30934 S   81 
-0.60025 -0.19835  1.05088 B   82 
-0.76134 -0.33333  1.03882 A   82 
-0.40546 -0.02733  0.84932 B   83 
-0.59189 -0.05899  0.58217 L   83 
-0.22187  0.07101  1.12507 B   84 
-0.39454  0.34647  1.07447 L   84 
-0.08195 -0.16075  1.20137 B   85 
-0.17628 -0.37091  1.32007 S   85 
 0.21280 -0.34029  1.25364 B   86 
 0.25605 -0.34562  1.48914 S   86 
 0.03855 -0.54532  1.10716 B   87 
-0.02136 -0.82725  1.15593 D   87 
 0.03300 -0.58408  0.74872 B   88 
 0.27834 -0.51623  0.66572 I   88 
-0.17788 -0.79461  0.66329 B   89 
-0.14818 -1.00794  0.81847 T   89 
-0.41920 -0.61292  0.58910 B   90 
-0.50902 -0.55327  0.77782 A   90 
-0.27992 -0.43808  0.37184 B   91 
-0.19064 -0.22841  0.52476 S   91 
-0.19396 -0.66734  0.18793 B   92 
 0.03377 -0.77521  0.26021 V   92 
-0.46574 -0.79668  0.12820 B   93 
-0.45692 -1.04194  0.35832 N   93 
-0.57863 -0.53213  0.01519 B   94 
-0.73362 -0.33228  0.14643 X   94 
-0.36622 -0.47512 -0.20180 B   95 
-0.19127 -0.40595 -0.09714 A   95 
-0.42061 -0.72945 -0.36846 B   96 
-0.17954 -1.05664 -0.14101 K   96 
-0.70238 -0.62596 -0.45222 B   97 
-0.96546 -0.74775 -0.19866 K   97 
-0.62279 -0.35782 -0.58287 B   98 
-0.60324 -0.14990 -0.35358 I   98 
-0.41894 -0.46651 -0.80557 B   99 
-0.20502 -0.53006 -0.74221 V   99 
-0.66772 -0.65735 -0.92269 B   100 
-0.57368 -0.85605 -0.77950 S   100 
-0.87880 -0.42961 -1.03536 B   101 
-1.03147 -0.25012 -0.88746 D   101 
-0.70432 -0.32105 -1.33574 B   102 
-0.47155 -0.07575 -1.28204 B   103 
-0.72119  0.12113 -1.34675 N   103 
-0.30221 -0.17658 -1.08662 B   104 
-0.05625  0.03572 -0.94714 B   105 
 0.23842 -0.16091 -0.77892 M   105 
-0.21289  0.30061 -1.04039 B   106 
-0.11340  0.25330 -1.35220 N   106 
-0.37225  0.32805 -0.77105 B   107 
-0.47476  0.14617 -0.75864 A   107 
-0.09024  0.45140 -0.69539 B   108 
-0.14543  0.08164 -0.41527 W   108 
 0.00647  0.76683 -0.73084 B   109 
-0.18895  0.93080 -0.70896 V   109 
 0.30076  0.74406 -0.62669 B   110 
 0.28899  0.77033 -0.41418 A   110 
 0.38432  0.51699 -0.81162 B   111 
 0.36608  0.16093 -0.96810 W   111 
 0.32155  0.64864 -1.08524 B   112 
-0.04381  0.81438 -1.21701 R   112 
 0.48764  0.93071 -1.02239 B   113 
 0.21327  1.10309 -1.03984 N   113 
 0.76312  0.76614 -0.86844 B   114 
 0.73626  1.09892 -0.49306 R   114 
 0.79533  0.44809 -0.98202 B   115 
 0.72693  0.40671 -0.67349 X   115 
 0.71703  0.43271 -1.25754 B   116 
 0.33991  0.34954 -1.47877 K   116 
 0.98765  0.35565 -1.47452 B   117 
 1.17929  0.27998 -1.25879 B   118 
 1.13459  0.47637 -1.09502 T   118 
 1.43514  0.15745 -1.04347 B   119 
 1.68720  0.03411 -1.10220 D   119 
 1.28756 -0.04901 -0.81535 B   120 
 1.05857 -0.04402 -0.91538 V   120 
 1.52326 -0.23420 -0.72465 B   121 
 1.59387 -0.45291 -1.07210 Q   121 
 1.65656 -0.02115 -0.53530 B   122 
 1.71297  0.13228 -0.66268 A   122 
 1.45116 -0.08893 -0.29044 B   123 
 1.26744  0.29478 -0.34082 W   123 
 1.62034 -0.38623 -0.23878 B   124 
 1.42183 -0.53372 -0.34420 I   124 
 1.88619 -0.31521 -0.17947 B   125 
 1.97680 -0.18293 -0.67209 R   125 
 2.06742 -0.49955  0.06299 B   126 
 1.85850 -0.71658  0.08672 B   127 
 1.64227 -0.48422  0.14701 X   127 
 1.76308 -1.02139  0.26274 B   128 
 2.00619 -1.34099  0.20590 R   128 
 1.61174 -1.25876  0.01215 B   129 
 1.46422 -1.04505  0.00506 L   129 
