246 
-0.42946 -1.14639  0.53691 B   1 
-0.07834 -1.27294  0.72910 K   1 
-0.42474 -1.02818  0.87511 B   2 
-0.66976 -0.94846  0.90304 V   2 
-0.24359 -0.79806  1.00705 B   3 
 0.07417 -0.88085  0.72404 F   3 
-0.05382 -0.67588  1.22857 B   4 
 0.09410 -0.40269  1.30762 B   5 
 0.04828 -0.08214  1.59873 R   5 
 0.38118 -0.50589  1.40152 B   6 
 0.38350 -0.39507  1.69493 X   6 
 0.39327 -0.71363  1.17064 B   7 
 0.18799 -1.04376  1.13495 E   7 
 0.38876 -0.51865  0.93044 B   8 
 0.14904 -0.43452  0.75851 L   8 
 0.62424 -0.33965  1.00756 B   9 
 0.55723 -0.21873  1.17503 A   9 
 0.83421 -0.56140  0.99259 B   10 
 0.80387 -0.68564  1.16999 A   10 
 0.79080 -0.63650  0.69490 B   11 
 0.62080 -0.77081  0.69070 A   11 
 0.82855 -0.35300  0.57591 B   12 
 0.43476 -0.18125  0.57054 M   12 
 1.11374 -0.32526  0.67766 B   13 
 1.27862 -0.19576  1.05746 K   13 
 1.25140 -0.56748  0.55327 B   14 
 1.10284 -0.99603  0.52394 R   14 
 1.15293 -0.45048  0.26103 B   15 
 0.91958 -0.75918  0.21804 H   15 
 1.24763 -0.12536  0.28936 B   16 
 1.02364  0.11219  0.37366 B   17 
 0.76865 -0.01986  0.22269 L   17 
 1.18958  0.25340  0.56622 B   18 
 1.20457  0.28187  0.87169 D   18 
 1.24283  0.56120  0.43140 B   19 
 1.36879  0.58666  0.72655 N   19 
 1.11410  0.54442  0.17253 B   20 
 1.15000  0.28039 -0.17990 Y   20 
 1.14206  0.82662  0.01034 B   21 
 1.24229  0.70663 -0.43811 R   21 
 1.11019  0.95517  0.32397 B   22 
 0.91353  0.73402  0.45600 B   23 
 0.64357  0.97745  0.15739 Y   23 
 0.82392  0.64395  0.73174 B   24 
 0.82758  0.78676  0.91747 S   24 
 0.69430  0.36236  0.85557 B   25 
 0.83149  0.09424  0.94418 L   25 
 0.43065  0.49241  0.97542 B   26 
 0.30596  0.56807  0.70265 B   27 
 0.45209  0.87123  0.67721 N   27 
 0.26771  0.28425  0.58922 B   28 
 0.57170  0.33375  0.26648 W   28 
 0.09507  0.17513  0.81943 B   29 
 0.23662  0.06801  1.00934 V   29 
-0.12266  0.38919  0.80320 B   30 
-0.14713  0.64614  0.90498 X   30 
-0.21230  0.32974  0.51566 B   31 
-0.06003  0.41777  0.38560 A   31 
-0.28647  0.03098  0.54675 B   32 
-0.10160 -0.07913  0.55026 A   32 
-0.50270  0.07817  0.75897 B   33 
-0.60221  0.07752  1.08532 K   33 
-0.69188  0.28223  0.56921 B   34 
-0.65839  0.53885  0.88865 F   34 
-0.70336  0.09611  0.30906 B   35 
-0.53578  0.32480  0.10050 E   35 
-0.72527 -0.22879  0.45246 B   36 
-0.54142 -0.30285  0.35323 S   36 
-0.68215 -0.30447  0.75230 B   37 
-0.90239 -0.26233  0.93116 N   37 
-0.44687 -0.52368  0.70127 B   38 
-0.29901 -0.27251  0.99424 F   38 
-0.57906 -0.65600  0.42837 B   39 
-0.82190 -0.83013  0.46117 N   39 
-0.47089 -0.84297  0.15713 B   40 
-0.29194 -0.98588  0.25557 T   40 
-0.78274 -0.90696  0.04035 B   41 
-0.81193 -1.29249  0.13980 Q   41 
-0.85146 -0.62850 -0.03362 B   42 
-0.86473 -0.51011  0.14103 A   42 
-1.13252 -0.50196 -0.22942 B   43 
-1.10956 -0.70664 -0.36160 T   43 
-1.20677 -0.21460 -0.45800 B   44 
-1.22803 -0.15059 -0.12723 N   44 
-1.43297 -0.05674 -0.63367 B   45 
-1.55544 -0.31399 -1.05304 R   45 
-1.42942  0.17425 -0.89176 B   46 
-1.11951  0.21988 -0.75320 N   46 
-1.58789  0.40688 -1.07750 B   47 
-1.69294  0.60364 -0.94708 T   47 
-1.37895  0.34560 -1.33116 B   48 
-1.13675  0.40802 -1.24293 D   48 
-1.36230  0.00520 -1.29539 B   49 
-1.15875 -0.03735 -1.11960 B   50 
-0.97392  0.12449 -1.12677 S   50 
-0.92255 -0.18978 -0.86934 B   51 
-1.12073 -0.37574 -0.85320 T   51 
-0.83752 -0.24084 -0.54161 B   52 
-0.79963  0.09906 -0.51072 D   52 
-0.53651 -0.39843 -0.39589 B   53 
-0.75852 -0.61380 -0.76341 Y   53 
-0.47390 -0.48480 -0.09168 B   54 
-0.29364 -0.33559  0.17229 B   55 
-0.13164 -0.47817  0.33768 I   55 
-0.24961 -0.07303 -0.05781 B   56 
 0.03576 -0.02841  0.08323 L   56 
-0.45434 -0.03218 -0.27878 B   57 
-0.75067 -0.11213 -0.11984 Q   57 
-0.37973 -0.12786 -0.56598 B   58 
-0.07262 -0.15948 -0.53849 I   58 
-0.43784 -0.02245 -0.88821 B   59 
-0.63866  0.19079 -0.97196 N   59 
-0.56152 -0.15267 -1.20867 B   60 
-0.76141 -0.25468 -1.16204 S   60 
-0.50041  0.09438 -1.41209 B   61 
-0.86176  0.29689 -1.52620 R   61 
-0.16400  0.09023 -1.34361 B   62 
-0.27934  0.52670 -1.40722 W   62 
-0.02900 -0.17466 -1.17111 B   63 
 0.08448  0.21407 -1.00368 W   63 
-0.24415 -0.41027 -1.23522 B   64 
-0.30069 -0.47989 -0.99104 X   64 
-0.38940 -0.72162 -1.34681 B   65 
-0.41391 -0.78735 -1.63542 N   65 
-0.75895 -0.82660 -1.37816 B   66 
-0.86346 -0.60451 -1.26669 D   66 
-0.91085 -0.84222 -1.67315 B   67 
-1.13223 -0.56199 -1.60959 B   68 
-1.35155 -0.66323 -1.20193 R   68 
-0.93997 -0.29880 -1.71247 B   69 
-0.91304 -0.23642 -1.46627 T   69 
-0.96234 -0.07435 -1.92372 B   70 
-1.17324 -0.10836 -1.93524 P   70 
-0.66860  0.07976 -1.99636 B   71 
-0.44799 -0.07226 -1.86355 B   72 
-0.54441 -0.24939 -1.73786 S   72 
-0.08766 -0.10988 -1.74327 B   73 
 0.03168  0.17542 -1.92225 R   73 
 0.09064 -0.28267 -1.54445 B   74 
 0.05293 -0.55753 -1.51306 N   74 
 0.36426 -0.15891 -1.40020 B   75 
 0.29510  0.14485 -1.48804 L   75 
 0.42335 -0.41454 -1.19581 B   76 
 0.35843 -0.23199 -0.95300 X   76 
 0.38584 -0.67342 -1.34251 B   77 
 0.52376 -0.75828 -1.56210 N   77 
 0.09108 -0.79120 -1.21935 B   78 
 0.25013 -0.82980 -0.97460 I   78 
-0.12881 -0.96863 -1.07534 B   79 
-0.06167 -1.15259 -1.14834 P   79 
-0.35498 -0.85280 -0.85789 B   80 
-0.48681 -0.62098 -1.02716 X   80 
-0.35951 -1.11718 -0.68189 B   81 
-0.41116 -1.28282 -0.84729 S   81 
-0.06947 -1.08554 -0.56636 B   82 
 0.05781 -1.10914 -0.73237 A   82 
-0.18220 -0.84483 -0.37357 B   83 
-0.09900 -0.59739 -0.57101 L   83 
-0.33236 -1.08559 -0.17633 B   84 
-0.59635 -0.97886 -0.34116 L   84 
-0.11807 -1.20837 -0.04172 B   85 
 0.05570 -1.37437 -0.13869 S   85 
 0.05736 -1.29139  0.24841 B   86 
 0.01125 -1.52059  0.30038 S   86 
 0.28258 -1.20042  0.06172 B   87 
 0.54345 -1.31362 -0.00603 D   87 
 0.40095 -0.86045  0.04120 B   88 
 0.36403 -0.75708  0.28541 I   88 
 0.61621 -0.83121 -0.17995 B   89 
 0.79008 -1.02982 -0.15177 T   89 
 0.44589 -0.72481 -0.41747 B   90 
 0.34145 -0.89761 -0.49793 A   90 
 0.33063 -0.46957 -0.28058 B   91 
 0.09584 -0.56824 -0.17834 S   91 
 0.59890 -0.34005 -0.20967 B   92 
 0.69722 -0.42824  0.01677 V   92 
 0.72676 -0.31919 -0.48785 B   93 
 0.91392 -0.59861 -0.47877 N   93 
 0.48999 -0.15244 -0.59571 B   94 
 0.25930 -0.23938 -0.73859 X   94 
 0.49245  0.07794 -0.38987 B   95 
 0.40893 -0.00315 -0.20877 A   95 
 0.77529  0.18087 -0.45933 B   96 
 1.05263 -0.10776 -0.22126 K   96 
 0.68153  0.27766 -0.74033 B   97 
 0.73172 -0.00449 -0.99763 K   97 
 0.45340  0.46802 -0.65653 B   98 
 0.20013  0.29257 -0.62108 I   98 
 0.61807  0.66610 -0.46518 B   99 
 0.67468  0.59625 -0.25133 V   99 
 0.81970  0.72954 -0.72469 B   100 
 0.98477  0.54781 -0.63221 S   100 
 0.61452  0.88474 -0.93189 B   101 
 0.39999  0.77704 -1.07251 D   101 
 0.58403  1.20688 -0.76531 B   102 
 0.34301  1.21707 -0.52230 B   103 
 0.15542  1.31746 -0.76725 N   103 
 0.40424  1.00890 -0.34925 B   104 
 0.17655  0.92848 -0.09096 B   105 
 0.34245  0.72870  0.20291 M   105 
-0.06687  1.07479 -0.24176 B   106 
 0.05375  1.37050 -0.15590 N   106 
-0.16108  0.81418 -0.38972 B   107 
 0.00879  0.75782 -0.49792 A   107 
-0.28627  0.77674 -0.10093 B   108 
 0.00808  0.41853 -0.15821 W   108 
-0.58118  0.88566  0.00523 B   109 
-0.75399  0.89586 -0.18343 V   109 
-0.57006  0.78770  0.30230 B   110 
-0.64407  0.58645  0.29954 A   110 
-0.30379  0.91863  0.37086 B   111 
 0.07730  0.98963  0.33436 W   111 
-0.37284  1.21304  0.30232 B   112 
-0.51990  1.36825 -0.06183 R   112 
-0.65453  1.22072  0.48035 B   113 
-0.82999  1.26881  0.21165 N   113 
-0.51742  1.04155  0.75562 B   114 
-0.92715  0.75086  0.75460 R   114 
-0.18088  1.08088  0.77245 B   115 
-0.21311  0.76914  0.71444 X   115 
-0.10706  1.34332  0.68325 B   116 
 0.00784  1.52879  0.29533 K   116 
 0.02836  1.54496  0.94259 B   117 
 0.06145  1.32337  1.13955 B   118 
-0.16854  1.20720  1.10795 T   118 
 0.14296  1.09342  1.39901 B   119 
 0.28693  1.12997  1.64423 D   119 
 0.28619  0.82020  1.25315 B   120 
 0.29420  0.91201  1.02083 V   120 
 0.45595  0.69676  1.48558 B   121 
 0.75021  0.98742  1.53530 Q   121 
 0.21151  0.56467  1.63327 B   122 
 0.09331  0.72514  1.69009 A   122 
 0.21354  0.30493  1.43511 B   123 
-0.15633  0.43568  1.26301 W   123 
 0.49841  0.19211  1.59573 B   124 
 0.65734  0.25546  1.38838 I   124 
 0.42717  0.15825  1.86595 B   125 
 0.41340  0.67047  1.94229 R   125 
 0.55955 -0.11432  2.04978 B   126 
 0.75658 -0.19277  1.83452 B   127 
 0.50766 -0.20505  1.62891 X   127 
 1.00949 -0.43608  1.73536 B   128 
 1.34368 -0.44617  1.96492 R   128 
 1.29065 -0.25043  1.56647 B   129 
 1.07800 -0.19933  1.42627 L   129 
