246 
 0.58963 -0.89516 -0.79871 B   1 
 0.72509 -1.17047 -0.51219 K   1 
 0.34410 -1.15116 -0.74819 B   2 
 0.18598 -1.10834 -0.94901 V   2 
 0.15160 -1.20064 -0.49585 B   3 
 0.44721 -1.02571 -0.23140 F   3 
 0.01337 -1.37651 -0.27230 B   4 
-0.20290 -1.35587 -0.03658 B   5 
-0.61405 -1.47870  0.03733 R   5 
-0.06474 -1.52398  0.19694 B   6 
-0.28525 -1.74241  0.24203 X   6 
 0.21450 -1.40388  0.13202 B   7 
 0.44115 -1.47884 -0.17687 E   7 
 0.15427 -1.10665  0.19333 B   8 
 0.08148 -0.88301 -0.00363 L   8 
 0.04616 -1.13571  0.47777 B   9 
-0.15016 -1.22679  0.45987 A   9 
 0.30660 -1.24386  0.59593 B   10 
 0.32363 -1.45040  0.52610 A   10 
 0.48575 -1.00095  0.52491 B   11 
 0.54557 -1.02837  0.31845 A   11 
 0.31185 -0.78219  0.65856 B   12 
 0.04304 -0.65014  0.35050 M   12 
 0.33602 -0.90299  0.93655 B   13 
 0.11445 -1.21463  1.14148 K   13 
 0.63814 -0.91086  0.97839 B   14 
 0.96295 -1.04032  0.68799 R   14 
 0.63586 -0.58562  0.92361 B   15 
 0.83865 -0.64116  0.59592 H   15 
 0.38098 -0.49030  1.12715 B   16 
 0.07246 -0.43598  1.00236 B   17 
 0.16713 -0.31831  0.71523 L   17 
-0.07676 -0.57453  1.20994 B   18 
-0.22932 -0.83964  1.23802 D   18 
-0.25917 -0.33371  1.36643 B   19 
-0.36891 -0.60664  1.49717 N   19 
-0.17345 -0.08943  1.23664 B   20 
 0.21384  0.11333  1.17257 Y   20 
-0.33054  0.16904  1.36010 B   21 
-0.00151  0.50847  1.40571 R   21 
-0.58581 -0.05537  1.37971 B   22 
-0.52118 -0.23738  1.11950 B   23 
-0.68213  0.17033  0.94871 Y   23 
-0.59492 -0.50979  1.00755 B   24 
-0.79481 -0.61835  1.06373 S   24 
-0.45434 -0.71898  0.78867 B   25 
-0.22369 -0.92904  0.82375 L   25 
-0.70091 -0.73536  0.58935 B   26 
-0.68545 -0.44097  0.49573 B   27 
-0.88180 -0.31372  0.73896 N   27 
-0.40987 -0.45075  0.35844 B   28 
-0.21243 -0.18346  0.65609 W   28 
-0.47448 -0.67820  0.16147 B   29 
-0.42189 -0.91350  0.25870 V   29 
-0.71733 -0.54406  0.03293 B   30 
-0.98546 -0.52594  0.10191 X   30 
-0.57065 -0.29720 -0.07569 B   31 
-0.53866 -0.16562  0.09610 A   31 
-0.35727 -0.43800 -0.24995 B   32 
-0.20675 -0.51307 -0.11570 A   32 
-0.55932 -0.57848 -0.43286 B   33 
-0.73346 -0.85804 -0.52191 K   33 
-0.70874 -0.29648 -0.54050 B   34 
-1.05303 -0.48253 -0.41453 F   34 
-0.44247 -0.13776 -0.62026 B   35 
-0.48936  0.12036 -0.38561 E   35 
-0.23936 -0.39783 -0.75334 B   36 
-0.07455 -0.36545 -0.60870 S   36 
-0.29293 -0.70493 -0.73570 B   37 
-0.47747 -0.81691 -0.92459 N   37 
-0.01071 -0.78322 -0.59343 B   38 
-0.30199 -0.96407 -0.36272 F   38 
 0.17704 -0.57355 -0.76735 B   39 
 0.23065 -0.64031 -1.05552 N   39 
 0.48743 -0.42231 -0.73559 B   40 
 0.62211 -0.59546 -0.61718 T   40 
 0.49167 -0.29916 -1.05150 B   41 
 0.76256 -0.54372 -1.21333 Q   41 
 0.26801 -0.10777 -1.01867 B   42 
 0.08800 -0.21403 -0.98707 A   42 
 0.15672  0.16077 -1.23968 B   43 
 0.39376  0.19180 -1.29205 T   43 
-0.00864  0.49568 -1.21093 B   44 
-0.21379  0.22768 -1.20391 N   44 
-0.13736  0.75122 -1.36929 B   45 
 0.22245  1.03961 -1.58006 R   45 
-0.21740  1.07827 -1.28799 B   46 
-0.21637  0.92822 -0.98007 N   46 
-0.38267  1.36408 -1.35677 B   47 
-0.63875  1.34308 -1.38403 T   47 
-0.15302  1.53704 -1.18618 B   48 
-0.16593  1.44886 -0.93638 D   48 
 0.12256  1.36185 -1.29007 B   49 
 0.14708  1.15708 -1.11226 B   50 
 0.07390  1.20399 -0.88237 S   50 
 0.24188  0.83528 -0.94164 B   51 
 0.32710  0.77225 -1.19240 T   51 
 0.16895  0.50728 -0.87573 B   52 
-0.11776  0.61451 -0.72011 D   52 
 0.33463  0.26810 -0.64766 B   53 
 0.60452  0.54138 -0.93614 Y   53 
 0.29442 -0.05013 -0.61548 B   54 
 0.11188 -0.25164 -0.39075 B   55 
 0.21155 -0.48245 -0.28721 I   55 
 0.00613  0.05748 -0.26007 B   56 
-0.00098 -0.09170  0.02455 L   56 
 0.00239  0.30235 -0.44018 B   57 
-0.09543  0.16871 -0.74355 Q   57 
 0.23228  0.51046 -0.40786 B   58 
 0.34582  0.42880 -0.13125 I   58 
 0.26584  0.85212 -0.42935 B   59 
 0.05863  1.04424 -0.54324 N   59 
 0.47535  1.10421 -0.59519 B   60 
 0.47621  1.04869 -0.81757 S   60 
 0.37648  1.38050 -0.45364 B   61 
 0.13981  1.61843 -0.72194 R   61 
 0.45848  1.26913 -0.13940 B   62 
 0.08258  1.52315 -0.09438 W   62 
 0.64905  0.98526 -0.10412 B   63 
 0.28605  0.97907  0.14124 W   63 
 0.80557  0.97632 -0.38932 B   64 
 0.73911  0.73602 -0.46353 X   64 
 1.06896  0.96879 -0.63641 B   65 
 1.24238  1.20471 -0.68631 N   65 
 1.05170  1.00642 -1.01963 B   66 
 0.78281  1.01286 -1.03770 D   66 
 1.14476  1.28698 -1.17116 B   67 
 0.81031  1.37723 -1.27875 B   68 
 0.64649  1.00009 -1.51428 R   68 
 0.69622  1.55102 -1.00747 B   69 
 0.54494  1.35151 -0.95704 T   69 
 0.59284  1.83694 -0.95211 B   70 
 0.55845  1.86339 -1.16160 P   70 
 0.58985  1.92398 -0.62389 B   71 
 0.73058  1.71019 -0.46926 B   72 
 0.79332  1.53775 -0.62024 S   72 
 0.82576  1.53499 -0.14373 B   73 
 0.70286  1.79679  0.06611 R   73 
 0.94146  1.25932 -0.03514 B   74 
 1.14639  1.12291 -0.16687 N   74 
 0.86270  1.14162  0.26642 B   75 
 0.62371  1.35600  0.30756 L   75 
 1.00709  0.84374  0.23433 B   76 
 0.72677  0.71004  0.24110 X   76 
 1.27650  0.87407  0.10608 B   77 
 1.48817  1.01680  0.20235 N   77 
 1.22657  0.75675 -0.20961 B   78 
 1.20331  0.49796 -0.07115 I   78 
 1.24176  0.58535 -0.47600 B   79 
 1.44979  0.56541 -0.47895 P   79 
 0.97658  0.46995 -0.64397 B   80 
 0.81338  0.73681 -0.68789 X   80 
 1.12022  0.20308 -0.73904 B   81 
 1.31494  0.29078 -0.84791 S   81 
 1.13665  0.07080 -0.45495 B   82 
 1.27004  0.19217 -0.34635 A   82 
 0.81395  0.01297 -0.47309 B   83 
 0.71926  0.28089 -0.31065 L   83 
 0.88153 -0.24244 -0.69583 B   84 
 0.77884 -0.01238 -0.90744 L   84 
 0.99489 -0.44485 -0.53679 B   85 
 1.23267 -0.45105 -0.43394 S   85 
 0.99438 -0.76516 -0.39805 B   86 
 1.14927 -0.90000 -0.52127 S   86 
 1.07215 -0.59184 -0.15770 B   87 
 1.28091 -0.61496  0.04564 D   87 
 0.83379 -0.44984  0.07258 B   88 
 0.62837 -0.62150  0.07767 I   88 
 0.97526 -0.26962  0.28140 B   89 
 1.18577 -0.40187  0.37450 T   89 
 0.93479  0.01230  0.15637 B   90 
 1.08139  0.02819 -0.00331 A   90 
 0.62349  0.01111  0.14025 B   91 
 0.58599 -0.08807 -0.11288 S   91 
 0.57021 -0.03750  0.43786 B   92 
 0.57702 -0.29164  0.50178 V   92 
 0.71547  0.20304  0.56119 B   93 
 1.00647  0.05270  0.63800 N   93 
 0.54625  0.40278  0.39695 B   94 
 0.60733  0.52833  0.14857 X   94 
 0.26365  0.31247  0.48315 B   95 
 0.22568  0.12804  0.37881 A   95 
 0.29873  0.37706  0.78317 B   96 
 0.52647  0.00407  0.94415 K   96 
 0.31002  0.68317  0.72583 B   97 
 0.67555  0.79085  0.66999 K   97 
 0.04001  0.71905  0.58052 B   98 
 0.09021  0.65087  0.28217 I   98 
-0.15686  0.60526  0.80693 B   99 
-0.17340  0.37599  0.83812 V   99 
-0.03175  0.83607  1.01455 B   100 
 0.13367  0.65422  1.10620 S   100 
-0.13767  1.11585  0.87449 B   101 
-0.05493  1.22848  0.63394 D   101 
-0.49080  1.10349  0.96166 B   102 
-0.68323  0.92358  0.74292 B   103 
-0.72096  1.21216  0.59951 N   103 
-0.56430  0.67318  0.72914 B   104 
-0.68302  0.44019  0.49115 B   105 
-0.59020  0.06964  0.57988 M   105 
-0.81846  0.67105  0.31293 B   106 
-1.06542  0.69876  0.53112 N   106 
-0.56532  0.70990  0.13099 B   107 
-0.41597  0.75966  0.26867 A   107 
-0.70043  0.45260  0.00446 B   108 
-0.27973  0.31405  0.15294 W   108 
-0.93334  0.44425 -0.23174 B   109 
-0.91517  0.64283 -0.39234 V   109 
-0.97730  0.13501 -0.25193 B   110 
-0.83096  0.06492 -0.39213 A   110 
-1.03139  0.08940  0.04428 B   111 
-0.95221  0.09711  0.42543 W   111 
-1.27092  0.28254  0.08248 B   112 
-1.28954  0.69519 -0.00524 R   112 
-1.44596  0.16585 -0.17606 B   113 
-1.42549  0.45245 -0.32685 N   113 
-1.37159 -0.17534 -0.10726 B   114 
-1.25911 -0.23598 -0.59310 R   114 
-1.30350 -0.22231  0.22176 B   115 
-1.02676 -0.29433  0.08099 X   115 
-1.46110 -0.04421  0.38213 B   116 
-1.41031  0.36489  0.54988 K   116 
-1.70010 -0.21349  0.58331 B   117 
-1.58942 -0.48692  0.53881 B   118 
-1.55220 -0.47362  0.28224 T   118 
-1.48343 -0.82692  0.53748 B   119 
-1.57486 -1.05294  0.68832 D   119 
-1.14409 -0.82909  0.57332 B   120 
-1.11709 -0.58335  0.61010 V   120 
-1.08727 -1.11338  0.69175 B   121 
-1.25823 -1.08006  1.07018 Q   121 
-1.11968 -1.26586  0.41842 B   122 
-1.31736 -1.23377  0.36509 A   122 
-0.81432 -1.19524  0.32619 B   123 
-0.96814 -0.93358  0.02387 W   123 
-0.69795 -1.42702  0.55513 B   124 
-0.60931 -1.23706  0.72344 I   124 
-0.81056 -1.67386  0.48010 B   125 
-1.27848 -1.52892  0.64870 R   125 
-0.61932 -1.97071  0.51037 B   126 
-0.39587 -1.83768  0.66427 B   127 
-0.37595 -1.62227  0.42430 X   127 
-0.06671 -1.88516  0.81391 B   128 
-0.05082 -2.14354  1.12610 R   128 
-0.05818 -1.69674  1.14019 B   129 
-0.10837 -1.51915  0.95735 L   129 
