246 
 0.42962  0.72212  1.03966 B   1 
 0.07853  0.73515  1.26944 K   1 
 0.42491  0.45015  1.27286 B   2 
 0.66992  0.36716  1.25700 V   2 
 0.24374  0.18491  1.27153 B   3 
-0.07402  0.39856  1.06832 F   3 
 0.05397 -0.03193  1.40184 B   4 
-0.09397 -0.30790  1.33314 B   5 
-0.04817 -0.73125  1.42407 R   5 
-0.38103 -0.26574  1.46618 B   6 
-0.38335 -0.50883  1.66435 X   6 
-0.39312  0.02982  1.37072 B   7 
-0.18780  0.33327  1.50550 E   7 
-0.38864 -0.01830  1.06512 B   8 
-0.14894 -0.00479  0.87416 L   8 
-0.62414 -0.21181  1.04202 B   9 
-0.55713 -0.40045  1.12618 A   9 
-0.83409 -0.01247  1.14038 B   10 
-0.80372  0.00596  1.35616 A   10 
-0.79068  0.20188  0.92057 B   11 
-0.62067  0.32014  0.98432 A   11 
-0.82847  0.01638  0.67538 B   12 
-0.43471 -0.12951  0.58450 M   12 
-1.11366 -0.05866  0.74950 B   13 
-1.27853 -0.36127  1.01304 K   13 
-1.25130  0.21328  0.76348 B   14 
-1.10270  0.59867  0.95316 R   14 
-1.15286  0.25873  0.45197 B   15 
-0.91948  0.54730  0.56969 H   15 
-1.24759 -0.03670  0.31333 B   16 
-1.02363 -0.28449  0.26702 B   17 
-0.76864 -0.09453  0.20267 L   17 
-1.18957 -0.50325  0.36273 B   18 
-1.20455 -0.68117  0.61266 D   18 
-1.24286 -0.70183  0.09165 B   19 
-1.36881 -0.87196  0.33418 N   19 
-1.11415 -0.55741 -0.12385 B   20 
-1.15005 -0.15217 -0.29619 Y   20 
-1.14215 -0.72011 -0.40576 B   21 
-1.24240 -0.39127 -0.73343 R   21 
-1.11027 -0.98869 -0.19899 B   22 
-0.91358 -0.86367  0.02616 B   23 
-0.64367 -0.92440 -0.35431 Y   23 
-0.82395 -0.92416  0.30986 B   24 
-0.82761 -1.14088  0.39884 S   24 
-0.69429 -0.74274  0.55827 B   25 
-0.83144 -0.55529  0.76947 L   25 
-0.43065 -0.91539  0.59664 B   26 
-0.30598 -0.84396  0.32272 B   27 
-0.45215 -1.09340  0.14860 N   27 
-0.26771 -0.54154  0.36704 B   28 
-0.57172 -0.42237  0.06307 W   28 
-0.09503 -0.56270  0.62089 B   29 
-0.23656 -0.56534  0.83894 V   29 
 0.12267 -0.73972  0.49941 B   30 
 0.14712 -1.01304  0.45850 X   30 
 0.21230 -0.54400  0.28052 B   31 
 0.06001 -0.55487  0.12387 A   31 
 0.28650 -0.30120  0.45733 B   32 
 0.10164 -0.20770  0.51566 A   32 
 0.50274 -0.44853  0.61720 B   33 
 0.60227 -0.61175  0.89979 K   33 
 0.69188 -0.52982  0.35064 B   34 
 0.65839 -0.91209  0.49816 F   34 
 0.70337 -0.23827  0.21902 B   35 
 0.53575 -0.33141 -0.07613 E   35 
 0.72532 -0.02921  0.50610 B   36 
 0.54148  0.08465  0.45745 S   36 
 0.68223 -0.11422  0.80343 B   37 
 0.90248 -0.24044  0.93696 N   37 
 0.44697  0.10101  0.86932 B   38 
 0.29911 -0.26325  0.99671 F   38 
 0.57916  0.35240  0.69966 B   39 
 0.82202  0.48655  0.81540 N   39 
 0.47100  0.65025  0.55889 B   40 
 0.29207  0.72448  0.71578 T   40 
 0.78285  0.76418  0.48996 B   41 
 0.81208  1.04774  0.76945 Q   41 
 0.85153  0.56045  0.28623 B   42 
 0.86480  0.37040  0.37788 A   42 
 1.13256  0.54923  0.05334 B   43 
 1.10962  0.79261  0.04172 T   43 
 1.20677  0.41539 -0.28859 B   44 
 1.22804  0.19402 -0.03462 N   44 
 1.43294  0.36698 -0.51979 B   45 
 1.55540  0.79995 -0.75344 R   45 
 1.42934  0.29671 -0.85894 B   46 
 1.11943  0.18772 -0.76196 N   46 
 1.58778  0.18869 -1.13637 B   47 
 1.69281 -0.04696 -1.12231 T   47 
 1.37883  0.36901 -1.32499 B   48 
 1.13663  0.27075 -1.27997 D   48 
 1.36222  0.64549 -1.12322 B   49 
 1.15868  0.59408 -0.94980 B   50 
 0.97383  0.45772 -1.03720 S   50 
 0.92251  0.60037 -0.65681 B   51 
 1.12072  0.75310 -0.54955 T   51 
 0.83751  0.48006 -0.34770 B   52 
 0.79959  0.17056 -0.49155 D   52 
 0.53653  0.54327 -0.14254 B   53 
 0.75854  0.91397 -0.35237 Y   53 
 0.47395  0.46531  0.16393 B   54 
 0.29368  0.20379  0.31740 B   55 
 0.13172  0.24413  0.53203 I   55 
 0.24961  0.09216 -0.01338 B   56 
-0.03575 -0.01719  0.08625 L   56 
 0.45433  0.16771 -0.22503 B   57 
 0.75067  0.15708 -0.04747 Q   57 
 0.37971  0.39460 -0.42542 B   58 
 0.07260  0.40817 -0.38575 I   58 
 0.43779  0.46512 -0.75705 B   59 
 0.63858  0.32269 -0.93652 N   59 
 0.56146  0.73857 -0.96890 B   60 
 0.76136  0.80339 -0.87740 S   60 
 0.50031  0.62697 -1.26882 B   61 
 0.86163  0.50905 -1.46919 R   61 
 0.16390  0.59622 -1.20747 B   62 
 0.27919  0.25061 -1.48154 W   62 
 0.02895  0.73877 -0.92532 B   63 
-0.08457  0.31853 -0.97557 W   63 
 0.24412  0.97473 -0.86256 B   64 
 0.30068  0.91241 -0.61642 X   64 
 0.38939  1.30002 -0.80284 B   65 
 0.41389  1.50172 -1.01950 N   65 
 0.75896  1.40654 -0.77732 B   66 
 0.86345  1.15849 -0.79237 D   66 
 0.91083  1.56808 -1.02466 B   67 
 1.13219  1.29378 -1.11034 B   68 
 1.35154  1.17675 -0.70694 R   68 
 0.93990  1.11777 -1.33138 B   69 
 0.91297  0.94026 -1.14972 T   69 
 0.96223  1.02964 -1.62674 B   70 
 1.17313  1.06483 -1.61966 P   70 
 0.66847  0.93281 -1.76688 B   71 
 0.44788  0.99767 -1.57568 B   72 
 0.54433  1.08780 -1.37809 S   72 
 0.08756  0.96987 -1.45273 B   73 
-0.03183  0.81292 -1.75071 R   73 
-0.09071  1.01957 -1.19403 B   74 
-0.05296  1.24155 -1.02894 N   74 
-0.36434  0.84015 -1.13134 B   75 
-0.29521  0.62149 -1.35976 L   75 
-0.42338  0.95869 -0.82626 B   76 
-0.35846  0.67894 -0.70784 X   76 
-0.38585  1.25623 -0.82323 B   77 
-0.52377  1.43984 -0.97056 N   77 
-0.09107  1.29628 -0.65762 B   78 
-0.25010  1.20685 -0.42654 I   78 
 0.12885  1.37746 -0.44404 B   79 
 0.06172  1.57322 -0.41487 P   79 
 0.35502  1.16814 -0.31412 B   80 
 0.48682  1.05256 -0.57688 X   80 
 0.35959  1.30849 -0.02921 B   81 
 0.41124  1.53477 -0.08915 S   81 
 0.06956  1.22316  0.05488 B   82 
-0.05773  1.32690 -0.07686 A   82 
 0.18227  0.91821  0.10082 B   83 
 0.09903  0.80327 -0.19412 L   83 
 0.33247  1.02746  0.39223 B   84 
 0.59644  1.01785  0.19607 L   84 
 0.11820  1.06613  0.57031 B   85 
-0.05556  1.25838  0.56975 S   85 
-0.05720  0.99235  0.86294 B   86 
-0.01106  1.16451  1.02290 S   86 
-0.28245  1.00736  0.65583 B   87 
-0.54330  1.13930  0.65407 D   87 
-0.40085  0.72360  0.46749 B   88 
-0.36393  0.51164  0.62684 I   88 
-0.61613  0.80931  0.26155 B   89 
-0.78998  0.96697  0.38562 T   89 
-0.44583  0.83646  0.00268 B   90 
-0.34138  1.02630  0.01980 A   90 
-0.33060  0.54699 -0.00701 B   91 
-0.09578  0.58101  0.13092 S   91 
-0.59888  0.39938 -0.01064 B   92 
-0.69717  0.36204  0.22949 V   92 
-0.72675  0.52096 -0.26170 B   93 
-0.91388  0.75810 -0.11362 N   93 
-0.49001  0.43083 -0.43872 B   94 
-0.25932  0.57772 -0.51870 X   94 
-0.49249  0.12827 -0.37628 B   95 
-0.40894  0.10752 -0.17896 A   95 
-0.77534  0.07411 -0.48798 B   96 
-1.05263  0.20431 -0.13719 K   96 
-0.68161  0.13140 -0.77962 B   97 
-0.73178  0.50458 -0.86058 K   97 
-0.45349 -0.07532 -0.80269 B   98 
-0.20020  0.05863 -0.68402 I   98 
-0.61817 -0.34267 -0.73657 B   99 
-0.67476 -0.38956 -0.51654 V   99 
-0.81983 -0.26730 -0.99285 B   100 
-0.98487 -0.15650 -0.82164 S   100 
-0.61468 -0.29757 -1.24998 B   101 
-0.40015 -0.13386 -1.31759 D   101 
-0.58421 -0.65981 -1.26756 B   102 
-0.34318 -0.79059 -1.06251 B   103 
-0.15561 -0.75451 -1.32478 N   103 
-0.40437 -0.69737 -0.80834 B   104 
-0.17666 -0.75744 -0.54460 B   105 
-0.34252 -0.73210 -0.19014 M   105 
 0.06673 -0.80833 -0.74849 B   106 
-0.05392 -1.10719 -0.82261 N   106 
 0.16097 -0.50866 -0.74570 B   107 
-0.00891 -0.40561 -0.81098 A   107 
 0.28618 -0.62122 -0.47713 B   108 
-0.00813 -0.28262 -0.34688 W   108 
 0.58108 -0.76872 -0.43999 B   109 
 0.75387 -0.68289 -0.60832 V   109 
 0.56999 -0.83307 -0.13388 B   110 
 0.64403 -0.65762 -0.03528 A   110 
 0.30371 -0.98071 -0.14026 B   111 
-0.07739 -1.02378 -0.20742 W   111 
 0.37273 -1.20097 -0.34729 B   112 
 0.51974 -1.15249 -0.74018 R   112 
 0.65443 -1.29698 -0.19719 B   113 
 0.82986 -1.20374 -0.45376 N   113 
 0.51735 -1.28013  0.13084 B   114 
 0.92711 -1.02821  0.27579 R   114 
 0.18080 -1.32258  0.12569 B   115 
 0.21307 -1.02382  0.23196 X   115 
 0.10695 -1.50480 -0.08316 B   116 
-0.00799 -1.47055 -0.51175 K   116 
-0.02847 -1.80935  0.03999 B   117 
-0.06153 -1.71653  0.32156 B   118 
 0.16847 -1.60021  0.35249 T   118 
-0.14300 -1.64784  0.66139 B   119 
-0.28695 -1.80249  0.85517 D   119 
-0.28620 -1.33830  0.67236 B   120 
-0.29424 -1.30113  0.42533 V   120 
-0.45593 -1.34816  0.93536 B   121 
-0.75022 -1.62450  0.83254 Q   121 
-0.21147 -1.30804  1.12937 B   122 
-0.09328 -1.47536  1.09797 A   122 
-0.21348 -0.98393  1.08832 B   123 
 0.15637 -1.01068  0.87379 W   123 
-0.49833 -0.96693  1.28390 B   124 
-0.65728 -0.91766  1.07277 I   124 
-0.42706 -1.07326  1.53461 B   125 
-0.41335 -1.55461  1.34359 R   125 
-0.55940 -0.92974  1.83041 B   126 
-0.75644 -0.75384  1.68361 B   127 
-0.50754 -0.64006  1.51191 X   127 
-1.00934 -0.49361  1.71998 B   128 
-1.34350 -0.60006  1.92363 R   128 
-1.29053 -0.56942  1.48076 B   129 
-1.07789 -0.54328  1.33382 L   129 
