246 
 1.04435 -0.50969  0.66065 B   1 
 1.05126 -0.25465  0.99404 K   1 
 0.84974 -0.64974  0.92690 B   2 
 0.81417 -0.89142  0.84032 V   2 
 0.56432 -0.55597  1.04059 B   3 
 0.65011 -0.14617  0.92824 F   3 
 0.35845 -0.48088  1.26860 B   4 
 0.05113 -0.40006  1.31081 B   5 
-0.31503 -0.58454  1.45742 R   5 
 0.07171 -0.16642  1.52730 B   6 
-0.10465 -0.29023  1.75521 X   6 
 0.32252 -0.04616  1.38859 B   7 
 0.68462 -0.19185  1.38107 E   7 
 0.19552  0.02885  1.11660 B   8 
 0.20274 -0.12890  0.85360 L   8 
-0.03850  0.19835  1.21631 B   9 
-0.18093  0.06040  1.30486 A   9 
 0.13583  0.41476  1.34381 B   10 
 0.21728  0.32694  1.52679 A   10 
 0.28711  0.49973  1.08684 B   11 
 0.44854  0.35733  1.06195 A   11 
 0.03867  0.55775  0.91115 B   12 
-0.04793  0.18566  0.71458 M   12 
-0.06687  0.77556  1.09519 B   13 
-0.31294  0.76438  1.45231 K   13 
 0.16708  0.97112  1.10596 B   14 
 0.61044  0.88298  1.15350 R   14 
 0.14482  0.98751  0.77729 B   15 
 0.49366  0.81726  0.74693 H   15 
-0.18954  1.03550  0.74016 B   16 
-0.39286  0.77739  0.66436 B   17 
-0.18204  0.61549  0.47838 L   17 
-0.60531  0.84063  0.85257 B   18 
-0.70863  0.73050  1.12004 D   18 
-0.87605  0.91705  0.66122 B   19 
-0.99532  0.91269  0.96019 N   19 
-0.77322  0.90375  0.39083 B   20 
-0.44422  1.09881  0.16964 Y   20 
-1.00818  0.97010  0.17376 B   21 
-0.80553  1.25003 -0.15201 R   21 
-1.19970  0.80552  0.40209 B   22 
-0.98324  0.59189  0.51397 B   23 
-1.09139  0.44350  0.08085 Y   23 
-0.94656  0.40794  0.75271 B   24 
-1.12775  0.32548  0.87627 S   24 
-0.68347  0.26390  0.89921 B   25 
-0.47593  0.37653  1.10610 L   25 
-0.78543 -0.03556  0.87247 B   26 
-0.76800 -0.04741  0.56388 B   27 
-1.07841  0.07080  0.50405 N   27 
-0.46335 -0.01346  0.53365 B   28 
-0.49126  0.38846  0.34206 W   28 
-0.38167 -0.25357  0.70795 B   29 
-0.35250 -0.19075  0.95851 V   29 
-0.53971 -0.46403  0.55231 B   30 
-0.80396 -0.54840  0.55770 X   30 
-0.39688 -0.42664  0.28313 B   31 
-0.47863 -0.24319  0.19646 A   31 
-0.10583 -0.48171  0.37244 B   32 
-0.03735 -0.30495  0.47433 A   32 
-0.16021 -0.76761  0.46900 B   33 
-0.21888 -0.98822  0.72256 K   33 
-0.27254 -0.88215  0.17285 B   34 
-0.59987 -1.00007  0.39186 F   34 
-0.03074 -0.77362 -0.00662 B   35 
-0.23043 -0.55676 -0.19893 E   35 
 0.24819 -0.82338  0.20860 B   36 
 0.30722 -0.60974  0.20846 S   36 
 0.23994 -0.89683  0.51196 B   37 
 0.19912 -1.17272  0.57902 N   37 
 0.41565 -0.64317  0.61585 B   38 
 0.07792 -0.64561  0.85400 F   38 
 0.63245 -0.64437  0.36595 B   39 
 0.83687 -0.86470  0.35952 N   39 
 0.85476 -0.42203  0.21976 B   40 
 0.93279 -0.28566  0.41329 T   40 
 1.00352 -0.65519  0.02358 B   41 
 1.35211 -0.68906  0.21520 Q   41 
 0.76949 -0.71194 -0.14888 B   42 
 0.61743 -0.80342 -0.03397 A   42 
 0.75001 -0.90153 -0.46036 B   43 
 0.97213 -0.81083 -0.50868 T   43 
 0.54570 -0.90261 -0.77436 B   44 
 0.40943 -1.05890 -0.50797 N   44 
 0.48105 -1.05271 -1.05762 B   45 
 0.85006 -0.97631 -1.39681 R   45 
 0.32255 -0.96623 -1.35322 B   46 
 0.18640 -0.74196 -1.13300 N   46 
 0.17618 -1.05671 -1.64325 B   47 
-0.02222 -1.22106 -1.62355 T   47 
 0.25533 -0.75982 -1.77494 B   48 
 0.12828 -0.57882 -1.62852 D   48 
 0.56747 -0.73027 -1.63665 B   49 
 0.52669 -0.61059 -1.39548 B   50 
 0.33896 -0.45242 -1.38349 S   50 
 0.56634 -0.48146 -1.04419 B   51 
 0.77744 -0.65337 -1.04588 T   51 
 0.51991 -0.52977 -0.70839 B   52 
 0.18178 -0.53594 -0.76797 D   52 
 0.57714 -0.29944 -0.42494 B   53 
 0.91293 -0.33813 -0.76624 Y   53 
 0.57426 -0.35591 -0.10757 B   54 
 0.33430 -0.30865  0.14664 B   55 
 0.39919 -0.21442  0.39329 I   55 
 0.13126 -0.19897 -0.11900 B   56 
 0.00019  0.00197  0.09492 L   56 
 0.18473 -0.30163 -0.40009 B   57 
 0.27949 -0.62887 -0.34182 Q   57 
 0.33043 -0.11126 -0.59942 B   58 
 0.29500  0.16109 -0.45574 I   58 
 0.31865 -0.04510 -0.93678 B   59 
 0.17437 -0.21319 -1.14592 N   59 
 0.54325 -0.01980 -1.22637 B   60 
 0.66747 -0.21242 -1.22650 S   60 
 0.34529  0.09619 -1.45768 B   61 
 0.24930 -0.20562 -1.74804 R   61 
 0.26826  0.37671 -1.27532 B   62 
-0.10968  0.26000 -1.50203 W   62 
 0.45300  0.45370 -0.99588 B   63 
 0.02112  0.45824 -0.92191 W   63 
 0.73388  0.30236 -1.06005 B   64 
 0.75233  0.15948 -0.84346 X   64 
 1.08482  0.24012 -1.11882 B   65 
 1.22138  0.33797 -1.36377 N   65 
 1.26314 -0.07629 -1.24790 B   66 
 1.04508 -0.23472 -1.25229 D   66 
 1.37798 -0.09650 -1.55893 B   67 
 1.13852 -0.34756 -1.66479 B   68 
 1.17903 -0.70153 -1.35238 R   68 
 0.87589 -0.15306 -1.76487 B   69 
 0.75225 -0.23156 -1.55563 T   69 
 0.71733 -0.10835 -2.02633 B   70 
 0.79292 -0.29363 -2.10201 P   70 
 0.53177  0.17600 -2.03103 B   71 
 0.60222  0.33753 -1.78945 B   72 
 0.75909  0.21432 -1.66030 S   72 
 0.54001  0.62213 -1.54275 B   73 
 0.28861  0.77840 -1.74288 R   73 
 0.62249  0.72051 -1.25173 B   74 
 0.88374  0.69662 -1.15616 N   74 
 0.41759  0.90280 -1.06258 B   75 
 0.16290  0.84904 -1.25496 L   75 
 0.60043  0.89698 -0.78482 B   76 
 0.38086  0.72582 -0.64701 X   76 
 0.88921  0.94274 -0.85163 B   77 
 0.99623  1.16318 -0.97160 N   77 
 1.02825  0.63433 -0.81329 B   78 
 0.97569  0.68560 -0.52816 I   78 
 1.20469  0.39104 -0.71204 B   79 
 1.38440  0.49684 -0.69825 P   79 
 1.08563  0.08822 -0.63472 B   80 
 0.93098  0.01560 -0.90039 X   80 
 1.29582  0.03629 -0.40230 B   81 
 1.50307  0.06874 -0.51830 S   81 
 1.18232  0.25272 -0.20547 B   82 
 1.22023  0.43700 -0.29992 A   82 
 0.92860  0.05289 -0.14628 B   83 
 0.72459  0.18665 -0.36450 L   83 
 1.13914 -0.14253  0.04581 B   84 
 1.12781 -0.32718 -0.22627 L   84 
 1.18255  0.01006  0.27807 B   85 
 1.33046  0.22132  0.30351 S   85 
 1.15822  0.06199  0.62239 B   86 
 1.37269  0.01842  0.71967 S   86 
 1.07328  0.33437  0.51082 B   87 
 1.14723  0.60916  0.57772 D   87 
 0.73199  0.42216  0.43452 B   88 
 0.58206  0.28267  0.60700 I   88 
 0.71598  0.70432  0.30711 B   89 
 0.86485  0.86865  0.45307 T   89 
 0.70444  0.63419  0.00430 B   90 
 0.90823  0.58523 -0.05327 A   90 
 0.45079  0.45304  0.00878 B   91 
 0.56518  0.20613  0.04441 S   91 
 0.25905  0.65912  0.12936 B   92 
 0.26974  0.66634  0.39119 V   92 
 0.28148  0.88478 -0.07737 B   93 
 0.50929  1.07563  0.08032 N   93 
 0.19412  0.69733 -0.30701 B   94 
 0.35541  0.55063 -0.49045 X   94 
-0.07501  0.59842 -0.19194 B   95 
-0.02532  0.45692 -0.03750 A   95 
-0.21053  0.87584 -0.18260 B   96 
-0.04626  1.05883  0.21291 K   96 
-0.21717  0.89376 -0.49365 B   97 
 0.10348  1.06557 -0.62012 K   97 
-0.37468  0.63602 -0.55743 B   98 
-0.16765  0.40523 -0.56487 I   98 
-0.64071  0.69381 -0.38756 B   99 
-0.63646  0.66638 -0.15725 V   99 
-0.67744  0.97589 -0.56394 B   100 
-0.55838  1.10521 -0.36918 S   100 
-0.73601  0.85776 -0.86681 B   101 
-0.55860  0.72667 -1.03633 D   101 
-1.07671  0.73665 -0.82546 B   102 
-1.09853  0.41897 -0.69958 B   103 
-1.09925  0.33651 -1.01338 N   103 
-0.95374  0.42358 -0.46284 B   104 
-0.89556  0.11960 -0.29187 B   105 
-0.80785  0.17113  0.08688 M   105 
-0.95188 -0.05515 -0.55586 B   106 
-1.27704 -0.00387 -0.52406 N   106 
-0.65027 -0.06055 -0.64357 B   107 
-0.60325  0.14241 -0.66189 A   107 
-0.65999 -0.28661 -0.42159 B   108 
-0.36183  0.03517 -0.26097 W   108 
-0.73255 -0.60742 -0.46540 B   109 
-0.66381 -0.69118 -0.69738 V   109 
-0.71281 -0.70714 -0.16936 B   110 
-0.50644 -0.75679 -0.13881 A   110 
-0.90495 -0.50207 -0.05200 B   111 
-1.03684 -0.14530  0.03117 W   111 
-1.15540 -0.56262 -0.22448 B   112 
-1.18744 -0.56525 -0.64554 R   112 
-1.15142 -0.89143 -0.16998 B   113 
-1.09900 -0.94897 -0.48500 N   113 
-1.07333 -0.86055  0.17589 B   114 
-0.71787 -1.21014  0.11420 R   114 
-1.17936 -0.56301  0.29970 B   115 
-0.86260 -0.54326  0.32896 X   115 
-1.42183 -0.48212  0.16954 B   116 
-1.52721 -0.23848 -0.18769 K   116 
-1.70197 -0.47839  0.38809 B   117 
-1.54476 -0.50786  0.63989 B   118 
-1.38250 -0.69571  0.56388 T   118 
-1.40388 -0.51724  0.96686 B   119 
-1.52516 -0.48624  1.22478 D   119 
-1.13633 -0.30547  0.96977 B   120 
-1.16945 -0.21350  0.73975 V   120 
-1.10725 -0.23239  1.27291 B   121 
-1.45223 -0.00767  1.33639 Q   121 
-0.97013 -0.50338  1.35522 B   122 
-1.11380 -0.64744  1.31575 A   122 
-0.67576 -0.40096  1.25725 B   123 
-0.68791 -0.68148  0.93371 W   123 
-0.66163 -0.19505  1.53489 B   124 
-0.70261  0.02728  1.38944 I   124 
-0.68064 -0.36473  1.75869 B   125 
-1.18374 -0.45062  1.66991 R   125 
-0.49080 -0.29399  2.04950 B   126 
-0.40224 -0.02179  1.95263 B   127 
-0.29344 -0.16647  1.68502 X   127 
-0.19543  0.26913  2.02734 B   128 
-0.30505  0.48408  2.35330 R   128 
-0.38547  0.57761  1.92357 B   129 
-0.35963  0.43475  1.70814 L   129 
