246 
-0.85389  0.78112  0.66905 B   1 
-1.16768  0.50934  0.73157 K   1 
-0.81165  0.61445  0.98339 B   2 
-0.62694  0.76012  1.09216 V   2 
-0.72712  0.31013  1.04188 B   3 
-0.90809  0.18427  0.66862 F   3 
-0.75377  0.02850  1.18326 B   4 
-0.60726 -0.25596  1.20275 B   5 
-0.35963 -0.47388  1.48699 R   5 
-0.85307 -0.45940  1.19445 B   6 
-0.80850 -0.60690  1.46763 X   6 
-0.99782 -0.29149  0.97658 B   7 
-1.17167  0.05555  1.01833 E   7 
-0.78943 -0.31788  0.74941 B   8 
-0.57036 -0.11895  0.66850 L   8 
-0.76629 -0.62249  0.73861 B   9 
-0.65781 -0.68222  0.91700 A   9 
-1.05689 -0.66986  0.65619 B   10 
-1.17726 -0.63380  0.83518 A   10 
-1.04994 -0.50692  0.39248 B   11 
-1.07953 -0.29975  0.44873 A   11 
-0.80715 -0.64954  0.26338 B   12 
-0.46474 -0.42318  0.39028 M   12 
-0.94169 -0.92222  0.26107 B   13 
-0.97608 -1.23513  0.55957 K   13 
-1.19574 -0.86843  0.10088 B   14 
-1.48266 -0.51718  0.13074 R   14 
-0.99864 -0.76348 -0.14187 B   15 
-1.13909 -0.40304 -0.09771 H   15 
-0.77306 -1.01740 -0.15265 B   16 
-0.47356 -0.98782 -0.00055 B   17 
-0.43474 -0.67007 -0.05320 L   17 
-0.46738 -1.25169  0.12147 B   18 
-0.50129 -1.36990  0.40294 D   18 
-0.20891 -1.41465 -0.02817 B   19 
-0.29865 -1.61683  0.20570 N   19 
-0.11643 -1.22565 -0.22715 B   20 
-0.30077 -1.01100 -0.56650 Y   20 
 0.13728 -1.34686 -0.39348 B   21 
 0.05984 -1.23009 -0.84727 R   21 
 0.21055 -1.48237 -0.08987 B   22 
 0.09748 -1.24930  0.10483 B   23 
 0.48840 -1.07155 -0.08724 Y   23 
 0.01926 -1.21318  0.39595 B   24 
 0.10834 -1.34625  0.56700 S   24 
-0.17719 -0.99963  0.56097 B   25 
-0.48848 -0.99566  0.60148 L   25 
 0.04439 -0.89287  0.76170 B   26 
 0.21600 -0.75122  0.54685 B   27 
 0.40631 -1.01865  0.46830 N   27 
 0.01181 -0.53851  0.45774 B   28 
-0.04295 -0.71058  0.04979 W   28 
-0.03395 -0.41250  0.73475 B   29 
-0.22697 -0.52640  0.86647 V   29 
 0.25912 -0.34558  0.79062 B   30 
 0.47341 -0.49069  0.89064 X   30 
 0.30063 -0.15693  0.55199 B   31 
 0.32185 -0.28561  0.37638 A   31 
 0.07748  0.04904  0.61119 B   32 
-0.10858 -0.04213  0.55300 A   32 
 0.18956  0.13358  0.88378 B   33 
 0.18408  0.11577  1.22446 K   33 
 0.48881  0.23484  0.76699 B   34 
 0.63793 -0.02149  1.05172 F   34 
 0.37904  0.41904  0.52935 B   35 
 0.52566  0.22815  0.27255 E   35 
 0.08904  0.56334  0.67661 B   36 
-0.04868  0.48488  0.52167 S   36 
-0.04668  0.47874  0.94478 B   37 
 0.06865  0.57911  1.18747 N   37 
-0.34165  0.42061  0.81979 B   38 
-0.24944  0.08372  1.04066 F   38 
-0.34363  0.67692  0.61061 B   39 
-0.37724  0.95198  0.72714 N   39 
-0.51155  0.76933  0.32166 B   40 
-0.73842  0.67163  0.35520 T   40 
-0.39221  1.08672  0.31953 B   41 
-0.72299  1.28165  0.42892 Q   41 
-0.10846  1.01829  0.26920 B   42 
-0.02997  0.91480  0.43601 A   42 
 0.17121  1.23520  0.17934 B   43 
 0.00729  1.36332  0.05046 T   43 
 0.49099  1.21278 -0.01451 B   44 
 0.50113  1.09738  0.30257 N   44 
 0.76684  1.36351 -0.10470 B   45 
 0.67786  1.72112 -0.45291 R   45 
 1.00491  1.31723 -0.35200 B   46 
 0.86726  1.00446 -0.32845 N   46 
 1.31264  1.37783 -0.47596 B   47 
 1.51076  1.31994 -0.32054 T   47 
 1.19903  1.31886 -0.78478 B   48 
 1.11760  1.06646 -0.78563 D   48 
 0.89460  1.47266 -0.75158 B   49 
 0.72827  1.27975 -0.65533 B   50 
 0.77588  1.04977 -0.72776 S   50 
 0.43970  1.09589 -0.49857 B   51 
 0.37665  1.34645 -0.41277 T   51 
 0.29958  0.95662 -0.21889 B   52 
 0.56548  0.73959 -0.20808 D   52 
-0.00812  0.75497 -0.18242 B   53 
-0.02069  1.15468 -0.44853 Y   53 
-0.16334  0.65908  0.08335 B   54 
-0.16929  0.35824  0.26746 B   55 
-0.39860  0.25387  0.36970 I   55 
 0.07100  0.25476  0.03214 B   56 
-0.05577 -0.03861  0.06642 L   56 
 0.24397  0.46302 -0.10614 B   57 
 0.29620  0.69388  0.14573 Q   57 
 0.17316  0.53933 -0.40002 B   58 
-0.01051  0.30236 -0.47869 I   58 
 0.34538  0.62706 -0.68457 B   59 
 0.64059  0.70110 -0.69792 N   59 
 0.34888  0.88970 -0.94139 B   60 
 0.35318  1.08865 -0.82767 S   60 
 0.56304  0.77271 -1.15725 B   61 
 0.93369  0.98963 -1.14408 R   61 
 0.38146  0.48574 -1.20783 B   62 
 0.82131  0.36891 -1.23494 W   62 
 0.06007  0.46469 -1.08779 B   63 
 0.30746  0.12095 -0.97529 W   63 
-0.02357  0.77875 -1.07084 B   64 
-0.09550  0.78721 -0.82100 X   64 
-0.19853  1.09074 -1.12122 B   65 
-0.19447  1.23097 -1.38301 N   65 
-0.09975  1.45006 -1.02273 B   66 
 0.12286  1.38418 -0.88570 D   66 
 0.01120  1.66776 -1.24775 B   67 
 0.34924  1.67917 -1.11669 B   68 
 0.30383  1.78524 -0.65709 R   68 
 0.49549  1.41894 -1.28315 B   69 
 0.49442  1.29121 -1.06198 T   69 
 0.73305  1.38276 -1.47747 B   70 
 0.81045  1.57239 -1.41568 P   70 
 0.73100  1.08943 -1.64853 B   71 
 0.47002  0.95293 -1.59679 B   72 
 0.34588  1.08485 -1.44299 S   72 
 0.23944  0.64885 -1.60637 B   73 
 0.45332  0.45807 -1.81976 R   73 
-0.02925  0.53724 -1.47783 B   74 
-0.25013  0.70153 -1.43118 N   74 
-0.08326  0.21095 -1.43773 B   75 
 0.22459  0.13380 -1.50133 L   75 
-0.36445  0.23614 -1.26192 B   76 
-0.21700  0.12001 -1.01440 X   76 
-0.54222  0.44520 -1.38294 B   77 
-0.64641  0.44506 -1.63510 N   77 
-0.51708  0.70525 -1.16462 B   78 
-0.66946  0.52519 -0.98843 I   78 
-0.58335  0.93045 -0.95139 B   79 
-0.76133  0.99475 -1.04009 P   79 
-0.40868  0.98552 -0.67155 B   80 
-0.11759  1.02035 -0.78913 X   80 
-0.66110  1.07458 -0.50054 B   81 
-0.74926  1.25181 -0.63574 S   81 
-0.79701  0.79188 -0.49161 B   82 
-0.85260  0.75222 -0.69075 A   82 
-0.56797  0.69851 -0.27566 B   83 
-0.36541  0.56189 -0.49345 L   83 
-0.73163  0.88517 -0.03527 B   84 
-0.48246  1.08955 -0.10155 L   84 
-0.96485  0.73791  0.01987 B   85 
-1.17636  0.71485 -0.12809 S   85 
-1.17076  0.55439  0.23380 B   86 
-1.35197  0.69539  0.30194 S   86 
-1.17374  0.38287 -0.02002 B   87 
-1.38825  0.25394 -0.17110 D   87 
-0.93911  0.11691 -0.08502 B   88 
-0.87327  0.01935  0.15546 I   88 
-0.98408 -0.00411 -0.36686 B   89 
-1.24423 -0.04765 -0.39674 T   89 
-0.76950  0.14738 -0.53347 B   90 
-0.85172  0.34511 -0.57069 A   90 
-0.51753  0.06516 -0.36940 B   91 
-0.50233  0.27361 -0.19154 S   91 
-0.55179 -0.23794 -0.39647 B   92 
-0.71333 -0.33812 -0.21595 V   92 
-0.55112 -0.26772 -0.70189 B   93 
-0.88358 -0.27396 -0.75302 N   93 
-0.27372 -0.13348 -0.72489 B   94 
-0.20981  0.13889 -0.77894 X   94 
-0.11273 -0.31735 -0.53588 B   95 
-0.17058 -0.26247 -0.33591 A   95 
-0.15355 -0.57619 -0.69942 B   96 
-0.57659 -0.71814 -0.56606 K   96 
 0.02212 -0.46783 -0.93291 B   97 
-0.20054 -0.28357 -1.18746 K   97 
 0.28353 -0.41014 -0.77913 B   98 
 0.25352 -0.12685 -0.65653 I   98 
 0.33903 -0.70234 -0.65869 B   99 
 0.21589 -0.77503 -0.47602 V   99 
 0.33636 -0.81886 -0.97244 B   100 
 0.08426 -0.88342 -0.93916 S   100 
 0.60477 -0.67410 -1.09940 B   101 
 0.64259 -0.40446 -1.15653 D   101 
 0.86685 -0.86783 -0.93744 B   102 
 0.95456 -0.75338 -0.62687 B   103 
 1.17379 -0.58273 -0.79446 N   103 
 0.71798 -0.74530 -0.48197 B   104 
 0.71928 -0.59873 -0.16020 B   105 
 0.41793 -0.71478  0.06232 M   105 
 0.98969 -0.43566 -0.22095 B   106 
 1.16779 -0.71212 -0.18608 N   106 
 0.83874 -0.18004 -0.32374 B   107 
 0.72452 -0.25390 -0.48260 A   107 
 0.82086 -0.14690 -0.00901 B   108 
 0.37914 -0.17773 -0.15790 W   108 
 1.04218 -0.00004  0.18987 B   109 
 1.16784  0.18906  0.07152 V   109 
 0.90378 -0.04662  0.46673 B   110 
 0.76932  0.11843  0.49255 A   110 
 0.87211 -0.34815  0.43809 B   111 
 0.74991 -0.67864  0.27243 W   111 
 1.16873 -0.42627  0.39274 B   112 
 1.43443 -0.28098  0.09844 R   112 
 1.28524 -0.25859  0.65620 B   113 
 1.45782 -0.06322  0.46295 N   113 
 1.01880 -0.35684  0.87076 B   114 
 0.97411  0.12249  1.01435 R   114 
 0.88282 -0.65117  0.77091 B   115 
 0.64263 -0.44525  0.73225 X   115 
 1.08483 -0.82051  0.65780 B   116 
 1.25050 -0.89310  0.25116 K   116 
 1.14656 -1.11155  0.85207 B   117 
 0.90851 -1.08115  1.02926 B   118 
 0.92865 -0.82736  1.07998 T   118 
 0.62895 -1.10375  1.24876 B   119 
 0.54803 -1.31116  1.42939 D   119 
 0.34928 -1.03179  1.06697 B   120 
 0.46220 -1.01665  0.84452 V   120 
 0.12131 -1.17241  1.22925 B   121 
 0.21509 -1.57408  1.17089 Q   121 
 0.10524 -0.95239  1.45363 B   122 
 0.29117 -0.95880  1.54494 A   122 
-0.08429 -0.75907  1.27076 B   123 
 0.23903 -0.48051  1.23346 W   123 
-0.34830 -0.97568  1.32605 B   124 
-0.33856 -1.07366  1.07591 I   124 
-0.38678 -0.98193  1.60484 B   125 
 0.04407 -1.26131  1.67334 R   125 
-0.71531 -1.00027  1.73653 B   126 
-0.84405 -1.05224  1.46813 B   127 
-0.69703 -0.78555  1.36022 X   127 
-1.16031 -1.09748  1.29227 B   128 
-1.37262 -1.42773  1.39389 R   128 
-1.11324 -1.36845  1.03459 B   129 
-0.94102 -1.18338  0.97476 L   129 
