246 
-1.23001 -0.33471  0.40244 B   1 
-1.16379 -0.73361  0.51529 K   1 
-1.14718 -0.35207  0.75059 B   2 
-1.21022 -0.11302  0.82839 V   2 
-0.86440 -0.41602  0.88889 B   3 
-0.75065 -0.66238  0.55083 F   3 
-0.67390 -0.56093  1.09558 B   4 
-0.36898 -0.56396  1.19444 B   5 
-0.13837 -0.42689  1.53741 R   5 
-0.31088 -0.87631  1.22512 B   6 
-0.23295 -0.88573  1.52878 X   6 
-0.46711 -0.94132  0.96439 B   7 
-0.85308 -0.92838  0.90732 E   7 
-0.28997 -0.78740  0.76274 B   8 
-0.33472 -0.50742  0.64564 L   8 
-0.01872 -0.91072  0.83094 B   9 
 0.03870 -0.82987  1.02414 A   9 
-0.09536 -1.19486  0.74801 B   10 
-0.22715 -1.27042  0.90533 A   10 
-0.16438 -1.13216  0.45230 B   11 
-0.36755 -1.05680  0.45241 A   11 
 0.10294 -0.99512  0.37671 B   12 
 0.04159 -0.57809  0.45986 M   12 
 0.27064 -1.24158  0.43665 B   13 
 0.44492 -1.39615  0.80263 K   13 
 0.14501 -1.45195  0.25485 B   14 
-0.29495 -1.53744  0.17924 R   14 
 0.20960 -1.24754  0.00417 B   15 
-0.17255 -1.19876 -0.05221 H   15 
 0.53354 -1.16894  0.07023 B   16 
 0.61211 -0.88008  0.22544 B   17 
 0.37475 -0.70084  0.09590 L   17 
 0.80790 -0.98923  0.41066 B   18 
 0.82196 -1.05334  0.71073 D   18 
 1.10493 -0.84947  0.32123 B   19 
 1.17547 -1.00568  0.59372 N   19 
 1.03816 -0.69441  0.08594 B   20 
 0.85389 -0.78146 -0.30607 Y   20 
 1.30178 -0.54051 -0.03046 B   21 
 1.27919 -0.58802 -0.50247 R   21 
 1.37556 -0.51676  0.30105 B   22 
 1.07667 -0.49230  0.42387 B   23 
 1.15858 -0.07937  0.21389 Y   23 
 0.93688 -0.52229  0.69169 B   24 
 1.04898 -0.49345  0.89541 S   24 
 0.62251 -0.58259  0.78640 B   25 
 0.46213 -0.85161  0.80804 L   25 
 0.58694 -0.32243  0.96484 B   26 
 0.60152 -0.12114  0.73044 B   27 
 0.93707 -0.08502  0.73261 N   27 
 0.34734 -0.20776  0.57952 B   28 
 0.56838 -0.36733  0.22639 W   28 
 0.15034 -0.16809  0.81260 B   29 
 0.12284 -0.38145  0.95854 V   29 
 0.21821  0.12540  0.86505 B   30 
 0.41726  0.25342  1.00985 X   30 
 0.13752  0.23245  0.58886 B   31 
 0.30001  0.17757  0.45308 A   31 
-0.15674  0.13715  0.58188 B   32 
-0.15300 -0.07371  0.53901 A   32 
-0.24307  0.29594  0.82957 B   33 
-0.31522  0.30838  1.16281 K   33 
-0.15843  0.59797  0.70688 B   34 
 0.05804  0.63038  1.05489 F   34 
-0.30702  0.56990  0.42477 B   35 
-0.01254  0.59007  0.23304 E   35 
-0.60255  0.39347  0.51497 B   36 
-0.56271  0.22382  0.37799 S   36 
-0.66169  0.25453  0.78827 B   37 
-0.75243  0.42134  1.00324 N   37 
-0.72072 -0.04170  0.66673 B   38 
-0.44710 -0.10196  0.97051 F   38 
-0.88647  0.06104  0.39948 B   39 
-1.16395  0.16924  0.44034 N   39 
-0.97212 -0.06512  0.08807 B   40 
-1.00491 -0.30806  0.13328 T   40 
-1.18371  0.18860  0.01166 B   41 
-1.53192 -0.00282  0.05027 Q   41 
-0.97938  0.40241 -0.00453 B   42 
-0.89623  0.43550  0.18701 A   42 
-1.00850  0.74350 -0.13164 B   43 
-1.16223  0.64965 -0.29734 T   43 
-0.79043  0.99980 -0.29623 B   44 
-0.76680  0.97845  0.03984 N   44 
-0.76529  1.30645 -0.40703 B   45 
-1.02326  1.36969 -0.83890 R   45 
-0.55232  1.47564 -0.62150 B   46 
-0.35860  1.20958 -0.52656 N   46 
-0.42752  1.76553 -0.74033 B   47 
-0.32363  1.92442 -0.56505 T   47 
-0.35455  1.61467 -1.02960 B   48 
-0.17928  1.42457 -0.97058 D   48 
-0.63659  1.42142 -1.05273 B   49 
-0.57585  1.19181 -0.91955 B   50 
-0.34086  1.12039 -0.92853 S   50 
-0.59551  0.86343 -0.73670 B   51 
-0.85852  0.93192 -0.72086 T   51 
-0.61334  0.69584 -0.43864 B   52 
-0.30693  0.82885 -0.35897 D   52 
-0.59709  0.33324 -0.36845 B   53 
-0.87501  0.48964 -0.72768 Y   53 
-0.65529  0.17167 -0.09563 B   54 
-0.44937  0.03917  0.15830 B   55 
-0.49474 -0.20387  0.27142 I   55 
-0.18996  0.18439 -0.02995 B   56 
-0.01017 -0.06219  0.07101 L   56 
-0.25010  0.42388 -0.20726 B   57 
-0.48328  0.59706 -0.01992 Q   57 
-0.27505  0.37525 -0.51420 B   58 
-0.14179  0.09657 -0.53968 I   58 
-0.19727  0.54654 -0.80218 B   59 
-0.11722  0.84005 -0.81827 N   59 
-0.35397  0.65350 -1.11676 B   60 
-0.54847  0.75915 -1.05727 S   60 
-0.10028  0.77084 -1.28415 B   61 
-0.11207  1.19974 -1.30696 R   61 
 0.06929  0.47266 -1.26969 B   62 
 0.38248  0.80287 -1.24290 W   62 
-0.09445  0.18900 -1.16542 B   63 
 0.28513  0.25393 -0.95633 W   63 
-0.40378  0.26397 -1.23328 B   64 
-0.50697  0.22344 -0.99796 X   64 
-0.73775  0.25255 -1.37047 B   65 
-0.78941  0.30221 -1.65872 N   65 
-1.01952  0.51542 -1.36144 B   66 
-0.89274  0.69072 -1.20060 D   66 
-1.09537  0.69824 -1.62820 B   67 
-0.97800  1.01092 -1.48665 B   68 
-1.20334  1.05528 -1.07217 R   68 
-0.64750  1.00504 -1.57354 B   69 
-0.59491  0.96082 -1.32755 T   69 
-0.45648  1.18250 -1.73944 B   70 
-0.59569  1.34420 -1.72386 P   70 
-0.16684  1.03024 -1.83020 B   71 
-0.18744  0.74045 -1.75935 B   72 
-0.39583  0.70466 -1.65091 S   72 
-0.03671  0.39421 -1.70353 B   73 
 0.27864  0.47688 -1.84980 R   73 
-0.10108  0.11509 -1.56525 B   74 
-0.35591  0.00128 -1.57363 N   74 
 0.13945 -0.08246 -1.44647 B   75 
 0.36583  0.14747 -1.47199 L   75 
-0.05828 -0.30486 -1.29796 B   76 
 0.04807 -0.21097 -1.02161 X   76 
-0.28896 -0.37234 -1.47736 B   77 
-0.27538 -0.48305 -1.72635 N   77 
-0.55129 -0.21183 -1.33128 B   78 
-0.51470 -0.41712 -1.12343 I   78 
-0.82603 -0.14849 -1.18609 B   79 
-0.94240 -0.28161 -1.29751 P   79 
-0.85967  0.05210 -0.92060 B   80 
-0.72251  0.31575 -1.02759 X   80 
-1.09664 -0.11538 -0.79143 B   81 
-1.25459 -0.12000 -0.97170 S   81 
-0.92390 -0.36691 -0.71816 B   82 
-0.86713 -0.44940 -0.90333 A   82 
-0.79046 -0.19291 -0.47377 B   83 
-0.52517 -0.09512 -0.63866 L   83 
-1.08532 -0.23130 -0.29771 B   84 
-1.12410  0.07885 -0.40048 L   84 
-1.08456 -0.50145 -0.21938 B   85 
-1.12814 -0.70951 -0.36759 S   85 
-1.07969 -0.75262  0.02296 B   86 
-1.30141 -0.84082  0.04335 S   86 
-0.87295 -0.85479 -0.17873 B   87 
-0.82763 -1.11538 -0.30321 D   87 
-0.52109 -0.77796 -0.16150 B   88 
-0.46724 -0.74768  0.09902 I   88 
-0.36994 -0.89548 -0.40530 B   89 
-0.44849 -1.14708 -0.43686 T   89 
-0.35538 -0.64814 -0.59335 B   90 
-0.55219 -0.63055 -0.68389 A   90 
-0.20765 -0.45264 -0.40067 B   91 
-0.42098 -0.32811 -0.28108 S   91 
 0.03927 -0.62698 -0.35161 B   92 
 0.00290 -0.80254 -0.16036 V   92 
 0.14065 -0.66333 -0.63895 B   93 
 0.00168 -0.96266 -0.70433 N   93 
 0.16377 -0.35799 -0.68060 B   94 
-0.02301 -0.17807 -0.79863 X   94 
 0.34834 -0.28835 -0.44283 B   95 
 0.22493 -0.29847 -0.26672 A   95 
 0.58864 -0.45798 -0.53715 B   96 
 0.47586 -0.88679 -0.39467 K   96 
 0.63791 -0.27012 -0.78087 B   97 
 0.44019 -0.39878 -1.08531 K   97 
 0.67431 -0.00147 -0.63320 B   98 
 0.39008  0.11421 -0.58838 I   98 
 0.91774 -0.08062 -0.43969 B   99 
 0.87572 -0.20934 -0.25133 V   99 
 1.09300 -0.16122 -0.71323 B   100 
 1.02033 -0.41084 -0.67801 S   100 
 1.12879  0.13331 -0.85841 B   101 
 0.93278  0.28877 -0.98011 D   101 
 1.37614  0.28526 -0.63891 B   102 
 1.24359  0.43948 -0.36343 B   103 
 1.24438  0.69983 -0.55704 N   103 
 1.08907  0.24598 -0.23806 B   104 
 0.88578  0.34008  0.03550 B   105 
 0.78639  0.03720  0.26393 M   105 
 0.89059  0.64994 -0.05031 B   106 
 1.19984  0.67962  0.06305 N   106 
 0.62866  0.62928 -0.22251 B   107 
 0.67667  0.48217 -0.36320 A   107 
 0.51399  0.65275  0.07206 B   108 
 0.36854  0.23839 -0.08726 W   108 
 0.44484  0.93135  0.23851 B   109 
 0.37362  1.12172  0.08281 V   109 
 0.35013  0.80854  0.51039 B   110 
 0.14063  0.76957  0.48627 A   110 
 0.59733  0.63710  0.55769 B   111 
 0.86034  0.36209  0.47522 W   111 
 0.81470  0.85805  0.54944 B   112 
 0.89036  1.13787  0.24236 R   112 
 0.66243  1.05905  0.76741 B   113 
 0.62665  1.28801  0.54028 N   113 
 0.56644  0.79464  0.98549 B   114 
 0.10424  0.99094  0.99999 R   114 
 0.77601  0.52942  0.95667 B   115 
 0.49806  0.41173  0.85430 X   115 
 1.04271  0.61925  0.90116 B   116 
 1.28334  0.70041  0.53566 K   116 
 1.26975  0.55168  1.16600 B   117 
 1.08765  0.36978  1.31679 B   118 
 0.86989  0.51036  1.30235 T   118 
 0.92026  0.12969  1.51972 B   119 
 1.01262 -0.02521  1.74259 D   119 
 0.77253 -0.09634  1.31108 B   120 
 0.86830 -0.00660  1.09838 V   120 
 0.74354 -0.35069  1.49147 B   121 
 1.14205 -0.46096  1.54214 Q   121 
 0.49411 -0.24476  1.65140 B   122 
 0.56462 -0.07728  1.75104 A   122 
 0.28655 -0.33462  1.41564 B   123 
 0.21284  0.07774  1.32593 W   123 
 0.33140 -0.66438  1.51012 B   124 
 0.48102 -0.72058  1.29396 I   124 
 0.24927 -0.68021  1.77890 B   125 
 0.67194 -0.42695  1.93884 R   125 
 0.07697 -0.96800  1.89336 B   126 
 0.12684 -1.12585  1.64055 B   127 
-0.00252 -0.87951  1.47634 X   127 
 0.05949 -1.43859  1.46548 B   128 
 0.21336 -1.77268  1.63631 R   128 
 0.37492 -1.54365  1.28799 B   129 
 0.31455 -1.30981  1.19229 L   129 
