246 
-0.66586 -0.16003  1.14801 B   1 
-0.52171 -0.53687  1.26400 K   1 
-0.37829 -0.12246  1.35841 B   2 
-0.38930  0.13077  1.41244 V   2 
-0.06975 -0.18337  1.29302 B   3 
-0.18642 -0.49354  1.01356 F   3 
 0.21628 -0.30436  1.35266 B   4 
 0.51326 -0.31418  1.23238 B   5 
 0.90247 -0.13772  1.31590 R   5 
 0.59393 -0.61989  1.27612 B   6 
 0.84880 -0.58195  1.45493 X   6 
 0.31058 -0.71708  1.19317 B   7 
-0.02217 -0.68377  1.39458 E   7 
 0.30874 -0.61556  0.90090 B   8 
 0.18460 -0.35785  0.79008 L   8 
 0.56665 -0.74612  0.80152 B   9 
 0.73021 -0.63740  0.89418 A   9 
 0.46983 -1.03342  0.84120 B   10 
 0.47382 -1.06944  1.05687 A   10 
 0.22406 -1.01837  0.65276 B   11 
 0.06461 -0.92828  0.76859 A   11 
 0.37299 -0.91842  0.40020 B   12 
 0.35728 -0.48973  0.42415 M   12 
 0.55283 -1.16303  0.38361 B   13 
 0.92910 -1.26423  0.57437 K   13 
 0.35121 -1.39143  0.36704 B   14 
-0.02955 -1.45367  0.60732 R   14 
 0.22911 -1.24004  0.10065 B   15 
-0.10217 -1.17173  0.29348 H   15 
 0.51529 -1.17703 -0.07142 B   16 
 0.65969 -0.87255 -0.05921 B   17 
 0.38544 -0.70059 -0.03767 L   17 
 0.93412 -0.96265 -0.02563 B   18 
 1.14067 -0.97395  0.20142 D   18 
 1.09677 -0.86482 -0.30800 B   19 
 1.33375 -0.97581 -0.12053 N   19 
 0.88658 -0.74871 -0.46988 B   20 
 0.49874 -0.88839 -0.62890 Y   20 
 1.00561 -0.63909 -0.75367 B   21 
 0.68817 -0.76686 -1.08301 R   21 
 1.27340 -0.56339 -0.55756 B   22 
 1.12206 -0.49407 -0.27953 B   23 
 1.02828 -0.13230 -0.56524 Y   23 
 1.18836 -0.46533  0.01535 B   24 
 1.40328 -0.41013  0.09060 S   24 
 1.01162 -0.48289  0.29799 B   25 
 0.91695 -0.73032  0.46644 L   25 
 1.08504 -0.19344  0.40574 B   26 
 0.93526 -0.03827  0.18402 B   27 
 1.19162 -0.02909 -0.03530 N   27 
 0.64849 -0.12960  0.24964 B   28 
 0.59970 -0.36579 -0.12568 W   28 
 0.64504 -0.03407  0.54216 B   29 
 0.72884 -0.21560  0.70830 V   29 
 0.71510  0.25773  0.48358 B   30 
 0.95356  0.39300  0.44092 X   30 
 0.47057  0.32065  0.30895 B   31 
 0.51080  0.23004  0.11396 A   31 
 0.24587  0.24928  0.50928 B   32 
 0.23239  0.03454  0.51398 A   32 
 0.33022  0.45547  0.71997 B   33 
 0.48799  0.53197  1.01265 K   33 
 0.30036  0.72355  0.51828 B   34 
 0.68751  0.79932  0.63400 F   34 
 0.00720  0.65823  0.40763 B   35 
 0.10862  0.62094  0.07265 E   35 
-0.15187  0.52442  0.69641 B   36 
-0.20023  0.33073  0.60012 S   36 
-0.01455  0.44082  0.96408 B   37 
 0.04501  0.64948  1.15166 N   37 
-0.12200  0.13347  0.96592 B   38 
 0.28544  0.10600  1.02931 F   38 
-0.42570  0.20049  0.85307 B   39 
-0.61764  0.33587  1.04069 N   39 
-0.68428  0.02877  0.69854 B   40 
-0.66754 -0.19906  0.79830 T   40 
-0.90866  0.28111  0.72951 B   41 
-1.14035  0.12772  1.01617 Q   41 
-0.77393  0.47184  0.54730 B   42 
-0.58921  0.53135  0.63115 A   42 
-0.89577  0.78649  0.40770 B   43 
-1.11474  0.67749  0.39949 T   43 
-0.84792  0.99174  0.09799 B   44 
-0.61321  1.02797  0.33790 N   44 
-0.91594  1.27117 -0.05770 B   45 
-1.39369  1.27782 -0.22730 R   45 
-0.89938  1.38259 -0.38525 B   46 
-0.67613  1.12282 -0.38867 N   46 
-0.89537  1.63624 -0.60745 B   47 
-0.71185  1.81470 -0.57232 T   47 
-1.01701  1.43159 -0.84213 B   48 
-0.83494  1.24150 -0.87470 D   48 
-1.23754  1.26030 -0.64350 B   49 
-1.09350  1.05358 -0.54022 B   50 
-0.91558  0.96325 -0.68372 S   50 
-0.97393  0.76505 -0.33019 B   51 
-1.16874  0.85593 -0.16313 T   51 
-0.78759  0.65440 -0.06508 B   52 
-0.50898  0.77458 -0.22588 D   52 
-0.71098  0.30965  0.04421 B   53 
-1.16234  0.42206 -0.07568 Y   53 
-0.57204  0.20367  0.31512 B   54 
-0.24457  0.10194  0.39789 B   55 
-0.19392 -0.11306  0.55643 I   55 
-0.17437  0.19075  0.06472 B   56 
 0.04103 -0.04774  0.07106 L   56 
-0.34678  0.39936 -0.07374 B   57 
-0.41432  0.62073  0.18296 Q   57 
-0.56013  0.29969 -0.27806 B   58 
-0.45970  0.01117 -0.33050 I   58 
-0.69430  0.41098 -0.57460 B   59 
-0.65885  0.68980 -0.69216 N   59 
-1.02162  0.47309 -0.72936 B   60 
-1.13796  0.60266 -0.58033 S   60 
-0.94096  0.53867 -1.03814 B   61 
-0.98729  0.95645 -1.12718 R   61 
-0.78611  0.23516 -1.08030 B   62 
-0.54663  0.53902 -1.32150 W   62 
-0.82959 -0.01185 -0.84527 B   63 
-0.40837  0.05847 -0.94348 W   63 
-1.11387  0.07436 -0.71236 B   64 
-1.03983  0.08413 -0.46319 X   64 
-1.45690  0.06556 -0.59949 B   65 
-1.68391  0.06774 -0.79102 N   65 
-1.68072  0.34746 -0.46159 B   66 
-1.48980  0.53766 -0.45489 D   66 
-1.91950  0.48599 -0.64632 B   67 
-1.75543  0.80835 -0.67351 B   68 
-1.66450  0.94261 -0.22826 R   68 
-1.55782  0.76107 -0.94834 B   69 
-1.35749  0.75673 -0.78997 T   69 
-1.52735  0.89088 -1.22713 B   70 
-1.63248  1.06333 -1.15660 P   70 
-1.35577  0.70253 -1.45162 B   71 
-1.31078  0.43227 -1.33181 B   72 
-1.39889  0.43275 -1.11112 S   72 
-1.14128  0.09036 -1.32214 B   73 
-0.99804  0.12074 -1.64808 R   73 
-1.08714 -0.15411 -1.12599 B   74 
-1.28157 -0.24701 -0.94845 N   74 
-0.81639 -0.34618 -1.15420 B   75 
-0.67161 -0.14302 -1.36044 L   75 
-0.86077 -0.52260 -0.87579 B   76 
-0.60712 -0.39035 -0.75467 X   76 
-1.14882 -0.60202 -0.84999 B   77 
-1.29224 -0.75549 -1.02412 N   77 
-1.26447 -0.39802 -0.60315 B   78 
-1.09232 -0.56584 -0.43319 I   78 
-1.38504 -0.28854 -0.33103 B   79 
-1.53854 -0.42950 -0.31527 P   79 
-1.25117 -0.04239 -0.14843 B   80 
-1.22872  0.18661 -0.36482 X   80 
-1.34090 -0.16521  0.13041 B   81 
-1.57715 -0.18888  0.09746 S   81 
-1.14837 -0.41286  0.12149 B   82 
-1.21929 -0.53085 -0.03777 A   82 
-0.89871 -0.20978  0.18658 B   83 
-0.80652 -0.16387 -0.12411 L   83 
-1.00951 -0.19309  0.51347 B   84 
-1.12150  0.09625  0.40395 L   84 
-0.94442 -0.44446  0.62159 B   85 
-1.06182 -0.67120  0.57729 S   85 
-0.77201 -0.64873  0.84608 B   86 
-0.92401 -0.71408  1.01923 S   86 
-0.73767 -0.80084  0.58238 B   87 
-0.76902 -1.08201  0.50878 D   87 
-0.46133 -0.75036  0.35634 B   88 
-0.25465 -0.67915  0.51094 I   88 
-0.49573 -0.92052  0.09951 B   89 
-0.56279 -1.16671  0.17276 T   89 
-0.61825 -0.71202 -0.09611 B   90 
-0.82790 -0.69505 -0.04135 A   90 
-0.39195 -0.49806 -0.08277 B   91 
-0.48515 -0.33792  0.11968 S   91 
-0.16224 -0.68012 -0.17144 B   92 
-0.05816 -0.81589  0.02719 V   92 
-0.26696 -0.77433 -0.44406 B   93 
-0.39943 -1.06850 -0.34866 N   93 
-0.29211 -0.48388 -0.54656 B   94 
-0.52030 -0.31325 -0.54883 X   94 
-0.00204 -0.38842 -0.49971 B   95 
 0.01695 -0.35760 -0.28749 A   95 
 0.13041 -0.59051 -0.69213 B   96 
 0.15811 -0.97729 -0.43418 K   96 
 0.00192 -0.45293 -0.94048 B   97 
-0.33785 -0.61697 -1.01779 K   97 
 0.11027 -0.16626 -0.90324 B   98 
-0.08471 -0.02230 -0.70973 I   98 
 0.42489 -0.22925 -0.89944 B   99 
 0.52030 -0.31911 -0.70804 V   99 
 0.38791 -0.37033 -1.20071 B   100 
 0.36806 -0.60330 -1.08172 S   100 
 0.30665 -0.10967 -1.38664 B   101 
 0.07033  0.03704 -1.38121 D   101 
 0.62871  0.05835 -1.40878 B   102 
 0.69572  0.26861 -1.14697 B   103 
 0.55841  0.48999 -1.34038 N   103 
 0.66806  0.11305 -0.91879 B   104 
 0.68287  0.26959 -0.60210 B   105 
 0.76928  0.02043 -0.31184 M   105 
 0.61514  0.55818 -0.72673 B   106 
 0.92300  0.58266 -0.84501 N   106 
 0.30530  0.52844 -0.68429 B   107 
 0.25962  0.35556 -0.79276 A   107 
 0.40516  0.61235 -0.39540 B   108 
 0.21357  0.18932 -0.34469 W   108 
 0.44423  0.92046 -0.27858 B   109 
 0.27979  1.08555 -0.38471 V   109 
 0.55254  0.85525  0.00775 B   110 
 0.37877  0.82941  0.13072 A   110 
 0.78119  0.67571 -0.08296 B   111 
 0.94419  0.37048 -0.26149 W   111 
 0.93062  0.87380 -0.26888 B   112 
 0.77683  1.08840 -0.59845 R   112 
 0.94318  1.12143 -0.04611 B   113 
 0.75804  1.30902 -0.23539 N   113 
 1.02352  0.90793  0.22710 B   114 
 0.66861  1.13979  0.49664 R   114 
 1.17950  0.62598  0.12095 B   115 
 0.90730  0.51458  0.24378 X   115 
 1.34332  0.68319 -0.10745 B   116 
 1.28888  0.67948 -0.54915 K   116 
 1.69052  0.64540 -0.04206 B   117 
 1.65743  0.50787  0.22058 B   118 
 1.47403  0.66057  0.32276 T   118 
 1.67210  0.32124  0.52355 B   119 
 1.89391  0.20108  0.65979 D   119 
 1.43718  0.07452  0.50395 B   120 
 1.36936  0.11760  0.26728 V   120 
 1.54411 -0.14106  0.70437 B   121 
 1.88751 -0.27199  0.50823 Q   121 
 1.45011  0.01080  0.96345 B   122 
 1.55913  0.18704  0.96180 A   122 
 1.14480 -0.10233  0.93653 B   123 
 1.00904  0.29238  0.84012 W   123 
 1.25715 -0.41286  1.03962 B   124 
 1.23605 -0.51787  0.79305 I   124 
 1.36746 -0.37463  1.29576 B   125 
 1.78020 -0.13158  1.09840 R   125 
 1.32417 -0.62322  1.54464 B   126 
 1.20859 -0.82649  1.35323 B   127 
 0.99124 -0.60336  1.26749 X   127 
 1.06132 -1.15878  1.32346 B   128 
 1.30632 -1.46880  1.41477 R   128 
 1.19454 -1.31811  1.00896 B   129 
 1.07459 -1.10068  0.93266 L   129 
