246 
 1.28037  0.06104  0.37925 B   1 
 1.29718 -0.27278  0.63326 K   1 
 1.38310 -0.22870  0.19521 B   2 
 1.46577 -0.12047 -0.02529 V   2 
 1.21016 -0.48436  0.10626 B   3 
 0.95411 -0.43628  0.45274 F   3 
 1.15484 -0.79386  0.07223 B   4 
 0.94034 -0.99695 -0.05230 B   5 
 0.90566 -1.25956 -0.39789 R   5 
 0.91933 -1.22061  0.17445 B   6 
 1.00374 -1.47254  0.00779 X   6 
 0.92742 -1.00703  0.40012 B   7 
 1.23248 -0.79251  0.51557 E   7 
 0.66664 -0.85520  0.33180 B   8 
 0.63444 -0.59508  0.17239 L   8 
 0.47137 -1.09038  0.33033 B   9 
 0.51442 -1.20484  0.15088 A   9 
 0.50906 -1.16006  0.62564 B   10 
 0.70498 -1.25606  0.64070 A   10 
 0.41852 -0.88736  0.74217 B   11 
 0.59106 -0.75673  0.73117 A   11 
 0.14329 -0.87252  0.60079 B   12 
 0.21921 -0.66791  0.23070 M   12 
 0.03906 -1.12683  0.73086 B   13 
 0.07764 -1.54642  0.62765 K   13 
 0.06654 -1.06419  1.02820 B   14 
 0.41347 -0.86907  1.24764 R   14 
-0.12354 -0.80064  0.97161 B   15 
 0.17694 -0.56795  1.05624 H   15 
-0.37451 -0.94271  0.79187 B   16 
-0.37803 -0.92185  0.45533 B   17 
-0.24520 -0.62668  0.43355 L   17 
-0.45024 -1.19834  0.40149 B   18 
-0.30988 -1.45107  0.29773 D   18 
-0.75820 -1.18512  0.25748 B   19 
-0.67637 -1.49518  0.22934 N   19 
-0.82470 -0.90341  0.26664 B   20 
-0.85681 -0.59815  0.58444 Y   20 
-1.11782 -0.84880  0.13313 B   21 
-1.33156 -0.53510  0.41855 R   21 
-1.01740 -1.09966 -0.07397 B   22 
-0.69853 -1.04242 -0.08162 B   23 
-0.89262 -0.69674 -0.33487 Y   23 
-0.44260 -1.18659 -0.15837 B   24 
-0.43932 -1.36159 -0.31413 S   24 
-0.12056 -1.15097 -0.07805 B   25 
 0.04109 -1.24911  0.17254 L   25 
-0.01241 -1.11321 -0.37413 B   26 
-0.15094 -0.84117 -0.42390 B   27 
-0.44192 -0.96757 -0.53904 N   27 
-0.00232 -0.67437 -0.21182 B   28 
-0.36264 -0.61302  0.04398 W   28 
 0.28267 -0.72993 -0.31380 B   29 
 0.38881 -0.94121 -0.20575 V   29 
 0.23696 -0.62979 -0.59906 B   30 
 0.13116 -0.74495 -0.82823 X   30 
 0.16426 -0.34059 -0.52604 B   31 
-0.04165 -0.34690 -0.45249 A   31 
 0.41975 -0.26224 -0.37013 B   32 
 0.40457 -0.35330 -0.17573 A   32 
 0.61091 -0.30848 -0.60538 B   33 
 0.83901 -0.50375 -0.76739 K   33 
 0.46295 -0.08800 -0.81258 B   34 
 0.44769 -0.40732 -1.07107 F   34 
 0.45211  0.15819 -0.60831 B   35 
 0.10069  0.17646 -0.60114 E   35 
 0.76080  0.12300 -0.43489 B   36 
 0.66559  0.10563 -0.23548 S   36 
 0.95451 -0.12167 -0.44506 B   37 
 1.13282 -0.13852 -0.66911 N   37 
 0.95825 -0.17878 -0.12454 B   38 
 0.87561 -0.54436 -0.29860 F   38 
 0.96383  0.13856 -0.03116 B   39 
 1.21955  0.29143 -0.07129 N   39 
 0.88830  0.32245  0.25294 B   40 
 0.95009  0.16730  0.43800 T   40 
 1.02199  0.61143  0.13631 B   41 
 1.35121  0.62672  0.36161 Q   41 
 0.82748  0.65542 -0.08269 B   42 
 0.84956  0.50390 -0.22845 A   42 
 0.77403  0.95041 -0.29118 B   43 
 0.82866  1.07996 -0.09086 T   43 
 0.49171  1.11655 -0.47293 B   44 
 0.63984  0.85866 -0.63265 N   44 
 0.40098  1.35709 -0.67505 B   45 
 0.40605  1.80736 -0.44207 R   45 
 0.10209  1.51104 -0.75841 B   46 
-0.00633  1.20982 -0.63659 N   46 
-0.07816  1.70454 -0.96769 B   47 
-0.08777  1.62671 -1.21388 T   47 
-0.27885  1.79019 -0.71442 B   48 
-0.39262  1.56519 -0.63214 D   48 
-0.03761  1.81907 -0.47276 B   49 
-0.01349  1.56930 -0.36702 B   50 
-0.21818  1.43334 -0.36272 S   50 
 0.10941  1.26358 -0.18513 B   51 
 0.34191  1.40521 -0.18347 T   51 
 0.28100  0.96742 -0.19474 B   52 
 0.04956  0.85423 -0.42178 D   52 
 0.31816  0.70572  0.06372 B   53 
 0.37256  1.16651  0.18803 Y   53 
 0.51183  0.44815  0.07218 B   54 
 0.46617  0.10589 -0.00003 B   55 
 0.57274 -0.09147  0.15366 I   55 
 0.14124  0.20775 -0.08870 B   56 
 0.04700 -0.08060  0.01752 L   56 
 0.09415  0.49380 -0.18023 B   57 
 0.38168  0.56162 -0.35963 Q   57 
-0.03516  0.69219  0.02255 B   58 
-0.15076  0.49440  0.23134 I   58 
-0.25378  0.95741  0.00891 B   59 
-0.34423  1.10033 -0.24449 N   59 
-0.27983  1.30638  0.12068 B   60 
-0.08652  1.40880  0.05229 S   60 
-0.58815  1.38032  0.04573 B   61 
-0.60851  1.64444 -0.29255 R   61 
-0.71438  1.12777  0.24108 B   62 
-0.98689  1.16045 -0.12295 W   62 
-0.50796  0.96487  0.46244 B   63 
-0.73514  0.69069  0.20703 W   63 
-0.27740  1.18891  0.51308 B   64 
-0.06891  1.04569  0.45238 X   64 
-0.05624  1.42325  0.67634 B   65 
-0.15750  1.67581  0.79543 N   65 
 0.18040  1.68793  0.52626 B   66 
 0.14305  1.61961  0.26818 D   66 
 0.10483  2.01135  0.53092 B   67 
 0.05986  2.03848  0.17201 B   68 
 0.45964  1.87070 -0.01920 R   68 
-0.26930  1.95290  0.13810 B   69 
-0.19015  1.73264  0.03585 T   69 
-0.52532  2.08699  0.02868 B   70 
-0.40429  2.22800 -0.07732 P   70 
-0.81449  1.93887  0.12745 B   71 
-0.74836  1.73393  0.33492 B   72 
-0.51229  1.72790  0.36145 S   72 
-0.83550  1.43331  0.55345 B   73 
-1.18512  1.44609  0.48078 R   73 
-0.69833  1.20611  0.72877 B   74 
-0.47685  1.25787  0.89071 N   74 
-0.83845  0.90672  0.77031 B   75 
-1.05742  0.95684  0.53726 L   75 
-0.58328  0.76225  0.92725 B   76 
-0.54170  0.57569  0.68237 X   76 
-0.47007  0.94968  1.13219 B   77 
-0.60105  1.05559  1.34682 N   77 
-0.17732  1.05188  0.99157 B   78 
-0.09614  0.77401  1.04530 I   78 
 0.13007  1.10501  0.93446 B   79 
 0.18119  1.15808  1.13004 P   79 
 0.28264  1.04716  0.64252 B   80 
 0.09875  1.21213  0.44570 X   80 
 0.55967  0.96436  0.77400 B   81 
 0.60668  1.15651  0.90940 S   81 
 0.45794  0.69566  0.90018 B   82 
 0.32014  0.75411  1.04820 A   82 
 0.45654  0.56515  0.59889 B   83 
 0.14030  0.62122  0.53585 L   83 
 0.80131  0.54771  0.61480 B   84 
 0.76974  0.81229  0.42177 L   84 
 0.85180  0.33940  0.79693 B   85 
 0.82491  0.34427  1.05463 S   85 
 0.97968  0.02510  0.87880 B   86 
 1.18572  0.05687  0.99668 S   86 
 0.70471  0.01903  1.01375 B   87 
 0.61505 -0.06102  1.28022 D   87 
 0.40530 -0.10192  0.85333 B   88 
 0.48726 -0.29069  0.68207 I   88 
 0.15812 -0.06310  1.03635 B   89 
 0.22163 -0.14953  1.27918 T   89 
 0.04067  0.20255  0.92507 B   90 
 0.16508  0.36123  1.00622 A   90 
 0.00015  0.11430  0.62887 B   91 
 0.23888  0.19344  0.51904 S   91 
-0.18131 -0.12584  0.68525 B   92 
-0.04660 -0.34362  0.74132 V   92 
-0.41076  0.01105  0.83619 B   93 
-0.30969 -0.05255  1.15071 N   93 
-0.46520  0.20325  0.60040 B   94 
-0.37044  0.46884  0.55948 X   94 
-0.50948 -0.00389  0.37549 B   95 
-0.31437 -0.07961  0.32504 A   95 
-0.75694 -0.13799  0.50276 B   96 
-0.56908 -0.43199  0.81126 K   96 
-0.92955  0.11795  0.46009 B   97 
-0.90449  0.34407  0.77085 K   97 
-0.89942  0.15090  0.15462 B   98 
-0.63621  0.30816  0.10801 I   98 
-1.01008 -0.13502  0.05991 B   99 
-0.87400 -0.32178  0.08033 V   99 
-1.29460 -0.06488  0.22166 B   100 
-1.20297 -0.19953  0.42734 S   100 
-1.41117  0.18828  0.04436 B   101 
-1.30915  0.44657  0.02776 D   101 
-1.52259  0.01338 -0.25472 B   102 
-1.27735 -0.03490 -0.48875 B   103 
-1.38625  0.24800 -0.60444 N   103 
-1.07242 -0.16549 -0.35465 B   104 
-0.76423 -0.21586 -0.52046 B   105 
-0.55072 -0.50454 -0.36277 M   105 
-0.82504  0.01779 -0.73286 B   106 
-1.03752 -0.17880 -0.89278 N   106 
-0.68329  0.24024 -0.56224 B   107 
-0.78844  0.23470 -0.38155 A   107 
-0.43816  0.09674 -0.70294 B   108 
-0.37319  0.03662 -0.24425 W   108 
-0.30775  0.16789 -0.99965 B   109 
-0.33228  0.41575 -1.05899 V   109 
-0.08467 -0.05124 -1.01342 B   110 
 0.08637  0.03433 -0.91643 A   110 
-0.26739 -0.28862 -0.95860 B   111 
-0.52388 -0.50057 -0.75638 W   111 
-0.46954 -0.25179 -1.19080 B   112 
-0.70070  0.08924 -1.28347 R   112 
-0.23801 -0.22471 -1.42905 B   113 
-0.33057  0.07973 -1.49262 N   113 
-0.03433 -0.48582 -1.29858 B   114 
 0.36420 -0.18454 -1.35134 R   114 
-0.21824 -0.70668 -1.11833 B   115 
-0.02344 -0.58122 -0.89947 X   115 
-0.48080 -0.73239 -1.23095 B   116 
-0.87501 -0.53445 -1.17183 K   116 
-0.54221 -1.05465 -1.36744 B   117 
-0.30124 -1.18454 -1.24891 B   118 
-0.12624 -1.00044 -1.30249 T   118 
-0.04440 -1.39032 -1.11278 B   119 
-0.00626 -1.67431 -1.12218 D   119 
-0.01048 -1.30817 -0.78332 B   120 
-0.20347 -1.14972 -0.77277 V   120 
 0.11597 -1.56618 -0.65874 B   121 
-0.19878 -1.83680 -0.69399 Q   121 
 0.40690 -1.51021 -0.76477 B   122 
 0.38807 -1.51569 -0.97108 A   122 
 0.47299 -1.30598 -0.51847 B   123 
 0.47361 -0.97751 -0.79348 W   123 
 0.49604 -1.57849 -0.30661 B   124 
 0.26124 -1.52363 -0.18775 I   124 
 0.70190 -1.74027 -0.40999 B   125 
 0.40448 -1.89195 -0.80611 R   125 
 0.92100 -1.90894 -0.18828 B   126 
 0.75880 -1.84279  0.05796 B   127 
 0.77786 -1.53207 -0.02849 X   127 
 0.74377 -1.86813  0.42145 B   128 
 0.71073 -2.24383  0.57055 R   128 
 0.38691 -1.93989  0.51912 B   129 
 0.38097 -1.71415  0.39069 L   129 
