246 
 0.11740  1.13746  0.69233 B   1 
-0.27833  1.27615  0.67235 K   1 
-0.06794  1.02232  0.97653 B   2 
 0.12329  0.93550  1.12839 V   2 
-0.29823  0.79890  0.99157 B   3 
-0.41713  0.88881  0.58451 F   3 
-0.57968  0.68438  1.07921 B   4 
-0.75521  0.41645  1.06636 B   5 
-0.87893  0.09715  1.33532 R   5 
-1.04553  0.52904  0.99622 B   6 
-1.20507  0.42084  1.24364 X   6 
-0.92820  0.73508  0.79525 B   7 
-0.72498  1.05857  0.87563 E   7 
-0.80398  0.53802  0.59161 B   8 
-0.51233  0.44525  0.57064 L   8 
-1.05011  0.36686  0.53190 B   9 
-1.08480  0.24540  0.70855 A   9 
-1.21407  0.59470  0.41070 B   10 
-1.27779  0.71947  0.57863 A   10 
-1.01843  0.66592  0.18094 B   11 
-0.86765  0.79501  0.26788 A   11 
-0.99651  0.38269  0.05743 B   12 
-0.66407  0.19911  0.25837 M   12 
-1.29329  0.36441 -0.00616 B   13 
-1.63700  0.24317  0.22914 K   13 
-1.33765  0.60960 -0.18224 B   14 
-1.18304  1.03322 -0.12542 R   14 
-1.10384  0.48721 -0.38010 B   15 
-0.87357  0.78836 -0.29135 H   15 
-1.20903  0.16534 -0.40856 B   16 
-1.07006 -0.07812 -0.22116 B   17 
-0.76995  0.04489 -0.21443 L   17 
-1.31661 -0.21262 -0.14580 B   18 
-1.49077 -0.23803  0.10593 D   18 
-1.30027 -0.51982 -0.29112 B   19 
-1.56327 -0.53897 -0.10648 N   19 
-1.05425 -0.50912 -0.44352 B   20 
-0.89158 -0.24714 -0.75993 Y   20 
-1.00126 -0.79173 -0.59862 B   21 
-0.84715 -0.67259 -1.03176 R   21 
-1.14290 -0.91850 -0.31618 B   22 
-1.03844 -0.70226 -0.09859 B   23 
-0.65929 -0.95624 -0.21281 Y   23 
-1.10449 -0.61260  0.18385 B   24 
-1.20952 -0.75364  0.33869 S   24 
-1.05090 -0.33399  0.35974 B   25 
-1.20605 -0.06112  0.36531 L   25 
-0.89366 -0.47090  0.59915 B   26 
-0.64656 -0.55260  0.43201 B   27 
-0.76655 -0.85142  0.33095 N   27 
-0.54587 -0.27103  0.35807 B   28 
-0.63616 -0.31410 -0.07670 W   28 
-0.51681 -0.16521  0.64558 B   29 
-0.73376 -0.05227  0.73366 V   29 
-0.32962 -0.38587  0.74438 B   30 
-0.37004 -0.64256  0.84161 X   30 
-0.10048 -0.33159  0.54741 B   31 
-0.16422 -0.41609  0.35598 A   31 
-0.04477 -0.03495  0.61541 B   32 
-0.20048  0.08071  0.52217 A   32 
 0.02609 -0.08682  0.90920 B   33 
-0.06083 -0.08640  1.23912 K   33 
 0.28053 -0.29809  0.84546 B   34 
 0.07643 -0.55086  1.09738 F   34 
 0.43264 -0.11462  0.63179 B   35 
 0.39291 -0.33992  0.36432 E   35 
 0.38566  0.21068  0.76808 B   36 
 0.28375  0.28939  0.58767 S   36 
 0.19368  0.29018  1.00113 B   37 
 0.28564  0.24293  1.26869 N   37 
 0.02707  0.51593  0.83594 B   38 
-0.26019  0.27183  1.00529 F   38 
 0.28688  0.64188  0.67441 B   39 
 0.48133  0.80889  0.83146 N   39 
 0.34312  0.82970  0.38843 B   40 
 0.14353  0.97878  0.37934 T   40 
 0.67156  0.88328  0.45356 B   41 
 0.65570  1.26859  0.55682 Q   41 
 0.76048  0.60226  0.42437 B   42 
 0.67640  0.48501  0.57888 A   42 
 1.09854  0.46565  0.40445 B   43 
 1.15466  0.66980  0.28170 T   43 
 1.27317  0.17425  0.24656 B   44 
 1.11546  0.11244  0.53856 N   44 
 1.55307  0.00815  0.21466 B   45 
 1.88536  0.25803 -0.07550 R   45 
 1.67876 -0.22481 -0.00874 B   46 
 1.34107 -0.25990 -0.05417 N   46 
 1.90412 -0.46368 -0.08545 B   47 
 1.91895 -0.66240  0.07902 T   47 
 1.86166 -0.39829 -0.41053 B   48 
 1.60749 -0.45263 -0.46331 D   48 
 1.83895 -0.05725 -0.38592 B   49 
 1.57477 -0.00710 -0.34301 B   50 
 1.41653 -0.16335 -0.44766 S   50 
 1.24700  0.15451 -0.25297 B   51 
 1.41260  0.33454 -0.13346 T   51 
 1.00398  0.21089 -0.01843 B   52 
 0.94530 -0.12744 -0.01499 D   52 
 0.67622  0.37871 -0.05133 B   53 
 1.06462  0.58416 -0.24542 Y   53 
 0.46568  0.46951  0.17527 B   54 
 0.16918  0.32804  0.30379 B   55 
-0.05118  0.47685  0.36056 I   55 
 0.24479  0.06498  0.08266 B   56 
-0.07329  0.03018  0.05225 L   56 
 0.53378  0.01611  0.00195 B   57 
 0.70457  0.08845  0.29359 Q   57 
 0.62419  0.11155 -0.28076 B   58 
 0.34959  0.15263 -0.41854 I   58 
 0.83979  0.00169 -0.52523 B   59 
 1.04813 -0.21820 -0.49275 N   59 
 1.11731  0.12540 -0.73171 B   60 
 1.26580  0.22174 -0.58610 S   60 
 1.16484 -0.12142 -0.93900 B   61 
 1.52594 -0.33569 -0.84787 R   61 
 0.84296 -0.10655 -1.05753 B   62 
 0.96132 -0.54682 -1.05478 W   62 
 0.64549  0.16374 -0.97947 B   63 
 0.44931 -0.21995 -0.90005 W   63 
 0.86920  0.39221 -0.91890 B   64 
 0.79101  0.46217 -0.68087 X   64 
 1.06070  0.69808 -0.93479 B   65 
 1.23523  0.76059 -1.16686 N   65 
 1.39453  0.79161 -0.76631 B   66 
 1.41811  0.56743 -0.61847 D   66 
 1.67919  0.80014 -0.93728 B   67 
 1.82557  0.51392 -0.76926 B   68 
 1.80079  0.61197 -0.30632 R   68 
 1.70827  0.25577 -0.96010 B   69 
 1.55408  0.19633 -0.76535 T   69 
 1.83157  0.02896 -1.12997 B   70 
 2.01795  0.05651 -1.02862 P   70 
 1.61539 -0.11684 -1.34749 B   71 
 1.36259  0.04288 -1.34916 B   72 
 1.38383  0.21808 -1.19003 S   72 
 0.99415  0.09236 -1.43592 B   73 
 0.97819 -0.19073 -1.65336 R   73 
 0.74327  0.27213 -1.35903 B   74 
 0.76710  0.54598 -1.31013 N   74 
 0.43109  0.15790 -1.38121 B   75 
 0.52692 -0.14854 -1.42219 L   75 
 0.28112  0.41692 -1.23620 B   76 
 0.20318  0.23457 -0.99709 X   76 
 0.39791  0.67330 -1.33905 B   77 
 0.39863  0.76040 -1.59761 N   77 
 0.58730  0.78319 -1.07833 B   78 
 0.32460  0.82864 -0.95340 I   78 
 0.70389  0.95513 -0.83872 B   79 
 0.69072  1.14040 -0.93453 P   79 
 0.77840  0.83439 -0.53585 B   80 
 0.97248  0.59728 -0.61254 X   80 
 0.69769  1.10000 -0.38148 B   81 
 0.83353  1.26260 -0.49361 S   81 
 0.38943  1.07809 -0.43593 B   82 
 0.36919  1.10411 -0.64385 A   82 
 0.37669  0.83575 -0.21475 B   83 
 0.40229  0.58926 -0.42857 L   83 
 0.40792  1.07354  0.03404 B   84 
 0.71579  0.95752  0.03167 L   84 
 0.15867  1.20387  0.03697 B   85 
 0.06691  1.37419 -0.13544 S   85 
-0.14048  1.29460  0.19227 B   86 
-0.12169  1.52274  0.26269 S   86 
-0.23656  1.20886 -0.08571 B   87 
-0.41933  1.32930 -0.27948 D   87 
-0.33664  0.87245 -0.16830 B   88 
-0.43673  0.77010  0.05796 I   88 
-0.40429  0.84784 -0.46982 B   89 
-0.56094  1.05182 -0.53554 T   89 
-0.13783  0.73433 -0.58327 B   90 
-0.00155  0.90322 -0.59533 A   90 
-0.11948  0.47691 -0.40844 B   91 
 0.02936  0.56933 -0.19719 S   91 
-0.38873  0.35614 -0.49023 B   92 
-0.58869  0.44918 -0.34853 V   92 
-0.35184  0.33678 -0.79426 B   93 
-0.50732  0.62177 -0.88251 N   93 
-0.09886  0.16205 -0.76300 B   94 
 0.17498  0.24079 -0.76253 X   94 
-0.21609 -0.06638 -0.59117 B   95 
-0.23783  0.01369 -0.39252 A   95 
-0.42314 -0.16133 -0.79981 B   96 
-0.77538  0.13753 -0.74059 K   96 
-0.19864 -0.26329 -0.99040 B   97 
-0.09756  0.01804 -1.23323 K   97 
-0.05446 -0.45972 -0.80083 B   98 
 0.14752 -0.29168 -0.63605 I   98 
-0.30100 -0.65111 -0.72632 B   99 
-0.45943 -0.57777 -0.57357 V   99 
-0.33792 -0.71066 -1.05361 B   100 
-0.52140 -0.52325 -1.06015 S   100 
-0.05925 -0.87372 -1.12335 B   101 
 0.20030 -0.77373 -1.12929 D   101 
-0.13057 -1.19520 -0.96839 B   102 
-0.05371 -1.21059 -0.63508 B   103 
 0.23151 -1.31866 -0.74571 N   103 
-0.19046 -0.99920 -0.51825 B   104 
-0.13023 -0.92348 -0.17817 B   105 
-0.41973 -0.71630 -0.01366 M   105 
 0.15158 -1.07834 -0.17976 B   106 
-0.00500 -1.36954 -0.17266 N   106 
 0.31730 -0.82194 -0.25386 B   107 
 0.23144 -0.76142 -0.43470 A   107 
 0.27306 -0.78584  0.05793 B   108 
 0.06370 -0.41943 -0.14243 W   108 
 0.46470 -0.90269  0.30232 B   109 
 0.71048 -0.91969  0.23258 V   109 
 0.30204 -0.80191  0.55002 B   110 
 0.37248 -0.60302  0.58831 A   110 
 0.03570 -0.92418  0.46726 B   111 
-0.27125 -0.98397  0.23528 W   111 
 0.12157 -1.22111  0.44272 B   112 
 0.43333 -1.38377  0.20891 R   112 
 0.26724 -1.23576  0.74216 B   113 
 0.55620 -1.29139  0.60540 N   113 
 0.01137 -1.05020  0.90580 B   114 
 0.36900 -0.77200  1.12279 R   114 
-0.28478 -1.07923  0.74287 B   115 
-0.21750 -0.76911  0.71315 X   115 
-0.30855 -1.34007  0.62593 B   116 
-0.20791 -1.52529  0.23396 K   116 
-0.56606 -1.53533  0.77363 B   117 
-0.69106 -1.31118  0.92569 B   118 
-0.47542 -1.20227  1.02070 T   118 
-0.88982 -1.07668  1.10554 B   119 
-1.14221 -1.10678  1.23815 D   119 
-0.92670 -0.80052  0.90853 B   120 
-0.81415 -0.89402  0.70590 V   120 
-1.18948 -0.67005  1.01807 B   121 
-1.47453 -0.95128  0.90321 Q   121 
-1.05532 -0.54413  1.27334 B   122 
-0.98952 -0.70759  1.38242 A   122 
-0.94507 -0.28614  1.10593 B   123 
-0.54408 -0.42944  1.15283 W   123 
-1.26829 -0.16343  1.09381 B   124 
-1.29632 -0.22373  0.83333 I   124 
-1.34874 -0.12944  1.36141 B   125 
-1.39258 -0.64117  1.42918 R   125 
-1.54971  0.14855  1.45055 B   126 
-1.60171  0.23107  1.16454 B   127 
-1.28165  0.23409  1.12058 X   127 
-1.75729  0.48103  0.94935 B   128 
-2.16176  0.50314  0.96905 R   128 
-1.91314  0.30251  0.65629 B   129 
-1.66019  0.24383  0.64837 L   129 
