246 
 0.30057 -0.39034  1.24266 B   1 
 0.71541 -0.44215  1.20448 K   1 
 0.47114 -0.08811  1.33178 B   2 
 0.27939  0.04581  1.44343 V   2 
 0.62421  0.12171  1.14277 B   3 
 0.72202 -0.19535  0.86381 F   3 
 0.86590  0.30826  1.06032 B   4 
 0.95084  0.52340  0.83837 B   5 
 1.00024  0.95494  0.80786 R   5 
 1.25271  0.44063  0.77591 B   6 
 1.39710  0.70927  0.84911 X   6 
 1.18244  0.13801  0.78556 B   7 
 1.09483 -0.07730  1.09920 E   7 
 0.98463  0.12714  0.54790 B   8 
 0.67805  0.13472  0.55539 L   8 
 1.16068  0.25165  0.33124 B   9 
 1.17539  0.46319  0.37809 A   9 
 1.37197  0.03070  0.33627 B   10 
 1.48706  0.06110  0.51973 A   10 
 1.18407 -0.20493  0.26337 B   11 
 1.08866 -0.26549  0.44826 A   11 
 1.06574 -0.08340  0.00417 B   12 
 0.71611  0.13139  0.13153 M   12 
 1.33522 -0.06515 -0.13548 B   13 
 1.64915  0.23421 -0.12973 K   13 
 1.43261 -0.35420 -0.12769 B   14 
 1.41868 -0.65062  0.21660 R   14 
 1.15382 -0.43320 -0.28524 B   15 
 1.03472 -0.63093  0.02831 H   15 
 1.15426 -0.20017 -0.53257 B   16 
 0.96882  0.08011 -0.50498 B   17 
 0.72169 -0.05295 -0.34230 L   17 
 1.17015  0.26757 -0.59922 B   18 
 1.35366  0.48089 -0.47606 D   18 
 1.04770  0.39302 -0.89081 B   19 
 1.31043  0.57132 -0.83785 N   19 
 0.80186  0.24498 -0.92972 B   20 
 0.69345 -0.18235 -0.95883 Y   20 
 0.65099  0.34015 -1.20341 B   21 
 0.49590 -0.05891 -1.40896 R   21 
 0.77644  0.64278 -1.11076 B   22 
 0.76452  0.61260 -0.78834 B   23 
 0.31707  0.66223 -0.92481 Y   23 
 0.88309  0.74505 -0.54222 B   24 
 0.95642  0.96759 -0.54281 S   24 
 0.93381  0.64970 -0.22636 B   25 
 1.16327  0.47859 -0.09740 L   25 
 0.76831  0.88373 -0.08990 B   26 
 0.49225  0.79327 -0.19610 B   27 
 0.50617  0.96361 -0.48712 N   27 
 0.47346  0.52242 -0.05059 B   28 
 0.50145  0.27961 -0.42380 W   28 
 0.50719  0.63134  0.23526 B   29 
 0.75586  0.64169  0.31032 V   29 
 0.27371  0.82847  0.22441 B   30 
 0.24519  1.08703  0.12792 X   30 
 0.05235  0.62168  0.17459 B   31 
 0.06780  0.56647 -0.03651 A   31 
 0.09535  0.44118  0.42217 B   32 
 0.26808  0.31947  0.38137 A   32 
 0.04284  0.66287  0.62739 B   33 
 0.15938  0.89538  0.84823 K   33 
-0.26833  0.73458  0.52032 B   34 
-0.12451  1.11895  0.49597 F   34 
-0.37966  0.43451  0.51627 B   35 
-0.43698  0.42792  0.16906 E   35 
-0.22365  0.29470  0.80387 B   36 
-0.12198  0.13359  0.69058 S   36 
 0.00625  0.42178  0.97265 B   37 
-0.06758  0.61933  1.16706 N   37 
 0.21489  0.17357  0.94308 B   38 
 0.43169  0.50998  0.84009 F   38 
-0.01045 -0.06694  0.97188 B   39 
-0.12871 -0.11560  1.24394 N   39 
-0.03698 -0.40298  0.89065 B   40 
 0.19604 -0.48629  0.92065 T   40 
-0.32577 -0.45102  1.06176 B   41 
-0.18470 -0.66156  1.37023 Q   41 
-0.49728 -0.27914  0.89215 B   42 
-0.43674 -0.07753  0.91165 A   42 
-0.86091 -0.24618  0.88625 B   43 
-0.86563 -0.48577  0.93591 T   43 
-1.13007 -0.16574  0.63842 B   44 
-0.96893  0.09830  0.77359 N   44 
-1.44859 -0.10995  0.58963 B   45 
-1.71882 -0.53793  0.61901 R   45 
-1.66058 -0.10795  0.31570 B   46 
-1.35546 -0.05886  0.16799 N   46 
-1.95378 -0.02006  0.17413 B   47 
-2.01043  0.23200  0.17815 T   47 
-1.92738 -0.27691 -0.03821 B   48 
-1.70800 -0.23190 -0.18029 D   48 
-1.80117 -0.50622  0.18297 B   49 
-1.53115 -0.47245  0.17312 B   50 
-1.43862 -0.40262 -0.04360 S   50 
-1.16258 -0.47877  0.24911 B   51 
-1.25344 -0.55730  0.49344 T   51 
-0.89104 -0.32571  0.39083 B   52 
-0.93635 -0.06685  0.16979 D   52 
-0.53328 -0.41818  0.37956 B   53 
-0.86014 -0.75882  0.46825 Y   53 
-0.28305 -0.30069  0.54542 B   54 
-0.03096 -0.06493  0.47260 B   55 
 0.22848 -0.10102  0.54553 I   55 
-0.20422 -0.03147  0.16817 B   56 
 0.08394  0.02426  0.03713 L   56 
-0.50128 -0.09520  0.15760 B   57 
-0.61159  0.01843  0.46481 Q   57 
-0.58755 -0.36697  0.03150 B   58 
-0.32897 -0.44488 -0.12062 I   58 
-0.85013 -0.48320 -0.15789 B   59 
-1.11025 -0.33399 -0.21160 N   59 
-1.09757 -0.75471 -0.15891 B   60 
-1.19458 -0.75203  0.04873 S   60 
-1.23791 -0.71948 -0.45082 B   61 
-1.63521 -0.55971 -0.41578 R   61 
-0.94034 -0.75795 -0.61772 B   62 
-1.18419 -0.45314 -0.85327 W   62 
-0.66405 -0.87233 -0.44823 B   63 
-0.58470 -0.50805 -0.67849 W   63 
-0.80159 -1.03460 -0.20193 B   64 
-0.68196 -0.91530 -0.00412 X   64 
-0.89327 -1.29909  0.02638 B   65 
-1.06397 -1.52653 -0.05935 N   65 
-1.16456 -1.30858  0.30004 B   66 
-1.23884 -1.05034  0.27851 D   66 
-1.44961 -1.47349  0.25664 B   67 
-1.65688 -1.17600  0.24566 B   68 
-1.55636 -0.93641  0.64193 R   68 
-1.64257 -1.09541 -0.08618 B   69 
-1.49407 -0.89821 -0.02063 T   69 
-1.84494 -1.06198 -0.31733 B   70 
-2.00305 -1.04442 -0.17429 P   70 
-1.70595 -1.06551 -0.62713 B   71 
-1.41850 -1.14323 -0.59968 B   72 
-1.36979 -1.16901 -0.36853 S   72 
-1.06314 -1.17851 -0.73458 B   73 
-1.15516 -1.11343 -1.07365 R   73 
-0.76341 -1.21903 -0.63611 B   74 
-0.69896 -1.39049 -0.42540 N   74 
-0.50379 -1.10072 -0.80816 B   75 
-0.69069 -0.91917 -1.00020 L   75 
-0.26904 -1.16996 -0.58297 B   76 
-0.22511 -0.86559 -0.53905 X   76 
-0.31362 -1.44414 -0.46991 B   77 
-0.31483 -1.67956 -0.60781 N   77 
-0.43352 -1.38144 -0.15747 B   78 
-0.15786 -1.29003 -0.10905 I   78 
-0.46795 -1.36654  0.15743 B   79 
-0.40983 -1.56346  0.19648 P   79 
-0.54360 -1.08907  0.32814 B   80 
-0.80660 -0.99749  0.17909 X   80 
-0.37161 -1.16790  0.58328 B   81 
-0.46330 -1.38273  0.63718 S   81 
-0.09138 -1.13911  0.44504 B   82 
-0.08579 -1.29293  0.30143 A   82 
-0.12911 -0.81315  0.45675 B   83 
-0.24922 -0.77900  0.15420 L   83 
-0.06190 -0.82674  0.79544 B   84 
-0.38892 -0.79237  0.80690 L   84 
 0.21385 -0.88048  0.80924 B   85 
 0.33416 -1.10484  0.76085 S   85 
 0.54076 -0.79621  0.89795 B   86 
 0.59851 -0.91918  1.09519 S   86 
 0.57761 -0.90284  0.61312 B   87 
 0.76709 -1.09048  0.49336 D   87 
 0.56328 -0.69592  0.31818 B   88 
 0.65085 -0.45503  0.39558 I   88 
 0.58903 -0.86735  0.06119 B   89 
 0.79196 -1.03519  0.09469 T   89 
 0.29062 -0.90200 -0.01944 B   90 
 0.21069 -1.05506  0.11256 A   90 
 0.21412 -0.60072 -0.04279 B   91 
 0.12236 -0.55166  0.21117 S   91 
 0.42492 -0.52402 -0.25124 B   92 
 0.65704 -0.46621 -0.14401 V   92 
 0.35283 -0.71755 -0.47821 B   93 
 0.57658 -0.95975 -0.41140 N   93 
 0.06376 -0.60925 -0.49289 B   94 
-0.17236 -0.70995 -0.36921 X   94 
 0.12423 -0.30963 -0.53784 B   95 
 0.18928 -0.23282 -0.34754 A   95 
 0.27071 -0.34588 -0.80737 B   96 
 0.70043 -0.46908 -0.67673 K   96 
 0.00761 -0.43352 -0.94956 B   97 
-0.02900 -0.81637 -0.92919 K   97 
-0.16846 -0.18700 -0.89011 B   98 
-0.29275 -0.23247 -0.60963 I   98 
 0.01574  0.04147 -1.01986 B   99 
 0.20371  0.11442 -0.90514 V   99 
-0.00077 -0.12642 -1.30895 B   100 
 0.22873 -0.23860 -1.24912 S   100 
-0.32111 -0.09777 -1.38425 B   101 
-0.53796 -0.21598 -1.25619 D   101 
-0.33378  0.25137 -1.48619 B   102 
-0.37699  0.47168 -1.22765 B   103 
-0.69129  0.43195 -1.29772 N   103 
-0.17194  0.41644 -1.04894 B   104 
-0.17139  0.57731 -0.73407 B   105 
 0.18220  0.58105 -0.56448 M   105 
-0.48524  0.64470 -0.75300 B   106 
-0.42320  0.88708 -0.96926 N   106 
-0.57326  0.38183 -0.60522 B   107 
-0.49232  0.23117 -0.72559 A   107 
-0.48840  0.56944 -0.36424 B   108 
-0.20070  0.20188 -0.34530 W   108 
-0.68001  0.78666 -0.20235 B   109 
-0.92541  0.71378 -0.19709 V   109 
-0.47004  0.90326 -0.00163 B   110 
-0.47335  0.77213  0.16802 A   110 
-0.26255  0.97995 -0.21093 B   111 
-0.01318  0.91836 -0.50355 W   111 
-0.43545  1.16703 -0.38769 B   112 
-0.80395  1.08122 -0.57521 R   112 
-0.54719  1.35340 -0.13494 B   113 
-0.85202  1.25741 -0.19117 N   113 
-0.23207  1.36702  0.02997 B   114 
-0.46564  1.25100  0.45934 R   114 
 0.02337  1.32709 -0.18969 B   115 
 0.04938  1.07003 -0.00305 X   115 
-0.04424  1.44387 -0.44281 B   116 
-0.23552  1.30305 -0.81918 K   116 
 0.15675  1.72549 -0.52372 B   117 
 0.35809  1.68245 -0.30786 B   118 
 0.19595  1.63170 -0.11159 T   118 
 0.63536  1.66201 -0.08528 B   119 
 0.87940  1.81210 -0.07468 D   119 
 0.73277  1.33525 -0.07194 B   120 
 0.57716  1.25121 -0.24855 V   120 
 1.03238  1.35432  0.01721 B   121 
 1.20671  1.52885 -0.31849 Q   121 
 0.96912  1.41046  0.32029 B   122 
 0.86897  1.59189  0.31887 A   122 
 0.92457  1.09328  0.38474 B   123 
 0.50613  1.16549  0.44147 W   123 
 1.26666  1.04685  0.36244 B   124 
 1.24838  0.92245  0.12482 I   124 
 1.38069  1.21242  0.55947 B   125 
 1.27599  1.63836  0.28379 R   125 
 1.66375  1.10033  0.74092 B   126 
 1.70835  0.85841  0.56542 B   127 
 1.40114  0.77622  0.62243 X   127 
 1.90863  0.55757  0.51669 B   128 
 2.30094  0.61868  0.43400 R   128 
 1.97283  0.51823  0.14740 B   129 
 1.71451  0.51571  0.17486 L   129 
