246 
 0.30077  0.35599  1.25288 B   1 
 0.27537 -0.01748  1.44290 K   1 
 0.62200  0.19731  1.25601 B   2 
 0.77518  0.39438  1.18625 V   2 
 0.72484 -0.05584  1.08714 B   3 
 0.32215 -0.21585  1.07483 F   3 
 0.86810 -0.33535  1.05025 B   4 
 0.95307 -0.54423  0.82241 B   5 
 1.31628 -0.67088  0.61835 R   5 
 0.87852 -0.82430  0.95615 B   6 
 1.16042 -0.96169  0.95105 X   6 
 0.61476 -0.70943  1.07382 B   7 
 0.57448 -0.45705  1.36892 E   7 
 0.47025 -0.64037  0.80910 B   8 
 0.45224 -0.36871  0.66775 L   8 
 0.48775 -0.91238  0.67073 B   9 
 0.69530 -0.93839  0.61239 A   9 
 0.31839 -1.06028  0.87793 B   10 
 0.44553 -1.08407  1.05427 A   10 
 0.06120 -0.88982  0.84727 B   11 
 0.09089 -0.71326  0.96933 A   11 
 0.02806 -0.92162  0.54092 B   12 
 0.24445 -0.59174  0.37077 M   12 
 0.00004 -1.22411  0.55406 B   13 
 0.29100 -1.54575  0.56335 K   13 
-0.23743 -1.25966  0.74231 B   14 
-0.32608 -1.04523  1.13314 R   14 
-0.40900 -1.07249  0.53178 B   15 
-0.43700 -0.79531  0.80377 H   15 
-0.32881 -1.22136  0.23702 B   16 
-0.08965 -1.09112  0.03815 B   17 
-0.14765 -0.77946  0.10704 L   17 
 0.04488 -1.34059 -0.02683 B   18 
 0.30706 -1.48105  0.04986 D   18 
-0.00116 -1.38393 -0.36113 B   19 
 0.20348 -1.61988 -0.28321 N   19 
-0.17114 -1.16140 -0.43501 B   20 
-0.56545 -1.01030 -0.30503 Y   20 
-0.23722 -1.16686 -0.75490 B   21 
-0.69812 -1.05840 -0.79181 R   21 
 0.08193 -1.28435 -0.77043 B   22 
 0.21325 -1.12440 -0.52106 B   23 
 0.14787 -0.80023 -0.85564 Y   23 
 0.45988 -1.13960 -0.34466 B   24 
 0.65904 -1.24018 -0.41621 S   24 
 0.53731 -1.02716 -0.04004 B   25 
 0.47372 -1.14347  0.24455 L   25 
 0.79180 -0.85816 -0.12641 B   26 
 0.63580 -0.64852 -0.29191 B   27 
 0.64148 -0.81873 -0.58329 N   27 
 0.47111 -0.52310 -0.06381 B   28 
 0.07993 -0.67597 -0.21427 W   28 
 0.70908 -0.44210  0.11371 B   29 
 0.77787 -0.62872  0.28111 V   29 
 0.85292 -0.27347 -0.09692 B   30 
 1.02672 -0.33333 -0.30473 X   30 
 0.62896 -0.06788 -0.13966 B   31 
 0.47878 -0.16725 -0.26385 A   31 
 0.59838  0.03443  0.15071 B   32 
 0.48885 -0.11611  0.25867 A   32 
 0.88641  0.13692  0.17434 B   33 
 1.20705  0.09605  0.28352 K   33 
 0.86717  0.35091 -0.08504 B   34 
 1.20126  0.15162 -0.21801 F   34 
 0.59509  0.49531  0.00200 B   35 
 0.41337  0.39104 -0.28082 E   35 
 0.62984  0.50968  0.35582 B   36 
 0.44400  0.39544  0.39511 S   36 
 0.84405  0.36278  0.52910 B   37 
 1.10389  0.48306  0.54612 N   37 
 0.63383  0.20609  0.72214 B   38 
 0.89445 -0.08490  0.58731 F   38 
 0.41897  0.45587  0.75218 B   39 
 0.49971  0.68970  0.92299 N   39 
 0.08562  0.49691  0.83831 B   40 
 0.04971  0.31893  1.00912 T   40 
 0.10154  0.83527  0.85375 B   41 
 0.08393  0.88353  1.24966 Q   41 
 0.15116  0.88229  0.56556 B   42 
 0.34089  0.80532  0.51293 A   42 
 0.14328  1.19401  0.37552 B   43 
-0.04019  1.25904  0.52385 T   43 
 0.06626  1.30653  0.02660 B   44 
 0.37620  1.18294  0.07777 N   44 
 0.06122  1.55567 -0.18517 B   45 
-0.31982  1.87538 -0.08689 R   45 
-0.09129  1.61886 -0.48969 B   46 
-0.09329  1.27646 -0.48052 N   46 
-0.11182  1.79897 -0.77407 B   47 
 0.10318  1.80996 -0.91694 T   47 
-0.43620  1.72191 -0.79855 B   48 
-0.44687  1.45807 -0.82334 D   48 
-0.51435  1.74710 -0.46586 B   49 
-0.46507  1.49986 -0.36295 B   50 
-0.50264  1.31006 -0.51451 S   50 
-0.39921  1.21094 -0.13091 B   51 
-0.35543  1.41305  0.04616 T   51 
-0.17196  1.01111  0.02934 B   52 
-0.06069  0.91010 -0.27943 D   52 
-0.22459  0.70644  0.23201 B   53 
-0.50606  1.08846  0.30670 Y   53 
-0.01825  0.54192  0.41714 B   54 
 0.17331  0.24964  0.36901 B   55 
 0.20184  0.06009  0.56183 I   55 
 0.03662  0.26004  0.04493 B   56 
 0.04700 -0.06105  0.05547 L   56 
-0.05114  0.52672 -0.07167 B   57 
 0.18815  0.74317  0.05222 Q   57 
-0.35641  0.58979 -0.07741 B   58 
-0.47483  0.30679 -0.03313 I   58 
-0.57437  0.75442 -0.28648 B   59 
-0.49557  0.93497 -0.51887 N   59 
-0.83278  1.01524 -0.27434 B   60 
-0.73729  1.19322 -0.16600 S   60 
-0.95875  1.00202 -0.57452 B   61 
-0.83979  1.34128 -0.80981 R   61 
-1.04670  0.67176 -0.54173 B   62 
-0.92108  0.73137 -0.97592 W   62 
-1.03693  0.52331 -0.23188 B   63 
-0.82742  0.29159 -0.53916 W   63 
-1.06899  0.78084 -0.03549 B   64 
-0.85741  0.74517  0.11157 X   64 
-1.19419  1.00645  0.21731 B   65 
-1.44901  1.15472  0.18122 N   65 
-1.09285  1.36922  0.29920 B   66 
-0.88668  1.38326  0.12610 D   66 
-1.28325  1.62693  0.21163 B   67 
-1.05017  1.75628 -0.03437 B   68 
-0.63859  1.80704  0.19491 R   68 
-1.14224  1.58189 -0.31353 B   69 
-0.92558  1.44897 -0.28857 T   69 
-1.24561  1.65074 -0.59650 B   70 
-1.17464  1.85107 -0.57199 P   70 
-1.38819  1.39017 -0.76106 B   71 
-1.41549  1.16229 -0.56936 B   72 
-1.31967  1.22730 -0.36186 S   72 
-1.47962  0.79507 -0.48717 B   73 
-1.59848  0.71340 -0.81410 R   73 
-1.43866  0.58225 -0.25435 B   74 
-1.47757  0.64773  0.01426 N   74 
-1.39689  0.25779 -0.31740 B   75 
-1.35136  0.30671 -0.63410 L   75 
-1.32448  0.16356 -0.00677 B   76 
-1.03529  0.09560 -0.09761 X   76 
-1.51039  0.29765  0.18663 B   77 
-1.78215  0.27479  0.19464 N   77 
-1.31352  0.53308  0.33406 B   78 
-1.18516  0.29773  0.45579 I   78 
-1.14895  0.70218  0.54593 B   79 
-1.29489  0.70033  0.69552 P   79 
-0.83173  0.80055  0.50656 B   80 
-0.84997  0.95016  0.22896 X   80 
-0.75867  0.77648  0.81473 B   81 
-0.92664  0.91587  0.91384 S   81 
-0.77589  0.46348  0.82895 B   82 
-0.97918  0.41894  0.79723 A   82 
-0.49138  0.44938  0.66566 B   83 
-0.62166  0.41377  0.36752 L   83 
-0.33040  0.54439  0.95631 B   84 
-0.32516  0.83149  0.79568 L   84 
-0.34474  0.31682  1.12100 B   85 
-0.55171  0.22550  1.24739 S   85 
-0.19802  0.05562  1.30015 B   86 
-0.20219  0.11313  1.53260 S   86 
-0.42701 -0.08734  1.15529 B   87 
-0.63091 -0.27740  1.24338 D   87 
-0.39419 -0.24037  0.83046 B   88 
-0.13949 -0.32145  0.81508 I   88 
-0.66663 -0.35064  0.73189 B   89 
-0.77678 -0.48697  0.93127 T   89 
-0.76378 -0.11888  0.54859 B   90 
-0.83877  0.03526  0.68223 A   90 
-0.52144 -0.11064  0.35270 B   91 
-0.36254  0.07603  0.47610 S   91 
-0.53810 -0.40181  0.25936 B   92 
-0.41393 -0.56710  0.42055 V   92 
-0.82392 -0.40905  0.14791 B   93 
-0.98016 -0.53677  0.41710 N   93 
-0.76402 -0.17896 -0.04950 B   94 
-0.81215  0.10032 -0.01990 X   94 
-0.52112 -0.30056 -0.19668 B   95 
-0.35504 -0.28477 -0.06061 A   95 
-0.67154 -0.54437 -0.31219 B   96 
-0.67437 -0.84371  0.04459 K   96 
-0.84159 -0.36273 -0.49983 B   97 
-1.16644 -0.25971 -0.32041 K   97 
-0.61513 -0.22099 -0.65454 B   98 
-0.52804  0.02140 -0.48178 I   98 
-0.46413 -0.47793 -0.77346 B   99 
-0.32723 -0.60348 -0.63451 V   99 
-0.75317 -0.56603 -0.91742 B   100 
-0.79974 -0.72288 -0.71234 S   100 
-0.79492 -0.32279 -1.13698 B   101 
-0.85429 -0.05567 -1.08681 D   101 
-0.54391 -0.41362 -1.38435 B   102 
-0.23000 -0.29519 -1.31594 B   103 
-0.32782 -0.04390 -1.49637 N   103 
-0.17105 -0.38639 -1.06052 B   104 
 0.12311 -0.27158 -0.90144 B   105 
 0.24233 -0.50697 -0.61132 M   105 
 0.14323 -0.01501 -1.09424 B   106 
 0.25248 -0.20560 -1.34144 N   106 
-0.01983  0.17101 -0.90060 B   107 
-0.20201  0.07013 -0.88123 A   107 
 0.26894  0.17425 -0.76992 B   108 
-0.01349 -0.01096 -0.44717 W   108 
 0.51896  0.38032 -0.84157 B   109 
 0.43583  0.61015 -0.91787 V   109 
 0.73797  0.26696 -0.64881 B   110 
 0.70755  0.36708 -0.46163 A   110 
 0.72058 -0.02168 -0.74432 B   111 
 0.54635 -0.36223 -0.81696 W   111 
 0.77972  0.02090 -1.04570 B   112 
 0.57924  0.27458 -1.31731 R   112 
 1.05507  0.20247 -0.99757 B   113 
 0.91621  0.46070 -1.13661 N   113 
 1.17700 -0.00280 -0.73361 B   114 
 1.26614  0.41381 -0.46740 R   114 
 1.05796 -0.31945 -0.75920 B   115 
 0.92955 -0.21719 -0.48599 X   115 
 1.02837 -0.39235 -1.03504 B   116 
 0.70374 -0.37031 -1.33869 K   116 
 1.25095 -0.65072 -1.13484 B   117 
 1.33839 -0.72398 -0.85920 B   118 
 1.37601 -0.48523 -0.76449 T   118 
 1.45569 -0.86461 -0.55375 B   119 
 1.61336 -1.09859 -0.50282 D   119 
 1.18830 -0.89162 -0.34348 B   120 
 1.01435 -0.82048 -0.50825 V   120 
 1.27627 -1.11810 -0.14589 B   121 
 1.27838 -1.45005 -0.39758 Q   121 
 1.46808 -0.93559  0.02415 B   122 
 1.61524 -0.87742 -0.10967 A   122 
 1.22103 -0.81642  0.20164 B   123 
 1.27289 -0.43475  0.01414 W   123 
 1.20139 -1.11969  0.36694 B   124 
 0.97515 -1.19014  0.23997 I   124 
 1.45215 -1.15825  0.48890 B   125 
 1.67574 -1.25847  0.03246 R   125 
 1.47040 -1.30764  0.80977 B   126 
 1.17875 -1.38659  0.81422 B   127 
 1.10730 -1.07770  0.75205 X   127 
 0.91276 -1.53605  1.01398 B   128 
 0.96117 -1.92787  1.10675 R   128 
 0.70303 -1.75178  0.78700 B   129 
 0.69054 -1.51196  0.68791 L   129 
