246 
-1.26239  0.07939  0.43242 B   1 
-1.33698 -0.32552  0.51441 K   1 
-1.18466  0.00667  0.77454 B   2 
-1.15929  0.24573  0.87138 V   2 
-0.93936 -0.16184  0.89543 B   3 
-0.92429 -0.40438  0.53646 F   3 
-0.80752 -0.37967  1.08299 B   4 
-0.52097 -0.49569  1.16780 B   5 
-0.25111 -0.47461  1.50887 R   5 
-0.57455 -0.81029  1.17423 B   6 
-0.49942 -0.87033  1.47277 X   6 
-0.74818 -0.79624  0.91681 B   7 
-1.10653 -0.64633  0.87791 E   7 
-0.53216 -0.69731  0.71862 B   8 
-0.47884 -0.41067  0.62324 L   8 
-0.31953 -0.91174  0.76607 B   9 
-0.23421 -0.87144  0.96166 A   9 
-0.49161 -1.14433  0.66719 B   10 
-0.63866 -1.18209  0.82460 A   10 
-0.53971 -1.03817  0.37986 B   11 
-0.70398 -0.89758  0.39417 A   11 
-0.24279 -0.99626  0.30215 B   12 
-0.15388 -0.59177  0.41654 M   12 
-0.17020 -1.28941  0.33745 B   13 
-0.05412 -1.52345  0.68380 K   13 
-0.36429 -1.42819  0.14729 B   14 
-0.80779 -1.35019  0.08551 R   14 
-0.23709 -1.23926 -0.09128 B   15 
-0.57937 -1.05720 -0.12718 H   15 
 0.09508 -1.28289 -0.03436 B   16 
 0.27187 -1.05234  0.13680 B   17 
 0.10939 -0.79241  0.03058 L   17 
 0.42074 -1.23684  0.30519 B   18 
 0.41689 -1.32569  0.59919 D   18 
 0.74620 -1.20153  0.21256 B   19 
 0.76282 -1.39378  0.47022 N   19 
 0.73338 -1.01462 -0.00827 B   20 
 0.52348 -1.00100 -0.39682 Y   20 
 1.03196 -0.95239 -0.12532 B   21 
 0.98599 -0.95119 -0.59802 R   21 
 1.11521 -0.98222  0.20344 B   22 
 0.84567 -0.86600  0.34077 B   23 
 1.06230 -0.49133  0.15639 Y   23 
 0.70889 -0.86725  0.61181 B   24 
 0.82759 -0.89531  0.81187 S   24 
 0.39488 -0.82270  0.71595 B   25 
 0.15140 -1.02062  0.72604 L   25 
 0.45510 -0.58145  0.91333 B   26 
 0.53462 -0.37947  0.69298 B   27 
 0.86179 -0.46171  0.68278 N   27 
 0.26358 -0.36062  0.54784 B   28 
 0.40913 -0.55785  0.17509 W   28 
 0.09678 -0.27420  0.79159 B   29 
-0.00061 -0.47592  0.92352 V   29 
 0.26335 -0.02739  0.86113 B   30 
 0.49699  0.01200  1.00548 X   30 
 0.22006  0.12270  0.59684 B   31 
 0.35093  0.02617  0.45054 A   31 
-0.08905  0.13573  0.59633 B   32 
-0.15960 -0.05930  0.53887 A   32 
-0.11043  0.29416  0.85798 B   33 
-0.16790  0.30400  1.19414 K   33 
 0.07175  0.55720  0.75281 B   34 
 0.29206  0.48489  1.09230 F   34 
-0.08226  0.60486  0.47629 B   35 
 0.19745  0.53743  0.27356 E   35 
-0.41906  0.53467  0.56709 B   36 
-0.44309  0.37327  0.41709 S   36 
-0.51800  0.40327  0.83249 B   37 
-0.54131  0.57336  1.06227 N   37 
-0.67845  0.15638  0.69351 B   38 
-0.43755 -0.01877  0.98000 F   38 
-0.80281  0.33109  0.44159 B   39 
-1.02461  0.52479  0.50207 N   39 
-0.93243  0.26765  0.12632 B   40 
-1.04682  0.04817  0.15605 T   40 
-1.04394  0.58407  0.07706 B   41 
-1.43623  0.52219  0.11773 Q   41 
-0.77834  0.71476  0.06664 B   42 
-0.68553  0.70164  0.25613 A   42 
-0.68931  1.05395 -0.03520 B   43 
-0.86896  1.03254 -0.20001 T   43 
-0.39867  1.23152 -0.19119 B   44 
-0.37804  1.17646  0.14123 N   44 
-0.27045  1.51847 -0.28155 B   45 
-0.49789  1.70127 -0.69617 R   45 
-0.01575  1.62034 -0.49304 B   46 
 0.07503  1.29707 -0.42537 N   46 
 0.19993  1.85785 -0.59698 B   47 
 0.35563  1.95651 -0.41591 T   47 
 0.21082  1.71477 -0.89891 B   48 
 0.31008  1.47177 -0.86098 D   48 
-0.12117  1.63329 -0.92283 B   49 
-0.14171  1.38694 -0.80864 B   50 
 0.05361  1.23975 -0.83293 S   50 
-0.27107  1.07201 -0.64822 B   51 
-0.49356  1.22558 -0.61605 T   51 
-0.34081  0.89757 -0.36194 B   52 
-0.00593  0.90978 -0.28693 D   52 
-0.45039  0.54726 -0.31776 B   53 
-0.66287  0.81825 -0.65267 Y   53 
-0.55632  0.39441 -0.05444 B   54 
-0.40488  0.17908  0.18036 B   55 
-0.52991 -0.04159  0.27833 I   55 
-0.11451  0.24040 -0.00870 B   56 
-0.02990 -0.06033  0.06692 L   56 
-0.09076  0.49932 -0.16621 B   57 
-0.24587  0.72674  0.04278 Q   57 
-0.13644  0.48706 -0.47438 B   58 
-0.10883  0.18249 -0.52491 I   58 
-0.00904  0.64346 -0.75300 B   59 
 0.16775  0.89157 -0.75230 N   59 
-0.12428  0.82277 -1.05219 B   60 
-0.26886  0.98394 -0.97699 S   60 
 0.15139  0.85834 -1.22215 B   61 
 0.28903  1.26529 -1.21473 R   61 
 0.20696  0.51981 -1.23583 B   62 
 0.61583  0.71832 -1.20020 W   62 
-0.04331  0.30273 -1.14425 B   63 
 0.33878  0.21565 -0.94819 W   63 
-0.30843  0.48507 -1.19302 B   64 
-0.41512  0.46393 -0.95672 X   64 
-0.62790  0.60068 -1.31575 B   65 
-0.66413  0.68804 -1.59730 N   65 
-0.80051  0.94303 -1.27612 B   66 
-0.61791  1.05029 -1.10932 D   66 
-0.81276  1.16155 -1.52599 B   67 
-0.59155  1.40207 -1.36852 B   68 
-0.78010  1.48813 -0.94239 R   68 
-0.28528  1.28944 -1.47016 B   69 
-0.24704  1.21022 -1.23037 T   69 
-0.04743  1.40272 -1.63170 B   70 
-0.12146  1.60074 -1.59884 P   70 
 0.16958  1.16764 -1.74549 B   71 
 0.05078  0.89809 -1.69398 B   72 
-0.15512  0.92787 -1.57915 S   72 
 0.07271  0.51781 -1.66893 B   73 
 0.39451  0.49797 -1.82297 R   73 
-0.08224  0.26795 -1.54755 B   74 
-0.36084  0.25017 -1.55248 N   74 
 0.07667 -0.00934 -1.45346 B   75 
 0.36838  0.12956 -1.47304 L   75 
-0.18339 -0.16094 -1.31206 B   76 
-0.04621 -0.13200 -1.03486 X   76 
-0.42626 -0.13003 -1.48530 B   77 
-0.45639 -0.21829 -1.74170 N   77 
-0.61383  0.09892 -1.31702 B   78 
-0.64723 -0.12233 -1.12566 I   78 
-0.84682  0.24137 -1.15578 B   79 
-1.00415  0.16599 -1.27086 P   79 
-0.80398  0.41927 -0.87584 B   80 
-0.58562  0.62703 -0.97034 X   80 
-1.08208  0.33412 -0.74818 B   81 
-1.23492  0.39877 -0.92116 S   81 
-1.00629  0.03341 -0.70018 B   82 
-0.98499 -0.04849 -0.89293 A   82 
-0.81641  0.13046 -0.45050 B   83 
-0.53661  0.14353 -0.61982 L   83 
-1.10309  0.18225 -0.26463 B   84 
-1.03344  0.49389 -0.34391 L   84 
-1.19491 -0.07690 -0.20525 B   85 
-1.31069 -0.24453 -0.36541 S   85 
-1.27340 -0.33288  0.01871 B   86 
-1.51156 -0.34044  0.04275 S   86 
-1.11864 -0.48362 -0.19851 B   87 
-1.16892 -0.73297 -0.34258 D   87 
-0.76177 -0.53463 -0.19162 B   88 
-0.69619 -0.54579  0.06773 I   88 
-0.66520 -0.67717 -0.44940 B   89 
-0.82686 -0.88279 -0.49475 T   89 
-0.56888 -0.43584 -0.62038 B   90 
-0.74886 -0.34419 -0.70069 A   90 
-0.35904 -0.31946 -0.42139 B   91 
-0.51365 -0.13896 -0.28415 S   91 
-0.18730 -0.57166 -0.39546 B   92 
-0.27906 -0.73860 -0.21537 V   92 
-0.10994 -0.61763 -0.68884 B   93 
-0.34542 -0.84432 -0.76852 N   93 
 0.01714 -0.33675 -0.71028 B   94 
-0.09749 -0.09457 -0.80722 X   94 
 0.21855 -0.35440 -0.47667 B   95 
 0.10243 -0.33538 -0.29639 A   95 
 0.38321 -0.58842 -0.59303 B   96 
 0.13092 -0.96188 -0.47565 K   96 
 0.49042 -0.41024 -0.82514 B   97 
 0.25499 -0.43789 -1.12868 K   97 
 0.62052 -0.18342 -0.66102 B   98 
 0.39506  0.01929 -0.59578 I   98 
 0.82462 -0.35698 -0.48441 B   99 
 0.74379 -0.47793 -0.30372 V   99 
 0.95609 -0.47093 -0.77035 B   100 
 0.80181 -0.68208 -0.74928 S   100 
 1.08949 -0.19624 -0.89629 B   101 
 0.95762  0.02655 -0.99816 D   101 
 1.37804 -0.15714 -0.67798 B   102 
 1.31222  0.01076 -0.38691 B   103 
 1.40006  0.26946 -0.56193 N   103 
 1.10230 -0.12688 -0.26849 B   104 
 0.94923  0.00936  0.01965 B   105 
 0.75478 -0.25785  0.23079 M   105 
 1.05994  0.30433 -0.04468 B   106 
 1.36217  0.21624  0.05665 N   106 
 0.80419  0.38923 -0.20614 B   107 
 0.79560  0.24638 -0.35864 A   107 
 0.71002  0.42717  0.09414 B   108 
 0.42683  0.10268 -0.08682 W   108 
 0.74496  0.69822  0.28234 B   109 
 0.74163  0.91330  0.14346 V   109 
 0.61825  0.59429  0.54901 B   110 
 0.40789  0.63210  0.53155 A   110 
 0.79124  0.34484  0.57336 B   111 
 0.94076  0.00349  0.46053 W   111 
 1.07168  0.47707  0.57078 B   112 
 1.23448  0.73722  0.28071 R   112 
 1.00262  0.70012  0.80864 B   113 
 1.04468  0.94478  0.59967 N   113 
 0.82456  0.46854  1.01197 B   114 
 0.45974  0.81050  1.06044 R   114 
 0.92832  0.15049  0.95565 B   115 
 0.62504  0.14461  0.85781 X   115 
 1.20859  0.14687  0.89472 B   116 
 1.45597  0.16898  0.52541 K   116 
 1.40260 -0.01592  1.14395 B   117 
 1.17130 -0.13523  1.28974 B   118 
 1.01577  0.07256  1.29469 T   118 
 0.93449 -0.31821  1.48281 B   119 
 0.97114 -0.51280  1.69014 D   119 
 0.71376 -0.46184  1.26580 B   120 
 0.83100 -0.39395  1.05578 V   120 
 0.60133 -0.70414  1.42930 B   121 
 0.93749 -0.94888  1.45454 Q   121 
 0.40713 -0.53179  1.60705 B   122 
 0.53320 -0.40751  1.71480 A   122 
 0.17717 -0.52527  1.37507 B   123 
 0.24983 -0.10704  1.31741 W   123 
 0.10625 -0.85668  1.44447 B   124 
 0.22318 -0.94356  1.21853 I   124 
 0.02847 -0.86466  1.71489 B   125 
 0.51556 -0.78658  1.87307 R   125 
-0.23109 -1.08347  1.81671 B   126 
-0.24364 -1.22803  1.55165 B   127 
-0.28217 -0.93986  1.41074 X   127 
-0.41857 -1.48319  1.35855 B   128 
-0.38745 -1.86241  1.49892 R   128 
-0.16249 -1.67611  1.16044 B   129 
-0.13948 -1.42893  1.08388 L   129 
