246 
 0.60703  1.00817  0.63405 B   1 
 0.39659  1.33337  0.47217 K   1 
 0.32699  1.08956  0.84220 B   2 
 0.38160  0.95163  1.05471 V   2 
 0.01373  1.04381  0.78782 B   3 
 0.07864  1.08131  0.36086 F   3 
-0.29017  1.13082  0.77856 B   4 
-0.58207  1.01243  0.71907 B   5 
-0.93540  0.89367  0.94414 R   5 
-0.71620  1.24598  0.54778 B   6 
-0.96345  1.30950  0.73001 X   6 
-0.45308  1.29504  0.38976 B   7 
-0.12323  1.45874  0.51939 E   7 
-0.42824  1.01947  0.25129 B   8 
-0.25863  0.77854  0.33667 L   8 
-0.70338  1.00566  0.11882 B   9 
-0.84676  0.97188  0.27838 A   9 
-0.65953  1.24798 -0.06242 B   10 
-0.67356  1.42373  0.06696 A   10 
-0.41171  1.13936 -0.21385 B   11 
-0.24090  1.17943 -0.08668 A   11 
-0.53622  0.87190 -0.30828 B   12 
-0.44548  0.59069  0.00363 M   12 
-0.75612  1.00671 -0.46928 B   13 
-1.14761  1.15926 -0.36125 K   13 
-0.59774  1.18284 -0.66160 B   14 
-0.23820  1.44731 -0.57569 R   14 
-0.44620  0.90709 -0.76053 B   15 
-0.11148  1.04008 -0.61264 H   15 
-0.71372  0.70293 -0.80778 B   16 
-0.80227  0.47837 -0.57233 B   17 
-0.50239  0.41092 -0.46858 L   17 
-1.08884  0.52710 -0.58010 B   18 
-1.29807  0.66556 -0.40290 D   18 
-1.22671  0.23835 -0.69573 B   19 
-1.48280  0.41467 -0.61235 N   19 
-0.99653  0.07267 -0.75433 B   20 
-0.63675  0.11260 -1.00765 Y   20 
-1.08937 -0.21932 -0.86768 B   21 
-0.79379 -0.31676 -1.22643 R   21 
-1.34296 -0.17191 -0.64554 B   22 
-1.18662 -0.00478 -0.41611 B   23 
-1.02547 -0.44528 -0.38012 Y   23 
-1.25194  0.17252 -0.17846 B   24 
-1.45501  0.15692 -0.06263 S   24 
-1.08603  0.40721 -0.00868 B   25 
-1.03949  0.71152 -0.07024 L   25 
-1.10906  0.26989  0.27663 B   26 
-0.93038  0.02661  0.20909 B   27 
-1.17723 -0.16885  0.08756 N   27 
-0.66543  0.17610  0.16075 B   28 
-0.65259  0.08529 -0.27585 W   28 
-0.65026  0.31462  0.43514 B   29 
-0.76769  0.54653  0.43742 V   29 
-0.66667  0.05960  0.60303 B   30 
-0.87671 -0.09791  0.69276 X   30 
-0.41186 -0.07303  0.49471 B   31 
-0.46406 -0.15174  0.29740 A   31 
-0.20682  0.14830  0.56320 B   32 
-0.23156  0.30379  0.41649 A   32 
-0.25709  0.13988  0.86556 B   33 
-0.40396  0.26957  1.14487 K   33 
-0.17686 -0.18498  0.90380 B   34 
-0.54650 -0.21041  1.08195 F   34 
 0.10204 -0.17630  0.74698 B   35 
 0.00149 -0.39885  0.49352 E   35 
 0.22993  0.14164  0.84270 B   36 
 0.24500  0.21648  0.63461 S   36 
 0.07536  0.36873  0.99113 B   37 
 0.05033  0.34582  1.27595 N   37 
 0.12681  0.60004  0.76784 B   38 
-0.28012  0.60744  0.83949 F   38 
 0.43948  0.51599  0.69982 B   39 
 0.64901  0.57913  0.90593 N   39 
 0.66632  0.56365  0.44196 B   40 
 0.60788  0.79074  0.35737 T   40 
 0.93117  0.43965  0.61360 B   41 
 1.12709  0.77984  0.68615 Q   41 
 0.83543  0.15988  0.63058 B   42 
 0.66269  0.15144  0.75217 A   42 
 1.01334 -0.14141  0.73508 B   43 
 1.20973 -0.04062  0.62940 T   43 
 1.00789 -0.50868  0.66146 B   44 
 0.77912 -0.39838  0.88385 N   44 
 1.12689 -0.80399  0.73612 B   45 
 1.60118 -0.86151  0.56646 R   45 
 1.13597 -1.11375  0.58137 B   46 
 0.87045 -0.96509  0.42411 N   46 
 1.18068 -1.44756  0.59878 B   47 
 1.03098 -1.57322  0.76776 T   47 
 1.26834 -1.45188  0.27620 B   48 
 1.05617 -1.36673  0.14177 D   48 
 1.45167 -1.16236  0.27482 B   49 
 1.27161 -0.96515  0.22155 B   50 
 1.08307 -1.02700  0.07653 S   50 
 1.09933 -0.63252  0.18511 B   51 
 1.30418 -0.55222  0.34545 T   51 
 0.89179 -0.39505  0.31848 B   52 
 0.64162 -0.63029  0.31797 D   52 
 0.75360 -0.08769  0.16648 B   53 
 1.21975 -0.18807  0.10839 Y   53 
 0.59344  0.15711  0.30193 B   54 
 0.25176  0.24112  0.32711 B   55 
 0.16118  0.49572  0.29713 I   55 
 0.20416 -0.06414  0.15869 B   56 
-0.05005  0.07754  0.02225 L   56 
 0.41308 -0.28340  0.18501 B   57 
 0.51417 -0.24924  0.51376 Q   57 
 0.60900 -0.32730 -0.05350 B   58 
 0.46014 -0.17589 -0.27931 I   58 
 0.76587 -0.59443 -0.20302 B   59 
 0.78227 -0.87689 -0.09005 N   59 
 1.10166 -0.70115 -0.30696 B   60 
 1.23644 -0.67141 -0.12398 S   60 
 1.03924 -0.97451 -0.47288 B   61 
 1.16016 -1.32299 -0.25255 R   61 
 0.83398 -0.81292 -0.69567 B   62 
 0.65617 -1.22768 -0.63083 W   62 
 0.82906 -0.46933 -0.70372 B   63 
 0.42866 -0.64550 -0.67818 W   63 
 1.12174 -0.39733 -0.58097 B   64 
 1.04626 -0.23984 -0.38819 X   64 
 1.45581 -0.26476 -0.54478 B   65 
 1.68293 -0.36912 -0.70523 N   65 
 1.72344 -0.33463 -0.27633 B   66 
 1.56903 -0.48946 -0.11868 D   66 
 1.98612 -0.52807 -0.33891 B   67 
 1.88205 -0.79546 -0.11700 B   68 
 1.80852 -0.59011  0.30367 R   68 
 1.68402 -0.98217 -0.32374 B   69 
 1.48334 -0.89584 -0.19142 T   69 
 1.68181 -1.27256 -0.42944 B   70 
 1.81450 -1.32938 -0.27153 P   70 
 1.48361 -1.32163 -0.70076 B   71 
 1.38952 -1.05468 -0.79724 B   72 
 1.47247 -0.88826 -0.64928 S   72 
 1.16217 -0.83192 -1.00798 B   73 
 1.03225 -1.10129 -1.20352 R   73 
 1.06229 -0.53082 -1.03113 B   74 
 1.23414 -0.31456 -0.99042 N   74 
 0.76241 -0.45348 -1.15395 B   75 
 0.65940 -0.76018 -1.14439 L   75 
 0.77008 -0.12879 -1.08232 B   76 
 0.54171 -0.17156 -0.87614 X   76 
 1.03909 -0.01536 -1.15098 B   77 
 1.15617 -0.01009 -1.39737 N   77 
 1.18463  0.03069 -0.84665 B   78 
 0.98262  0.24349 -0.82229 I   78 
 1.31788  0.16131 -0.59022 B   79 
 1.44377  0.29224 -0.69361 P   79 
 1.22642  0.09841 -0.27473 B   80 
 1.24853 -0.21662 -0.26817 X   80 
 1.28817  0.39212 -0.17078 B   81 
 1.51707  0.41822 -0.23700 S   81 
 1.05513  0.53269 -0.32700 B   82 
 1.10685  0.51352 -0.53015 A   82 
 0.84415  0.40163 -0.11223 B   83 
 0.76695  0.13912 -0.29183 L   83 
 0.95045  0.63424  0.12017 B   84 
 1.11366  0.37039  0.22972 L   84 
 0.84011  0.87700  0.03066 B   85 
 0.91638  1.02092 -0.17090 S   85 
 0.63045  1.15347  0.06872 B   86 
 0.76549  1.34151  0.13009 S   86 
 0.57440  1.07050 -0.22081 B   87 
 0.55687  1.22013 -0.47133 D   87 
 0.31529  0.83866 -0.31633 B   88 
 0.12178  0.86858 -0.13373 I   88 
 0.32357  0.78264 -0.62111 B   89 
 0.34483  1.01558 -0.74665 T   89 
 0.48437  0.51653 -0.63009 B   90 
 0.69274  0.57195 -0.60266 A   90 
 0.29922  0.34484 -0.44732 B   91 
 0.41570  0.38740 -0.20249 S   91 
 0.04255  0.37848 -0.61091 B   92 
-0.08731  0.59832 -0.55153 V   92 
 0.13372  0.26792 -0.88226 B   93 
 0.21048  0.55900 -1.03249 N   93 
 0.21155 -0.00377 -0.75725 B   94 
 0.46629 -0.09333 -0.66627 X   94 
-0.05788 -0.07783 -0.62544 B   95 
-0.07482  0.04664 -0.45061 A   95 
-0.22056 -0.08941 -0.88776 B   96 
-0.32062  0.35827 -0.96822 K   96 
-0.06548 -0.34198 -0.98409 B   97 
 0.24128 -0.23438 -1.19061 K   97 
-0.12214 -0.53155 -0.74711 B   98 
 0.09179 -0.46988 -0.53121 I   98 
-0.44295 -0.52822 -0.75290 B   99 
-0.55606 -0.34440 -0.66788 V   99 
-0.42623 -0.63539 -1.06955 B   100 
-0.44991 -0.38618 -1.14805 S   100 
-0.29698 -0.93692 -1.03093 B   101 
-0.03861 -1.00322 -0.95191 D   101 
-0.58388 -1.11453 -0.89457 B   102 
-0.61726 -1.08759 -0.55486 B   103 
-0.43966 -1.35912 -0.55500 N   103 
-0.62148 -0.81500 -0.50278 B   104 
-0.61393 -0.70480 -0.16689 B   105 
-0.74803 -0.33895 -0.12256 M   105 
-0.49415 -0.98481 -0.06371 B   106 
-0.79074 -1.12731 -0.09683 N   106 
-0.19521 -0.89149 -0.08856 B   107 
-0.17890 -0.84013 -0.29063 A   107 
-0.28371 -0.76165  0.18673 B   108 
-0.17074 -0.40350 -0.09112 W   108 
-0.26978 -0.90093  0.48758 B   109 
-0.07695 -1.06817  0.50774 V   109 
-0.39288 -0.66964  0.65882 B   110 
-0.22857 -0.54142  0.70929 A   110 
-0.64802 -0.63904  0.49539 B   111 
-0.85923 -0.57290  0.17504 W   111 
-0.75686 -0.92861  0.51645 B   112 
-0.56187 -1.28851  0.41265 R   112 
-0.72938 -0.94766  0.84809 B   113 
-0.51075 -1.18604  0.82219 N   113 
-0.85091 -0.61788  0.90426 B   114 
-0.46538 -0.54241  1.21738 R   114 
-1.05235 -0.51636  0.65087 B   115 
-0.80628 -0.31475  0.63108 X   115 
-1.19948 -0.73903  0.54577 B   116 
-1.13886 -1.03835  0.22202 K   116 
-1.54899 -0.71469  0.60499 B   117 
-1.54529 -0.42985  0.69353 B   118 
-1.33962 -0.43987  0.85161 T   118 
-1.59796 -0.08897  0.78220 B   119 
-1.83984  0.05999  0.82099 D   119 
-1.41000  0.10247  0.57133 B   120 
-1.33152 -0.08412  0.42473 V   120 
-1.55678  0.37905  0.57710 B   121 
-1.91444  0.28592  0.38488 Q   121 
-1.44198  0.46719  0.85650 B   122 
-1.51812  0.32759  0.98941 A   122 
-1.16102  0.56968  0.72499 B   123 
-0.95604  0.24453  0.91414 W   123 
-1.32822  0.84381  0.59623 B   124 
-1.32171  0.74752  0.34533 I   124 
-1.43449  0.98125  0.81772 B   125 
-1.79433  0.61585  0.89108 R   125 
-1.44013  1.33562  0.81846 B   126 
-1.35895  1.35981  0.52839 B   127 
-1.10415  1.17352  0.59736 X   127 
-1.27217  1.59194  0.26085 B   128 
-1.56962  1.83915  0.13884 R   128 
-1.42593  1.46479 -0.05889 B   129 
-1.26815  1.27566  0.02372 L   129 
