246 
 0.57511  0.40590  1.13640 B   1 
 0.45990  0.09350  1.39206 K   1 
 0.82617  0.15029  1.13940 B   2 
 1.02234  0.27228  1.02192 V   2 
 0.81781 -0.14376  1.01040 B   3 
 0.38779 -0.15863  1.06306 F   3 
 0.85792 -0.45746  1.01183 B   4 
 0.83840 -0.71255  0.81868 B   5 
 1.10920 -0.98160  0.60922 R   5 
 0.69873 -0.92933  1.00678 B   6 
 0.91852 -1.15302  1.00140 X   6 
 0.50497 -0.71692  1.12488 B   7 
 0.58986 -0.42695  1.37210 E   7 
 0.35344 -0.64107  0.86600 B   8 
 0.40260 -0.40197  0.68021 L   8 
 0.26349 -0.91961  0.77789 B   9 
 0.44135 -1.02202  0.70691 A   9 
 0.08753 -0.97106  1.02259 B   10 
 0.22447 -1.01133  1.18828 A   10 
-0.10372 -0.72995  0.98478 B   11 
-0.00223 -0.55846  1.06991 A   11 
-0.18891 -0.79141  0.69337 B   12 
 0.09428 -0.58121  0.44799 M   12 
-0.30944 -1.06168  0.76321 B   13 
-0.13766 -1.45793  0.80430 K   13 
-0.51623 -0.98825  0.97519 B   14 
-0.47498 -0.70385  1.32734 R   14 
-0.64779 -0.78572  0.75055 B   15 
-0.54683 -0.48005  0.96956 H   15 
-0.66232 -0.99274  0.48146 B   16 
-0.42537 -0.98010  0.24188 B   17 
-0.37076 -0.66074  0.25840 L   17 
-0.38794 -1.26682  0.21116 B   18 
-0.17586 -1.47523  0.28820 D   18 
-0.49291 -1.33858 -0.10442 B   19 
-0.36493 -1.61631 -0.00383 N   19 
-0.59209 -1.08449 -0.20171 B   20 
-0.89492 -0.79259 -0.06644 Y   20 
-0.70173 -1.11221 -0.50820 B   21 
-1.10451 -0.86098 -0.52281 R   21 
-0.44221 -1.33140 -0.53070 B   22 
-0.23246 -1.19177 -0.32694 B   23 
-0.23877 -0.91496 -0.70725 Y   23 
 0.01920 -1.26433 -0.17339 B   24 
 0.16359 -1.43518 -0.24312 S   24 
 0.17129 -1.14299  0.09787 B   25 
 0.11563 -1.18985  0.40326 L   25 
 0.45110 -1.08365 -0.03987 B   26 
 0.34775 -0.85913 -0.22584 B   27 
 0.25709 -1.06041 -0.48113 N   27 
 0.26606 -0.65480 -0.01030 B   28 
-0.17076 -0.68630 -0.09528 W   28 
 0.54034 -0.63472  0.12780 B   29 
 0.56955 -0.80813  0.31926 V   29 
 0.69847 -0.55585 -0.12173 B   30 
 0.81246 -0.69937 -0.33002 X   30 
 0.54779 -0.29494 -0.18066 B   31 
 0.35761 -0.35423 -0.27103 A   31 
 0.59339 -0.14860  0.08809 B   32 
 0.45841 -0.23663  0.23073 A   32 
 0.89930 -0.14703  0.06710 B   33 
 1.20250 -0.27787  0.15283 K   33 
 0.91201  0.02223 -0.22381 B   34 
 1.14265 -0.29464 -0.34796 F   34 
 0.71544  0.26064 -0.14030 B   35 
 0.47134  0.18515 -0.38237 E   35 
 0.80342  0.31199  0.20062 B   36 
 0.59860  0.27385  0.27625 S   36 
 0.98239  0.12733  0.37772 B   37 
 1.26659  0.15405  0.34956 N   37 
 0.76331  0.07949  0.61379 B   38 
 0.89569 -0.29822  0.51088 F   38 
 0.64567  0.38869  0.61739 B   39 
 0.82022  0.60311  0.73540 N   39 
 0.35869  0.55142  0.72409 B   40 
 0.29301  0.42184  0.92666 T   40 
 0.48338  0.86319  0.67685 B   41 
 0.53912  0.96965  1.05756 Q   41 
 0.50341  0.84975  0.38164 B   42 
 0.64919  0.70672  0.32704 A   42 
 0.56780  1.11588  0.14004 B   43 
 0.43785  1.25913  0.29000 T   43 
 0.48123  1.19760 -0.21515 B   44 
 0.73977  0.98520 -0.17040 N   44 
 0.52526  1.40148 -0.46703 B   45 
 0.28392  1.84140 -0.39436 R   45 
 0.35866  1.46896 -0.76312 B   46 
 0.24926  1.15220 -0.69229 N   46 
 0.35579  1.60361 -1.07230 B   47 
 0.54025  1.52126 -1.23341 T   47 
 0.02378  1.63784 -1.05349 B   48 
-0.07365  1.39236 -1.02931 D   48 
 0.00636  1.73437 -0.72515 B   49 
-0.01126  1.50206 -0.58420 B   50 
-0.12858  1.31676 -0.69514 S   50 
-0.00801  1.24348 -0.31074 B   51 
 0.12271  1.44173 -0.17758 T   51 
 0.16447  1.00334 -0.13803 B   52 
 0.19226  0.82842 -0.43223 D   52 
 0.04742  0.76594  0.12007 B   53 
-0.08419  1.22697  0.14953 Y   53 
 0.21511  0.56919  0.31266 B   54 
 0.29482  0.22575  0.30107 B   55 
 0.28901  0.06676  0.52156 I   55 
 0.12343  0.23602 -0.00608 B   56 
 0.03261 -0.06489  0.06114 L   56 
 0.10920  0.49749 -0.16051 B   57 
 0.42007  0.63567 -0.09946 Q   57 
-0.15766  0.65836 -0.15028 B   58 
-0.35224  0.44108 -0.04538 I   58 
-0.33965  0.85575 -0.36530 B   59 
-0.24181  0.96461 -0.63249 N   59 
-0.49717  1.18740 -0.37735 B   60 
-0.33554  1.33609 -0.31178 S   60 
-0.66257  1.17542 -0.65779 B   61 
-0.47707  1.41807 -0.95998 R   61 
-0.84526  0.90227 -0.55835 B   62 
-0.77100  0.85441 -1.00562 W   62 
-0.83876  0.80430 -0.22895 B   63 
-0.76024  0.47477 -0.50691 W   63 
-0.75872  1.08242 -0.08010 B   64 
-0.55063  0.99851  0.05153 X   64 
-0.76800  1.37017  0.13808 B   65 
-0.96487  1.58906  0.09874 N   65 
-0.54595  1.68518  0.14393 B   66 
-0.37315  1.60440 -0.04655 D   66 
-0.65505  1.97699  0.02871 B   67 
-0.43085  1.98424 -0.25635 B   68 
 0.00395  1.92487 -0.07758 R   68 
-0.61270  1.81375 -0.49020 B   69 
-0.44831  1.62045 -0.46112 T   69 
-0.72836  1.87297 -0.77058 B   70 
-0.59465  2.03895 -0.78897 P   70 
-0.96847  1.65538 -0.87215 B   71 
-1.03894  1.47939 -0.64088 B   72 
-0.89864  1.53673 -0.45786 S   72 
-1.20396  1.17072 -0.48852 B   73 
-1.38829  1.08887 -0.78347 R   73 
-1.19975  0.99150 -0.22577 B   74 
-1.17680  1.10331  0.02904 N   74 
-1.27281  0.66653 -0.23282 B   75 
-1.26010  0.65223 -0.55593 L   75 
-1.19025  0.59802  0.08198 B   76 
-0.95389  0.42446 -0.02054 X   76 
-1.29406  0.81270  0.26387 B   77 
-1.55487  0.88421  0.30005 N   77 
-1.01353  0.98616  0.34833 B   78 
-0.95055  0.74089  0.49853 I   78 
-0.77509  1.11783  0.51076 B   79 
-0.89096  1.18634  0.67064 P   79 
-0.45220  1.09687  0.42619 B   80 
-0.46163  1.20330  0.12895 X   80 
-0.34708  1.09311  0.72591 B   81 
-0.44594  1.29344  0.81286 S   81 
-0.46068  0.80955  0.79774 B   82 
-0.66991  0.83220  0.79281 A   82 
-0.22199  0.67753  0.61495 B   83 
-0.39825  0.64646  0.34092 L   83 
 0.00085  0.75250  0.86821 B   84 
 0.07394  0.99542  0.65869 L   84 
-0.06125  0.56863  1.07180 B   85 
-0.26608  0.57118  1.23052 S   85 
 0.01897  0.30117  1.28126 B   86 
 0.06676  0.38875  1.49899 S   86 
-0.26189  0.22498  1.18552 B   87 
-0.50073  0.12920  1.32422 D   87 
-0.32647  0.02584  0.89195 B   88 
-0.11575 -0.13771  0.86878 I   88 
-0.63101  0.00122  0.83954 B   89 
-0.74892 -0.06053  1.06923 T   89 
-0.67474  0.22399  0.62690 B   90 
-0.67681  0.41153  0.73674 A   90 
-0.47316  0.12241  0.41192 B   91 
-0.24717  0.25991  0.48501 S   91 
-0.59475 -0.15612  0.37440 B   92 
-0.50774 -0.32922  0.55100 V   92 
-0.88093 -0.08211  0.29202 B   93 
-1.02925 -0.11050  0.59265 N   93 
-0.78002  0.08415  0.05185 B   94 
-0.73210  0.36451  0.03484 X   94 
-0.61218 -0.13164 -0.09208 B   95 
-0.43197 -0.15385  0.02356 A   95 
-0.84726 -0.32409 -0.14791 B   96 
-0.89379 -0.55167  0.25575 K   96 
-0.97585 -0.12401 -0.34928 B   97 
-1.22177  0.10665 -0.16312 K   97 
-0.74081 -0.09017 -0.54655 B   98 
-0.55731  0.13036 -0.42873 I   98 
-0.69807 -0.39698 -0.63023 B   99 
-0.58971 -0.54051 -0.48370 V   99 
-1.01764 -0.40172 -0.72962 B   100 
-1.08166 -0.50322 -0.49632 S   100 
-1.01101 -0.19205 -0.98479 B   101 
-0.97452  0.08368 -0.97845 D   101 
-0.84019 -0.39601 -1.23313 B   102 
-0.49853 -0.38202 -1.21543 B   103 
-0.53626 -0.14046 -1.42872 N   103 
-0.43556 -0.45093 -0.95404 B   104 
-0.10052 -0.42093 -0.84512 B   105 
-0.02191 -0.63951 -0.52914 M   105 
-0.02782 -0.21596 -1.08198 B   106 
-0.02154 -0.46494 -1.29955 N   106 
-0.09367  0.03939 -0.91126 B   107 
-0.29368  0.00965 -0.85788 A   107 
 0.19677 -0.03663 -0.80957 B   108 
-0.08040 -0.06845 -0.43487 W   108 
 0.48629  0.06080 -0.93916 B   109 
 0.47047  0.29207 -1.04788 V   109 
 0.68321 -0.09151 -0.74944 B   110 
 0.71344  0.03823 -0.58140 A   110 
 0.56143 -0.36775 -0.78947 B   111 
 0.27946 -0.63620 -0.78376 W   111 
 0.58708 -0.39039 -1.09764 B   112 
 0.44079 -0.12478 -1.39153 R   112 
 0.90976 -0.30748 -1.10775 B   113 
 0.84172 -0.03980 -1.27808 N   113 
 0.99672 -0.50261 -0.82307 B   114 
 1.25095 -0.10748 -0.64526 R   114 
 0.78083 -0.76081 -0.78050 B   115 
 0.73226 -0.58394 -0.51983 X   115 
 0.69028 -0.85744 -1.03494 B   116 
 0.34940 -0.77008 -1.30743 K   116 
 0.80240 -1.18703 -1.10602 B   117 
 0.90068 -1.24601 -0.83060 B   118 
 1.02544 -1.02315 -0.78417 T   118 
 1.00981 -1.37358 -0.51651 B   119 
 1.09051 -1.63741 -0.43854 D   119 
 0.78085 -1.27900 -0.28183 B   120 
 0.61677 -1.17726 -0.44055 V   120 
 0.81970 -1.49175 -0.05533 B   121 
 0.67999 -1.83681 -0.24229 Q   121 
 1.08192 -1.36267  0.06128 B   122 
 1.21909 -1.37695 -0.09341 A   122 
 0.91378 -1.14349  0.23571 B   123 
 1.05675 -0.83202 -0.02133 W   123 
 0.82273 -1.39595  0.45401 B   124 
 0.57007 -1.40306  0.36248 I   124 
 1.06301 -1.49929  0.55806 B   125 
 1.17509 -1.73210  0.10905 R   125 
 1.07875 -1.59945  0.89767 B   126 
 0.78096 -1.57394  0.94225 B   127 
 0.80325 -1.27104  0.83208 X   127 
 0.51288 -1.59530  1.18856 B   128 
 0.44704 -1.96334  1.34569 R   128 
 0.21514 -1.75726  1.02377 B   129 
 0.26542 -1.54372  0.88462 L   129 
