246 
-0.89943  0.14022 -0.97891 B   1 
-0.98692 -0.26310 -1.05587 K   1 
-1.17947  0.03514 -0.78165 B   2 
-1.26846  0.26323 -0.69667 V   2 
-1.18619 -0.16040 -0.52690 B   3 
-0.84056 -0.37439 -0.67744 F   3 
-1.29684 -0.40165 -0.35494 B   4 
-1.25638 -0.54529 -0.07123 B   5 
-1.46345 -0.57155  0.31090 R   5 
-1.27006 -0.85447 -0.14935 B   6 
-1.51169 -0.94331  0.02980 X   6 
-1.10317 -0.80714 -0.40726 B   7 
-1.21561 -0.62800 -0.73539 E   7 
-0.84011 -0.70952 -0.27688 B   8 
-0.74371 -0.42110 -0.23649 L   8 
-0.79040 -0.94245 -0.08528 B   9 
-0.93782 -0.92422  0.07314 A   9 
-0.75785 -1.15289 -0.30470 B   10 
-0.95882 -1.19170 -0.38171 A   10 
-0.51778 -1.02112 -0.45012 B   11 
-0.60187 -0.87008 -0.58079 A   11 
-0.33083 -0.99576 -0.20443 B   12 
-0.41783 -0.60940 -0.03783 M   12 
-0.32201 -1.29542 -0.15366 B   13 
-0.58389 -1.56408  0.06417 K   13 
-0.21842 -1.40376 -0.41940 B   14 
-0.34048 -1.28787 -0.84161 R   14 
 0.04273 -1.20679 -0.37704 B   15 
-0.06747 -0.99714 -0.68606 H   15 
 0.12376 -1.27971 -0.05518 B   16 
 0.02683 -1.07736  0.19655 B   17 
 0.04895 -0.79835  0.03250 L   17 
-0.06092 -1.28524  0.37995 B   18 
-0.32839 -1.39641  0.48216 D   18 
 0.15130 -1.26743  0.64529 B   19 
-0.07034 -1.48007  0.74167 N   19 
 0.34087 -1.06329  0.56620 B   20 
 0.61375 -1.00333  0.22392 Y   20 
 0.56371 -1.01477  0.80010 B   21 
 0.97916 -0.97291  0.57381 R   21 
 0.29628 -1.07657  1.00151 B   22 
 0.05873 -0.95151  0.82002 B   23 
 0.29762 -0.58092  0.98403 Y   23 
-0.24399 -0.96375  0.80039 B   24 
-0.37939 -1.01634  0.98424 S   24 
-0.46564 -0.90395  0.55805 B   25 
-0.56277 -1.08310  0.31924 L   25 
-0.63317 -0.68421  0.71436 B   26 
-0.40816 -0.47210  0.72150 B   27 
-0.26589 -0.57775  1.00874 N   27 
-0.38301 -0.42148  0.41870 B   28 
 0.02494 -0.59919  0.38676 W   28 
-0.67630 -0.34216  0.36975 B   29 
-0.82727 -0.54570  0.31180 V   29 
-0.68472 -0.11488  0.57411 B   30 
-0.72642 -0.10471  0.84822 X   30 
-0.46576  0.05839  0.44650 B   31 
-0.27566 -0.03594  0.49954 A   31 
-0.58811  0.09472  0.16466 B   32 
-0.55500 -0.08930  0.05810 A   32 
-0.84337  0.23323  0.26303 B   33 
-1.17494  0.22091  0.34251 K   33 
-0.68602  0.48922  0.41519 B   34 
-0.90727  0.37400  0.74198 F   34 
-0.49527  0.56998  0.17117 B   35 
-0.19577  0.49779  0.34137 E   35 
-0.70880  0.51851 -0.10875 B   36 
-0.57382  0.37168 -0.20545 S   36 
-0.98583  0.37448 -0.10901 B   37 
-1.21312  0.52722 -0.02366 N   37 
-0.91128  0.15211 -0.33486 B   38 
-1.07138 -0.06273 -0.02022 F   38 
-0.73679  0.35499 -0.52940 B   39 
-0.88825  0.55952 -0.68939 N   39 
-0.49610  0.32652 -0.77736 B   40 
-0.55928  0.11465 -0.89251 T   40 
-0.50849  0.65335 -0.86686 B   41 
-0.69834  0.61826 -1.21630 Q   41 
-0.39944  0.76403 -0.61470 B   42 
-0.53602  0.72907 -0.45716 A   42 
-0.28523  1.10248 -0.53886 B   43 
-0.20417  1.10773 -0.76972 T   43 
-0.03472  1.26932 -0.31583 B   44 
-0.32920  1.18688 -0.17284 N   44 
 0.08668  1.55199 -0.20489 B   45 
 0.36933  1.78350 -0.55641 R   45 
 0.37712  1.65066 -0.04400 B   46 
 0.36471  1.31713  0.03303 N   46 
 0.54767  1.87865  0.13673 B   47 
 0.43894  1.95072  0.35976 T   47 
 0.83509  1.75936  0.01459 B   48 
 0.84990  1.50733  0.09584 D   48 
 0.72918  1.70531 -0.30680 B   49 
 0.62679  1.45300 -0.30580 B   50 
 0.73260  1.29385 -0.15127 S   50 
 0.44185  1.13709 -0.39328 B   51 
 0.31780  1.30402 -0.56896 T   51 
 0.15905  0.94643 -0.36299 B   52 
 0.22216  0.92738 -0.02598 D   52 
 0.09008  0.60301 -0.48123 B   53 
 0.30177  0.91477 -0.77912 Y   53 
-0.18689  0.43835 -0.49085 B   54 
-0.33325  0.19439 -0.28228 B   55 
-0.46319 -0.02323 -0.38069 I   55 
-0.04754  0.24829 -0.08407 B   56 
-0.07066 -0.06298 -0.00733 L   56 
 0.09534  0.51627 -0.09776 B   57 
-0.16745  0.73761 -0.13541 Q   57 
 0.36051  0.53178 -0.26098 B   58 
 0.43077  0.23093 -0.28599 I   58 
 0.65987  0.69955 -0.23732 B   59 
 0.71860  0.93278 -0.05031 N   59 
 0.88115  0.91004 -0.44147 B   60 
 0.74811  1.07525 -0.52830 S   60 
 1.14461  0.93796 -0.25184 B   61 
 1.17492  1.33150 -0.08211 R   61 
 1.19356  0.59832 -0.24030 B   62 
 1.31414  0.76198  0.16778 W   62 
 1.01979  0.39424 -0.45547 B   63 
 0.99475  0.26340 -0.03801 W   63 
 0.95190  0.59934 -0.69885 B   64 
 0.69380  0.56779 -0.70649 X   64 
 0.93321  0.74804 -1.02753 B   65 
 1.17348  0.85978 -1.16172 N   65 
 0.81400  1.09827 -1.13570 B   66 
 0.72863  1.17797 -0.89274 D   66 
 1.02910  1.33606 -1.22241 B   67 
 0.96188  1.54606 -0.93438 B   68 
 0.49268  1.61231 -0.93215 R   68 
 1.18107  1.41897 -0.70498 B   69 
 0.97958  1.31847 -0.58442 T   69 
 1.41853  1.52633 -0.53889 B   70 
 1.35067  1.72617 -0.57395 P   70 
 1.61878  1.28522 -0.40823 B   71 
 1.53601  1.02220 -0.52395 B   72 
 1.34795  1.05831 -0.66465 S   72 
 1.53789  0.64055 -0.53228 B   73 
 1.80734  0.60866 -0.29979 R   73 
 1.37588  0.39433 -0.65187 B   74 
 1.27096  0.39809 -0.91058 N   74 
 1.36422  0.09930 -0.49756 B   75 
 1.49165  0.21688 -0.22424 L   75 
 1.13808 -0.04289 -0.69569 B   76 
 0.93679 -0.04629 -0.45911 X   76 
 1.19964  0.01981 -0.98244 B   77 
 1.42672 -0.04547 -1.11887 N   77 
 0.96131  0.24832 -1.06552 B   78 
 0.78195  0.01585 -1.04369 I   78 
 0.71515  0.39481 -1.20161 B   79 
 0.76172  0.34082 -1.39807 P   79 
 0.46769  0.54640 -1.03536 B   80 
 0.63191  0.74386 -0.85149 X   80 
 0.24419  0.47270 -1.24869 B   81 
 0.33969  0.56212 -1.44956 S   81 
 0.24294  0.16429 -1.19078 B   82 
 0.43169  0.09644 -1.25468 A   82 
 0.08484  0.22678 -0.90987 B   83 
 0.35030  0.23197 -0.71848 L   83 
-0.20129  0.28528 -1.09460 B   84 
-0.11427  0.59604 -1.03048 L   84 
-0.28105  0.02993 -1.18151 B   85 
-0.17277 -0.11535 -1.36678 S   85 
-0.50667 -0.23621 -1.19171 B   86 
-0.62261 -0.22764 -1.40110 S   86 
-0.23975 -0.38065 -1.14991 B   87 
-0.11684 -0.61338 -1.27715 D   87 
-0.10274 -0.45884 -0.82568 B   88 
-0.31427 -0.49529 -0.66563 I   88 
 0.17803 -0.58754 -0.85212 B   89 
 0.16445 -0.77616 -1.03842 T   89 
 0.36272 -0.34147 -0.80640 B   90 
 0.36130 -0.23046 -0.99326 A   90 
 0.25820 -0.25729 -0.52505 B   91 
 0.06345 -0.07698 -0.59492 S   91 
 0.31308 -0.52299 -0.38306 B   92 
 0.11867 -0.69618 -0.41358 V   92 
 0.61479 -0.55144 -0.43127 B   93 
 0.60441 -0.75273 -0.70064 N   93 
 0.67278 -0.28015 -0.29511 B   94 
 0.70606 -0.02313 -0.41352 X   94 
 0.53886 -0.33128 -0.02142 B   95 
 0.32673 -0.31779 -0.05550 A   95 
 0.72071 -0.56718  0.06043 B   96 
 0.52914 -0.92860 -0.16222 K   96 
 0.96848 -0.37989  0.08594 B   97 
 1.15503 -0.36572 -0.25071 K   97 
 0.85971 -0.17717  0.29180 B   98 
 0.70204  0.03622  0.13122 I   98 
 0.78580 -0.37900  0.53006 B   99 
 0.59319 -0.50734  0.51439 V   99 
 1.10499 -0.47970  0.52746 B   100 
 1.03363 -0.67960  0.37326 S   100 
 1.26160 -0.20680  0.62803 B   101 
 1.29342  0.03262  0.48997 D   101 
 1.17378 -0.20691  0.98121 B   102 
 0.87355 -0.05794  1.05132 B   103 
 1.05785  0.20635  1.08945 N   103 
 0.68774 -0.18823  0.89154 B   104 
 0.35703 -0.06391  0.87747 B   105 
 0.09778 -0.33146  0.75500 M   105 
 0.44728  0.22600  0.98334 B   106 
 0.47761  0.10764  1.29065 N   106 
 0.49064  0.34241  0.69480 B   107 
 0.63324  0.21305  0.61312 A   107 
 0.17628  0.36360  0.72951 B   108 
 0.24411  0.07667  0.36715 W   108 
 0.00590  0.61558  0.86210 B   109 
 0.12284  0.84056  0.82649 V   109 
-0.28446  0.50086  0.83967 B   110 
-0.35326  0.55571  0.64411 A   110 
-0.22776  0.23792  0.98246 B   111 
-0.05056 -0.10380  1.04106 W   111 
-0.12009  0.34839  1.25143 B   112 
 0.19935  0.61752  1.31345 R   112 
-0.37513  0.55661  1.30337 B   113 
-0.17719  0.81308  1.28494 N   113 
-0.62225  0.32386  1.19642 B   114 
-0.82558  0.68750  0.91573 R   114 
-0.51600  0.00430  1.23751 B   115 
-0.54593  0.02905  0.92116 X   115 
-0.34908 -0.01567  1.46993 B   116 
 0.08666  0.01669  1.55457 K   116 
-0.49407 -0.21174  1.72836 B   117 
-0.71423 -0.32435  1.56152 B   118 
-0.78914 -0.10645  1.44195 T   118 
-0.97724 -0.50355  1.40167 B   119 
-1.14468 -0.71606  1.49653 D   119 
-0.85934 -0.61259  1.10058 B   120 
-0.62317 -0.53742  1.13281 V   120 
-1.04349 -0.85781  1.03710 B   121 
-0.92327 -1.12847  1.33007 Q   121 
-1.29073 -0.68582  0.94596 B   122 
-1.34501 -0.58028  1.11586 A   122 
-1.16913 -0.64372  0.64566 B   123 
-1.10530 -0.22893  0.73168 W   123 
-1.24674 -0.97326  0.57453 B   124 
-0.98950 -1.05067  0.58474 I   124 
-1.52527 -0.99660  0.60799 B   125 
-1.48105 -0.96821  1.12337 R   125 
-1.71203 -1.20251  0.38815 B   126 
-1.46766 -1.32440  0.25878 B   127 
-1.36588 -1.02395  0.19750 X   127 
-1.34883 -1.54964 -0.00225 B   128 
-1.44915 -1.93999  0.04289 R   128 
-1.05756 -1.74515  0.13551 B   129 
-0.98874 -1.49516  0.15154 L   129 
