246 
 1.16769 -0.56700 -0.31926 B   1 
 1.22837 -0.80546  0.02087 K   1 
 1.03193 -0.89428 -0.37250 B   2 
 0.98925 -0.88913 -0.62807 V   2 
 0.76997 -1.02859 -0.24398 B   3 
 0.81843 -0.78917  0.11413 F   3 
 0.60832 -1.26041 -0.10205 B   4 
 0.31183 -1.33552 -0.00609 B   5 
-0.01329 -1.59600 -0.13276 R   5 
 0.36461 -1.46778  0.27957 B   6 
 0.23896 -1.75092  0.23045 X   6 
 0.58030 -1.25517  0.34946 B   7 
 0.93941 -1.22077  0.20025 E   7 
 0.40167 -1.00257  0.34549 B   8 
 0.36469 -0.79957  0.11849 L   8 
 0.18481 -1.09223  0.54139 B   9 
 0.06665 -1.24213  0.43784 A   9 
 0.37231 -1.11654  0.78169 B   10 
 0.48989 -1.29795  0.74867 A   10 
 0.46925 -0.82205  0.78577 B   11 
 0.62801 -0.80871  0.63890 A   11 
 0.19021 -0.68791  0.79585 B   12 
 0.08129 -0.62668  0.38477 M   12 
 0.11365 -0.81834  1.05963 B   13 
-0.06002 -1.20377  1.15704 K   13 
 0.33836 -0.72767  1.24505 B   14 
 0.78555 -0.71292  1.16512 R   14 
 0.25388 -0.41868  1.16643 B   15 
 0.59652 -0.37241  0.98742 H   15 
-0.08297 -0.43390  1.20866 B   16 
-0.28767 -0.47563  0.94397 B   17 
-0.11014 -0.30723  0.73095 L   17 
-0.46287 -0.67473  1.06321 B   18 
-0.50986 -0.97714  1.03707 D   18 
-0.76740 -0.52488  1.08686 B   19 
-0.82785 -0.82955  1.17138 N   19 
-0.71706 -0.25523  0.99401 B   20 
-0.44286  0.07119  1.11009 Y   20 
-0.99097 -0.07729  0.99985 B   21 
-0.86352  0.34754  1.16966 R   21 
-1.13000 -0.37542  0.91214 B   22 
-0.88887 -0.50040  0.73536 B   23 
-1.07151 -0.15705  0.47069 Y   23 
-0.80128 -0.77029  0.62735 B   24 
-0.95285 -0.94454  0.58782 S   24 
-0.51033 -0.89891  0.52620 B   25 
-0.27159 -1.02118  0.68933 L   25 
-0.60482 -0.97920  0.23394 B   26 
-0.64557 -0.68958  0.13326 B   27 
-0.96568 -0.65877  0.23566 N   27 
-0.35349 -0.59329  0.15067 B   28 
-0.43130 -0.30345  0.48077 W   28 
-0.23192 -0.81021 -0.03064 B   29 
-0.15821 -1.02183  0.10115 V   29 
-0.40894 -0.75466 -0.27368 B   30 
-0.66426 -0.83439 -0.34737 X   30 
-0.32092 -0.46398 -0.31849 B   31 
-0.42401 -0.34559 -0.16615 A   31 
-0.01647 -0.50804 -0.35154 B   32 
 0.06370 -0.53989 -0.15438 A   32 
-0.04149 -0.69109 -0.59626 B   33 
-0.04337 -1.00362 -0.73311 K   33 
-0.20357 -0.46741 -0.78895 B   34 
-0.47928 -0.76933 -0.83184 F   34 
-0.00401 -0.22162 -0.74185 B   35 
-0.24396 -0.01701 -0.58553 E   35 
 0.31213 -0.38467 -0.73327 B   36 
 0.36247 -0.31197 -0.53002 S   36 
 0.36390 -0.69209 -0.71593 B   37 
 0.34629 -0.84199 -0.95985 N   37 
 0.54697 -0.68328 -0.44682 B   38 
 0.26058 -0.97203 -0.37343 F   38 
 0.71260 -0.40764 -0.52456 B   39 
 0.91980 -0.42579 -0.74161 N   39 
 0.89529 -0.16417 -0.35851 B   40 
 1.00357 -0.29181 -0.17379 T   40 
 1.01250 -0.01849 -0.64139 B   41 
 1.39197 -0.14153 -0.62584 Q   41 
 0.75228  0.08242 -0.74055 B   42 
 0.62799 -0.08072 -0.79181 A   42 
 0.68108  0.31671 -1.01145 B   43 
 0.88672  0.43050 -0.94320 T   43 
 0.42133  0.57214 -1.09875 B   44 
 0.34343  0.25121 -1.16871 N   44 
 0.30973  0.78264 -1.32276 B   45 
 0.60512  1.19343 -1.35515 R   45 
 0.09530  1.05467 -1.32190 B   46 
-0.00468  0.88630 -1.04087 N   46 
-0.09989  1.27303 -1.48909 B   47 
-0.28505  1.16950 -1.63659 T   47 
-0.05760  1.49695 -1.24450 B   48 
-0.16105  1.38716 -1.02636 D   48 
 0.27379  1.43520 -1.18286 B   49 
 0.27506  1.23537 -0.99790 B   50 
 0.08748  1.23364 -0.83911 S   50 
 0.37572  0.95022 -0.77382 B   51 
 0.58866  0.94279 -0.94329 T   51 
 0.39526  0.61227 -0.72227 B   52 
 0.05240  0.60186 -0.73829 D   52 
 0.49677  0.42320 -0.42124 B   53 
 0.76325  0.79660 -0.56371 Y   53 
 0.55587  0.10852 -0.38373 B   54 
 0.36670 -0.16238 -0.26017 B   55 
 0.47360 -0.35449 -0.10020 I   55 
 0.11340  0.07968 -0.22753 B   56 
 0.01803 -0.08850  0.02925 L   56 
 0.11644  0.32431 -0.40797 B   57 
 0.23203  0.19382 -0.70642 Q   57 
 0.21506  0.59387 -0.28625 B   58 
 0.19776  0.53037  0.01664 I   58 
 0.13746  0.92729 -0.31995 B   59 
-0.03766  1.04784 -0.53815 N   59 
 0.30231  1.24929 -0.38392 B   60 
 0.43101  1.21786 -0.57095 S   60 
 0.06025  1.46190 -0.33544 B   61 
-0.07807  1.62955 -0.70608 R   61 
 0.00914  1.35649 -0.01271 B   62 
-0.40042  1.46365 -0.18191 W   62 
 0.24047  1.15154  0.13771 B   63 
-0.16956  1.00093  0.17240 W   63 
 0.50936  1.22199 -0.03154 B   64 
 0.57343  0.98120 -0.10626 X   64 
 0.84488  1.32632 -0.11541 B   65 
 0.92919  1.61040 -0.09522 N   65 
 1.00672  1.39075 -0.45925 B   66 
 0.79751  1.30777 -0.60763 D   66 
 1.06142  1.69885 -0.57068 B   67 
 0.81534  1.68047 -0.83654 B   68 
 0.92661  1.29337 -1.08616 R   68 
 0.53181  1.78008 -0.67372 B   69 
 0.45275  1.53752 -0.68595 T   69 
 0.32525  2.00806 -0.70299 B   70 
 0.39171  2.04039 -0.90376 P   70 
 0.13219  2.05864 -0.42826 B   71 
 0.24121  1.89165 -0.20544 B   72 
 0.42390  1.76501 -0.28943 S   72 
 0.21665  1.72985  0.13944 B   73 
-0.07340  1.91454  0.23658 R   73 
 0.34905  1.50063  0.31581 B   74 
 0.62432  1.45395  0.31503 N   74 
 0.17721  1.33625  0.54914 B   75 
-0.10715  1.45278  0.44753 L   75 
 0.40929  1.10875  0.61983 B   76 
 0.22590  0.88834  0.50031 X   76 
 0.67846  1.23973  0.63834 B   77 
 0.75303  1.43604  0.81253 N   77 
 0.83308  1.14180  0.35125 B   78 
 0.83351  0.87882  0.48364 I   78 
 1.03397  1.01064  0.14385 B   79 
 1.20918  1.06237  0.24535 P   79 
 0.94246  0.82845 -0.12126 B   80 
 0.74310  1.02747 -0.26415 X   80 
 1.19445  0.63550 -0.10835 B   81 
 1.37479  0.79328 -0.11506 S   81 
 1.11256  0.49115  0.15797 B   82 
 1.12540  0.63993  0.30635 A   82 
 0.88181  0.32981 -0.01096 B   83 
 0.63567  0.53408  0.05843 L   83 
 1.13163  0.13363 -0.14705 B   84 
 1.07568  0.33389 -0.40203 L   84 
 1.21267 -0.03234  0.06510 B   85 
 1.35514  0.03264  0.27157 S   85 
 1.25196 -0.34531  0.21459 B   86 
 1.48234 -0.40817  0.19645 S   86 
 1.13788 -0.17864  0.44495 B   87 
 1.21335 -0.14849  0.72575 D   87 
 0.78543 -0.14700  0.51413 B   88 
 0.67580 -0.37756  0.43346 I   88 
 0.73567  0.05050  0.74783 B   89 
 0.90350 -0.01094  0.94412 T   89 
 0.66966  0.31244  0.59362 B   90 
 0.86052  0.39134  0.52590 A   90 
 0.42800  0.20783  0.42681 B   91 
 0.55573  0.12537  0.19832 S   91 
 0.25529  0.11714  0.66286 B   92 
 0.31495 -0.12453  0.74504 V   92 
 0.23028  0.38024  0.81881 B   93 
 0.47685  0.33047  1.04222 N   93 
 0.10783  0.52534  0.57497 B   94 
 0.23669  0.68625  0.37827 X   94 
-0.13105  0.33756  0.51909 B   95 
-0.04812  0.16147  0.42712 A   95 
-0.27212  0.38250  0.79019 B   96 
-0.04272  0.09510  1.07598 K   96 
-0.33800  0.67837  0.71780 B   97 
-0.05328  0.90761  0.83910 K   97 
-0.49548  0.63422  0.45596 B   98 
-0.28553  0.61452  0.22855 I   98 
-0.72654  0.44054  0.56582 B   99 
-0.67791  0.21728  0.60589 V   99 
-0.80588  0.68003  0.78577 B   100 
-0.65684  0.55704  0.96323 S   100 
-0.91635  0.91926  0.58658 B   101 
-0.76960  1.07467  0.40850 D   101 
-1.23860  0.78064  0.48969 B   102 
-1.22500  0.56717  0.22232 B   103 
-1.28202  0.83794  0.05292 N   103 
-1.03837  0.37390  0.29197 B   104 
-0.93822  0.13729  0.04906 B   105 
-0.78247 -0.18671  0.20576 M   105 
-1.03714  0.32422 -0.19317 B   106 
-1.35205  0.24699 -0.12812 N   106 
-0.75752  0.46260 -0.22994 B   107 
-0.72203  0.54701 -0.04192 A   107 
-0.71713  0.18750 -0.38214 B   108 
-0.40561  0.18598 -0.03402 W   108 
-0.78525  0.12272 -0.70037 B   109 
-0.75861  0.32959 -0.84887 V   109 
-0.70645 -0.18002 -0.71088 B   110 
-0.49640 -0.18354 -0.75391 A   110 
-0.88012 -0.26804 -0.47671 B   111 
-1.00650 -0.26893 -0.10843 W   111 
-1.15632 -0.17132 -0.57917 B   112 
-1.26717  0.21706 -0.70243 R   112 
-1.13048 -0.31607 -0.87831 B   113 
-1.13647 -0.02685 -1.02532 N   113 
-0.98964 -0.61697 -0.75065 B   114 
-0.64005 -0.59149 -1.11053 R   114 
-1.08087 -0.66807 -0.42791 B   115 
-0.76518 -0.62939 -0.40718 X   115 
-1.34626 -0.56898 -0.38293 B   116 
-1.52575 -0.18385 -0.25049 K   116 
-1.58005 -0.82656 -0.31049 B   117 
-1.37718 -1.04137 -0.26938 B   118 
-1.22565 -0.99294 -0.47451 T   118 
-1.17687 -1.32409 -0.18703 B   119 
-1.24830 -1.58048 -0.08044 D   119 
-0.92126 -1.21498  0.01095 B   120 
-1.00045 -0.97899  0.03336 V   120 
-0.83808 -1.47302  0.16771 B   121 
-1.17261 -1.53401  0.40835 Q   121 
-0.67837 -1.60186 -0.07084 B   122 
-0.82171 -1.63358 -0.21713 A   122 
-0.41161 -1.42430 -0.00720 B   123 
-0.47467 -1.20339 -0.36878 W   123 
-0.35262 -1.62315  0.26967 B   124 
-0.42817 -1.43064  0.44144 I   124 
-0.32301 -1.88556  0.17217 B   125 
-0.83046 -1.92292  0.07486 R   125 
-0.08431 -2.10199  0.31978 B   126 
-0.02534 -1.91605  0.55057 B   127 
 0.03605 -1.68558  0.33263 X   127 
 0.18142 -1.86322  0.84629 B   128 
 0.12777 -2.12848  1.14834 R   128 
-0.03560 -1.71360  1.11565 B   129 
-0.04585 -1.54742  0.91623 L   129 
