246 
 1.27582  0.38835  0.09152 B   1 
 1.46880  0.02671  0.00089 K   1 
 1.34157  0.36861 -0.26014 B   2 
 1.29502  0.61295 -0.33294 V   2 
 1.20147  0.18413 -0.48266 B   3 
 1.12114 -0.12044 -0.18484 F   3 
 1.19918 -0.01468 -0.72859 B   4 
 0.99659 -0.16285 -0.92800 B   5 
 0.86533 -0.12728 -1.34165 R   5 
 1.12266 -0.45543 -0.94747 B   6 
 1.17260 -0.47069 -1.25674 X   6 
 1.18732 -0.45885 -0.64347 B   7 
 1.46286 -0.25622 -0.45527 E   7 
 0.89894 -0.44018 -0.53292 B   8 
 0.74889 -0.19131 -0.43465 L   8 
 0.77393 -0.67688 -0.68051 B   9 
 0.75487 -0.61661 -0.88826 A   9 
 0.95125 -0.88863 -0.54933 B   10 
 1.14829 -0.86854 -0.64206 A   10 
 0.86967 -0.83168 -0.25566 B   11 
 0.98995 -0.66337 -0.19115 A   11 
 0.56343 -0.86003 -0.29269 B   12 
 0.42578 -0.46433 -0.38793 M   12 
 0.58001 -1.14947 -0.38436 B   13 
 0.65104 -1.33106 -0.77189 K   13 
 0.72314 -1.28392 -0.15085 B   14 
 1.08515 -1.13949  0.08300 R   14 
 0.47974 -1.16985  0.04030 B   15 
 0.73407 -0.93856  0.22310 H   15 
 0.20877 -1.26174 -0.14303 B   16 
 0.05277 -1.03917 -0.34261 B   17 
 0.10101 -0.77880 -0.15520 L   17 
 0.02041 -1.21254 -0.57381 B   18 
 0.14728 -1.24206 -0.85199 D   18 
-0.31531 -1.25528 -0.60871 B   19 
-0.19488 -1.39517 -0.87244 N   19 
-0.42510 -1.11429 -0.38082 B   20 
-0.37300 -1.13625  0.05737 Y   20 
-0.75137 -1.13076 -0.38016 B   21 
-0.87416 -1.21048  0.07164 R   21 
-0.70552 -1.11263 -0.71702 B   22 
-0.44123 -0.92544 -0.72810 B   23 
-0.79133 -0.63820 -0.60071 Y   23 
-0.22277 -0.85053 -0.92517 B   24 
-0.25419 -0.86146 -1.15710 S   24 
 0.08746 -0.73064 -0.89659 B   25 
 0.35908 -0.87534 -0.83461 L   25 
 0.04370 -0.47155 -1.07475 B   26 
-0.15326 -0.33276 -0.88081 B   27 
-0.43378 -0.47367 -1.00475 N   27 
 0.03757 -0.29257 -0.64237 B   28 
-0.17669 -0.57980 -0.37663 W   28 
 0.25280 -0.13275 -0.79350 B   29 
 0.43519 -0.28473 -0.89940 V   29 
 0.06688  0.08818 -0.89409 B   30 
-0.10425  0.11086 -1.11129 X   30 
-0.02158  0.19099 -0.61867 B   31 
-0.16796  0.04636 -0.54448 A   31 
 0.25540  0.25981 -0.49923 B   32 
 0.34607  0.07362 -0.44067 A   32 
 0.32777  0.46599 -0.71433 B   33 
 0.49429  0.54944 -1.00019 K   33 
 0.06313  0.66675 -0.65864 B   34 
-0.00141  0.62092 -1.06207 F   34 
 0.09532  0.68859 -0.34093 B   35 
-0.21258  0.53426 -0.26838 E   35 
 0.44903  0.69939 -0.30380 B   36 
 0.45733  0.51970 -0.17431 S   36 
 0.66235  0.64075 -0.52413 B   37 
 0.72261  0.85251 -0.70798 N   37 
 0.81863  0.40551 -0.36210 B   38 
 0.74161  0.24669 -0.73576 F   38 
 0.80209  0.54920 -0.06455 B   39 
 0.97787  0.78795 -0.01484 N   39 
 0.82529  0.45207  0.26750 B   40 
 0.99184  0.26675  0.26002 T   40 
 0.83358  0.76842  0.38930 B   41 
 1.21821  0.78789  0.49447 Q   41 
 0.55788  0.84415  0.31195 B   42 
 0.54268  0.85036  0.10118 A   42 
 0.36064  1.13600  0.40823 B   43 
 0.47140  1.11696  0.62564 T   43 
 0.00044  1.22491  0.46013 B   44 
 0.11038  1.23080  0.14101 N   44 
-0.21585  1.46137  0.52533 B   45 
-0.19737  1.60093  1.01240 R   45 
-0.54462  1.47331  0.63371 B   46 
-0.52609  1.15760  0.50214 N   46 
-0.83310  1.64356  0.67277 B   47 
-0.93498  1.74458  0.45788 T   47 
-0.91362  1.44650  0.93053 B   48 
-0.93231  1.20109  0.83172 D   48 
-0.60141  1.42387  1.06997 B   49 
-0.48419  1.21146  0.94632 B   50 
-0.63451  1.02924  0.87846 S   50 
-0.23583  0.96143  0.81419 B   51 
-0.05967  1.15625  0.88583 T   51 
-0.03143  0.85988  0.55894 B   52 
-0.31194  0.82479  0.36398 D   52 
 0.16708  0.55017  0.52223 B   53 
 0.17858  0.78714  0.93991 Y   53 
 0.39115  0.47170  0.30416 B   54 
 0.38691  0.28065  0.00765 B   55 
 0.58710  0.10901 -0.05859 I   55 
 0.04329  0.25120  0.07749 B   56 
 0.06479 -0.04013 -0.05661 L   56 
-0.09490  0.46697  0.24107 B   57 
 0.06393  0.75416  0.13264 Q   57 
-0.15758  0.40528  0.54018 B   58 
-0.12731  0.09681  0.54323 I   58 
-0.40729  0.48036  0.76452 B   59 
-0.62670  0.68768  0.72341 N   59 
-0.44962  0.61790  1.10252 B   60 
-0.33097  0.81397  1.10583 S   60 
-0.76712  0.56988  1.15762 B   61 
-0.98670  0.93888  1.14237 R   61 
-0.74127  0.23050  1.11252 B   62 
-1.14711  0.35426  0.94570 W   62 
-0.43061  0.08394  1.10017 B   63 
-0.68811 -0.03270  0.76536 W   63 
-0.25078  0.29900  1.26547 B   64 
-0.06690  0.34267  1.08673 X   64 
-0.03140  0.44561  1.51218 B   65 
-0.11725  0.48335  1.79401 N   65 
 0.05697  0.81491  1.57838 B   66 
-0.07632  0.91662  1.36729 D   66 
-0.07099  0.98081  1.83613 B   67 
-0.27440  1.20232  1.63331 B   68 
 0.02398  1.40019  1.32290 R   68 
-0.56046  1.01862  1.59802 B   69 
-0.49290  0.98049  1.35468 T   69 
-0.85933  1.05408  1.66816 B   70 
-0.82818  1.26485  1.68750 P   70 
-1.03938  0.76620  1.66478 B   71 
-0.84929  0.53748  1.63357 B   72 
-0.62984  0.62543  1.60962 S   72 
-0.76950  0.17126  1.56118 B   73 
-1.11003  0.06438  1.57813 R   73 
-0.52707 -0.01868  1.48166 B   74 
-0.27192  0.01402  1.59024 N   74 
-0.57214 -0.29745  1.30487 B   75 
-0.87666 -0.22028  1.22690 L   75 
-0.25095 -0.36963  1.25755 B   76 
-0.28598 -0.31436  0.95388 X   76 
-0.09831 -0.32825  1.51238 B   77 
-0.13894 -0.45634  1.74983 N   77 
 0.07544 -0.04136  1.45386 B   78 
 0.22512 -0.21263  1.26692 I   78 
 0.30862  0.16900  1.40974 B   79 
 0.42933  0.10321  1.56716 P   79 
 0.32445  0.38573  1.15551 B   80 
 0.04394  0.52856  1.18168 X   80 
 0.64132  0.37835  1.13484 B   81 
 0.70435  0.43593  1.35884 S   81 
 0.66121  0.08344  1.02947 B   82 
 0.59454 -0.03587  1.18959 A   82 
 0.55256  0.18962  0.73839 B   83 
 0.23692  0.11926  0.78891 L   83 
 0.86466  0.32695  0.68229 B   84 
 0.69942  0.59999  0.76225 L   84 
 1.03054  0.10482  0.63471 B   85 
 1.11999 -0.06607  0.80776 S   85 
 1.24073 -0.08559  0.43122 B   86 
 1.46684 -0.04493  0.49891 S   86 
 1.06103 -0.30027  0.55562 B   87 
 1.11623 -0.55891  0.68017 D   87 
 0.75204 -0.41323  0.40805 B   88 
 0.78533 -0.38698  0.14368 I   88 
 0.60905 -0.61705  0.59272 B   89 
 0.78906 -0.79456  0.67368 T   89 
 0.40459 -0.43402  0.73918 B   90 
 0.51796 -0.32795  0.89128 A   90 
 0.25560 -0.32240  0.48915 B   91 
 0.40027 -0.09412  0.44137 S   91 
 0.16923 -0.59216  0.37280 B   92 
 0.35492 -0.70252  0.22427 V   92 
 0.00818 -0.70602  0.60789 B   93 
 0.24824 -0.89688  0.74618 N   93 
-0.18169 -0.46220  0.60956 B   94 
-0.16936 -0.22591  0.76833 X   94 
-0.27894 -0.47182  0.31647 B   95 
-0.11559 -0.39826  0.19710 A   95 
-0.41267 -0.74962  0.33547 B   96 
-0.05381 -1.04184  0.28331 K   96 
-0.63313 -0.64106  0.52712 B   97 
-0.51849 -0.68215  0.89249 K   97 
-0.74835 -0.41491  0.35136 B   98 
-0.56976 -0.16589  0.39906 I   98 
-0.83054 -0.58624  0.09279 B   99 
-0.66555 -0.65409 -0.05549 V   99 
-1.02181 -0.77415  0.29313 B   100 
-0.82409 -0.94580  0.30967 S   100 
-1.25222 -0.55718  0.38771 B   101 
-1.22134 -0.33741  0.55548 D   101 
-1.44738 -0.53082  0.08166 B   102 
-1.32676 -0.30185 -0.14254 B   103 
-1.52909 -0.10128  0.01272 N   103 
-1.06237 -0.37404 -0.18633 B   104 
-0.85609 -0.16026 -0.37807 B   105 
-0.54252 -0.34280 -0.52689 M   105 
-1.04939  0.09204 -0.32926 B   106 
-1.26714 -0.02892 -0.54679 N   106 
-0.89388  0.19009 -0.07453 B   107 
-0.90489  0.02501  0.05340 A   107 
-0.71328  0.30056 -0.31043 B   108 
-0.44173  0.00490 -0.07152 W   108 
-0.74443  0.59128 -0.46734 B   109 
-0.84111  0.77320 -0.31530 V   109 
-0.51205  0.56444 -0.67530 B   110 
-0.33642  0.63598 -0.57518 A   110 
-0.60076  0.29681 -0.79038 B   111 
-0.69386 -0.08113 -0.78045 W   111 
-0.88757  0.37280 -0.88040 B   112 
-1.19818  0.53939 -0.64782 R   112 
-0.79570  0.64554 -1.04855 B   113 
-0.96495  0.83449 -0.84620 N   113 
-0.50822  0.49292 -1.19258 B   114 
-0.24241  0.89854 -1.06145 R   114 
-0.54578  0.15647 -1.21464 B   115 
-0.30337  0.18760 -1.01005 X   115 
-0.82020  0.09039 -1.26566 B   116 
-1.17807 -0.00310 -1.01814 K   116 
-0.87060 -0.05499 -1.58594 B   117 
-0.58169 -0.10043 -1.64475 B   118 
-0.48866  0.12936 -1.56773 T   118 
-0.25614 -0.19738 -1.75176 B   119 
-0.17080 -0.35268 -1.97714 D   119 
-0.09701 -0.33673 -1.48399 B   120 
-0.29251 -0.33223 -1.32834 V   120 
 0.11968 -0.51916 -1.61754 B   121 
-0.11780 -0.81183 -1.79500 Q   121 
 0.31628 -0.28389 -1.68836 B   122 
 0.20966 -0.16660 -1.82187 A   122 
 0.44264 -0.27950 -1.38711 B   123 
 0.25668  0.09994 -1.31665 W   123 
 0.61034 -0.57326 -1.45964 B   124 
 0.44663 -0.72107 -1.30596 I   124 
 0.77670 -0.51572 -1.67930 B   125 
 0.37132 -0.49929 -2.00144 R   125 
 1.09976 -0.66032 -1.69772 B   126 
 1.05365 -0.84758 -1.46508 B   127 
 0.97070 -0.58909 -1.28990 X   127 
 1.20623 -1.09838 -1.24872 B   128 
 1.31750 -1.44346 -1.43040 R   128 
 0.95139 -1.36861 -1.18495 B   129 
 0.84480 -1.14875 -1.09671 L   129 
