246 
-0.13941 -0.15010  1.32096 B   1 
 0.11809 -0.47543  1.38496 K   1 
 0.18925 -0.03288  1.40231 B   2 
 0.14246  0.21796  1.44770 V   2 
 0.45685 -0.03995  1.22477 B   3 
 0.31791 -0.39757  1.02299 F   3 
 0.76394 -0.09519  1.17321 B   4 
 0.98934 -0.06121  0.94782 B   5 
 1.33147  0.19609  0.86818 R   5 
 1.14689 -0.33811  0.96737 B   6 
 1.43430 -0.23060  1.03225 X   6 
 0.88260 -0.49757  1.00387 B   7 
 0.64970 -0.50608  1.31706 E   7 
 0.74997 -0.43346  0.73179 B   8 
 0.53917 -0.21965  0.66888 L   8 
 0.97500 -0.52220  0.54490 B   9 
 1.13232 -0.37363  0.56329 A   9 
 0.96693 -0.81612  0.62874 B   10 
 1.05843 -0.82505  0.82717 A   10 
 0.67225 -0.87140  0.54966 B   11 
 0.55115 -0.80101  0.71500 A   11 
 0.69058 -0.77485  0.25589 B   12 
 0.58902 -0.35760  0.26938 M   12 
 0.90149 -0.98008  0.17939 B   13 
 1.33400 -0.98308  0.21307 K   13 
 0.76490 -1.24363  0.24992 B   14 
 0.52457 -1.34993  0.62078 R   14 
 0.52224 -1.15127  0.04651 B   15 
 0.27964 -1.12641  0.35002 H   15 
 0.70238 -1.05456 -0.22492 B   16 
 0.76870 -0.72855 -0.27994 B   17 
 0.49084 -0.61183 -0.15988 L   17 
 1.04874 -0.75902 -0.35208 B   18 
 1.32150 -0.70318 -0.22237 D   18 
 1.06888 -0.66538 -0.67855 B   19 
 1.37682 -0.70537 -0.59369 N   19 
 0.79342 -0.61220 -0.75038 B   20 
 0.41632 -0.84229 -0.74210 Y   20 
 0.77106 -0.51572 -1.06170 B   21 
 0.39171 -0.74058 -1.23801 R   21 
 1.06805 -0.36689 -0.98716 B   22 
 1.01896 -0.29606 -0.67478 B   23 
 0.74744  0.00441 -0.91415 Y   23 
 1.18141 -0.22049 -0.42968 B   24 
 1.39060 -0.11612 -0.44537 S   24 
 1.13064 -0.23867 -0.10025 B   25 
 1.16321 -0.47819  0.10006 L   25 
 1.17171  0.07017 -0.03926 B   26 
 0.91978  0.16609 -0.19093 B   27 
 1.06764  0.19902 -0.49253 N   27 
 0.70607  0.02916 -0.01640 B   28 
 0.57622 -0.25451 -0.33531 W   28 
 0.78977  0.15594  0.25123 B   29 
 0.96757  0.01499  0.37811 V   29 
 0.76572  0.44684  0.16016 B   30 
 0.93451  0.61987  0.02397 X   30 
 0.46653  0.44005  0.09168 B   31 
 0.45098  0.33667 -0.10046 A   31 
 0.35415  0.35046  0.36567 B   32 
 0.39196  0.13928  0.38255 A   32 
 0.46186  0.59245  0.52014 B   33 
 0.69523  0.73205  0.72619 K   33 
 0.30010  0.82398  0.33666 B   34 
 0.67491  0.98661  0.29094 F   34 
 0.00955  0.69040  0.35034 B   35 
-0.01463  0.63437  0.00370 E   35 
 0.00308  0.56317  0.68257 B   36 
-0.03266  0.35381  0.61917 S   36 
 0.24471  0.53994  0.87896 B   37 
 0.32096  0.77679  1.02164 N   37 
 0.21754  0.21996  0.93274 B   38 
 0.61446  0.27983  0.83446 F   38 
-0.11303  0.21294  0.94394 B   39 
-0.24702  0.32958  1.18645 N   39 
-0.36476 -0.02270  0.90744 B   40 
-0.26159 -0.22959  1.00069 T   40 
-0.61223  0.18309  1.01417 B   41 
-0.68054  0.02243  1.37320 Q   41 
-0.60105  0.37356  0.78762 B   42 
-0.41687  0.47727  0.79138 A   42 
-0.83321  0.63989  0.69535 B   43 
-1.00915  0.49023  0.77622 T   43 
-0.95079  0.81262  0.38442 B   44 
-0.65855  0.92174  0.51346 N   44 
-1.13247  1.05321  0.25772 B   45 
-1.62740  0.94691  0.28602 R   45 
-1.26379  1.12638 -0.05434 B   46 
-1.00548  0.91637 -0.13498 N   46 
-1.39937  1.34803 -0.26933 B   47 
-1.26101  1.56161 -0.31405 T   47 
-1.54993  1.09747 -0.43153 B   48 
-1.35517  0.94390 -0.52547 D   48 
-1.63674  0.91119 -0.15732 B   49 
-1.42225  0.75002 -0.11080 B   50 
-1.29470  0.67973 -0.30878 S   50 
-1.17195  0.51698  0.04635 B   51 
-1.30613  0.58729  0.27256 T   51 
-0.88101  0.47663  0.22234 B   52 
-0.71635  0.62886 -0.03772 D   52 
-0.69407  0.16863  0.30521 B   53 
-1.17057  0.17630  0.36550 Y   53 
-0.44477  0.12430  0.50472 B   54 
-0.09610  0.09859  0.45779 B   55 
 0.05652 -0.08229  0.59164 I   55 
-0.17607  0.15950  0.12058 B   56 
 0.07401 -0.03015  0.05124 L   56 
-0.42957  0.31287  0.05255 B   57 
-0.44515  0.54554  0.30766 Q   57 
-0.67513  0.15031 -0.04979 B   58 
-0.53922 -0.11733 -0.12710 I   58 
-0.93082  0.19773 -0.27495 B   59 
-1.00499  0.46230 -0.40652 N   59 
-1.29711  0.17640 -0.29306 B   60 
-1.37592  0.29752 -0.11515 S   60 
-1.35341  0.21961 -0.61104 B   61 
-1.52194  0.60698 -0.68946 R   61 
-1.16126 -0.05085 -0.69943 B   62 
-1.10290  0.26320 -1.02473 W   62 
-1.05801 -0.27219 -0.45758 B   63 
-0.73044 -0.13344 -0.71344 W   63 
-1.28444 -0.22783 -0.22807 B   64 
-1.12767 -0.17460 -0.02743 X   64 
-1.54991 -0.28975  0.00895 B   65 
-1.82592 -0.35428 -0.07980 N   65 
-1.76393 -0.04247  0.21297 B   66 
-1.63206  0.18063  0.13878 D   66 
-2.07866  0.02430  0.13038 B   67 
-2.01320  0.36692  0.03083 B   68 
-1.79660  0.56774  0.40136 R   68 
-1.92618  0.32692 -0.29726 B   69 
-1.68600  0.38025 -0.22867 T   69 
-2.03104  0.42644 -0.57039 B   70 
-2.13843  0.58226 -0.47062 P   70 
-1.91716  0.24993 -0.83720 B   71 
-1.77157  0.00957 -0.73495 B   72 
-1.76942  0.01890 -0.49752 S   72 
-1.53842 -0.28933 -0.77993 B   73 
-1.53676 -0.27028 -1.13673 R   73 
-1.36212 -0.49380 -0.61176 B   74 
-1.45082 -0.60116 -0.36976 N   74 
-1.08537 -0.63158 -0.73594 B   75 
-1.07681 -0.42988 -0.98894 L   75 
-0.98271 -0.77924 -0.45617 B   76 
-0.73894 -0.58692 -0.44721 X   76 
-1.21499 -0.90952 -0.31825 B   77 
-1.37426 -1.10733 -0.41798 N   77 
-1.27370 -0.70426 -0.05302 B   78 
-1.01792 -0.81424  0.04274 I   78 
-1.30626 -0.58904  0.24064 B   79 
-1.40713 -0.75428  0.31937 P   79 
-1.17327 -0.30183  0.34870 B   80 
-1.28454 -0.09991  0.13278 X   80 
-1.12337 -0.40605  0.64457 B   81 
-1.34322 -0.47888  0.70641 S   81 
-0.89751 -0.61087  0.57033 B   82 
-0.99389 -0.75830  0.45504 A   82 
-0.69397 -0.35693  0.52678 B   83 
-0.73617 -0.33088  0.20325 L   83 
-0.67662 -0.32374  0.87031 B   84 
-0.88307 -0.07660  0.80282 L   84 
-0.52147 -0.54317  0.95335 B   85 
-0.59278 -0.79200  0.96570 S   85 
-0.23710 -0.68218  1.10051 B   86 
-0.29536 -0.75498  1.32110 S   86 
-0.26959 -0.85467  0.84942 B   87 
-0.26194 -1.14325  0.80334 D   87 
-0.11548 -0.77843  0.53249 B   88 
 0.11206 -0.65073  0.59256 I   88 
-0.20333 -0.98105  0.31495 B   89 
-0.18139 -1.22522  0.41681 T   89 
-0.43299 -0.82484  0.17495 B   90 
-0.60552 -0.84259  0.30595 A   90 
-0.27211 -0.57093  0.09238 B   91 
-0.31716 -0.40925  0.30953 S   91 
-0.05697 -0.71404 -0.07197 B   92 
 0.14085 -0.80266  0.07545 V   92 
-0.23111 -0.85822 -0.27946 B   93 
-0.24917 -1.15921 -0.13024 N   93 
-0.35695 -0.59231 -0.37411 B   94 
-0.60180 -0.47073 -0.29376 X   94 
-0.09956 -0.43747 -0.44641 B   95 
-0.01082 -0.37880 -0.25926 A   95 
-0.00600 -0.63120 -0.66807 B   96 
 0.20129 -0.97212 -0.42785 K   96 
-0.24464 -0.55141 -0.85192 B   97 
-0.54270 -0.78627 -0.78610 K   97 
-0.19756 -0.24680 -0.86931 B   98 
-0.33403 -0.12170 -0.62049 I   98 
 0.10160 -0.24657 -0.98538 B   99 
 0.27863 -0.29302 -0.84284 V   99 
-0.01155 -0.42660 -1.24387 B   100 
 0.06691 -0.64333 -1.11857 S   100 
-0.21216 -0.21043 -1.39267 B   101 
-0.45612 -0.11282 -1.30127 D   101 
 0.03224  0.01317 -1.54342 B   102 
 0.14233  0.26177 -1.33527 B   103 
-0.10274  0.42792 -1.46794 N   103 
 0.23678  0.13175 -1.10898 B   104 
 0.33218  0.32435 -0.82823 B   105 
 0.57345  0.13265 -0.58567 M   105 
 0.16020  0.57757 -0.92674 B   106 
 0.38844  0.64730 -1.15567 N   106 
-0.09672  0.49341 -0.76675 B   107 
-0.13922  0.30341 -0.84312 A   107 
 0.08138  0.62852 -0.54204 B   108 
 0.02243  0.18529 -0.40673 W   108 
 0.09064  0.94992 -0.46003 B   109 
-0.13394  1.06626 -0.49987 V   109 
 0.30890  0.94115 -0.23585 B   110 
 0.20356  0.89670 -0.05443 A   110 
 0.52175  0.80005 -0.40176 B   111 
 0.67116  0.51346 -0.61890 W   111 
 0.54316  1.00012 -0.63767 B   112 
 0.23436  1.14044 -0.88921 R   112 
 0.58133  1.26992 -0.44571 B   113 
 0.30225  1.39437 -0.55492 N   113 
 0.80281  1.10977 -0.21773 B   114 
 0.53057  1.29834  0.16003 R   114 
 0.96745  0.85300 -0.36625 B   115 
 0.79255  0.70609 -0.14395 X   115 
 1.01774  0.91366 -0.64205 B   116 
 0.80601  0.84749 -1.02790 K   116 
 1.36341  0.95201 -0.71482 B   117 
 1.46166  0.84256 -0.45529 B   118 
 1.29987  0.96766 -0.29541 T   118 
 1.62894  0.69932 -0.17540 B   119 
 1.90628  0.64142 -0.13156 D   119 
 1.46531  0.41110 -0.09415 B   120 
 1.30691  0.41202 -0.28747 V   120 
 1.68429  0.24552  0.05655 B   121 
 1.95065  0.16163 -0.25257 Q   121 
 1.66134  0.40563  0.32646 B   122 
 1.71943  0.59825  0.27673 A   122 
 1.40156  0.23298  0.42363 B   123 
 1.15487  0.57965  0.37381 W   123 
 1.61073 -0.03547  0.48578 B   124 
 1.52403 -0.17086  0.27032 I   124 
 1.79638  0.05333  0.67784 B   125 
 2.04082  0.34698  0.32799 R   125 
 1.90529 -0.16788  0.93242 B   126 
 1.77591 -0.41082  0.80770 B   127 
 1.49814 -0.24584  0.80514 X   127 
 1.70675 -0.76654  0.84860 B   128 
 2.03102 -1.01011  0.84857 R   128 
 1.74622 -0.93284  0.51271 B   129 
 1.56103 -0.75337  0.48136 L   129 
