246 
-0.47859 -1.23184  0.20106 B   1 
-0.16667 -1.39480  0.42995 K   1 
-0.54451 -1.18501  0.55011 B   2 
-0.79332 -1.11272  0.54417 V   2 
-0.40198 -0.98655  0.75862 B   3 
-0.03217 -1.00986  0.53364 F   3 
-0.26402 -0.91201  1.03326 B   4 
-0.14554 -0.66062  1.19302 B   5 
-0.26008 -0.40610  1.52724 R   5 
 0.12177 -0.78070  1.31953 B   6 
 0.06251 -0.73198  1.62365 X   6 
 0.18696 -0.93704  1.05892 B   7 
 0.00614 -1.25304  0.91801 E   7 
 0.22129 -0.69722  0.86647 B   8 
 0.01633 -0.57990  0.67068 L   8 
 0.42980 -0.53763  1.02297 B   9 
 0.32664 -0.45337  1.19448 A   9 
 0.64753 -0.75162  1.00603 B   10 
 0.58837 -0.90940  1.14542 A   10 
 0.66590 -0.76451  0.69677 B   11 
 0.50557 -0.89519  0.63217 A   11 
 0.71448 -0.46271  0.64668 B   12 
 0.32259 -0.29357  0.59761 M   12 
 0.97308 -0.45620  0.80648 B   13 
 1.05559 -0.40674  1.22951 K   13 
 1.14204 -0.66795  0.66612 B   14 
 1.01959 -1.08159  0.52293 R   14 
 1.09757 -0.49390  0.38950 B   15 
 0.88979 -0.78743  0.24029 H   15 
 1.17164 -0.18134  0.50039 B   16 
 0.92605  0.03399  0.58422 B   17 
 0.71087 -0.06460  0.36236 L   17 
 1.04552  0.13305  0.83013 B   18 
 0.99967  0.09869  1.13190 D   18 
 1.11137  0.46188  0.77278 B   19 
 1.17642  0.42671  1.08608 N   19 
 1.03621  0.49815  0.49547 B   20 
 1.15065  0.31147  0.11172 Y   20 
 1.08364  0.80748  0.40173 B   21 
 1.27394  0.78140 -0.03263 R   21 
 0.98622  0.86943  0.72200 B   22 
 0.77682  0.62597  0.76548 B   23 
 0.56036  0.92506  0.47394 Y   23 
 0.63906  0.48160  0.99430 B   24 
 0.60074  0.58357  1.20174 S   24 
 0.49942  0.18064  1.03116 B   25 
 0.62758 -0.09986  1.08991 L   25 
 0.21244  0.28348  1.11977 B   26 
 0.14016  0.41309  0.84838 B   27 
 0.27599  0.71511  0.91350 N   27 
 0.13628  0.15832  0.67529 B   28 
 0.49493  0.27262  0.43585 W   28 
-0.07323  0.00455  0.84011 B   29 
 0.03295 -0.13898  1.02907 V   29 
-0.29218  0.21737  0.82403 B   30 
-0.34641  0.44818  0.96812 X   30 
-0.32173  0.21771  0.51845 B   31 
-0.15079  0.33043  0.44147 A   31 
-0.38830 -0.08113  0.47392 B   32 
-0.20331 -0.18960  0.49203 A   32 
-0.64339 -0.07823  0.64404 B   33 
-0.80433 -0.14537  0.93729 K   33 
-0.80023  0.16016  0.46512 B   34 
-0.83994  0.34633  0.82951 F   34 
-0.75334  0.03094  0.17606 B   35 
-0.55786  0.29737  0.05487 E   35 
-0.78945 -0.31637  0.24445 B   36 
-0.58696 -0.36860  0.17096 S   36 
-0.80239 -0.45154  0.52562 B   37 
-1.05472 -0.44677  0.66191 N   37 
-0.55295 -0.65568  0.47961 B   38 
-0.47521 -0.46943  0.84024 F   38 
-0.62408 -0.72966  0.16509 B   39 
-0.86137 -0.90690  0.11359 N   39 
-0.45773 -0.85742 -0.11101 B   40 
-0.29566 -1.01735 -0.00955 T   40 
-0.73807 -0.89637 -0.29777 B   41 
-0.77031 -1.29408 -0.28509 Q   41 
-0.80238 -0.60870 -0.32681 B   42 
-0.85415 -0.52837 -0.13823 A   42 
-1.04494 -0.44500 -0.54524 B   43 
-0.98841 -0.61845 -0.70837 T   43 
-1.08498 -0.11712 -0.72196 B   44 
-1.17271 -0.12184 -0.39601 N   44 
-1.27895  0.07316 -0.90393 B   45 
-1.30699 -0.09329 -1.38200 R   45 
-1.23471  0.35189 -1.10476 B   46 
-0.95976  0.36841 -0.90115 N   46 
-1.36340  0.61744 -1.26802 B   47 
-1.49972  0.78347 -1.12446 T   47 
-1.10682  0.60917 -1.48216 B   48 
-0.88914  0.65237 -1.33693 D   48 
-1.08360  0.26863 -1.51248 B   49 
-0.91654  0.19122 -1.31187 B   50 
-0.74058  0.35117 -1.24974 S   50 
-0.72747 -0.00894 -1.05526 B   51 
-0.91728 -0.19435 -1.11625 T   51 
-0.70576 -0.12568 -0.73409 B   52 
-0.68847  0.20081 -0.62908 D   52 
-0.43266 -0.30957 -0.56595 B   53 
-0.57004 -0.44561 -1.00568 Y   53 
-0.42690 -0.45608 -0.27886 B   54 
-0.30761 -0.36373  0.04001 B   55 
-0.17519 -0.53697  0.20242 I   55 
-0.23043 -0.05979 -0.11962 B   56 
 0.02003 -0.04476  0.08129 L   56 
-0.38980  0.02516 -0.36415 B   57 
-0.70786 -0.08557 -0.28645 Q   57 
-0.25696 -0.00998 -0.64401 B   58 
 0.03999 -0.04645 -0.56296 I   58 
-0.25557  0.15886 -0.94370 B   59 
-0.44479  0.38463 -1.02138 N   59 
-0.30920  0.09662 -1.30175 B   60 
-0.51001 -0.01280 -1.31707 S   60 
-0.21982  0.37995 -1.43549 B   61 
-0.56004  0.60136 -1.57632 R   61 
 0.09675  0.36202 -1.30380 B   62 
-0.02170  0.80226 -1.30062 W   62 
 0.20631  0.06759 -1.16435 B   63 
 0.26917  0.41408 -0.90357 W   63 
 0.01750 -0.15008 -1.31563 B   64 
-0.08253 -0.26800 -1.10645 X   64 
-0.09049 -0.43221 -1.51369 B   65 
-0.05573 -0.43777 -1.80862 N   65 
-0.44231 -0.52870 -1.63812 B   66 
-0.57545 -0.33400 -1.50758 D   66 
-0.53321 -0.48394 -1.95446 B   67 
-0.77394 -0.22259 -1.88150 B   68 
-1.06401 -0.40482 -1.55409 R   68 
-0.57623  0.05609 -1.88950 B   69 
-0.60023  0.06701 -1.63545 T   69 
-0.56624  0.31886 -2.05183 B   70 
-0.76931  0.28786 -2.11156 P   70 
-0.27050  0.48462 -2.03244 B   71 
-0.07391  0.30879 -1.89154 B   72 
-0.18563  0.10975 -1.82544 S   72 
 0.25740  0.24755 -1.71208 B   73 
 0.39754  0.56337 -1.80317 R   73 
 0.40054  0.03793 -1.52039 B   74 
 0.36866 -0.23757 -1.55262 N   74 
 0.63563  0.12978 -1.30293 B   75 
 0.57255  0.44504 -1.34032 L   75 
 0.66422 -0.16211 -1.14611 B   76 
 0.54597 -0.03288 -0.88957 X   76 
 0.66651 -0.38569 -1.34600 B   77 
 0.84782 -0.42400 -1.54625 N   77 
 0.35849 -0.52617 -1.30986 B   78 
 0.46837 -0.61378 -1.05114 I   78 
 0.12221 -0.72928 -1.25076 B   79 
 0.20969 -0.89449 -1.34420 P   79 
-0.14644 -0.66024 -1.06391 B   80 
-0.25219 -0.39883 -1.20623 X   80 
-0.17432 -0.95492 -0.94870 B   81 
-0.18605 -1.08341 -1.15073 S   81 
 0.08619 -0.94741 -0.77393 B   82 
 0.24416 -0.93666 -0.91266 A   82 
-0.07156 -0.75105 -0.56328 B   83 
 0.03828 -0.46856 -0.68682 L   83 
-0.24726 -1.02699 -0.45190 B   84 
-0.47831 -0.88899 -0.64118 L   84 
-0.05841 -1.17456 -0.30469 B   85 
 0.13751 -1.31728 -0.39637 S   85 
 0.06052 -1.31490 -0.00803 B   86 
 0.01455 -1.54989 -0.01308 S   86 
 0.31384 -1.18774 -0.12429 B   87 
 0.58728 -1.28470 -0.16008 D   87 
 0.41999 -0.85069 -0.05260 B   88 
 0.33213 -0.79925  0.19503 I   88 
 0.67275 -0.77695 -0.21622 B   89 
 0.84577 -0.97709 -0.19429 T   89 
 0.54766 -0.62443 -0.45672 B   90 
 0.46797 -0.77725 -0.58915 A   90 
 0.39770 -0.40247 -0.29731 B   91 
 0.15173 -0.51997 -0.26552 S   91 
 0.64157 -0.29004 -0.15013 B   92 
 0.69751 -0.42249  0.06907 V   92 
 0.82010 -0.21292 -0.38750 B   93 
 1.01315 -0.48827 -0.39740 N   93 
 0.60222 -0.02775 -0.50473 B   94 
 0.40744 -0.08382 -0.70500 X   94 
 0.55525  0.15586 -0.26074 B   95 
 0.44149  0.03956 -0.11975 A   95 
 0.84176  0.27086 -0.25068 B   96 
 1.07906 -0.06014 -0.02478 K   96 
 0.80055  0.42284 -0.51960 B   97 
 0.91123  0.19905 -0.81285 K   97 
 0.55292  0.59208 -0.44650 B   98 
 0.30495  0.41302 -0.49781 I   98 
 0.66905  0.74706 -0.19065 B   99 
 0.68582  0.63513  0.01184 V   99 
 0.91453  0.86210 -0.38696 B   100 
 1.06574  0.66538 -0.30172 S   100 
 0.74739  1.05620 -0.59554 B   101 
 0.56885  0.97935 -0.79458 D   101 
 0.67201  1.33764 -0.37745 B   102 
 0.38815  1.29805 -0.19010 B   103 
 0.24781  1.44618 -0.44236 N   103 
 0.42299  1.05900 -0.05345 B   104 
 0.15291  0.92758  0.13312 B   105 
 0.26652  0.67217  0.40817 M   105 
-0.06230  1.10149 -0.03071 B   106 
 0.02718  1.37353  0.13466 N   106 
-0.11527  0.87645 -0.24342 B   107 
 0.07454  0.84337 -0.32475 A   107 
-0.29258  0.78094  0.00135 B   108 
 0.02163  0.44199 -0.06665 W   108 
-0.60668  0.86586  0.06640 B   109 
-0.73979  0.91424 -0.14691 V   109 
-0.64953  0.70944  0.33410 B   110 
-0.71334  0.51295  0.27658 A   110 
-0.40723  0.82373  0.47890 B   111 
-0.02952  0.90077  0.53372 W   111 
-0.47357  1.12591  0.45819 B   112 
-0.55323  1.35201  0.11055 R   112 
-0.78456  1.09709  0.57461 B   113 
-0.90626  1.19886  0.29154 N   113 
-0.69639  0.86562  0.83021 B   114 
-1.08592  0.58113  0.68983 R   114 
-0.37142  0.90080  0.92104 B   115 
-0.37905  0.60740  0.79675 X   115 
-0.29242  1.17592  0.90249 B   116 
-0.11197  1.43656  0.59011 K   116 
-0.21832  1.32053  1.21848 B   117 
-0.21514  1.06348  1.36981 B   118 
-0.42968  0.95612  1.27063 T   118 
-0.17633  0.78552  1.58906 B   119 
-0.08438  0.77137  1.86024 D   119 
 0.00352  0.54777  1.42301 B   120 
 0.05279  0.68499  1.22001 V   120 
 0.12975  0.37962  1.65510 B   121 
 0.39665  0.65413  1.81927 Q   121 
-0.13315  0.22014  1.72191 B   122 
-0.26658  0.36564  1.78498 A   122 
-0.08207  0.00622  1.48032 B   123 
-0.41645  0.16919  1.26783 W   123 
 0.17050 -0.13688  1.66850 B   124 
 0.36399 -0.03257  1.51373 I   124 
 0.04953 -0.22509  1.90688 B   125 
 0.00035  0.26082  2.07963 R   125 
 0.15464 -0.52936  2.05514 B   126 
 0.39279 -0.56227  1.87206 B   127 
 0.18929 -0.53246  1.62289 X   127 
 0.66984 -0.78020  1.77857 B   128 
 0.95316 -0.83676  2.06319 R   128 
 0.97067 -0.56396  1.70941 B   129 
 0.78743 -0.48543  1.54285 L   129 
