246 
-0.49221  1.24226 -0.03781 B   1 
-0.85692  1.17028 -0.23286 K   1 
-0.75088  1.18254  0.20282 B   2 
-0.63386  1.25877  0.42114 V   2 
-0.90004  0.90772  0.27632 B   3 
-0.84075  0.76314 -0.12802 F   3 
-1.15270  0.72678  0.33491 B   4 
-1.23133  0.42929  0.42478 B   5 
-1.37985  0.22711  0.78068 R   5 
-1.47656  0.36281  0.23159 B   6 
-1.69822  0.30525  0.44589 X   6 
-1.33619  0.49881 -0.01010 B   7 
-1.27797  0.88028 -0.06922 E   7 
-1.08919  0.31381 -0.03238 B   8 
-0.80664  0.36005  0.07779 L   8 
-1.23114  0.04374 -0.05105 B   9 
-1.31053  0.00226  0.14677 A   9 
-1.37342  0.10492 -0.31468 B   10 
-1.53457  0.24437 -0.26560 A   10 
-1.11961  0.15595 -0.48532 B   11 
-1.06133  0.36110 -0.44698 A   11 
-0.97520 -0.11106 -0.42358 B   12 
-0.73527 -0.03011 -0.07649 M   12 
-1.19661 -0.28261 -0.54193 B   13 
-1.56758 -0.43698 -0.37835 K   13 
-1.21583 -0.17674 -0.82743 B   14 
-1.21341  0.25396 -0.97262 R   14 
-0.89587 -0.25110 -0.85714 B   15 
-0.81270  0.12781 -0.89034 H   15 
-0.89379 -0.56699 -0.73190 B   16 
-0.79894 -0.62506 -0.41356 B   17 
-0.57491 -0.39103 -0.39672 L   17 
-1.01119 -0.81152 -0.34473 B   18 
-1.26779 -0.80748 -0.17595 D   18 
-0.85583 -1.10898 -0.28877 B   19 
-1.15993 -1.16626 -0.20008 N   19 
-0.57873 -1.05300 -0.35162 B   20 
-0.36126 -0.89863 -0.70388 Y   20 
-0.39359 -1.31848 -0.30726 B   21 
-0.09556 -1.32939 -0.67688 R   21 
-0.61109 -1.36889 -0.05024 B   22 
-0.67295 -1.06175  0.03253 B   23 
-0.23352 -1.14355  0.17920 Y   23 
-0.87906 -0.90532  0.19135 B   24 
-1.00413 -1.00239  0.36408 S   24 
-0.98117 -0.58751  0.19361 B   25 
-1.18414 -0.43527  0.00872 L   25 
-0.92040 -0.53118  0.50008 B   26 
-0.61292 -0.55468  0.47614 B   27 
-0.59651 -0.88790  0.52712 N   27 
-0.56274 -0.31434  0.29011 B   28 
-0.43359 -0.56398 -0.05634 W   28 
-0.69354 -0.10085  0.46905 B   29 
-0.94723 -0.07083  0.42087 V   29 
-0.52301 -0.15502  0.71699 B   30 
-0.53813 -0.33938  0.92377 X   30 
-0.25106 -0.08954  0.59047 B   31 
-0.19859 -0.26258  0.46737 A   31 
-0.30717  0.20018  0.49752 B   32 
-0.42728  0.18640  0.31947 A   32 
-0.36601  0.30835  0.77834 B   33 
-0.58938  0.40318  1.01816 K   33 
-0.06685  0.22594  0.90930 B   34 
-0.29307  0.03465  1.19434 F   34 
 0.11465  0.35413  0.67891 B   35 
 0.25676  0.04826  0.57827 E   35 
-0.06741  0.64891  0.59787 B   36 
-0.09294  0.59419  0.38460 S   36 
-0.35677  0.72158  0.68994 B   37 
-0.38682  0.83222  0.95286 N   37 
-0.48097  0.76219  0.39171 B   38 
-0.74345  0.50778  0.58449 F   38 
-0.21639  0.91294  0.26239 B   39 
-0.16161  1.19606  0.34733 N   39 
-0.08562  0.97307 -0.05307 B   40 
-0.28953  1.00056 -0.19379 T   40 
 0.15354  1.18753  0.05555 B   41 
-0.00175  1.53084 -0.07637 Q   41 
 0.31236  0.98995  0.20873 B   42 
 0.19954  0.92107  0.37372 A   42 
 0.64507  1.02201  0.35578 B   43 
 0.69813  1.16094  0.16142 T   43 
 0.93799  0.80216  0.43454 B   44 
 0.68634  0.80054  0.65955 N   44 
 1.23348  0.78005  0.57290 B   45 
 1.58762  1.01032  0.29253 R   45 
 1.49952  0.55897  0.55482 B   46 
 1.23898  0.36317  0.44941 N   46 
 1.78640  0.43637  0.68289 B   47 
 1.77405  0.34999  0.92609 T   47 
 1.88036  0.33898  0.37721 B   48 
 1.69954  0.16174  0.29828 D   48 
 1.76557  0.61210  0.20498 B   49 
 1.50723  0.55271  0.14270 B   50 
 1.45724  0.31535  0.10311 S   50 
 1.14558  0.57348  0.04057 B   51 
 1.18931  0.83914  0.08096 T   51 
 0.81747  0.60566  0.13307 B   52 
 0.84912  0.31002  0.30486 D   52 
 0.50970  0.58187 -0.07037 B   53 
 0.87964  0.84009 -0.23532 Y   53 
 0.20454  0.65280  0.00555 B   54 
-0.07280  0.46009  0.10744 B   55 
-0.32417  0.50470  0.01389 I   55 
 0.15669  0.19366  0.09447 B   56 
-0.09388  0.01281  0.00599 L   56 
 0.45303  0.24981  0.13243 B   57 
 0.45021  0.50084  0.37000 Q   57 
 0.63445  0.25235 -0.12111 B   58 
 0.45085  0.10828 -0.32510 I   58 
 0.95672  0.16120 -0.19955 B   59 
 1.17509  0.09026  0.00069 N   59 
 1.25731  0.29988 -0.35882 B   60 
 1.29527  0.50143 -0.25650 S   60 
 1.45246  0.03962 -0.37697 B   61 
 1.77405  0.06440 -0.09311 R   61 
 1.22610 -0.13862 -0.56371 B   62 
 1.43510 -0.43790 -0.29057 W   62 
 0.95479  0.02204 -0.70052 B   63 
 0.84543 -0.34016 -0.47946 W   63 
 1.06297  0.32846 -0.71827 B   64 
 0.87133  0.44584 -0.58727 X   64 
 1.15889  0.65184 -0.84754 B   65 
 1.39777  0.68561 -1.02080 N   65 
 1.34621  0.94234 -0.67698 B   66 
 1.35515  0.83273 -0.43086 D   66 
 1.66536  1.00621 -0.74332 B   67 
 1.78586  0.90934 -0.41518 B   68 
 1.53172  1.16348 -0.10636 R   68 
 1.83500  0.57372 -0.45717 B   69 
 1.62963  0.53636 -0.31000 T   69 
 2.07334  0.37809 -0.43659 B   70 
 2.18074  0.52344 -0.32211 P   70 
 2.02195  0.07799 -0.58694 B   71 
 1.76641  0.09346 -0.74148 B   72 
 1.66964  0.30735 -0.70467 S   72 
 1.47725 -0.06484 -0.93396 B   73 
 1.63146 -0.38634 -0.95703 R   73 
 1.18298 -0.00081 -1.03634 B   74 
 1.11377  0.24885 -1.14043 N   74 
 0.95340 -0.23937 -1.07343 B   75 
 1.12974 -0.45901 -0.91397 L   75 
 0.69543 -0.03974 -1.13835 B   76 
 0.56581 -0.12396 -0.86890 X   76 
 0.77867  0.17589 -1.32946 B   77 
 0.87432  0.14181 -1.58269 N   77 
 0.79648  0.45278 -1.13213 B   78 
 0.50360  0.42333 -1.12613 I   78 
 0.74603  0.73867 -1.00448 B   79 
 0.73218  0.84268 -1.18523 P   79 
 0.70324  0.79693 -0.67794 B   80 
 0.96284  0.66190 -0.55901 X   80 
 0.49884  1.03624 -0.72087 B   81 
 0.62576  1.18143 -0.86327 S   81 
 0.26436  0.86039 -0.83296 B   82 
 0.33430  0.78850 -1.01804 A   82 
 0.21357  0.74971 -0.52803 B   83 
 0.39277  0.47739 -0.55729 L   83 
 0.06951  1.05430 -0.45130 B   84 
 0.36332  1.09658 -0.30939 L   84 
-0.17780  1.04964 -0.58522 B   85 
-0.22086  1.07604 -0.83939 S   85 
-0.52683  1.05259 -0.58924 B   86 
-0.59878  1.27206 -0.65259 S   86 
-0.46278  0.82938 -0.78907 B   87 
-0.56195  0.76694 -1.05688 D   87 
-0.42834  0.48229 -0.69768 B   88 
-0.59091  0.44718 -0.48786 I   88 
-0.34437  0.31114 -0.94213 B   89 
-0.49950  0.37880 -1.14665 T   89 
-0.03664  0.29235 -0.90091 B   90 
 0.04400  0.48310 -0.96690 A   90 
-0.03614  0.16467 -0.61654 B   91 
-0.02650  0.38969 -0.45971 S   91 
-0.20042 -0.08416 -0.68631 B   92 
-0.45880 -0.04097 -0.67648 V   92 
-0.02696 -0.20586 -0.90827 B   93 
-0.19092 -0.08186 -1.17459 N   93 
 0.21910 -0.22135 -0.72194 B   94 
 0.43436 -0.03694 -0.69283 X   94 
 0.09749 -0.38699 -0.49124 B   95 
-0.03047 -0.25241 -0.38234 A   95 
 0.03737 -0.63873 -0.65984 B   96 
-0.36527 -0.53123 -0.86774 K   96 
 0.34104 -0.69791 -0.69734 B   97 
 0.46773 -0.52564 -1.01765 K   97 
 0.42777 -0.71512 -0.40156 B   98 
 0.48526 -0.42475 -0.30904 I   98 
 0.22995 -0.94750 -0.30239 B   99 
 0.00709 -0.89727 -0.26215 V   99 
 0.36051 -1.14343 -0.54029 B   100 
 0.15979 -1.07708 -0.69565 S   100 
 0.67127 -1.17891 -0.43404 B   101 
 0.87190 -0.98637 -0.42536 D   101 
 0.61961 -1.40560 -0.15405 B   102 
 0.53910 -1.24961  0.13994 B   103 
 0.86032 -1.25460  0.18535 N   103 
 0.31694 -1.09365  0.08199 B   104 
 0.19661 -0.86931  0.32736 B   105 
-0.17703 -0.76509  0.26972 M   105 
 0.47731 -0.86936  0.48424 B   106 
 0.41170 -1.16908  0.60764 N   106 
 0.58956 -0.62049  0.32883 B   107 
 0.58249 -0.68285  0.12933 A   107 
 0.40216 -0.48549  0.54592 B   108 
 0.22240 -0.36527  0.13184 W   108 
 0.48525 -0.39586  0.85441 B   109 
 0.73171 -0.32887  0.87244 V   109 
 0.20918 -0.28725  0.95423 B   110 
 0.20323 -0.08131  0.89474 A   110 
 0.04820 -0.53639  0.88525 B   111 
-0.09578 -0.81355  0.65275 W   111 
 0.20623 -0.74619  1.05002 B   112 
 0.61922 -0.83283  1.03402 R   112 
 0.19984 -0.57283  1.33463 B   113 
 0.52310 -0.54468  1.33163 N   113 
-0.13923 -0.47140  1.29688 B   114 
 0.00105 -0.00287  1.41166 R   114 
-0.31266 -0.69132  1.10545 B   115 
-0.31813 -0.42506  0.93034 X   115 
-0.21594 -0.95795  1.14826 B   116 
 0.09281 -1.21978  0.96333 K   116 
-0.45520 -1.16879  1.30495 B   117 
-0.68632 -0.98322  1.27119 B   118 
-0.57105 -0.76228  1.34392 T   118 
-0.99578 -0.81079  1.23462 B   119 
-1.26463 -0.89312  1.29061 D   119 
-1.00680 -0.68522  0.91752 B   120 
-0.79584 -0.79200  0.83654 V   120 
-1.31381 -0.65279  0.86490 B   121 
-1.43713 -1.05050  0.85211 Q   121 
-1.34488 -0.38969  1.03470 B   122 
-1.29724 -0.44760  1.22790 A   122 
-1.23855 -0.20167  0.78958 B   123 
-0.88033 -0.12021  1.00996 W   123 
-1.54065 -0.25123  0.62847 B   124 
-1.43239 -0.41690  0.44652 I   124 
-1.73868 -0.15174  0.80204 B   125 
-1.68047 -0.55383  1.12347 R   125 
-2.01989  0.01800  0.66894 B   126 
-1.95596 -0.05413  0.38254 B   127 
-1.66233  0.07216  0.42963 X   127 
-2.05414 -0.00940  0.03418 B   128 
-2.41544 -0.16267 -0.06801 R   128 
-2.01165 -0.33947 -0.14271 B   129 
-1.77661 -0.27778 -0.05086 L   129 
