246 
 0.40572  1.07335  0.68573 B   1 
 0.08297  1.33203  0.61393 K   1 
 0.16142  1.04058  0.94578 B   2 
 0.29451  0.90468  1.12181 V   2 
-0.12980  0.90550  0.93467 B   3 
-0.16478  1.00680  0.51463 F   3 
-0.44137  0.89385  0.98758 B   4 
-0.69276  0.69741  0.95635 B   5 
-0.94491  0.45103  1.21191 R   5 
-0.91958  0.89438  0.84850 B   6 
-1.13319  0.85775  1.07522 X   6 
-0.71858  1.03965  0.66113 B   7 
-0.43068  1.28322  0.76207 E   7 
-0.64380  0.80204  0.47761 B   8 
-0.39872  0.61835  0.49499 L   8 
-0.92403  0.71735  0.38963 B   9 
-1.01690  0.62367  0.56213 A   9 
-0.98858  0.97916  0.24550 B   10 
-1.02640  1.12688  0.40227 A   10 
-0.75536  0.97011  0.04137 B   11 
-0.58148  1.04761  0.14488 A   11 
-0.81407  0.68885 -0.07443 B   12 
-0.58622  0.41833  0.16949 M   12 
-1.09088  0.76476 -0.17479 B   13 
-1.47996  0.77512  0.01680 K   13 
-1.03133  1.00100 -0.35847 B   14 
-0.75323  1.35363 -0.28844 R   14 
-0.82990  0.79851 -0.52343 B   15 
-0.52498  1.01264 -0.41046 H   15 
-1.03138  0.52738 -0.56050 B   16 
-1.00301  0.26259 -0.35365 B   17 
-0.68199  0.28135 -0.31071 L   17 
-1.28705  0.22004 -0.30822 B   18 
-1.48755  0.26655 -0.08022 D   18 
-1.35640 -0.08321 -0.44602 B   19 
-1.63035 -0.00553 -0.29589 N   19 
-1.10484 -0.16157 -0.56621 B   20 
-0.82964  0.01543 -0.86311 Y   20 
-1.13060 -0.45407 -0.70941 B   21 
-0.89713 -0.41552 -1.12119 R   21 
-1.33758 -0.51215 -0.44542 B   22 
-1.19337 -0.33013 -0.21940 B   23 
-0.90878 -0.69958 -0.28119 Y   23 
-1.25812 -0.20852  0.05114 B   24 
-1.42085 -0.29897  0.19340 S   24 
-1.13620  0.04664  0.22851 B   25 
-1.19220  0.35503  0.21061 L   25 
-1.06155 -0.12068  0.48777 B   26 
-0.83776 -0.28741  0.35439 B   27 
-1.03716 -0.53594  0.24312 N   27 
-0.64204 -0.05847  0.28987 B   28 
-0.69089 -0.09353 -0.15218 W   28 
-0.61293  0.04769  0.57725 B   29 
-0.78906  0.22977  0.63559 V   29 
-0.52167 -0.21613  0.70200 B   30 
-0.65540 -0.43993  0.79689 X   30 
-0.26643 -0.25029  0.53486 B   31 
-0.33204 -0.31978  0.33809 A   31 
-0.12418  0.01529  0.60523 B   32 
-0.22121  0.17006  0.49144 A   32 
-0.10865 -0.04065  0.90631 B   33 
-0.22786  0.00612  1.22255 K   33 
 0.06738 -0.32642  0.87821 B   34 
-0.23619 -0.48475  1.10579 F   34 
 0.29499 -0.21447  0.68298 B   35 
 0.21415 -0.42885  0.41579 E   35 
 0.34263  0.11535  0.80770 B   36 
 0.29383  0.21295  0.61477 S   36 
 0.16219  0.26566  1.01346 B   37 
 0.20203  0.20578  1.29113 N   37 
 0.09953  0.52396  0.82539 B   38 
-0.26962  0.39636  0.96042 F   38 
 0.40308  0.54939  0.69630 B   39 
 0.62234  0.65232  0.87435 N   39 
 0.55060  0.69271  0.41715 B   40 
 0.41381  0.89792  0.38080 T   40 
 0.86853  0.63990  0.52255 B   41 
 0.96893  1.01442  0.61761 Q   41 
 0.86250  0.34409  0.50875 B   42 
 0.72728  0.26926  0.65300 A   42 
 1.13648  0.10397  0.53366 B   43 
 1.27052  0.27167  0.41617 T   43 
 1.22212 -0.23659  0.40320 B   44 
 1.02040 -0.22759  0.67373 N   44 
 1.43325 -0.48626  0.40928 B   45 
 1.86038 -0.37450  0.16004 R   45 
 1.49983 -0.75932  0.20683 B   46 
 1.17706 -0.68497  0.11955 N   46 
 1.64100 -1.06238  0.16258 B   47 
 1.57045 -1.24577  0.33036 T   47 
 1.66014 -1.00463 -0.16613 B   48 
 1.41012 -0.97605 -0.24989 D   48 
 1.74854 -0.67398 -0.14934 B   49 
 1.51262 -0.53827 -0.14090 B   50 
 1.32482 -0.63995 -0.26254 S   50 
 1.24847 -0.27406 -0.09530 B   51 
 1.44931 -0.15151  0.04168 T   51 
 1.01241 -0.12887  0.10580 B   52 
 0.84542 -0.42892  0.10649 D   52 
 0.76445  0.13446  0.02937 B   53 
 1.21846  0.19129 -0.11686 Y   53 
 0.57110  0.30114  0.22623 B   54 
 0.23185  0.27119  0.31816 B   55 
 0.06793  0.48651  0.34452 I   55 
 0.24131 -0.01385  0.11205 B   56 
-0.06472  0.05522  0.04213 L   56 
 0.50524 -0.15850  0.06923 B   57 
 0.65563 -0.12986  0.37911 Q   57 
 0.65392 -0.11334 -0.20106 B   58 
 0.42600  0.00732 -0.37303 I   58 
 0.84779 -0.30062 -0.41474 B   59 
 0.96672 -0.57425 -0.35311 N   59 
 1.17235 -0.28553 -0.58615 B   60 
 1.32654 -0.23497 -0.42428 S   60 
 1.15927 -0.54533 -0.78231 B   61 
 1.41647 -0.86017 -0.64327 R   61 
 0.87619 -0.43298 -0.94081 B   62 
 0.84154 -0.88694 -0.91698 W   62 
 0.77137 -0.10928 -0.89213 B   63 
 0.45184 -0.40321 -0.83283 W   63 
 1.04939  0.03685 -0.80692 B   64 
 0.97186  0.14139 -0.58169 X   64 
 1.33157  0.26234 -0.80271 B   65 
 1.54238  0.25181 -1.01168 N   65 
 1.65587  0.25115 -0.59466 B   66 
 1.58701  0.03996 -0.44193 D   66 
 1.94505  0.15715 -0.72835 B   67 
 1.96847 -0.15148 -0.53920 B   68 
 1.92442 -0.02551 -0.08452 R   68 
 1.79533 -0.36741 -0.73973 B   69 
 1.60887 -0.36264 -0.56525 T   69 
 1.85555 -0.63094 -0.88947 B   70 
 2.02764 -0.66009 -0.76575 P   70 
 1.62988 -0.71009 -1.13054 B   71 
 1.44589 -0.47710 -1.16640 B   72 
 1.50532 -0.30993 -1.00832 S   72 
 1.12696 -0.31518 -1.29976 B   73 
 1.04358 -0.58910 -1.51351 R   73 
 0.94235 -0.05959 -1.25773 B   74 
 1.04941  0.19383 -1.21002 N   74 
 0.61470 -0.06697 -1.31764 B   75 
 0.60811 -0.38968 -1.34189 L   75 
 0.54297  0.23430 -1.19638 B   76 
 0.38232  0.10065 -0.96654 X   76 
 0.74880  0.43263 -1.28718 B   77 
 0.80792  0.50046 -1.54476 N   77 
 0.93256  0.48897 -1.00615 B   78 
 0.68705  0.62425 -0.91611 I   78 
 1.07100  0.62642 -0.75613 B   79 
 1.13079  0.80035 -0.85540 P   79 
 1.06619  0.50478 -0.44462 B   80 
 1.17863  0.21357 -0.49284 X   80 
 1.06046  0.79023 -0.30541 B   81 
 1.25426  0.89334 -0.40170 S   81 
 0.77064  0.86695 -0.39811 B   82 
 0.78415  0.88670 -0.60726 A   82 
 0.65335  0.65446 -0.17697 B   83 
 0.62058  0.40175 -0.38238 L   83 
 0.73247  0.88237  0.07044 B   84 
 0.98295  0.67247  0.10866 L   84 
 0.54159  1.08671  0.04000 B   85 
 0.53160  1.26792 -0.14498 S   85 
 0.27338  1.27826  0.15494 B   86 
 0.35815  1.49134  0.22398 S   86 
 0.18700  1.21340 -0.13175 B   87 
 0.07774  1.37598 -0.34874 D   87 
-0.00827  0.92392 -0.22165 B   88 
-0.16181  0.87229 -0.00847 I   88 
-0.04513  0.90620 -0.52894 B   89 
-0.11708  1.14616 -0.61677 T   89 
 0.18012  0.70608 -0.60618 B   90 
 0.36492  0.82046 -0.60324 A   90 
 0.09231  0.46670 -0.42686 B   91 
 0.23799  0.51704 -0.19979 S   91 
-0.19043  0.43589 -0.54038 B   92 
-0.36338  0.59659 -0.42642 V   92 
-0.12731  0.38896 -0.83699 B   93 
-0.16884  0.70376 -0.94816 N   93 
 0.04849  0.14337 -0.77155 B   94 
 0.33100  0.12854 -0.73754 X   94 
-0.15646 -0.02467 -0.61277 B   95 
-0.17324  0.06887 -0.41960 A   95 
-0.35781 -0.05830 -0.84459 B   96 
-0.59607  0.34174 -0.83457 K   96 
-0.15920 -0.23808 -1.00381 B   97 
 0.05622 -0.01874 -1.23579 K   97 
-0.11069 -0.46006 -0.79482 B   98 
 0.11507 -0.35819 -0.60816 I   98 
-0.41340 -0.55636 -0.74944 B   99 
-0.55520 -0.42717 -0.61899 V   99 
-0.43003 -0.61846 -1.07791 B   100 
-0.53938 -0.38218 -1.11021 S   100 
-0.21470 -0.86695 -1.10956 B   101 
 0.06216 -0.85740 -1.08400 D   101 
-0.40540 -1.13868 -0.96042 B   102 
-0.37674 -1.15998 -0.61987 B   103 
-0.13243 -1.36092 -0.69202 N   103 
-0.44856 -0.90952 -0.52424 B   104 
-0.40622 -0.83903 -0.18035 B   105 
-0.62803 -0.54020 -0.05669 M   105 
-0.19306 -1.07706 -0.14413 B   106 
-0.43666 -1.30055 -0.15285 N   106 
 0.05531 -0.89306 -0.20022 B   107 
 0.01561 -0.81788 -0.39130 A   107 
-0.01005 -0.82751  0.10293 B   108 
-0.06233 -0.42445 -0.12738 W   108 
 0.10289 -0.98682  0.37120 B   109 
 0.33558 -1.08672  0.33336 V   109 
-0.04473 -0.82516  0.59491 B   110 
 0.08249 -0.65826  0.63903 A   110 
-0.32512 -0.85838  0.48082 B   111 
-0.60581 -0.82757  0.21273 W   111 
-0.33980 -1.16796  0.47148 B   112 
-0.07448 -1.43582  0.28127 R   112 
-0.24254 -1.21282  0.78712 B   113 
 0.02558 -1.36692  0.68880 N   113 
-0.43987 -0.94539  0.91447 B   114 
-0.03793 -0.78737  1.17108 R   114 
-0.70823 -0.88529  0.71581 B   115 
-0.53946 -0.61609  0.69053 X   115 
-0.80311 -1.13016  0.60044 B   116 
-0.72489 -1.35923  0.22696 K   116 
-1.12579 -1.22252  0.71708 B   117 
-1.18644 -0.96192  0.84897 B   118 
-0.95937 -0.92413  0.96897 T   118 
-1.31597 -0.66600  0.99895 B   119 
-1.57763 -0.60497  1.09897 D   119 
-1.23678 -0.40411  0.79503 B   120 
-1.13890 -0.54011  0.60960 V   120 
-1.45255 -0.18939  0.86863 B   121 
-1.79923 -0.36831  0.72255 Q   121 
-1.31463 -0.10024  1.13704 B   122 
-1.31943 -0.26999  1.25583 A   122 
-1.10698  0.09821  0.98136 B   123 
-0.78392 -0.16505  1.08059 W   123 
-1.36797  0.31862  0.92673 B   124 
-1.38420  0.25657  0.66567 I   124 
-1.46288  0.39156  1.18151 B   125 
-1.68056 -0.07348  1.25030 R   125 
-1.56971  0.72428  1.24063 B   126 
-1.55836  0.80344  0.94922 B   127 
-1.25241  0.69967  0.94607 X   127 
-1.59695  1.07826  0.71262 B   128 
-1.97091  1.23191  0.68069 R   128 
-1.76821  0.94444  0.40472 B   129 
-1.54965  0.80626  0.42967 L   129 
