246 
-0.33716  1.27319  0.22854 B   1 
-0.72917  1.27290  0.07832 K   1 
-0.56956  1.19912  0.49099 B   2 
-0.41808  1.22441  0.69976 V   2 
-0.74107  0.93212  0.54070 B   3 
-0.75022  0.85424  0.11436 F   3 
-1.00484  0.77006  0.60530 B   4 
-1.10766  0.47094  0.65742 B   5 
-1.23484  0.22635  0.99446 R   5 
-1.38110  0.46374  0.49294 B   6 
-1.58004  0.39261  0.72475 X   6 
-1.25598  0.62460  0.25825 B   7 
-1.15919  1.00275  0.25230 E   7 
-1.03815  0.42239  0.17230 B   8 
-0.74067  0.42033  0.24716 L   8 
-1.21334  0.17521  0.13165 B   9 
-1.27223  0.10841  0.32971 A   9 
-1.37844  0.29491 -0.09617 B   10 
-1.51401  0.43926 -0.00338 A   10 
-1.14326  0.34888 -0.29090 B   11 
-1.05600  0.53744 -0.22938 A   11 
-1.02616  0.06210 -0.29311 B   12 
-0.73720  0.05747  0.02482 M   12 
-1.27980 -0.06336 -0.40437 B   13 
-1.64389 -0.20562 -0.21620 K   13 
-1.32094  0.09155 -0.66399 B   14 
-1.28366  0.53839 -0.73838 R   14 
-1.01861 -0.00829 -0.75012 B   15 
-0.89436  0.36037 -0.73469 H   15 
-1.03985 -0.33965 -0.67777 B   16 
-0.91433 -0.46098 -0.38928 B   17 
-0.66296 -0.25704 -0.36774 L   17 
-1.13773 -0.63426 -0.32127 B   18 
-1.36913 -0.63367 -0.11928 D   18 
-1.01428 -0.95098 -0.33547 B   19 
-1.30985 -0.99189 -0.21468 N   19 
-0.74228 -0.91309 -0.42738 B   20 
-0.55260 -0.72289 -0.77818 Y   20 
-0.58702 -1.19946 -0.45211 B   21 
-0.34040 -1.17630 -0.85733 R   21 
-0.77573 -1.27137 -0.17802 B   22 
-0.78882 -0.97848 -0.03998 B   23 
-0.34802 -1.12803  0.02814 Y   23 
-0.95305 -0.83190  0.16911 B   24 
-1.06683 -0.94427  0.34037 S   24 
-1.01438 -0.51063  0.23587 B   25 
-1.21839 -0.30920  0.10795 L   25 
-0.90988 -0.51439  0.53562 B   26 
-0.61290 -0.56415  0.46490 B   27 
-0.63129 -0.90111  0.45991 N   27 
-0.55696 -0.30159  0.31384 B   28 
-0.50304 -0.49940 -0.08238 W   28 
-0.63756 -0.11013  0.54089 B   29 
-0.88964 -0.04695  0.53453 V   29 
-0.44571 -0.22309  0.75048 B   30 
-0.45772 -0.43790  0.92567 X   30 
-0.18547 -0.16439  0.59856 B   31 
-0.17017 -0.31799  0.44356 A   31 
-0.21667  0.14116  0.56132 B   32 
-0.35857  0.17042  0.40219 A   32 
-0.22676  0.20461  0.86114 B   33 
-0.40557  0.27859  1.14214 K   33 
 0.07389  0.07125  0.93371 B   34 
-0.13722 -0.14266  1.21423 F   34 
 0.23994  0.21840  0.70300 B   35 
 0.33001 -0.07823  0.53631 E   35 
 0.08679  0.53949  0.69605 B   36 
 0.02867  0.52523  0.48264 S   36 
-0.17792  0.62386  0.83853 B   37 
-0.16156  0.68994  1.11716 N   37 
-0.33200  0.72755  0.57109 B   38 
-0.59791  0.47135  0.75665 F   38 
-0.06890  0.87103  0.43092 B   39 
 0.03020  1.12831  0.55075 N   39 
 0.02838  0.97125  0.11355 B   40 
-0.18640  1.04292  0.00929 T   40 
 0.30356  1.13865  0.21955 B   41 
 0.17645  1.51340  0.16673 Q   41 
 0.45464  0.90269  0.31560 B   42 
 0.35541  0.81806  0.48199 A   42 
 0.80433  0.87535  0.41716 B   43 
 0.84966  1.03969  0.24157 T   43 
 1.07555  0.61695  0.41795 B   44 
 0.85525  0.60179  0.67329 N   44 
 1.38088  0.54176  0.50777 B   45 
 1.72332  0.78022  0.21979 R   45 
 1.61356  0.30155  0.41753 B   46 
 1.32001  0.15402  0.32064 N   46 
 1.89683  0.13053  0.48268 B   47 
 1.90405  0.00518  0.70850 T   47 
 1.93976  0.07840  0.15527 B   48 
 1.73025 -0.06351  0.07588 D   48 
 1.83897  0.38725  0.04626 B   49 
 1.56961  0.36573  0.01269 B   50 
 1.48642  0.14499 -0.05629 S   50 
 1.20342  0.43999 -0.03254 B   51 
 1.28402  0.68895  0.04257 T   51 
 0.89564  0.48849  0.10947 B   52 
 0.91175  0.16598  0.22631 D   52 
 0.56458  0.53116 -0.04943 B   53 
 0.94021  0.77551 -0.22244 Y   53 
 0.28210  0.61819  0.07923 B   54 
-0.00208  0.43961  0.18779 B   55 
-0.25568  0.52469  0.13906 I   55 
 0.18967  0.15774  0.10060 B   56 
-0.09014  0.02094  0.02119 L   56 
 0.49307  0.17648  0.10450 B   57 
 0.55032  0.38177  0.37661 Q   57 
 0.64080  0.20450 -0.16861 B   58 
 0.41721  0.11694 -0.36461 I   58 
 0.93734  0.09637 -0.30534 B   59 
 1.16836 -0.02959 -0.15181 N   59 
 1.23072  0.22957 -0.48180 B   60 
 1.30541  0.40561 -0.35544 S   60 
 1.38877 -0.04191 -0.56821 B   61 
 1.74348 -0.09886 -0.33252 R   61 
 1.12101 -0.16164 -0.74667 B   62 
 1.32381 -0.52298 -0.55653 W   62 
 0.85666  0.04662 -0.81658 B   63 
 0.73182 -0.33545 -0.64207 W   63 
 0.99856  0.33908 -0.80101 B   64 
 0.84035  0.45074 -0.62731 X   64 
 1.11671  0.66863 -0.89001 B   65 
 1.33475  0.70764 -1.08790 N   65 
 1.35780  0.90507 -0.70414 B   66 
 1.38349  0.75431 -0.48215 D   66 
 1.67175  0.94707 -0.80419 B   67 
 1.81897  0.78346 -0.51587 B   68 
 1.63789  1.00472 -0.13798 R   68 
 1.82106  0.45690 -0.61674 B   69 
 1.63237  0.41552 -0.44966 T   69 
 2.03434  0.23774 -0.66125 B   70 
 2.17203  0.34964 -0.54171 P   70 
 1.92843 -0.02524 -0.84816 B   71 
 1.65964  0.04222 -0.96049 B   72 
 1.59509  0.25517 -0.87711 S   72 
 1.33176 -0.05068 -1.13252 B   73 
 1.44139 -0.37720 -1.22758 R   73 
 1.03721  0.05926 -1.18074 B   74 
 0.98682  0.32880 -1.23332 N   74 
 0.77731 -0.14506 -1.22199 B   75 
 0.94370 -0.40549 -1.12576 L   75 
 0.53973  0.08763 -1.21740 B   76 
 0.43497 -0.02837 -0.94894 X   76 
 0.62458  0.32354 -1.38200 B   77 
 0.68341  0.32423 -1.64842 N   77 
 0.70037  0.55903 -1.14807 B   78 
 0.40907  0.55853 -1.10531 I   78 
 0.70144  0.82222 -0.97114 B   79 
 0.67828  0.95670 -1.12944 P   79 
 0.70667  0.82728 -0.63678 B   80 
 0.96043  0.64840 -0.57864 X   80 
 0.52942  1.08969 -0.61204 B   81 
 0.65465  1.24378 -0.74634 S   81 
 0.26315  0.96024 -0.71601 B   82 
 0.30041  0.91470 -0.91814 A   82 
 0.23714  0.80428 -0.42824 B   83 
 0.37664  0.52450 -0.52515 L   83 
 0.14204  1.10397 -0.28485 B   84 
 0.45405  1.09143 -0.18118 L   84 
-0.11858  1.14732 -0.38137 B   85 
-0.18906  1.22135 -0.61950 S   85 
-0.46243  1.18592 -0.33533 B   86 
-0.51419  1.41913 -0.35245 S   86 
-0.45132  0.99524 -0.57485 B   87 
-0.58963  0.99021 -0.83235 D   87 
-0.44868  0.63591 -0.54510 B   88 
-0.58723  0.58163 -0.32251 I   88 
-0.41708  0.50195 -0.82286 B   89 
-0.58676  0.61909 -0.99007 T   89 
-0.11125  0.44555 -0.82919 B   90 
-0.01660  0.63575 -0.87508 A   90 
-0.09137  0.27134 -0.57146 B   91 
-0.03498  0.46380 -0.38412 S   91 
-0.29224  0.05603 -0.65554 B   92 
-0.54018  0.12258 -0.60247 V   92 
-0.16367 -0.04234 -0.91623 B   93 
-0.34276  0.14155 -1.13371 N   93 
 0.09970 -0.11435 -0.77148 B   94 
 0.33787  0.03972 -0.74453 X   94 
-0.01193 -0.30425 -0.55486 B   95 
-0.10804 -0.17832 -0.40908 A   95 
-0.12276 -0.51581 -0.75076 B   96 
-0.53172 -0.33421 -0.87987 K   96 
 0.16441 -0.59781 -0.83980 B   97 
 0.27083 -0.38647 -1.14367 K   97 
 0.28416 -0.67440 -0.56575 B   98 
 0.38776 -0.41159 -0.43776 I   98 
 0.07309 -0.89936 -0.47738 B   99 
-0.13527 -0.83472 -0.39852 V   99 
 0.14835 -1.06341 -0.75926 B   100 
-0.06033 -0.95145 -0.87216 S   100 
 0.46312 -1.14769 -0.70509 B   101 
 0.68536 -0.98066 -0.69475 D   101 
 0.41896 -1.41293 -0.45984 B   102 
 0.39501 -1.30271 -0.13654 B   103 
 0.71633 -1.34767 -0.13851 N   103 
 0.18820 -1.11760 -0.13710 B   104 
 0.12743 -0.92802  0.15511 B   105 
-0.23486 -0.77846  0.16820 M   105 
 0.42318 -0.98330  0.26859 B   106 
 0.33704 -1.29169  0.35129 N   106 
 0.54507 -0.72389  0.13999 B   107 
 0.50588 -0.74987 -0.06380 A   107 
 0.40381 -0.61025  0.40000 B   108 
 0.19050 -0.40298  0.03976 W   108 
 0.53462 -0.58397  0.70381 B   109 
 0.78777 -0.54617  0.69702 V   109 
 0.28836 -0.46707  0.85762 B   110 
 0.30041 -0.25441  0.83277 A   110 
 0.09080 -0.68314  0.77381 B   111 
-0.11360 -0.90017  0.52337 W   111 
 0.24102 -0.93300  0.87937 B   112 
 0.63514 -1.05658  0.79150 R   112 
 0.29104 -0.81158  1.18573 B   113 
 0.61246 -0.81592  1.14137 N   113 
-0.03509 -0.67165  1.21291 B   114 
 0.17461 -0.24642  1.37898 R   114 
-0.25643 -0.83673  1.01579 B   115 
-0.25075 -0.54507  0.88738 X   115 
-0.18857 -1.11508  1.00191 B   116 
 0.06061 -1.37073  0.73614 K   116 
-0.43073 -1.32470  1.15578 B   117 
-0.63974 -1.11384  1.18480 B   118 
-0.49020 -0.92146  1.27432 T   118 
-0.92788 -0.90752  1.22012 B   119 
-1.19583 -0.97087  1.30001 D   119 
-0.96241 -0.72867  0.93157 B   120 
-0.77772 -0.84051  0.80568 V   120 
-1.26726 -0.65701  0.92881 B   121 
-1.43901 -1.03214  0.87116 Q   121 
-1.24470 -0.42538  1.14059 B   122 
-1.18108 -0.52023  1.31352 A   122 
-1.14714 -0.20953  0.91558 B   123 
-0.75724 -0.20366  1.09296 W   123 
-1.47057 -0.19998  0.79318 B   124 
-1.40668 -0.34180  0.57392 I   124 
-1.63201 -0.11257  1.00657 B   125 
-1.58436 -0.56785  1.24910 R   125 
-1.90454  0.10494  0.94312 B   126 
-1.88570  0.07725  0.64279 B   127 
-1.57527  0.16341  0.66705 X   127 
-2.01983  0.19102  0.32333 B   128 
-2.40700  0.09472  0.25058 R   128 
-2.04023 -0.10615  0.09244 B   129 
-1.78988 -0.08514  0.15858 L   129 
