246 
-0.84200  0.91275 -0.49480 B   1 
-1.12195  0.66078 -0.68022 K   1 
-1.10908  0.83750 -0.26812 B   2 
-1.06528  1.01109 -0.08073 V   2 
-1.17513  0.56199 -0.11677 B   3 
-0.99840  0.33661 -0.44217 F   3 
-1.36422  0.32810 -0.01903 B   4 
-1.36058  0.06263  0.16063 B   5 
-1.50200 -0.06547  0.55202 R   5 
-1.53145 -0.14100 -0.01605 B   6 
-1.75984 -0.20878  0.18796 X   6 
-1.39825 -0.04097 -0.27846 B   7 
-1.45310  0.30059 -0.45939 E   7 
-1.10601 -0.12268 -0.21804 B   8 
-0.87844  0.05208 -0.10953 L   8 
-1.14951 -0.41843 -0.15416 B   9 
-1.24751 -0.42568  0.03949 A   9 
-1.25157 -0.49264 -0.43267 B   10 
-1.45464 -0.41258 -0.44609 A   10 
-0.99943 -0.40630 -0.59114 B   11 
-1.01702 -0.19236 -0.62070 A   11 
-0.79261 -0.57289 -0.43167 B   12 
-0.66016 -0.31321 -0.11605 M   12 
-0.92231 -0.83912 -0.50065 B   13 
-1.24957 -1.06116 -0.32233 K   13 
-0.91985 -0.83595 -0.80573 B   14 
-1.02593 -0.49605 -1.08824 R   14 
-0.59318 -0.79561 -0.78451 B   15 
-0.62888 -0.43976 -0.93842 H   15 
-0.51532 -1.03802 -0.55945 B   16 
-0.46865 -0.96205 -0.23424 B   17 
-0.33710 -0.66929 -0.28148 L   17 
-0.62034 -1.18331 -0.12203 B   18 
-0.89206 -1.22240  0.01576 D   18 
-0.39265 -1.37464  0.04321 B   19 
-0.67419 -1.50861  0.12326 N   19 
-0.14067 -1.24394 -0.01418 B   20 
 0.07927 -1.13235 -0.38077 Y   20 
 0.10683 -1.39964  0.13151 B   21 
 0.45702 -1.41065 -0.18911 R   21 
-0.12797 -1.44707  0.37343 B   22 
-0.29781 -1.17289  0.34189 B   23 
 0.10917 -1.04451  0.53984 Y   23 
-0.56868 -1.06175  0.42221 B   24 
-0.68694 -1.14202  0.60787 S   24 
-0.76418 -0.81618  0.30859 B   25 
-0.96618 -0.80842  0.06839 L   25 
-0.78302 -0.65457  0.58119 B   26 
-0.48506 -0.57197  0.58958 B   27 
-0.37444 -0.84636  0.75200 N   27 
-0.47908 -0.39556  0.33714 B   28 
-0.21517 -0.67194  0.10694 W   28 
-0.70164 -0.20091  0.42249 B   29 
-0.93805 -0.27957  0.34828 V   29 
-0.57257 -0.11495  0.68600 B   30 
-0.56746 -0.22309  0.94146 X   30 
-0.31640  0.00364  0.56531 B   31 
-0.18995 -0.16692  0.51272 A   31 
-0.44236  0.21292  0.37542 B   32 
-0.51627  0.10536  0.20429 A   32 
-0.58396  0.36997  0.59746 B   33 
-0.86673  0.44409  0.77340 K   33 
-0.30433  0.44282  0.77048 B   34 
-0.50815  0.27567  1.08597 F   34 
-0.13253  0.55403  0.52437 B   35 
 0.11493  0.30456  0.54469 E   35 
-0.37948  0.72604  0.33456 B   36 
-0.34591  0.60585  0.15138 S   36 
-0.68888  0.71349  0.37464 B   37 
-0.80112  0.87783  0.58120 N   37 
-0.76113  0.61740  0.07205 B   38 
-0.96146  0.35425  0.31985 F   38 
-0.53815  0.80808 -0.08084 B   39 
-0.59232  1.10351 -0.09351 N   39 
-0.37611  0.81583 -0.38729 B   40 
-0.54801  0.72567 -0.54369 T   40 
-0.24158  1.12358 -0.34071 B   41 
-0.46935  1.33329 -0.59274 Q   41 
-0.06040  1.05050 -0.11808 B   42 
-0.17470  0.99733  0.05164 A   42 
 0.21136  1.24153  0.03356 B   43 
 0.25353  1.32669 -0.19198 T   43 
 0.53829  1.17506  0.20396 B   44 
 0.26238  1.14921  0.39674 N   44 
 0.79413  1.30217  0.36312 B   45 
 1.10380  1.55118  0.04824 R   45 
 1.11465  1.19656  0.44117 B   46 
 0.95376  0.89859  0.38966 N   46 
 1.39607  1.22853  0.62425 B   47 
 1.36605  1.21888  0.88070 T   47 
 1.57163  1.08635  0.37784 B   48 
 1.47407  0.84122  0.35075 D   48 
 1.41122  1.23660  0.11492 B   49 
 1.20130  1.07292  0.05757 B   50 
 1.23698  0.83306  0.09753 S   50 
 0.87751  0.93148 -0.07209 B   51 
 0.82695  1.19440 -0.12140 T   51 
 0.54474  0.86926 -0.02070 B   52 
 0.63499  0.66907  0.24331 D   52 
 0.30417  0.67798 -0.22616 B   53 
 0.59803  0.99127 -0.44119 Y   53 
-0.01634  0.65347 -0.20179 B   54 
-0.23282  0.41299 -0.06129 B   55 
-0.46313  0.33480 -0.18283 I   55 
 0.06702  0.25556  0.03427 B   56 
-0.09249 -0.02061 -0.00572 L   56 
 0.31788  0.42289  0.07275 B   57 
 0.19154  0.71396  0.20979 Q   57 
 0.53354  0.41596 -0.15230 B   58 
 0.44646  0.16255 -0.30811 I   58 
 0.87680  0.42795 -0.17087 B   59 
 1.06464  0.50226  0.05719 N   59 
 1.14272  0.61208 -0.34504 B   60 
 1.09532  0.83429 -0.31491 S   60 
 1.40964  0.44626 -0.25898 B   61 
 1.64764  0.66697  0.02254 R   61 
 1.29031  0.15228 -0.39017 B   62 
 1.52763  0.04228 -0.01676 W   62 
 1.01303  0.15705 -0.59324 B   63 
 0.98379 -0.13831 -0.27087 W   63 
 1.02052  0.46219 -0.70614 B   64 
 0.78063  0.53577 -0.63752 X   64 
 1.03222  0.74525 -0.93025 B   65 
 1.27640  0.81017 -1.08641 N   65 
 1.08293  1.11994 -0.85533 B   66 
 1.07949  1.09820 -0.58666 D   66 
 1.37220  1.27170 -0.91556 B   67 
 1.45310  1.32538 -0.56606 B   68 
 1.07858  1.54983 -0.38195 R   68 
 1.61241  1.03336 -0.48754 B   69 
 1.40544  0.96965 -0.35212 T   69 
 1.89187  0.95168 -0.38397 B   70 
 1.92449  1.15261 -0.31816 P   70 
 1.96684  0.62324 -0.42658 B   71 
 1.75330  0.49984 -0.59567 B   72 
 1.58900  0.66539 -0.64116 S   72 
 1.57034  0.19928 -0.74369 B   73 
 1.81938 -0.03694 -0.64444 R   73 
 1.29567  0.12029 -0.88331 B   74 
 1.17223  0.28611 -1.07099 N   74 
 1.16418 -0.18441 -0.85393 B   75 
 1.36741 -0.26891 -0.61660 L   75 
 0.87353 -0.11924 -1.00188 B   76 
 0.72881 -0.16140 -0.73026 X   76 
 0.91900  0.04567 -1.24822 B   77 
 1.06634 -0.02443 -1.46690 N   77 
 0.81127  0.35526 -1.15617 B   78 
 0.54695  0.22572 -1.16228 I   78 
 0.65031  0.62787 -1.13757 B   79 
 0.63865  0.66204 -1.34343 P   79 
 0.53075  0.75987 -0.85450 B   80 
 0.79241  0.76836 -0.67777 X   80 
 0.27330  0.88590 -0.99136 B   81 
 0.37243  1.01836 -1.16483 S   81 
 0.13162  0.61300 -1.05399 B   82 
 0.25412  0.52015 -1.19782 A   82 
 0.06189  0.58611 -0.73426 B   83 
 0.31986  0.40062 -0.65569 L   83 
-0.18249  0.82673 -0.77670 B   84 
 0.05085  1.01134 -0.63625 L   84 
-0.38591  0.69450 -0.91901 B   85 
-0.38649  0.62789 -1.16945 S   85 
-0.71078  0.57056 -0.94970 B   86 
-0.83492  0.72060 -1.08912 S   86 
-0.54333  0.33721 -1.05629 B   87 
-0.56557  0.16773 -1.29344 D   87 
-0.41917  0.06886 -0.84993 B   88 
-0.59881  0.04089 -0.65338 I   88 
-0.24119 -0.12430 -1.01458 B   89 
-0.36836 -0.18005 -1.24084 T   89 
 0.04326 -0.01833 -0.94670 B   90 
 0.07062  0.16029 -1.06749 A   90 
 0.03045 -0.04788 -0.63665 B   91 
-0.06093  0.20093 -0.56551 S   91 
-0.03090 -0.34781 -0.62956 B   92 
-0.28672 -0.39947 -0.65423 V   92 
 0.21054 -0.45842 -0.78331 B   93 
 0.06904 -0.48555 -1.08733 N   93 
 0.40930 -0.32912 -0.58511 B   94 
 0.54601 -0.07988 -0.60461 X   94 
 0.30494 -0.45191 -0.32151 B   95 
 0.12304 -0.34669 -0.27474 A   95 
 0.35999 -0.74598 -0.39835 B   96 
-0.00935 -0.85633 -0.65970 K   96 
 0.66818 -0.70034 -0.39080 B   97 
 0.79203 -0.59613 -0.74027 K   97 
 0.69867 -0.59770 -0.10124 B   98 
 0.64331 -0.29265 -0.10909 I   98 
 0.56917 -0.84556  0.05611 B   99 
 0.33845 -0.86931  0.06019 V   99 
 0.79707 -1.04202 -0.09051 B   100 
 0.61865 -1.10089 -0.27363 S   100 
 1.07736 -0.93068  0.04424 B   101 
 1.20174 -0.68548  0.00174 D   101 
 1.04804 -1.06797  0.38001 B   102 
 0.86873 -0.87247  0.59651 B   103 
 1.16060 -0.74820  0.66464 N   103 
 0.62384 -0.83109  0.47262 B   104 
 0.39511 -0.60358  0.61733 B   105 
 0.02553 -0.66236  0.50008 M   105 
 0.62676 -0.45680  0.78524 B   106 
 0.63690 -0.70973  0.99805 N   106 
 0.68204 -0.24156  0.56319 B   107 
 0.73261 -0.35785  0.39689 A   107 
 0.42436 -0.12561  0.70683 B   108 
 0.29714 -0.20508  0.26441 W   108 
 0.41542  0.07412  0.97166 B   109 
 0.62022  0.22729  0.98406 V   109 
 0.10562  0.10045  1.00776 B   110 
 0.04642  0.26334  0.88146 A   110 
 0.04729 -0.19833  1.01594 B   111 
 0.04435 -0.56379  0.88165 W   111 
 0.22940 -0.27913  1.25353 B   112 
 0.64389 -0.21224  1.29869 R   112 
 0.11534 -0.04437  1.46084 B   113 
 0.40777  0.09580  1.47245 N   113 
-0.22494 -0.08736  1.36575 B   114 
-0.26357  0.41180  1.32429 R   114 
-0.28104 -0.40065  1.24828 B   115 
-0.33704 -0.21805  0.99311 X   115 
-0.11514 -0.58958  1.38634 B   116 
 0.28932 -0.76489  1.32503 K   116 
-0.30080 -0.81637  1.58721 B   117 
-0.56789 -0.74487  1.47524 B   118 
-0.54392 -0.48639  1.47678 T   118 
-0.90321 -0.71398  1.35929 B   119 
-1.13793 -0.86707  1.41984 D   119 
-0.89338 -0.69967  1.01850 B   120 
-0.64827 -0.74226  0.99460 V   120 
-1.17932 -0.79665  0.93534 B   121 
-1.16638 -1.19706  1.04955 Q   121 
-1.32300 -0.52491  1.00265 B   122 
-1.29677 -0.50245  1.20699 A   122 
-1.23719 -0.39201  0.71679 B   123 
-0.97104 -0.12654  0.92224 W   123 
-1.47234 -0.59167  0.56020 B   124 
-1.28524 -0.75293  0.45408 I   124 
-1.72053 -0.52376  0.67434 B   125 
-1.60021 -0.76485  1.11681 R   125 
-2.01057 -0.51341  0.47092 B   126 
-1.87452 -0.63834  0.23175 B   127 
-1.64999 -0.40717  0.25471 X   127 
-1.91444 -0.73613 -0.11730 B   128 
-2.18308 -1.03166 -0.18775 R   128 
-1.73771 -1.06518 -0.16762 B   129 
-1.55575 -0.89916 -0.08506 L   129 
