246 
-0.43594  1.18703 -0.43339 B   1 
-0.72920  1.06176 -0.70642 K   1 
-0.75464  1.16639 -0.27096 B   2 
-0.70495  1.29008 -0.04870 V   2 
-0.92397  0.90609 -0.18883 B   3 
-0.75210  0.68531 -0.51994 F   3 
-1.18615  0.73025 -0.16990 B   4 
-1.29324  0.45405 -0.04740 B   5 
-1.54295  0.32200  0.28397 R   5 
-1.47268  0.33958 -0.28526 B   6 
-1.74827  0.31728 -0.13719 X   6 
-1.26535  0.42966 -0.49860 B   7 
-1.18514  0.79338 -0.61554 E   7 
-1.02617  0.25456 -0.40991 B   8 
-0.78722  0.33400 -0.23470 L   8 
-1.16164 -0.01944 -0.41284 B   9 
-1.29606 -0.02334 -0.24232 A   9 
-1.21964 -0.01893 -0.71304 B   10 
-1.38541  0.12065 -0.74248 A   10 
-0.92617  0.00717 -0.80966 B   11 
-0.87769  0.21811 -0.79918 A   11 
-0.81118 -0.23549 -0.65522 B   12 
-0.68143 -0.07594 -0.27799 M   12 
-0.99168 -0.43661 -0.79459 B   13 
-1.39711 -0.57019 -0.71720 K   13 
-0.92476 -0.39162 -1.08885 B   14 
-0.87187  0.00051 -1.31252 R   14 
-0.61153 -0.45689 -1.00876 B   15 
-0.51506 -0.08937 -1.09373 H   15 
-0.65211 -0.74053 -0.82607 B   16 
-0.65537 -0.72893 -0.48908 B   17 
-0.44156 -0.48710 -0.45670 L   17 
-0.88199 -0.90639 -0.44775 B   18 
-1.17653 -0.87910 -0.36501 D   18 
-0.75542 -1.17955 -0.28927 B   19 
-1.07320 -1.23047 -0.28253 N   19 
-0.47102 -1.12581 -0.27940 B   20 
-0.15734 -1.03689 -0.57758 Y   20 
-0.31198 -1.36877 -0.12973 B   21 
 0.08063 -1.44167 -0.38683 R   21 
-0.59591 -1.37526  0.05800 B   22 
-0.67335 -1.06062  0.05428 B   23 
-0.29745 -1.09244  0.33534 Y   23 
-0.91379 -0.88411  0.11094 B   24 
-1.08563 -0.94941  0.25622 S   24 
-1.00602 -0.57702  0.01811 B   25 
-1.14329 -0.47403 -0.24478 L   25 
-1.03622 -0.45732  0.31060 B   26 
-0.73563 -0.47219  0.38200 B   27 
-0.74118 -0.78721  0.50298 N   27 
-0.62879 -0.27258  0.17314 B   28 
-0.40900 -0.58148 -0.06201 W   28 
-0.80199 -0.03300  0.25864 B   29 
-1.02997 -0.02407  0.13405 V   29 
-0.71226 -0.02864  0.55092 B   30 
-0.79057 -0.16782  0.77780 X   30 
-0.41404  0.02129  0.49782 B   31 
-0.33126 -0.17071  0.43353 A   31 
-0.43505  0.28358  0.33507 B   32 
-0.49824  0.22900  0.13671 A   32 
-0.57116  0.44375  0.55832 B   33 
-0.85292  0.57565  0.69839 K   33 
-0.32484  0.40224  0.78424 B   34 
-0.62798  0.26322  1.02464 F   34 
-0.08162  0.48870  0.59497 B   35 
 0.07779  0.17506  0.60494 E   35 
-0.22645  0.75303  0.40588 B   36 
-0.18971  0.65527  0.21038 S   36 
-0.52864  0.83057  0.39329 B   37 
-0.63195  0.99075  0.60763 N   37 
-0.55965  0.80471  0.07021 B   38 
-0.87176  0.58374  0.22687 F   38 
-0.26602  0.93720 -0.00519 B   39 
-0.23300  1.23370  0.03180 N   39 
-0.04780  0.93771 -0.27464 B   40 
-0.20124  0.92754 -0.47084 T   40 
 0.15333  1.17960 -0.14806 B   41 
 0.04986  1.48225 -0.38697 Q   41 
 0.25676  1.02398  0.08175 B   42 
 0.09942  0.98522  0.21753 A   42 
 0.53266  1.09913  0.30886 B   43 
 0.64275  1.19797  0.11391 T   43 
 0.78561  0.91232  0.51246 B   44 
 0.47929  0.94565  0.65036 N   44 
 1.02741  0.93113  0.73183 B   45 
 1.45227  1.11463  0.52477 R   45 
 1.28288  0.72239  0.83738 B   46 
 1.06073  0.49851  0.70377 N   46 
 1.51753  0.64044  1.06532 B   47 
 1.43313  0.60462  1.30689 T   47 
 1.69469  0.48727  0.82677 B   48 
 1.54140  0.29026  0.73716 D   48 
 1.64037  0.71480  0.57635 B   49 
 1.41034  0.63320  0.45562 B   50 
 1.36955  0.39085  0.45300 S   50 
 1.09467  0.61760  0.25126 B   51 
 1.12979  0.88754  0.24700 T   51 
 0.75453  0.65397  0.23620 B   52 
 0.72904  0.40081  0.46681 D   52 
 0.51909  0.57656 -0.03811 B   53 
 0.92592  0.81142 -0.13845 Y   53 
 0.20646  0.64845 -0.07001 B   54 
-0.09217  0.46882 -0.01531 B   55 
-0.30442  0.48295 -0.18465 I   55 
 0.12599  0.21520  0.09378 B   56 
-0.09128  0.00979 -0.02419 L   56 
 0.39939  0.29032  0.20343 B   57 
 0.33220  0.58388  0.37305 Q   57 
 0.64689  0.24915  0.01836 B   58 
 0.52806  0.05917 -0.19580 I   58 
 0.97622  0.15768  0.05701 B   59 
 1.12529  0.13800  0.32197 N   59 
 1.31279  0.27380 -0.03349 B   60 
 1.32310  0.49331  0.03167 S   60 
 1.49973  0.02372  0.05956 B   61 
 1.72496  0.11897  0.41284 R   61 
 1.33433 -0.19800 -0.14381 B   62 
 1.44881 -0.42674  0.23358 W   62 
 1.11784 -0.07993 -0.38326 B   63 
 0.94186 -0.39418 -0.13368 W   63 
 1.23233  0.22084 -0.43162 B   64 
 1.01309  0.35412 -0.38874 X   64 
 1.36795  0.51513 -0.59128 B   65 
 1.64757  0.52318 -0.69111 N   65 
 1.50289  0.84177 -0.43743 B   66 
 1.43755  0.78470 -0.18220 D   66 
 1.82867  0.90428 -0.42028 B   67 
 1.84634  0.88099 -0.05873 B   68 
 1.51809  1.18141  0.10416 R   68 
 1.89917  0.54619 -0.01470 B   69 
 1.65913  0.53076  0.07118 T   69 
 2.11736  0.36900  0.11375 B   70 
 2.18946  0.53891  0.22192 P   70 
 2.10633  0.04278  0.02009 B   71 
 1.90732  0.01588 -0.20148 B   72 
 1.80814  0.22852 -0.23908 S   72 
 1.68391 -0.19015 -0.43249 B   73 
 1.83197 -0.50287 -0.34328 R   73 
 1.43358 -0.16062 -0.62650 B   74 
 1.40252  0.05967 -0.79521 N   74 
 1.22028 -0.41121 -0.67848 B   75 
 1.33821 -0.58640 -0.43319 L   75 
 0.99633 -0.23991 -0.85487 B   76 
 0.79217 -0.27325 -0.62313 X   76 
 1.13580 -0.06409 -1.05383 B   77 
 1.30049 -0.14464 -1.25589 N   77 
 1.10057  0.24750 -0.92119 B   78 
 0.81817  0.20754 -0.99424 I   78 
 1.02056  0.55092 -0.87529 B   79 
 1.06202  0.61552 -1.06968 P   79 
 0.88550  0.67219 -0.59439 B   80 
 1.09649  0.57509 -0.38032 X   80 
 0.70713  0.88903 -0.74290 B   81 
 0.87281  1.00762 -0.86919 S   81 
 0.51222  0.68441 -0.87931 B   82 
 0.63171  0.57957 -1.01732 A   82 
 0.37259  0.63568 -0.58616 B   83 
 0.54729  0.37087 -0.50563 L   83 
 0.21826  0.94314 -0.61879 B   84 
 0.45866  1.02561 -0.40983 L   84 
 0.02072  0.90106 -0.81456 B   85 
 0.05419  0.87364 -1.07007 S   85 
-0.31183  0.88841 -0.91988 B   86 
-0.35796  1.08729 -1.04508 S   86 
-0.19656  0.63229 -1.04223 B   87 
-0.21448  0.51282 -1.30843 D   87 
-0.19691  0.31264 -0.87539 B   88 
-0.41425  0.31389 -0.71904 I   88 
-0.04858  0.09926 -1.04441 B   89 
-0.13599  0.11753 -1.29440 T   89 
 0.23333  0.10219 -0.91299 B   90 
 0.33334  0.27887 -0.99062 A   90 
 0.14841  0.03484 -0.62072 B   91 
 0.11619  0.28713 -0.51763 S   91 
 0.00691 -0.22967 -0.68226 B   92 
-0.24223 -0.19631 -0.75669 V   92 
 0.23521 -0.38633 -0.81454 B   93 
 0.15846 -0.32582 -1.13646 N   93 
 0.41588 -0.35341 -0.56599 B   94 
 0.61677 -0.15802 -0.51446 X   94 
 0.22912 -0.47392 -0.35139 B   95 
 0.07756 -0.32561 -0.31430 A   95 
 0.21600 -0.75688 -0.47460 B   96 
-0.10637 -0.71075 -0.80754 K   96 
 0.51620 -0.80957 -0.40964 B   97 
 0.73409 -0.70049 -0.70789 K   97 
 0.51255 -0.76290 -0.10449 B   98 
 0.54609 -0.45765 -0.06113 I   98 
 0.29000 -0.97854 -0.02117 B   99 
 0.06609 -0.93065 -0.05836 V   99 
 0.48051 -1.21287 -0.16549 B   100 
 0.33513 -1.18785 -0.38245 S   100 
 0.74602 -1.21298  0.03102 B   101 
 0.93903 -1.01439  0.05755 D   101 
 0.61061 -1.38029  0.32449 B   102 
 0.45085 -1.17158  0.54394 B   103 
 0.74470 -1.15373  0.68034 N   103 
 0.25828 -1.04008  0.39341 B   104 
 0.07592 -0.77600  0.54182 B   105 
-0.26260 -0.70145  0.35841 M   105 
 0.29860 -0.73248  0.76968 B   106 
 0.19413 -1.00352  0.92776 N   106 
 0.45604 -0.51569  0.60564 B   107 
 0.50627 -0.61737  0.42993 A   107 
 0.21608 -0.34759  0.72661 B   108 
 0.16725 -0.32133  0.26276 W   108 
 0.20727 -0.19396  1.02059 B   109 
 0.43899 -0.11438  1.09495 V   109 
-0.08378 -0.07914  1.01170 B   110 
-0.06818  0.11007  0.91198 A   110 
-0.22237 -0.34365  0.95193 B   111 
-0.29755 -0.66794  0.74997 W   111 
-0.12331 -0.50891  1.19485 B   112 
 0.27465 -0.57950  1.31719 R   112 
-0.20913 -0.28197  1.42340 B   113 
 0.10143 -0.24141  1.50831 N   113 
-0.52044 -0.20467  1.26916 B   114 
-0.41081  0.28289  1.32061 R   114 
-0.63466 -0.46589  1.08529 B   115 
-0.58372 -0.24104  0.86521 X   115 
-0.55974 -0.71402  1.20816 B   116 
-0.21555 -0.99460  1.17847 K   116 
-0.83829 -0.89868  1.32883 B   117 
-1.04592 -0.73370  1.19223 B   118 
-0.95268 -0.49795  1.24809 T   118 
-1.32790 -0.58544  1.03304 B   119 
-1.60292 -0.66599  1.02457 D   119 
-1.24355 -0.52721  0.70756 B   120 
-1.02022 -0.63918  0.71486 V   120 
-1.52119 -0.51907  0.56290 B   121 
-1.64298 -0.91598  0.59712 Q   121 
-1.59540 -0.22861  0.65850 B   122 
-1.60730 -0.24416  0.86481 A   122 
-1.41862 -0.08976  0.42141 B   123 
-1.13877  0.04964  0.71428 W   123 
-1.66147 -0.18359  0.19360 B   124 
-1.50805 -0.37793  0.08892 I   124 
-1.89958 -0.05948  0.27812 B   125 
-1.94536 -0.38539  0.67820 R   125 
-2.12644  0.06781  0.03741 B   126 
-1.98314 -0.05803 -0.19700 B   127 
-1.71366  0.08745 -0.09404 X   127 
-1.97457 -0.08889 -0.56027 B   128 
-2.29321 -0.27475 -0.72877 R   128 
-1.88865 -0.44583 -0.64543 B   129 
-1.68949 -0.35698 -0.50427 L   129 
