246 
-1.18645 -0.23283 -0.57012 B   1 
-1.20407 -0.65069 -0.53377 K   1 
-1.35221 -0.32307 -0.26556 B   2 
-1.45472 -0.09550 -0.19575 V   2 
-1.22865 -0.44811  0.00328 B   3 
-0.91694 -0.64313 -0.22634 F   3 
-1.21827 -0.65188  0.24491 B   4 
-1.05311 -0.71347  0.51266 B   5 
-1.10651 -0.67212  0.94282 R   5 
-1.02433 -1.03120  0.50284 B   6 
-1.16470 -1.10510  0.77341 X   6 
-0.96998 -1.02699  0.19684 B   7 
-1.22386 -0.95232 -0.09017 E   7 
-0.70652 -0.86476  0.19718 B   8 
-0.66797 -0.56492  0.14501 L   8 
-0.54468 -1.03359  0.39400 B   9 
-0.62950 -0.99702  0.59054 A   9 
-0.54342 -1.28543  0.22062 B   10 
-0.74486 -1.36946  0.23439 A   10 
-0.40242 -1.16222 -0.02652 B   11 
-0.55696 -1.06148 -0.14021 A   11 
-0.15340 -1.05106  0.12042 B   12 
-0.26104 -0.65119  0.23492 M   12 
-0.06224 -1.32453  0.21719 B   13 
-0.16847 -1.56399  0.56299 K   13 
-0.03424 -1.48022 -0.04371 B   14 
-0.31507 -1.49092 -0.40094 R   14 
 0.17568 -1.24489 -0.14037 B   15 
-0.07635 -1.13591 -0.41641 H   15 
 0.37538 -1.22361  0.13375 B   16 
 0.32806 -0.98034  0.36242 B   17 
 0.23114 -0.75060  0.15489 L   17 
 0.35595 -1.14613  0.59968 B   18 
 0.17065 -1.26411  0.81436 D   18 
 0.63641 -1.03385  0.75618 B   19 
 0.51332 -1.24426  0.96641 N   19 
 0.73796 -0.83171  0.57537 B   20 
 0.85769 -0.82177  0.15019 Y   20 
 1.01069 -0.69634  0.69377 B   21 
 1.30423 -0.65529  0.32269 R   21 
 0.84837 -0.74232  0.98948 B   22 
 0.54192 -0.70025  0.89287 B   23 
 0.73479 -0.27128  0.88366 Y   23 
 0.26117 -0.75854  0.99266 B   24 
 0.21154 -0.78188  1.22046 S   24 
-0.03713 -0.79198  0.84660 B   25 
-0.16792 -1.03651  0.69942 L   25 
-0.18532 -0.56550  1.01254 B   26 
-0.02375 -0.32939  0.89497 B   27 
 0.22734 -0.33967  1.12026 N   27 
-0.11500 -0.35270  0.60169 B   28 
 0.28611 -0.47486  0.44932 W   28 
-0.41722 -0.32919  0.65477 B   29 
-0.53028 -0.55954  0.69650 V   29 
-0.40524 -0.06163  0.80227 B   30 
-0.35223  0.01054  1.06487 X   30 
-0.28656  0.10290  0.57183 B   31 
-0.07399  0.05183  0.56450 A   31 
-0.50238  0.05080  0.35636 B   32 
-0.46799 -0.14757  0.28033 A   32 
-0.73266  0.17293  0.51784 B   33 
-1.00601  0.13523  0.71850 K   33 
-0.59321  0.47786  0.54964 B   34 
-0.65888  0.41819  0.95107 F   34 
-0.51966  0.52086  0.24110 B   35 
-0.17203  0.53520  0.29431 E   35 
-0.79890  0.37250  0.07796 B   36 
-0.67619  0.22626 -0.03467 S   36 
-1.02063  0.19621  0.20930 B   37 
-1.23289  0.33259  0.34575 N   37 
-0.98055 -0.06289  0.01624 B   38 
-0.97258 -0.21266  0.40132 F   38 
-0.93183  0.10727 -0.26328 B   39 
-1.16971  0.24272 -0.38753 N   39 
-0.78999  0.05144 -0.57471 B   40 
-0.84044 -0.18902 -0.61680 T   40 
-0.90357  0.34083 -0.71013 B   41 
-1.18843  0.19415 -0.94828 Q   41 
-0.74230  0.52466 -0.54301 B   42 
-0.80584  0.51151 -0.34181 A   42 
-0.68639  0.88373 -0.57886 B   43 
-0.69206  0.84251 -0.82003 T   43 
-0.41805  1.13364 -0.50221 B   44 
-0.62047  1.04962 -0.24545 N   44 
-0.33136  1.44895 -0.49891 B   45 
-0.24351  1.62240 -0.96715 R   45 
-0.03271  1.62355 -0.48153 B   46 
 0.05542  1.32123 -0.34676 N   46 
 0.13470  1.91056 -0.42379 B   47 
 0.09542  2.02015 -0.19312 T   47 
 0.38206  1.80538 -0.62256 B   48 
 0.47861  1.58599 -0.50905 D   48 
 0.18765  1.65906 -0.86386 B   49 
 0.14979  1.40330 -0.77839 B   50 
 0.33410  1.30371 -0.64988 S   50 
 0.02030  1.05321 -0.73021 B   51 
-0.18960  1.15248 -0.87236 T   51 
-0.18606  0.83901 -0.56055 B   52 
-0.00940  0.91325 -0.27559 D   52 
-0.21396  0.47087 -0.57951 B   53 
-0.19035  0.72483 -0.98655 Y   53 
-0.43429  0.27247 -0.45295 B   54 
-0.44348  0.07029 -0.16403 B   55 
-0.54800 -0.18071 -0.16445 I   55 
-0.12663  0.21060 -0.10292 B   56 
-0.05326 -0.07193  0.03165 L   56 
-0.05951  0.48379 -0.21815 B   57 
-0.36118  0.65045 -0.19208 Q   57 
 0.12392  0.49457 -0.47001 B   58 
 0.24571  0.20958 -0.46517 I   58 
 0.36882  0.70252 -0.59293 B   59 
 0.43498  0.98072 -0.48783 N   59 
 0.45536  0.88402 -0.90036 B   60 
 0.26788  1.00251 -0.95821 S   60 
 0.75467  0.99421 -0.83387 B   61 
 0.75376  1.41790 -0.76254 R   61 
 0.87793  0.67819 -0.78077 B   62 
 1.09121  0.95318 -0.48624 W   62 
 0.69061  0.40509 -0.87281 B   63 
 0.83862  0.38002 -0.46113 W   63 
 0.50062  0.53186 -1.10463 B   64 
 0.26899  0.46418 -1.00750 X   64 
 0.33894  0.59012 -1.42237 B   65 
 0.48836  0.69695 -1.65578 N   65 
 0.11621  0.88259 -1.53822 B   66 
 0.10340  1.00768 -1.29977 D   66 
 0.23110  1.11863 -1.74174 B   67 
 0.22163  1.38233 -1.49285 B   68 
-0.22111  1.38182 -1.32396 R   68 
 0.52805  1.34771 -1.34545 B   69 
 0.40697  1.25360 -1.14120 T   69 
 0.77812  1.52464 -1.30473 B   70 
 0.66026  1.69817 -1.34672 P   70 
 1.05864  1.35353 -1.21906 B   71 
 1.00132  1.06118 -1.24497 B   72 
 0.77355  1.03493 -1.30739 S   72 
 1.08402  0.69347 -1.18438 B   73 
 1.41654  0.75780 -1.07051 R   73 
 0.94925  0.40536 -1.18662 B   74 
 0.76440  0.33018 -1.38190 N   74 
 1.05593  0.15927 -0.98901 B   75 
 1.23969  0.35752 -0.81097 L   75 
 0.81294 -0.05746 -1.05682 B   76 
 0.71023 -0.02960 -0.76497 X   76 
 0.75779 -0.06018 -1.35161 B   77 
 0.93327 -0.12544 -1.55008 N   77 
 0.46143  0.10543 -1.37734 B   78 
 0.35595 -0.13671 -1.24724 I   78 
 0.15788  0.17816 -1.43336 B   79 
 0.14540  0.08394 -1.61950 P   79 
-0.04503  0.33076 -1.21566 B   80 
 0.12436  0.58842 -1.14716 X   80 
-0.30582  0.17629 -1.31061 B   81 
-0.30656  0.22522 -1.54528 S   81 
-0.21952 -0.10517 -1.20197 B   82 
-0.05382 -0.16013 -1.31960 A   82 
-0.28211  0.00283 -0.89827 B   83 
 0.02462  0.09195 -0.82685 L   83 
-0.61945 -0.02641 -0.96728 B   84 
-0.58630  0.29946 -0.99839 L   84 
-0.66589 -0.30381 -0.96961 B   85 
-0.59809 -0.47428 -1.15264 S   85 
-0.81719 -0.59258 -0.84484 B   86 
-0.99637 -0.65239 -0.99205 S   86 
-0.52721 -0.68392 -0.88259 B   87 
-0.40707 -0.92177 -1.00281 D   87 
-0.27436 -0.65939 -0.62671 B   88 
-0.40523 -0.68366 -0.39439 I   88 
 0.00158 -0.75070 -0.73447 B   89 
-0.03286 -0.97975 -0.86418 T   89 
 0.13196 -0.47799 -0.80781 B   90 
 0.04265 -0.41822 -0.99674 A   90 
 0.11374 -0.34170 -0.52805 B   91 
-0.12770 -0.21302 -0.54973 S   91 
 0.27062 -0.55358 -0.37227 B   92 
 0.12052 -0.75398 -0.29460 V   92 
 0.53628 -0.55131 -0.52584 B   93 
 0.47925 -0.81271 -0.72981 N   93 
 0.57608 -0.24936 -0.47344 B   94 
 0.50974 -0.02781 -0.63988 X   94 
 0.55809 -0.24876 -0.16501 B   95 
 0.34959 -0.27350 -0.11749 A   95 
 0.80402 -0.42954 -0.11753 B   96 
 0.63242 -0.85780 -0.18118 K   96 
 0.99810 -0.20953 -0.22264 B   97 
 1.05088 -0.25398 -0.60154 K   97 
 0.92424  0.02105 -0.03110 B   98 
 0.67855  0.16401 -0.15513 I   98 
 0.98214 -0.12337  0.24953 B   99 
 0.82891 -0.27683  0.33190 V   99 
 1.29517 -0.17663  0.14369 B   100 
 1.22132 -0.41645  0.06715 S   100 
 1.41267  0.13158  0.12594 B   101 
 1.34217  0.33118 -0.05458 D   101 
 1.45269  0.20723  0.47968 B   102 
 1.16938  0.32615  0.63079 B   103 
 1.29282  0.61440  0.54743 N   103 
 0.97370  0.13592  0.58024 B   104 
 0.63928  0.20609  0.67110 B   105 
 0.41931 -0.11657  0.70714 M   105 
 0.69417  0.52279  0.68037 B   106 
 0.85255  0.48991  0.96882 N   106 
 0.60997  0.56861  0.38121 B   107 
 0.74093  0.44391  0.27615 A   107 
 0.32976  0.55429  0.52867 B   108 
 0.33137  0.19842  0.22603 W   108 
 0.16381  0.80540  0.66835 B   109 
 0.20918  1.02833  0.55089 V   109 
-0.08408  0.64985  0.77938 B   110 
-0.22563  0.64433  0.61839 A   110 
 0.07413  0.44108  0.93470 B   111 
 0.33112  0.15241  0.98197 W   111 
 0.23990  0.62870  1.11761 B   112 
 0.49396  0.94613  1.00353 R   112 
-0.02131  0.80614  1.22434 B   113 
 0.09706  1.07469  1.08590 N   113 
-0.23253  0.52237  1.26355 B   114 
-0.59388  0.77322  1.02090 R   114 
-0.05122  0.24084  1.31798 B   115 
-0.19177  0.18178  1.03808 X   115 
 0.18491  0.30247  1.46871 B   116 
 0.60499  0.41453  1.37355 K   116 
 0.18343  0.15879  1.79368 B   117 
-0.04994 -0.02097  1.74663 B   118 
-0.20699  0.14790  1.62744 T   118 
-0.30547 -0.26873  1.73428 B   119 
-0.37957 -0.47194  1.92246 D   119 
-0.27628 -0.43192  1.43601 B   120 
-0.06590 -0.31933  1.36166 V   120 
-0.41240 -0.70816  1.49289 B   121 
-0.14327 -0.87825  1.76157 Q   121 
-0.70723 -0.59996  1.47344 B   122 
-0.72218 -0.46400  1.62914 A   122 
-0.70758 -0.61754  1.14721 B   123 
-0.71102 -0.18969  1.12602 W   123 
-0.73039 -0.96186  1.17176 B   124 
-0.47475 -0.99814  1.09694 I   124 
-0.96850 -1.01426  1.31247 B   125 
-0.75880 -0.85279  1.75781 R   125 
-1.16890 -1.29206  1.22147 B   126 
-0.96278 -1.40746  1.03303 B   127 
-0.95659 -1.12063  0.88445 X   127 
-0.89358 -1.67196  0.79170 B   128 
-0.88420 -2.04879  0.94131 R   128 
-0.53744 -1.78505  0.84089 B   129 
-0.52397 -1.53191  0.78407 L   129 
