246 
-0.51912 -0.41953  1.15820 B   1 
-0.24843 -0.72621  1.25260 K   1 
-0.25366 -0.29114  1.36171 B   2 
-0.34945 -0.05951  1.42758 V   2 
 0.05375 -0.23864  1.28474 B   3 
 0.03996 -0.56064  0.99484 F   3 
 0.36627 -0.25437  1.33050 B   4 
 0.64278 -0.15622  1.20139 B   5 
 0.94988  0.14185  1.28165 R   5 
 0.82622 -0.41599  1.22874 B   6 
 1.05957 -0.29760  1.40168 X   6 
 0.59086 -0.60296  1.14962 B   7 
 0.27617 -0.69423  1.36186 E   7 
 0.54139 -0.49887  0.86249 B   8 
 0.33096 -0.29700  0.76721 L   8 
 0.82404 -0.52813  0.74984 B   9 
 0.94358 -0.37238  0.84263 A   9 
 0.83463 -0.83230  0.77910 B   10 
 0.86011 -0.87176  0.99269 A   10 
 0.59103 -0.89756  0.59871 B   11 
 0.41536 -0.87248  0.72309 A   11 
 0.68507 -0.74376  0.34680 B   12 
 0.52277 -0.34839  0.39080 M   12 
 0.93768 -0.90977  0.31385 B   13 
 1.33351 -0.87987  0.48885 K   13 
 0.82723 -1.19339  0.29265 B   14 
 0.50235 -1.39217  0.54071 R   14 
 0.64889 -1.08530  0.03711 B   15 
 0.32309 -1.14299  0.24233 H   15 
 0.88781 -0.92098 -0.14007 B   16 
 0.91808 -0.58585 -0.11810 B   17 
 0.60242 -0.52093 -0.08081 L   17 
 1.20790 -0.57583 -0.09661 B   18 
 1.41511 -0.52198  0.12364 D   18 
 1.31426 -0.41826 -0.37877 B   19 
 1.58284 -0.44591 -0.20349 N   19 
 1.07010 -0.37732 -0.52903 B   20 
 0.74830 -0.63797 -0.68304 Y   20 
 1.13144 -0.22384 -0.81083 B   21 
 0.86415 -0.44322 -1.13638 R   21 
 1.36454 -0.06615 -0.61926 B   22 
 1.21064 -0.06305 -0.33409 B   23 
 0.98509  0.25264 -0.60011 Y   23 
 1.27547 -0.02275 -0.04024 B   24 
 1.46095  0.10131  0.03123 S   24 
 1.12809 -0.11004  0.24628 B   25 
 1.13240 -0.38034  0.40588 L   25 
 1.10118  0.18316  0.36501 B   26 
 0.89751  0.28369  0.15504 B   27 
 1.12511  0.38875 -0.07094 N   27 
 0.66329  0.09613  0.22464 B   28 
 0.68334 -0.12978 -0.15953 W   28 
 0.63950  0.17479  0.52121 B   29 
 0.78809  0.02843  0.67638 V   29 
 0.60147  0.47450  0.47406 B   30 
 0.77618  0.68564  0.43078 X   30 
 0.34303  0.45406  0.30961 B   31 
 0.40377  0.38959  0.10960 A   31 
 0.16583  0.30237  0.51286 B   32 
 0.22785  0.09634  0.50811 A   32 
 0.18244  0.51797  0.73026 B   33 
 0.31633  0.63494  1.02146 K   33 
 0.05286  0.76537  0.54200 B   34 
 0.39432  0.96733  0.64986 F   34 
-0.20394  0.60576  0.43697 B   35 
-0.11037  0.61717  0.09785 E   35 
-0.29419  0.41552  0.72379 B   36 
-0.27650  0.22039  0.62016 S   36 
-0.12505  0.37619  0.98327 B   37 
-0.13352  0.58624  1.17842 N   37 
-0.11910  0.05078  0.97414 B   38 
 0.27492  0.16480  1.02443 F   38 
-0.43174  0.01155  0.87327 B   39 
-0.65046  0.06539  1.07235 N   39 
-0.62114 -0.23426  0.71856 B   40 
-0.52218 -0.44516  0.80726 T   40 
-0.91754 -0.07699  0.76751 B   41 
-1.06914 -0.31079  1.05341 Q   41 
-0.86524  0.15460  0.59042 B   42 
-0.70919  0.27190  0.67154 A   42 
-1.09449  0.41157  0.46894 B   43 
-1.26222  0.23349  0.46206 T   43 
-1.13411  0.63071  0.16770 B   44 
-0.91644  0.73847  0.40216 N   44 
-1.30140  0.87394  0.02701 B   45 
-1.75864  0.71944 -0.12827 R   45 
-1.33857  0.99487 -0.29544 B   46 
-1.03949  0.82934 -0.31719 N   46 
-1.43230  1.24123 -0.50582 B   47 
-1.32069  1.47115 -0.46785 T   47 
-1.48541  1.01487 -0.74602 B   48 
-1.25031  0.90124 -0.79249 D   48 
-1.62413  0.77108 -0.54916 B   49 
-1.41306  0.62416 -0.45965 B   50 
-1.22121  0.60620 -0.61221 S   50 
-1.19198  0.38856 -0.26659 B   51 
-1.39885  0.40038 -0.09000 T   51 
-0.96764  0.34104 -0.01231 B   52 
-0.75515  0.55592 -0.17540 D   52 
-0.77164  0.04113  0.07882 B   53 
-1.23868 -0.00675 -0.02273 Y   53 
-0.59308 -0.01871  0.34047 B   54 
-0.24742 -0.00274  0.40903 B   55 
-0.11861 -0.19175  0.55603 I   55 
-0.22673  0.11587  0.07839 B   56 
 0.05805 -0.03278  0.06759 L   56 
-0.46655  0.25585 -0.04535 B   57 
-0.59555  0.43128  0.22307 Q   57 
-0.64068  0.09492 -0.24779 B   58 
-0.44881 -0.13869 -0.31625 I   58 
-0.81772  0.16224 -0.53492 B   59 
-0.88621  0.43966 -0.64056 N   59 
-1.15260  0.11157 -0.67718 B   60 
-1.30012  0.18754 -0.51908 S   60 
-1.11302  0.21126 -0.98482 B   61 
-1.30508  0.58945 -1.05327 R   61 
-0.86451 -0.01780 -1.04529 B   62 
-0.75582  0.35818 -1.27912 W   62 
-0.80952 -0.27208 -0.82066 B   63 
-0.44344 -0.05634 -0.92765 W   63 
-1.10007 -0.29467 -0.67580 B   64 
-1.02338 -0.26794 -0.42868 X   64 
-1.41360 -0.42604 -0.55361 B   65 
-1.63528 -0.49673 -0.73822 N   65 
-1.71511 -0.24440 -0.39655 B   66 
-1.60188  0.00004 -0.38666 D   66 
-1.99482 -0.19166 -0.56778 B   67 
-1.95400  0.16836 -0.58490 B   68 
-1.89622  0.31115 -0.13677 R   68 
-1.76426  0.20191 -0.86719 B   69 
-1.56824  0.26237 -0.71502 T   69 
-1.79268  0.34330 -1.14051 B   70 
-1.94795  0.46595 -1.05915 P   70 
-1.57625  0.23397 -1.37824 B   71 
-1.43526 -0.00751 -1.27227 B   72 
-1.50851 -0.04500 -1.04934 S   72 
-1.15750 -0.26914 -1.28316 B   73 
-1.04781 -0.18009 -1.61136 R   73 
-1.01359 -0.48578 -1.10005 B   74 
-1.15594 -0.64636 -0.92142 N   74 
-0.69452 -0.57054 -1.14483 B   75 
-0.63815 -0.32302 -1.34564 L   75 
-0.66298 -0.76045 -0.87362 B   76 
-0.46596 -0.55222 -0.75394 X   76 
-0.90425 -0.93598 -0.84320 B   77 
-0.99291 -1.12396 -1.01996 N   77 
-1.07273 -0.79325 -0.58404 B   78 
-0.84595 -0.89613 -0.42698 I   78 
-1.21198 -0.74161 -0.30383 B   79 
-1.30625 -0.92763 -0.29012 P   79 
-1.16403 -0.47041 -0.11409 B   80 
-1.23167 -0.24092 -0.32032 X   80 
-1.19354 -0.62589  0.16131 B   81 
-1.40813 -0.72923  0.13413 S   81 
-0.92768 -0.79058  0.13551 B   82 
-0.96006 -0.92057 -0.02688 A   82 
-0.76135 -0.51555  0.20260 B   83 
-0.70424 -0.43022 -0.10818 L   83 
-0.85692 -0.54925  0.53298 B   84 
-1.06686 -0.31355  0.44010 L   84 
-0.70414 -0.76565  0.62755 B   85 
-0.73744 -1.01748  0.57632 S   85 
-0.46213 -0.90438  0.83739 B   86 
-0.57447 -1.02423  1.01167 S   86 
-0.38855 -1.02626  0.56611 B   87 
-0.32361 -1.29817  0.48065 D   87 
-0.15683 -0.87532  0.33475 B   88 
 0.01878 -0.74174  0.48643 I   88 
-0.14110 -1.03826  0.07150 B   89 
-0.11545 -1.29467  0.13530 T   89 
-0.33658 -0.87914 -0.11076 B   90 
-0.53656 -0.93803 -0.04925 A   90 
-0.19814 -0.60034 -0.09416 B   91 
-0.33230 -0.48942  0.11801 S   91 
 0.07640 -0.68802 -0.19766 B   92 
 0.22952 -0.78552 -0.00854 V   92 
-0.00077 -0.80377 -0.47118 B   93 
-0.01882 -1.12862 -0.38557 N   93 
-0.12943 -0.53703 -0.55950 B   94 
-0.40250 -0.45654 -0.54738 X   94 
 0.11128 -0.34815 -0.51670 B   95 
 0.12751 -0.31966 -0.30394 A   95 
 0.29719 -0.48505 -0.72192 B   96 
 0.46831 -0.84625 -0.48286 K   96 
 0.11842 -0.39271 -0.95990 B   97 
-0.14639 -0.66214 -1.03481 K   97 
 0.12217 -0.08765 -0.91271 B   98 
-0.10212 -0.02702 -0.70727 I   98 
 0.43896 -0.03725 -0.92087 B   99 
 0.56774 -0.09452 -0.73662 V   99 
 0.44029 -0.17238 -1.22709 B   100 
 0.50756 -0.40147 -1.11837 S   100 
 0.26579  0.04965 -1.39847 B   101 
-0.00626  0.10465 -1.37952 D   101 
 0.50837  0.31992 -1.42217 B   102 
 0.50951  0.53162 -1.15305 B   103 
 0.29579  0.69758 -1.33207 N   103 
 0.54732  0.36873 -0.93152 B   104 
 0.52053  0.51012 -0.60856 B   105 
 0.70034  0.29722 -0.33263 M   105 
 0.35167  0.76101 -0.71783 B   106 
 0.62656  0.89502 -0.84370 N   106 
 0.07348  0.62389 -0.66789 B   107 
 0.08595  0.44959 -0.78280 A   107 
 0.15037  0.72776 -0.37846 B   108 
 0.11967  0.26306 -0.34167 W   108 
 0.08517  1.02617 -0.24882 B   109 
-0.13069  1.12709 -0.34250 V   109 
 0.22157  0.99336  0.03098 B   110 
 0.07298  0.90461  0.15759 A   110 
 0.49416  0.90774 -0.07441 B   111 
 0.74504  0.68441 -0.27135 W   111 
 0.55751  1.15147 -0.25530 B   112 
 0.32486  1.30983 -0.57013 R   112 
 0.49301  1.38050 -0.02188 B   113 
 0.24637  1.49802 -0.19695 N   113 
 0.65404  1.19946  0.23884 B   114 
 0.25268  1.28425  0.52883 R   114 
 0.89338  0.99310  0.11544 B   115 
 0.68222  0.78993  0.24083 X   115 
 1.01723  1.11125 -0.11473 B   116 
 0.94853  1.10337 -0.55439 K   116 
 1.35847  1.19457 -0.06118 B   117 
 1.38642  1.04556  0.19574 B   118 
 1.16603  1.12140  0.31004 T   118 
 1.47788  0.86585  0.48929 B   119 
 1.73322  0.82600  0.61343 D   119 
 1.34245  0.55357  0.46519 B   120 
 1.25381  0.57810  0.23280 V   120 
 1.52598  0.38222  0.65237 B   121 
 1.88472  0.38556  0.44062 Q   121 
 1.39639  0.48324  0.92073 B   122 
 1.43737  0.68636  0.92400 A   122 
 1.14838  0.27185  0.89747 B   123 
 0.88019  0.59755  0.82319 W   123 
 1.36573  0.01665  0.98295 B   124 
 1.37178 -0.08096  0.73254 I   124 
 1.46684  0.08243  1.23729 B   125 
 1.76084  0.46032  1.03945 R   125 
 1.52315 -0.17373  1.47566 B   126 
 1.47710 -0.39810  1.27856 B   127 
 1.19241 -0.26190  1.20942 X   127 
 1.45303 -0.75970  1.23786 B   128 
 1.79399 -0.96786  1.30778 R   128 
 1.61958 -0.85225  0.91269 B   129 
 1.42853 -0.68779  0.84990 L   129 
