246 
 1.08124  0.34321  0.70713 B   1 
 1.32338  0.00736  0.63774 K   1 
 1.29073  0.39923  0.42190 B   2 
 1.25942  0.65410  0.38685 V   2 
 1.27334  0.26907  0.12875 B   3 
 1.10003 -0.09171  0.29523 F   3 
 1.39144  0.12826 -0.12861 B   4 
 1.30491  0.02933 -0.42100 B   5 
 1.35819  0.15525 -0.83440 R   5 
 1.45093 -0.25367 -0.44266 B   6 
 1.62787 -0.20225 -0.69647 X   6 
 1.38119 -0.32362 -0.14795 B   7 
 1.53385 -0.17003  0.17687 E   7 
 1.07265 -0.32569 -0.17089 B   8 
 0.87529 -0.10212 -0.09897 L   8 
 1.04153 -0.52324 -0.40208 B   9 
 1.10712 -0.41919 -0.58105 A   9 
 1.16357 -0.76058 -0.25287 B   10 
 1.37896 -0.72338 -0.24573 A   10 
 0.96123 -0.76752 -0.01802 B   11 
 1.02877 -0.61870  0.12427 A   11 
 0.70274 -0.78331 -0.18799 B   12 
 0.58626 -0.37468 -0.25158 M   12 
 0.78014 -1.04624 -0.31966 B   13 
 1.02282 -1.14052 -0.66668 K   13 
 0.82176 -1.22984 -0.07955 B   14 
 1.03796 -1.14403  0.31094 R   14 
 0.51197 -1.15679  0.00693 B   15 
 0.64539 -0.97378  0.32363 H   15 
 0.35230 -1.20339 -0.28940 B   16 
 0.27751 -0.94095 -0.48749 B   17 
 0.22057 -0.72795 -0.24951 L   17 
 0.36016 -1.05974 -0.73971 B   18 
 0.59458 -1.02994 -0.93594 D   18 
 0.07533 -1.08967 -0.92337 B   19 
 0.30689 -1.17067 -1.13181 N   19 
-0.13158 -0.99998 -0.74168 B   20 
-0.26781 -1.11693 -0.33798 Y   20 
-0.42505 -1.01209 -0.88471 B   21 
-0.72016 -1.18617 -0.55582 R   21 
-0.24288 -0.92205 -1.15786 B   22 
-0.01497 -0.74025 -1.01639 B   23 
-0.40836 -0.48300 -0.99715 Y   23 
 0.25933 -0.62722 -1.08088 B   24 
 0.32981 -0.58729 -1.30074 S   24 
 0.51749 -0.52028 -0.89826 B   25 
 0.74838 -0.67839 -0.75595 L   25 
 0.53199 -0.22824 -1.02189 B   26 
 0.26090 -0.13224 -0.90801 B   27 
 0.07156 -0.23943 -1.16602 N   27 
 0.32918 -0.14704 -0.60801 B   28 
 0.04708 -0.48225 -0.52389 W   28 
 0.57420  0.03898 -0.61640 B   29 
 0.79603 -0.08876 -0.66170 V   29 
 0.43074  0.27877 -0.74054 B   30 
 0.36611  0.35010 -1.00076 X   30 
 0.22614  0.32064 -0.51551 B   31 
 0.07452  0.16524 -0.54218 A   31 
 0.42009  0.35847 -0.27745 B   32 
 0.49247  0.16289 -0.22430 A   32 
 0.55936  0.60540 -0.39429 B   33 
 0.82356  0.74664 -0.55755 K   33 
 0.28048  0.79266 -0.41877 B   34 
 0.39635  0.83607 -0.81082 F   34 
 0.17358  0.74480 -0.12088 B   35 
-0.12236  0.58232 -0.22040 E   35 
 0.47632  0.74285  0.06606 B   36 
 0.44386  0.53930  0.14755 S   36 
 0.76675  0.73060 -0.04791 B   37 
 0.88143  0.97636 -0.14132 N   37 
 0.85868  0.46392  0.11469 B   38 
 0.95998  0.39073 -0.27921 F   38 
 0.70631  0.53999  0.39834 B   39 
 0.82443  0.76008  0.56560 N   39 
 0.59499  0.37300  0.68109 B   40 
 0.76369  0.19161  0.70892 T   40 
 0.52510  0.65536  0.85537 B   41 
 0.82631  0.64674  1.11724 Q   41 
 0.30267  0.74951  0.68394 B   42 
 0.37746  0.80138  0.49312 A   42 
 0.06003  1.01605  0.74245 B   43 
 0.06977  0.94901  0.97762 T   43 
-0.29433  1.09616  0.65109 B   44 
-0.06081  1.16960  0.41865 N   44 
-0.53650  1.31561  0.66294 B   45 
-0.73696  1.34618  1.12763 R   45 
-0.88005  1.30796  0.61936 B   46 
-0.78188  1.02800  0.44815 N   46 
-1.17092  1.46934  0.56387 B   47 
-1.18043  1.61575  0.35119 T   47 
-1.33631  1.22219  0.71658 B   48 
-1.29133  1.00424  0.57230 D   48 
-1.11150  1.16597  0.96903 B   49 
-0.93605  0.98390  0.86795 B   50 
-1.02816  0.82260  0.70700 S   50 
-0.63555  0.76529  0.80825 B   51 
-0.52275  0.93774  0.98618 T   51 
-0.33491  0.71883  0.65108 B   52 
-0.50292  0.73031  0.35181 D   52 
-0.11482  0.42193  0.64196 B   53 
-0.30025  0.56270  1.06213 Y   53 
 0.18599  0.38970  0.53062 B   54 
 0.32304  0.26744  0.22944 B   55 
 0.54581  0.11169  0.22277 I   55 
-0.01423  0.22790  0.13725 B   56 
 0.08569 -0.02774 -0.03002 L   56 
-0.22576  0.40487  0.26513 B   57 
-0.06013  0.70670  0.29563 Q   57 
-0.40360  0.28069  0.48907 B   58 
-0.35228 -0.02148  0.44286 I   58 
-0.72992  0.30858  0.59424 B   59 
-0.92763  0.52263  0.50532 N   59 
-0.92215  0.37021  0.90116 B   60 
-0.83251  0.55941  0.99445 S   60 
-1.22810  0.31542  0.80349 B   61 
-1.45013  0.68171  0.76972 R   61 
-1.15790 -0.00645  0.70679 B   62 
-1.46396  0.15560  0.41027 W   62 
-0.86022 -0.15077  0.80008 B   63 
-0.94172 -0.18892  0.37123 W   63 
-0.78532  0.02112  1.06608 B   64 
-0.54742  0.10012  0.99658 X   64 
-0.70349  0.10807  1.40701 B   65 
-0.90310  0.08499  1.62574 N   65 
-0.68194  0.45314  1.57741 B   66 
-0.72146  0.59981  1.35470 D   66 
-0.91991  0.56092  1.78256 B   67 
-1.03604  0.82362  1.56103 B   68 
-0.65182  1.08022  1.45583 R   68 
-1.26432  0.65555  1.37009 B   69 
-1.09744  0.67014  1.17729 T   69 
-1.56665  0.67875  1.31043 B   70 
-1.56397  0.87993  1.38316 P   70 
-1.70416  0.40072  1.17224 B   71 
-1.50062  0.18180  1.18060 B   72 
-1.29961  0.27007  1.27154 S   72 
-1.36800 -0.16105  1.07768 B   73 
-1.67381 -0.26476  0.92471 R   73 
-1.09999 -0.33231  1.07380 B   74 
-0.91820 -0.32712  1.28565 N   74 
-1.04317 -0.56561  0.84285 B   75 
-1.29146 -0.46956  0.65876 L   75 
-0.72732 -0.62989  0.92482 B   76 
-0.63523 -0.50976  0.65355 X   76 
-0.70054 -0.64658  1.22307 B   77 
-0.82699 -0.82251  1.38890 N   77 
-0.54249 -0.35603  1.30386 B   78 
-0.31438 -0.48466  1.16930 I   78 
-0.33060 -0.14407  1.40753 B   79 
-0.28272 -0.24390  1.58479 P   79 
-0.22671  0.12233  1.23406 B   80 
-0.50270  0.25964  1.16514 X   80 
 0.06867  0.11561  1.35064 B   81 
 0.02625  0.12253  1.58647 S   81 
 0.15530 -0.14973  1.20724 B   82 
 0.03728 -0.30002  1.29557 A   82 
 0.17144  0.01831  0.92562 B   83 
-0.12907 -0.05733  0.82024 L   83 
 0.46562  0.16057  1.03801 B   84 
 0.26030  0.41190  1.09215 L   84 
 0.65366 -0.04806  1.02287 B   85 
 0.67535 -0.25348  1.17936 S   85 
 0.94496 -0.19255  0.89592 B   86 
 1.11716 -0.17036  1.06089 S   86 
 0.74780 -0.42678  0.88505 B   87 
 0.76624 -0.70693  0.96650 D   87 
 0.54045 -0.50121  0.59961 B   88 
 0.67999 -0.41878  0.38649 I   88 
 0.35008 -0.73835  0.65976 B   89 
 0.49295 -0.93144  0.77279 T   89 
 0.08865 -0.58880  0.73749 B   90 
 0.11807 -0.51961  0.94143 A   90 
 0.05060 -0.42383  0.47576 B   91 
 0.18266 -0.19248  0.54173 S   91 
 0.04388 -0.66091  0.28205 B   92 
 0.28328 -0.73883  0.20900 V   92 
-0.19146 -0.82091  0.39687 B   93 
-0.01750 -1.04020  0.58351 N   93 
-0.38355 -0.58085  0.36564 B   94 
-0.45884 -0.38472  0.55813 X   94 
-0.34678 -0.52558  0.06390 B   95 
-0.15494 -0.42999  0.04384 A   95 
-0.45275 -0.79919 -0.03264 B   96 
-0.08281 -1.07771  0.01710 K   96 
-0.74161 -0.73192  0.06305 B   97 
-0.78904 -0.85257  0.42571 K   97 
-0.78993 -0.47166 -0.09581 B   98 
-0.66927 -0.24114  0.07296 I   98 
-0.74089 -0.58190 -0.39315 B   99 
-0.52376 -0.61812 -0.46634 V   99 
-0.98275 -0.80629 -0.33677 B   100 
-0.79718 -0.97994 -0.27165 S   100 
-1.24848 -0.61205 -0.30904 B   101 
-1.30947 -0.43421 -0.10397 D   101 
-1.29757 -0.51761 -0.65706 B   102 
-1.11278 -0.24707 -0.75658 B   103 
-1.37743 -0.08233 -0.66666 N   103 
-0.84969 -0.31141 -0.69592 B   104 
-0.60002 -0.06381 -0.73309 B   105 
-0.23914 -0.21375 -0.76588 M   105 
-0.81581  0.17436 -0.72260 B   106 
-0.91061  0.10612 -1.03199 N   106 
-0.79105  0.21298 -0.41182 B   107 
-0.84148  0.02427 -0.33708 A   107 
-0.53744  0.36960 -0.51963 B   108 
-0.36897  0.02583 -0.25192 W   108 
-0.52314  0.68776 -0.61278 B   109 
-0.68953  0.83366 -0.48401 V   109 
-0.22333  0.70365 -0.70130 B   110 
-0.11293  0.74960 -0.52329 A   110 
-0.23287  0.46841 -0.89447 B   111 
-0.29013  0.09849 -1.00162 W   111 
-0.46000  0.56570 -1.08178 B   112 
-0.85227  0.68190 -0.97718 R   112 
-0.32841  0.86719 -1.13554 B   113 
-0.58215  1.00998 -0.99227 N   113 
 0.00444  0.74576 -1.16933 B   114 
 0.15577  1.10998 -0.85818 R   114 
 0.00744  0.42256 -1.27243 B   115 
 0.13731  0.40560 -0.98186 X   115 
-0.21333  0.37256 -1.44861 B   116 
-0.63326  0.23222 -1.40340 K   116 
-0.11165  0.30060 -1.78139 B   117 
 0.17771  0.26533 -1.71805 B   118 
 0.21033  0.47180 -1.56412 T   118 
 0.52475  0.18974 -1.69171 B   119 
 0.70970  0.08585 -1.88457 D   119 
 0.56673 -0.00626 -1.41555 B   120 
 0.32415 -0.03310 -1.36171 V   120 
 0.83371 -0.15818 -1.47655 B   121 
 0.71826 -0.40248 -1.79362 Q   121 
 1.02180  0.08434 -1.40712 B   122 
 0.97232  0.22909 -1.54694 A   122 
 1.00829  0.02183 -1.08673 B   123 
 0.77956  0.37933 -1.02851 W   123 
 1.21439 -0.25136 -1.13743 B   124 
 1.01382 -0.42686 -1.10223 I   124 
 1.45263 -0.14974 -1.24770 B   125 
 1.22136 -0.05885 -1.70227 R   125 
 1.76389 -0.29098 -1.15402 B   126 
 1.63937 -0.52357 -1.00666 B   127 
 1.46932 -0.30811 -0.83624 X   127 
 1.70630 -0.81716 -0.80095 B   128 
 1.91176 -1.11611 -0.98230 R   128 
 1.47147 -1.09155 -0.90865 B   129 
 1.31995 -0.89467 -0.83268 L   129 
