246 
-1.16181  0.47974  0.45493 B   1 
-1.37376  0.12101  0.50619 K   1 
-1.11903  0.35812  0.78923 B   2 
-1.01344  0.56510  0.90401 V   2 
-0.94941  0.10593  0.89319 B   3 
-1.01465 -0.09798  0.51625 F   3 
-0.90423 -0.15806  1.06136 B   4 
-0.67718 -0.37276  1.13286 B   5 
-0.42164 -0.47350  1.47073 R   5 
-0.83694 -0.64854  1.11553 B   6 
-0.79159 -0.75401  1.40741 X   6 
-0.99122 -0.55497  0.86244 B   7 
-1.27444 -0.28720  0.84036 E   7 
-0.75152 -0.52227  0.66955 B   8 
-0.60047 -0.26559  0.59603 L   8 
-0.62747 -0.80028  0.69718 B   9 
-0.53621 -0.80753  0.89410 A   9 
-0.86832 -0.95002  0.58292 B   10 
-1.02151 -0.94639  0.73895 A   10 
-0.87246 -0.81173  0.30543 B   11 
-0.97773 -0.62434  0.33293 A   11 
-0.57845 -0.86983  0.22707 B   12 
-0.35598 -0.53177  0.37133 M   12 
-0.61289 -1.17173  0.23842 B   13 
-0.59035 -1.45773  0.56384 K   13 
-0.84046 -1.21906  0.04077 B   14 
-1.22820 -0.98707 -0.00853 R   14 
-0.65215 -1.06823 -0.18413 B   15 
-0.90916 -0.77625 -0.20095 H   15 
-0.35674 -1.22899 -0.13544 B   16 
-0.11320 -1.08842  0.05066 B   17 
-0.17359 -0.78078 -0.03272 L   17 
-0.04019 -1.32570  0.20207 B   18 
-0.07883 -1.43026  0.48829 D   18 
 0.27849 -1.39874  0.10793 B   19 
 0.22356 -1.60420  0.34958 N   19 
 0.33458 -1.20246 -0.09749 B   20 
 0.14800 -1.08646 -0.48082 Y   20 
 0.63777 -1.23910 -0.21351 B   21 
 0.60170 -1.18519 -0.68399 R   21 
 0.70083 -1.32152  0.11073 B   22 
 0.48667 -1.12985  0.26045 B   23 
 0.82269 -0.84082  0.10278 Y   23 
 0.35422 -1.10452  0.53247 B   24 
 0.45293 -1.18761  0.72805 S   24 
 0.07391 -0.96175  0.64414 B   25 
-0.22334 -1.06274  0.64221 L   25 
 0.21154 -0.77267  0.85884 B   26 
 0.35944 -0.59448  0.65378 B   27 
 0.63766 -0.78435  0.63263 N   27 
 0.11395 -0.47127  0.51436 B   28 
 0.18698 -0.67717  0.12539 W   28 
-0.01575 -0.35147  0.76641 B   29 
-0.17908 -0.51631  0.88360 V   29 
 0.22528 -0.18425  0.85261 B   30 
 0.45599 -0.23996  0.99630 X   30 
 0.24063 -0.00838  0.60144 B   31 
 0.33177 -0.13272  0.44625 A   31 
-0.04460  0.11138  0.60627 B   32 
-0.17778 -0.04182  0.53481 A   32 
-0.01318  0.24647  0.87973 B   33 
-0.06833  0.24950  1.21642 K   33 
 0.25059  0.43703  0.79282 B   34 
 0.42721  0.26639  1.12253 F   34 
 0.12667  0.55666  0.52303 B   35 
 0.36825  0.41212  0.31177 E   35 
-0.21474  0.60120  0.61280 B   36 
-0.29133  0.47044  0.45104 S   36 
-0.35692  0.49220  0.86852 B   37 
-0.32281  0.64133  1.11115 N   37 
-0.59128  0.32817  0.71302 B   38 
-0.43041  0.05842  0.98159 F   38 
-0.64355  0.55428  0.47723 B   39 
-0.78493  0.80771  0.55570 N   39 
-0.78272  0.56465  0.15981 B   40 
-0.96673  0.39708  0.17397 T   40 
-0.77647  0.90291  0.13690 B   41 
-1.16631  0.97841  0.17813 Q   41 
-0.48188  0.93341  0.13297 B   42 
-0.40209  0.87411  0.31954 A   42 
-0.27898  1.22726  0.05660 B   43 
-0.45253  1.28259 -0.10685 T   43 
 0.05744  1.30418 -0.08915 B   44 
 0.05297  1.21969  0.23765 N   44 
 0.27873  1.53469 -0.15869 B   45 
 0.13493  1.81689 -0.55460 R   45 
 0.55590  1.55772 -0.36516 B   46 
 0.52758  1.21883 -0.32414 N   46 
 0.84217  1.71267 -0.45330 B   47 
 1.01992  1.73658 -0.26731 T   47 
 0.80682  1.59871 -0.76558 B   48 
 0.81479  1.33419 -0.74808 D   48 
 0.46759  1.63995 -0.79111 B   49 
 0.36103  1.40805 -0.69617 B   50 
 0.49325  1.20446 -0.73458 S   50 
 0.12794  1.14633 -0.55896 B   51 
-0.02763  1.36472 -0.51182 T   51 
-0.00213  0.98533 -0.28618 B   52 
 0.31499  0.87439 -0.21514 D   52 
-0.22735  0.69274 -0.26786 B   53 
-0.32756  1.04591 -0.57765 Y   53 
-0.38352  0.56629 -0.01578 B   54 
-0.31975  0.29414  0.19941 B   55 
-0.51512  0.12385  0.28165 I   55 
-0.02358  0.26512  0.01164 B   56 
-0.04996 -0.05117  0.06243 L   56 
 0.09098  0.51102 -0.12556 B   57 
 0.02177  0.76120  0.10265 Q   57 
 0.04819  0.53945 -0.43307 B   58 
-0.03118  0.24922 -0.50754 I   58 
 0.22594  0.66293 -0.70043 B   59 
 0.47798  0.83317 -0.68290 N   59 
 0.18448  0.89384 -0.98311 B   60 
 0.10398  1.08887 -0.89358 S   60 
 0.45766  0.84439 -1.15363 B   61 
 0.72817  1.17613 -1.11649 R   61 
 0.39216  0.50983 -1.19440 B   62 
 0.84401  0.55027 -1.14916 W   62 
 0.08074  0.38697 -1.11650 B   63 
 0.40588  0.15741 -0.93318 W   63 
-0.10367  0.65336 -1.14720 B   64 
-0.21434  0.65234 -0.91180 X   64 
-0.36120  0.88208 -1.25608 B   65 
-0.36082  0.99822 -1.52944 N   65 
-0.40445  1.25891 -1.18751 B   66 
-0.19829  1.28260 -1.01544 D   66 
-0.33640  1.48677 -1.41942 B   67 
-0.04757  1.62227 -1.24682 B   68 
-0.20033  1.73510 -0.81269 R   68 
 0.20177  1.41839 -1.36120 B   69 
 0.20671  1.31240 -1.12887 T   69 
 0.46641  1.45405 -1.51674 B   70 
 0.46546  1.66225 -1.46754 P   70 
 0.58964  1.16776 -1.65152 B   71 
 0.38378  0.95326 -1.61949 B   72 
 0.19951  1.04378 -1.49982 S   72 
 0.27167  0.58839 -1.62442 B   73 
 0.56859  0.46988 -1.78403 R   73 
 0.03779  0.39941 -1.52069 B   74 
-0.22949  0.48012 -1.52309 N   74 
 0.08896  0.07773 -1.45071 B   75 
 0.41101  0.10754 -1.46350 L   75 
-0.20955  0.01557 -1.31791 B   76 
-0.07476 -0.02670 -1.04125 X   76 
-0.42404  0.14243 -1.48480 B   77 
-0.47940  0.09041 -1.74684 N   77 
-0.52256  0.40850 -1.29659 B   78 
-0.63354  0.19852 -1.12259 I   78 
-0.69367  0.61010 -1.12151 B   79 
-0.86577  0.60337 -1.23990 P   79 
-0.59553  0.73962 -0.82920 B   80 
-0.31723  0.86510 -0.91029 X   80 
-0.88764  0.74688 -0.70467 B   81 
-1.00600  0.87393 -0.86994 S   81 
-0.92189  0.43583 -0.68129 B   82 
-0.92772  0.36691 -0.88011 A   82 
-0.71362  0.44100 -0.42750 B   83 
-0.44442  0.36905 -0.59919 L   83 
-0.96694  0.57467 -0.23416 B   84 
-0.79212  0.84776 -0.28992 L   84 
-1.14401  0.35987 -0.19386 B   85 
-1.30863  0.25600 -0.36493 S   85 
-1.30978  0.13059  0.01058 B   86 
-1.53601  0.20451  0.03729 S   86 
-1.21412 -0.04718 -0.21986 B   87 
-1.34599 -0.25144 -0.38218 D   87 
-0.89742 -0.21954 -0.22196 B   88 
-0.84346 -0.27297  0.03479 I   88 
-0.85288 -0.36625 -0.49138 B   89 
-1.07533 -0.49858 -0.55033 T   89 
-0.67623 -0.16098 -0.64439 B   90 
-0.81194 -0.00648 -0.71479 A   90 
-0.44183 -0.14075 -0.43991 B   91 
-0.52587  0.07100 -0.28688 S   91 
-0.36894 -0.43815 -0.43610 B   92 
-0.51556 -0.57621 -0.26828 V   92 
-0.30831 -0.48518 -0.73321 B   93 
-0.60681 -0.60884 -0.82699 N   93 
-0.09116 -0.26530 -0.73451 B   94 
-0.11300  0.00839 -0.81069 X   94 
 0.08824 -0.37005 -0.50582 B   95 
-0.01652 -0.32591 -0.32300 A   95 
 0.16280 -0.63692 -0.64234 B   96 
-0.20528 -0.90720 -0.55086 K   96 
 0.32854 -0.48968 -0.86136 B   97 
 0.10247 -0.40998 -1.16280 K   97 
 0.52712 -0.33582 -0.68192 B   98 
 0.38538 -0.07306 -0.59795 I   98 
 0.65559 -0.58272 -0.52223 B   99 
 0.53520 -0.68166 -0.35038 V   99 
 0.74318 -0.71267 -0.81798 B   100 
 0.52480 -0.85791 -0.81125 S   100 
 0.96557 -0.49264 -0.92402 B   101 
 0.92090 -0.23069 -1.00638 D   101 
 1.24661 -0.57350 -0.70739 B   102 
 1.23925 -0.41639 -0.40324 B   103 
 1.41405 -0.19163 -0.55881 N   103 
 0.99293 -0.48117 -0.29297 B   104 
 0.89281 -0.32304  0.00702 B   105 
 0.61461 -0.52148  0.19943 M   105 
 1.10012 -0.08097 -0.03570 B   106 
 1.35136 -0.27631  0.05422 N   106 
 0.89217  0.09990 -0.18646 B   107 
 0.83655 -0.01871 -0.34948 A   107 
 0.81289  0.14473  0.11715 B   108 
 0.43706 -0.04581 -0.08453 W   108 
 0.93732  0.37116  0.32536 B   109 
 1.01097  0.58408  0.20371 V   109 
 0.77864  0.29739  0.58488 B   110 
 0.59485  0.40727  0.57337 A   110 
 0.85367  0.00226  0.58732 B   111 
 0.87665 -0.35990  0.44619 W   111 
 1.16261  0.02843  0.59111 B   112 
 1.40979  0.23742  0.31992 R   112 
 1.17215  0.24234  0.84656 B   113 
 1.29962  0.47255  0.65669 N   113 
 0.92181  0.07210  1.03372 B   114 
 0.69812  0.51474  1.11377 R   114 
 0.90921 -0.25677  0.95137 B   115 
 0.62423 -0.14913  0.85762 X   115 
 1.17153 -0.35292  0.88642 B   116 
 1.41629 -0.38960  0.51652 K   116 
 1.29328 -0.59191  1.11948 B   117 
 1.03290 -0.63426  1.25877 B   118 
 0.95933 -0.38640  1.28206 T   118 
 0.74454 -0.73785  1.44031 B   119 
 0.70829 -0.94854  1.63133 D   119 
 0.49069 -0.77836  1.21589 B   120 
 0.62716 -0.73936  1.01017 V   120 
 0.29871 -0.97833  1.36159 B   121 
 0.52832 -1.32592  1.36300 Q   121 
 0.17414 -0.76358  1.55493 B   122 
 0.33405 -0.69972  1.67024 A   122 
-0.03591 -0.65943  1.32740 B   123 
 0.17852 -0.28947  1.30145 W   123 
-0.21868 -0.94978  1.37178 B   124 
-0.13613 -1.05405  1.13815 I   124 
-0.29815 -0.95123  1.64182 B   125 
 0.18341 -1.06006  1.79876 R   125 
-0.61901 -1.07327  1.72993 B   126 
-0.67737 -1.18333  1.45462 B   127 
-0.61125 -0.88973  1.33712 X   127 
-0.92742 -1.34584  1.24472 B   128 
-1.03216 -1.72188  1.35469 R   128 
-0.75173 -1.59975  1.02862 B   129 
-0.64308 -1.37086  0.97122 L   129 
