246 
-1.30615  0.28437 -0.00238 B   1 
-1.46533 -0.10387  0.01069 K   1 
-1.36201  0.18555  0.33746 B   2 
-1.33494  0.41232  0.45997 V   2 
-1.20161 -0.02836  0.51548 B   3 
-1.10223 -0.25534  0.15978 F   3 
-1.17673 -0.27334  0.71392 B   4 
-0.95773 -0.44151  0.87677 B   5 
-0.82068 -0.48204  1.28807 R   5 
-1.05778 -0.74166  0.83458 B   6 
-1.09923 -0.82582  1.13387 X   6 
-1.12877 -0.68693  0.53696 B   7 
-1.42485 -0.47454  0.39686 E   7 
-0.84563 -0.62002  0.43168 B   8 
-0.71972 -0.34379  0.38752 L   8 
-0.69748 -0.87040  0.52550 B   9 
-0.67896 -0.85361  0.74122 A   9 
-0.85892 -1.06477  0.35332 B   10 
-1.05481 -1.08211  0.44899 A   10 
-0.78918 -0.94048  0.07795 B   11 
-0.92487 -0.77371  0.05088 A   11 
-0.48088 -0.94873  0.10693 B   12 
-0.37554 -0.57122  0.28295 M   12 
-0.47051 -1.25127  0.13554 B   13 
-0.51694 -1.51568  0.47632 K   13 
-0.60683 -1.34587 -0.12051 B   14 
-0.98508 -1.18823 -0.31715 R   14 
-0.37849 -1.17314 -0.28426 B   15 
-0.65577 -0.93210 -0.41313 H   15 
-0.09656 -1.27708 -0.12554 B   16 
 0.04426 -1.08842  0.11588 B   17 
-0.03035 -0.79984 -0.01219 L   17 
 0.09657 -1.30287  0.30517 B   18 
-0.02098 -1.40121  0.57136 D   18 
 0.43542 -1.32208  0.32891 B   19 
 0.33343 -1.52429  0.55767 N   19 
 0.52755 -1.12726  0.13545 B   20 
 0.46763 -1.06133 -0.29730 Y   20 
 0.85393 -1.11427  0.13001 B   21 
 0.97286 -1.08624 -0.32893 R   21 
 0.81432 -1.17135  0.46330 B   22 
 0.53528 -1.01480  0.51469 B   23 
 0.85650 -0.67738  0.44936 Y   23 
 0.31571 -1.00255  0.72401 B   24 
 0.35319 -1.05907  0.94828 S   24 
-0.00422 -0.90729  0.72261 B   25 
-0.26377 -1.05924  0.63259 L   25 
 0.02119 -0.68851  0.95125 B   26 
 0.20109 -0.49523  0.79016 B   27 
 0.49538 -0.63360  0.88045 N   27 
 0.00217 -0.42298  0.56634 B   28 
 0.23420 -0.62794  0.24512 W   28 
-0.22249 -0.31812  0.74864 B   29 
-0.38874 -0.50448  0.82084 V   29 
-0.05397 -0.10764  0.89283 B   30 
 0.11946 -0.11596  1.10924 X   30 
 0.01911  0.05809  0.64495 B   31 
 0.17563 -0.05421  0.54133 A   31 
-0.26538  0.12563  0.54383 B   32 
-0.34106 -0.05141  0.44767 A   32 
-0.35027  0.27486  0.79788 B   33 
-0.51683  0.28140  1.09558 K   33 
-0.10514  0.50546  0.78473 B   34 
-0.02781  0.38192  1.16915 F   34 
-0.14626  0.59053  0.47891 B   35 
 0.17202  0.48274  0.37420 E   35 
-0.50034  0.57752  0.44633 B   36 
-0.49614  0.42898  0.28187 S   36 
-0.70282  0.45530  0.65018 B   37 
-0.77684  0.61759  0.87480 N   37 
-0.84198  0.24640  0.44279 B   38 
-0.74321  0.02018  0.77423 F   38 
-0.84455  0.45020  0.18219 B   39 
-1.04122  0.67754  0.18468 N   39 
-0.86683  0.42323 -0.16278 B   40 
-1.01668  0.22646 -0.19389 T   40 
-0.90496  0.75609 -0.21506 B   41 
-1.29212  0.76305 -0.31220 Q   41 
-0.63509  0.83802 -0.12459 B   42 
-0.61572  0.80119  0.08268 A   42 
-0.46582  1.15986 -0.15793 B   43 
-0.57943  1.17712 -0.37401 T   43 
-0.11584  1.28922 -0.19135 B   44 
-0.21863  1.21827  0.12227 N   44 
 0.07786  1.55230 -0.20606 B   45 
 0.03648  1.78874 -0.65265 R   45 
 0.40186  1.61578 -0.31081 B   46 
 0.41344  1.27912 -0.24873 N   46 
 0.67373  1.81530 -0.31424 B   47 
 0.77141  1.87760 -0.08329 T   47 
 0.76500  1.68462 -0.60809 B   48 
 0.80688  1.42658 -0.56335 D   48 
 0.45281  1.66419 -0.74791 B   49 
 0.35706  1.42104 -0.67138 B   50 
 0.52394  1.24268 -0.64410 S   50 
 0.13409  1.12787 -0.59397 B   51 
-0.05969  1.31700 -0.62219 T   51 
-0.05503  0.95733 -0.36507 B   52 
 0.23178  0.90710 -0.18304 D   52 
-0.22538  0.63048 -0.39373 B   53 
-0.26659  0.94783 -0.75196 Y   53 
-0.43692  0.48848 -0.19622 B   54 
-0.40962  0.24062  0.05329 B   55 
-0.59281  0.04186  0.08264 I   55 
-0.06641  0.25702 -0.02257 B   56 
-0.05982 -0.05669  0.04713 L   56 
 0.04905  0.51368 -0.13751 B   57 
-0.13132  0.75651  0.02971 Q   57 
 0.11001  0.52191 -0.44315 B   58 
 0.10623  0.21951 -0.51109 I   58 
 0.34723  0.66420 -0.64761 B   59 
 0.54894  0.87688 -0.56457 N   59 
 0.36996  0.87278 -0.94915 B   60 
 0.23490  1.05389 -0.91054 S   60 
 0.68908  0.86570 -1.01441 B   61 
 0.87651  1.24125 -0.92255 R   61 
 0.69344  0.52349 -1.04183 B   62 
 1.09085  0.64494 -0.85429 W   62 
 0.39685  0.35068 -1.05942 B   63 
 0.67091  0.18966 -0.75780 W   63 
 0.19555  0.57884 -1.17491 B   64 
 0.01270  0.56758 -0.99023 X   64 
-0.04110  0.75393 -1.38425 B   65 
 0.03480  0.85741 -1.65211 N   65 
-0.16228  1.11959 -1.37069 B   66 
-0.03345  1.18615 -1.14343 D   66 
-0.05486  1.34654 -1.58815 B   67 
 0.13334  1.53769 -1.34399 B   68 
-0.17381  1.63882 -0.99762 R   68 
 0.43482  1.37675 -1.34940 B   69 
 0.37629  1.28258 -1.11931 T   69 
 0.72789  1.45246 -1.41168 B   70 
 0.67835  1.65899 -1.38600 P   70 
 0.93198  1.18737 -1.46984 B   71 
 0.76295  0.94128 -1.48682 B   72 
 0.53736  1.00246 -1.44397 S   72 
 0.71650  0.56243 -1.49300 B   73 
 1.06447  0.49207 -1.53349 R   73 
 0.49310  0.33933 -1.45436 B   74 
 0.23370  0.37135 -1.55257 N   74 
 0.56588  0.03479 -1.34055 B   75 
 0.86435  0.12054 -1.24928 L   75 
 0.25322 -0.07387 -1.30823 B   76 
 0.29023 -0.08066 -0.99988 X   76 
 0.09187  0.00637 -1.54798 B   77 
 0.13795 -0.06494 -1.80727 N   77 
-0.10446  0.25806 -1.42954 B   78 
-0.23465  0.03881 -1.28235 I   78 
-0.35376  0.43299 -1.34110 B   79 
-0.47191  0.39126 -1.50837 P   79 
-0.38236  0.58928 -1.04681 B   80 
-0.11578  0.75869 -1.04338 X   80 
-0.69688  0.54970 -1.02688 B   81 
-0.76966  0.64718 -1.23344 S   81 
-0.68903  0.23867 -0.98603 B   82 
-0.61602  0.16199 -1.16798 A   82 
-0.58333  0.29062 -0.67953 B   83 
-0.26404  0.26066 -0.74503 L   83 
-0.90471  0.38493 -0.59447 B   84 
-0.76532  0.68221 -0.61569 L   84 
-1.04981  0.14397 -0.59415 B   85 
-1.12818  0.00595 -0.79900 S   85 
-1.23826 -0.10274 -0.43457 B   86 
-1.46849 -0.06898 -0.49125 S   86 
-1.04367 -0.26977 -0.60218 B   87 
-1.07930 -0.50038 -0.77827 D   87 
-0.72289 -0.38336 -0.48301 B   88 
-0.75232 -0.41621 -0.21892 I   88 
-0.56716 -0.53042 -0.70710 B   89 
-0.73308 -0.70223 -0.82296 T   89 
-0.38250 -0.30337 -0.81247 B   90 
-0.50796 -0.17821 -0.93832 A   90 
-0.23802 -0.23394 -0.54512 B   91 
-0.40061 -0.03450 -0.44968 S   91 
-0.12623 -0.51338 -0.48865 B   92 
-0.29837 -0.66844 -0.36600 V   92 
 0.03863 -0.56066 -0.74312 B   93 
-0.18726 -0.73876 -0.91759 N   93 
 0.20682 -0.30608 -0.69408 B   94 
 0.17069 -0.04379 -0.79937 X   94 
 0.31113 -0.36833 -0.41001 B   95 
 0.14482 -0.33621 -0.27715 A   95 
 0.46772 -0.62300 -0.48772 B   96 
 0.13649 -0.95027 -0.49695 K   96 
 0.67367 -0.45756 -0.65305 B   97 
 0.55474 -0.43107 -1.01840 K   97 
 0.77303 -0.26403 -0.43400 B   98 
 0.57271 -0.02736 -0.42737 I   98 
 0.87543 -0.47782 -0.21772 B   99 
 0.72025 -0.58961 -0.08643 V   99 
 1.07751 -0.60183 -0.45397 B   100 
 0.89491 -0.78301 -0.50555 S   100 
 1.28628 -0.35031 -0.50158 B   101 
 1.23290 -0.10385 -0.61907 D   101 
 1.48533 -0.37157 -0.19764 B   102 
 1.35064 -0.20633  0.07031 B   103 
 1.53146  0.03946 -0.03996 N   103 
 1.09446 -0.30923  0.09894 B   104 
 0.87500 -0.15956  0.33230 B   105 
 0.58168 -0.39629  0.44052 M   105 
 1.04481  0.11347  0.33704 B   106 
 1.27699 -0.03066  0.52328 N   106 
 0.87575  0.24862  0.10935 B   107 
 0.89797  0.11569 -0.05057 A   107 
 0.69172  0.29070  0.36398 B   108 
 0.44119  0.02888  0.06916 W   108 
 0.70138  0.54362  0.57856 B   109 
 0.77865  0.76122  0.46793 V   109 
 0.47692  0.45328  0.77711 B   110 
 0.29359  0.52839  0.69504 A   110 
 0.59082  0.17639  0.83278 B   111 
 0.71573 -0.18129  0.74296 W   111 
 0.87203  0.25690  0.93565 B   112 
 1.16187  0.49541  0.74220 R   112 
 0.76093  0.47906  1.15793 B   113 
 0.90875  0.72049  0.99931 N   113 
 0.49093  0.27478  1.26767 B   114 
 0.18843  0.67371  1.22614 R   114 
 0.55767 -0.05413  1.21810 B   115 
 0.30893 -0.00237  1.02566 X   115 
 0.83783 -0.10488  1.25293 B   116 
 1.19671 -0.11230  0.98982 K   116 
 0.90773 -0.30917  1.53512 B   117 
 0.62519 -0.39134  1.58419 B   118 
 0.51109 -0.15967  1.55775 T   118 
 0.31165 -0.53702  1.66965 B   119 
 0.24505 -0.74308  1.85753 D   119 
 0.15904 -0.63062  1.37914 B   120 
 0.34986 -0.57628  1.22716 V   120 
-0.03815 -0.85547  1.47208 B   121 
 0.22749 -1.15665  1.58284 Q   121 
-0.25253 -0.65865  1.59172 B   122 
-0.15337 -0.56301  1.74654 A   122 
-0.38559 -0.60236  1.29869 B   123 
-0.23447 -0.20164  1.30913 W   123 
-0.52581 -0.91847  1.30829 B   124 
-0.35354 -1.01566  1.12623 I   124 
-0.69148 -0.92326  1.53582 B   125 
-0.28182 -0.93894  1.85253 R   125 
-1.00045 -1.09653  1.52462 B   126 
-0.94374 -1.22598  1.25752 B   127 
-0.88723 -0.93019  1.14048 X   127 
-1.07911 -1.43831  0.99374 B   128 
-1.15625 -1.82230  1.09897 R   128 
-0.80354 -1.66550  0.87337 B   129 
-0.71821 -1.42346  0.83307 L   129 
