246 
 0.13156 -0.05937  1.32894 B   1 
 0.41035 -0.37162  1.36074 K   1 
 0.46448  0.07293  1.33503 B   2 
 0.41687  0.32489  1.37270 V   2 
 0.69167  0.06103  1.10827 B   3 
 0.53100 -0.31401  0.96181 F   3 
 0.98454  0.01125  0.99982 B   4 
 1.15916  0.03563  0.73210 B   5 
 1.46738  0.29647  0.56914 R   5 
 1.32920 -0.23444  0.73739 B   6 
 1.61889 -0.11421  0.73627 X   6 
 1.08447 -0.39856  0.83630 B   7 
 0.91880 -0.39148  1.18972 E   7 
 0.89795 -0.35795  0.59280 B   8 
 0.66989 -0.15544  0.55985 L   8 
 1.08511 -0.45319  0.37066 B   9 
 1.23642 -0.29915  0.34757 A   9 
 1.10642 -0.74048  0.47310 B   10 
 1.23571 -0.73253  0.64931 A   10 
 0.80457 -0.80987  0.45843 B   11 
 0.71571 -0.73142  0.63983 A   11 
 0.76019 -0.73405  0.16138 B   12 
 0.64550 -0.32005  0.16816 M   12 
 0.96039 -0.93796  0.05747 B   13 
 1.39072 -0.92590  0.00385 K   13 
 0.85191 -1.19968  0.17072 B   14 
 0.69458 -1.28621  0.58827 R   14 
 0.57003 -1.12923  0.01460 B   15 
 0.39152 -1.08987  0.35837 H   15 
 0.68853 -1.04693 -0.29307 B   16 
 0.72857 -0.72388 -0.38108 B   17 
 0.47525 -0.60706 -0.21547 L   17 
 0.98982 -0.75122 -0.50580 B   18 
 1.28022 -0.67830 -0.43728 D   18 
 0.94087 -0.68059 -0.83500 B   19 
 1.26094 -0.70539 -0.81122 N   19 
 0.65462 -0.64076 -0.85339 B   20 
 0.29686 -0.88060 -0.75492 Y   20 
 0.56692 -0.56746 -1.15943 B   21 
 0.17018 -0.81534 -1.24130 R   21 
 0.86612 -0.40506 -1.15568 B   22 
 0.87688 -0.31356 -0.84499 B   23 
 0.55069 -0.03904 -1.04383 Y   23 
 1.08126 -0.21596 -0.64281 B   24 
 1.27852 -0.10690 -0.70680 S   24 
 1.09757 -0.21203 -0.30942 B   25 
 1.17942 -0.43558 -0.10476 L   25 
 1.13661  0.10144 -0.27785 B   26 
 0.85575  0.17886 -0.38176 B   27 
 0.93939  0.19448 -0.70836 N   27 
 0.68692  0.04856 -0.15950 B   28 
 0.50878 -0.26084 -0.42702 W   28 
 0.81645  0.19653  0.07721 B   29 
 1.02174  0.07027  0.17464 V   29 
 0.76237  0.47935 -0.02565 B   30 
 0.89326  0.64708 -0.20373 X   30 
 0.45612  0.45894 -0.03216 B   31 
 0.40727  0.34169 -0.21025 A   31 
 0.40418  0.38590  0.26397 B   32 
 0.45361  0.17765  0.28644 A   32 
 0.52986  0.64135  0.37785 B   33 
 0.79321  0.80208  0.52352 K   33 
 0.32518  0.85436  0.21607 B   34 
 0.67617  1.02419  0.08578 F   34 
 0.04910  0.71364  0.29628 B   35 
-0.04083  0.63231 -0.03415 E   35 
 0.11403  0.61034  0.63052 B   36 
 0.07546  0.39603  0.58914 S   36 
 0.39054  0.60827  0.77554 B   37 
 0.48330  0.85684  0.88454 N   37 
 0.38832  0.29230  0.85409 B   38 
 0.75497  0.35658  0.67459 F   38 
 0.06713  0.27643  0.93178 B   39 
-0.02105  0.40612  1.18825 N   39 
-0.17649  0.03151  0.96171 B   40 
-0.04811 -0.16508  1.04544 T   40 
-0.40652  0.23707  1.10246 B   41 
-0.39541  0.10054  1.47745 Q   41 
-0.44862  0.41112  0.86652 B   42 
-0.27196  0.52018  0.82662 A   42 
-0.70567  0.66327  0.80580 B   43 
-0.85552  0.51469  0.92974 T   43 
-0.88980  0.80983  0.51433 B   44 
-0.58276  0.93640  0.57488 N   44 
-1.10314  1.03534  0.41147 B   45 
-1.57763  0.91690  0.54521 R   45 
-1.29668  1.08216  0.12805 B   46 
-1.05069  0.87457  0.01089 N   46 
-1.48155  1.28383 -0.06915 B   47 
-1.36408  1.49762 -0.15432 T   47 
-1.65034  1.01802 -0.18145 B   48 
-1.47165  0.86389 -0.30249 D   48 
-1.67305  0.84935  0.11598 B   49 
-1.44688  0.69825  0.12878 B   50 
-1.35817  0.61776 -0.08583 S   50 
-1.16064  0.48446  0.24716 B   51 
-1.25025  0.56680  0.49070 T   51 
-0.83915  0.46531  0.36346 B   52 
-0.73596  0.60333  0.06643 D   52 
-0.62646  0.16962  0.42673 B   53 
-1.08145  0.16763  0.58074 Y   53 
-0.34091  0.14697  0.57462 B   54 
-0.00767  0.12818  0.46047 B   55 
 0.17606 -0.03813  0.57232 I   55 
-0.15538  0.16249  0.14295 B   56 
 0.08392 -0.02424  0.03719 L   56 
-0.42368  0.30313  0.11744 B   57 
-0.39840  0.55287  0.35504 Q   57 
-0.67744  0.12655  0.07707 B   58 
-0.54817 -0.14183 -0.00859 I   58 
-0.97445  0.15026 -0.09481 B   59 
-1.08450  0.40248 -0.22553 N   59 
-1.33581  0.11699 -0.03769 B   60 
-1.38295  0.24815  0.14427 S   60 
-1.45577  0.13570 -0.34003 B   61 
-1.65297  0.51139 -0.40774 R   61 
-1.27351 -0.13464 -0.44761 B   62 
-1.29426  0.15694 -0.79747 W   62 
-1.11499 -0.33502 -0.21769 B   63 
-0.85086 -0.20538 -0.54240 W   63 
-1.29318 -0.28102  0.04923 B   64 
-1.10221 -0.20903  0.21052 X   64 
-1.50354 -0.33359  0.33815 B   65 
-1.78862 -0.41234  0.31087 N   65 
-1.68332 -0.07874  0.56465 B   66 
-1.57846  0.14226  0.45136 D   66 
-2.01074 -0.02727  0.54274 B   67 
-1.98107  0.30912  0.41032 B   68 
-1.70419  0.54215  0.71622 R   68 
-1.95912  0.24835  0.07470 B   69 
-1.71263  0.31345  0.09016 T   69 
-2.12017  0.32499 -0.17767 B   70 
-2.21226  0.48434 -0.06860 P   70 
-2.05392  0.13329 -0.45001 B   71 
-1.88079 -0.09479 -0.36383 B   72 
-1.83206 -0.06847 -0.13274 S   72 
-1.64855 -0.38919 -0.43537 B   73 
-1.71841 -0.39564 -0.78574 R   73 
-1.43382 -0.57588 -0.29321 B   74 
-1.46814 -0.66823 -0.03196 N   74 
-1.18149 -0.71402 -0.46127 B   75 
-1.23188 -0.53074 -0.72326 L   75 
-1.01922 -0.83826 -0.19889 B   76 
-0.78698 -0.63873 -0.25135 X   76 
-1.21377 -0.96508 -0.00912 B   77 
-1.38099 -1.17409 -0.06198 N   77 
-1.22754 -0.74322  0.24877 B   78 
-0.95338 -0.83854  0.29815 I   78 
-1.20621 -0.60831  0.53498 B   79 
-1.28230 -0.77039  0.64278 P   79 
-1.06691 -0.31035  0.59553 B   80 
-1.22730 -0.12771  0.39381 X   80 
-0.95497 -0.39167  0.88144 B   81 
-1.15488 -0.46629  0.99066 S   81 
-0.73971 -0.59457  0.77672 B   82 
-0.85059 -0.75262  0.69280 A   82 
-0.55991 -0.33854  0.67704 B   83 
-0.66643 -0.33691  0.36755 L   83 
-0.47631 -0.28040  1.00726 B   84 
-0.70245 -0.04486  0.96682 L   84 
-0.29851 -0.48870  1.07140 B   85 
-0.35521 -0.73800  1.11374 S   85 
 0.01507 -0.60847  1.16715 B   86 
 0.00484 -0.66699  1.39916 S   86 
-0.05907 -0.79934  0.93927 B   87 
-0.04832 -1.09012  0.91120 D   87 
 0.02580 -0.74145  0.59365 B   88 
 0.25503 -0.60319  0.59856 I   88 
-0.09462 -0.96158  0.41161 B   89 
-0.04248 -1.19710  0.52245 T   89 
-0.35395 -0.82255  0.31078 B   90 
-0.49619 -0.83594  0.47457 A   90 
-0.22365 -0.57059  0.18151 B   91 
-0.23171 -0.39520  0.39244 S   91 
-0.03939 -0.71871 -0.01312 B   92 
 0.18733 -0.79075  0.09701 V   92 
-0.24483 -0.88238 -0.17179 B   93 
-0.22003 -1.17234 -0.00298 N   93 
-0.39821 -0.62771 -0.25614 B   94 
-0.62729 -0.50792 -0.13629 X   94 
-0.16713 -0.47097 -0.38838 B   95 
-0.04568 -0.39650 -0.22697 A   95 
-0.11110 -0.67722 -0.61139 B   96 
 0.15411 -0.99390 -0.39626 K   96 
-0.38463 -0.61778 -0.74838 B   97 
-0.65338 -0.85596 -0.60920 K   97 
-0.35504 -0.31394 -0.79437 B   98 
-0.44477 -0.17544 -0.53179 I   98 
-0.08509 -0.31325 -0.96784 B   99 
 0.11849 -0.34420 -0.86102 V   99 
-0.23936 -0.51451 -1.18630 B   100 
-0.12841 -0.71936 -1.06564 S   100 
-0.47455 -0.31549 -1.30541 B   101 
-0.69954 -0.21878 -1.17339 D   101 
-0.27468 -0.09618 -1.51613 B   102 
-0.13633  0.16977 -1.35068 B   103 
-0.40972  0.31878 -1.44189 N   103 
 0.00656  0.05906 -1.14005 B   104 
 0.14733  0.27394 -0.89709 B   105 
 0.43986  0.10720 -0.69605 M   105 
-0.05146  0.51433 -0.97515 B   106 
 0.12370  0.57418 -1.24919 N   106 
-0.26776  0.43433 -0.76182 B   107 
-0.31634  0.23820 -0.81577 A   107 
-0.05464  0.59031 -0.58653 B   108 
-0.06655  0.15634 -0.41400 W   108 
-0.04313  0.91687 -0.52884 B   109 
-0.27593  1.02345 -0.53021 V   109 
 0.21538  0.93054 -0.35289 B   110 
 0.15007  0.89610 -0.15156 A   110 
 0.39701  0.78423 -0.54871 B   111 
 0.51261  0.48736 -0.77256 W   111 
 0.36266  0.96747 -0.79646 B   112 
 0.00442  1.08038 -0.98944 R   112 
 0.42648  1.25131 -0.63377 B   113 
 0.12622  1.35941 -0.69255 N   113 
 0.69539  1.11440 -0.44504 B   114 
 0.49552  1.32142 -0.03325 R   114 
 0.83822  0.85260 -0.60677 B   115 
 0.71728  0.71689 -0.34496 X   115 
 0.83023  0.89485 -0.89037 B   116 
 0.54932  0.79512 -1.22086 K   116 
 1.15267  0.93800 -1.03329 B   117 
 1.30499  0.85029 -0.79226 B   118 
 1.17285  0.98170 -0.61154 T   118 
 1.53037  0.73236 -0.54299 B   119 
 1.81314  0.68588 -0.55204 D   119 
 1.39861  0.44602 -0.41226 B   120 
 1.20517  0.42849 -0.56954 V   120 
 1.65000  0.29810 -0.29823 B   121 
 1.85321  0.20018 -0.64845 Q   121 
 1.67411  0.47635 -0.04004 B   122 
 1.71288  0.66654 -0.11266 A   122 
 1.44638  0.30355  0.11813 B   123 
 1.18006  0.63841  0.09666 W   123 
 1.67504  0.04646  0.15416 B   124 
 1.55328 -0.10645 -0.03040 I   124 
 1.89107  0.15415  0.29899 B   125 
 2.04854  0.42909 -0.11088 R   125 
 2.05764 -0.04503  0.54021 B   126 
 1.91667 -0.29994  0.45982 B   127 
 1.63708 -0.14376  0.50244 X   127 
 1.87232 -0.65370  0.53650 B   128 
 2.20030 -0.88706  0.48706 R   128 
 1.85158 -0.84234  0.21088 B   129 
 1.65631 -0.67107  0.20586 L   129 
