246 
 0.55817 -0.39296  1.14932 B   1 
 0.94908 -0.25067  1.09293 K   1 
 0.58987 -0.06290  1.28509 B   2 
 0.37098 -0.04480  1.42268 V   2 
 0.61865  0.21772  1.13148 B   3 
 0.81580  0.02013  0.79981 F   3 
 0.74731  0.50137  1.07668 B   4 
 0.70946  0.76147  0.89316 B   5 
 0.56517  1.17002  0.93629 R   5 
 1.00994  0.83009  0.81022 B   6 
 1.03105  1.12115  0.92515 X   6 
 1.07801  0.52959  0.76925 B   7 
 1.12242  0.25493  1.04310 E   7 
 0.88212  0.46716  0.53804 B   8 
 0.60442  0.33779  0.55401 L   8 
 0.96554  0.68631  0.34195 B   9 
 0.89228  0.87347  0.42418 A   9 
 1.25072  0.58285  0.30381 B   10 
 1.35872  0.63397  0.48697 A   10 
 1.17640  0.30183  0.19589 B   11 
 1.13475  0.17945  0.36980 A   11 
 0.99278  0.39483 -0.03561 B   12 
 0.59893  0.41281  0.13513 M   12 
 1.21325  0.54984 -0.17639 B   13 
 1.36676  0.95254 -0.12661 K   13 
 1.42577  0.33548 -0.22083 B   14 
 1.57417  0.01696  0.06746 R   14 
 1.19427  0.16544 -0.38296 B   15 
 1.20285 -0.10749 -0.10543 H   15 
 1.07043  0.40785 -0.58639 B   16 
 0.78609  0.57057 -0.50652 B   17 
 0.63731  0.32033 -0.36337 L   17 
 0.87699  0.83895 -0.57181 B   18 
 0.96185  1.09100 -0.41814 D   18 
 0.68485  0.93829 -0.83443 B   19 
 0.84907  1.20434 -0.75780 N   19 
 0.52413  0.70446 -0.89241 B   20 
 0.60787  0.28226 -0.99213 Y   20 
 0.32125  0.76188 -1.14195 B   21 
 0.33383  0.36964 -1.40943 R   21 
 0.31262  1.07191 -1.00155 B   22 
 0.34616  0.99336 -0.68895 B   23 
-0.09001  0.85999 -0.80416 Y   23 
 0.41945  1.12741 -0.42659 B   24 
 0.38946  1.35698 -0.39057 S   24 
 0.53662  1.01963 -0.13318 B   25 
 0.82868  0.95044 -0.04111 L   25 
 0.30062  1.13443  0.04546 B   26 
 0.08148  0.94803 -0.06814 B   27 
-0.00753  1.14713 -0.32571 N   27 
 0.19526  0.67874  0.02894 B   28 
 0.28867  0.52980 -0.38109 W   28 
 0.20638  0.74883  0.32839 B   29 
 0.43239  0.85667  0.39818 V   29 
-0.08903  0.82226  0.35722 B   30 
-0.23523  1.05275  0.30743 X   30 
-0.20356  0.54872  0.27779 B   31 
-0.18641  0.53709  0.06003 A   31 
-0.06331  0.37197  0.48948 B   32 
 0.14013  0.34608  0.42422 A   32 
-0.18592  0.51566  0.73102 B   33 
-0.15996  0.74111  0.98578 K   33 
-0.50643  0.45762  0.64534 B   34 
-0.54508  0.86507  0.68416 F   34 
-0.47764  0.14328  0.59229 B   35 
-0.55991  0.16233  0.25060 E   35 
-0.24958  0.04657  0.84771 B   36 
-0.10000 -0.03506  0.70597 S   36 
-0.08156  0.23605  1.03034 B   37 
-0.21397  0.35051  1.25759 N   37 
 0.20961  0.11226  0.95350 B   38 
 0.24947  0.52071  0.90489 F   38 
 0.11364 -0.20426  0.94578 B   39 
 0.05481 -0.33875  1.20812 N   39 
 0.22653 -0.50199  0.80852 B   40 
 0.47442 -0.47752  0.81817 T   40 
 0.00461 -0.69644  0.97562 B   41 
 0.25170 -0.86542  1.23975 Q   41 
-0.23972 -0.59518  0.84228 B   42 
-0.27023 -0.39268  0.89478 A   42 
-0.58083 -0.72525  0.85080 B   43 
-0.47717 -0.94681  0.85854 T   43 
-0.88103 -0.73673  0.62701 B   44 
-0.83691 -0.45130  0.80178 N   44 
-1.19563 -0.82051  0.59614 B   45 
-1.25118 -1.32300  0.55776 R   45 
-1.41331 -0.87254  0.33177 B   46 
-1.17491 -0.67334  0.18752 N   46 
-1.72799 -0.90334  0.21448 B   47 
-1.88689 -0.70551  0.26321 T   47 
-1.61438 -1.08865 -0.03950 B   48 
-1.45063 -0.93163 -0.17688 D   48 
-1.38100 -1.26820  0.13579 B   49 
-1.15414 -1.11794  0.12549 B   50 
-1.12216 -0.98402 -0.07809 S   50 
-0.81327 -0.97220  0.19047 B   51 
-0.83735 -1.11708  0.41971 T   51 
-0.62168 -0.73745  0.34994 B   52 
-0.79515 -0.49611  0.17795 D   52 
-0.26190 -0.66021  0.31441 B   53 
-0.40010 -1.11881  0.35082 Y   53 
-0.07179 -0.46986  0.49203 B   54 
 0.04597 -0.13941  0.45494 B   55 
 0.30141 -0.06767  0.51438 I   55 
-0.15344 -0.14211  0.16504 B   56 
 0.06850  0.05310  0.03875 L   56 
-0.39366 -0.32787  0.15072 B   57 
-0.51177 -0.32012  0.47545 Q   57 
-0.36639 -0.58848 -0.01824 B   58 
-0.11553 -0.52167 -0.18760 I   58 
-0.57040 -0.77975 -0.21852 B   59 
-0.87326 -0.75434 -0.23952 N   59 
-0.67576 -1.12917 -0.26042 B   60 
-0.74385 -1.19950 -0.05318 S   60 
-0.84517 -1.11761 -0.53847 B   61 
-1.26709 -1.15606 -0.46699 R   61 
-0.57774 -0.99655 -0.71653 B   62 
-0.95056 -0.79983 -0.89018 W   62 
-0.26413 -1.00070 -0.57591 B   63 
-0.37196 -0.60971 -0.74178 W   63 
-0.29387 -1.24062 -0.35804 B   64 
-0.21866 -1.11080 -0.14554 X   64 
-0.24022 -1.54834 -0.17660 B   65 
-0.30389 -1.81267 -0.29616 N   65 
-0.45309 -1.71574  0.09770 B   66 
-0.63295 -1.51651  0.12276 D   66 
-0.64218 -1.98113  0.03332 B   67 
-0.95726 -1.80722  0.07870 B   68 
-0.93171 -1.60786  0.50782 R   68 
-1.01127 -1.68158 -0.23454 B   69 
-0.95648 -1.45091 -0.13954 T   69 
-1.22968 -1.70771 -0.45159 B   70 
-1.36527 -1.78243 -0.30395 P   70 
-1.13345 -1.60489 -0.76059 B   71 
-0.83937 -1.55113 -0.75378 B   72 
-0.76215 -1.58591 -0.53175 S   72 
-0.51833 -1.40642 -0.90115 B   73 
-0.66179 -1.34031 -1.22165 R   73 
-0.22235 -1.32454 -0.81830 B   74 
-0.07031 -1.47853 -0.64187 N   74 
-0.05692 -1.08053 -0.97351 B   75 
-0.32139 -0.97424 -1.12690 L   75 
 0.20539 -1.07102 -0.76927 B   76 
 0.11812 -0.78831 -0.67461 X   76 
 0.29430 -1.34994 -0.70410 B   77 
 0.38113 -1.53917 -0.88044 N   77 
 0.19000 -1.39229 -0.38278 B   78 
 0.40277 -1.19689 -0.32590 I   78 
 0.18322 -1.43973 -0.06929 B   79 
 0.32389 -1.59426 -0.06614 P   79 
 0.01250 -1.25183  0.14843 B   80 
-0.27739 -1.26497  0.02368 X   80 
 0.22551 -1.28278  0.38201 B   81 
 0.24087 -1.52130  0.40025 S   81 
 0.45122 -1.11389  0.24417 B   82 
 0.50849 -1.22700  0.07611 A   82 
 0.27826 -0.84336  0.31276 B   83 
 0.12643 -0.82231  0.02356 L   83 
 0.37725 -0.87471  0.64235 B   84 
 0.07008 -0.98993  0.66733 L   84 
 0.64920 -0.80289  0.64012 B   85 
 0.84901 -0.94173  0.55095 S   85 
 0.91495 -0.59706  0.73423 B   86 
 1.03880 -0.70907  0.90590 S   86 
 0.96627 -0.63419  0.43449 B   87 
 1.20546 -0.69972  0.27972 D   87 
 0.83580 -0.41455  0.18004 B   88 
 0.81826 -0.17371  0.29567 I   88 
 0.90776 -0.51801 -0.10319 B   89 
 1.16534 -0.58221 -0.10394 T   89 
 0.64702 -0.66849 -0.18147 B   90 
 0.65394 -0.85838 -0.07594 A   90 
 0.44647 -0.43183 -0.15073 B   91 
 0.36763 -0.46544  0.10999 S   91 
 0.58246 -0.24094 -0.34780 B   92 
 0.77631 -0.10297 -0.23776 V   92 
 0.57902 -0.41140 -0.60294 B   93 
 0.89051 -0.53713 -0.58420 N   93 
 0.27157 -0.44062 -0.59187 B   94 
 0.11497 -0.65169 -0.48181 X   94 
 0.19257 -0.14199 -0.58595 B   95 
 0.23636 -0.07277 -0.38686 A   95 
 0.31350 -0.07069 -0.86109 B   96 
 0.76484 -0.00948 -0.76389 K   96 
 0.10129 -0.24368 -1.00996 B   97 
 0.23512 -0.60199 -1.05499 K   97 
-0.15703 -0.11136 -0.90475 B   98 
-0.22183 -0.24689 -0.63343 I   98 
-0.10259  0.19095 -0.99755 B   99 
 0.04585  0.32180 -0.87648 V   99 
-0.07319  0.07665 -1.31076 B   100 
 0.18684  0.06967 -1.27663 S   100 
-0.38033 -0.02816 -1.37236 B   101 
-0.51168 -0.24690 -1.26147 D   101 
-0.55180  0.29036 -1.41229 B   102 
-0.66030  0.42922 -1.11871 B   103 
-0.93208  0.26572 -1.18708 N   103 
-0.43518  0.44476 -0.95711 B   104 
-0.47336  0.54209 -0.61934 B   105 
-0.14119  0.67663 -0.46010 M   105 
-0.78587  0.46632 -0.61891 B   106 
-0.85544  0.73966 -0.79158 N   106 
-0.73745  0.17328 -0.51658 B   107 
-0.61165  0.09281 -0.66300 A   107 
-0.71864  0.34211 -0.24897 B   108 
-0.30045  0.14037 -0.30048 W   108 
-0.96837  0.42682 -0.04756 B   109 
-1.15675  0.25342 -0.04910 V   109 
-0.81064  0.59363  0.16519 B   110 
-0.74074  0.45149  0.30975 A   110 
-0.67769  0.78319 -0.03263 B   111 
-0.45576  0.88069 -0.33734 W   111 
-0.93050  0.89835 -0.17035 B   112 
-1.24248  0.68710 -0.36104 R   112 
-1.08647  0.97778  0.11331 B   113 
-1.32420  0.76660  0.04864 N   113 
-0.79353  1.10482  0.27056 B   114 
-0.91160  0.83714  0.67895 R   114 
-0.56838  1.21365  0.04130 B   115 
-0.41635  0.97036  0.18018 X   115 
-0.70385  1.32390 -0.18624 B   116 
-0.85142  1.16923 -0.57659 K   116 
-0.65247  1.67365 -0.22218 B   117 
-0.43232  1.69301 -0.02181 B   118 
-0.53698  1.54829  0.16658 T   118 
-0.15310  1.76486  0.18726 B   119 
 0.00238  2.00380  0.21776 D   119 
 0.07621  1.51628  0.14178 B   120 
-0.04442  1.39879 -0.04291 V   120 
 0.34554  1.65225  0.22574 B   121 
 0.39437  1.93215 -0.07892 Q   121 
 0.29399  1.63037  0.53538 B   122 
 0.12591  1.74725  0.56762 A   122 
 0.39672  1.32039  0.54525 B   123 
-0.00439  1.19191  0.62351 W   123 
 0.72156  1.43312  0.50716 B   124 
 0.73563  1.34915  0.25217 I   124 
 0.77177  1.60160  0.72700 B   125 
 0.46782  1.97273  0.53140 R   125 
 1.09163  1.60072  0.87964 B   126 
 1.21873  1.43134  0.66408 B   127 
 0.98390  1.21499  0.71336 X   127 
 1.52319  1.26000  0.55949 B   128 
 1.84097  1.49886  0.47927 R   128 
 1.56193  1.30674  0.18753 B   129 
 1.33384  1.18677  0.22028 L   129 
