246 
 1.06979  0.06515  0.79889 B   1 
 0.88070  0.12068  1.16957 K   1 
 1.01249 -0.25145  0.95656 B   2 
 1.15866 -0.40704  0.80961 V   2 
 0.73608 -0.40905  1.00062 B   3 
 0.52026 -0.03344  1.01678 F   3 
 0.52385 -0.57156  1.16961 B   4 
 0.24440 -0.72541  1.13795 B   5 
 0.10063 -1.13619  1.12426 R   5 
 0.08614 -0.63272  1.39919 B   6 
 0.03278 -0.91257  1.53039 X   6 
 0.19087 -0.34138  1.37162 B   7 
 0.55281 -0.21020  1.43635 E   7 
 0.06188 -0.26961  1.09970 B   8 
 0.19011 -0.27574  0.82109 L   8 
-0.22917 -0.33793  1.16340 B   9 
-0.24096 -0.55460  1.17192 A   9 
-0.26010 -0.12735  1.38291 B   10 
-0.15035 -0.20368  1.55599 A   10 
-0.19638  0.12089  1.20839 B   11 
 0.01970  0.13440  1.19923 A   11 
-0.40615  0.06902  0.98643 B   12 
-0.20069 -0.16722  0.69220 M   12 
-0.64256  0.08346  1.17710 B   13 
-0.83087 -0.21102  1.43406 K   13 
-0.60996  0.36044  1.30083 B   14 
-0.23224  0.56179  1.45373 R   14 
-0.61997  0.47903  0.99322 B   15 
-0.24939  0.59352  1.02716 H   15 
-0.89199  0.31503  0.87243 B   16 
-0.85582  0.03860  0.68274 B   17 
-0.58218  0.12937  0.53399 L   17 
-1.06249 -0.12146  0.81011 B   18 
-1.07482 -0.36058  1.00251 D   18 
-1.30023 -0.16901  0.57142 B   19 
-1.39888 -0.35752  0.81299 N   19 
-1.20269 -0.01349  0.34744 B   20 
-1.08906  0.40867  0.28357 Y   20 
-1.40633 -0.03589  0.09297 B   21 
-1.43688  0.40336 -0.08503 R   21 
-1.44244 -0.35331  0.21065 B   22 
-1.14466 -0.40435  0.32786 B   23 
-1.09701 -0.41389 -0.14005 Y   23 
-1.00360 -0.59517  0.51724 B   24 
-1.08354 -0.81125  0.55985 S   24 
-0.72222 -0.58208  0.69637 B   25 
-0.66162 -0.45085  0.97505 L   25 
-0.58704 -0.84108  0.57213 B   26 
-0.55000 -0.72423  0.28815 B   27 
-0.85215 -0.81677  0.16962 N   27 
-0.35251 -0.49804  0.35685 B   28 
-0.64057 -0.17014  0.26450 W   28 
-0.13678 -0.67511  0.48650 B   29 
-0.17247 -0.70635  0.74210 V   29 
-0.09675 -0.86097  0.24703 B   30 
-0.22895 -1.08700  0.15533 X   30 
-0.00556 -0.64607  0.04765 B   31 
-0.18678 -0.54013 -0.01391 A   31 
 0.23741 -0.53344  0.20257 B   32 
 0.15904 -0.40714  0.35821 A   32 
 0.39095 -0.79876  0.20975 B   33 
 0.48795 -1.08014  0.37655 K   33 
 0.40496 -0.83838 -0.12442 B   34 
 0.23926 -1.20596 -0.04413 F   34 
 0.51345 -0.54567 -0.19516 B   35 
 0.22977 -0.45214 -0.38134 E   35 
 0.73738 -0.48355  0.07429 B   36 
 0.63208 -0.30031  0.14110 S   36 
 0.76623 -0.65101  0.33624 B   37 
 0.92418 -0.89003  0.32234 N   37 
 0.71178 -0.40537  0.54291 B   38 
 0.45770 -0.70764  0.66479 F   38 
 0.88193 -0.17739  0.37400 B   39 
 1.18190 -0.19690  0.37637 N   39 
 0.89589  0.16855  0.35495 B   40 
 0.84751  0.23940  0.58900 T   40 
 1.17469  0.17531  0.16205 B   41 
 1.43902  0.30086  0.43361 Q   41 
 1.05453  0.05287 -0.07941 B   42 
 1.00226 -0.14783 -0.03844 A   42 
 1.18812  0.02607 -0.41820 B   43 
 1.28786  0.24576 -0.37714 T   43 
 1.05832  0.01268 -0.76936 B   44 
 1.05426 -0.27834 -0.59832 N   44 
 1.13057 -0.02599 -1.08595 B   45 
 1.36135  0.38384 -1.27525 R   45 
 0.97221  0.04250 -1.38630 B   46 
 0.70738  0.02873 -1.16950 N   46 
 0.94473 -0.00437 -1.71914 B   47 
 0.91452 -0.24889 -1.79697 T   47 
 0.80326  0.29703 -1.74914 B   48 
 0.57882  0.28666 -1.60821 D   48 
 1.00029  0.46267 -1.52292 B   49 
 0.87539  0.42972 -1.28321 B   50 
 0.63014  0.41519 -1.29002 S   50 
 0.79605  0.41319 -0.91567 B   51 
 1.06709  0.42923 -0.89569 T   51 
 0.77831  0.22691 -0.62891 B   52 
 0.54224  0.03180 -0.78423 D   52 
 0.64520  0.31567 -0.29563 B   53 
 0.93179  0.62671 -0.52336 Y   53 
 0.66544  0.15804 -0.01516 B   54 
 0.44653 -0.05464  0.16171 B   55 
 0.41504 -0.04048  0.43141 I   55 
 0.23846 -0.00940 -0.11843 B   56 
-0.00624 -0.03359  0.08857 L   56 
 0.36283  0.05793 -0.38753 B   57 
 0.65440 -0.12760 -0.38199 Q   57 
 0.34657  0.35341 -0.48567 B   58 
 0.12504  0.46418 -0.29931 I   58 
 0.31012  0.51581 -0.78669 B   59 
 0.33356  0.38733 -1.06193 N   59 
 0.46964  0.78148 -0.98398 B   60 
 0.69236  0.72809 -0.99271 S   60 
 0.25905  0.82155 -1.22933 B   61 
 0.41407  0.66209 -1.59695 R   61 
-0.00013  0.89743 -1.01732 B   62 
-0.17956  0.66344 -1.36503 W   62 
 0.06488  0.96316 -0.68626 B   63 
-0.25316  0.66701 -0.74253 W   63 
 0.37523  1.06026 -0.69910 B   64 
 0.47594  0.89422 -0.52603 X   64 
 0.67411  1.26039 -0.66577 B   65 
 0.71768  1.50372 -0.83043 N   65 
 1.02824  1.20408 -0.80717 B   66 
 0.98106  0.96012 -0.91170 D   66 
 1.14134  1.37745 -1.06694 B   67 
 1.14820  1.09419 -1.29343 B   68 
 1.40578  0.76237 -1.07414 R   68 
 0.82980  1.09874 -1.41760 B   69 
 0.78403  0.88995 -1.27780 T   69 
 0.69849  1.12603 -1.69602 B   70 
 0.88511  1.07495 -1.78731 P   70 
 0.36839  1.20529 -1.68832 B   71 
 0.29460  1.27082 -1.40604 B   72 
 0.48599  1.23767 -1.26914 S   72 
 0.03988  1.33505 -1.12906 B   73 
-0.23871  1.35749 -1.35169 R   73 
 0.01584  1.34673 -0.81211 B   74 
 0.21545  1.45959 -0.65281 N   74 
-0.26782  1.27245 -0.65395 B   75 
-0.40386  1.14641 -0.91922 L   75 
-0.14679  1.28100 -0.34428 B   76 
-0.19376  0.97487 -0.32029 X   76 
 0.03302  1.51877 -0.31139 B   77 
-0.03609  1.78113 -0.34019 N   77 
 0.34450  1.38135 -0.30705 B   78 
 0.25613  1.27800 -0.04591 I   78 
 0.63453  1.28876 -0.21828 B   79 
 0.69001  1.46913 -0.12846 P   79 
 0.75424  0.97827 -0.25175 B   80 
 0.70714  0.92939 -0.56023 X   80 
 0.92924  0.98926  0.01310 B   81 
 1.06215  1.18478 -0.02653 S   81 
 0.68738  0.99303  0.21299 B   82 
 0.59217  1.17774  0.17930 A   82 
 0.63981  0.67484  0.14740 B   83 
 0.41188  0.71842 -0.08343 L   83 
 0.91648  0.60288  0.34154 B   84 
 1.05044  0.57004  0.04283 L   84 
 0.82990  0.64872  0.60521 B   85 
 0.78891  0.87684  0.72111 S   85 
 0.75828  0.54171  0.92965 B   86 
 0.93773  0.61104  1.07231 S   86 
 0.51455  0.71561  0.86475 B   87 
 0.37415  0.92528  1.01235 D   87 
 0.21208  0.58892  0.71486 B   88 
 0.19152  0.33547  0.79870 I   88 
 0.01207  0.81875  0.65766 B   89 
-0.00214  0.97089  0.87474 T   89 
 0.06826  0.87540  0.35702 B   90 
 0.25192  0.99151  0.35166 A   90 
 0.01070  0.59023  0.24505 B   91 
 0.26202  0.48033  0.25400 S   91 
-0.27631  0.56582  0.34897 B   92 
-0.28744  0.48077  0.59668 V   92 
-0.40537  0.81054  0.21622 B   93 
-0.38170  1.02617  0.47338 N   93 
-0.32646  0.71223 -0.06593 B   94 
-0.09914  0.78128 -0.22323 X   94 
-0.45791  0.43269 -0.06068 B   95 
-0.33237  0.31021  0.06416 A   95 
-0.74793  0.53352 -0.02697 B   96 
-0.77712  0.61594  0.43047 K   96 
-0.74869  0.65647 -0.31333 B   97 
-0.62998  1.02250 -0.29717 K   97 
-0.68042  0.40470 -0.47842 B   98 
-0.37126  0.38005 -0.47866 I   98 
-0.92093  0.21396 -0.38496 B   99 
-0.91105  0.11283 -0.17642 V   99 
-1.13324  0.44878 -0.49366 B   100 
-1.14725  0.54019 -0.24814 S   100 
-1.07769  0.44303 -0.81923 B   101 
-0.85029  0.52775 -0.95528 D   101 
-1.24142  0.13047 -0.90841 B   102 
-1.04398 -0.14689 -0.87192 B   103 
-0.97088 -0.08780 -1.18246 N   103 
-0.95540 -0.14002 -0.60898 B   104 
-0.71222 -0.37431 -0.50413 B   105 
-0.70471 -0.42376 -0.11517 M   105 
-0.61794 -0.43169 -0.80615 B   106 
-0.88924 -0.61312 -0.85954 N   106 
-0.39238 -0.21310 -0.80083 B   107 
-0.49798 -0.03801 -0.75688 A   107 
-0.25470 -0.45571 -0.65032 B   108 
-0.27110 -0.10739 -0.33946 W   108 
-0.08268 -0.70449 -0.78679 B   109 
 0.03702 -0.63277 -1.00147 V   109 
-0.01510 -0.86956 -0.52958 B   110 
 0.16624 -0.78485 -0.45261 A   110 
-0.30153 -0.89372 -0.42901 B   111 
-0.64774 -0.76363 -0.30728 W   111 
-0.43089 -1.02909 -0.67616 B   112 
-0.42991 -0.89553 -1.07677 R   112 
-0.20341 -1.27145 -0.70096 B   113 
-0.10921 -1.16142 -0.99133 N   113 
-0.18680 -1.32893 -0.35011 B   114 
 0.31429 -1.32127 -0.38504 R   114 
-0.47554 -1.23806 -0.19692 B   115 
-0.26265 -1.03592 -0.07280 X   115 
-0.69924 -1.28735 -0.36957 B   116 
-0.92483 -1.05523 -0.67503 K   116 
-0.91508 -1.54191 -0.24763 B   117 
-0.79478 -1.55607  0.02498 B   118 
-0.54396 -1.55423 -0.04194 T   118 
-0.70411 -1.59456  0.36723 B   119 
-0.82651 -1.74499  0.57838 D   119 
-0.65812 -1.28243  0.49725 B   120 
-0.73346 -1.15546  0.29559 V   120 
-0.70374 -1.32614  0.80398 B   121 
-1.11099 -1.41320  0.81458 Q   121 
-0.42186 -1.45543  0.85728 B   122 
-0.42357 -1.62977  0.74523 A   122 
-0.27558 -1.16391  0.87607 B   123 
-0.07316 -1.24378  0.50706 W   123 
-0.42252 -1.11682  1.18570 B   124 
-0.59817 -0.93693  1.09055 I   124 
-0.33063 -1.32743  1.34830 B   125 
-0.62880 -1.67010  1.09922 R   125 
-0.25823 -1.26696  1.68994 B   126 
-0.37767 -0.98938  1.68924 B   127 
-0.18509 -0.92092  1.43902 X   127 
-0.43396 -0.68792  1.88658 B   128 
-0.67883 -0.73042  2.20706 R   128 
-0.77876 -0.55840  1.80667 B   129 
-0.64994 -0.56021  1.58108 L   129 
