246 
 0.72029  0.44496  1.03446 B   1 
 0.46801  0.33521  1.35155 K   1 
 0.80888  0.11951  1.15534 B   2 
 1.03777  0.08418  1.03903 V   2 
 0.65169 -0.15871  1.12272 B   3 
 0.27341  0.05249  1.10821 F   3 
 0.52873 -0.43105  1.22627 B   4 
 0.38039 -0.69452  1.11975 B   5 
 0.47571 -1.11335  1.04841 R   5 
 0.15389 -0.73850  1.34030 B   6 
 0.23135 -1.02610  1.43859 X   6 
 0.09516 -0.43366  1.35543 B   7 
 0.31844 -0.15457  1.51248 E   7 
-0.00207 -0.38911  1.06510 B   8 
 0.15746 -0.28310  0.82548 L   8 
-0.22130 -0.60180  1.05314 B   9 
-0.12022 -0.79387  1.04611 A   9 
-0.39511 -0.47529  1.27055 B   10 
-0.29419 -0.51616  1.46021 A   10 
-0.43989 -0.20207  1.13095 B   11 
-0.26454 -0.08249  1.17466 A   11 
-0.54933 -0.31140  0.86258 B   12 
-0.20305 -0.36090  0.61311 M   12 
-0.78817 -0.44847  0.99151 B   13 
-0.83814 -0.83674  1.17847 K   13 
-0.92643 -0.21751  1.13515 B   14 
-0.74189  0.11398  1.38545 R   14 
-0.94215 -0.06825  0.84144 B   15 
-0.69756  0.20616  0.96976 H   15 
-1.06329 -0.32134  0.64974 B   16 
-0.85618 -0.50657  0.45869 B   17 
-0.64819 -0.26864  0.38536 L   17 
-0.96843 -0.76689  0.52339 B   18 
-0.88856 -1.01009  0.69316 D   18 
-1.10056 -0.88343  0.23234 B   19 
-1.12782 -1.13448  0.43198 N   19 
-1.06023 -0.66409  0.04759 B   20 
-1.17300 -0.23703  0.03719 Y   20 
-1.17411 -0.73967 -0.24914 B   21 
-1.39624 -0.34939 -0.40373 R   21 
-1.06033 -1.04847 -0.16198 B   22 
-0.80541 -0.96548  0.02007 B   23 
-0.67817 -0.86944 -0.42252 Y   23 
-0.62176 -1.09137  0.22647 B   24 
-0.58400 -1.32241  0.23618 S   24 
-0.42474 -0.97245  0.46828 B   25 
-0.49124 -0.87872  0.76043 L   25 
-0.15538 -1.10531  0.36541 B   26 
-0.13501 -0.93841  0.10578 B   27 
-0.31884 -1.14579 -0.08684 N   27 
-0.09929 -0.66003  0.23271 B   28 
-0.49413 -0.50639  0.09298 W   28 
 0.15021 -0.72710  0.39991 B   29 
 0.09154 -0.81541  0.63727 V   29 
 0.32232 -0.82459  0.16675 B   30 
 0.34520 -1.06671  0.03320 X   30 
 0.32221 -0.56198  0.00773 B   31 
 0.12650 -0.55031 -0.08929 A   31 
 0.43971 -0.37291  0.22259 B   32 
 0.28120 -0.33065  0.36189 A   32 
 0.70456 -0.52477  0.25113 B   33 
 0.90233 -0.74572  0.41987 K   33 
 0.79571 -0.49403 -0.07165 B   34 
 0.83371 -0.90303 -0.05468 F   34 
 0.74703 -0.17872 -0.09738 B   35 
 0.49401 -0.20663 -0.34045 E   35 
 0.85464 -0.06186  0.22101 B   36 
 0.65970  0.03101  0.27103 S   36 
 0.91952 -0.23564  0.47217 B   37 
 1.17812 -0.35927  0.48284 N   37 
 0.71009 -0.08861  0.67351 B   38 
 0.63294 -0.49264  0.71336 F   38 
 0.76387  0.21881  0.56371 B   39 
 1.02449  0.34958  0.63681 N   39 
 0.59939  0.52402  0.56847 B   40 
 0.48092  0.52024  0.78776 T   40 
 0.86307  0.70044  0.44875 B   41 
 0.97118  0.89094  0.78252 Q   41 
 0.86864  0.57845  0.17891 B   42 
 0.92184  0.37444  0.19455 A   42 
 1.05397  0.67985 -0.11894 B   43 
 1.01617  0.90929 -0.04262 T   43 
 1.01422  0.66503 -0.49115 B   44 
 1.13170  0.38532 -0.34308 N   44 
 1.15049  0.72225 -0.78287 B   45 
 1.16421  1.21816 -0.88745 R   45 
 1.03540  0.75443 -1.10798 B   46 
 0.78283  0.57479 -0.96215 N   46 
 1.09537  0.75831 -1.43982 B   47 
 1.21070  0.54830 -1.53654 T   47 
 0.82592  0.95084 -1.48550 B   48 
 0.61874  0.80709 -1.40333 D   48 
 0.86492  1.15019 -1.20951 B   49 
 0.73531  1.01919 -1.00904 B   50 
 0.53891  0.88712 -1.07528 S   50 
 0.61278  0.90261 -0.67281 B   51 
 0.82765  1.04640 -0.58754 T   51 
 0.64409  0.68553 -0.40986 B   52 
 0.57523  0.42958 -0.62819 D   52 
 0.42796  0.63816 -0.11368 B   53 
 0.54640  1.08394 -0.24781 Y   53 
 0.47728  0.46532  0.15393 B   54 
 0.37337  0.14555  0.26064 B   55 
 0.29217  0.09559  0.51527 I   55 
 0.22521  0.12992 -0.05814 B   56 
-0.00339 -0.04700  0.08241 L   56 
 0.34171  0.29504 -0.28525 B   57 
 0.68089  0.27953 -0.22064 Q   57 
 0.19206  0.55596 -0.36728 B   58 
-0.08355  0.50913 -0.23343 I   58 
 0.13034  0.72843 -0.65843 B   59 
 0.26511  0.67787 -0.92693 N   59 
 0.16066  1.06765 -0.79612 B   60 
 0.37620  1.13337 -0.75424 S   60 
 0.00694  1.04037 -1.08208 B   61 
 0.28412  1.04415 -1.41035 R   61 
-0.28658  0.94080 -0.93439 B   62 
-0.25399  0.71278 -1.32784 W   62 
-0.32463  0.97179 -0.59420 B   63 
-0.42707  0.57220 -0.74199 W   63 
-0.11316  1.20977 -0.52665 B   64 
 0.02675  1.08793 -0.34432 X   64 
 0.02712  1.52198 -0.41120 B   65 
-0.03370  1.77939 -0.54635 N   65 
 0.37747  1.67285 -0.46656 B   66 
 0.48302  1.45956 -0.59319 D   66 
 0.42788  1.92126 -0.68124 B   67 
 0.62050  1.72211 -0.91536 B   68 
 0.96951  1.52821 -0.66015 R   68 
 0.37369  1.59050 -1.11178 B   69 
 0.41911  1.36576 -0.99926 T   69 
 0.29874  1.59709 -1.41151 B   70 
 0.49743  1.66123 -1.45818 P   70 
-0.01987  1.50069 -1.47864 B   71 
-0.16533  1.47154 -1.21900 B   72 
-0.01215  1.51397 -1.04235 S   72 
-0.46052  1.35303 -1.00796 B   73 
-0.66597  1.27328 -1.28921 R   73 
-0.54252  1.29648 -0.70588 B   74 
-0.46219  1.46363 -0.49716 N   74 
-0.76912  1.06607 -0.62488 B   75 
-0.77077  0.93727 -0.92182 L   75 
-0.72687  1.07959 -0.29526 B   76 
-0.61153  0.79121 -0.30085 X   76 
-0.70564  1.36532 -0.20662 B   77 
-0.89452  1.56000 -0.23602 N   77 
-0.37456  1.40086 -0.13563 B   78 
-0.44085  1.22413  0.09033 I   78 
-0.09954  1.44950  0.01462 B   79 
-0.16256  1.61519  0.12533 P   79 
 0.16760  1.24945 -0.00695 B   80 
 0.20792  1.23775 -0.32001 X   80 
 0.26162  1.29939  0.29231 B   81 
 0.27832  1.53848  0.29701 S   81 
 0.02214  1.14894  0.42827 B   82 
-0.14741  1.26537  0.38340 A   82 
 0.15902  0.86543  0.33501 B   83 
-0.01358  0.83009  0.05917 L   83 
 0.39359  0.90692  0.58536 B   84 
 0.57531  0.99643  0.32610 L   84 
 0.25093  0.85787  0.82276 B   85 
 0.07784  1.01225  0.93837 S   85 
 0.18939  0.67536  1.11387 B   86 
 0.27838  0.79831  1.29913 S   86 
-0.09329  0.71476  1.00253 B   87 
-0.34553  0.79894  1.12396 D   87 
-0.25415  0.48350  0.77747 B   88 
-0.15460  0.24275  0.83924 I   88 
-0.53064  0.59082  0.68728 B   89 
-0.65971  0.67615  0.90300 T   89 
-0.46006  0.71868  0.41265 B   90 
-0.36574  0.90914  0.45816 A   90 
-0.34050  0.46642  0.27396 B   91 
-0.07483  0.49498  0.33657 S   91 
-0.58622  0.28623  0.30445 B   92 
-0.59504  0.16549  0.53697 V   92 
-0.79778  0.45425  0.15892 B   93 
-0.93518  0.60547  0.42620 N   93 
-0.63105  0.45795 -0.10125 B   94 
-0.44902  0.65599 -0.19523 X   94 
-0.59687  0.15385 -0.14374 B   95 
-0.45030  0.08972  0.00031 A   95 
-0.89772  0.09111 -0.17481 B   96 
-1.04550  0.06813  0.26625 K   96 
-0.91171  0.24500 -0.44544 B   97 
-1.00521  0.61289 -0.38029 K   97 
-0.69487  0.09238 -0.60354 B   98 
-0.42344  0.22374 -0.53107 I   98 
-0.81354 -0.20495 -0.58158 B   99 
-0.78954 -0.32230 -0.38292 V   99 
-1.09383 -0.09054 -0.72434 B   100 
-1.19624 -0.06183 -0.48451 S   100 
-0.98703 -0.01193 -1.02687 B   101 
-0.81681  0.19585 -1.09933 D   101 
-0.94607 -0.34380 -1.17051 B   102 
-0.64342 -0.48937 -1.10375 B   103 
-0.55823 -0.34938 -1.38378 N   103 
-0.61922 -0.48520 -0.82729 B   104 
-0.31270 -0.58327 -0.68083 B   105 
-0.34928 -0.68883 -0.30491 M   105 
-0.15085 -0.53367 -0.95422 B   106 
-0.27423 -0.81288 -1.08143 N   106 
-0.07655 -0.23699 -0.88243 B   107 
-0.26348 -0.14728 -0.85509 A   107 
 0.13800 -0.40203 -0.71749 B   108 
-0.11124 -0.16664 -0.40015 W   108 
 0.43503 -0.50590 -0.82280 B   109 
 0.53576 -0.34872 -0.99803 V   109 
 0.53190 -0.65774 -0.56681 B   110 
 0.62607 -0.50941 -0.44387 A   110 
 0.28713 -0.83685 -0.53940 B   111 
-0.09142 -0.91750 -0.49696 W   111 
 0.29272 -0.97341 -0.81771 B   112 
 0.29481 -0.78994 -1.19805 R   112 
 0.61313 -1.06375 -0.80113 B   113 
 0.68598 -0.87341 -1.05364 N   113 
 0.59504 -1.16510 -0.46043 B   114 
 1.01637 -0.90561 -0.37371 R   114 
 0.27937 -1.25630 -0.37598 B   115 
 0.33069 -1.00040 -0.19303 X   115 
 0.14825 -1.37880 -0.59976 B   116 
-0.10709 -1.23931 -0.93654 K   116 
 0.07832 -1.72331 -0.54795 B   117 
 0.13827 -1.72312 -0.25573 B   118 
 0.35891 -1.58641 -0.26034 T   118 
 0.17379 -1.77029  0.09548 B   119 
 0.11227 -1.99533  0.26213 D   119 
 0.02738 -1.50384  0.25045 B   120 
-0.06599 -1.39790  0.04424 V   120 
-0.04214 -1.61651  0.53426 B   121 
-0.33948 -1.89327  0.44189 Q   121 
 0.25135 -1.59706  0.64606 B   122 
 0.36013 -1.72726  0.52705 A   122 
 0.21913 -1.27957  0.71609 B   123 
 0.49490 -1.18430  0.40242 W   123 
 0.01723 -1.36522  0.98364 B   124 
-0.20629 -1.28195  0.85965 I   124 
 0.17474 -1.52761  1.15116 B   125 
 0.14703 -1.92385  0.81859 R   125 
 0.14373 -1.49928  1.50308 B   126 
-0.10010 -1.32127  1.48971 B   127 
 0.06955 -1.12483  1.29732 X   127 
-0.33839 -1.12594  1.68478 B   128 
-0.57761 -1.33812  1.93422 R   128 
-0.67993 -1.17160  1.53212 B   129 
-0.53149 -1.07075  1.34427 L   129 
