246 
-0.91404 -0.52464 -0.82231 B   1 
-0.85664 -0.93308 -0.74406 K   1 
-1.13497 -0.63232 -0.56159 B   2 
-1.29615 -0.42992 -0.54663 V   2 
-1.06695 -0.71106 -0.25770 B   3 
-0.67187 -0.84398 -0.37672 F   3 
-1.08218 -0.89329  0.00032 B   4 
-0.98747 -0.90104  0.30647 B   5 
-1.16336 -0.84840  0.70129 R   5 
-0.89392 -1.20429  0.34071 B   6 
-1.08497 -1.29230  0.57336 X   6 
-0.76015 -1.20535  0.06015 B   7 
-0.93572 -1.20584 -0.28853 E   7 
-0.54493 -0.98846  0.10884 B   8 
-0.55463 -0.69107  0.03422 L   8 
-0.41245 -1.10532  0.35831 B   9 
-0.55321 -1.07760  0.52133 A   9 
-0.31341 -1.35988  0.22092 B   10 
-0.48982 -1.48599  0.19260 A   10 
-0.13805 -1.22242  0.00529 B   11 
-0.27267 -1.16547 -0.15468 A   11 
 0.03384 -1.05016  0.19696 B   12 
-0.17896 -0.67874  0.23382 M   12 
 0.14812 -1.29031  0.34434 B   13 
 0.00191 -1.52750  0.67687 K   13 
 0.27689 -1.45030  0.11871 B   14 
 0.11226 -1.54387 -0.29449 R   14 
 0.45353 -1.17979  0.05227 B   15 
 0.26982 -1.14586 -0.28934 H   15 
 0.56237 -1.09881  0.36384 B   16 
 0.40663 -0.85977  0.54359 B   17 
 0.32592 -0.66972  0.29336 L   17 
 0.40143 -1.00137  0.79751 B   18 
 0.19220 -1.14552  0.97012 D   18 
 0.60008 -0.82044  1.00621 B   19 
 0.46914 -1.04082  1.20093 N   19 
 0.70436 -0.61126  0.83523 B   20 
 0.93101 -0.59886  0.45616 Y   20 
 0.90149 -0.41174  1.00274 B   21 
 1.27067 -0.32707  0.71622 R   21 
 0.67732 -0.47609  1.25076 B   22 
 0.40689 -0.50929  1.07532 B   23 
 0.50475 -0.04924  1.06638 Y   23 
 0.12722 -0.62325  1.10650 B   24 
 0.02307 -0.64417  1.31534 S   24 
-0.10688 -0.73089  0.89427 B   25 
-0.14070 -1.00644  0.74768 L   25 
-0.33705 -0.53434  0.99007 B   26 
-0.20036 -0.27509  0.89119 B   27 
-0.02352 -0.21606  1.17252 N   27 
-0.20153 -0.33482  0.58901 B   28 
 0.24196 -0.37245  0.55855 W   28 
-0.50509 -0.37665  0.56052 B   29 
-0.57660 -0.62373  0.59824 V   29 
-0.58777 -0.10529  0.67460 B   30 
-0.62403 -0.00832  0.93201 X   30 
-0.44628  0.06832  0.46462 B   31 
-0.23402  0.06583  0.51742 A   31 
-0.58010 -0.04293  0.20880 B   32 
-0.48717 -0.23254  0.16722 A   32 
-0.86534  0.03344  0.29142 B   33 
-1.16970 -0.05311  0.41901 K   33 
-0.80403  0.36316  0.32249 B   34 
-0.96335  0.31315  0.69817 F   34 
-0.65929  0.40400  0.03994 B   35 
-0.34960  0.49884  0.17771 E   35 
-0.84773  0.18785 -0.17071 B   36 
-0.67218  0.06668 -0.23096 S   36 
-1.05679 -0.02590 -0.08072 B   37 
-1.32111  0.06696 -0.01921 N   37 
-0.91439 -0.27995 -0.22631 B   38 
-0.98187 -0.40206  0.16268 F   38 
-0.82646 -0.11932 -0.50185 B   39 
-1.04358 -0.04787 -0.69711 N   39 
-0.59684 -0.15950 -0.75853 B   40 
-0.58454 -0.40715 -0.78425 T   40 
-0.72486  0.08893 -0.95055 B   41 
-0.89847 -0.13110 -1.23486 Q   41 
-0.65562  0.31338 -0.77012 B   42 
-0.76766  0.29776 -0.59152 A   42 
-0.66533  0.67323 -0.83144 B   43 
-0.59660  0.61819 -1.05978 T   43 
-0.48393  0.98084 -0.71825 B   44 
-0.72757  0.86829 -0.51347 N   44 
-0.46658  1.30722 -0.72914 B   45 
-0.29101  1.46913 -1.17637 R   45 
-0.22538  1.54499 -0.65655 B   46 
-0.11852  1.27823 -0.47014 N   46 
-0.14124  1.86501 -0.59142 B   47 
-0.26312  1.97590 -0.39241 T   47 
 0.16684  1.80683 -0.70744 B   48 
 0.27077  1.62144 -0.54879 D   48 
 0.07913  1.60724 -0.97183 B   49 
 0.07154  1.35477 -0.87010 B   50 
 0.22989  1.30645 -0.68846 S   50 
 0.00685  0.98787 -0.81666 B   51 
-0.17180  1.02938 -1.01786 T   51 
-0.19059  0.74286 -0.68163 B   52 
-0.11701  0.87080 -0.37157 D   52 
-0.13776  0.37735 -0.66480 B   53 
-0.05549  0.60666 -1.07879 Y   53 
-0.33976  0.14213 -0.57652 B   54 
-0.38663 -0.04026 -0.27824 B   55 
-0.43446 -0.30791 -0.27648 I   55 
-0.13335  0.17070 -0.15511 B   56 
-0.04430 -0.08013  0.02509 L   56 
-0.09361  0.44500 -0.27999 B   57 
-0.41802  0.54105 -0.35066 Q   57 
 0.14552  0.48232 -0.47652 B   58 
 0.31600  0.23260 -0.40832 I   58 
 0.36772  0.73254 -0.55614 B   59 
 0.34545  1.02398 -0.47024 N   59 
 0.49658  0.91109 -0.85019 B   60 
 0.31217  0.98109 -0.96693 S   60 
 0.73793  1.08912 -0.72290 B   61 
 0.63255  1.50519 -0.70311 R   61 
 0.90287  0.81228 -0.60443 B   62 
 0.96798  1.14430 -0.29884 W   62 
 0.80656  0.49940 -0.70915 B   63 
 0.83855  0.53149 -0.27331 W   63 
 0.66559  0.56703 -0.99457 B   64 
 0.43474  0.45480 -0.95238 X   64 
 0.58845  0.56949 -1.34746 B   65 
 0.77126  0.69368 -1.54590 N   65 
 0.35177  0.79757 -1.54878 B   66 
 0.24955  0.92992 -1.33734 D   66 
 0.46801  1.04143 -1.74207 B   67 
 0.33825  1.30998 -1.53562 B   68 
-0.12429  1.21985 -1.48583 R   68 
 0.59329  1.35329 -1.31225 B   69 
 0.44255  1.24618 -1.13607 T   69 
 0.78196  1.58377 -1.22985 B   70 
 0.64768  1.72382 -1.31998 P   70 
 1.05688  1.48499 -1.05673 B   71 
 1.06871  1.18625 -1.06273 B   72 
 0.87670  1.10614 -1.17754 S   72 
 1.20381  0.85045 -0.94144 B   73 
 1.47270  0.99399 -0.75497 R   73 
 1.13546  0.53982 -0.94487 B   74 
 1.02991  0.41420 -1.17077 N   74 
 1.23134  0.33548 -0.69982 B   75 
 1.31586  0.57962 -0.50484 L   75 
 1.06472  0.06634 -0.80187 B   76 
 0.88288  0.08698 -0.55087 X   76 
 1.09380  0.03463 -1.09868 B   77 
 1.32615 -0.00079 -1.23725 N   77 
 0.78873  0.12791 -1.21764 B   78 
 0.70261 -0.12394 -1.09178 I   78 
 0.50380  0.12749 -1.35688 B   79 
 0.56175  0.02248 -1.52803 P   79 
 0.22286  0.24284 -1.21681 B   80 
 0.31182  0.53535 -1.13747 X   80 
 0.03440  0.02874 -1.35657 B   81 
 0.08790  0.06288 -1.58774 S   81 
 0.14247 -0.21961 -1.19810 B   82 
 0.34150 -0.24263 -1.26270 A   82 
-0.02095 -0.11135 -0.93469 B   83 
 0.23027  0.04812 -0.79837 L   83 
-0.31366 -0.21928 -1.08332 B   84 
-0.33941  0.10343 -1.14206 L   84 
-0.30102 -0.49972 -1.06561 B   85 
-0.15308 -0.66075 -1.20466 S   85 
-0.41943 -0.80749 -0.95117 B   86 
-0.53586 -0.91417 -1.13123 S   86 
-0.11796 -0.83353 -0.90331 B   87 
 0.07563 -1.04484 -0.96103 D   87 
 0.04521 -0.73852 -0.59613 B   88 
-0.13643 -0.77829 -0.40348 I   88 
 0.35257 -0.77165 -0.61908 B   89 
 0.40154 -1.00956 -0.72619 T   89 
 0.44050 -0.48126 -0.68760 B   90 
 0.39601 -0.45382 -0.89858 A   90 
 0.31967 -0.33689 -0.43915 B   91 
 0.07259 -0.26702 -0.53602 S   91 
 0.46732 -0.49906 -0.22543 B   92 
 0.34514 -0.72326 -0.16604 V   92 
 0.75872 -0.44604 -0.30570 B   93 
 0.81319 -0.72470 -0.48616 N   93 
 0.72125 -0.14038 -0.27981 B   94 
 0.65975  0.05088 -0.48187 X   94 
 0.62006 -0.12634  0.01177 B   95 
 0.41589 -0.19444  0.00727 A   95 
 0.87479 -0.24444  0.14053 B   96 
 0.81669 -0.70316  0.08482 K   96 
 1.04190  0.00714  0.06371 B   97 
 1.20385 -0.04575 -0.28169 K   97 
 0.87387  0.22579  0.20252 B   98 
 0.64783  0.30280  0.00463 I   98 
 0.88078  0.11414  0.50327 B   99 
 0.74494 -0.06482  0.56101 V   99 
 1.21488  0.12646  0.48724 B   100 
 1.21442 -0.12775  0.42241 S   100 
 1.26839  0.45165  0.46478 B   101 
 1.21122  0.61982  0.25065 D   101 
 1.19436  0.55426  0.80601 B   102 
 0.86269  0.61505  0.86556 B   103 
 0.94370  0.91842  0.78387 N   103 
 0.73056  0.38327  0.78907 B   104 
 0.37703  0.38176  0.78334 B   105 
 0.22502  0.02059  0.79900 M   105 
 0.36257  0.70272  0.76996 B   106 
 0.43950  0.72255  1.09098 N   106 
 0.35576  0.71148  0.45600 B   107 
 0.53268  0.61354  0.40264 A   107 
 0.05476  0.64312  0.52808 B   108 
 0.21028  0.28010  0.27856 W   108 
-0.18991  0.85816  0.59134 B   109 
-0.15993  1.07858  0.46454 V   109 
-0.42220  0.65759  0.65280 B   110 
-0.51035  0.61138  0.46285 A   110 
-0.27380  0.49871  0.86605 B   111 
 0.01306  0.27811  1.00976 W   111 
-0.20540  0.72876  1.06236 B   112 
 0.00104  1.08805  0.98101 R   112 
-0.51590  0.84892  1.07819 B   113 
-0.42068  1.12888  0.94457 N   113 
-0.66836  0.52773  1.09467 B   114 
-0.99252  0.67709  0.74113 R   114 
-0.45610  0.29753  1.22522 B   115 
-0.50011  0.19271  0.92745 X   115 
-0.28742  0.41893  1.42291 B   116 
 0.11129  0.61668  1.42541 K   116 
-0.34861  0.29723  1.75108 B   117 
-0.51926  0.06738  1.66718 B   118 
-0.66842  0.18974  1.49349 T   118 
-0.70657 -0.23163  1.61875 B   119 
-0.78683 -0.43527  1.80391 D   119 
-0.56497 -0.40075  1.35839 B   120 
-0.36935 -0.24829  1.32754 V   120 
-0.65311 -0.69680  1.41005 B   121 
-0.43904 -0.78676  1.75591 Q   121 
-0.94693 -0.65868  1.30408 B   122 
-1.03076 -0.52092  1.43426 A   122 
-0.85473 -0.69435  0.99269 B   123 
-0.93809 -0.28005  0.92250 W   123 
-0.81376 -1.03307  1.04988 B   124 
-0.54553 -1.01532  1.04712 I   124 
-1.06566 -1.12942  1.13052 B   125 
-1.02226 -0.90010  1.59302 R   125 
-1.17362 -1.44975  1.02401 B   126 
-0.90510 -1.52653  0.90859 B   127 
-0.91633 -1.25450  0.73465 X   127 
-0.72105 -1.78204  0.72467 B   128 
-0.67738 -2.13809  0.91386 R   128 
-0.37668 -1.80949  0.87532 B   129 
-0.39933 -1.56341  0.79521 L   129 
