246 
 0.37688 -1.27617  0.12757 B   1 
 0.62760 -1.24499  0.46284 K   1 
 0.18980 -1.33597  0.42724 B   2 
-0.02983 -1.43316  0.32986 V   2 
 0.09878 -1.12796  0.65446 B   3 
 0.44629 -0.88180  0.57348 F   3 
 0.06189 -1.02865  0.95244 B   4 
-0.06410 -0.78705  1.12131 B   5 
-0.41214 -0.71463  1.37276 R   5 
 0.16052 -0.73427  1.34185 B   6 
-0.00877 -0.78140  1.60165 X   6 
 0.38822 -0.77322  1.13390 B   7 
 0.50503 -1.10607  0.96666 E   7 
 0.32197 -0.53693  0.94546 B   8 
 0.16516 -0.54236  0.68185 L   8 
 0.31868 -0.30986  1.15007 B   9 
 0.13803 -0.33582  1.26776 A   9 
 0.61321 -0.33739  1.22738 B   10 
 0.62690 -0.51747  1.35071 A   10 
 0.73258 -0.28713  0.94565 B   11 
 0.72245 -0.47667  0.84111 A   11 
 0.59199 -0.01678  0.88996 B   12 
 0.22372 -0.12103  0.69475 M   12 
 0.71984  0.12285  1.12790 B   13 
 0.61248  0.14513  1.54764 K   13 
 1.01771  0.08638  1.07282 B   14 
 1.23822 -0.28522  0.93183 R   14 
 0.96411  0.23660  0.78412 B   15 
 1.05029 -0.09431  0.59793 H   15 
 0.78358  0.50556  0.88681 B   16 
 0.44726  0.50634  0.86234 B   17 
 0.42803  0.33244  0.58914 L   17 
 0.39092  0.61764  1.12500 B   18 
 0.28439  0.51520  1.39426 D   18 
 0.24775  0.92062  1.06619 B   19 
 0.21642  0.88428  1.38450 N   19 
 0.25979  0.94587  0.77794 B   20 
 0.58060  0.93345  0.47440 Y   20 
 0.12749  1.22821  0.68041 B   21 
 0.41643  1.39433  0.34206 R   21 
-0.08226  1.16512  0.94104 B   22 
-0.09008  0.84134  0.93021 B   23 
-0.33953  0.98389  0.55771 Y   23 
-0.16882  0.60888  1.10893 B   24 
-0.32627  0.63096  1.28103 S   24 
-0.08890  0.28499  1.12082 B   25 
 0.16036  0.13893  1.24367 L   25 
-0.38485  0.17280  1.09608 B   26 
-0.43167  0.27079  0.80646 B   27 
-0.54735  0.57703  0.88853 N   27 
-0.21833  0.09953  0.66489 B   28 
 0.03888  0.44704  0.55487 W   28 
-0.32149 -0.17441  0.75986 B   29 
-0.21574 -0.24914  0.98528 V   29 
-0.60566 -0.14333  0.65136 B   30 
-0.83570 -0.02186  0.74783 X   30 
-0.52969 -0.11308  0.35545 B   31 
-0.45573  0.09154  0.33280 A   31 
-0.37362 -0.37732  0.31622 B   32 
-0.18007 -0.34936  0.40607 A   32 
-0.60974 -0.55963  0.38716 B   33 
-0.77415 -0.75711  0.61160 K   33 
-0.81446 -0.44474  0.14564 B   34 
-1.07599 -0.38347  0.45687 F   34 
-0.60779 -0.46963 -0.09751 B   35 
-0.59964 -0.12450 -0.16608 E   35 
-0.43543 -0.77020 -0.01656 B   36 
-0.23598 -0.67366 -0.01109 S   36 
-0.44842 -0.92668  0.25332 B   37 
-0.67303 -1.10050  0.29343 N   37 
-0.12847 -0.92244  0.31355 B   38 
-0.30587 -0.78790  0.66170 F   38 
-0.03204 -0.97371  0.00125 B   39 
-0.07127 -1.24873 -0.11361 N   39 
 0.25400 -0.92567 -0.18876 B   40 
 0.43741 -0.96467 -0.02451 T   40 
 0.13986 -1.09946 -0.45664 B   41 
 0.36454 -1.42765 -0.42217 Q   41 
-0.07825 -0.91311 -0.53033 B   42 
-0.22552 -0.91302 -0.37866 A   42 
-0.28376 -0.90248 -0.83199 B   43 
-0.08232 -0.97535 -0.95034 T   43 
-0.46324 -0.64684 -1.03881 B   44 
-0.62579 -0.75618 -0.76388 N   44 
-0.66281 -0.59148 -1.29189 B   45 
-0.42550 -0.66151 -1.73442 R   45 
-0.74399 -0.31779 -1.48806 B   46 
-0.62484 -0.16726 -1.20439 N   46 
-0.95097 -0.16707 -1.70755 B   47 
-1.19788 -0.14614 -1.63436 T   47 
-0.69642  0.01898 -1.81867 B   48 
-0.61606  0.16387 -1.61157 D   48 
-0.45505 -0.22412 -1.81015 B   49 
-0.35179 -0.21214 -1.55847 B   50 
-0.34833  0.00998 -1.45334 S   50 
-0.17315 -0.28993 -1.23646 B   51 
-0.17066 -0.54040 -1.34314 T   51 
-0.18602 -0.41711 -0.91880 B   52 
-0.41361 -0.17159 -0.84234 D   52 
 0.06981 -0.41646 -0.65193 B   53 
 0.19845 -0.53671 -1.09885 Y   53 
 0.07533 -0.57106 -0.36910 B   54 
-0.00008 -0.47655 -0.03771 B   55 
 0.15145 -0.55375  0.17444 I   55 
-0.08701 -0.16959 -0.18614 B   56 
 0.01663 -0.03493  0.08670 L   56 
-0.17566 -0.16407 -0.47687 B   57 
-0.35506 -0.45821 -0.50439 Q   57 
 0.02933 -0.06483 -0.68979 B   58 
 0.23646  0.07784 -0.50864 I   58 
 0.01875  0.11336 -0.98383 B   59 
-0.23304  0.18253 -1.14078 N   59 
 0.13395  0.08883 -1.33179 B   60 
 0.06612 -0.11715 -1.40600 S   60 
 0.06044  0.38337 -1.45006 B   61 
-0.27522  0.36581 -1.71770 R   61 
 0.25363  0.54445 -1.21637 B   62 
-0.10945  0.80974 -1.29153 W   62 
 0.47292  0.36342 -1.02329 B   63 
 0.21540  0.62791 -0.78719 W   63 
 0.52519  0.10298 -1.21131 B   64 
 0.46263 -0.08269 -1.04020 X   64 
 0.69020 -0.14975 -1.40977 B   65 
 0.81196 -0.08599 -1.67307 N   65 
 0.54215 -0.42188 -1.63911 B   66 
 0.28350 -0.37486 -1.57944 D   66 
 0.55011 -0.39364 -1.96998 B   67 
 0.19158 -0.35272 -2.00685 B   68 
-0.00217 -0.72403 -1.78520 R   68 
 0.15760 -0.01464 -1.96986 B   69 
 0.05304 -0.06118 -1.74153 T   69 
 0.05008  0.21952 -2.14047 B   70 
-0.05483  0.07955 -2.26364 P   70 
 0.14807  0.52690 -2.03453 B   71 
 0.35340  0.49077 -1.82016 B   72 
 0.37932  0.25800 -1.77997 S   72 
 0.56922  0.62007 -1.53305 B   73 
 0.49748  0.96427 -1.59673 R   73 
 0.74201  0.51685 -1.28676 B   74 
 0.90393  0.29009 -1.30451 N   74 
 0.78097  0.69857 -1.01025 B   75 
 0.54893  0.90825 -1.09366 L   75 
 0.93592  0.46670 -0.82902 B   76 
 0.68915  0.45261 -0.64086 X   76 
 1.14241  0.32751 -0.99617 B   77 
 1.35835  0.44170 -1.11769 N   77 
 1.00211  0.02323 -1.05657 B   78 
 1.05296 -0.01716 -0.76940 I   78 
 0.94481 -0.28855 -1.06549 B   79 
 1.14077 -0.34695 -1.10871 P   79 
 0.65197 -0.43095 -0.98918 B   80 
 0.45717 -0.27255 -1.18084 X   80 
 0.78200 -0.69331 -0.86608 B   81 
 0.91914 -0.76760 -1.04812 S   81 
 0.90581 -0.55408 -0.61358 B   82 
 1.05471 -0.42625 -0.68978 A   82 
 0.60327 -0.53365 -0.48762 B   83 
 0.54151 -0.22871 -0.58923 L   83 
 0.61822 -0.87233 -0.42061 B   84 
 0.42783 -0.87899 -0.68887 L   84 
 0.79821 -0.89248 -0.20540 B   85 
 1.05601 -0.86680 -0.21153 S   85 
 0.87674 -0.97388  0.12483 B   86 
 0.99445 -1.18245  0.12420 S   86 
 1.01225 -0.70102  0.09261 B   87 
 1.27815 -0.60101  0.16155 D   87 
 0.85137 -0.38717  0.16762 B   88 
 0.67810 -0.44097  0.36452 I   88 
 1.03532 -0.14832  0.09546 B   89 
 1.27716 -0.19895  0.19253 T   89 
 0.92689 -0.07021 -0.18542 B   90 
 1.00928 -0.21624 -0.32374 A   90 
 0.62994 -0.01715 -0.10685 B   91 
 0.52034 -0.26469 -0.15190 S   91 
 0.68441  0.19693  0.10522 B   92 
 0.73806  0.09490  0.34067 V   92 
 0.83720  0.40415 -0.06175 B   93 
 1.15086  0.31300  0.01884 N   93 
 0.60340  0.43058 -0.26211 B   94 
 0.56484  0.29862 -0.51169 X   94 
 0.37661  0.50440 -0.06573 B   95 
 0.32498  0.32227  0.03677 A   95 
 0.50314  0.76847  0.03262 B   96 
 0.80835  0.62459  0.35363 K   96 
 0.46335  0.90250 -0.24590 B   97 
 0.77622  0.84488 -0.46298 K   97 
 0.15815  0.86821 -0.27720 B   98 
 0.11245  0.58515 -0.39541 I   98 
 0.06093  1.01894 -0.01113 B   99 
 0.07923  0.91114  0.19346 V   99 
 0.22400  1.29026 -0.11987 B   100 
 0.42816  1.21878  0.02859 S   100 
 0.04943  1.36935 -0.38891 B   101 
 0.03510  1.23124 -0.62999 D   101 
-0.25107  1.50505 -0.23484 B   102 
-0.48612  1.26952 -0.15410 B   103 
-0.59881  1.33667 -0.45085 N   103 
-0.35376  1.08539  0.00594 B   104 
-0.52076  0.78780  0.09849 B   105 
-0.36636  0.61791  0.41644 M   105 
-0.73075  0.81455 -0.14357 B   106 
-0.89207  1.05324  0.01881 N   106 
-0.55832  0.64210 -0.34161 B   107 
-0.37744  0.74680 -0.34946 A   107 
-0.70096  0.42031 -0.16573 B   108 
-0.24302  0.36425 -0.09235 W   108 
-0.99726  0.28128 -0.22032 B   109 
-1.05415  0.26993 -0.46970 V   109 
-1.01367  0.09206  0.02848 B   110 
-0.91625 -0.08960 -0.03062 A   110 
-0.96073  0.30699  0.23763 B   111 
-0.75998  0.59113  0.41247 W   111 
-1.19210  0.50195  0.16980 B   112 
-1.28092  0.68171 -0.20184 R   112 
-1.43060  0.26914  0.17397 B   113 
-1.49102  0.31698 -0.14125 N   113 
-1.30314  0.10504  0.46294 B   114 
-1.35389 -0.33265  0.22163 R   114 
-1.12461  0.31866  0.65682 B   115 
-0.90500  0.10764  0.56286 X   115 
-1.23686  0.58228  0.64336 B   116 
-1.17493  0.94385  0.39136 K   116 
-1.37632  0.68955  0.95207 B   117 
-1.25961  0.46967  1.11645 B   118 
-1.31181  0.27005  0.95891 T   118 
-1.12607  0.24499  1.35837 B   119 
-1.13830  0.24812  1.64479 D   119 
-0.79592  0.19931  1.28523 B   120 
-0.78339  0.36748  1.10077 V   120 
-0.67413  0.11120  1.55996 B   121 
-0.71127  0.46164  1.78212 Q   121 
-0.78027 -0.18467  1.54539 B   122 
-0.98659 -0.16506  1.54607 A   122 
-0.53217 -0.27968  1.35525 B   123 
-0.80399 -0.32731  1.02758 W   123 
-0.32300 -0.26347  1.63032 B   124 
-0.20308 -0.03910  1.54343 I   124 
-0.42842 -0.44381  1.81901 B   125 
-0.82530 -0.12731  1.92239 R   125 
-0.20886 -0.63655  2.01963 B   126 
 0.03838 -0.48578  1.93328 B   127 
-0.04510 -0.54927  1.62769 X   127 
 0.40164 -0.46759  1.95979 B   128 
 0.54718 -0.38096  2.32828 R   128 
 0.49944 -0.10420  1.98042 B   129 
 0.37321 -0.13069  1.75491 L   129 
