246 
 0.27022  1.11168  0.69142 B   1 
-0.09469  1.31474  0.64852 K   1 
 0.05294  1.03369  0.96543 B   2 
 0.21820  0.91818  1.12826 V   2 
-0.21228  0.85250  0.96879 B   3 
-0.29199  0.95504  0.55521 F   3 
-0.51338  0.78836  1.04117 B   4 
-0.73071  0.55367  1.02000 B   5 
-0.92103  0.26384  1.28340 R   5 
-0.99358  0.71249  0.93308 B   6 
-1.18230  0.63644  1.17177 X   6 
-0.83237  0.89278  0.73784 B   7 
-0.58206  1.17858  0.82766 E   7 
-0.73238  0.67458  0.54260 B   8 
-0.45991  0.53370  0.53852 L   8 
-1.00029  0.54645  0.47015 B   9 
-1.06455  0.43524  0.64525 A   9 
-1.11656  0.79681  0.33867 B   10 
-1.16728  0.93304  0.50206 A   10 
-0.89951  0.83061  0.11984 B   11 
-0.73402  0.93374  0.21436 A   11 
-0.91911  0.54591 -0.00066 B   12 
-0.63389  0.31199  0.21963 M   12 
-1.21081  0.57694 -0.08067 B   13 
-1.58233  0.51887  0.13568 K   13 
-1.20347  0.82343 -0.26034 B   14 
-0.98279  1.21575 -0.19733 R   14 
-0.98332  0.66045 -0.44409 B   15 
-0.71062  0.91980 -0.34427 H   15 
-1.13970  0.36050 -0.47660 B   16 
-1.05426  0.09995 -0.28033 B   17 
-0.73849  0.17074 -0.25748 L   17 
-1.32372  0.01005 -0.21815 B   18 
-1.51307  0.01812  0.02356 D   18 
-1.35168 -0.29765 -0.36060 B   19 
-1.62376 -0.26945 -0.19089 N   19 
-1.09949 -0.33084 -0.49904 B   20 
-0.87794 -0.10478 -0.80730 Y   20 
-1.08669 -0.62063 -0.64933 B   21 
-0.89137 -0.53567 -1.07382 R   21 
-1.26283 -0.71748 -0.37456 B   22 
-1.13530 -0.51869 -0.15269 B   23 
-0.79891 -0.83460 -0.24404 Y   23 
-1.20047 -0.41495  0.12510 B   24 
-1.33608 -0.53395  0.27460 S   24 
-1.11019 -0.14675  0.30215 B   25 
-1.21705  0.14841  0.29749 L   25 
-0.99159 -0.30458  0.55077 B   26 
-0.75314 -0.42924  0.39820 B   27 
-0.91625 -0.70506  0.29225 N   27 
-0.60245 -0.16980  0.32843 B   28 
-0.67499 -0.20356 -0.11046 W   28 
-0.57158 -0.06609  0.61652 B   29 
-0.77077  0.08310  0.69167 V   29 
-0.43001 -0.31362  0.72690 B   30 
-0.51847 -0.55834  0.82315 X   30 
-0.18464 -0.30167  0.54277 B   31 
-0.25127 -0.37709  0.34855 A   31 
-0.08337 -0.01767  0.61212 B   32 
-0.21200  0.12115  0.50966 A   32 
-0.03836 -0.07632  0.90970 B   33 
-0.14173 -0.05632  1.23423 K   33 
 0.17979 -0.32837  0.86151 B   34 
-0.07747 -0.53934  1.10302 F   34 
 0.37210 -0.17637  0.65568 B   35 
 0.30943 -0.39575  0.38767 E   35 
 0.37345  0.15420  0.78729 B   36 
 0.29626  0.24624  0.60102 S   36 
 0.18530  0.26839  1.00877 B   37 
 0.25329  0.21035  1.28132 N   37 
 0.06847  0.51648  0.83323 B   38 
-0.26468  0.32683  0.98758 F   38 
 0.35421  0.59442  0.68581 B   39 
 0.56528  0.72862  0.85257 N   39 
 0.45683  0.76578  0.40238 B   40 
 0.28611  0.94619  0.38128 T   40 
 0.78557  0.76422  0.48551 B   41 
 0.82949  1.14821  0.58556 Q   41 
 0.82717  0.47184  0.46293 B   42 
 0.71621  0.37276  0.61315 A   42 
 1.13785  0.27995  0.46275 B   43 
 1.23425  0.46986  0.34220 T   43 
 1.26902 -0.03904  0.31654 B   44 
 1.08751 -0.06901  0.59958 N   44 
 1.51812 -0.25037  0.30131 B   45 
 1.90313 -0.06443  0.02882 R   45 
 1.61456 -0.50450  0.08661 B   46 
 1.27877 -0.48288  0.02253 N   46 
 1.80013 -0.77905  0.02400 B   47 
 1.77221 -0.97494  0.19016 T   47 
 1.78704 -0.71233 -0.30331 B   48 
 1.53059 -0.72386 -0.36995 D   48 
 1.82101 -0.37200 -0.28193 B   49 
 1.56717 -0.27743 -0.25417 B   50 
 1.39071 -0.40634 -0.36665 S   50 
 1.26704 -0.06158 -0.18355 B   51 
 1.45396  0.08975 -0.05597 T   51 
 1.02468  0.03844  0.03668 B   52 
 0.90955 -0.28507  0.03872 D   52 
 0.73228  0.25857 -0.01548 B   53 
 1.15978  0.39272 -0.18865 Y   53 
 0.52813  0.38692  0.19846 B   54 
 0.20545  0.29937  0.31095 B   55 
 0.01066  0.48401  0.35444 I   55 
 0.24740  0.02405  0.09588 B   56 
-0.06986  0.04288  0.04789 L   56 
 0.52792 -0.07401  0.03176 B   57 
 0.69239 -0.02711  0.33211 Q   57 
 0.64837  0.00058 -0.24596 B   58 
 0.39256  0.08526 -0.39914 I   58 
 0.85525 -0.14768 -0.47735 B   59 
 1.02134 -0.39902 -0.43201 N   59 
 1.16048 -0.07561 -0.66864 B   60 
 1.31499 -0.00349 -0.51548 S   60 
 1.17678 -0.32998 -0.87155 B   61 
 1.49098 -0.60063 -0.75913 R   61 
 0.86897 -0.26289 -1.00802 B   62 
 0.91088 -0.71671 -0.99616 W   62 
 0.71608  0.03795 -0.94267 B   63 
 0.45385 -0.30598 -0.87221 W   63 
 0.97157  0.22635 -0.87093 B   64 
 0.89352  0.31204 -0.63806 X   64 
 1.21260  0.49532 -0.87779 B   65 
 1.40751  0.52404 -1.10006 N   65 
 1.54779  0.53379 -0.69139 B   66 
 1.52507  0.31108 -0.54121 D   66 
 1.83865  0.49168 -0.84618 B   67 
 1.92520  0.18744 -0.66862 B   68 
 1.89225  0.29519 -0.20835 R   68 
 1.77649 -0.05009 -0.86428 B   69 
 1.60413 -0.07978 -0.67815 T   69 
 1.86871 -0.29695 -1.02570 B   70 
 2.05129 -0.29968 -0.91422 P   70 
 1.64313 -0.40750 -1.25417 B   71 
 1.42143 -0.20752 -1.27090 B   72 
 1.46332 -0.03603 -1.11182 S   72 
 1.07192 -0.09799 -1.37845 B   73 
 1.02016 -0.37757 -1.59485 R   73 
 0.85123  0.12261 -1.31675 B   74 
 0.91832  0.38924 -1.26813 N   74 
 0.52591  0.06228 -1.35575 B   75 
 0.57065 -0.25650 -1.38957 L   75 
 0.41423  0.34501 -1.22083 B   76 
 0.29373  0.18201 -0.98544 X   76 
 0.57809  0.57648 -1.31841 B   77 
 0.60756  0.65833 -1.57700 N   77 
 0.76890  0.65679 -1.04810 B   78 
 0.51127  0.74772 -0.93836 I   78 
 0.89969  0.81021 -0.80330 B   79 
 0.92325  0.99360 -0.90074 P   79 
 0.93616  0.68321 -0.49607 B   80 
 1.09124  0.41566 -0.56043 X   80 
 0.89326  0.96090 -0.34796 B   81 
 1.06050  1.09659 -0.45321 S   81 
 0.58914  0.99042 -0.41947 B   82 
 0.58491  1.01635 -0.62834 A   82 
 0.52363  0.75703 -0.19799 B   83 
 0.51877  0.50657 -0.40865 L   83 
 0.58106  0.98987  0.05081 B   84 
 0.86455  0.82362  0.06636 L   84 
 0.35764  1.16035  0.03904 B   85 
 0.30548  1.34110 -0.13919 S   85 
 0.07015  1.30250  0.17682 B   86 
 0.12338  1.52524  0.24690 S   86 
-0.02381  1.23001 -0.10562 B   87 
-0.17280  1.37660 -0.31000 D   87 
-0.17468  0.91407 -0.19180 B   88 
-0.30276  0.83345  0.02907 I   88 
-0.22905  0.89668 -0.49650 B   89 
-0.34517  1.12314 -0.57203 T   89 
 0.02015  0.73822 -0.59419 B   90 
 0.18347  0.88154 -0.59954 A   90 
-0.01480  0.48404 -0.41716 B   91 
 0.13584  0.55323 -0.19843 S   91 
-0.29574  0.40914 -0.51324 B   92 
-0.48449  0.53665 -0.38349 V   92 
-0.24620  0.37929 -0.81460 B   93 
-0.34625  0.68504 -0.91304 N   93 
-0.02848  0.16493 -0.76824 B   94 
 0.25430  0.19640 -0.75287 X   94 
-0.19179 -0.03789 -0.60196 B   95 
-0.21043  0.04767 -0.40530 A   95 
-0.40027 -0.09972 -0.82134 B   96 
-0.69961  0.25506 -0.78364 K   96 
-0.18622 -0.24089 -0.99848 B   97 
-0.02602  0.01572 -1.23684 K   97 
-0.08783 -0.45593 -0.80003 B   98 
 0.13040 -0.32187 -0.62513 I   98 
-0.36685 -0.60192 -0.73838 B   99 
-0.51866 -0.50066 -0.59516 V   99 
-0.39548 -0.65930 -1.06688 B   100 
-0.54402 -0.44378 -1.08474 S   100 
-0.14501 -0.86801 -1.11998 B   101 
 0.12764 -0.81327 -1.11192 D   101 
-0.27796 -1.17052 -0.96746 B   102 
-0.22301 -1.19363 -0.63028 B   103 
 0.04542 -1.34985 -0.72414 N   103 
-0.32820 -0.96049 -0.52249 B   104 
-0.27459 -0.89091 -0.18000 B   105 
-0.53340 -0.63548 -0.03314 M   105 
-0.02334 -1.09103 -0.16492 B   106 
-0.22704 -1.35156 -0.16497 N   106 
 0.18710 -0.86736 -0.23106 B   107 
 0.12266 -0.79596 -0.41677 A   107 
 0.13274 -0.81965  0.07756 B   108 
-0.00048 -0.42626 -0.13628 W   108 
 0.28833 -0.96343  0.33295 B   109 
 0.53110 -1.02264  0.27719 V   109 
 0.13184 -0.83299  0.57058 B   110 
 0.23269 -0.64825  0.61164 A   110 
-0.14645 -0.90987  0.47371 B   111 
-0.44604 -0.92057  0.22523 W   111 
-0.11081 -1.21735  0.45569 B   112 
 0.18120 -1.43370  0.24063 R   112 
 0.01383 -1.25184  0.76290 B   113 
 0.29622 -1.35740  0.64286 N   113 
-0.21550 -1.02340  0.91090 B   114 
 0.17169 -0.80620  1.14602 R   114 
-0.50301 -1.00457  0.73180 B   115 
-0.38276 -0.71069  0.70415 X   115 
-0.56414 -1.25940  0.61518 B   116 
-0.47513 -1.46478  0.23050 K   116 
-0.85859 -1.40625  0.74931 B   117 
-0.95197 -1.16199  0.89286 B   118 
-0.72650 -1.08955  0.99919 T   118 
-1.11769 -0.89469  1.05997 B   119 
-1.37837 -0.87985  1.17839 D   119 
-1.09661 -0.61924  0.85965 B   120 
-0.99066 -0.73340  0.66418 V   120 
-1.33911 -0.44475  0.95357 B   121 
-1.66094 -0.67562  0.82448 Q   121 
-1.19966 -0.33941  1.21524 B   122 
-1.16845 -0.50997  1.32875 A   122 
-1.03846 -0.10622  1.05283 B   123 
-0.67061 -0.31430  1.12292 W   123 
-1.33515  0.06899  1.02191 B   124 
-1.35878  0.01037  0.76062 I   124 
-1.42310  0.12006  1.28440 B   125 
-1.55642 -0.37590  1.35247 R   125 
-1.57872  0.42923  1.36057 B   126 
-1.60043  0.51504  1.07163 B   127 
-1.28255  0.46344  1.04567 X   127 
-1.69960  0.78438  0.84666 B   128 
-2.09498  0.87460  0.84354 R   128 
-1.86725  0.63028  0.54634 B   129 
-1.62780  0.52972  0.55293 L   129 
