246 
 0.54245  0.86076  0.86703 B   1 
 0.21664  1.11853  0.92739 K   1 
 0.34895  0.75097  1.14788 B   2 
 0.50939  0.57699  1.25349 V   2 
 0.05823  0.61447  1.15300 B   3 
-0.05073  0.82431  0.78967 F   3 
-0.23870  0.57877  1.25584 B   4 
-0.49499  0.38996  1.21812 B   5 
-0.70080  0.07557  1.43812 R   5 
-0.73414  0.60122  1.21040 B   6 
-0.90359  0.49772  1.45319 X   6 
-0.56801  0.79821  1.03660 B   7 
-0.26231  1.01472  1.14648 E   7 
-0.53203  0.62162  0.78510 B   8 
-0.29115  0.44819  0.70761 L   8 
-0.82503  0.55474  0.72925 B   9 
-0.88663  0.41495  0.88359 A   9 
-0.91007  0.84351  0.67570 B   10 
-0.91617  0.94205  0.87084 A   10 
-0.71804  0.89759  0.43834 B   11 
-0.52691  0.94988  0.52603 A   11 
-0.80177  0.65633  0.26301 B   12 
-0.53819  0.33756  0.37921 M   12 
-1.09082  0.74744  0.23846 B   13 
-1.43836  0.69291  0.49233 K   13 
-1.06149  1.02634  0.11828 B   14 
-0.76913  1.35582  0.23032 R   14 
-0.89700  0.88266 -0.12888 B   15 
-0.57290  1.06816 -0.01868 H   15 
-1.10661  0.62520 -0.20139 B   16 
-1.04579  0.31544 -0.08284 B   17 
-0.72204  0.33239 -0.09482 L   17 
-1.31755  0.25293 -0.00042 B   18 
-1.47242  0.22951  0.26381 D   18 
-1.41612 -0.00389 -0.20063 B   19 
-1.65682  0.02132  0.01164 N   19 
-1.19202 -0.03858 -0.38074 B   20 
-0.97229  0.22096 -0.66281 Y   20 
-1.24853 -0.28218 -0.59096 B   21 
-1.09315 -0.12617 -1.01176 R   21 
-1.40508 -0.41618 -0.31996 B   22 
-1.21900 -0.29740 -0.08273 B   23 
-0.95694 -0.62690 -0.29263 Y   23 
-1.23135 -0.25562  0.21773 B   24 
-1.36708 -0.38642  0.35690 S   24 
-1.07475 -0.05403  0.43284 B   25 
-1.12761  0.24571  0.50975 L   25 
-0.95717 -0.28266  0.61911 B   26 
-0.76433 -0.39973  0.40750 B   27 
-0.98498 -0.61532  0.27061 N   27 
-0.57959 -0.15560  0.37353 B   28 
-0.70859 -0.07147 -0.04517 W   28 
-0.49686 -0.13015  0.66885 B   29 
-0.65622  0.02352  0.80511 V   29 
-0.38912 -0.41474  0.69873 B   30 
-0.50730 -0.66011  0.75168 X   30 
-0.16915 -0.39410  0.48557 B   31 
-0.27065 -0.40994  0.29245 A   31 
-0.01182 -0.15291  0.59870 B   32 
-0.12517  0.02359  0.55059 A   32 
 0.05718 -0.28760  0.86537 B   33 
-0.00172 -0.33196  1.19849 K   33 
 0.22011 -0.54922  0.72956 B   34 
-0.03979 -0.77301  0.95625 F   34 
 0.41038 -0.38129  0.53449 B   35 
 0.27856 -0.51801  0.23815 E   35 
 0.48570 -0.09608  0.73344 B   36 
 0.40438  0.04838  0.58631 S   36 
 0.34834 -0.01295  1.00124 B   37 
 0.43693 -0.14431  1.24034 N   37 
 0.25711  0.28437  0.90484 B   38 
-0.08354  0.11303  1.06416 F   38 
 0.53254  0.35366  0.73516 B   39 
 0.78229  0.41175  0.89207 N   39 
 0.62937  0.57183  0.48366 B   40 
 0.49190  0.77463  0.52961 T   40 
 0.96019  0.50292  0.51185 B   41 
 1.08277  0.84089  0.68543 Q   41 
 0.94653  0.22182  0.41953 B   42 
 0.83849  0.10640  0.55989 A   42 
 1.21620 -0.00701  0.32864 B   43 
 1.32959  0.19050  0.23903 T   43 
 1.27068 -0.29665  0.09739 B   44 
 1.12168 -0.36770  0.39186 N   44 
 1.47496 -0.53163 -0.00261 B   45 
 1.85159 -0.34276 -0.28464 R   45 
 1.49882 -0.73749 -0.28016 B   46 
 1.16692 -0.65292 -0.28450 N   46 
 1.62423 -1.01253 -0.42968 B   47 
 1.58213 -1.23664 -0.30820 T   47 
 1.58432 -0.86750 -0.72823 B   48 
 1.32378 -0.82554 -0.75474 D   48 
 1.68011 -0.55098 -0.63841 B   49 
 1.45209 -0.43039 -0.55118 B   50 
 1.24355 -0.50151 -0.66008 S   50 
 1.20533 -0.19713 -0.38885 B   51 
 1.42984 -0.10965 -0.26212 T   51 
 1.01235 -0.11948 -0.11686 B   52 
 0.84300 -0.41386 -0.16771 D   52 
 0.75930  0.14645 -0.07304 B   53 
 1.18011  0.25550 -0.27743 Y   53 
 0.60792  0.24730  0.19310 B   54 
 0.29055  0.18255  0.33283 B   55 
 0.13798  0.37726  0.44570 I   55 
 0.25738 -0.03571  0.05883 B   56 
-0.05500  0.03963  0.06646 L   56 
 0.50653 -0.15470 -0.06836 B   57 
 0.71122 -0.20597  0.20538 Q   57 
 0.60438 -0.03333 -0.33836 B   58 
 0.35117  0.12178 -0.42724 I   58 
 0.75285 -0.14946 -0.62610 B   59 
 0.87616 -0.42552 -0.66353 N   59 
 1.04107 -0.07800 -0.84237 B   60 
 1.22298 -0.06805 -0.70330 S   60 
 0.98798 -0.27541 -1.09606 B   61 
 1.26057 -0.60752 -1.09633 R   61 
 0.68283 -0.13372 -1.16455 B   62 
 0.64509 -0.57811 -1.25911 W   62 
 0.59433  0.16117 -1.01175 B   63 
 0.28576 -0.14814 -0.97813 W   63 
 0.88574  0.28785 -0.94144 B   64 
 0.85229  0.32503 -0.68617 X   64 
 1.16791  0.51291 -0.92690 B   65 
 1.33701  0.56615 -1.16521 N   65 
 1.52437  0.45653 -0.79150 B   66 
 1.48071  0.20979 -0.69209 D   66 
 1.78274  0.41166 -0.99538 B   67 
 1.83471  0.06434 -0.90459 B   68 
 1.87625  0.06123 -0.43257 R   68 
 1.62422 -0.09490 -1.12174 B   69 
 1.47269 -0.14357 -0.92198 T   69 
 1.65157 -0.30606 -1.34572 B   70 
 1.84273 -0.36190 -1.26758 P   70 
 1.38448 -0.32444 -1.55461 B   71 
 1.20117 -0.09658 -1.49217 B   72 
 1.29128  0.02350 -1.30797 S   72 
 0.86622  0.08484 -1.51698 B   73 
 0.74057 -0.12370 -1.77851 R   73 
 0.69686  0.31338 -1.37464 B   74 
 0.81526  0.54783 -1.27993 N   74 
 0.36370  0.31175 -1.37443 B   75 
 0.34712  0.00757 -1.48384 L   75 
 0.32053  0.56652 -1.16505 B   76 
 0.20199  0.37056 -0.95519 X   76 
 0.50989  0.78864 -1.23401 B   77 
 0.52239  0.92545 -1.46974 N   77 
 0.74263  0.77291 -0.98601 B   78 
 0.52000  0.87072 -0.82002 I   78 
 0.92661  0.84213 -0.73715 B   79 
 0.97042  1.03827 -0.79450 P   79 
 0.97635  0.64075 -0.47480 B   80 
 1.07300  0.37724 -0.61970 X   80 
 1.00105  0.87760 -0.26461 B   81 
 1.17591  1.00918 -0.36246 S   81 
 0.70061  0.96700 -0.27935 B   82 
 0.67623  1.04297 -0.47415 A   82 
 0.62173  0.69893 -0.10692 B   83 
 0.54773  0.51021 -0.36389 L   83 
 0.74852  0.85397  0.17470 B   84 
 0.99802  0.64986  0.10882 L   84 
 0.55891  1.05257  0.23572 B   85 
 0.51867  1.27660  0.11184 S   85 
 0.31947  1.19706  0.44461 B   86 
 0.41913  1.38620  0.55255 S   86 
 0.18130  1.20929  0.17146 B   87 
 0.03730  1.42081  0.03009 D   87 
-0.03213  0.94866  0.04290 B   88 
-0.14525  0.83635  0.25802 I   88 
-0.12454  1.01344 -0.24582 B   89 
-0.20700  1.26573 -0.25076 T   89 
 0.07936  0.84913 -0.41368 B   90 
 0.26361  0.96443 -0.41303 A   90 
 0.02140  0.56745 -0.29339 B   91 
 0.20679  0.55929 -0.09120 S   91 
-0.27776  0.55924 -0.35829 B   92 
-0.42425  0.67741 -0.17583 V   92 
-0.27044  0.59630 -0.66282 B   93 
-0.32593  0.92790 -0.67496 N   93 
-0.09003  0.34805 -0.69925 B   94 
 0.19365  0.33383 -0.72188 X   94 
-0.26564  0.13675 -0.55796 B   95 
-0.24537  0.17400 -0.34690 A   95 
-0.50633  0.16045 -0.75010 B   96 
-0.73171  0.53488 -0.58915 K   96 
-0.34317  0.03698 -0.98516 B   97 
-0.16967  0.31778 -1.18361 K   97 
-0.26139 -0.23151 -0.85657 B   98 
-0.00372 -0.17655 -0.69297 I   98 
-0.55247 -0.34633 -0.78544 B   99 
-0.66590 -0.26192 -0.60154 V   99 
-0.62962 -0.31787 -1.10989 B   100 
-0.73883 -0.08536 -1.05660 S   100 
-0.42804 -0.54137 -1.24600 B   101 
-0.15102 -0.53004 -1.26898 D   101 
-0.59321 -0.84939 -1.14454 B   102 
-0.50352 -0.96098 -0.83350 B   103 
-0.27997 -1.12684 -1.00019 N   103 
-0.55233 -0.74817 -0.66214 B   104 
-0.44696 -0.77189 -0.32546 B   105 
-0.63730 -0.52502 -0.08752 M   105 
-0.23500 -1.00375 -0.39416 B   106 
-0.48003 -1.22441 -0.41936 N   106 
 0.00224 -0.80342 -0.44184 B   107 
-0.07019 -0.68074 -0.59495 A   107 
-0.00576 -0.82440 -0.12567 B   108 
-0.09191 -0.37603 -0.22454 W   108 
 0.15124 -1.04650  0.06441 B   109 
 0.37137 -1.12480 -0.04031 V   109 
 0.04960 -0.95624  0.34636 B   110 
 0.18564 -0.80340  0.41056 A   110 
-0.24740 -0.96654  0.27984 B   111 
-0.57155 -0.87362  0.08516 W   111 
-0.26899 -1.26238  0.18955 B   112 
-0.04742 -1.46004 -0.11072 R   112 
-0.11678 -1.38767  0.45832 B   113 
 0.12624 -1.50060  0.27533 N   113 
-0.28293 -1.17121  0.68683 B   114 
 0.16168 -1.07535  0.90016 R   114 
-0.58182 -1.06846  0.56353 B   115 
-0.41574 -0.79708  0.58244 X   115 
-0.70040 -1.27602  0.40498 B   116 
-0.69541 -1.39294 -0.02442 K   116 
-0.99808 -1.40696  0.54814 B   117 
-1.02914 -1.19382  0.75453 B   118 
-0.78341 -1.18246  0.83746 T   118 
-1.12402 -0.95386  0.99999 B   119 
-1.36203 -0.93071  1.15814 D   119 
-1.07861 -0.64415  0.86411 B   120 
-1.01848 -0.72170  0.63425 V   120 
-1.27359 -0.46449  1.03078 B   121 
-1.64415 -0.60852  0.90634 Q   121 
-1.08764 -0.44673  1.28400 B   122 
-1.07376 -0.64233  1.35106 A   122 
-0.90827 -0.20691  1.15341 B   123 
-0.57725 -0.47648  1.11767 W   123 
-1.17091  0.01140  1.20852 B   124 
-1.23541  0.02172  0.94775 I   124 
-1.21663  0.00963  1.48627 B   125 
-1.42635 -0.46356  1.46409 R   125 
-1.30506  0.31031  1.65174 B   126 
-1.34547  0.46561  1.39569 B   127 
-1.04707  0.37661  1.30956 X   127 
-1.42157  0.79272  1.25357 B   128 
-1.79234  0.93698  1.33230 R   128 
-1.64827  0.74157  0.95687 B   129 
-1.43128  0.60901  0.90366 L   129 
