246 
-0.56566  0.69500  0.99192 B   1 
-0.84176  0.41126  1.13155 K   1 
-0.42004  0.50078  1.25545 B   2 
-0.20784  0.63998  1.30800 V   2 
-0.32360  0.19440  1.25215 B   3 
-0.62261  0.09968  0.95292 F   3 
-0.30303 -0.09973  1.36650 B   4 
-0.16150 -0.38124  1.30747 B   5 
 0.16628 -0.61883  1.46779 R   5 
-0.39731 -0.58875  1.36419 B   6 
-0.26340 -0.75999  1.59027 X   6 
-0.60621 -0.40470  1.22599 B   7 
-0.75185 -0.06726  1.35760 E   7 
-0.48841 -0.40488  0.93989 B   8 
-0.30831 -0.19417  0.80845 L   8 
-0.47336 -0.70652  0.89274 B   9 
-0.31098 -0.78007  1.01677 A   9 
-0.77507 -0.75283  0.91040 B   10 
-0.82657 -0.73647  1.12231 A   10 
-0.85718 -0.56589  0.67705 B   11 
-0.86370 -0.36563  0.75957 A   11 
-0.67465 -0.69010  0.45977 B   12 
-0.30727 -0.46856  0.48314 M   12 
-0.80453 -0.96445  0.47747 B   13 
-0.73777 -1.30457  0.73837 K   13 
-1.09751 -0.90196  0.41961 B   14 
-1.35343 -0.56188  0.57913 R   14 
-0.99436 -0.77022  0.13537 B   15 
-1.10767 -0.41888  0.25911 H   15 
-0.78860 -1.01664  0.02395 B   16 
-0.45486 -0.99433  0.06671 B   17 
-0.43327 -0.67223  0.03462 L   17 
-0.40989 -1.26822  0.15343 B   18 
-0.34660 -1.41293  0.41687 D   18 
-0.21985 -1.41038 -0.09035 B   19 
-0.22613 -1.63554  0.13962 N   19 
-0.19919 -1.20152 -0.28989 B   20 
-0.48640 -0.96055 -0.52368 Y   20 
-0.01892 -1.30069 -0.54366 B   21 
-0.24582 -1.14396 -0.93032 R   21 
 0.15248 -1.46216 -0.29778 B   22 
 0.11517 -1.25099 -0.05482 B   23 
 0.41849 -1.04695 -0.35090 Y   23 
 0.14165 -1.24403  0.24755 B   24 
 0.28257 -1.39034  0.36432 S   24 
 0.01564 -1.05149  0.48937 B   25 
-0.26294 -1.05864  0.63394 L   25 
 0.29357 -0.95872  0.61158 B   26 
 0.38269 -0.79366  0.36565 B   27 
 0.53198 -1.04804  0.20162 N   27 
 0.16243 -0.57842  0.37242 B   28 
-0.03031 -0.71294 -0.00677 W   28 
 0.21547 -0.47991  0.65911 B   29 
 0.07807 -0.61011  0.83729 V   29 
 0.51061 -0.41162  0.61765 B   30 
 0.74475 -0.56033  0.62410 X   30 
 0.46981 -0.20061  0.39842 B   31 
 0.42839 -0.31181  0.21466 A   31 
 0.28243 -0.00637  0.54968 B   32 
 0.08680 -0.09607  0.55010 A   32 
 0.48185  0.05500  0.77437 B   33 
 0.59311  0.00537  1.09306 K   33 
 0.72404  0.17372  0.57265 B   34 
 0.95907 -0.10447  0.76342 F   34 
 0.54140  0.37665  0.40558 B   35 
 0.58941  0.21405  0.09713 E   35 
 0.32074  0.49972  0.65611 B   36 
 0.13755  0.43284  0.55078 S   36 
 0.28416  0.38731  0.94511 B   37 
 0.47656  0.46729  1.14224 N   37 
-0.03634  0.33416  0.92343 B   38 
 0.12257 -0.01960  1.06620 F   38 
-0.10725  0.60874  0.75304 B   39 
-0.09625  0.87087  0.89980 N   39 
-0.36300  0.72372  0.54907 B   40 
-0.56564  0.61800  0.64856 T   40 
-0.24847  1.04265  0.53669 B   41 
-0.51991  1.21868  0.77059 Q   41 
 0.00024  0.98590  0.38618 B   42 
 0.13005  0.86919  0.50542 A   42 
 0.23439  1.21678  0.22739 B   43 
 0.03753  1.35246  0.17513 T   43 
 0.46829  1.22007 -0.06521 B   44 
 0.58519  1.07587  0.21675 N   44 
 0.69810  1.38500 -0.22932 B   45 
 0.49886  1.77133 -0.49029 R   45 
 0.83670  1.36760 -0.54629 B   46 
 0.71234  1.05085 -0.50718 N   46 
 1.08401  1.44673 -0.76148 B   47 
 1.32278  1.37928 -0.68938 T   47 
 0.87101  1.41416 -1.01707 B   48 
 0.79172  1.16109 -1.01420 D   48 
 0.59785  1.55699 -0.86735 B   49 
 0.47261  1.35208 -0.73900 B   50 
 0.49029  1.13104 -0.84498 S   50 
 0.25331  1.14766 -0.51146 B   51 
 0.22589  1.38757 -0.38574 T   51 
 0.21599  0.97965 -0.21544 B   52 
 0.46738  0.76888 -0.31691 D   52 
-0.06263  0.76829 -0.09555 B   53 
-0.16156  1.19067 -0.30181 Y   53 
-0.11846  0.64441  0.19678 B   54 
-0.06401  0.32765  0.34216 B   55 
-0.24550  0.20883  0.50609 I   55 
 0.08021  0.25226  0.03018 B   56 
-0.03005 -0.04594  0.07745 L   56 
 0.19747  0.47652 -0.13826 B   57 
 0.33500  0.68404  0.10149 Q   57 
 0.03112  0.57821 -0.38155 B   58 
-0.17071  0.34536 -0.41505 I   58 
 0.09642  0.69613 -0.69802 B   59 
 0.36996  0.77802 -0.80424 N   59 
 0.01441  0.98158 -0.91421 B   60 
 0.05932  1.16911 -0.79032 S   60 
 0.14062  0.89031 -1.20037 B   61 
 0.49551  1.11372 -1.29389 R   61 
-0.05013  0.60512 -1.21311 B   62 
 0.35272  0.50170 -1.39986 W   62 
-0.31123  0.56541 -0.99312 B   63 
-0.04367  0.21859 -1.00531 W   63 
-0.38092  0.87445 -0.91866 B   64 
-0.36293  0.85789 -0.65968 X   64 
-0.55948  1.18557 -0.87615 B   65 
-0.64387  1.34967 -1.10890 N   65 
-0.42943  1.53637 -0.78342 B   66 
-0.17403  1.46325 -0.73764 D   66 
-0.40004  1.77666 -1.01087 B   67 
-0.03746  1.78375 -1.00270 B   68 
 0.07819  1.84540 -0.54732 R   68 
 0.04043  1.54370 -1.23319 B   69 
 0.11384  1.39590 -1.03825 T   69 
 0.19678  1.53140 -1.49947 B   70 
 0.29251  1.71621 -1.44998 P   70 
 0.13343  1.25533 -1.68677 B   71 
-0.09543  1.10850 -1.56232 B   72 
-0.15813  1.22254 -1.36350 S   72 
-0.31834  0.80129 -1.52162 B   73 
-0.19229  0.63633 -1.81244 R   73 
-0.52791  0.67189 -1.32035 B   74 
-0.71786  0.82587 -1.18558 N   74 
-0.56815  0.34210 -1.29564 B   75 
-0.30142  0.27849 -1.46762 L   75 
-0.77193  0.34416 -1.03282 B   76 
-0.54983  0.20895 -0.86285 X   76 
-0.97831  0.55935 -1.06524 B   77 
-1.16250  0.58028 -1.26544 N   77 
-0.87743  0.79843 -0.84483 B   78 
-0.96208  0.59918 -0.64527 I   78 
-0.86451  1.00113 -0.60128 B   79 
-1.06146  1.06922 -0.61727 P   79 
-0.60409  1.03396 -0.39402 B   80 
-0.37048  1.08645 -0.60003 X   80 
-0.78186  1.10071 -0.13939 B   81 
-0.90921  1.28766 -0.21873 S   81 
-0.90928  0.81529 -0.11168 B   82 
-1.03005  0.79309 -0.28267 A   82 
-0.62111  0.70761  0.00308 B   83 
-0.50666  0.59670 -0.28281 L   83 
-0.69078  0.86713  0.30160 B   84 
-0.47733  1.08261  0.17408 L   84 
-0.89249  0.70992  0.41871 B   85 
-1.14207  0.69579  0.35040 S   85 
-1.01455  0.50246  0.67150 B   86 
-1.16011  0.63218  0.81058 S   86 
-1.10590  0.35533  0.41878 B   87 
-1.36041  0.23604  0.33845 D   87 
-0.91031  0.10219  0.25243 B   88 
-0.76711 -0.01579  0.44546 I   88 
-1.05019  0.00696 -0.00731 B   89 
-1.30529 -0.03972  0.04944 T   89 
-0.90411  0.17833 -0.22188 B   90 
-0.99215  0.37668 -0.20968 A   90 
-0.61203  0.08712 -0.16240 B   91 
-0.53483  0.27838  0.01866 S   91 
-0.65646 -0.21285 -0.20501 B   92 
-0.74745 -0.33321  0.00936 V   92 
-0.76064 -0.21399 -0.49364 B   93 
-1.09057 -0.22326 -0.42850 N   93 
-0.50655 -0.07170 -0.59705 B   94 
-0.46232  0.20595 -0.64335 X   94 
-0.29242 -0.26855 -0.49290 B   95 
-0.27780 -0.23394 -0.28093 A   95 
-0.38928 -0.51191 -0.65664 B   96 
-0.74253 -0.67559 -0.40105 K   96 
-0.30306 -0.37813 -0.92457 B   97 
-0.59756 -0.17622 -1.06891 K   97 
-0.00426 -0.32890 -0.86455 B   98 
 0.01229 -0.05906 -0.71257 I   98 
 0.08623 -0.62967 -0.79886 B   99 
 0.03232 -0.72196 -0.59297 V   99 
-0.02479 -0.71645 -1.10245 B   100 
-0.25090 -0.78975 -0.99141 S   100 
 0.18538 -0.55420 -1.29897 B   101 
 0.20401 -0.27960 -1.33950 D   101 
 0.48514 -0.75597 -1.25558 B   102 
 0.67495 -0.66895 -0.98421 B   103 
 0.82527 -0.47830 -1.19946 N   103 
 0.50233 -0.67999 -0.76716 B   104 
 0.61511 -0.56409 -0.45273 B   105 
 0.40696 -0.70744 -0.15286 M   105 
 0.84999 -0.38974 -0.58628 B   106 
 1.02654 -0.66398 -0.64096 N   106 
 0.67551 -0.12927 -0.60637 B   107 
 0.51310 -0.19066 -0.72296 A   107 
 0.76673 -0.12606 -0.30283 B   108 
 0.30045 -0.15326 -0.29412 W   108 
 1.04418  0.00679 -0.17841 B   109 
 1.12361  0.20900 -0.31390 V   109 
 1.00842 -0.06866  0.12325 B   110 
 0.89255  0.09005  0.20911 A   110 
 0.96591 -0.36686  0.07844 B   111 
 0.79114 -0.68324 -0.06634 W   111 
 1.22831 -0.43342 -0.07273 B   112 
 1.37868 -0.25510 -0.42475 R   112 
 1.42959 -0.28834  0.14984 B   113 
 1.52753 -0.07178 -0.07108 N   113 
 1.25170 -0.41241  0.43205 B   114 
 1.26357  0.05025  0.62744 R   114 
 1.08687 -0.69927  0.35698 B   115 
 0.84999 -0.49636  0.42256 X   115 
 1.23630 -0.85252  0.16602 B   116 
 1.25210 -0.88295 -0.27771 K   116 
 1.35792 -1.15887  0.29873 B   117 
 1.19518 -1.15075  0.54861 B   118 
 1.23397 -0.90239  0.61344 T   118 
 1.00741 -1.20029  0.84715 B   119 
 0.99115 -1.42549  1.02384 D   119 
 0.68313 -1.11829  0.77959 B   120 
 0.71326 -1.07982  0.53448 V   120 
 0.52309 -1.27876  0.99572 B   121 
 0.58727 -1.67092  0.87069 Q   121 
 0.58694 -1.08107  1.23206 B   122 
 0.79282 -1.09159  1.25331 A   122 
 0.34818 -0.87605  1.14430 B   123 
 0.64195 -0.58770  1.02565 W   123 
 0.11691 -1.10303  1.26544 B   124 
 0.03950 -1.17699  1.01886 I   124 
 0.17610 -1.13616  1.53865 B   125 
 0.60161 -1.41048  1.42881 R   125 
-0.08769 -1.17442  1.77223 B   126 
-0.30101 -1.20416  1.56026 B   127 
-0.19717 -0.92518  1.43468 X   127 
-0.65878 -1.24022  1.49953 B   128 
-0.82675 -1.58342  1.63545 R   128 
-0.70541 -1.48480  1.21660 B   129 
-0.56225 -1.29096  1.11954 L   129 
