246 
 1.24297  0.23678  0.43112 B   1 
 1.36194 -0.15381  0.52874 K   1 
 1.40488  0.08361  0.15058 B   2 
 1.44227  0.28893 -0.00309 V   2 
 1.29847 -0.15021 -0.04225 B   3 
 1.06178 -0.31457  0.28160 F   3 
 1.32291 -0.42251 -0.20120 B   4 
 1.16054 -0.60681 -0.40720 B   5 
 1.17250 -0.70723 -0.83072 R   5 
 1.21281 -0.89972 -0.29165 B   6 
 1.34844 -1.03152 -0.54187 X   6 
 1.18011 -0.80104  0.00127 B   7 
 1.42621 -0.57931  0.20784 E   7 
 0.88508 -0.70877 -0.01190 B   8 
 0.77647 -0.42493 -0.05369 L   8 
 0.75754 -0.96568 -0.11760 B   9 
 0.81694 -0.98260 -0.32579 A   9 
 0.83107 -1.13572  0.12564 B   10 
 1.04569 -1.17460  0.10973 A   10 
 0.68092 -0.96714  0.33819 B   11 
 0.81275 -0.80288  0.38912 A   11 
 0.40261 -0.96943  0.20218 B   12 
 0.39886 -0.62117 -0.04940 M   12 
 0.37631 -1.27216  0.21313 B   13 
 0.51520 -1.58857 -0.04917 K   13 
 0.40594 -1.32963  0.51131 B   14 
 0.70419 -1.15577  0.80696 R   14 
 0.15096 -1.12554  0.55739 B   15 
 0.38596 -0.87668  0.74297 H   15 
-0.06592 -1.24367  0.32397 B   16 
-0.09657 -1.09092  0.02492 B   17 
-0.04624 -0.78841  0.13074 L   17 
-0.09824 -1.33071 -0.13955 B   18 
 0.09560 -1.47384 -0.33004 D   18 
-0.40785 -1.34195 -0.28017 B   19 
-0.25069 -1.58114 -0.42753 N   19 
-0.54413 -1.11598 -0.16088 B   20 
-0.63330 -0.98449  0.25139 Y   20 
-0.84945 -1.09125 -0.27445 B   21 
-1.11796 -0.98696  0.10315 R   21 
-0.70131 -1.20164 -0.56041 B   22 
-0.40925 -1.06472 -0.52927 B   23 
-0.70211 -0.71054 -0.62971 Y   23 
-0.13031 -1.09318 -0.64571 B   24 
-0.09206 -1.18316 -0.85864 S   24 
 0.17611 -1.00979 -0.54283 B   25 
 0.37357 -1.15428 -0.34613 L   25 
 0.25135 -0.82920 -0.79286 B   26 
 0.04430 -0.60689 -0.73469 B   27 
-0.21100 -0.74775 -0.90465 N   27 
 0.15823 -0.50692 -0.46653 B   28 
-0.18828 -0.65051 -0.22500 W   28 
 0.44065 -0.43989 -0.56877 B   29 
 0.60457 -0.64084 -0.55065 V   29 
 0.35217 -0.24928 -0.79088 B   30 
 0.26505 -0.28585 -1.05174 X   30 
 0.21213 -0.04405 -0.61054 B   31 
 0.02007 -0.13318 -0.55559 A   31 
 0.44827  0.02897 -0.42446 B   32 
 0.46980 -0.13309 -0.28450 A   32 
 0.62918  0.13317 -0.64904 B   33 
 0.88895  0.08689 -0.86533 K   33 
 0.41612  0.37111 -0.75595 B   34 
 0.46712  0.19101 -1.12199 F   34 
 0.35535  0.50204 -0.47027 B   35 
 0.01238  0.42301 -0.47282 E   35 
 0.67325  0.48237 -0.31166 B   36 
 0.59893  0.36194 -0.14106 S   36 
 0.92251  0.32266 -0.41090 B   37 
 1.08416  0.44477 -0.61396 N   37 
 0.96170  0.14460 -0.14114 B   38 
 0.96520 -0.12772 -0.45196 F   38 
 0.89116  0.38686  0.07286 B   39 
 1.09554  0.60415  0.11008 N   39 
 0.78932  0.41405  0.40318 B   40 
 0.90100  0.21972  0.51228 T   40 
 0.83593  0.74951  0.41993 B   41 
 1.16395  0.75863  0.64731 Q   41 
 0.62285  0.82519  0.22862 B   42 
 0.67380  0.75671  0.03521 A   42 
 0.48156  1.15379  0.15512 B   43 
 0.51376  1.20116  0.39306 T   43 
 0.15470  1.29859  0.04316 B   44 
 0.35372  1.17548 -0.20014 N   44 
-0.00805  1.56709 -0.04831 B   45 
-0.10435  1.86965  0.34695 R   45 
-0.34132  1.65727 -0.07614 B   46 
-0.36008  1.31562 -0.09191 N   46 
-0.57866  1.86391 -0.19738 B   47 
-0.58382  1.89216 -0.45416 T   47 
-0.77776  1.78452  0.05916 B   48 
-0.82393  1.52422  0.03788 D   48 
-0.53699  1.77591  0.30285 B   49 
-0.44233  1.52061  0.29945 B   50 
-0.60422  1.34594  0.23873 S   50 
-0.23306  1.21151  0.34756 B   51 
-0.04545  1.39605  0.41731 T   51 
 0.00823  1.00061  0.22695 B   52 
-0.20036  0.93195 -0.03706 D   52 
 0.12846  0.67683  0.35879 B   53 
 0.06992  1.04527  0.66138 Y   53 
 0.38223  0.49829  0.27133 B   54 
 0.42196  0.21515  0.06471 B   55 
 0.58566  0.00816  0.13017 I   55 
 0.07669  0.25496  0.00972 B   56 
 0.06726 -0.06542 -0.01443 L   56 
-0.04856  0.53033  0.03972 B   57 
 0.19939  0.73740 -0.08317 Q   57 
-0.21127  0.58886  0.29914 B   58 
-0.25801  0.30106  0.40432 I   58 
-0.49140  0.76965  0.38378 B   59 
-0.63198  0.97322  0.20599 N   59 
-0.59941  1.02395  0.62589 B   60 
-0.44400  1.19199  0.61397 S   60 
-0.92056  1.03809  0.57291 B   61 
-1.03042  1.40051  0.36995 R   61 
-0.96427  0.70487  0.64315 B   62 
-1.25905  0.80852  0.31116 W   62 
-0.70883  0.52708  0.78904 B   63 
-0.87356  0.32975  0.43416 W   63 
-0.54121  0.76369  0.93679 B   64 
-0.30719  0.71717  0.83317 X   64 
-0.37797  0.96157  1.19112 B   65 
-0.53309  1.10863  1.39735 N   65 
-0.22803  1.31617  1.17231 B   66 
-0.26316  1.35027  0.90721 D   66 
-0.38413  1.57817  1.30393 B   67 
-0.45782  1.73455  0.98504 B   68 
-0.04157  1.76916  0.76127 R   68 
-0.75517  1.58679  0.90399 B   69 
-0.62862  1.45548  0.72517 T   69 
-1.04370  1.68128  0.84634 B   70 
-0.97037  1.87935  0.81230 P   70 
-1.27772  1.43579  0.86301 B   71 
-1.14754  1.18990  0.97262 B   72 
-0.91673  1.23586  1.00548 S   72 
-1.13966  0.81545  1.04641 B   73 
-1.48466  0.76420  0.96882 R   73 
-0.93734  0.58161  1.12098 B   74 
-0.72671  0.61996  1.30020 N   74 
-0.99234  0.26554  1.03114 B   75 
-1.23149  0.34583  0.82834 L   75 
-0.69887  0.14262  1.12796 B   76 
-0.62650  0.08839  0.83077 X   76 
-0.62484  0.25426  1.39629 B   77 
-0.76451  0.22647  1.62902 N   77 
-0.37823  0.47725  1.32298 B   78 
-0.22470  0.23320  1.26338 I   78 
-0.09939  0.62745  1.30676 B   79 
-0.05112  0.60873  1.50924 P   79 
 0.04363  0.73416  1.02390 B   80 
-0.18903  0.90982  0.90231 X   80 
 0.34060  0.68130  1.12345 B   81 
 0.34506  0.80770  1.32708 S   81 
 0.32017  0.36817  1.12513 B   82 
 0.18187  0.32375  1.27750 A   82 
 0.33296  0.37453  0.79709 B   83 
 0.00956  0.36614  0.74739 L   83 
 0.67079  0.44326  0.82074 B   84 
 0.55946  0.74470  0.75008 L   84 
 0.78512  0.20051  0.90511 B   85 
 0.77470  0.09406  1.14115 S   85 
 0.99492 -0.07457  0.85865 B   86 
 1.19296 -0.04009  0.98883 S   86 
 0.74023 -0.20630  0.96652 B   87 
 0.69181 -0.40722  1.17326 D   87 
 0.47246 -0.32638  0.75703 B   88 
 0.58910 -0.40157  0.52806 I   88 
 0.23609 -0.43079  0.92827 B   89 
 0.33542 -0.58762  1.11803 T   89 
 0.04700 -0.18381  0.92868 B   90 
 0.13120 -0.04464  1.07285 A   90 
 0.01149 -0.15269  0.62056 B   91 
 0.21401  0.02352  0.56350 S   91 
-0.09770 -0.43360  0.56632 B   92 
 0.09207 -0.61184  0.53569 V   92 
-0.34440 -0.43442  0.74881 B   93 
-0.21011 -0.59022  1.01504 N   93 
-0.46187 -0.18526  0.60873 B   94 
-0.44181  0.08901  0.68332 X   94 
-0.46565 -0.28809  0.31742 B   95 
-0.26131 -0.28304  0.24985 A   95 
-0.66124 -0.52181  0.36775 B   96 
-0.38415 -0.85452  0.53928 K   96 
-0.89652 -0.32542  0.42429 B   97 
-0.91058 -0.24552  0.80079 K   97 
-0.89585 -0.16573  0.16009 B   98 
-0.68582  0.06000  0.19353 I   98 
-0.93479 -0.40745 -0.04733 B   99 
-0.75405 -0.54379 -0.09790 V   99 
-1.21663 -0.48561  0.11542 B   100 
-1.08015 -0.66243  0.25304 S   100 
-1.40593 -0.22280  0.05052 B   101 
-1.37541  0.03719  0.14470 D   101 
-1.48757 -0.28512 -0.29863 B   102 
-1.25394 -0.16900 -0.52038 B   103 
-1.43951  0.09712 -0.51662 N   103 
-1.01396 -0.28375 -0.44117 B   104 
-0.71467 -0.18040 -0.59852 B   105 
-0.42403 -0.44106 -0.56135 M   105 
-0.84746  0.09404 -0.70076 B   106 
-1.01186 -0.06979 -0.93634 N   106 
-0.75721  0.25770 -0.44825 B   107 
-0.84539  0.15257 -0.29042 A   107 
-0.49302  0.25272 -0.62332 B   108 
-0.38504  0.03250 -0.22573 W   108 
-0.40499  0.46869 -0.85936 B   109 
-0.49653  0.70354 -0.81437 V   109 
-0.13426  0.34053 -0.95017 B   110 
 0.01480  0.42143 -0.81894 A   110 
-0.24548  0.06234 -1.00477 B   111 
-0.42478 -0.27219 -0.91793 W   111 
-0.46493  0.13504 -1.21140 B   112 
-0.78187  0.41082 -1.16882 R   112 
-0.26425  0.31535 -1.40714 B   113 
-0.43626  0.58370 -1.34631 N   113 
 0.00801  0.08726 -1.38414 B   114 
 0.31086  0.47726 -1.29166 R   114 
-0.10047 -0.22722 -1.31757 B   115 
 0.06910 -0.15412 -1.05778 X   115 
-0.35421 -0.27332 -1.44313 B   116 
-0.78148 -0.22687 -1.32751 K   116 
-0.33902 -0.51719 -1.70110 B   117 
-0.06548 -0.61561 -1.63414 B   118 
 0.05213 -0.38667 -1.60033 T   118 
 0.24408 -0.78350 -1.58107 B   119 
 0.35362 -1.01883 -1.70282 D   119 
 0.27698 -0.83509 -1.24536 B   120 
 0.05071 -0.75096 -1.18064 V   120 
 0.47361 -1.07835 -1.23010 B   121 
 0.23788 -1.38409 -1.38660 Q   121 
 0.73267 -0.91031 -1.29062 B   122 
 0.70253 -0.83706 -1.48213 A   122 
 0.75962 -0.81291 -0.97993 B   123 
 0.65747 -0.41400 -1.09808 W   123 
 0.86602 -1.13113 -0.89568 B   124 
 0.63326 -1.19240 -0.77595 I   124 
 1.09952 -1.17745 -1.04592 B   125 
 0.82629 -1.22915 -1.48301 R   125 
 1.36870 -1.35713 -0.90145 B   126 
 1.21128 -1.44071 -0.65742 B   127 
 1.14374 -1.12838 -0.60970 X   127 
 1.22697 -1.61310 -0.33644 B   128 
 1.30189 -2.01129 -0.35391 R   128 
 0.90790 -1.80892 -0.29303 B   129 
 0.83550 -1.56081 -0.31922 L   129 
