246 
 0.83196  0.56610  0.87993 B   1 
 0.67726  0.95631  0.88593 K   1 
 0.58790  0.59782  1.14033 B   2 
 0.62958  0.37973  1.27400 V   2 
 0.26870  0.62499  1.11695 B   3 
 0.30985  0.82060  0.73229 F   3 
-0.01271  0.75263  1.18426 B   4 
-0.32534  0.71304  1.12545 B   5 
-0.67844  0.56803  1.33495 R   5 
-0.42361  1.01285  1.07711 B   6 
-0.64080  1.03395  1.30241 X   6 
-0.16756  1.08139  0.91479 B   7 
 0.19578  1.12813  1.04970 E   7 
-0.20582  0.88424  0.67942 B   8 
-0.08018  0.60697  0.64150 L   8 
-0.48699  0.96595  0.59162 B   9 
-0.62278  0.89273  0.74446 A   9 
-0.41004  1.25114  0.51268 B   10 
-0.38103  1.36012  0.70005 A   10 
-0.19883  1.17684  0.29818 B   11 
-0.01510  1.13654  0.40578 A   11 
-0.37867  0.99159  0.12702 B   12 
-0.32229  0.59874  0.29159 M   12 
-0.57918  1.21083  0.06229 B   13 
-0.92559  1.36366  0.27405 K   13 
-0.40361  1.42359 -0.06809 B   14 
 0.00514  1.57451  0.06128 R   14 
-0.31513  1.19152 -0.28513 B   15 
 0.04834  1.20245 -0.14598 H   15 
-0.61952  1.06586 -0.36900 B   16 
-0.73305  0.78161 -0.22751 B   17 
-0.44527  0.63431 -0.20048 L   17 
-1.00475  0.87147 -0.17590 B   18 
-1.17067  0.95665  0.06815 D   18 
-1.20323  0.67749 -0.37271 B   19 
-1.41425  0.84153 -0.19330 N   19 
-1.01382  0.51698 -0.52179 B   20 
-0.67151  0.60114 -0.78816 Y   20 
-1.16868  0.31245 -0.72406 B   21 
-0.92293  0.32435 -1.13029 R   21 
-1.39241  0.30393 -0.46759 B   22 
-1.19135  0.33956 -0.21597 B   23 
-1.11578 -0.09698 -0.37416 Y   23 
-1.20473  0.41413  0.07804 B   24 
-1.39849  0.38380  0.20624 S   24 
-0.98544  0.53334  0.29969 B   25 
-0.88565  0.82611  0.35340 L   25 
-1.01460  0.29815  0.51094 B   26 
-0.89115  0.07878  0.33120 B   27 
-1.17878 -0.01228  0.17993 N   27 
-0.60640  0.19379  0.30721 B   28 
-0.64155  0.28506 -0.12807 W   28 
-0.54591  0.20656  0.60868 B   29 
-0.61612  0.43273  0.71591 V   29 
-0.59935 -0.08884  0.66673 B   30 
-0.82902 -0.23589  0.71778 X   30 
-0.38293 -0.20320  0.48144 B   31 
-0.46282 -0.18734  0.27842 A   31 
-0.13491 -0.06123  0.60000 B   32 
-0.13941  0.14187  0.52897 A   32 
-0.16479 -0.18271  0.87995 B   33 
-0.26427 -0.15575  1.20519 K   33 
-0.14605 -0.50360  0.77936 B   34 
-0.50043 -0.54300  0.98401 F   34 
 0.11777 -0.47437  0.60048 B   35 
-0.04101 -0.55876  0.29791 E   35 
 0.31071 -0.24453  0.79167 B   36 
 0.32543 -0.09562  0.62815 S   36 
 0.21334 -0.07586  1.03572 B   37 
 0.20418 -0.20716  1.29057 N   37 
 0.29269  0.21514  0.91310 B   38 
-0.09926  0.25371  1.03825 F   38 
 0.57789  0.11988  0.77511 B   39 
 0.80943  0.06298  0.95821 N   39 
 0.79125  0.23266  0.52614 B   40 
 0.77183  0.48054  0.54395 T   40 
 1.03857  0.01223  0.59843 B   41 
 1.30078  0.26133  0.76746 Q   41 
 0.89224 -0.23315  0.52027 B   42 
 0.72995 -0.26383  0.65224 A   42 
 1.01572 -0.57389  0.47557 B   43 
 1.22001 -0.46965  0.39016 T   43 
 0.93468 -0.87542  0.26857 B   44 
 0.74736 -0.83092  0.54586 N   44 
 0.99958 -1.19000  0.20713 B   45 
 1.44105 -1.24456 -0.03613 R   45 
 0.93820 -1.40915 -0.05398 B   46 
 0.69596 -1.17211 -0.10361 N   46 
 0.91901 -1.72447 -0.17206 B   47 
 0.76002 -1.88355 -0.04488 T   47 
 0.98163 -1.61195 -0.48056 B   48 
 0.78099 -1.44942 -0.54110 D   48 
 1.21664 -1.37708 -0.39667 B   49 
 1.07460 -1.15065 -0.34470 B   50 
 0.86810 -1.12023 -0.47446 S   50 
 0.96738 -0.80975 -0.22663 B   51 
 1.19445 -0.83208 -0.07811 T   51 
 0.81911 -0.61776  0.01504 B   52 
 0.52896 -0.79285 -0.04046 D   52 
 0.73239 -0.25839  0.01314 B   53 
 1.16537 -0.39526 -0.14348 Y   53 
 0.63204 -0.06766  0.25289 B   54 
 0.31547  0.04907  0.35580 B   55 
 0.27366  0.30469  0.43850 I   55 
 0.19852 -0.15209  0.09184 B   56 
-0.03255  0.06860  0.05698 L   56 
 0.36271 -0.39194  0.00279 B   57 
 0.49101 -0.50809  0.30196 Q   57 
 0.52953 -0.36507 -0.25923 B   58 
 0.39726 -0.11541 -0.38671 I   58 
 0.62137 -0.56983 -0.51991 B   59 
 0.59096 -0.87288 -0.52710 N   59 
 0.92236 -0.67460 -0.70261 B   60 
 1.07269 -0.74126 -0.54296 S   60 
 0.79721 -0.84572 -0.95000 B   61 
 0.86386 -1.26711 -0.89902 R   61 
 0.61191 -0.57968 -1.06295 B   62 
 0.36261 -0.95402 -1.13757 W   62 
 0.67258 -0.26521 -0.93816 B   63 
 0.24852 -0.37499 -0.92626 W   63 
 0.98143 -0.29305 -0.83942 B   64 
 0.95117 -0.21686 -0.59255 X   64 
 1.33644 -0.23755 -0.80234 B   65 
 1.52759 -0.30131 -1.02056 N   65 
 1.60360 -0.44834 -0.62133 B   66 
 1.43361 -0.62853 -0.51500 D   66 
 1.81922 -0.63718 -0.78921 B   67 
 1.68132 -0.95239 -0.67430 B   68 
 1.67797 -0.92471 -0.20127 R   68 
 1.43725 -1.00861 -0.90687 B   69 
 1.26657 -0.95380 -0.72494 T   69 
 1.37194 -1.22827 -1.11419 B   70 
 1.50185 -1.36279 -1.01027 P   70 
 1.14968 -1.13417 -1.35305 B   71 
 1.10221 -0.84019 -1.32587 B   72 
 1.22565 -0.76154 -1.13867 S   72 
 0.90787 -0.52040 -1.40132 B   73 
 0.71535 -0.66597 -1.66481 R   73 
 0.86638 -0.22412 -1.29330 B   74 
 1.07899 -0.07064 -1.19741 N   74 
 0.57918 -0.06023 -1.33396 B   75 
 0.42005 -0.32588 -1.42818 L   75 
 0.65406  0.20329 -1.14539 B   76 
 0.43657  0.11592 -0.94152 X   76 
 0.93445  0.29327 -1.20230 B   77 
 1.03299  0.37948 -1.44167 N   77 
 1.10686  0.19103 -0.92708 B   78 
 0.95170  0.40367 -0.79518 I   78 
 1.28017  0.18628 -0.66154 B   79 
 1.42141  0.32733 -0.72347 P   79 
 1.20041  0.01642 -0.38470 B   80 
 1.16196 -0.27419 -0.50233 X   80 
 1.32453  0.23092 -0.18601 B   81 
 1.54903  0.24697 -0.26851 S   81 
 1.11260  0.45539 -0.24233 B   82 
 1.14547  0.51191 -0.44243 A   82 
 0.89576  0.28219 -0.06684 B   83 
 0.75728  0.12856 -0.32051 L   83 
 1.06064  0.38327  0.21955 B   84 
 1.17728  0.07653  0.19583 L   84 
 0.99309  0.65502  0.24610 B   85 
 1.08145  0.85462  0.10643 S   85 
 0.84364  0.92083  0.41596 B   86 
 1.01623  1.04601  0.52507 S   86 
 0.75275  0.97043  0.12763 B   87 
 0.74700  1.20882 -0.04147 D   87 
 0.44793  0.83788 -0.01209 B   88 
 0.27690  0.82046  0.19317 I   88 
 0.42414  0.90836 -0.31303 B   89 
 0.48102  1.16609 -0.34153 T   89 
 0.52978  0.64752 -0.44553 B   90 
 0.74630  0.65554 -0.42840 A   90 
 0.32819  0.44659 -0.31842 B   91 
 0.46736  0.36942 -0.09482 S   91 
 0.07207  0.58091 -0.41907 B   92 
-0.00868  0.77510 -0.26257 V   92 
 0.12125  0.57634 -0.72193 B   93 
 0.24194  0.88824 -0.75849 N   93 
 0.15388  0.26903 -0.72259 B   94 
 0.39233  0.11361 -0.70938 X   94 
-0.11496  0.18935 -0.59288 B   95 
-0.09551  0.23418 -0.38322 A   95 
-0.29462  0.30843 -0.81415 B   96 
-0.31209  0.76020 -0.70235 K   96 
-0.19804  0.09574 -1.02043 B   97 
 0.10862  0.23016 -1.21075 K   97 
-0.27352 -0.16226 -0.86862 B   98 
-0.03729 -0.22508 -0.67775 I   98 
-0.58733 -0.10912 -0.82778 B   99 
-0.65682  0.03974 -0.66399 V   99 
-0.61350 -0.08135 -1.16031 B   100 
-0.59422  0.17890 -1.13334 S   100 
-0.54227 -0.38860 -1.25847 B   101 
-0.29661 -0.51874 -1.24780 D   101 
-0.84781 -0.56108 -1.16179 B   102 
-0.85176 -0.66812 -0.83657 B   103 
-0.73011 -0.93992 -0.96541 N   103 
-0.79988 -0.44207 -0.68412 B   104 
-0.74803 -0.47843 -0.33626 B   105 
-0.80589 -0.14562 -0.13705 M   105 
-0.67745 -0.79075 -0.36590 B   106 
-0.99746 -0.86202 -0.40921 N   106 
-0.36860 -0.74099 -0.39468 B   107 
-0.35676 -0.61590 -0.56186 A   107 
-0.41119 -0.72097 -0.08122 B   108 
-0.25102 -0.30261 -0.21373 W   108 
-0.40348 -0.96967  0.13831 B   109 
-0.24547 -1.15764  0.06577 V   109 
-0.46766 -0.81105  0.40039 B   110 
-0.27866 -0.73993  0.47258 A   110 
-0.72285 -0.67977  0.29851 B   111 
-0.93909 -0.45993  0.06078 W   111 
-0.88360 -0.93369  0.22217 B   112 
-0.76910 -1.24631 -0.03759 R   112 
-0.83738 -1.08812  0.51392 B   113 
-0.67098 -1.32573  0.36850 N   113 
-0.88906 -0.79453  0.70839 B   114 
-0.47545 -0.90948  0.96933 R   114 
-1.08430 -0.57105  0.54397 B   115 
-0.80603 -0.41759  0.56863 X   115 
-1.27841 -0.70816  0.38336 B   116 
-1.29905 -0.85773 -0.03531 K   116 
-1.61176 -0.65785  0.49561 B   117 
-1.54724 -0.43653  0.68494 B   118 
-1.33688 -0.53969  0.79673 T   118 
-1.52714 -0.15622  0.90371 B   119 
-1.73259 -0.00113  1.02994 D   119 
-1.32095  0.07341  0.75810 B   120 
-1.29016 -0.04806  0.54185 V   120 
-1.41108  0.34291  0.88971 B   121 
-1.79241  0.38922  0.72852 Q   121 
-1.26239  0.29330  1.16255 B   122 
-1.35454  0.12514  1.24116 A   122 
-0.97677  0.39684  1.04238 B   123 
-0.82550 -0.00348  1.06206 W   123 
-1.09667  0.72117  1.05305 B   124 
-1.12619  0.73389  0.78615 I   124 
-1.15893  0.77231  1.32277 B   125 
-1.57632  0.46628  1.30027 R   125 
-1.09627  1.09309  1.45982 B   126 
-1.03226  1.21929  1.19282 B   127 
-0.81386  0.98528  1.14890 X   127 
-0.92123  1.52352  1.02516 B   128 
-1.17334  1.84022  1.04990 R   128 
-1.11835  1.55988  0.70600 B   129 
-0.99453  1.33228  0.68703 L   129 
