246 
 0.47874  0.62169  1.08223 B   1 
 0.16685  0.54706  1.35314 K   1 
 0.54467  0.32141  1.26625 B   2 
 0.79348  0.28037  1.20641 V   2 
 0.40213  0.03442  1.24398 B   3 
 0.03232  0.22364  1.12008 F   3 
 0.26417 -0.22562  1.35956 B   4 
 0.14566 -0.50822  1.26546 B   5 
 0.26018 -0.92810  1.27904 R   5 
-0.12163 -0.53052  1.43849 B   6 
-0.06236 -0.79714  1.59268 X   6 
-0.18681 -0.22970  1.39523 B   7 
-0.00596  0.07906  1.55132 E   7 
-0.22117 -0.23184  1.08774 B   8 
-0.01624 -0.15407  0.87313 L   8 
-0.42970 -0.45395  1.06279 B   9 
-0.32655 -0.64017  1.10571 A   9 
-0.64740 -0.30571  1.21808 B   10 
-0.58822 -0.31422  1.42844 A   10 
-0.66578 -0.05773  1.03286 B   11 
-0.50543  0.07486  1.09340 A   11 
-0.71440 -0.20940  0.76717 B   12 
-0.32253 -0.27814  0.60498 M   12 
-0.97300 -0.33744  0.86304 B   13 
-1.05549 -0.69674  1.09174 K   13 
-1.14194 -0.09489  0.93868 B   14 
-1.01945  0.27728  1.16906 R   14 
-1.09750  0.00977  0.62906 B   15 
-0.88969  0.31077  0.76249 H   15 
-1.17160 -0.27355  0.45667 B   16 
-0.92604 -0.47451  0.34256 B   17 
-0.71085 -0.24022  0.27893 L   17 
-1.04550 -0.72775  0.42098 B   18 
-0.99964 -0.94010  0.63812 D   18 
-1.11140 -0.89086  0.12976 B   19 
-1.17643 -1.11164  0.35482 N   19 
-1.03625 -0.69869 -0.07344 B   20 
-1.15068 -0.28322 -0.17090 Y   20 
-1.08373 -0.82126 -0.37252 B   21 
-1.27403 -0.46792 -0.62647 R   21 
-0.98629 -1.10876 -0.21839 B   22 
-0.77686 -0.98880 -0.00215 B   23 
-0.56046 -0.95151 -0.41818 Y   23 
-0.63908 -1.07512  0.25425 B   24 
-0.60076 -1.30038  0.30612 S   24 
-0.49941 -0.91374  0.51091 B   25 
-0.62753 -0.78221  0.76556 L   25 
-0.21243 -1.04739  0.48706 B   26 
-0.14018 -0.91873  0.21521 B   27 
-0.27604 -1.15989  0.02210 N   27 
-0.13627 -0.62366  0.30353 B   28 
-0.49495 -0.51010  0.06377 W   28 
 0.07326 -0.65442  0.52681 B   29 
-0.03290 -0.71036  0.75742 V   29 
 0.29219 -0.77631  0.35158 B   30 
 0.34639 -1.03377  0.26353 X   30 
 0.32172 -0.53954  0.15840 B   31 
 0.15077 -0.55099  0.02241 A   31 
 0.38832 -0.31635  0.36205 B   32 
 0.20335 -0.26191  0.45763 A   32 
 0.64342 -0.45013  0.46716 B   33 
 0.80438 -0.63519  0.70434 K   33 
 0.80022 -0.46187  0.16931 B   34 
 0.83993 -0.86200  0.25496 F   34 
 0.75334 -0.15611  0.08706 B   35 
 0.55783 -0.23030 -0.19605 E   35 
 0.78950  0.01010  0.39959 B   36 
 0.58701  0.10007  0.39373 S   36 
 0.80246 -0.12263  0.68191 B   37 
 1.05480 -0.23136  0.76422 N   37 
 0.55304  0.04193  0.81123 B   38 
 0.47530 -0.35533  0.89444 F   38 
 0.62417  0.33256  0.67004 B   39 
 0.86148  0.48437  0.77495 N   39 
 0.45783  0.62735  0.59485 B   40 
 0.29578  0.64963  0.78295 T   40 
 0.73816  0.79676  0.50712 B   41 
 0.77045  1.03800  0.82357 Q   41 
 0.80244  0.63768  0.26568 B   42 
 0.85421  0.44072  0.32242 A   42 
 1.04497  0.70373  0.00080 B   43 
 0.98845  0.93976  0.03235 T   43 
 1.08497  0.63380 -0.36505 B   44 
 1.17271  0.38399 -0.15564 N   44 
 1.27891  0.65480 -0.62752 B   45 
 1.30695  1.13065 -0.80023 R   45 
 1.23463  0.63461 -0.97047 B   46 
 0.95968  0.46628 -0.85472 N   46 
 1.36328  0.59358 -1.27949 B   47 
 1.49958  0.37742 -1.31765 T   47 
 1.10669  0.76488 -1.40824 B   48 
 0.88901  0.62499 -1.35004 D   48 
 1.08351  1.00338 -1.16326 B   49 
 0.91646  0.89667 -0.97656 B   50 
 0.74049  0.74752 -1.06137 S   50 
 0.72743  0.82402 -0.65932 B   51 
 0.91726  0.98835 -0.55405 T   51 
 0.70575  0.64863 -0.36603 B   52 
 0.68842  0.36108 -0.55295 D   52 
 0.43267  0.63433 -0.11724 B   53 
 0.57006  1.06123 -0.28934 Y   53 
 0.42694  0.50417  0.17763 B   54 
 0.30766  0.19857  0.30731 B   55 
 0.17526  0.18198  0.54422 I   55 
 0.23043  0.13050 -0.02917 B   56 
-0.02002 -0.03479  0.08603 L   56 
 0.38978  0.26652 -0.24944 B   57 
 0.70786  0.27614 -0.11455 Q   57 
 0.25693  0.50575 -0.39884 B   58 
-0.04000  0.46593 -0.31936 I   58 
 0.25552  0.63160 -0.71897 B   59 
 0.44471  0.54930 -0.94313 N   59 
 0.30914  0.94857 -0.89674 B   60 
 0.50996  1.02952 -0.82157 S   60 
 0.21972  0.87343 -1.20089 B   61 
 0.55991  0.84287 -1.46156 R   61 
-0.09684  0.78263 -1.10382 B   62 
 0.02155  0.50225 -1.44326 W   62 
-0.20636  0.86036 -0.78742 B   63 
-0.26925  0.43938 -0.89151 W   63 
-0.01753  1.11508 -0.71413 B   64 
 0.08252  1.02729 -0.49064 X   64 
 0.09048  1.44679 -0.62037 B   65 
 0.05572  1.67904 -0.80224 N   65 
 0.44231  1.60419 -0.62413 B   66 
 0.57543  1.38004 -0.69274 D   66 
 0.53319  1.82126 -0.85856 B   67 
 0.77390  1.59969 -1.01521 B   68 
 1.06400  1.46078 -0.66723 R   68 
 0.57616  1.42997 -1.23637 B   69 
 0.60016  1.22605 -1.08447 T   69 
 0.56612  1.38999 -1.54264 B   70 
 0.76920  1.45588 -1.55633 P   70 
 0.27037  1.27032 -1.65893 B   71 
 0.07380  1.27205 -1.43358 B   72 
 0.18555  1.34644 -1.23750 S   72 
-0.25749  1.17155 -1.27276 B   73 
-0.39767  1.04283 -1.57518 R   73 
-0.40060  1.15522 -0.98916 B   74 
-0.36869  1.35413 -0.79585 N   74 
-0.63570  0.92860 -0.92309 B   75 
-0.57265  0.75857 -1.19120 L   75 
-0.66425  0.99124 -0.59771 B   76 
-0.54600  0.71069 -0.53600 X   76 
-0.66652  1.28740 -0.55050 B   77 
-0.84783  1.46690 -0.64719 N   77 
-0.35847  1.34805 -0.41877 B   78 
-0.46834  1.20270 -0.18749 I   78 
-0.12217  1.43042 -0.22398 B   79 
-0.20963  1.60718 -0.15482 P   79 
 0.14648  1.24191 -0.15959 B   80 
 0.25219  1.18726 -0.45219 X   80 
 0.17440  1.33859  0.14168 B   81 
 0.18613  1.57639  0.11379 S   81 
-0.08611  1.19831  0.24621 B   82 
-0.24409  1.29912  0.15031 A   82 
 0.07163  0.91098  0.22688 B   83 
-0.03825  0.82846 -0.07018 L   83 
 0.24737  0.99878  0.51118 B   84 
 0.47839  1.05845  0.28464 L   84 
 0.05854  0.97778  0.71859 B   85 
-0.13737  1.13898  0.77141 S   85 
-0.06036  0.83630  1.01471 B   86 
-0.01437  0.98856  1.19377 S   86 
-0.31370  0.84620  0.84273 B   87 
-0.58714  0.93519  0.89537 D   87 
-0.41989  0.57784  0.62660 B   88 
-0.33203  0.35331  0.74302 I   88 
-0.67267  0.65820  0.46615 B   89 
-0.84567  0.76754  0.63523 T   89 
-0.54761  0.74843  0.19603 B   90 
-0.46790  0.94761  0.23093 A   90 
-0.39767  0.48467  0.12450 B   91 
-0.15168  0.53418  0.23566 S   91 
-0.64154  0.29956  0.13024 B   92 
-0.69746  0.21318  0.37135 V   92 
-0.82009  0.43498 -0.07940 B   93 
-1.01311  0.61649  0.12793 N   93 
-0.60224  0.40899 -0.29704 B   94 
-0.40746  0.59969 -0.38000 X   94 
-0.55528  0.10385 -0.28541 B   95 
-0.44150  0.06791 -0.10622 A   95 
-0.84180  0.02346 -0.36821 B   96 
-1.07905  0.05723  0.03112 K   96 
-0.80062  0.13608 -0.65586 B   97 
-0.91129  0.50480 -0.66741 K   97 
-0.55301 -0.02746 -0.74099 B   98 
-0.30502  0.12536 -0.63454 I   98 
-0.66915 -0.32372 -0.69967 B   99 
-0.68589 -0.41010 -0.48502 V   99 
-0.91464 -0.24408 -0.91278 B   100 
-1.06583 -0.18599 -0.70639 S   100 
-0.74754 -0.20486 -1.19501 B   101 
-0.56900 -0.00198 -1.26107 D   101 
-0.67218 -0.55166 -1.27561 B   102 
-0.38831 -0.67198 -1.12667 B   103 
-0.24800 -0.56986 -1.40082 N   103 
-0.42312 -0.62705 -0.85500 B   104 
-0.15302 -0.68880 -0.63534 B   105 
-0.26659 -0.74087 -0.26361 M   105 
 0.06217 -0.67153 -0.87366 B   106 
-0.02734 -0.97152 -0.98024 N   106 
 0.11516 -0.36451 -0.83342 B   107 
-0.07465 -0.28054 -0.85908 A   107 
 0.29248 -0.49405 -0.60484 B   108 
-0.02168 -0.22732 -0.38486 W   108 
 0.60658 -0.59813 -0.62968 B   109 
 0.73968 -0.46324 -0.80187 V   109 
 0.64946 -0.70700 -0.33937 B   110 
 0.71329 -0.53835 -0.22330 A   110 
 0.40715 -0.89144 -0.33658 B   111 
 0.02943 -0.98258 -0.36167 W   111 
 0.47345 -1.06614 -0.58401 B   112 
 0.55308 -0.93927 -0.97883 R   112 
 0.78445 -1.13825 -0.48820 B   113 
 0.90613 -0.98296 -0.74584 N   113 
 0.69632 -1.19035 -0.14732 B   114 
 1.08588 -0.90191 -0.01535 R   114 
 0.37135 -1.28299 -0.11723 B   115 
 0.37900 -1.00138  0.03185 X   115 
 0.29232 -1.44228 -0.34230 B   116 
 0.11182 -1.36454 -0.74162 K   116 
 0.21821 -1.77864 -0.25496 B   117 
 0.21507 -1.73373  0.03993 B   118 
 0.42961 -1.58904  0.06055 T   118 
 0.17629 -1.72829  0.39391 B   119 
 0.08435 -1.92968  0.57609 D   119 
-0.00353 -1.44942  0.47349 B   120 
-0.05282 -1.37860  0.23892 V   120 
-0.12973 -1.52326  0.75043 B   121 
-0.39666 -1.82386  0.64121 Q   121 
 0.13319 -1.47441  0.91626 B   122 
 0.26660 -1.61518  0.84322 A   122 
 0.08213 -1.15200  0.92966 B   123 
 0.41648 -1.09010  0.66909 W   123 
-0.17042 -1.20759  1.15947 B   124 
-0.36393 -1.15341  0.98089 I   124 
-0.04943 -1.33679  1.37835 B   125 
-0.00030 -1.77752  1.11056 R   125 
-0.15450 -1.25969  1.70794 B   126 
-0.39265 -1.09691  1.61791 B   127 
-0.18917 -0.92250  1.43748 X   127 
-0.66968 -0.88682  1.72795 B   128 
-0.95298 -1.07184  1.95152 R   128 
-0.97054 -0.96968  1.51662 B   129 
-0.78731 -0.89009  1.35054 L   129 
