246 
 0.55040  0.52710  1.09824 B   1 
 0.29119  0.37355  1.39060 K   1 
 0.67691  0.21639  1.22406 B   2 
 0.91780  0.21874  1.12847 V   2 
 0.56769 -0.08173  1.17534 B   3 
 0.16424  0.06980  1.12862 F   3 
 0.47934 -0.37174  1.26536 B   4 
 0.38302 -0.65235  1.14395 B   5 
 0.54727 -1.05022  1.07822 R   5 
 0.14755 -0.73494  1.34297 B   6 
 0.25929 -1.00946  1.44558 X   6 
 0.04169 -0.44296  1.35513 B   7 
 0.20497 -0.13659  1.53369 E   7 
-0.03547 -0.40752  1.05760 B   8 
 0.12624 -0.27342  0.83406 L   8 
-0.21762 -0.65075  1.02440 B   9 
-0.08808 -0.82504  1.02498 A   9 
-0.42709 -0.55679  1.22633 B   10 
-0.33806 -0.58588  1.42395 A   10 
-0.50084 -0.29064  1.08539 B   11 
-0.35039 -0.14676  1.14555 A   11 
-0.56836 -0.40958  0.80745 B   12 
-0.19812 -0.40056  0.58965 M   12 
-0.79371 -0.58408  0.91340 B   13 
-0.79972 -0.97933  1.09213 K   13 
-0.97775 -0.37993  1.04585 B   14 
-0.86879 -0.02965  1.31422 R   14 
-0.99044 -0.22856  0.75307 B   15 
-0.80295  0.07703  0.90491 H   15 
-1.05414 -0.49298  0.54934 B   16 
-0.80519 -0.64046  0.37620 B   17 
-0.63052 -0.37218  0.32364 L   17 
-0.88144 -0.91614  0.42858 B   18 
-0.78038 -1.14794  0.60294 D   18 
-0.96820 -1.04517  0.12596 B   19 
-0.97400 -1.30165  0.32041 N   19 
-0.94597 -0.81837 -0.05273 B   20 
-1.12152 -0.41328 -0.06991 Y   20 
-1.02055 -0.90402 -0.35904 B   21 
-1.28551 -0.54884 -0.52991 R   21 
-0.86884 -1.19374 -0.26442 B   22 
-0.64655 -1.07688 -0.05962 B   23 
-0.49735 -0.95320 -0.48828 Y   23 
-0.46452 -1.17776  0.16142 B   24 
-0.39279 -1.40054  0.17270 S   24 
-0.30995 -1.03546  0.42083 B   25 
-0.41531 -0.95918  0.70656 L   25 
-0.01547 -1.12362  0.34149 B   26 
 0.00170 -0.95007  0.08603 B   27 
-0.13064 -1.17882 -0.12389 N   27 
-0.01691 -0.67226  0.21778 B   28 
-0.41689 -0.57747  0.04442 W   28 
 0.22435 -0.70419  0.40615 B   29 
 0.15939 -0.80543  0.63661 V   29 
 0.42908 -0.76939  0.18860 B   30 
 0.50037 -1.00232  0.05578 X   30 
 0.40261 -0.50652  0.03224 B   31 
 0.21667 -0.52267 -0.08183 A   31 
 0.47052 -0.30641  0.25822 B   32 
 0.29585 -0.29172  0.38308 A   32 
 0.75200 -0.41683  0.30920 B   33 
 0.96578 -0.60871  0.49329 K   33 
 0.86521 -0.36573 -0.00386 B   34 
 0.96382 -0.76447  0.01329 F   34 
 0.77121 -0.06100 -0.03141 B   35 
 0.54768 -0.12185 -0.29639 E   35 
 0.83140  0.06404  0.29622 B   36 
 0.62091  0.12512  0.32929 S   36 
 0.89995 -0.10317  0.55084 B   37 
 1.17251 -0.18626  0.58369 N   37 
 0.65368  0.00599  0.73373 B   38 
 0.63619 -0.40583  0.76339 F   38 
 0.66909  0.32028  0.63156 B   39 
 0.89920  0.48755  0.72873 N   39 
 0.46000  0.59678  0.62392 B   40 
 0.32480  0.57037  0.83168 T   40 
 0.70296  0.81374  0.52968 B   41 
 0.75101  1.01130  0.87324 Q   41 
 0.75072  0.69979  0.26048 B   42 
 0.83299  0.50596  0.27926 A   42 
 0.94363  0.83451 -0.01877 B   43 
 0.86459  1.05386  0.05563 T   43 
 0.93930  0.82175 -0.39314 B   44 
 1.08487  0.56006 -0.23730 N   44 
 1.09016  0.90523 -0.67103 B   45 
 1.03679  1.39958 -0.77014 R   45 
 1.00035  0.92647 -1.00489 B   46 
 0.76653  0.70746 -0.88367 N   46 
 1.08778  0.94649 -1.32998 B   47 
 1.24194  0.75856 -1.41759 T   47 
 0.79704  1.09676 -1.39814 B   48 
 0.60796  0.92147 -1.33597 D   48 
 0.78076  1.29379 -1.11824 B   49 
 0.65574  1.14038 -0.93120 B   50 
 0.48845  0.98144 -1.01579 S   50 
 0.52362  0.99939 -0.60822 B   51 
 0.70563  1.17232 -0.50293 T   51 
 0.56473  0.78403 -0.34519 B   52 
 0.55526  0.52531 -0.57079 D   52 
 0.33337  0.69806 -0.06995 B   53 
 0.39335  1.15943 -0.18948 Y   53 
 0.38503  0.52906  0.19966 B   54 
 0.32243  0.19501  0.29416 B   55 
 0.22791  0.12788  0.54010 I   55 
 0.20684  0.16385 -0.03672 B   56 
-0.00334 -0.04872  0.08141 L   56 
 0.31606  0.34956 -0.25119 B   57 
 0.64665  0.38440 -0.15657 Q   57 
 0.13593  0.58639 -0.34430 B   58 
-0.13988  0.49538 -0.23604 I   58 
 0.07418  0.75365 -0.63846 B   59 
 0.23805  0.72989 -0.89419 N   59 
 0.06407  1.09639 -0.77027 B   60 
 0.26250  1.19320 -0.70874 S   60 
-0.05807  1.05217 -1.06906 B   61 
 0.24287  1.10503 -1.37113 R   61 
-0.34463  0.90602 -0.94904 B   62 
-0.24322  0.69404 -1.33972 W   62 
-0.41656  0.92362 -0.61339 B   63 
-0.44324  0.51633 -0.77284 W   63 
-0.25078  1.18947 -0.52534 B   64 
-0.11033  1.08645 -0.33214 X   64 
-0.17065  1.51684 -0.39538 B   65 
-0.25815  1.76484 -0.53344 N   65 
 0.15593  1.72035 -0.41795 B   66 
 0.30358  1.52833 -0.53625 D   66 
 0.18623  1.97805 -0.62533 B   67 
 0.42681  1.81553 -0.84277 B   68 
 0.77777  1.67152 -0.55881 R   68 
 0.22121  1.65215 -1.06153 B   69 
 0.29053  1.43458 -0.94713 T   69 
 0.17261  1.65367 -1.36671 B   70 
 0.36243  1.74823 -1.39489 P   70 
-0.12036  1.51142 -1.46287 B   71 
-0.28175  1.45497 -1.21754 B   72 
-0.15292  1.51641 -1.02755 S   72 
-0.57259  1.28850 -1.03472 B   73 
-0.73802  1.18447 -1.33386 R   73 
-0.67104  1.21372 -0.74165 B   74 
-0.63582  1.38665 -0.52529 N   74 
-0.86584  0.94988 -0.68305 B   75 
-0.82178  0.82869 -0.97994 L   75 
-0.85514  0.96263 -0.35089 B   76 
-0.69691  0.69532 -0.34834 X   76 
-0.88578  1.24631 -0.25850 B   77 
-1.09896  1.41061 -0.30321 N   77 
-0.57154  1.33024 -0.15785 B   78 
-0.62944  1.14070  0.05989 I   78 
-0.32142  1.41689  0.01681 B   79 
-0.41852  1.56868  0.12270 P   79 
-0.02592  1.26027  0.01773 B   80 
 0.04291  1.26151 -0.29055 X   80 
 0.03282  1.31752  0.32458 B   81 
 0.01220  1.55622  0.33260 S   81 
-0.19173  1.12957  0.43737 B   82 
-0.37254  1.21981  0.37839 A   82 
-0.00539  0.87220  0.35457 B   83 
-0.14576  0.81693  0.06411 L   83 
 0.19726  0.94351  0.62525 B   84 
 0.38507  1.06511  0.38401 L   84 
 0.04362  0.86830  0.84853 B   85 
-0.16052  0.99208  0.94934 S   85 
-0.01443  0.67239  1.13154 B   86 
 0.03814  0.80346  1.32497 S   86 
-0.28898  0.67074  0.99562 B   87 
-0.56078  0.71301  1.09459 D   87 
-0.39221  0.42258  0.75527 B   88 
-0.26271  0.19849  0.82385 I   88 
-0.67292  0.48853  0.64150 B   89 
-0.83190  0.54863  0.84543 T   89 
-0.59906  0.63145  0.37529 B   90 
-0.53938  0.83302  0.43053 A   90 
-0.43059  0.40330  0.24592 B   91 
-0.17893  0.47057  0.33232 S   91 
-0.64750  0.18726  0.25289 B   92 
-0.65799  0.06166  0.48275 V   92 
-0.86878  0.32424  0.09029 B   93 
-1.05055  0.44709  0.34533 N   93 
-0.68250  0.35878 -0.15387 B   94 
-0.52546  0.58414 -0.22962 X   94 
-0.59852  0.06438 -0.19546 B   95 
-0.45701  0.02022 -0.03935 A   95 
-0.88233 -0.04267 -0.25385 B   96 
-1.06281 -0.09724  0.17201 K   96 
-0.89604  0.11303 -0.52345 B   97 
-1.05014  0.46097 -0.46411 K   97 
-0.64539 -0.00145 -0.66265 B   98 
-0.40469  0.16806 -0.56514 I   98 
-0.71855 -0.31376 -0.65371 B   99 
-0.69429 -0.43031 -0.45461 V   99 
-0.99950 -0.24026 -0.82012 B   100 
-1.12566 -0.23256 -0.59022 S   100 
-0.87998 -0.13989 -1.11125 B   101 
-0.73795  0.09284 -1.16657 D   101 
-0.77626 -0.45855 -1.25319 B   102 
-0.46188 -0.55782 -1.16070 B   103 
-0.37501 -0.40058 -1.43089 N   103 
-0.46285 -0.55592 -0.88316 B   104 
-0.15891 -0.60937 -0.71059 B   105 
-0.21158 -0.72725 -0.34028 M   105 
 0.01669 -0.52993 -0.96799 B   106 
-0.05084 -0.82188 -1.10788 N   106 
 0.03808 -0.22701 -0.88754 B   107 
-0.16205 -0.16734 -0.87637 A   107 
 0.26015 -0.36099 -0.70532 B   108 
-0.04899 -0.17304 -0.40978 W   108 
 0.57764 -0.41626 -0.78438 B   109 
 0.66801 -0.24189 -0.94866 V   109 
 0.67390 -0.55704 -0.52191 B   110 
 0.73311 -0.39876 -0.38989 A   110 
 0.45802 -0.77180 -0.51793 B   111 
 0.09407 -0.90993 -0.51021 W   111 
 0.50877 -0.89997 -0.79567 B   112 
 0.51594 -0.71024 -1.17286 R   112 
 0.83656 -0.94089 -0.75114 B   113 
 0.90115 -0.73635 -0.99462 N   113 
 0.80451 -1.05105 -0.41421 B   114 
 1.17189 -0.73246 -0.28809 R   114 
 0.50039 -1.19095 -0.35910 B   115 
 0.49569 -0.93418 -0.17032 X   115 
 0.40966 -1.32716 -0.59467 B   116 
 0.16638 -1.22094 -0.95189 K   116 
 0.38910 -1.67931 -0.55199 B   117 
 0.42255 -1.67624 -0.25558 B   118 
 0.61917 -1.50753 -0.23935 T   118 
 0.43405 -1.72494  0.09703 B   119 
 0.39342 -1.96022  0.25575 D   119 
 0.23556 -1.48721  0.24030 B   120 
 0.14543 -1.39231  0.02737 V   120 
 0.15960 -1.61515  0.51586 B   121 
-0.08259 -1.93185  0.39508 Q   121 
 0.43573 -1.55372  0.65366 B   122 
 0.57316 -1.66331  0.54388 A   122 
 0.34923 -1.24638  0.72297 B   123 
 0.63349 -1.10364  0.43601 W   123 
 0.14025 -1.36740  0.97068 B   124 
-0.08169 -1.31644  0.82780 I   124 
 0.30554 -1.50750  1.15038 B   125 
 0.36806 -1.89617  0.81363 R   125 
 0.23992 -1.49172  1.49832 B   126 
-0.02619 -1.35259  1.46452 B   127 
 0.12750 -1.12860  1.28963 X   127 
-0.30773 -1.19994  1.63895 B   128 
-0.53248 -1.45129  1.86431 R   128 
-0.62357 -1.29372  1.45595 B   129 
-0.47651 -1.16750  1.28295 L   129 
