246 
 0.06811  0.37383  1.28161 B   1 
 0.01520  0.00190  1.46897 K   1 
 0.38611  0.22087  1.34369 B   2 
 0.54616  0.41990  1.29963 V   2 
 0.52122 -0.03211  1.19904 B   3 
 0.12964 -0.19931  1.11763 F   3 
 0.67307 -0.30942  1.19177 B   4 
 0.80036 -0.51905  0.98534 B   5 
 1.19593 -0.64133  0.85056 R   5 
 0.70762 -0.79903  1.10739 B   6 
 0.98806 -0.93148  1.15413 X   6 
 0.42542 -0.68765  1.17494 B   7 
 0.32950 -0.43306  1.45491 E   7 
 0.32912 -0.62381  0.88792 B   8 
 0.33226 -0.35395  0.74208 L   8 
 0.37512 -0.89685  0.75840 B   9 
 0.59011 -0.91978  0.73811 A   9 
 0.17400 -1.04561  0.93420 B   10 
 0.26818 -1.06538  1.13058 A   10 
-0.07629 -0.88003  0.85622 B   11 
-0.07148 -0.70175  0.97931 A   11 
-0.05404 -0.91549  0.54930 B   12 
 0.18395 -0.58358  0.41591 M   12 
-0.07925 -1.21828  0.56120 B   13 
 0.21042 -1.53464  0.62610 K   13 
-0.34577 -1.25611  0.70482 B   14 
-0.50568 -1.03935  1.07093 R   14 
-0.48015 -1.07412  0.46480 B   15 
-0.56027 -0.79474  0.72388 H   15 
-0.34662 -1.22451  0.19088 B   16 
-0.07802 -1.09209  0.03587 B   17 
-0.15217 -0.78082  0.08933 L   17 
 0.06976 -1.33980 -0.00098 B   18 
 0.31632 -1.47484  0.12279 D   18 
 0.08445 -1.38730 -0.33755 B   19 
 0.27566 -1.61882 -0.22152 N   19 
-0.07316 -1.16855 -0.44328 B   20 
-0.48658 -1.02312 -0.38723 Y   20 
-0.08134 -1.17840 -0.76972 B   21 
-0.53001 -1.07845 -0.88915 R   21 
 0.23729 -1.29040 -0.72690 B   22 
 0.31978 -1.12566 -0.46031 B   23 
 0.30977 -0.80608 -0.80538 Y   23 
 0.53140 -1.13473 -0.24280 B   24 
 0.74163 -1.23251 -0.27661 S   24 
 0.55178 -1.01789  0.06923 B   25 
 0.44053 -1.13243  0.33952 L   25 
 0.81491 -0.84532  0.02713 B   26 
 0.68752 -0.64013 -0.16612 B   27 
 0.74745 -0.81314 -0.44963 N   27 
 0.48303 -0.51534  0.02753 B   28 
 0.12718 -0.67659 -0.18788 W   28 
 0.68443 -0.42837  0.24335 B   29 
 0.72532 -0.61206  0.42270 V   29 
 0.86073 -0.25937  0.05937 B   30 
 1.06955 -0.31825 -0.11355 X   30 
 0.64474 -0.05820 -0.02507 B   31 
 0.52054 -0.16144 -0.17261 A   31 
 0.56153  0.04648  0.25393 B   32 
 0.43694 -0.10488  0.34272 A   32 
 0.83917  0.15425  0.32689 B   33 
 1.13595  0.12015  0.49171 K   33 
 0.86294  0.36525  0.06545 B   34 
 1.21838  0.17054 -0.00359 F   34 
 0.57752  0.50571  0.10099 B   35 
 0.45051  0.39542 -0.20818 E   35 
 0.54870  0.52425  0.45515 B   36 
 0.36064  0.40716  0.46237 S   36 
 0.73103  0.38290  0.66555 B   37 
 0.98183  0.50790  0.72679 N   37 
 0.49235  0.22448  0.82031 B   38 
 0.77726 -0.06322  0.73761 F   38 
 0.27172  0.47073  0.80853 B   39 
 0.31722  0.70765  0.98788 N   39 
-0.07223  0.50675  0.83367 B   40 
-0.13510  0.32990  0.99771 T   40 
-0.06456  0.84549  0.84727 B   41 
-0.15289  0.89741  1.23312 Q   41 
 0.03467  0.89047  0.57185 B   42 
 0.23191  0.81633  0.55469 A   42 
 0.05580  1.20007  0.37937 B   43 
-0.15207  1.26335  0.49198 T   43 
 0.04017  1.30770  0.02089 B   44 
 0.33800  1.19011  0.12780 N   44 
 0.06891  1.55457 -0.19165 B   45 
-0.32843  1.86848 -0.16664 R   45 
-0.02810  1.61199 -0.51917 B   46 
-0.02638  1.26971 -0.50604 N   46 
-0.00065  1.78883 -0.80501 B   47 
 0.23610  1.80217 -0.90765 T   47 
-0.31429  1.70583 -0.88560 B   48 
-0.31629  1.44161 -0.90845 D   48 
-0.45062  1.73299 -0.57238 B   49 
-0.41655  1.48770 -0.45915 B   50 
-0.42367  1.29576 -0.61248 S   50 
-0.38842  1.20234 -0.21536 B   51 
-0.37990  1.40697 -0.03599 T   51 
-0.19013  1.00817 -0.01479 B   52 
-0.02429  0.90604 -0.29760 D   52 
-0.27315  0.70467  0.17930 B   53 
-0.56931  1.08241  0.19793 Y   53 
-0.10040  0.54568  0.40021 B   54 
 0.10118  0.25636  0.39060 B   55 
 0.09799  0.06929  0.58788 I   55 
 0.02402  0.26108  0.04732 B   56 
 0.03735 -0.05965  0.06371 L   56 
-0.04579  0.52499 -0.08646 B   57 
 0.16432  0.74686  0.07505 Q   57 
-0.34614  0.58262 -0.14704 B   58 
-0.46613  0.29803 -0.12077 I   58 
-0.52608  0.74127 -0.39356 B   59 
-0.41011  0.92083 -0.61064 N   59 
-0.78656  0.99760 -0.43081 B   60 
-0.71460  1.17832 -0.30959 S   60 
-0.85705  0.97914 -0.74837 B   61 
-0.70352  1.31806 -0.96325 R   61 
-0.94428  0.64774 -0.72739 B   62 
-0.74455  0.70518 -1.13317 W   62 
-0.98733  0.50261 -0.41880 B   63 
-0.72305  0.27153 -0.68104 W   63 
-1.05773  0.76150 -0.23458 B   64 
-0.87508  0.73104 -0.05190 X   64 
-1.22929  0.98740 -0.01093 B   65 
-1.47594  1.13079 -0.09355 N   65 
-1.14975  1.35270  0.08289 B   66 
-0.91638  1.36863 -0.05110 D   66 
-1.32557  1.60612 -0.04040 B   67 
-1.05458  1.73708 -0.24285 B   68 
-0.69105  1.79738  0.05507 R   68 
-1.09293  1.55830 -0.53161 B   69 
-0.88210  1.42946 -0.46691 T   69 
-1.14551  1.62246 -0.82930 B   70 
-1.08313  1.82424 -0.79521 P   70 
-1.25256  1.35777 -1.01312 B   71 
-1.30990  1.13139 -0.82634 B   72 
-1.25343  1.20017 -0.60600 S   72 
-1.38187  0.76394 -0.75204 B   73 
-1.43955  0.67691 -1.09376 R   73 
-1.37957  0.55424 -0.51289 B   74 
-1.46655  0.62172 -0.25630 N   74 
-1.32224  0.22994 -0.56331 B   75 
-1.22200  0.27647 -0.86753 L   75 
-1.30464  0.14014 -0.24356 B   76 
-1.00290  0.07637 -0.28080 X   76 
-1.52398  0.27287 -0.08794 B   77 
-1.79246  0.24531 -0.12793 N   77 
-1.36008  0.51320  0.08897 B   78 
-1.25171  0.28139  0.23459 I   78 
-1.23836  0.68730  0.32444 B   79 
-1.40849  0.68439  0.44580 P   79 
-0.92076  0.79084  0.34063 B   80 
-0.89177  0.93730  0.06228 X   80 
-0.90318  0.77117  0.65717 B   81 
-1.08821  0.90857  0.72311 S   81 
-0.91778  0.45807  0.67218 B   82 
-1.11150  0.40964  0.60552 A   82 
-0.60862  0.44733  0.56211 B   83 
-0.68336  0.40644  0.24609 L   83 
-0.50327  0.54809  0.87543 B   84 
-0.47407  0.83360  0.71454 L   84 
-0.54306  0.32197  1.03792 B   85 
-0.76774  0.22830  1.12681 S   85 
-0.42642  0.06522  1.24363 B   86 
-0.47266  0.12498  1.47089 S   86 
-0.62382 -0.08320  1.06235 B   87 
-0.83713 -0.27593  1.11537 D   87 
-0.53151 -0.23890  0.75050 B   88 
-0.27689 -0.31564  0.78157 I   88 
-0.78038 -0.35494  0.60665 B   89 
-0.92203 -0.49117  0.78511 T   89 
-0.84706 -0.12678  0.40603 B   90 
-0.94696  0.02735  0.52224 A   90 
-0.57397 -0.11625  0.25610 B   91 
-0.44241  0.07442  0.40327 S   91 
-0.56927 -0.40859  0.16509 B   92 
-0.47312 -0.57004  0.34787 V   92 
-0.83064 -0.42199  0.00485 B   93 
-1.03015 -0.54972  0.24373 N   93 
-0.74023 -0.19287 -0.18180 B   94 
-0.79719  0.08580 -0.16485 X   94 
-0.47321 -0.31165 -0.28200 B   95 
-0.33418 -0.29157 -0.11887 A   95 
-0.59694 -0.55923 -0.41915 B   96 
-0.65838 -0.85496 -0.06466 K   96 
-0.73380 -0.38251 -0.63631 B   97 
-1.08689 -0.28343 -0.51868 K   97 
-0.48572 -0.23836 -0.75027 B   98 
-0.43444  0.00725 -0.56798 I   98 
-0.31203 -0.49380 -0.83719 B   99 
-0.20003 -0.61551 -0.67454 V   99 
-0.56954 -0.58841 -1.02894 B   100 
-0.64931 -0.74399 -0.83333 S   100 
-0.57544 -0.34817 -1.25557 B   101 
-0.64692 -0.08164 -1.22020 D   101 
-0.28314 -0.43706 -1.45333 B   102 
 0.01177 -0.31243 -1.33191 B   103 
-0.05638 -0.06473 -1.53009 N   103 
 0.02587 -0.40000 -1.06892 B   104 
 0.28532 -0.27844 -0.86173 B   105 
 0.35481 -0.50876 -0.55202 M   105 
 0.33534 -0.02351 -1.05123 B   106 
 0.48967 -0.21462 -1.27265 N   106 
 0.13763  0.16155 -0.89200 B   107 
-0.04350  0.05769 -0.90392 A   107 
 0.39854  0.17120 -0.71227 B   108 
 0.06624 -0.01570 -0.44230 W   108 
 0.65407  0.38090 -0.74114 B   109 
 0.58224  0.60846 -0.83396 V   109 
 0.83714  0.27337 -0.51116 B   110 
 0.77244  0.37482 -0.33365 A   110 
 0.84147 -0.01649 -0.60446 B   111 
 0.68821 -0.36076 -0.70239 W   111 
 0.95247  0.02409 -0.89112 B   112 
 0.79946  0.27146 -1.19725 R   112 
 1.21206  0.21096 -0.79732 B   113 
 1.09608  0.46529 -0.96212 N   113 
 1.28839  0.01054 -0.51327 B   114 
 1.32240  0.43131 -0.24093 R   114 
 1.18072 -0.30840 -0.55543 B   115 
 1.00429 -0.20567 -0.31066 X   115 
 1.20169 -0.38458 -0.83117 B   116 
 0.93578 -0.37132 -1.18781 K   116 
 1.44243 -0.63998 -0.88656 B   117 
 1.48070 -0.70891 -0.59886 B   118 
 1.49720 -0.46859 -0.50209 T   118 
 1.54411 -0.84438 -0.27565 B   119 
 1.69385 -1.07501 -0.19453 D   119 
 1.24410 -0.87397 -0.11577 B   120 
 1.10107 -0.80757 -0.30967 V   120 
 1.29913 -1.09686  0.09722 B   121 
 1.35103 -1.43124 -0.14576 Q   121 
 1.45486 -0.90930  0.29618 B   122 
 1.62251 -0.84990  0.18981 A   122 
 1.17841 -0.79272  0.42550 B   123 
 1.25678 -0.41210  0.24520 W   123 
 1.13447 -1.09460  0.58864 B   124 
 0.93548 -1.17031  0.42450 I   124 
 1.36018 -1.12751  0.75360 B   125 
 1.66275 -1.22837  0.34537 R   125 
 1.32353 -1.27333  1.07455 B   126 
 1.03697 -1.35735  1.02826 B   127 
 0.97290 -1.05041  0.95039 X   127 
 0.74212 -1.50945  1.17964 B   128 
 0.77939 -1.89940  1.28462 R   128 
 0.57937 -1.73111  0.92192 B   129 
 0.58093 -1.49256  0.81907 L   129 
