246 
-0.85952  0.71986 -0.72797 B   1 
-1.08079  0.41082 -0.90621 K   1 
-1.14595  0.64194 -0.52733 B   2 
-1.14857  0.84354 -0.36448 V   2 
-1.20178  0.38327 -0.34526 B   3 
-0.95698  0.14077 -0.60828 F   3 
-1.37570  0.14219 -0.23732 B   4 
-1.36810 -0.09371 -0.02041 B   5 
-1.54834 -0.18487  0.36534 R   5 
-1.48867 -0.33990 -0.18391 B   6 
-1.73466 -0.40852 -0.00184 X   6 
-1.33163 -0.25990 -0.43993 B   7 
-1.39785  0.04391 -0.67598 E   7 
-1.04362 -0.29395 -0.33211 B   8 
-0.85445 -0.07798 -0.22405 L   8 
-1.06268 -0.58143 -0.22997 B   9 
-1.18565 -0.57504 -0.05109 A   9 
-1.11549 -0.70535 -0.50445 B   10 
-1.32223 -0.65495 -0.55490 A   10 
-0.85462 -0.60924 -0.64175 B   11 
-0.89146 -0.40540 -0.70538 A   11 
-0.65524 -0.72433 -0.43448 B   12 
-0.59833 -0.40925 -0.14798 M   12 
-0.74359 -1.01204 -0.47778 B   13 
-1.06613 -1.24853 -0.30972 K   13 
-0.69841 -1.04997 -0.77713 B   14 
-0.80050 -0.76823 -1.11888 R   14 
-0.38451 -0.96498 -0.72200 B   15 
-0.43731 -0.64098 -0.93136 H   15 
-0.31287 -1.16242 -0.45487 B   16 
-0.32134 -1.03764 -0.14172 B   17 
-0.21769 -0.73939 -0.21618 L   17 
-0.46190 -1.25948 -0.01687 B   18 
-0.74435 -1.31454  0.09055 D   18 
-0.24007 -1.39538  0.20239 B   19 
-0.51351 -1.55273  0.26637 N   19 
 0.00144 -1.24200  0.15747 B   20 
 0.25725 -1.15349 -0.19173 Y   20 
 0.24158 -1.34298  0.35460 B   21 
 0.63261 -1.35171  0.08521 R   21 
-0.01834 -1.38731  0.56997 B   22 
-0.21134 -1.14439  0.47641 B   23 
 0.14683 -0.93851  0.70143 Y   23 
-0.50147 -1.05957  0.50478 B   24 
-0.63516 -1.12863  0.68438 S   24 
-0.70494 -0.85922  0.33188 B   25 
-0.87057 -0.91045  0.07016 L   25 
-0.77990 -0.66598  0.57235 B   26 
-0.49713 -0.54495  0.60493 B   27 
-0.38086 -0.77804  0.81954 N   27 
-0.47512 -0.40513  0.33134 B   28 
-0.15234 -0.67347  0.18021 W   28 
-0.72769 -0.23133  0.35794 B   29 
-0.94105 -0.34941  0.26784 V   29 
-0.64747 -0.09438  0.61929 B   30 
-0.66657 -0.16529  0.88684 X   30 
-0.39156  0.03906  0.51465 B   31 
-0.24083 -0.11914  0.50461 A   31 
-0.51182  0.20248  0.28107 B   32 
-0.54842  0.06402  0.12044 A   32 
-0.69990  0.36842  0.45745 B   33 
-1.01115  0.42828  0.58373 K   33 
-0.45733  0.49981  0.65069 B   34 
-0.68390  0.35189  0.96020 F   34 
-0.26587  0.59801  0.41373 B   35 
 0.00234  0.38793  0.50215 E   35 
-0.50104  0.70910  0.17091 B   36 
-0.42880  0.57058  0.01368 S   36 
-0.80968  0.66196  0.17382 B   37 
-0.96749  0.83677  0.33755 N   37 
-0.82735  0.51715 -0.11727 B   38 
-1.03028  0.26623  0.14087 F   38 
-0.60750  0.71272 -0.26853 B   39 
-0.69173  0.99411 -0.33250 N   39 
-0.40565  0.69985 -0.55016 B   40 
-0.54266  0.56773 -0.71113 T   40 
-0.31399  1.02595 -0.53453 B   41 
-0.52567  1.16812 -0.84171 Q   41 
-0.15912  1.00792 -0.28270 B   42 
-0.28966  0.96384 -0.12235 A   42 
 0.06563  1.25146 -0.12935 B   43 
 0.12955  1.31001 -0.35822 T   43 
 0.37053  1.25181  0.08831 B   44 
 0.07472  1.21667  0.24712 N   44 
 0.58563  1.43152  0.25677 B   45 
 0.90718  1.67369 -0.05148 R   45 
 0.90161  1.38007  0.38901 B   46 
 0.78363  1.05949  0.36380 N   46 
 1.14903  1.47291  0.59853 B   47 
 1.08433  1.49430  0.84776 T   47 
 1.37232  1.32269  0.40020 B   48 
 1.30733  1.06557  0.39876 D   48 
 1.23503  1.41375  0.09971 B   49 
 1.05476  1.21790  0.04233 B   50 
 1.11079  0.99237  0.12233 S   50 
 0.77023  1.01927 -0.10343 B   51 
 0.69833  1.26425 -0.19795 T   51 
 0.44250  0.92184 -0.08479 B   52 
 0.51615  0.77275  0.21566 D   52 
 0.25608  0.67481 -0.28702 B   53 
 0.54083  0.99159 -0.50905 Y   53 
-0.05995  0.61235 -0.29908 B   54 
-0.26613  0.36704 -0.15160 B   55 
-0.46686  0.24380 -0.28743 I   55 
 0.03277  0.26438  0.00312 B   56 
-0.08790 -0.03305 -0.01393 L   56 
 0.25558  0.46658  0.04651 B   57 
 0.07968  0.75460  0.12108 Q   57 
 0.50030  0.45731 -0.14643 B   58 
 0.46474  0.17596 -0.27154 I   58 
 0.83928  0.51123 -0.12397 B   59 
 0.98360  0.63957  0.11164 N   59 
 1.10509  0.70306 -0.28980 B   60 
 1.02959  0.91923 -0.29984 S   60 
 1.37388  0.58659 -0.14720 B   61 
 1.54377  0.87250  0.12483 R   61 
 1.30760  0.26453 -0.24600 B   62 
 1.50048  0.23800  0.16625 W   62 
 1.06301  0.20561 -0.48019 B   63 
 1.02140 -0.04458 -0.12286 W   63 
 1.05251  0.49098 -0.63628 B   64 
 0.79868  0.54135 -0.60985 X   64 
 1.06434  0.74014 -0.89757 B   65 
 1.31942  0.81449 -1.03032 N   65 
 1.06213  1.12490 -0.87468 B   66 
 1.02318  1.13954 -0.60834 D   66 
 1.33839  1.30343 -0.92097 B   67 
 1.36264  1.41407 -0.57637 B   68 
 0.94331  1.61075 -0.47625 R   68 
 1.54061  1.15862 -0.43533 B   69 
 1.32492  1.08748 -0.31849 T   69 
 1.80994  1.12879 -0.28677 B   70 
 1.81047  1.33931 -0.24869 P   70 
 1.92610  0.81018 -0.26943 B   71 
 1.75360  0.63827 -0.44296 B   72 
 1.58006  0.77333 -0.53302 S   72 
 1.62783  0.29919 -0.56515 B   73 
 1.88498  0.11304 -0.40114 R   73 
 1.38611  0.16695 -0.72407 B   74 
 1.27283  0.28831 -0.94856 N   74 
 1.28637 -0.14545 -0.66529 B   75 
 1.46212 -0.16982 -0.39458 L   75 
 1.01413 -0.13931 -0.85625 B   76 
 0.83805 -0.16272 -0.60141 X   76 
 1.07541 -0.00482 -1.11722 B   77 
 1.25903 -0.08415 -1.30278 N   77 
 0.92212  0.29771 -1.08727 B   78 
 0.67731  0.13527 -1.10632 I   78 
 0.73094  0.54705 -1.13033 B   79 
 0.74478  0.55118 -1.33883 P   79 
 0.55869  0.69953 -0.88757 B   80 
 0.79019  0.76587 -0.68317 X   80 
 0.31082  0.77126 -1.07278 B   81 
 0.41817  0.89074 -1.25072 S   81 
 0.21052  0.47630 -1.11031 B   82 
 0.36165  0.38154 -1.22210 A   82 
 0.09971  0.48417 -0.80133 B   83 
 0.36294  0.34620 -0.66420 L   83 
-0.16135  0.68295 -0.90972 B   84 
 0.02789  0.91367 -0.77112 L   84 
-0.32670  0.50732 -1.05439 B   85 
-0.28450  0.40787 -1.28994 S   85 
-0.62822  0.33917 -1.10589 B   86 
-0.74727  0.45147 -1.28075 S   86 
-0.42258  0.11730 -1.15427 B   87 
-0.39216 -0.08420 -1.36386 D   87 
-0.29987 -0.10214 -0.89581 B   88 
-0.50127 -0.12633 -0.72105 I   88 
-0.08011 -0.29103 -1.00593 B   89 
-0.16706 -0.39301 -1.23508 T   89 
 0.17838 -0.14073 -0.92023 B   90 
 0.20258  0.02188 -1.06240 A   90 
 0.12524 -0.12939 -0.61328 B   91 
-0.00228  0.11275 -0.59259 S   91 
 0.09712 -0.43099 -0.56841 B   92 
-0.14534 -0.51836 -0.61643 V   92 
 0.36861 -0.52906 -0.67251 B   93 
 0.27538 -0.61534 -0.98404 N   93 
 0.52180 -0.34934 -0.47317 B   94 
 0.63143 -0.08940 -0.51319 X   94 
 0.39549 -0.44778 -0.20896 B   95 
 0.19828 -0.36176 -0.20158 A   95 
 0.49309 -0.73987 -0.23285 B   96 
 0.17891 -0.93174 -0.51812 K   96 
 0.79014 -0.65392 -0.19423 B   97 
 0.94982 -0.58284 -0.53742 K   97 
 0.76784 -0.50989  0.07791 B   98 
 0.68070 -0.21853  0.01707 I   98 
 0.64567 -0.74885  0.25381 B   99 
 0.42076 -0.80164  0.23285 V   99 
 0.91235 -0.93204  0.16806 B   100 
 0.76924 -1.03789 -0.02467 S   100 
 1.15671 -0.76795  0.31799 B   101 
 1.25790 -0.51670  0.25450 D   101 
 1.09562 -0.86108  0.66446 B   102 
 0.86697 -0.66304  0.82491 B   103 
 1.13070 -0.49377  0.90898 N   103 
 0.63899 -0.67105  0.66682 B   104 
 0.36832 -0.45773  0.74588 B   105 
 0.02782 -0.57944  0.59408 M   105 
 0.55621 -0.26066  0.91694 B   106 
 0.56413 -0.47891  1.16528 N   106 
 0.61812 -0.07217  0.67337 B   107 
 0.70426 -0.20236  0.53420 A   107 
 0.33149  0.02768  0.76473 B   108 
 0.27766 -0.12692  0.32720 W   108 
 0.26313  0.25859  0.99302 B   109 
 0.44588  0.43735  1.00728 V   109 
-0.04965  0.24904  0.98607 B   110 
-0.10808  0.38420  0.83017 A   110 
-0.07508 -0.05090  1.03222 B   111 
-0.01851 -0.42844  0.95563 W   111 
 0.07944 -0.07436  1.30001 B   112 
 0.47340  0.05139  1.38545 R   112 
-0.08808  0.16949  1.45356 B   113 
 0.18243  0.34678  1.47987 N   113 
-0.40462  0.07010  1.32472 B   114 
-0.49207  0.54973  1.20353 R   114 
-0.40849 -0.26083  1.25012 B   115 
-0.44776 -0.12337  0.96525 X   115 
-0.24387 -0.40609  1.43472 B   116 
 0.18210 -0.53398  1.45127 K   116 
-0.42977 -0.62577  1.64313 B   117 
-0.68462 -0.60547  1.48942 B   118 
-0.68989 -0.34826  1.45467 T   118 
-1.00153 -0.63447  1.32952 B   119 
-1.22403 -0.80716  1.38307 D   119 
-0.94528 -0.66535  0.99437 B   120 
-0.69605 -0.67852  1.00774 V   120 
-1.20407 -0.80906  0.89215 B   121 
-1.16313 -1.18517  1.06652 Q   121 
-1.38504 -0.55174  0.89913 B   122 
-1.39061 -0.49856  1.09935 A   122 
-1.27495 -0.44880  0.60926 B   123 
-1.07157 -0.12558  0.80338 W   123 
-1.46202 -0.69673  0.45689 B   124 
-1.24510 -0.84516  0.40046 I   124 
-1.72984 -0.64684  0.52779 B   125 
-1.64729 -0.80798  1.01317 R   125 
-1.98756 -0.70198  0.29083 B   126 
-1.80608 -0.83942  0.09210 B   127 
-1.61405 -0.58004  0.10733 X   127 
-1.78518 -0.98798 -0.24029 B   128 
-2.00676 -1.32275 -0.29778 R   128 
-1.56776 -1.29500 -0.21782 B   129 
-1.41881 -1.09708 -0.13953 L   129 
