246 
 0.74737  0.50911  0.98446 B   1 
 0.44551  0.63253  1.24881 K   1 
 0.67493  0.24821  1.21911 B   2 
 0.87513  0.08860  1.17895 V   2 
 0.41618  0.05886  1.23843 B   3 
 0.16990  0.37173  1.06705 F   3 
 0.17862 -0.08553  1.38920 B   4 
-0.05925 -0.29428  1.33820 B   5 
-0.14917 -0.71089  1.42738 R   5 
-0.30094 -0.16222  1.49954 B   6 
-0.36493 -0.39577  1.69886 X   6 
-0.22269  0.12283  1.40344 B   7 
 0.08469  0.33656  1.51408 E   7 
-0.26487  0.08416  1.09937 B   8 
-0.05464  0.02191  0.88481 L   8 
-0.55264 -0.01888  1.10202 B   9 
-0.54472 -0.22124  1.18041 A   9 
-0.67285  0.23644  1.21971 B   10 
-0.61686  0.23790  1.43111 A   10 
-0.58212  0.42976  0.99490 B   11 
-0.37689  0.48269  1.03998 A   11 
-0.70395  0.27415  0.75635 B   12 
-0.39286  0.00759  0.62689 M   12 
-0.98897  0.29674  0.85983 B   13 
-1.21874  0.05967  1.14127 K   13 
-1.02545  0.59856  0.88561 B   14 
-0.73833  0.90697  1.05600 R   14 
-0.94882  0.61682  0.56532 B   15 
-0.62182  0.80760  0.65624 H   15 
-1.15028  0.37381  0.43948 B   16 
-1.02802  0.06677  0.37251 B   17 
-0.73182  0.16229  0.28091 L   17 
-1.24733 -0.08646  0.48644 B   18 
-1.29622 -0.25576  0.73802 D   18 
-1.39061 -0.24852  0.22384 B   19 
-1.54162 -0.37322  0.47932 N   19 
-1.24295 -0.14970 -0.00485 B   20 
-1.15789  0.24870 -0.17588 Y   20 
-1.35160 -0.28612 -0.28110 B   21 
-1.36780  0.06595 -0.59944 R   21 
-1.39125 -0.55533 -0.07651 B   22 
-1.14278 -0.50925  0.12635 B   23 
-0.94787 -0.64648 -0.27922 Y   23 
-1.05097 -0.60376  0.39987 B   24 
-1.11820 -0.80910  0.49051 S   24 
-0.84412 -0.48277  0.63226 B   25 
-0.88893 -0.26597  0.85486 L   25 
-0.65113 -0.73453  0.64488 B   26 
-0.53750 -0.70156  0.35909 B   27 
-0.77526 -0.88311  0.20283 N   27 
-0.39594 -0.43060  0.39683 B   28 
-0.67096 -0.20865  0.12456 W   28 
-0.21610 -0.51498  0.63187 B   29 
-0.32802 -0.47602  0.86325 V   29 
-0.08344 -0.75126  0.49020 B   30 
-0.15615 -1.01585  0.44921 X   30 
 0.04444 -0.59095  0.26173 B   31 
-0.11740 -0.54613  0.12156 A   31 
 0.21281 -0.39169  0.42807 B   32 
 0.07669 -0.24341  0.50422 A   32 
 0.38189 -0.60700  0.56618 B   33 
 0.44844 -0.80158  0.83843 K   33 
 0.50550 -0.73966  0.28235 B   34 
 0.36065 -1.09257  0.43560 F   34 
 0.60091 -0.46530  0.14790 B   35 
 0.38343 -0.48918 -0.12781 E   35 
 0.71993 -0.28332  0.42954 B   36 
 0.58100 -0.11333  0.39902 S   36 
 0.68051 -0.35695  0.73040 B   37 
 0.85781 -0.55302  0.84173 N   37 
 0.53869 -0.07733  0.81825 B   38 
 0.29072 -0.37455  0.96301 F   38 
 0.72998  0.11989  0.63395 B   39 
 1.01394  0.16206  0.72318 N   39 
 0.71448  0.44040  0.50257 B   40 
 0.58722  0.56592  0.67632 T   40 
 1.03803  0.44541  0.40122 B   41 
 1.18809  0.69536  0.67397 Q   41 
 1.01397  0.23595  0.19319 B   42 
 0.97180  0.05001  0.28453 A   42 
 1.25049  0.13773 -0.06711 B   43 
 1.30938  0.37501 -0.07828 T   43 
 1.24134 -0.00404 -0.41374 B   44 
 1.21225 -0.22649 -0.16149 N   44 
 1.41416 -0.11903 -0.66644 B   45 
 1.65083  0.25423 -0.91487 R   45 
 1.35368 -0.17499 -1.00288 B   46 
 1.03638 -0.17674 -0.87385 N   46 
 1.43849 -0.32228 -1.29416 B   47 
 1.45936 -0.57977 -1.28901 T   47 
 1.28444 -0.07756 -1.46189 B   48 
 1.02904 -0.09043 -1.39156 D   48 
 1.38148  0.18310 -1.26172 B   49 
 1.19071  0.19803 -1.06799 B   50 
 0.96316  0.13363 -1.13494 S   50 
 1.00052  0.27502 -0.75246 B   51 
 1.24802  0.34985 -0.66725 T   51 
 0.91116  0.18182 -0.43532 B   52 
 0.75770 -0.09328 -0.57205 D   52 
 0.67063  0.33643 -0.20100 B   53 
 0.98207  0.61714 -0.43540 Y   53 
 0.61620  0.27571  0.11089 B   54 
 0.37487  0.08543  0.28407 B   55 
 0.25787  0.17182  0.51380 I   55 
 0.26344  0.00381 -0.03956 B   56 
-0.03072 -0.00656  0.08959 L   56 
 0.45962  0.01225 -0.27163 B   57 
 0.75131 -0.10149 -0.12520 Q   57 
 0.44588  0.25629 -0.46517 B   58 
 0.16659  0.37062 -0.39443 I   58 
 0.49110  0.31219 -0.80155 B   59 
 0.61376  0.11571 -0.99945 N   59 
 0.67763  0.53417 -1.02713 B   60 
 0.89570  0.52603 -0.95705 S   60 
 0.55325  0.45745 -1.31832 B   61 
 0.83247  0.23100 -1.55361 R   61 
 0.23381  0.53921 -1.22266 B   62 
 0.19892  0.18239 -1.50429 W   62 
 0.18304  0.71108 -0.92935 B   63 
-0.06909  0.35440 -0.96435 W   63 
 0.46992  0.85984 -0.89082 B   64 
 0.52639  0.77566 -0.65125 X   64 
 0.72093  1.11621 -0.84888 B   65 
 0.79001  1.30384 -1.06853 N   65 
 1.10542  1.09243 -0.86212 B   66 
 1.11874  0.82423 -0.88577 D   66 
 1.27736  1.20050 -1.12497 B   67 
 1.38440  0.87040 -1.23061 B   68 
 1.59065  0.67610 -0.85082 R   68 
 1.12338  0.77470 -1.42942 B   69 
 1.05666  0.61161 -1.24454 T   69 
 1.08554  0.69209 -1.72480 B   70 
 1.29565  0.65460 -1.73959 P   70 
 0.76398  0.70273 -1.83340 B   71 
 0.59794  0.83242 -1.62119 B   72 
 0.73807  0.87985 -1.43522 S   72 
 0.26318  0.92332 -1.46184 B   73 
 0.06924  0.82327 -1.74478 R   73 
 0.13840  1.02278 -1.18668 B   74 
 0.26447  1.21492 -1.02811 N   74 
-0.17190  0.94347 -1.09491 B   75 
-0.20299  0.72045 -1.32743 L   75 
-0.15731  1.06674 -0.78636 B   76 
-0.17849  0.77831 -0.67295 X   76 
-0.02217  1.33446 -0.78958 B   77 
-0.10447  1.55745 -0.92353 N   77 
 0.28384  1.26930 -0.65530 B   78 
 0.12775  1.23200 -0.40846 I   78 
 0.53825  1.26663 -0.46597 B   79 
 0.54382  1.47271 -0.43166 P   79 
 0.69291  0.99039 -0.35815 B   80 
 0.75167  0.84448 -0.63207 X   80 
 0.77241  1.11349 -0.07634 B   81 
 0.89068  1.31103 -0.14308 S   81 
 0.48038  1.12774  0.03762 B   82 
 0.38283  1.27151 -0.08124 A   82 
 0.48838  0.80154  0.07426 B   83 
 0.34268  0.72893 -0.20969 L   83 
 0.69455  0.84653  0.34791 B   84 
 0.91927  0.75452  0.12589 L   84 
 0.52436  0.94978  0.54664 B   85 
 0.42591  1.18898  0.56229 S   85 
 0.36426  0.93105  0.85625 B   86 
 0.48101  1.07358  1.00926 S   86 
 0.13774  1.02596  0.67312 B   87 
-0.06266  1.23745  0.69697 D   87 
-0.08691  0.80319  0.50016 B   88 
-0.10755  0.58689  0.65661 I   88 
-0.28029  0.96135  0.31662 B   89 
-0.37810  1.16465  0.45653 T   89 
-0.13726  0.93695  0.04149 B   90 
 0.02591  1.08046  0.04632 A   90 
-0.12722  0.62598  0.02240 B   91 
 0.11785  0.57592  0.13534 S   91 
-0.42840  0.57663  0.04740 B   92 
-0.50925  0.56787  0.29661 V   92 
-0.53234  0.74059 -0.19025 B   93 
-0.61358  1.02258 -0.02573 N   93 
-0.35822  0.58132 -0.38980 B   94 
-0.10078  0.64478 -0.49412 X   94 
-0.45573  0.29541 -0.32500 B   95 
-0.36487  0.24268 -0.13709 A   95 
-0.74996  0.34185 -0.40677 B   96 
-0.93145  0.54778 -0.03054 K   96 
-0.67181  0.37230 -0.70691 B   97 
-0.60181  0.74281 -0.78533 K   97 
-0.52960  0.10194 -0.75151 B   98 
-0.23565  0.14037 -0.66043 I   98 
-0.76693 -0.09670 -0.66675 B   99 
-0.81389 -0.12785 -0.44172 V   99 
-0.95599  0.04851 -0.90169 B   100 
-1.05658  0.20347 -0.71540 S   100 
-0.79936 -0.04168 -1.17818 B   101 
-0.55019  0.04271 -1.26867 D   101 
-0.89391 -0.39268 -1.19586 B   102 
-0.69158 -0.60188 -1.01547 B   103 
-0.52970 -0.62354 -1.29582 N   103 
-0.69253 -0.50039 -0.75714 B   104 
-0.47319 -0.64010 -0.51758 B   105 
-0.58503 -0.57028 -0.14824 M   105 
-0.28236 -0.76391 -0.74486 B   106 
-0.50286 -1.00321 -0.80384 N   106 
-0.09339 -0.51312 -0.75412 B   107 
-0.22450 -0.35754 -0.80253 A   107 
 0.01281 -0.66816 -0.49886 B   108 
-0.13664 -0.25431 -0.34194 W   108 
 0.24339 -0.90664 -0.49087 B   109 
 0.41740 -0.87899 -0.67665 V   109 
 0.24174 -0.97173 -0.18471 B   110 
 0.37965 -0.83379 -0.09561 A   110 
-0.05785 -1.02172 -0.16266 B   111 
-0.43602 -0.93319 -0.19017 W   111 
-0.08747 -1.24677 -0.37388 B   112 
 0.02764 -1.23972 -0.78011 R   112 
 0.15918 -1.43533 -0.25258 B   113 
 0.32940 -1.39924 -0.52648 N   113 
 0.06885 -1.38242  0.08760 B   114 
 0.55154 -1.28581  0.18787 R   114 
-0.26123 -1.30986  0.11721 B   115 
-0.12039 -1.04199  0.21721 X   115 
-0.41214 -1.45130 -0.08152 B   116 
-0.55079 -1.36920 -0.49639 K   116 
-0.62888 -1.69629  0.05727 B   117 
-0.60089 -1.60531  0.33998 B   118 
-0.34334 -1.57336  0.34631 T   118 
-0.62057 -1.52244  0.68579 B   119 
-0.78809 -1.62524  0.89451 D   119 
-0.64997 -1.18325  0.70884 B   120 
-0.66950 -1.13896  0.46364 V   120 
-0.78628 -1.14287  0.98788 B   121 
-1.16478 -1.30218  0.91791 Q   121 
-0.52458 -1.19191  1.15557 B   122 
-0.47299 -1.38819  1.11361 A   122 
-0.42194 -0.88477  1.11232 B   123 
-0.10559 -1.02780  0.86135 W   123 
-0.66379 -0.77882  1.33585 B   124 
-0.81712 -0.67367  1.14168 I   124 
-0.60783 -0.90950  1.57881 B   125 
-0.77514 -1.36250  1.39128 R   125 
-0.65447 -0.73796  1.88543 B   126 
-0.79470 -0.50249  1.75812 B   127 
-0.54035 -0.47386  1.56096 X   127 
-0.94088 -0.17381  1.81804 B   128 
-1.26949 -0.16791  2.05563 R   128 
-1.25343 -0.14492  1.60943 B   129 
-1.05997 -0.18740  1.44133 L   129 
