246 
 0.51276 -0.66926  1.03734 B   1 
 0.87403 -0.46127  1.08692 K   1 
 0.47006 -0.40268  1.27289 B   2 
 0.23985 -0.46352  1.37523 V   2 
 0.46039 -0.08582  1.22109 B   3 
 0.72052 -0.13041  0.87720 F   3 
 0.53875  0.21529  1.27769 B   4 
 0.47046  0.51337  1.18153 B   5 
 0.24960  0.85853  1.32877 R   5 
 0.75938  0.64854  1.16971 B   6 
 0.71546  0.88424  1.37192 X   6 
 0.88545  0.39224  1.04711 B   7 
 0.95451  0.05135  1.22440 E   7 
 0.72672  0.38301  0.78169 B   8 
 0.47755  0.21696  0.71500 L   8 
 0.78583  0.66473  0.67884 B   9 
 0.67187  0.80093  0.80383 A   9 
 1.08753  0.62244  0.65281 B   10 
 1.16679  0.62448  0.85662 A   10 
 1.07687  0.38604  0.45246 B   11 
 1.04274  0.20790  0.57103 A   11 
 0.90137  0.52343  0.23733 B   12 
 0.49696  0.42604  0.34484 M   12 
 1.10133  0.74679  0.18652 B   13 
 1.17228  1.12741  0.38222 K   13 
 1.35308  0.59280  0.10904 B   14 
 1.53068  0.22131  0.30151 R   14 
 1.17309  0.45511 -0.13061 B   15 
 1.20644  0.10940  0.04538 H   15 
 1.02579  0.73091 -0.26370 B   16 
 0.71008  0.81455 -0.17983 B   17 
 0.59768  0.51211 -0.14606 L   17 
 0.75530  1.09948 -0.14345 B   18 
 0.77741  1.29514  0.09230 D   18 
 0.57316  1.25194 -0.38704 B   19 
 0.67743  1.49789 -0.20743 N   19 
 0.46461  1.03028 -0.53853 B   20 
 0.63400  0.68256 -0.75209 Y   20 
 0.27854  1.13777 -0.78460 B   21 
 0.38824  0.86372 -1.15664 R   21 
 0.19966  1.37832 -0.55696 B   22 
 0.21817  1.20554 -0.28343 B   23 
-0.17319  1.05665 -0.49785 Y   23 
 0.24080  1.25329  0.01554 B   24 
 0.16558  1.45070  0.11688 S   24 
 0.34831  1.07182  0.27428 B   25 
 0.63835  1.01893  0.38214 L   25 
 0.07965  1.08483  0.44292 B   26 
-0.08970  0.91746  0.24548 B   27 
-0.18990  1.17608  0.05317 N   27 
 0.06256  0.65071  0.26891 B   28 
 0.21941  0.66259 -0.14857 W   28 
 0.03279  0.61750  0.57340 B   29 
 0.22746  0.72735  0.70612 V   29 
-0.27249  0.63345  0.57977 B   30 
-0.45364  0.84356  0.58373 X   30 
-0.32651  0.38867  0.40253 B   31 
-0.28746  0.45311  0.19718 A   31 
-0.17609  0.17362  0.56640 B   32 
 0.03377  0.20080  0.52717 A   32 
-0.34497  0.20893  0.81987 B   33 
-0.38489  0.33750  1.13338 K   33 
-0.63987  0.13709  0.67389 B   34 
-0.75678  0.49797  0.83237 F   34 
-0.54854 -0.13374  0.52980 B   35 
-0.60100 -0.01371  0.20312 E   35 
-0.33109 -0.27615  0.77278 B   36 
-0.15653 -0.28312  0.63637 S   36 
-0.21870 -0.13639  1.02837 B   37 
-0.39044 -0.12494  1.25782 N   37 
 0.09621 -0.18380  0.96055 B   38 
 0.06398  0.21860  1.04896 F   38 
 0.06169 -0.48989  0.83984 B   39 
 0.00484 -0.71135  1.03502 N   39 
 0.23999 -0.70493  0.63443 B   40 
 0.47708 -0.64946  0.68783 T   40 
 0.04349 -0.97403  0.69733 B   41 
 0.29215 -1.18389  0.92864 Q   41 
-0.20200 -0.87055  0.56788 B   42 
-0.27423 -0.70393  0.67612 A   42 
-0.51239 -1.04395  0.48460 B   43 
-0.37063 -1.23785  0.43770 T   43 
-0.78329 -1.02332  0.22668 B   44 
-0.80917 -0.80954  0.48665 N   44 
-1.07270 -1.13661  0.12490 B   45 
-1.03036 -1.59979 -0.07691 R   45 
-1.25160 -1.12823 -0.17158 B   46 
-1.04196 -0.85996 -0.20914 N   46 
-1.54292 -1.16330 -0.33782 B   47 
-1.73954 -1.01838 -0.25358 T   47 
-1.37396 -1.23452 -0.61735 B   48 
-1.23018 -1.01865 -0.67273 D   48 
-1.12856 -1.42651 -0.47471 B   49 
-0.93351 -1.25027 -0.40369 B   50 
-0.90824 -1.05287 -0.54790 S   50 
-0.63305 -1.08688 -0.24660 B   51 
-0.65092 -1.30192 -0.08059 T   51 
-0.50384 -0.89381  0.00495 B   52 
-0.70240 -0.63670 -0.10634 D   52 
-0.16289 -0.75788  0.04908 B   53 
-0.21647 -1.21716 -0.08104 Y   53 
-0.02859 -0.61244  0.30351 B   54 
 0.02880 -0.27524  0.38979 B   55 
 0.25991 -0.19129  0.50583 I   55 
-0.13902 -0.20974  0.08752 B   56 
 0.05359  0.04642  0.06313 L   56 
-0.33827 -0.41275 -0.01971 B   57 
-0.48525 -0.53119  0.26982 Q   57 
-0.24769 -0.59502 -0.25588 B   58 
 0.00098 -0.43985 -0.35667 I   58 
-0.39333 -0.73577 -0.53391 B   59 
-0.69240 -0.74895 -0.59045 N   59 
-0.42777 -1.06243 -0.69839 B   60 
-0.50049 -1.20706 -0.53614 S   60 
-0.56998 -0.98326 -0.98063 B   61 
-0.98223 -1.10409 -0.98807 R   61 
-0.31434 -0.77226 -1.07010 B   62 
-0.69950 -0.58502 -1.22644 W   62 
-0.01974 -0.77770 -0.89310 B   63 
-0.18239 -0.37375 -0.94201 W   63 
-0.02449 -1.07826 -0.76841 B   64 
 0.00540 -1.01749 -0.51725 X   64 
 0.06827 -1.41771 -0.68680 B   65 
 0.06601 -1.63314 -0.89126 N   65 
-0.13429 -1.69613 -0.51352 B   66 
-0.34949 -1.54503 -0.45414 D   66 
-0.26415 -1.94917 -0.68512 B   67 
-0.60882 -1.84802 -0.63462 B   68 
-0.66041 -1.80209 -0.16583 R   68 
-0.65602 -1.63414 -0.89701 B   69 
-0.65394 -1.44313 -0.72746 T   69 
-0.84481 -1.61755 -1.14111 B   70 
-0.97725 -1.75614 -1.04612 P   70 
-0.74118 -1.40457 -1.38444 B   71 
-0.46407 -1.31418 -1.31769 B   72 
-0.40259 -1.40959 -1.10892 S   72 
-0.16320 -1.08364 -1.36302 B   73 
-0.28621 -0.93573 -1.66413 R   73 
 0.10354 -0.99221 -1.21584 B   74 
 0.26453 -1.17256 -1.07616 N   74 
 0.23449 -0.68912 -1.26041 B   75 
-0.02978 -0.57717 -1.41008 L   75 
 0.47048 -0.71053 -1.02705 B   76 
 0.32397 -0.49153 -0.86252 X   76 
 0.60315 -0.97918 -1.04025 B   77 
 0.73945 -1.08388 -1.25215 N   77 
 0.47929 -1.14114 -0.76758 B   78 
 0.64597 -0.94736 -0.62147 I   78 
 0.45249 -1.29108 -0.48943 B   79 
 0.61846 -1.41567 -0.51413 P   79 
 0.23054 -1.21360 -0.25155 B   80 
-0.03911 -1.22615 -0.41557 X   80 
 0.42309 -1.28964 -0.01065 B   81 
 0.48065 -1.51565 -0.06609 S   81 
 0.62534 -1.05359 -0.05358 B   82 
 0.71786 -1.09445 -0.23820 A   82 
 0.39965 -0.84963  0.07001 B   83 
 0.27393 -0.75536 -0.21710 L   83 
 0.47188 -0.97466  0.38397 B   84 
 0.19041 -1.13481  0.32581 L   84 
 0.72482 -0.86763  0.44464 B   85 
 0.95427 -0.93818  0.34702 S   85 
 0.93797 -0.66890  0.63678 B   86 
 1.06405 -0.81265  0.78099 S   86 
 1.02275 -0.59585  0.35159 B   87 
 1.28318 -0.57050  0.22126 D   87 
 0.87789 -0.32515  0.16251 B   88 
 0.80541 -0.14205  0.34392 I   88 
 0.99362 -0.31641 -0.12494 B   89 
 1.25759 -0.33863 -0.10767 T   89 
 0.77366 -0.46815 -0.28413 B   90 
 0.80587 -0.67927 -0.24369 A   90 
 0.53075 -0.28709 -0.21075 B   91 
 0.43577 -0.41696  0.01158 S   91 
 0.64661 -0.02374 -0.31560 B   92 
 0.80053  0.09605 -0.14044 V   92 
 0.69840 -0.09770 -0.60888 B   93 
 1.02472 -0.17593 -0.58465 N   93 
 0.40201 -0.17316 -0.65315 B   94 
 0.27776 -0.42920 -0.63929 X   94 
 0.26883  0.09152 -0.56563 B   95 
 0.28045  0.09579 -0.35070 A   95 
 0.39933  0.26742 -0.78344 B   96 
 0.82057  0.35731 -0.60630 K   96 
 0.23753  0.12533 -1.00873 B   97 
 0.43903 -0.17392 -1.14355 K   97 
-0.04943  0.17596 -0.90677 B   98 
-0.11276 -0.05033 -0.70438 I   98 
-0.04363  0.49640 -0.89093 B   99 
 0.06615  0.59930 -0.71438 V   99 
 0.03524  0.49892 -1.21621 B   100 
 0.28778  0.51868 -1.14792 S   100 
-0.24012  0.37740 -1.35231 B   101 
-0.33833  0.11759 -1.33633 D   101 
-0.46322  0.66253 -1.31523 B   102 
-0.62222  0.67800 -1.01237 B   103 
-0.85149  0.50922 -1.16799 N   103 
-0.41979  0.67108 -0.82261 B   104 
-0.50638  0.64328 -0.48093 B   105 
-0.22105  0.76347 -0.24023 M   105 
-0.79811  0.52730 -0.55052 B   106 
-0.90088  0.82949 -0.63705 N   106 
-0.70587  0.22721 -0.53929 B   107 
-0.55437  0.21943 -0.68324 A   107 
-0.74348  0.29770 -0.23255 B   108 
-0.29221  0.18763 -0.28227 W   108 
-1.02210  0.27310 -0.05403 B   109 
-1.17411  0.08483 -0.13773 V   109 
-0.91835  0.38017  0.22118 B   110 
-0.83697  0.20961  0.32253 A   110 
-0.80515  0.64209  0.11476 B   111 
-0.57796  0.86690 -0.10762 W   111 
-1.06110  0.75875 -0.01570 B   112 
-1.30956  0.58056 -0.30697 R   112 
-1.25461  0.71531  0.25220 B   113 
-1.44208  0.50582  0.09013 N   113 
-1.00608  0.82349  0.48287 B   114 
-1.10971  0.42060  0.76450 R   114 
-0.78482  1.03409  0.33528 B   115 
-0.60382  0.78313  0.41173 X   115 
-0.91677  1.19320  0.13640 B   116 
-0.99642  1.15826 -0.30008 K   116 
-0.92801  1.53837  0.21998 B   117 
-0.73472  1.52132  0.44656 B   118 
-0.82768  1.30841  0.56239 T   118 
-0.49418  1.55880  0.70651 B   119 
-0.38917  1.79365  0.83306 D   119 
-0.21957  1.37573  0.61982 B   120 
-0.29875  1.31057  0.39189 V   120 
 0.01097  1.51332  0.78106 B   121 
 0.03500  1.88289  0.59032 Q   121 
-0.06400  1.38197  1.05700 B   122 
-0.25308  1.45568  1.09902 A   122 
 0.09304  1.10487  0.98424 B   123 
-0.28279  0.90095  0.95800 W   123 
 0.39346  1.26965  1.03192 B   124 
 0.44635  1.27872  0.76850 I   124 
 0.39105  1.36034  1.29840 B   125 
 0.04297  1.72731  1.18636 R   125 
 0.69005  1.35484  1.48862 B   126 
 0.86570  1.28756  1.25211 B   127 
 0.67150  1.03559  1.19573 X   127 
 1.20497  1.20707  1.14532 B   128 
 1.47900  1.50237  1.19201 R   128 
 1.26856  1.38054  0.81683 B   129 
 1.06462  1.22483  0.77618 L   129 
