246 
-1.31446 -0.15770  0.18502 B   1 
-1.32753 -0.56891  0.26853 K   1 
-1.29166 -0.21239  0.53839 B   2 
-1.32978  0.02773  0.62814 V   2 
-1.04732 -0.33084  0.70997 B   3 
-0.91938 -0.56834  0.37064 F   3 
-0.91603 -0.51874  0.92784 B   4 
-0.63467 -0.57809  1.06953 B   5 
-0.44372 -0.50441  1.45386 R   5 
-0.62962 -0.89710  1.07902 B   6 
-0.60333 -0.94009  1.38859 X   6 
-0.75029 -0.91762  0.79331 B   7 
-1.11592 -0.83827  0.68184 E   7 
-0.52229 -0.78089  0.63504 B   8 
-0.50539 -0.48991  0.53937 L   8 
-0.28692 -0.95104  0.73036 B   9 
-0.24955 -0.89419  0.93659 A   9 
-0.39104 -1.21252  0.61089 B   10 
-0.55601 -1.27641  0.73947 A   10 
-0.40193 -1.11908  0.31544 B   11 
-0.58892 -1.01193  0.29287 A   11 
-0.10852 -1.02234  0.29294 B   12 
-0.11918 -0.60767  0.40487 M   12 
 0.00868 -1.29631  0.35345 B   13 
 0.09734 -1.50215  0.72490 K   13 
-0.11646 -1.47037  0.13634 B   14 
-0.54654 -1.47785 -0.01049 R   14 
 0.01708 -1.26226 -0.08195 B   15 
-0.33954 -1.14829 -0.18882 H   15 
 0.33444 -1.24207  0.03786 B   16 
 0.42965 -0.98127  0.22924 B   17 
 0.24550 -0.75732  0.08370 L   17 
 0.57488 -1.13334  0.43008 B   18 
 0.53122 -1.21956  0.72164 D   18 
 0.89989 -1.03780  0.39855 B   19 
 0.90196 -1.22191  0.66260 N   19 
 0.89541 -0.85800  0.17157 B   20 
 0.76497 -0.88657 -0.24960 Y   20 
 1.19423 -0.74124  0.10991 B   21 
 1.24023 -0.75158 -0.36267 R   21 
 1.21700 -0.75284  0.44940 B   22 
 0.90945 -0.68877  0.52891 B   23 
 1.08463 -0.28106  0.37274 Y   23 
 0.72590 -0.71418  0.76940 B   24 
 0.80718 -0.71813  0.98912 S   24 
 0.39503 -0.72907  0.81102 B   25 
 0.19480 -0.96933  0.78370 L   25 
 0.37086 -0.47961  1.00589 B   26 
 0.45254 -0.26758  0.79602 B   27 
 0.78505 -0.28665  0.85063 N   27 
 0.21557 -0.30110  0.60210 B   28 
 0.46360 -0.46955  0.27174 W   28 
-0.00784 -0.24625  0.80652 B   29 
-0.08986 -0.46192  0.92625 V   29 
 0.09398  0.02797  0.89556 B   30 
 0.28433  0.11163  1.07927 X   30 
 0.07524  0.16561  0.62178 B   31 
 0.24720  0.09464  0.50671 A   31 
-0.22506  0.12006  0.56293 B   32 
-0.24616 -0.08512  0.50153 A   32 
-0.32496  0.27318  0.80909 B   33 
-0.44657  0.27402  1.12786 K   33 
-0.17762  0.56524  0.72891 B   34 
-0.01694  0.53785  1.10633 F   34 
-0.28190  0.58131  0.42671 B   35 
 0.03900  0.56667  0.28287 E   35 
-0.61106  0.44937  0.45579 B   36 
-0.57578  0.28543  0.31085 S   36 
-0.73309  0.30325  0.70328 B   37 
-0.83089  0.46725  0.91732 N   37 
-0.81569  0.02968  0.54724 B   38 
-0.60608 -0.09513  0.88080 F   38 
-0.91950  0.17627  0.26940 B   39 
-1.18058  0.32498  0.27917 N   39 
-0.97239  0.08761 -0.06161 B   40 
-1.04796 -0.14933 -0.04461 T   40 
-1.12871  0.37700 -0.14407 B   41 
-1.50331  0.24243 -0.17491 Q   41 
-0.89473  0.55540 -0.11012 B   42 
-0.83914  0.56117  0.09377 A   42 
-0.85185  0.90468 -0.20765 B   43 
-0.98953  0.84875 -0.40210 T   43 
-0.57446  1.13297 -0.31384 B   44 
-0.60811  1.08480  0.01858 N   44 
-0.48638  1.43841 -0.39059 B   45 
-0.65989  1.57251 -0.84772 R   45 
-0.21908  1.58526 -0.55481 B   46 
-0.08500  1.28534 -0.45786 N   46 
-0.03497  1.85858 -0.62645 B   47 
 0.06228  1.98594 -0.42376 T   47 
 0.05970  1.71832 -0.91475 B   48 
 0.19287  1.49865 -0.84877 D   48 
-0.24078  1.57549 -0.99688 B   49 
-0.23709  1.33039 -0.87832 B   50 
-0.01704  1.22256 -0.85947 S   50 
-0.33455  0.99767 -0.73186 B   51 
-0.58347  1.10668 -0.74833 T   51 
-0.42449  0.81492 -0.45661 B   52 
-0.11826  0.89057 -0.32088 D   52 
-0.47410  0.45050 -0.41904 B   53 
-0.66469  0.67450 -0.79884 Y   53 
-0.59852  0.28199 -0.17400 B   54 
-0.45784  0.10052  0.09380 B   55 
-0.55652 -0.13919  0.17583 I   55 
-0.15299  0.21441 -0.04004 B   56 
-0.03054 -0.06449  0.06262 L   56 
-0.14759  0.47221 -0.20105 B   57 
-0.37904  0.66752 -0.03447 Q   57 
-0.13035  0.44969 -0.51153 B   58 
-0.03798  0.15552 -0.54319 I   58 
 0.01704  0.62565 -0.76772 B   59 
 0.14167  0.90267 -0.74439 N   59 
-0.06976  0.77819 -1.09043 B   60 
-0.25322  0.90963 -1.05042 S   60 
 0.22201  0.86413 -1.20719 B   61 
 0.27836  1.28978 -1.19124 R   61 
 0.34053  0.54210 -1.19603 B   62 
 0.69133  0.81442 -1.09293 W   62 
 0.12168  0.28224 -1.14384 B   63 
 0.46852  0.27002 -0.87631 W   63 
-0.15814  0.41096 -1.24892 B   64 
-0.30237  0.37149 -1.03607 X   64 
-0.46390  0.46346 -1.43396 B   65 
-0.46099  0.54073 -1.72074 N   65 
-0.70094  0.76732 -1.44170 B   66 
-0.57659  0.90811 -1.24835 D   66 
-0.70511  0.97809 -1.69840 B   67 
-0.56631  1.25697 -1.51257 B   68 
-0.84555  1.30846 -1.13321 R   68 
-0.23084  1.20357 -1.55033 B   69 
-0.22531  1.13443 -1.30452 T   69 
 0.00855  1.35874 -1.66915 B   70 
-0.10557  1.53941 -1.65905 P   70 
 0.28284  1.16815 -1.73040 B   71 
 0.20807  0.88134 -1.69076 B   72 
-0.01791  0.87242 -1.61781 S   72 
 0.29443  0.51219 -1.64612 B   73 
 0.63782  0.55252 -1.73630 R   73 
 0.16780  0.23831 -1.54548 B   74 
-0.09656  0.16825 -1.60167 N   74 
 0.35404 -0.00343 -1.41179 B   75 
 0.61343  0.18791 -1.38229 L   75 
 0.10414 -0.20054 -1.31529 B   76 
 0.17797 -0.14456 -1.01878 X   76 
-0.10250 -0.21706 -1.53202 B   77 
-0.06618 -0.31096 -1.78561 N   77 
-0.35772 -0.02662 -1.41154 B   78 
-0.38584 -0.24905 -1.22069 I   78 
-0.63944  0.07026 -1.30283 B   79 
-0.75520 -0.03415 -1.44204 P   79 
-0.68452  0.25473 -1.02753 B   80 
-0.49416  0.49939 -1.08815 X   80 
-0.96140  0.11938 -0.95066 B   81 
-1.08751  0.15299 -1.15173 S   81 
-0.84216 -0.16132 -0.87677 B   82 
-0.76963 -0.23888 -1.05854 A   82 
-0.72480 -0.02868 -0.60028 B   83 
-0.42503  0.03595 -0.71470 L   83 
-1.04632 -0.03081 -0.47363 B   84 
-1.02136  0.28789 -0.55150 L   84 
-1.09849 -0.30228 -0.42166 B   85 
-1.14857 -0.48971 -0.59346 S   85 
-1.16992 -0.56712 -0.20579 B   86 
-1.40274 -0.61935 -0.22641 S   86 
-0.95137 -0.68724 -0.38373 B   87 
-0.92634 -0.94246 -0.52407 D   87 
-0.59925 -0.66993 -0.30809 B   88 
-0.58365 -0.66696 -0.04081 I   88 
-0.43053 -0.79323 -0.53706 B   89 
-0.53984 -1.02594 -0.60317 T   89 
-0.34936 -0.53909 -0.69698 B   90 
-0.52436 -0.48354 -0.81329 A   90 
-0.20661 -0.38401 -0.46732 B   91 
-0.41518 -0.23511 -0.36911 S   91 
 0.00043 -0.59911 -0.39918 B   92 
-0.09179 -0.77928 -0.23259 V   92 
 0.13967 -0.63141 -0.67073 B   93 
-0.03035 -0.89894 -0.78345 N   93 
 0.21458 -0.33172 -0.67979 B   94 
 0.07804 -0.11612 -0.80652 X   94 
 0.36725 -0.30964 -0.41211 B   95 
 0.21727 -0.31179 -0.25768 A   95 
 0.59136 -0.50907 -0.48570 B   96 
 0.39442 -0.92272 -0.40202 K   96 
 0.70638 -0.31525 -0.70094 B   97 
 0.54264 -0.38866 -1.04172 K   97 
 0.75861 -0.06698 -0.52504 B   98 
 0.49143  0.08993 -0.51167 I   98 
 0.95349 -0.19783 -0.30627 B   99 
 0.86322 -0.33077 -0.13896 V   99 
 1.15599 -0.28664 -0.55754 B   100 
 1.04210 -0.52298 -0.55685 S   100 
 1.25814  0.00754 -0.66772 B   101 
 1.10951  0.20082 -0.80171 D   101 
 1.48731  0.10171 -0.40114 B   102 
 1.33719  0.25591 -0.13482 B   103 
 1.40776  0.52548 -0.30102 N   103 
 1.13747  0.08183 -0.05207 B   104 
 0.90963  0.18847  0.19639 B   105 
 0.73093 -0.10937  0.37847 M   105 
 0.97438  0.49864  0.14158 B   106 
 1.26255  0.46978  0.30124 N   106 
 0.74310  0.53278 -0.06826 B   107 
 0.79033  0.38995 -0.21355 A   107 
 0.58782  0.55406  0.20725 B   108 
 0.40921  0.18087 -0.00970 W   108 
 0.53555  0.82795  0.38712 B   109 
 0.51935  1.03770  0.24117 V   109 
 0.38145  0.70358  0.62952 B   110 
 0.17503  0.70091  0.57146 A   110 
 0.58949  0.49141  0.69623 B   111 
 0.81809  0.18375  0.62777 W   111 
 0.83600  0.67418  0.74058 B   112 
 1.00061  0.95864  0.47542 R   112 
 0.68279  0.88162  0.95177 B   113 
 0.71832  1.12855  0.74427 N   113 
 0.51482  0.62181  1.12775 B   114 
 0.09087  0.88905  1.09276 R   114 
 0.68420  0.32873  1.10522 B   115 
 0.41165  0.26513  0.95272 X   115 
 0.96674  0.37771  1.09798 B   116 
 1.27190  0.44389  0.78084 K   116 
 1.13601  0.25596  1.38569 B   117 
 0.90706  0.09602  1.49053 B   118 
 0.71792  0.27074  1.45759 T   118 
 0.67547 -0.12720  1.64341 B   119 
 0.70692 -0.31013  1.86191 D   119 
 0.53069 -0.31122  1.39518 B   120 
 0.67144 -0.22368  1.20812 V   120 
 0.43559 -0.56939  1.54478 B   121 
 0.79990 -0.74614  1.64268 Q   121 
 0.18259 -0.43573  1.67570 B   122 
 0.26061 -0.28925  1.79982 A   122 
 0.00413 -0.47413  1.40474 B   123 
 0.00822 -0.05005  1.34420 W   123 
-0.01652 -0.81254  1.47349 B   124 
 0.15548 -0.87715  1.27725 I   124 
-0.14183 -0.83344  1.72469 B   125 
 0.28308 -0.66388  1.96775 R   125 
-0.37128 -1.09668  1.78527 B   126 
-0.30599 -1.24260  1.52883 B   127 
-0.36920 -0.96773  1.37124 X   127 
-0.39066 -1.52735  1.31731 B   128 
-0.31773 -1.89303  1.47680 R   128 
-0.07033 -1.66965  1.17884 B   129 
-0.07899 -1.42303  1.09764 L   129 
