246 
 1.07424  0.18565  0.77360 B   1 
 0.98053 -0.07196  1.09155 K   1 
 1.21396 -0.13892  0.71440 B   2 
 1.37421 -0.08852  0.51705 V   2 
 1.06509 -0.41279  0.63685 B   3 
 0.70978 -0.28405  0.84921 F   3 
 1.00402 -0.72196  0.66319 B   4 
 0.83192 -0.95505  0.52602 B   5 
 0.89998 -1.29776  0.26619 R   5 
 0.71952 -1.11400  0.77896 B   6 
 0.83869 -1.39802  0.71978 X   6 
 0.66428 -0.84984  0.93318 B   7 
 0.92512 -0.60590  1.09083 E   7 
 0.45350 -0.72658  0.74314 B   8 
 0.49544 -0.51649  0.52358 L   8 
 0.25515 -0.95889  0.73188 B   9 
 0.34919 -1.11425  0.61282 A   9 
 0.18469 -0.95015  1.02928 B   10 
 0.35667 -1.03452  1.13479 A   10 
 0.07834 -0.65896  1.03586 B   11 
 0.25262 -0.53144  1.05374 A   11 
-0.13020 -0.68708  0.80854 B   12 
 0.08143 -0.58178  0.44976 M   12 
-0.28956 -0.90224  0.95265 B   13 
-0.24637 -1.33326  0.97627 K   13 
-0.36136 -0.76530  1.21568 B   14 
-0.09816 -0.51264  1.48675 R   14 
-0.50234 -0.52939  1.03330 B   15 
-0.23401 -0.27584  1.15701 H   15 
-0.68561 -0.71841  0.81844 B   16 
-0.57231 -0.78406  0.50770 B   17 
-0.42046 -0.50114  0.46140 L   17 
-0.64021 -1.06675  0.50210 B   18 
-0.49020 -1.33422  0.51947 D   18 
-0.87864 -1.09788  0.26140 B   19 
-0.81323 -1.40287  0.34094 N   19 
-0.92509 -0.82477  0.17703 B   20 
-1.04337 -0.44946  0.37794 Y   20 
-1.15041 -0.81286 -0.05922 B   21 
-1.42726 -0.44190  0.04711 R   21 
-1.00234 -1.10577 -0.14967 B   22 
-0.69703 -1.04491 -0.05972 B   23 
-0.76893 -0.77979 -0.44162 Y   23 
-0.44063 -1.19783 -0.00448 B   24 
-0.39605 -1.40661 -0.10103 S   24 
-0.16391 -1.13538  0.17146 B   25 
-0.10480 -1.16263  0.47858 L   25 
 0.04134 -1.17177 -0.06799 B   26 
-0.05311 -0.92470 -0.22835 B   27 
-0.29493 -1.08305 -0.40257 N   27 
 0.02484 -0.70595 -0.02597 B   28 
-0.39626 -0.58993  0.06482 W   28 
 0.32308 -0.77895 -0.00529 B   29 
 0.37132 -0.95319  0.18151 V   29 
 0.38463 -0.75588 -0.30391 B   30 
 0.35615 -0.92807 -0.51958 X   30 
 0.31102 -0.45940 -0.33454 B   31 
 0.09244 -0.45160 -0.33813 A   31 
 0.50238 -0.33795 -0.12394 B   32 
 0.41547 -0.37682  0.06907 A   32 
 0.75893 -0.43810 -0.25875 B   33 
 1.01498 -0.66279 -0.27769 K   33 
 0.70605 -0.28121 -0.55205 B   34 
 0.75869 -0.65611 -0.71235 F   34 
 0.64259  0.00857 -0.43183 B   35 
 0.31202  0.01981 -0.55218 E   35 
 0.87015  0.02597 -0.15885 B   36 
 0.71150  0.05774 -0.00736 S   36 
 1.03867 -0.20861 -0.04026 B   37 
 1.28133 -0.27778 -0.17667 N   37 
 0.92861 -0.18208  0.26502 B   38 
 0.88609 -0.58178  0.16905 F   38 
 0.92329  0.14862  0.27311 B   39 
 1.18699  0.29217  0.28810 N   39 
 0.76767  0.39699  0.45838 B   40 
 0.75177  0.29559  0.68555 T   40 
 0.95237  0.64977  0.32813 B   41 
 1.18482  0.72967  0.64271 Q   41 
 0.84801  0.63196  0.05151 B   42 
 0.90837  0.44887 -0.03525 A   42 
 0.88918  0.86277 -0.22845 B   43 
 0.88054  1.04031 -0.06023 T   43 
 0.69801  0.97046 -0.53209 B   44 
 0.87410  0.68393 -0.56135 N   44 
 0.69838  1.14938 -0.80583 B   45 
 0.65377  1.64414 -0.70446 R   45 
 0.45719  1.26996 -1.02324 B   46 
 0.29357  1.00725 -0.87648 N   46 
 0.37294  1.39948 -1.32300 B   47 
 0.44295  1.26131 -1.52980 T   47 
 0.10395  1.54210 -1.18493 B   48 
-0.04601  1.34287 -1.09460 D   48 
 0.24927  1.63723 -0.88953 B   49 
 0.21883  1.42328 -0.72387 B   50 
 0.01636  1.28813 -0.75768 S   50 
 0.25113  1.17694 -0.44115 B   51 
 0.47802  1.31973 -0.39367 T   51 
 0.39526  0.89221 -0.31704 B   52 
 0.24843  0.71953 -0.57500 D   52 
 0.32397  0.70593 -0.00577 B   53 
 0.36348  1.18433  0.01189 Y   53 
 0.48520  0.46362  0.13284 B   54 
 0.44403  0.11329  0.13611 B   55 
 0.47799 -0.03585  0.36089 I   55 
 0.17674  0.18156 -0.08233 B   56 
 0.03261 -0.07236  0.05209 L   56 
 0.18323  0.43366 -0.25208 B   57 
 0.51868  0.46027 -0.33099 Q   57 
 0.00602  0.67408 -0.16265 B   58 
-0.18712  0.53335  0.03475 I   58 
-0.17630  0.92187 -0.31653 B   59 
-0.16470  0.99336 -0.61245 N   59 
-0.21543  1.28709 -0.31062 B   60 
-0.00396  1.37322 -0.33046 S   60 
-0.47375  1.33225 -0.50396 B   61 
-0.35923  1.50093 -0.88217 R   61 
-0.67594  1.13490 -0.30890 B   62 
-0.80453  1.06737 -0.74106 W   62 
-0.56924  1.03865  0.00334 B   63 
-0.71322  0.70321 -0.23907 W   63 
-0.35539  1.27354  0.07410 B   64 
-0.14888  1.12452  0.12711 X   64 
-0.18819  1.54687  0.24091 B   65 
-0.30683  1.81898  0.25105 N   65 
 0.10280  1.77005  0.12223 B   66 
 0.15152  1.63739 -0.10732 D   66 
 0.05220  2.08213  0.02034 B   67 
 0.13473  2.01587 -0.32662 B   68 
 0.56353  1.81435 -0.31899 R   68 
-0.16792  1.91678 -0.45073 B   69 
-0.07360  1.67966 -0.46131 T   69 
-0.36136  2.01253 -0.67189 B   70 
-0.20214  2.12469 -0.76043 P   70 
-0.67616  1.88772 -0.64667 B   71 
-0.69902  1.74400 -0.38544 B   72 
-0.48727  1.75047 -0.27780 S   72 
-0.87576  1.50700 -0.14395 B   73 
-1.17768  1.49265 -0.33452 R   73 
-0.82254  1.33524  0.11842 B   74 
-0.66691  1.43173  0.32920 N   74 
-0.98827  1.05311  0.18109 B   75 
-1.11033  1.03706 -0.11826 L   75 
-0.81260  0.95941  0.44749 B   76 
-0.70239  0.71766  0.28653 X   76 
-0.76400  1.19546  0.62601 B   77 
-0.95307  1.34945  0.74840 N   77 
-0.43462  1.26531  0.57551 B   78 
-0.39567  1.01228  0.72092 I   78 
-0.12341  1.30933  0.61774 B   79 
-0.13886  1.41165  0.79932 P   79 
 0.11560  1.18262  0.42109 B   80 
 0.02176  1.28765  0.13836 X   80 
 0.32464  1.14256  0.65686 B   81 
 0.33531  1.36391  0.74826 S   81 
 0.16799  0.91256  0.80187 B   82 
-0.00788  1.00354  0.87335 A   82 
 0.26100  0.70961  0.56109 B   83 
-0.01002  0.74034  0.38017 L   83 
 0.57748  0.70489  0.69978 B   84 
 0.63181  0.91075  0.44894 L   84 
 0.54841  0.55109  0.93349 B   85 
 0.43533  0.62081  1.15599 S   85 
 0.61904  0.27110  1.12960 B   86 
 0.77392  0.33668  1.30009 S   86 
 0.31474  0.29316  1.15743 B   87 
 0.13411  0.28156  1.38698 D   87 
 0.08088  0.12835  0.93798 B   88 
 0.20359 -0.09585  0.85820 I   88 
-0.21079  0.20670  1.00789 B   89 
-0.24021  0.18650  1.27095 T   89 
-0.26485  0.43242  0.80082 B   90 
-0.16533  0.60940  0.87836 A   90 
-0.20740  0.27069  0.54060 B   91 
 0.05927  0.32482  0.50484 S   91 
-0.41295  0.04865  0.58769 B   92 
-0.32058 -0.14444  0.73903 V   92 
-0.67041  0.21405  0.61056 B   93 
-0.68764  0.23507  0.94589 N   93 
-0.62777  0.33852  0.33093 B   94 
-0.50704  0.58707  0.26137 X   94 
-0.60626  0.07994  0.16322 B   95 
-0.41125 -0.00154  0.20419 A   95 
-0.89077 -0.02308  0.22528 B   96 
-0.84014 -0.22431  0.64223 K   96 
-1.02068  0.20942  0.06346 B   97 
-1.08830  0.50777  0.29744 K   97 
-0.88566  0.16417 -0.21046 B   98 
-0.61242  0.31050 -0.19980 I   98 
-0.97624 -0.13896 -0.26408 B   99 
-0.86829 -0.31111 -0.15216 V   99 
-1.29351 -0.03662 -0.23413 B   100 
-1.28712 -0.11225  0.01701 S   100 
-1.32500  0.16022 -0.49753 B   101 
-1.20628  0.40808 -0.54076 D   101 
-1.33885 -0.08766 -0.76364 B   102 
-1.03217 -0.18820 -0.87803 B   103 
-1.07555  0.05326 -1.09037 N   103 
-0.89483 -0.27547 -0.65319 B   104 
-0.55263 -0.35918 -0.68345 B   105 
-0.42598 -0.59308 -0.39528 M   105 
-0.52117 -0.18884 -0.95437 B   106 
-0.67882 -0.42460 -1.12445 N   106 
-0.43171  0.07300 -0.80561 B   107 
-0.59248  0.11120 -0.67742 A   107 
-0.16351 -0.09582 -0.81213 B   108 
-0.26367 -0.03557 -0.35983 W   108 
 0.06506 -0.09956 -1.05264 B   109 
 0.07911  0.12436 -1.17600 V   109 
 0.26406 -0.30967 -0.93338 B   110 
 0.39693 -0.19823 -0.80723 A   110 
 0.05804 -0.52948 -0.88882 B   111 
-0.26584 -0.68888 -0.74290 W   111 
-0.04945 -0.55776 -1.17828 B   112 
-0.21136 -0.25711 -1.42669 R   112 
 0.25091 -0.58685 -1.31984 B   113 
 0.20647 -0.31090 -1.48468 N   113 
 0.37953 -0.80125 -1.06652 B   114 
 0.79140 -0.51410 -1.04986 R   114 
 0.13058 -0.97317 -0.91301 B   115 
 0.24669 -0.79156 -0.67823 X   115 
-0.07867 -1.03286 -1.09991 B   116 
-0.45500 -0.83570 -1.23250 K   116 
-0.11125 -1.38061 -1.16521 B   117 
 0.06526 -1.47034 -0.94208 B   118 
 0.26001 -1.30190 -0.97506 T   118 
 0.24548 -1.62856 -0.67879 B   119 
 0.26529 -1.90461 -0.60393 D   119 
 0.17005 -1.46443 -0.38929 B   120 
-0.00374 -1.31309 -0.48602 V   120 
 0.22851 -1.67915 -0.16894 B   121 
-0.07265 -1.95713 -0.24360 Q   121 
 0.54122 -1.64523 -0.17737 B   122 
 0.59382 -1.70353 -0.36917 A   122 
 0.53264 -1.38351  0.01798 B   123 
 0.64951 -1.13601 -0.31157 W   123 
 0.46335 -1.59243  0.28487 B   124 
 0.20631 -1.51463  0.29710 I   124 
 0.68074 -1.77034  0.30294 B   125 
 0.52736 -2.02486 -0.12141 R   125 
 0.79881 -1.87178  0.62134 B   126 
 0.56699 -1.74892  0.77126 B   127 
 0.63540 -1.47011  0.62303 X   127 
 0.42678 -1.68117  1.10102 B   128 
 0.31943 -2.00716  1.31708 R   128 
 0.05407 -1.73402  1.08286 B   129 
 0.10769 -1.54865  0.90893 L   129 
