246 
-0.19126  1.30659 -0.20772 B   1 
-0.49469  1.29073 -0.49740 K   1 
-0.51278  1.31830 -0.05004 B   2 
-0.44724  1.38824  0.19075 V   2 
-0.73052  1.08465 -0.01575 B   3 
-0.59367  0.89829 -0.38244 F   3 
-1.02160  0.96160 -0.02773 B   4 
-1.18243  0.69347  0.04302 B   5 
-1.46223  0.55414  0.34616 R   5 
-1.37313  0.65999 -0.21073 B   6 
-1.65223  0.66445 -0.06770 X   6 
-1.14633  0.74569 -0.40522 B   7 
-0.99554  1.10240 -0.45443 E   7 
-0.94719  0.51514 -0.35118 B   8 
-0.70282  0.51472 -0.16573 L   8 
-1.13176  0.27709 -0.40320 B   9 
-1.26947  0.26833 -0.23553 A   9 
-1.17973  0.34260 -0.69798 B   10 
-1.31525  0.51422 -0.70062 A   10 
-0.88388  0.32915 -0.78982 B   11 
-0.79682  0.52158 -0.74137 A   11 
-0.82133  0.04528 -0.68275 B   12 
-0.67501  0.10670 -0.28348 M   12 
-1.03232 -0.08933 -0.85542 B   13 
-1.45777 -0.15478 -0.80146 K   13 
-0.94946 -0.00579 -1.13693 B   14 
-0.81698  0.40272 -1.28577 R   14 
-0.65666 -0.14295 -1.07176 B   15 
-0.49015  0.20858 -1.08893 H   15 
-0.75539 -0.44176 -0.94353 B   16 
-0.76635 -0.49050 -0.61005 B   17 
-0.51182 -0.30374 -0.53535 L   17 
-1.02349 -0.62593 -0.60049 B   18 
-1.30992 -0.55827 -0.51258 D   18 
-0.95545 -0.94218 -0.49507 B   19 
-1.27719 -0.93188 -0.49600 N   19 
-0.66643 -0.94636 -0.47712 B   20 
-0.33295 -0.86682 -0.75582 Y   20 
-0.56056 -1.23807 -0.37504 B   21 
-0.18133 -1.33714 -0.64323 R   21 
-0.84604 -1.22389 -0.19009 B   22 
-0.86260 -0.90480 -0.13606 B   23 
-0.50792 -1.05775  0.13247 Y   23 
-1.06700 -0.69877 -0.04692 B   24 
-1.25229 -0.75510  0.08497 S   24 
-1.09688 -0.36813 -0.08180 B   25 
-1.20444 -0.19531 -0.32080 L   25 
-1.11259 -0.29942  0.22775 B   26 
-0.82244 -0.38396  0.29362 B   27 
-0.89087 -0.70864  0.35527 N   27 
-0.67375 -0.17417  0.12402 B   28 
-0.50931 -0.47196 -0.16462 W   28 
-0.80110  0.07471  0.25264 B   29 
-1.01953  0.14922  0.13298 V   29 
-0.72083  0.00928  0.54033 B   30 
-0.83064 -0.15086  0.73851 X   30 
-0.41711  0.01010  0.49560 B   31 
-0.37017 -0.17943  0.39699 A   31 
-0.38346  0.29647  0.38343 B   32 
-0.44992  0.29150  0.17880 A   32 
-0.49345  0.43690  0.63284 B   33 
-0.74929  0.59278  0.79610 K   33 
-0.26616  0.30923  0.84610 B   34 
-0.59704  0.18972  1.05881 F   34 
-0.00552  0.38027  0.67442 B   35 
 0.09152  0.04538  0.62627 E   35 
-0.09225  0.69698  0.53739 B   36 
-0.06885  0.63075  0.32716 S   36 
-0.37389  0.83173  0.54076 B   37 
-0.45142  0.96751  0.78123 N   37 
-0.39967  0.87075  0.21854 B   38 
-0.75233  0.68892  0.33404 F   38 
-0.08422  0.95612  0.16693 B   39 
 0.00302  1.22931  0.25709 N   39 
 0.13804  0.96340 -0.09910 B   40 
-0.00870  1.01812 -0.29304 T   40 
 0.37735  1.13570  0.06831 B   41 
 0.33992  1.49045 -0.11095 Q   41 
 0.44275  0.92449  0.26539 B   42 
 0.27698  0.89271  0.39269 A   42 
 0.72104  0.90356  0.50089 B   43 
 0.85350  1.01296  0.32660 T   43 
 0.92809  0.63842  0.66572 B   44 
 0.62962  0.70426  0.80903 N   44 
 1.16252  0.57102  0.88355 B   45 
 1.62028  0.70424  0.71105 R   45 
 1.37081  0.30186  0.94795 B   46 
 1.11446  0.15220  0.77702 N   46 
 1.57895  0.13704  1.15590 B   47 
 1.48222  0.07516  1.38736 T   47 
 1.73101 -0.00172  0.89250 B   48 
 1.54603 -0.14649  0.76935 D   48 
 1.72800  0.27322  0.68797 B   49 
 1.49037  0.26006  0.55565 B   50 
 1.40470  0.03444  0.50918 S   50 
 1.18360  0.34197  0.35357 B   51 
 1.26911  0.59654  0.39833 T   51 
 0.85702  0.44468  0.34723 B   52 
 0.77744  0.16379  0.52803 D   52 
 0.61941  0.46419  0.06468 B   53 
 1.06601  0.63124  0.00657 Y   53 
 0.32703  0.59896  0.04809 B   54 
-0.00160  0.47277  0.07079 B   55 
-0.20228  0.55733 -0.09201 I   55 
 0.16149  0.16678  0.13070 B   56 
-0.08704  0.03121 -0.02151 L   56 
 0.44079  0.16740  0.25072 B   57 
 0.42520  0.43304  0.47130 Q   57 
 0.68144  0.11370  0.05991 B   58 
 0.53529 -0.00848 -0.18460 I   58 
 0.98633 -0.04436  0.07949 B   59 
 1.12112 -0.13941  0.33563 N   59 
 1.34127  0.01974  0.00983 B   60 
 1.39087  0.21789  0.11380 S   60 
 1.47487 -0.27399  0.05479 B   61 
 1.70348 -0.28854  0.41829 R   61 
 1.27669 -0.41985 -0.18465 B   62 
 1.33479 -0.73026  0.14418 W   62 
 1.09352 -0.22157 -0.39743 B   63 
 0.85414 -0.53611 -0.20828 W   63 
 1.26406  0.05553 -0.39085 B   64 
 1.07272  0.21827 -0.32325 X   64 
 1.45740  0.34234 -0.49501 B   65 
 1.73635  0.31469 -0.59321 N   65 
 1.64693  0.60416 -0.28500 B   66 
 1.56449  0.51569 -0.04407 D   66 
 1.97800  0.59924 -0.25852 B   67 
 1.98028  0.50842  0.09266 B   68 
 1.70991  0.83170  0.30928 R   68 
 1.96769  0.16733  0.07472 B   69 
 1.72661  0.18282  0.15765 T   69 
 2.14466 -0.06838  0.16759 B   70 
 2.24428  0.06239  0.30449 P   70 
 2.07507 -0.36425  0.01617 B   71 
 1.88119 -0.31243 -0.20552 B   72 
 1.82504 -0.08154 -0.20324 S   72 
 1.62985 -0.42710 -0.46896 B   73 
 1.71357 -0.77318 -0.43897 R   73 
 1.39543 -0.31598 -0.65300 B   74 
 1.41147 -0.06714 -0.77861 N   74 
 1.14032 -0.50776 -0.74857 B   75 
 1.21580 -0.74341 -0.53991 L   75 
 0.95800 -0.26802 -0.88963 B   76 
 0.74447 -0.30288 -0.66672 X   76 
 1.13394 -0.08921 -1.05401 B   77 
 1.28638 -0.16206 -1.26824 N   77 
 1.15421  0.19437 -0.86667 B   78 
 0.87162  0.22283 -0.94425 I   78 
 1.13154  0.49420 -0.76588 B   79 
 1.19016  0.58357 -0.94548 P   79 
 1.01354  0.58653 -0.46687 B   80 
 1.19602  0.41409 -0.27519 X   80 
 0.88373  0.85651 -0.57246 B   81 
 1.07246  0.96203 -0.67595 S   81 
 0.65784  0.72075 -0.74279 B   82 
 0.75944  0.62157 -0.89822 A   82 
 0.50294  0.64769 -0.46265 B   83 
 0.62210  0.34433 -0.43262 L   83 
 0.41039  0.97972 -0.43794 B   84 
 0.65575  0.97588 -0.21876 L   84 
 0.21433  1.01198 -0.63703 B   85 
 0.24956  1.02505 -0.89343 S   85 
-0.11138  1.08216 -0.74110 B   86 
-0.11546  1.30539 -0.82775 S   86 
-0.04292  0.83498 -0.90864 B   87 
-0.07518  0.77095 -1.19205 D   87 
-0.10848  0.49659 -0.80278 B   88 
-0.32620  0.51117 -0.64764 I   88 
 0.00187  0.29274 -1.00861 B   89 
-0.07310  0.37198 -1.25063 T   89 
 0.27527  0.21816 -0.88038 B   90 
 0.40906  0.38352 -0.92510 A   90 
 0.17058  0.11684 -0.60480 B   91 
 0.18349  0.34794 -0.45733 S   91 
-0.01639 -0.10035 -0.71270 B   92 
-0.25245 -0.00725 -0.77847 V   92 
 0.18208 -0.27134 -0.87251 B   93 
 0.12766 -0.14044 -1.17762 N   93 
 0.35829 -0.31871 -0.62310 B   94 
 0.59082 -0.17774 -0.53795 X   94 
 0.14590 -0.43793 -0.43302 B   95 
 0.02400 -0.27254 -0.36873 A   95 
 0.08329 -0.68634 -0.60560 B   96 
-0.21461 -0.52048 -0.92284 K   96 
 0.36612 -0.80615 -0.55294 B   97 
 0.60938 -0.68887 -0.82753 K   97 
 0.36232 -0.81525 -0.24438 B   98 
 0.45154 -0.53487 -0.14636 I   98 
 0.10074 -0.99586 -0.20051 B   99 
-0.10892 -0.90023 -0.22714 V   99 
 0.24781 -1.23241 -0.38610 B   100 
 0.11624 -1.14154 -0.59409 S   100 
 0.50261 -1.31850 -0.19432 B   101 
 0.72875 -1.16845 -0.13313 D   101 
 0.32948 -1.50686  0.06451 B   102 
 0.20554 -1.31439  0.31915 B   103 
 0.49332 -1.37775  0.45493 N   103 
 0.04575 -1.12370  0.19611 B   104 
-0.08782 -0.86072  0.39110 B   105 
-0.40064 -0.69123  0.22615 M   105 
 0.13224 -0.90216  0.62187 B   106 
-0.02610 -1.17219  0.72853 N   106 
 0.33251 -0.69352  0.49918 B   107 
 0.36783 -0.76965  0.30762 A   107 
 0.12510 -0.50724  0.65002 B   108 
 0.09582 -0.38923  0.19897 W   108 
 0.13674 -0.41013  0.96710 B   109 
 0.37701 -0.39091  1.05345 V   109 
-0.12704 -0.24219  0.98083 B   110 
-0.07310 -0.04466  0.91714 A   110 
-0.31120 -0.46026  0.87466 B   111 
-0.44019 -0.72258  0.61745 W   111 
-0.25230 -0.68231  1.08290 B   112 
 0.12141 -0.84835  1.18819 R   112 
-0.30049 -0.48799  1.34940 B   113 
 0.00949 -0.52337  1.43859 N   113 
-0.58694 -0.32627  1.21349 B   114 
-0.38889  0.11407  1.35224 R   114 
-0.74290 -0.52352  0.98576 B   115 
-0.64400 -0.27671  0.81001 X   115 
-0.71979 -0.79935  1.06101 B   116 
-0.43396 -1.13046  0.97888 K   116 
-1.03161 -0.94609  1.14755 B   117 
-1.20026 -0.72271  1.04438 B   118 
-1.06593 -0.52304  1.14172 T   118 
-1.44440 -0.49722  0.91637 B   119 
-1.72930 -0.52095  0.89485 D   119 
-1.34101 -0.39863  0.60647 B   120 
-1.14312 -0.55061  0.59206 V   120 
-1.60773 -0.31180  0.46721 B   121 
-1.80315 -0.67774  0.42927 Q   121 
-1.62862 -0.03451  0.61448 B   122 
-1.64932 -0.08433  0.81458 A   122 
-1.42190  0.10835  0.40568 B   123 
-1.12955  0.13684  0.71752 W   123 
-1.67126  0.10508  0.16591 B   124 
-1.55422 -0.09293  0.02678 I   124 
-1.88408  0.25510  0.27289 B   125 
-2.00230 -0.12257  0.60721 R   125 
-2.07565  0.46449  0.06060 B   126 
-1.95180  0.35783 -0.19357 B   127 
-1.66288  0.42829 -0.06730 X   127 
-1.93848  0.39169 -0.55643 B   128 
-2.28134  0.30340 -0.75422 R   128 
-1.91895  0.04614 -0.70560 B   129 
-1.71085  0.06851 -0.55170 L   129 
