246 
 0.57703  0.00548  1.20578 B   1 
 0.94651 -0.16965  1.11060 K   1 
 0.81691  0.25950  1.12636 B   2 
 0.69311  0.47184  1.20855 V   2 
 0.94258  0.33783  0.84131 B   3 
 0.89670 -0.07099  0.70464 F   3 
 1.17858  0.40825  0.64294 B   4 
 1.23152  0.49867  0.33998 B   5 
 1.34541  0.85980  0.12501 R   5 
 1.48225  0.31875  0.25848 B   6 
 1.68692  0.54444  0.18397 X   6 
 1.36546  0.07128  0.40589 B   7 
 1.33682  0.01376  0.79095 E   7 
 1.10810  0.03283  0.23850 B   8 
 0.82355  0.12751  0.30309 L   8 
 1.23217  0.01879 -0.04052 B   9 
 1.29715  0.22023 -0.08906 A   9 
 1.39306 -0.23564  0.01302 B   10 
 1.56028 -0.17584  0.14064 A   10 
 1.15345 -0.41963  0.08284 B   11 
 1.10718 -0.38205  0.29117 A   11 
 0.98790 -0.36945 -0.17414 B   12 
 0.73468 -0.03540 -0.07990 M   12 
 1.20349 -0.47730 -0.35946 B   13 
 1.55317 -0.29507 -0.54037 K   13 
 1.24611 -0.75992 -0.25270 B   14 
 1.28130 -0.89961  0.17839 R   14 
 0.92403 -0.80850 -0.30464 B   15 
 0.86889 -0.84158  0.07936 H   15 
 0.89332 -0.68754 -0.62072 B   16 
 0.77676 -0.37579 -0.67488 B   17 
 0.56860 -0.36864 -0.42616 L   17 
 0.97156 -0.29748 -0.87607 B   18 
 1.21780 -0.11450 -0.89114 D   18 
 0.79336 -0.25407 -1.16263 B   19 
 1.08731 -0.14915 -1.24143 N   19 
 0.52475 -0.33169 -1.08719 B   20 
 0.33870 -0.69366 -0.91521 Y   20 
 0.31973 -0.30113 -1.33970 B   21 
 0.04318 -0.68703 -1.32691 R   21 
 0.51830 -0.03295 -1.40716 B   22 
 0.59613  0.05701 -1.10572 B   23 
 0.14451  0.17771 -1.15840 Y   23 
 0.80303  0.22911 -0.96520 B   24 
 0.91116  0.40737 -1.07213 S   24 
 0.92626  0.24109 -0.65519 B   25 
 1.14932  0.06982 -0.51567 L   25 
 0.85211  0.54434 -0.59747 B   26 
 0.54560  0.50285 -0.59958 B   27 
 0.50366  0.54866 -0.93131 N   27 
 0.52259  0.31733 -0.35476 B   28 
 0.39667 -0.03894 -0.59193 W   28 
 0.65722  0.50599 -0.15231 B   29 
 0.91470  0.47253 -0.13938 V   29 
 0.46956  0.74326 -0.19678 B   30 
 0.46029  0.94824 -0.38353 X   30 
 0.21035  0.60248 -0.11168 B   31 
 0.15331  0.47447 -0.27963 A   31 
 0.29127  0.51647  0.17429 B   32 
 0.42009  0.34530  0.15383 A   32 
 0.34125  0.80149  0.27573 B   33 
 0.55654  1.05465  0.35292 K   33 
 0.03020  0.91438  0.21294 B   34 
 0.22627  1.20927  0.00410 F   34 
-0.12873  0.67577  0.35529 B   35 
-0.28538  0.56348  0.06079 E   35 
 0.07730  0.60879  0.63755 B   36 
 0.11115  0.39663  0.58306 S   36 
 0.36523  0.71788  0.68937 B   37 
 0.38772  0.98345  0.79541 N   37 
 0.50868  0.42764  0.72392 B   38 
 0.74182  0.63167  0.45043 F   38 
 0.26278  0.28555  0.89361 B   39 
 0.22266  0.37081  1.17908 N   39 
 0.15458 -0.03598  0.96531 B   40 
 0.36758 -0.16466  0.97994 T   40 
-0.07521  0.06170  1.19475 B   41 
 0.11036 -0.05698  1.52770 Q   41 
-0.25559  0.20322  1.00723 B   42 
-0.15729  0.37341  0.92934 A   42 
-0.59317  0.33173  1.06080 B   43 
-0.62550  0.13644  1.20473 T   43 
-0.90439  0.39114  0.86093 B   44 
-0.66666  0.62990  0.84007 N   44 
-1.20810  0.51238  0.85798 B   45 
-1.52920  0.21545  1.11445 R   45 
-1.48712  0.47661  0.65587 B   46 
-1.23495  0.38357  0.44355 N   46 
-1.78851  0.58680  0.55216 B   47 
-1.79594  0.82921  0.46304 T   47 
-1.87132  0.27512  0.46411 B   48 
-1.69879  0.20427  0.27555 D   48 
-1.72858  0.11305  0.73017 B   49 
-1.47176  0.06466  0.65371 B   50 
-1.43588  0.02497  0.41383 S   50 
-1.10430 -0.01671  0.65047 B   51 
-1.13207  0.02448  0.91814 T   51 
-0.78056  0.09448  0.65922 B   52 
-0.84201  0.26051  0.36498 D   52 
-0.46405 -0.09162  0.61611 B   53 
-0.80555 -0.27386  0.90055 Y   53 
-0.15958  0.00221  0.66524 B   54 
 0.09774  0.11711  0.45305 B   55 
 0.35648  0.03841  0.48110 I   55 
-0.14826  0.08793  0.20314 B   56 
 0.09404  0.01142  0.00628 L   56 
-0.44177  0.10987  0.27920 B   57 
-0.43539  0.35035  0.52738 Q   57 
-0.60786 -0.15341  0.29639 B   58 
-0.42319 -0.34855  0.14181 I   58 
-0.93060 -0.25098  0.22828 B   59 
-1.16434 -0.06423  0.17078 N   59 
-1.21149 -0.42515  0.38865 B   60 
-1.24140 -0.32261  0.59144 S   60 
-1.42256 -0.45749  0.14258 B   61 
-1.75736 -0.19188  0.18695 R   61 
-1.19861 -0.63343 -0.04917 B   62 
-1.44272 -0.37625 -0.33573 W   62 
-0.90963 -0.75276  0.09365 B   63 
-0.83796 -0.53045 -0.27710 W   63 
-0.99550 -0.77272  0.40692 B   64 
-0.80408 -0.62969  0.50972 X   64 
-1.06166 -0.90312  0.73723 B   65 
-1.28743 -1.08909  0.78883 N   65 
-1.23817 -0.73973  1.03843 B   66 
-1.26855 -0.49589  0.92757 D   66 
-1.54793 -0.82310  1.12464 B   67 
-1.69323 -0.50350  1.03345 B   68 
-1.44038 -0.17772  1.26685 R   68 
-1.76265 -0.55238  0.70238 B   69 
-1.56901 -0.39438  0.64973 T   69 
-2.01454 -0.54769  0.52342 B   70 
-2.11814 -0.43761  0.67481 P   70 
-1.97523 -0.69866  0.22180 B   71 
-1.71085 -0.83838  0.22102 B   72 
-1.60199 -0.79351  0.42743 S   72 
-1.42265 -1.01627  0.04489 B   73 
-1.59684 -1.05199 -0.26504 R   73 
-1.11936 -1.10114  0.08944 B   74 
-1.02749 -1.19803  0.33464 N   74 
-0.90481 -1.12824 -0.16400 B   75 
-1.10450 -0.98170 -0.37238 L   75 
-0.63057 -1.17605  0.01798 B   76 
-0.52255 -0.90081 -0.07728 X   76 
-0.68791 -1.36882  0.24047 B   77 
-0.77109 -1.62744  0.21523 N   77 
-0.69803 -1.16935  0.51620 B   78 
-0.40865 -1.14727  0.46665 I   78 
-0.63558 -1.03550  0.79684 B   79 
-0.60440 -1.21387  0.90121 P   79 
-0.60758 -0.70637  0.84920 B   80 
-0.88213 -0.60391  0.73130 X   80 
-0.38525 -0.73474  1.07426 B   81 
-0.49367 -0.88222  1.22905 S   81 
-0.15729 -0.83566  0.88369 B   82 
-0.22130 -1.02527  0.81838 A   82 
-0.13160 -0.52977  0.76715 B   83 
-0.32697 -0.57246  0.50805 L   83 
 0.02828 -0.44126  1.06045 B   84 
-0.26958 -0.31557  1.12158 L   84 
 0.28192 -0.56111  1.03997 B   85 
 0.34108 -0.81211  1.06554 S   85 
 0.62999 -0.54547  1.01895 B   86 
 0.72021 -0.60191  1.23350 S   86 
 0.56237 -0.75136  0.80241 B   87 
 0.67215 -1.01393  0.73562 D   87 
 0.49922 -0.66640  0.45773 B   88 
 0.64681 -0.44823  0.40972 I   88 
 0.41785 -0.91731  0.29487 B   89 
 0.58862 -1.11192  0.35348 T   89 
 0.10771 -0.89369  0.29692 B   90 
 0.04413 -0.96172  0.49332 A   90 
 0.08232 -0.61142  0.16712 B   91 
 0.07911 -0.45257  0.39090 S   91 
 0.23298 -0.67496 -0.09180 B   92 
 0.49272 -0.65008 -0.06655 V   92 
 0.06454 -0.90782 -0.19936 B   93 
 0.25147 -1.16293 -0.08463 N   93 
-0.19221 -0.73583 -0.19952 B   94 
-0.39572 -0.71656 -0.00102 X   94 
-0.09550 -0.50075 -0.37511 B   95 
 0.03493 -0.38315 -0.25059 A   95 
-0.04316 -0.66885 -0.62892 B   96 
 0.37706 -0.85242 -0.54755 K   96 
-0.34752 -0.72409 -0.66677 B   97 
-0.44375 -1.04884 -0.48344 K   97 
-0.45193 -0.43389 -0.68054 B   98 
-0.49468 -0.34113 -0.38771 I   98 
-0.27636 -0.32668 -0.92682 B   99 
-0.05325 -0.27335 -0.89237 V   99 
-0.40621 -0.57398 -1.11125 B   100 
-0.19291 -0.71697 -1.05750 S   100 
-0.72420 -0.48582 -1.12621 B   101 
-0.91142 -0.48602 -0.92042 D   101 
-0.70413 -0.20623 -1.35832 B   102 
-0.63005  0.09375 -1.21078 B   103 
-0.95293  0.12097 -1.19408 N   103 
-0.39485  0.05034 -1.06996 B   104 
-0.27369  0.30488 -0.85654 B   105 
 0.10886  0.26964 -0.77775 M   105 
-0.56221  0.44572 -0.83866 B   106 
-0.52430  0.56885 -1.14324 N   106 
-0.64822  0.28737 -0.58133 B   107 
-0.63406  0.08782 -0.64230 A   107 
-0.46472  0.51633 -0.46141 B   108 
-0.25391  0.11454 -0.35025 W   108 
-0.55894  0.82076 -0.36895 B   109 
-0.80090  0.82574 -0.28534 V   109 
-0.28225  0.93729 -0.28044 B   110 
-0.25891  0.88081 -0.07489 A   110 
-0.13495  0.87436 -0.53944 B   111 
 0.00283  0.64687 -0.82382 W   111 
-0.31603  1.02734 -0.73931 B   112 
-0.73238  0.98707 -0.79722 R   112 
-0.31406  1.31401 -0.56926 B   113 
-0.63396  1.29320 -0.51895 N   113 
 0.03273  1.29665 -0.49105 B   114 
-0.08162  1.40923 -0.01499 R   114 
 0.20140  1.11253 -0.72070 B   115 
 0.23495  0.94136 -0.45394 X   115 
 0.08446  1.14650 -0.98041 B   116 
-0.23037  0.94124 -1.21880 K   116 
 0.29950  1.31374 -1.20854 B   117 
 0.54426  1.29534 -1.03900 B   118 
 0.44036  1.36424 -0.81131 T   118 
 0.86633  1.27839 -0.88793 B   119 
 1.12532  1.34838 -0.98902 D   119 
 0.90391  0.96401 -0.76068 B   120 
 0.69112  0.86997 -0.85201 V   120 
 1.21492  0.92915 -0.74897 B   121 
 1.31138  0.91833 -1.15409 Q   121 
 1.25412  1.10370 -0.49011 B   122 
 1.19172  1.29318 -0.54627 A   122 
 1.17496  0.85537 -0.29312 B   123 
 0.81116  1.05626 -0.18914 W   123 
 1.48167  0.71088 -0.36191 B   124 
 1.37292  0.52108 -0.51818 I   124 
 1.67581  0.89655 -0.27778 B   125 
 1.57215  1.20914 -0.67768 R   125 
 1.97505  0.78160 -0.12661 B   126 
 1.92276  0.49118 -0.19171 B   127 
 1.63622  0.52326 -0.04595 X   127 
 2.04344  0.14948 -0.15082 B   128 
 2.39869  0.06585 -0.32766 R   128 
 1.98871 -0.03364 -0.47564 B   129 
 1.75357  0.04562 -0.39874 L   129 
