246 
 0.66599  1.02214  0.54645 B   1 
 0.52187  1.33775  0.31011 K   1 
 0.37843  1.17013  0.70068 B   2 
 0.38943  1.06473  0.93719 V   2 
 0.06990  1.15317  0.61295 B   3 
 0.18656  1.10984  0.19770 F   3 
-0.21612  1.27264  0.55025 B   4 
-0.51311  1.18123  0.47150 B   5 
-0.90233  1.14492  0.66331 R   5 
-0.59375  1.39656  0.25012 B   6 
-0.84861  1.51881  0.38605 X   6 
-0.31041  1.38669  0.12273 B   7 
 0.02237  1.52985  0.26822 E   7 
-0.30860  1.09066  0.03274 B   8 
-0.18449  0.84936  0.17583 L   8 
-0.56651  1.08722 -0.13130 B   9 
-0.73007  1.09814  0.01113 A   9 
-0.46967  1.28841 -0.34018 B   10 
-0.47362  1.48396 -0.24234 A   10 
-0.22391  1.12720 -0.43895 B   11 
-0.06445  1.16777 -0.29794 A   11 
-0.37287  0.86421 -0.50683 B   12 
-0.35720  0.63121 -0.14620 M   12 
-0.55270  0.99482 -0.71433 B   13 
-0.92894  1.20865 -0.68385 K   13 
-0.35106  1.11585 -0.90872 B   14 
 0.02973  1.34668 -0.81758 R   14 
-0.22899  0.81138 -0.94316 B   15 
 0.10229  0.92700 -0.77442 H   15 
-0.51520  0.63523 -0.99352 B   16 
-0.65962  0.46587 -0.74020 B   17 
-0.38539  0.38202 -0.58851 L   17 
-0.93404  0.54609 -0.79327 B   18 
-1.14057  0.73631 -0.66874 D   18 
-1.09673  0.26027 -0.88041 B   19 
-1.33369  0.47718 -0.85977 N   19 
-0.88656  0.06103 -0.88185 B   20 
-0.49873  0.01466 -1.08836 Y   20 
-1.00563 -0.23290 -0.96030 B   21 
-0.68821 -0.42395 -1.25746 R   21 
-1.27341 -0.11890 -0.78366 B   22 
-1.12204  0.06503 -0.56395 B   23 
-1.02832 -0.37891 -0.43970 Y   23 
-1.18832  0.28649 -0.36713 B   24 
-1.40324  0.31485 -0.27822 S   24 
-1.01155  0.52529 -0.21494 B   25 
-0.91684  0.80710 -0.31579 L   25 
-1.08499  0.44200  0.08248 B   26 
-0.93524  0.17141  0.07738 B   27 
-1.19162 -0.01126 -0.04431 N   27 
-0.64845  0.27818  0.04219 B   28 
-0.59969  0.11382 -0.36968 W   28 
-0.64498  0.45840  0.29161 B   29 
-0.72876  0.69958  0.24267 V   29 
-0.71508  0.23928  0.49301 B   30 
-0.95355  0.12520  0.57724 X   30 
-0.47057  0.06104  0.44107 B   31 
-0.51081 -0.04323  0.25303 A   31 
-0.24584  0.26497  0.50131 B   32 
-0.23234  0.39518  0.33049 A   32 
-0.33018  0.31392  0.79202 B   33 
-0.48794  0.50550  1.02615 K   33 
-0.30037 -0.00694  0.88999 B   34 
-0.68751  0.04205  1.01936 F   34 
-0.00722 -0.05797  0.77205 B   35 
-0.10867 -0.30679  0.54472 E   35 
 0.15189  0.25422  0.83389 B   36 
 0.20027  0.29040  0.62063 S   36 
 0.01461  0.51982  0.92388 B   37 
-0.04495  0.54863  1.20298 N   37 
 0.12209  0.70223  0.67652 B   38 
-0.28534  0.76969  0.69162 F   38 
 0.42576  0.57151  0.66425 B   39 
 0.61771  0.64346  0.88414 N   39 
 0.68434  0.54765  0.43448 B   40 
 0.66763  0.76241  0.30904 T   40 
 0.90871  0.42411  0.65670 B   41 
 1.14044  0.74611  0.70145 Q   41 
 0.77395  0.16456  0.70361 B   42 
 0.58923  0.19733  0.80108 A   42 
 0.89575 -0.13354  0.87579 B   43 
 1.11472 -0.07604  0.78284 T   43 
 0.84785 -0.50472  0.85938 B   44 
 0.61316 -0.33208  1.02990 N   44 
 0.91583 -0.79507  0.99362 B   45 
 1.39356 -0.93615  0.89915 R   45 
 0.89923 -1.12544  0.89085 B   46 
 0.67600 -0.97526  0.67885 N   46 
 0.89517 -1.45438  0.96509 B   47 
 0.71164 -1.53101  1.13003 T   47 
 1.01681 -1.52363  0.66151 B   48 
 0.83475 -1.43803  0.48868 D   48 
 1.23737 -1.26225  0.63998 B   49 
 1.09336 -1.05705  0.53367 B   50 
 0.91544 -1.11986  0.37617 S   50 
 0.97384 -0.71741  0.42407 B   51 
 1.16865 -0.63588  0.59588 T   51 
 0.78753 -0.43795  0.49069 B   52 
 0.50890 -0.63864  0.49318 D   52 
 0.71096 -0.14664  0.27634 B   53 
 1.16230 -0.30978  0.29664 Y   53 
 0.57206  0.13476  0.35015 B   54 
 0.24460  0.26160  0.31664 B   55 
 0.19398  0.51633  0.23617 I   55 
 0.17436 -0.06000  0.19229 B   56 
-0.04102  0.08555  0.00324 L   56 
 0.34673 -0.29475  0.27942 B   57 
 0.41428 -0.21756  0.60948 Q   57 
 0.56007 -0.40127  0.07857 B   58 
 0.45967 -0.27380 -0.18552 I   58 
 0.69421 -0.70651 -0.00603 B   59 
 0.65873 -0.96567  0.15015 N   59 
 1.02151 -0.86822 -0.04693 B   60 
 1.13786 -0.82404  0.14554 S   60 
 0.94081 -1.15642 -0.17568 B   61 
 0.98710 -1.47435  0.10961 R   61 
 0.78598 -1.01181 -0.44585 B   62 
 0.54646 -1.38564 -0.34222 W   62 
 0.82951 -0.67642 -0.50716 B   63 
 0.40827 -0.79715 -0.50814 W   63 
 1.11380 -0.61977 -0.35924 B   64 
 1.03978 -0.42408 -0.20465 X   64 
 1.45684 -0.52339 -0.29990 B   65 
 1.68382 -0.67953 -0.41089 N   65 
 1.68064 -0.57789  0.00916 B   66 
 1.48971 -0.68442  0.16685 D   66 
 1.91940 -0.80880  0.01240 B   67 
 1.75529 -1.02053  0.25698 B   68 
 1.66440 -0.73963  0.62762 R   68 
 1.55766 -1.21484  0.05697 B   69 
 1.35735 -1.08423  0.14669 T   69 
 1.52715 -1.51661 -0.00222 B   70 
 1.63228 -1.56113  0.17871 P   70 
 1.35556 -1.58718 -0.28663 B   71 
 1.31061 -1.33123 -0.43457 B   72 
 1.39874 -1.15312 -0.30426 S   72 
 1.14114 -1.12212 -0.70526 B   73 
 0.99787 -1.40345 -0.87258 R   73 
 1.08704 -0.81963 -0.78741 B   74 
 1.28150 -0.62144 -0.75800 N   74 
 0.81630 -0.72933 -0.95929 B   75 
 0.67149 -1.01563 -0.91648 L   75 
 0.86072 -0.40042 -0.93801 B   76 
 0.60708 -0.38034 -0.75980 X   76 
 1.14879 -0.33285 -0.98702 B   77 
 1.29220 -0.38328 -1.21358 N   77 
 1.26445 -0.25342 -0.67680 B   78 
 1.09233 -0.01722 -0.71240 I   78 
 1.38503 -0.09792 -0.42810 B   79 
 1.53854 -0.00221 -0.53278 P   79 
 1.25116 -0.09519 -0.12164 B   80 
 1.22867 -0.40492 -0.06390 X   80 
 1.34092  0.20251 -0.05677 B   81 
 1.57718  0.18977 -0.09530 S   81 
 1.14842  0.34110 -0.26221 B   82 
 1.21933  0.28181 -0.45135 A   82 
 0.89874  0.27420 -0.05973 B   83 
 0.80652 -0.00396 -0.20552 L   83 
 1.00958  0.52861  0.14619 B   84 
 1.12153  0.26973  0.31562 L   84 
 0.94452  0.76400  0.00664 B   85 
 1.06193  0.86165 -0.20273 S   85 
 0.77215  1.06574 -0.02633 B   86 
 0.92417  1.24416  0.02277 S   86 
 0.73780  0.94211 -0.30453 B   87 
 0.76916  1.04814 -0.57514 D   87 
 0.46142  0.72971 -0.39679 B   88 
 0.25476  0.81279 -0.24822 I   88 
 0.49581  0.62227 -0.68553 B   89 
 0.56291  0.82640 -0.84142 T   89 
 0.61829  0.34138 -0.63215 B   90 
 0.82795  0.37563 -0.58619 A   90 
 0.39198  0.22624 -0.45134 B   91 
 0.48519  0.29561 -0.20270 S   91 
 0.16228  0.26176 -0.65071 B   92 
 0.05823  0.50227 -0.64353 V   92 
 0.26697  0.09683 -0.88736 B   93 
 0.39949  0.34711 -1.06899 N   93 
 0.29210 -0.15701 -0.71290 B   94 
 0.52027 -0.25932 -0.57630 X   94 
 0.00202 -0.17529 -0.60815 B   95 
-0.01695 -0.02188 -0.45832 A   95 
-0.13043 -0.21185 -0.88480 B   96 
-0.15808  0.22435 -1.04560 K   96 
-0.00197 -0.49362 -0.91978 B   97 
 0.33780 -0.45959 -1.09789 K   97 
-0.11034 -0.63226 -0.66612 B   98 
 0.08464 -0.56061 -0.43583 I   98 
-0.42496 -0.59207 -0.71481 B   99 
-0.52035 -0.38444 -0.67478 V   99 
-0.38800 -0.75256 -1.00620 B   100 
-0.36812 -0.51923 -1.12448 S   100 
-0.30677 -1.05631 -0.90495 B   101 
-0.07047 -1.13832 -0.78315 D   101 
-0.62886 -1.17308 -0.78216 B   102 
-0.69586 -1.08521 -0.45807 B   103 
-0.55858 -1.37189 -0.39297 N   103 
-0.66816 -0.80918 -0.44950 B   104 
-0.68295 -0.64533 -0.13652 B   105 
-0.76931 -0.26401 -0.16706 M   105 
-0.61526 -0.91597  0.02340 B   106 
-0.92313 -1.02596 -0.02644 N   106 
-0.30541 -0.86420  0.02434 B   107 
-0.25973 -0.85012 -0.17926 A   107 
-0.40525 -0.68005  0.26224 B   108 
-0.21362 -0.39006 -0.04988 W   108 
-0.44433 -0.76699  0.58007 B   109 
-0.27992 -0.95000  0.65105 V   109 
-0.55261 -0.49713  0.69592 B   110 
-0.37882 -0.38254  0.74742 A   110 
-0.78125 -0.46474  0.49738 B   111 
-0.94425 -0.42935  0.14555 W   111 
-0.93071 -0.73163  0.54806 B   112 
-0.77698 -1.12439  0.52752 R   112 
-0.94328 -0.69731  0.87937 B   113 
-0.75817 -0.96078  0.91959 N   113 
-1.02358 -0.35077  0.86762 B   114 
-0.66865 -0.26942  1.21372 R   114 
-1.17954 -0.27057  0.57721 B   115 
-0.90732 -0.10575  0.55947 X   115 
-1.34338 -0.48887  0.48900 B   116 
-1.28899 -0.84375  0.22598 K   116 
-1.69058 -0.41372  0.49694 B   117 
-1.65745 -0.12045  0.54039 B   118 
-1.47405 -0.12777  0.72397 T   118 
-1.67208  0.23433  0.56787 B   119 
-1.89386  0.41522  0.55093 D   119 
-1.43714  0.36369  0.35690 B   120 
-1.36935  0.14701  0.25240 V   120 
-1.54402  0.65263  0.30061 B   121 
-1.88743  0.57119  0.07930 Q   121 
-1.45002  0.77265  0.57588 B   122 
-1.55905  0.66757  0.71738 A   122 
-1.14470  0.81744  0.46859 B   123 
-1.00898  0.50713  0.73090 W   123 
-1.25701  1.08359  0.27825 B   124 
-1.23593  0.94609  0.04822 I   124 
-1.36730  1.26816  0.45994 B   125 
-1.78008  0.96560  0.54023 R   125 
-1.32397  1.61568  0.40550 B   126 
-1.20839  1.58060  0.12850 B   127 
-0.99107  1.37991  0.25840 X   127 
-1.06109  1.75213 -0.15763 B   128 
-1.30606  2.00848 -0.35449 R   128 
-1.19433  1.59171 -0.47157 B   129 
-1.07440  1.40201 -0.34072 L   129 
