246 
 0.18180  1.31791 -0.13028 B   1 
-0.04534  1.38902 -0.47609 K   1 
-0.15376  1.40642 -0.04117 B   2 
-0.12761  1.44982  0.21300 V   2 
-0.42374  1.23516 -0.07210 B   3 
-0.25929  1.03150 -0.41763 F   3 
-0.72605  1.19093 -0.15372 B   4 
-0.95861  0.97069 -0.14041 B   5 
-1.32326  0.89809  0.08621 R   5 
-1.09136  0.99489 -0.42967 B   6 
-1.38538  1.06602 -0.34680 X   6 
-0.81362  1.02582 -0.56572 B   7 
-0.57377  1.33356 -0.55251 E   7 
-0.69320  0.75051 -0.49200 B   8 
-0.50299  0.68197 -0.26128 L   8 
-0.91399  0.56920 -0.60071 B   9 
-1.08300  0.59071 -0.46606 A   9 
-0.87885  0.65389 -0.89239 B   10 
-0.96470  0.85442 -0.90802 A   10 
-0.58240  0.56821 -0.92268 B   11 
-0.46404  0.73044 -0.84126 A   11 
-0.61562  0.27460 -0.82969 B   12 
-0.54992  0.28423 -0.40520 M   12 
-0.80985  0.20374 -1.05264 B   13 
-1.23963  0.24744 -1.09247 K   13 
-0.64960  0.27203 -1.30313 B   14 
-0.39266  0.63760 -1.38641 R   14 
-0.42045  0.06272 -1.19147 B   15 
-0.17402  0.36044 -1.14425 H   15 
-0.61435 -0.20481 -1.11205 B   16 
-0.70960 -0.25945 -0.79322 B   17 
-0.44010 -0.14627 -0.65248 L   17 
-0.98757 -0.32497 -0.84795 B   18 
-1.26109 -0.18918 -0.81494 D   18 
-1.02309 -0.65122 -0.75820 B   19 
-1.32445 -0.55910 -0.82393 N   19 
-0.75491 -0.72960 -0.68203 B   20 
-0.35939 -0.72924 -0.87894 Y   20 
-0.74800 -1.04169 -0.58572 B   21 
-0.35489 -1.22594 -0.77826 R   21 
-1.05487 -0.96084 -0.46245 B   22 
-1.00493 -0.64992 -0.38594 B   23 
-0.76569 -0.89660 -0.06467 Y   23 
-1.16764 -0.40140 -0.32319 B   24 
-1.38531 -0.41262 -0.23721 S   24 
-1.10801 -0.07317 -0.33513 B   25 
-1.11536  0.12870 -0.57545 L   25 
-1.17400 -0.01235 -0.03061 B   26 
-0.93474 -0.17017  0.08568 B   27 
-1.09170 -0.46837  0.10416 N   27 
-0.70616 -0.00015 -0.03148 B   28 
-0.55978 -0.32096 -0.30476 W   28 
-0.79430  0.26889  0.08916 B   29 
-0.95643  0.40037 -0.06579 V   29 
-0.79736  0.17626  0.38053 B   30 
-0.98341  0.04339  0.53772 X   30 
-0.50032  0.10089  0.39900 B   31 
-0.48034 -0.09119  0.29627 A   31 
-0.37446  0.37251  0.32089 B   32 
-0.39364  0.39102  0.10733 A   32 
-0.49897  0.52857  0.55362 B   33 
-0.73870  0.73947  0.67387 K   33 
-0.36187  0.34057  0.79713 B   34 
-0.75018  0.30296  0.92681 F   34 
-0.06070  0.34799  0.68898 B   35 
-0.03971  0.00108  0.63330 E   35 
-0.03580  0.68043  0.56463 B   36 
 0.01630  0.61698  0.35875 S   36 
-0.27001  0.88245  0.52188 B   37 
-0.36301  1.02601  0.75213 N   37 
-0.21430  0.93673  0.20571 B   38 
-0.61702  0.84747  0.23083 F   38 
 0.11583  0.94029  0.22708 B   39 
 0.24481  1.17923  0.35610 N   39 
 0.38593  0.89883  0.01365 B   40 
 0.30302  0.99517 -0.20079 T   40 
 0.61722  0.99905  0.24046 B   41 
 0.70721  1.35697  0.08823 Q   41 
 0.58460  0.77214  0.42801 B   42 
 0.39234  0.77980  0.51560 A   42 
 0.79092  0.67356  0.71272 B   43 
 0.98084  0.75087  0.57912 T   43 
 0.88615  0.35937  0.89315 B   44 
 0.58865  0.49476  0.97757 N   44 
 1.04361  0.22764  1.14770 B   45 
 1.54634  0.24485  1.08432 R   45 
 1.16103 -0.08764  1.23011 B   46 
 0.91991 -0.16152  0.99831 N   46 
 1.27219 -0.30650  1.46136 B   47 
 1.11505 -0.34877  1.66206 T   47 
 1.43993 -0.47125  1.22371 B   48 
 1.25697 -0.56011  1.05350 D   48 
 1.54861 -0.19845  1.04707 B   49 
 1.34984 -0.14640  0.86839 B   50 
 1.22431 -0.34112  0.78634 S   50 
 1.12407  0.01734  0.61565 B   51 
 1.25685  0.24012  0.69845 T   51 
 0.84175  0.20017  0.55152 B   52 
 0.65877 -0.05656  0.68766 D   52 
 0.68384  0.28844  0.22912 B   53 
 1.15917  0.33765  0.27789 Y   53 
 0.44386  0.49383  0.16472 B   54 
 0.09769  0.45508  0.10899 B   55 
-0.03577  0.59308 -0.08354 I   55 
 0.16445  0.11589  0.17465 B   56 
-0.06997  0.05305 -0.03609 L   56 
 0.40226  0.04146  0.34879 B   57 
 0.40365  0.29531  0.58335 Q   57 
 0.65846 -0.06596  0.20727 B   58 
 0.54426 -0.13913 -0.07144 I   58 
 0.90395 -0.29714  0.27515 B   59 
 0.95215 -0.43135  0.54437 N   59 
 1.27021 -0.32366  0.28516 B   60 
 1.34238 -0.14806  0.41357 S   60 
 1.31534 -0.64301  0.33126 B   61 
 1.44822 -0.72670  0.73119 R   61 
 1.14512 -0.72595  0.04486 B   62 
 1.05266 -1.05094  0.35095 W   62 
 1.06675 -0.48098 -0.18316 B   63 
 0.72275 -0.72968 -0.07438 W   63 
 1.29371 -0.25695 -0.11830 B   64 
 1.13756 -0.05292 -0.07757 X   64 
 1.56884 -0.02592 -0.15595 B   65 
 1.84727 -0.12081 -0.19711 N   65 
 1.76547  0.17220  0.10987 B   66 
 1.61331  0.10029  0.32045 D   66 
 2.07135  0.08211  0.20288 B   67 
 1.97453 -0.01713  0.53807 B   68 
 1.75000  0.35760  0.72167 R   68 
 1.88380 -0.34297  0.48895 B   69 
 1.64156 -0.26903  0.52190 T   69 
 1.97350 -0.61881  0.59556 B   70 
 2.06938 -0.52212  0.76056 P   70 
 1.86912 -0.88228  0.40847 B   71 
 1.74704 -0.77582  0.15711 B   72 
 1.74950 -0.53844  0.16753 S   72 
 1.53940 -0.81431 -0.16090 B   73 
 1.52798 -1.17105 -0.14405 R   73 
 1.38514 -0.64137 -0.37878 B   74 
 1.48820 -0.40111 -0.47680 N   74 
 1.11846 -0.75861 -0.54043 B   75 
 1.08689 -1.01208 -0.34161 L   75 
 1.03524 -0.47602 -0.69478 B   76 
 0.77614 -0.46210 -0.52398 X   76 
 1.28091 -0.34305 -0.80392 B   77 
 1.45423 -0.44573 -0.98793 N   77 
 1.32783 -0.07999 -0.59293 B   78 
 1.08467  0.02207 -0.72387 I   78 
 1.35708  0.21242 -0.47371 B   79 
 1.47351  0.28938 -0.62927 P   79 
 1.20246  0.32251 -0.19834 B   80 
 1.29107  0.10334  0.01116 X   80 
 1.16842  0.61982 -0.30481 B   81 
 1.39506  0.67681 -0.35820 S   81 
 0.95932  0.55158 -0.52862 B   82 
 1.06533  0.43461 -0.66790 A   82 
 0.73382  0.51184 -0.29328 B   83 
 0.76625  0.18733 -0.26551 L   83 
 0.72152  0.85556 -0.25979 B   84 
 0.90444  0.78242  0.00373 L   84 
 0.58768  0.94296 -0.49123 B   85 
 0.68032  0.95454 -0.73297 S   85 
 0.31970  1.09716 -0.65325 B   86 
 0.38899  1.31661 -0.71957 S   86 
 0.36113  0.84600 -0.82373 B   87 
 0.37719  0.80115 -1.11215 D   87 
 0.19387  0.53246 -0.76272 B   88 
-0.04235  0.59733 -0.65464 I   88 
 0.29378  0.31367 -0.95828 B   89 
 0.29518  0.41688 -1.20286 T   89 
 0.50597  0.16783 -0.78376 B   90 
 0.68232  0.29486 -0.78595 A   90 
 0.32207  0.08810 -0.54502 B   91 
 0.35804  0.30356 -0.37888 S   91 
 0.11631 -0.07071 -0.70693 B   92 
-0.06978  0.08157 -0.81134 V   92 
 0.29740 -0.28166 -0.83683 B   93 
 0.34457 -0.13182 -1.13433 N   93 
 0.39779 -0.38015 -0.56165 B   94 
 0.63309 -0.30593 -0.41912 X   94 
 0.12650 -0.44703 -0.42982 B   95 
 0.03734 -0.25808 -0.37792 A   95 
 0.04486 -0.66576 -0.63207 B   96 
-0.12693 -0.41959 -0.98815 K   96 
 0.27154 -0.85537 -0.53317 B   97 
 0.59005 -0.79564 -0.74128 K   97 
 0.19814 -0.87276 -0.23381 B   98 
 0.32901 -0.62762 -0.09611 I   98 
-0.10250 -0.98187 -0.25983 B   99 
-0.27161 -0.83510 -0.32047 V   99 
 0.01974 -1.24226 -0.43095 B   100 
-0.03698 -1.11441 -0.65290 S   100 
 0.19764 -1.39645 -0.19923 B   101 
 0.43435 -1.31107 -0.08059 D   101 
-0.06839 -1.54229  0.00178 B   102 
-0.19461 -1.33255  0.24120 B   103 
 0.03223 -1.47146  0.42698 N   103 
-0.27239 -1.10366  0.10483 B   104 
-0.37754 -0.82147  0.29012 B   105 
-0.59590 -0.57270  0.07982 M   105 
-0.23018 -0.92484  0.55658 B   106 
-0.46871 -1.14868  0.60524 N   106 
 0.03659 -0.77055  0.49561 B   107 
 0.09346 -0.84721  0.30952 A   107 
-0.14728 -0.54226  0.61623 B   108 
-0.04749 -0.40676  0.18043 W   108 
-0.18218 -0.46121  0.93610 B   109 
 0.03064 -0.50666  1.07101 V   109 
-0.39372 -0.23201  0.90993 B   110 
-0.28086 -0.05291  0.87567 A   110 
-0.59742 -0.39243  0.75020 B   111 
-0.72662 -0.60502  0.45068 W   111 
-0.64126 -0.62850  0.94639 B   112 
-0.35143 -0.88763  1.11124 R   112 
-0.69803 -0.43667  1.21300 B   113 
-0.43321 -0.55277  1.36027 N   113 
-0.89973 -0.20305  1.03575 B   114 
-0.63611  0.16762  1.24903 R   114 
-1.04509 -0.34679  0.76500 B   115 
-0.85322 -0.12808  0.63484 X   115 
-1.10666 -0.62158  0.81960 B   116 
-0.89888 -1.01198  0.76966 K   116 
-1.45591 -0.68645  0.82782 B   117 
-1.53849 -0.42433  0.71180 B   118 
-1.38441 -0.26869  0.85118 T   118 
-1.68645 -0.14012  0.55632 B   119 
-1.95674 -0.08966  0.47514 D   119 
-1.49692 -0.06165  0.28362 B   120 
-1.34362 -0.25859  0.29702 V   120 
-1.69741  0.09467  0.10074 B   121 
-1.96257 -0.20789 -0.00735 Q   121 
-1.68213  0.36340  0.26373 B   122 
-1.75763  0.31435  0.45040 A   122 
-1.40636  0.45515  0.11449 B   123 
-1.19148  0.39839  0.48073 W   123 
-1.59028  0.52309 -0.17053 B   124 
-1.49723  0.30616 -0.29919 I   124 
-1.77844  0.71908 -0.09687 B   125 
-2.05505  0.37393  0.17282 R   125 
-1.86216  0.97691 -0.32518 B   126 
-1.71531  0.85009 -0.55685 B   127 
-1.45283  0.84051 -0.36871 X   127 
-1.61500  0.89066 -0.90511 B   128 
-1.91712  0.89901 -1.17554 R   128 
-1.64771  0.55636 -1.07604 B   129 
-1.47934  0.52009 -0.88155 L   129 
