246 
-0.02665 -0.43480  1.26378 B   1 
 0.35168 -0.61529  1.28679 K   1 
 0.21493 -0.19944  1.38470 B   2 
 0.06056 -0.00938  1.46965 V   2 
 0.45263 -0.05301  1.22585 B   3 
 0.48636 -0.39140  0.95702 F   3 
 0.75016  0.04607  1.18500 B   4 
 0.93058  0.21817  0.98352 B   5 
 1.11709  0.61144  0.97122 R   5 
 1.19691  0.04323  0.96490 B   6 
 1.40576  0.25456  1.06535 X   6 
 1.03447 -0.22164  0.95659 B   7 
 0.83779 -0.39084  1.24829 E   7 
 0.88114 -0.17555  0.69184 B   8 
 0.59499 -0.07181  0.65360 L   8 
 1.11770 -0.11796  0.50701 B   9 
 1.19098  0.07930  0.56065 A   9 
 1.24558 -0.39394  0.53820 B   10 
 1.33561 -0.39681  0.73748 A   10 
 1.00627 -0.56026  0.43234 B   11 
 0.87015 -0.58326  0.59937 A   11 
 0.97227 -0.41402  0.16139 B   12 
 0.69298 -0.09720  0.24024 M   12 
 1.25152 -0.48478  0.06408 B   13 
 1.63906 -0.29921  0.12395 K   13 
 1.25081 -0.78951  0.07932 B   14 
 1.09311 -1.05810  0.41035 R   14 
 0.98816 -0.78068 -0.12000 B   15 
 0.76750 -0.92329  0.16733 H   15 
 1.09879 -0.56566 -0.35876 B   16 
 1.00891 -0.24071 -0.35241 B   17 
 0.71109 -0.28538 -0.23177 L   17 
 1.27066 -0.12838 -0.41092 B   18 
 1.49133  0.01937 -0.25658 D   18 
 1.23888  0.02210 -0.71440 B   19 
 1.53331  0.11002 -0.61846 N   19 
 0.96769 -0.04206 -0.79320 B   20 
 0.73611 -0.41424 -0.84855 Y   20 
 0.89708  0.08904 -1.08398 B   21 
 0.65699 -0.24591 -1.32002 R   21 
 1.09596  0.33906 -0.96630 B   22 
 1.02710  0.32197 -0.65011 B   23 
 0.64362  0.50640 -0.85068 Y   23 
 1.14311  0.41636 -0.38589 B   24 
 1.28188  0.60449 -0.37012 S   24 
 1.11347  0.31758 -0.06841 B   25 
 1.25552  0.08621  0.08921 L   25 
 1.01148  0.59501  0.04742 B   26 
 0.74011  0.59335 -0.10101 B   27 
 0.85020  0.74359 -0.38246 N   27 
 0.61562  0.34575  0.03344 B   28 
 0.62133  0.09748 -0.33717 W   28 
 0.63874  0.44543  0.32367 B   29 
 0.86391  0.37892  0.43529 V   29 
 0.48345  0.70564  0.28284 B   30 
 0.55240  0.95764  0.18947 X   30 
 0.21837  0.57775  0.19548 B   31 
 0.24706  0.51540 -0.01221 A   31 
 0.16495  0.39895  0.44226 B   32 
 0.29473  0.22816  0.42479 A   32 
 0.15473  0.63081  0.64265 B   33 
 0.30404  0.82018  0.88400 K   33 
-0.09845  0.79407  0.49204 B   34 
 0.16083  1.11305  0.49880 F   34 
-0.29653  0.54419  0.46411 B   35 
-0.30044  0.54754  0.11218 E   35 
-0.23720  0.36944  0.76832 B   36 
-0.17559  0.18185  0.66762 S   36 
-0.00695  0.42188  0.97260 B   37 
-0.04315  0.63726  1.15854 N   37 
 0.11505  0.12003  0.96854 B   38 
 0.43942  0.36865  0.90730 F   38 
-0.17611 -0.03669  0.95748 B   39 
-0.34294 -0.03912  1.20755 N   39 
-0.29446 -0.34923  0.86507 B   40 
-0.10668 -0.50081  0.92754 T   40 
-0.60587 -0.29991  0.98988 B   41 
-0.58590 -0.53658  1.31077 Q   41 
-0.68728 -0.08700  0.80076 B   42 
-0.57007  0.08578  0.83398 A   42 
-1.01693  0.05844  0.74138 B   43 
-1.10409 -0.16626  0.78395 T   43 
-1.20694  0.21336  0.45813 B   44 
-0.99309  0.41657  0.62223 N   44 
-1.48072  0.36524  0.36364 B   45 
-1.87296  0.04473  0.34191 R   45 
-1.63788  0.42714  0.06124 B   46 
-1.31433  0.37424 -0.03798 N   46 
-1.86396  0.59927 -0.12039 B   47 
-1.83845  0.85638 -0.11877 T   47 
-1.88821  0.34207 -0.33257 B   48 
-1.64716  0.31240 -0.43913 D   48 
-1.87501  0.09015 -0.10064 B   49 
-1.60979  0.03708 -0.06920 B   50 
-1.46870  0.06903 -0.26789 S   50 
-1.27761 -0.08291  0.06085 B   51 
-1.42399 -0.12296  0.28688 T   51 
-0.99612 -0.01957  0.24524 B   52 
-0.92420  0.23498  0.02625 D   52 
-0.68811 -0.22005  0.28533 B   53 
-1.11485 -0.43843  0.31587 Y   53 
-0.44139 -0.18318  0.48952 B   54 
-0.12007 -0.04044  0.46095 B   55 
 0.10090 -0.15446  0.57094 I   55 
-0.22649  0.03839  0.13494 B   56 
 0.08077 -0.00246  0.04984 L   56 
-0.52342  0.07103  0.07855 B   57 
-0.63704  0.22098  0.36849 Q   57 
-0.67087 -0.16282 -0.06559 B   58 
-0.43020 -0.32172 -0.17919 I   58 
-0.92525 -0.19518 -0.29486 B   59 
-1.11419  0.02687 -0.38322 N   59 
-1.24240 -0.37511 -0.33944 B   60 
-1.36354 -0.33704 -0.14863 S   60 
-1.31926 -0.30464 -0.64811 B   61 
-1.64675 -0.02729 -0.66898 R   61 
-1.02745 -0.43871 -0.76954 B   62 
-1.12503 -0.07851 -1.03143 W   62 
-0.82972 -0.62999 -0.56349 B   63 
-0.60641 -0.31481 -0.77039 W   63 
-1.04647 -0.73479 -0.34452 B   64 
-0.92640 -0.65439 -0.12822 X   64 
-1.24967 -0.95145 -0.13896 B   65 
-1.46838 -1.11571 -0.25475 N   65 
-1.54789 -0.86856  0.09076 B   66 
-1.53315 -0.60066  0.06465 D   66 
-1.86047 -0.93652  0.00125 B   67 
-1.95963 -0.58932 -0.03336 B   68 
-1.84932 -0.38393  0.37918 R   68 
-1.87129 -0.52537 -0.35728 B   69 
-1.67989 -0.38332 -0.26551 T   69 
-2.01595 -0.43564 -0.61520 B   70 
-2.18004 -0.36581 -0.49701 P   70 
-1.84045 -0.49018 -0.90074 B   71 
-1.59950 -0.65362 -0.83253 B   72 
-1.59649 -0.68780 -0.59739 S   72 
-1.25728 -0.80207 -0.91361 B   73 
-1.27241 -0.71959 -1.26095 R   73 
-1.00374 -0.93234 -0.77247 B   74 
-1.02872 -1.11021 -0.55871 N   74 
-0.69746 -0.90583 -0.90085 B   75 
-0.78690 -0.67945 -1.11421 L   75 
-0.53280 -1.03987 -0.64486 B   76 
-0.40252 -0.76376 -0.58748 X   76 
-0.67767 -1.28332 -0.54641 B   77 
-0.73219 -1.50969 -0.68862 N   77 
-0.81707 -1.17856 -0.25398 B   78 
-0.53716 -1.17728 -0.16270 I   78 
-0.89173 -1.14597  0.05251 B   79 
-0.90498 -1.35017  0.09502 P   79 
-0.90096 -0.85474  0.21668 B   80 
-1.09646 -0.68877  0.03226 X   80 
-0.80264 -0.97742  0.49267 B   81 
-0.96417 -1.15117  0.52702 S   81 
-0.51021 -1.04152  0.39860 B   82 
-0.53186 -1.19274  0.25375 A   82 
-0.44488 -0.72004  0.41245 B   83 
-0.50153 -0.65722  0.09626 L   83 
-0.43678 -0.74585  0.75696 B   84 
-0.73426 -0.61018  0.72023 L   84 
-0.19722 -0.88319  0.81051 B   85 
-0.14772 -1.13510  0.77521 S   85 
 0.12248 -0.90382  0.94910 B   86 
 0.10849 -1.03390  1.14971 S   86 
 0.16608 -1.02349  0.67047 B   87 
 0.30264 -1.26403  0.57586 D   87 
 0.26178 -0.82977  0.38182 B   88 
 0.40802 -0.62681  0.47726 I   88 
 0.27045 -1.00678  0.12748 B   89 
 0.40292 -1.22904  0.18685 T   89 
-0.00814 -0.94783  0.00233 B   90 
-0.15092 -1.06476  0.11715 A   90 
 0.01832 -0.63842 -0.02487 B   91 
-0.09024 -0.55687  0.21363 S   91 
 0.27121 -0.63694 -0.19755 B   92 
 0.49096 -0.65244 -0.05546 V   92 
 0.17672 -0.80345 -0.43737 B   93 
 0.30037 -1.10200 -0.34377 N   93 
-0.05804 -0.61017 -0.49246 B   94 
-0.32953 -0.62852 -0.40795 X   94 
 0.09954 -0.34592 -0.52058 B   95 
 0.15622 -0.28887 -0.32089 A   95 
 0.26576 -0.43289 -0.76599 B   96 
 0.61036 -0.68171 -0.57562 K   96 
 0.01282 -0.43681 -0.94800 B   97 
-0.14489 -0.78814 -0.94262 K   97 
-0.08366 -0.14608 -0.90956 B   98 
-0.25639 -0.14337 -0.65200 I   98 
 0.18023  0.00970 -1.00474 B   99 
 0.36223  0.02263 -0.86148 V   99 
 0.15520 -0.15145 -1.29703 B   100 
 0.32615 -0.32859 -1.20632 S   100 
-0.12486 -0.02540 -1.41866 B   101 
-0.38445 -0.06632 -1.32736 D   101 
-0.01176  0.30746 -1.51284 B   102 
-0.02167  0.53638 -1.25840 B   103 
-0.31833  0.59576 -1.37560 N   103 
 0.12648  0.42384 -1.05243 B   104 
 0.13050  0.58396 -0.73721 B   105 
 0.43781  0.48048 -0.51664 M   105 
-0.13971  0.74610 -0.80120 B   106 
 0.02695  0.95139 -0.99980 N   106 
-0.32695  0.52788 -0.67466 B   107 
-0.28042  0.35654 -0.78520 A   107 
-0.22444  0.68509 -0.41922 B   108 
-0.07308  0.24630 -0.36642 W   108 
-0.36000  0.95538 -0.28257 B   109 
-0.61375  0.96347 -0.31582 V   109 
-0.15652  1.00490 -0.04995 B   110 
-0.22618  0.88561  0.11407 A   110 
 0.09340  1.00739 -0.22396 B   111 
 0.35156  0.86348 -0.47743 W   111 
 0.01653  1.23500 -0.41998 B   112 
-0.32787  1.26484 -0.66250 R   112 
-0.06743  1.45311 -0.18232 B   113 
-0.37497  1.45646 -0.28580 N   113 
 0.20762  1.37099  0.02811 B   114 
-0.11199  1.34469  0.41481 R   114 
 0.46737  1.24749 -0.15180 B   115 
 0.38306  0.99988  0.03033 X   115 
 0.47853  1.37343 -0.40927 B   116 
 0.31121  1.29079 -0.81332 K   116 
 0.76756  1.57555 -0.45238 B   117 
 0.91053  1.47666 -0.20996 B   118 
 0.71323  1.48421 -0.04142 T   118 
 1.13077  1.37550  0.05100 B   119 
 1.40514  1.44149  0.10160 D   119 
 1.11739  1.03510  0.07082 B   120 
 0.97149  0.99999 -0.12905 V   120 
 1.39093  0.96120  0.20418 B   121 
 1.65940  1.06390 -0.09735 Q   121 
 1.30397  1.04170  0.49568 B   122 
 1.26732  1.24533  0.48371 A   122 
 1.15288  0.75626  0.54503 B   123 
 0.77482  0.95768  0.54032 W   123 
 1.46232  0.60413  0.57299 B   124 
 1.44160  0.48607  0.33236 I   124 
 1.59182  0.73020  0.78881 B   125 
 1.66874  1.16064  0.51100 R   125 
 1.79482  0.53924  1.00776 B   126 
 1.78683  0.29139  0.83508 B   127 
 1.46447  0.31133  0.84351 X   127 
 1.88732 -0.05824  0.80954 B   128 
 2.28667 -0.12555  0.78793 R   128 
 1.99034 -0.12469  0.45315 B   129 
 1.74327 -0.04524  0.44162 L   129 
