246 
-0.74723 -0.94486  0.57949 B   1 
-0.44533 -1.18715  0.74192 K   1 
-0.67477 -0.84286  0.91523 B   2 
-0.87499 -0.68550  0.96339 V   2 
-0.41603 -0.69074  1.02965 B   3 
-0.16975 -0.86991  0.72117 F   3 
-0.17846 -0.64508  1.23334 B   4 
 0.05939 -0.44000  1.29760 B   5 
 0.14930 -0.12950  1.58933 R   5 
 0.30110 -0.63643  1.36740 B   6 
 0.36511 -0.53957  1.65876 X   6 
 0.22287 -0.83074  1.13777 B   7 
-0.08449 -1.07092  1.12199 E   7 
 0.26500 -0.64043  0.89749 B   8 
 0.05475 -0.47623  0.74603 L   8 
 0.55277 -0.55357  0.95301 B   9 
 0.54485 -0.42089  1.12474 A   9 
 0.67301 -0.83295  0.92173 B   10 
 0.61704 -0.94351  1.10192 A   10 
 0.58226 -0.88220  0.62935 B   11 
 0.37704 -0.95084  0.64059 A   11 
 0.70405 -0.62565  0.50561 B   12 
 0.39293 -0.33058  0.53264 M   12 
 0.98909 -0.69846  0.58249 B   13 
 1.21888 -0.64103  0.94594 K   13 
 1.02559 -0.97013  0.44850 B   14 
 0.73850 -1.32225  0.43491 R   14 
 0.94892 -0.82017  0.16491 B   15 
 0.62194 -1.03051  0.14411 H   15 
 1.15035 -0.54707  0.18282 B   16 
 1.02807 -0.24965  0.28426 B   17 
 0.73187 -0.28408  0.15649 L   17 
 1.24738 -0.17737  0.46099 B   18 
 1.29630 -0.16252  0.76386 D   18 
 1.39063  0.09714  0.31999 B   19 
 1.54165  0.07179  0.60314 N   19 
 1.24295  0.13078  0.07316 B   20 
 1.15788 -0.12182 -0.27922 Y   20 
 1.35155  0.39039 -0.09277 B   21 
 1.36773  0.25363 -0.54730 R   21 
 1.39121  0.51505  0.22153 B   22 
 1.14277  0.37070  0.37137 B   23 
 0.94780  0.69783  0.09518 Y   23 
 1.05099  0.31015  0.65436 B   24 
 1.11822  0.43906  0.83811 S   24 
 0.84417  0.08642  0.79074 B   25 
 0.88902 -0.21424  0.86918 L   25 
 0.65117  0.29537  0.93172 B   26 
 0.53750  0.41490  0.67006 B   27 
 0.77523  0.65112  0.63016 N   27 
 0.39596  0.16344  0.56228 B   28 
 0.67097  0.11426  0.21445 W   28 
 0.21615  0.11413  0.80711 B   29 
 0.32810 -0.03885  0.98500 V   29 
 0.08346  0.38960  0.80802 B   30 
 0.15615  0.63729  0.90973 X   30 
-0.04444  0.37050  0.52958 B   31 
 0.11738  0.40463  0.38641 A   31 
-0.21278  0.11392  0.56895 B   32 
-0.07665 -0.05236  0.55745 A   32 
-0.38186  0.22679  0.79850 B   33 
-0.44839  0.25257  1.13214 K   33 
-0.50551  0.48708  0.62415 B   34 
-0.36066  0.70994  0.93779 F   34 
-0.60092  0.32174  0.36722 B   35 
-0.38348  0.48476  0.14355 E   35 
-0.71990  0.02034  0.51421 B   36 
-0.58096 -0.10937  0.40018 S   36 
-0.68044 -0.07218  0.80980 B   37 
-0.85774  0.03806  1.00648 N   37 
-0.53860 -0.35693  0.74042 B   38 
-0.29063 -0.17735  1.01798 F   38 
-0.72990 -0.43048  0.48070 B   39 
-1.01384 -0.51273  0.53529 N   39 
-0.71440 -0.63689  0.20253 B   40 
-0.58711 -0.83416  0.28635 T   40 
-1.03796 -0.58881  0.11321 B   41 
-1.18797 -0.94379  0.21745 Q   41 
-1.01394 -0.30196  0.04344 B   42 
-0.97177 -0.19002  0.21775 A   42 
-1.25049 -0.08332 -0.12856 B   43 
-1.30937 -0.28066 -0.26080 T   43 
-1.24139  0.21725 -0.35197 B   44 
-1.21228  0.27724 -0.02104 N   44 
-1.41424  0.44631 -0.50880 B   45 
-1.65093  0.25524 -0.91442 R   45 
-1.35381  0.66817 -0.76785 B   46 
-1.03650  0.60299 -0.65653 N   46 
-1.43866  0.94484 -0.94101 B   47 
-1.45954  1.16257 -0.80347 T   47 
-1.28462  0.82211 -1.21113 B   48 
-1.02921  0.79679 -1.14429 D   48 
-1.38162  0.49548 -1.17455 B   49 
-1.19082  0.38256 -1.01646 B   50 
-0.96329  0.47232 -1.04048 S   50 
-1.00059  0.15354 -0.78620 B   51 
-1.24808  0.04540 -0.75193 T   51 
-0.91120  0.06935 -0.46656 B   52 
-0.75778  0.37553 -0.44137 D   52 
-0.67063 -0.18412 -0.34595 B   53 
-0.98209 -0.30324 -0.69170 Y   53 
-0.61617 -0.29340 -0.04759 B   54 
-0.37483 -0.22004  0.19901 B   55 
-0.25780 -0.41275  0.35098 I   55 
-0.26344  0.01717 -0.03581 B   56 
 0.03073 -0.04070  0.08007 L   56 
-0.45965  0.12991 -0.23881 B   57 
-0.75133  0.15152 -0.05464 Q   57 
-0.44592  0.02108 -0.53065 B   58 
-0.16662 -0.11332 -0.52923 I   58 
-0.49118  0.14715 -0.84747 B   59 
-0.61387  0.41764 -0.91527 N   59 
-0.67772  0.07376 -1.15532 B   60 
-0.89579  0.04448 -1.09111 S   60 
-0.55338  0.29000 -1.36491 B   61 
-0.83264  0.60546 -1.44921 R   61 
-0.23392  0.17059 -1.32533 B   62 
-0.19909  0.62163 -1.38190 W   62 
-0.18311 -0.12817 -1.16313 B   63 
 0.06899  0.19526 -1.00869 W   63 
-0.46998 -0.27546 -1.20704 B   64 
-0.52643 -0.32727 -0.95846 X   64 
-0.72097 -0.51660 -1.30368 B   65 
-0.79006 -0.56365 -1.58869 N   65 
-1.10546 -0.48945 -1.30269 B   66 
-1.11880 -0.24765 -1.18426 D   66 
-1.27743 -0.44606 -1.58354 B   67 
-1.38450 -0.10891 -1.50329 B   68 
-1.59072 -0.13898 -1.07772 R   68 
-1.12350  0.07583 -1.62400 B   69 
-1.05677  0.11985 -1.38142 T   69 
-1.08571  0.29927 -1.83412 B   70 
-1.29582  0.33898 -1.82739 P   70 
-0.76416  0.34634 -1.93261 B   71 
-0.59809  0.12563 -1.81803 B   72 
-0.73819 -0.01113 -1.68336 S   72 
-0.26330 -0.03453 -1.72865 B   73 
-0.06940  0.19742 -1.91912 R   73 
-0.13848 -0.26192 -1.54457 B   74 
-0.26453 -0.50838 -1.50816 N   74 
 0.17182 -0.24144 -1.42502 B   75 
 0.20287  0.06967 -1.50875 L   75 
 0.15727 -0.50649 -1.22465 B   76 
 0.17845 -0.31825 -0.97845 X   76 
 0.02214 -0.73400 -1.36582 B   77 
 0.10445 -0.85561 -1.59577 N   77 
-0.28385 -0.74769 -1.21716 B   78 
-0.12773 -0.84337 -0.98661 I   78 
-0.53824 -0.84332 -1.05371 B   79 
-0.54380 -1.03746 -1.13090 P   79 
-0.69290 -0.66263 -0.81858 B   80 
-0.75170 -0.39612 -0.97760 X   80 
-0.77236 -0.91372 -0.64101 B   81 
-0.89063 -1.04831 -0.80026 S   81 
-0.48032 -0.98481 -0.55084 B   82 
-0.38277 -1.04640 -0.72693 A   82 
-0.48832 -0.72454 -0.35082 B   83 
-0.34267 -0.51555 -0.55634 L   83 
-0.69447 -0.90455 -0.13984 B   84 
-0.91921 -0.71103 -0.28229 L   84 
-0.52425 -1.09566 -0.02313 B   85 
-0.42578 -1.30849 -0.13342 S   85 
-0.36411 -1.23969  0.25155 B   86 
-0.48083 -1.44082  0.30885 S   86 
-0.13760 -1.22623  0.04571 B   87 
 0.06281 -1.41957 -0.04323 D   87 
 0.08701 -0.94609  0.01283 B   88 
 0.10766 -0.84184  0.25858 I   88 
 0.28038 -0.98655 -0.22606 B   89 
 0.37821 -1.23290 -0.21143 T   89 
 0.13731 -0.82344 -0.44893 B   90 
-0.02585 -0.94879 -0.51899 A   90 
 0.12725 -0.54739 -0.30449 B   91 
-0.11781 -0.56295 -0.18192 S   91 
 0.42844 -0.51803 -0.25760 B   92 
 0.50931 -0.63938 -0.03976 V   92 
 0.53236 -0.53549 -0.54580 B   93 
 0.61363 -0.86192 -0.55078 N   93 
 0.35821 -0.29600 -0.63424 B   94 
 0.10075 -0.29642 -0.75633 X   94 
 0.45571 -0.08477 -0.43096 B   95 
 0.36487 -0.13681 -0.24284 A   95 
 0.74993 -0.08222 -0.52498 B   96 
 0.93148 -0.45300 -0.30943 K   96 
 0.67175  0.04690 -0.79763 B   97 
 0.60176 -0.22971 -1.05632 K   97 
 0.52952  0.30136 -0.69601 B   98 
 0.23558  0.22134 -0.63789 I   98 
 0.76684  0.42759 -0.52077 B   99 
 0.81383  0.33791 -0.31205 V   99 
 0.95589  0.42478 -0.79697 B   100 
 1.05650  0.19584 -0.71764 S   100 
 0.79922  0.64492 -0.98699 B   101 
 0.55004  0.61945 -1.10806 D   101 
 0.89375  0.95452 -0.82065 B   102 
 0.69143  1.04030 -0.55806 B   103 
 0.52952  1.20377 -0.78681 N   103 
 0.69241  0.81986 -0.38941 B   104 
 0.47309  0.81556 -0.11211 B   105 
 0.58498  0.56485  0.16793 M   105 
 0.28223  1.03903 -0.24262 B   106 
 0.50271  1.27438 -0.16940 N   106 
 0.09327  0.82913 -0.38020 B   107 
 0.22439  0.72101 -0.50209 A   107 
-0.01290  0.82985 -0.08154 B   108 
 0.13658  0.39449 -0.16121 W   108 
-0.24350  1.02982  0.04862 B   109 
-0.41752  1.10220 -0.12468 V   109 
-0.24181  0.92724  0.34433 B   110 
-0.37971  0.76309  0.34929 A   110 
 0.05778  0.95866  0.38903 B   111 
 0.43595  0.89715  0.31969 W   111 
 0.08736  1.26051  0.32460 B   112 
-0.02780  1.46449 -0.02676 R   112 
-0.15928  1.35917  0.52593 B   113 
-0.32954  1.46987  0.27284 N   113 
-0.06891  1.13801  0.78975 B   114 
-0.55158  1.00341  0.82567 R   114 
 0.26117  1.06062  0.77755 B   115 
 0.12036  0.77961  0.72466 X   115 
 0.41206  1.28446  0.68057 B   116 
 0.55066  1.42869  0.28299 K   116 
 0.62879  1.42242  0.92602 B   117 
 0.60084  1.19836  1.12097 B   118 
 0.34330  1.16772  1.10989 T   118 
 0.62057  0.94864  1.37412 B   119 
 0.78811  0.92873  1.60592 D   119 
 0.64999  0.64639  1.21848 B   120 
 0.66949  0.73526  0.98570 V   120 
 0.78634  0.46756  1.43644 B   121 
 1.16482  0.64015  1.45889 Q   121 
 0.52465  0.42281  1.60535 B   122 
 0.47305  0.61251  1.67092 A   122 
 0.42203  0.18226  1.40954 B   123 
 0.10564  0.43441  1.26869 W   123 
 0.66391 -0.02397  1.54607 B   124 
 0.81722 -0.01357  1.32549 I   124 
 0.60796 -0.03774  1.82161 B   125 
 0.77524  0.44699  1.89529 R   125 
 0.65465 -0.34310  1.99536 B   126 
 0.79488 -0.47881  1.76463 B   127 
 0.54051 -0.40142  1.58109 X   127 
 0.94108 -0.79112  1.64597 B   128 
 1.26973 -0.91898  1.84626 R   128 
 1.25361 -0.70796  1.45245 B   129 
 1.06013 -0.58470  1.33053 L   129 
