246 
-1.32207 -0.18850 -0.05928 B   1 
-1.33990 -0.60223  0.00962 K   1 
-1.36182 -0.25344  0.29083 B   2 
-1.42129 -0.01692  0.37855 V   2 
-1.14947 -0.37232  0.50048 B   3 
-0.95688 -0.59690  0.18365 F   3 
-1.05493 -0.56418  0.73343 B   4 
-0.80225 -0.62237  0.92192 B   5 
-0.68533 -0.55672  1.33619 R   5 
-0.79121 -0.94136  0.92374 B   6 
-0.81994 -0.99321  1.23173 X   6 
-0.85804 -0.95553  0.62052 B   7 
-1.19950 -0.87989  0.44707 E   7 
-0.60871 -0.80970  0.50962 B   8 
-0.58199 -0.51568  0.42628 L   8 
-0.39022 -0.97810  0.64130 B   9 
-0.39192 -0.92682  0.85231 A   9 
-0.46477 -1.23780  0.49816 B   10 
-0.64855 -1.30872  0.59315 A   10 
-0.42466 -1.13566  0.20816 B   11 
-0.60711 -1.03149  0.15507 A   11 
-0.13443 -1.03266  0.24150 B   12 
-0.17515 -0.62185  0.36057 M   12 
-0.02336 -1.30603  0.31490 B   13 
 0.00209 -1.52129  0.69069 K   13 
-0.10317 -1.47580  0.07428 B   14 
-0.49955 -1.48709 -0.14785 R   14 
 0.06231 -1.25863 -0.11079 B   15 
-0.27197 -1.14836 -0.27718 H   15 
 0.35239 -1.23598  0.06478 B   16 
 0.40526 -0.97933  0.27700 B   17 
 0.24485 -0.75465  0.10660 L   17 
 0.51570 -1.13460  0.49666 B   18 
 0.42247 -1.23044  0.77319 D   18 
 0.83866 -1.03190  0.52679 B   19 
 0.79772 -1.22387  0.78193 N   19 
 0.87066 -0.84542  0.30754 B   20 
 0.81877 -0.86371 -0.13085 Y   20 
 1.17275 -0.72112  0.30388 B   21 
 1.30317 -0.71623 -0.15276 R   21 
 1.13442 -0.74257  0.64148 B   22 
 0.81612 -0.68687  0.66589 B   23 
 1.00651 -0.27131  0.55469 Y   23 
 0.59301 -0.72309  0.86859 B   24 
 0.63355 -0.73214  1.09918 S   24 
 0.26051 -0.74560  0.84945 B   25 
 0.07437 -0.98873  0.78014 L   25 
 0.19564 -0.50268  1.04327 B   26 
 0.30851 -0.28285  0.85724 B   27 
 0.62615 -0.29716  0.97040 N   27 
 0.11113 -0.31502  0.62295 B   28 
 0.41853 -0.46857  0.33841 W   28 
-0.14664 -0.27070  0.78510 B   29 
-0.24356 -0.49145  0.88235 V   29 
-0.06920  0.00260  0.89825 B   30 
 0.08293  0.08428  1.11541 X   30 
-0.04178  0.14809  0.62930 B   31 
 0.14973  0.08396  0.54530 A   31 
-0.32542  0.09858  0.51608 B   32 
-0.33013 -0.10502  0.44649 A   32 
-0.47164  0.24221  0.74414 B   33 
-0.64853  0.23103  1.03567 K   33 
-0.31945  0.53935  0.69958 B   34 
-0.22859  0.50362  1.09893 F   34 
-0.36809  0.56257  0.38406 B   35 
-0.02630  0.55847  0.30012 E   35 
-0.69380  0.42349  0.34981 B   36 
-0.62906  0.26473  0.20934 S   36 
-0.85471  0.26762  0.56730 B   37 
-0.99336  0.42314  0.76444 N   37 
-0.90123 -0.00263  0.39176 B   38 
-0.75200 -0.13345  0.75424 F   38 
-0.95697  0.15029  0.10372 B   39 
-1.21910  0.29358  0.07016 N   39 
-0.94733  0.07071 -0.23362 B   40 
-1.01892 -0.16804 -0.23679 T   40 
-1.09330  0.35941 -0.33526 B   41 
-1.45286  0.21866 -0.43669 Q   41 
-0.87365  0.54117 -0.25497 B   42 
-0.85576  0.54182 -0.04433 A   42 
-0.82247  0.89400 -0.33393 B   43 
-0.92156  0.84136 -0.55142 T   43 
-0.53617  1.13070 -0.38230 B   44 
-0.62783  1.07183 -0.06278 N   44 
-0.44320  1.43998 -0.43382 B   45 
-0.53495  1.58452 -0.91105 R   45 
-0.15440  1.59685 -0.54321 B   46 
-0.03265  1.29676 -0.43162 N   46 
 0.03286  1.87571 -0.57324 B   47 
 0.08897  1.99871 -0.35305 T   47 
 0.18119  1.74610 -0.84334 B   48 
 0.30565  1.52714 -0.76025 D   48 
-0.09606  1.60009 -0.98205 B   49 
-0.10776  1.35161 -0.87128 B   50 
 0.10789  1.24751 -0.81590 S   50 
-0.22181  1.01279 -0.75362 B   51 
-0.46630  1.11744 -0.81183 T   51 
-0.35527  0.82008 -0.50402 B   52 
-0.08036  0.89745 -0.31334 D   52 
-0.40192  0.45380 -0.48564 B   53 
-0.52655  0.68550 -0.88754 Y   53 
-0.56420  0.27557 -0.27158 B   54 
-0.46956  0.08880  0.01232 B   55 
-0.57550 -0.15514  0.06885 I   55 
-0.14849  0.21254 -0.06130 B   56 
-0.03971 -0.06694  0.05436 L   56 
-0.12053  0.47516 -0.21184 B   57 
-0.38284  0.66084 -0.08464 Q   57 
-0.04723  0.46241 -0.51461 B   58 
 0.05648  0.17116 -0.53684 I   58 
 0.13947  0.64887 -0.73529 B   59 
 0.25108  0.92739 -0.68256 N   59 
 0.10838  0.80943 -1.06423 B   60 
-0.08243  0.93604 -1.05450 S   60 
 0.41420  0.90446 -1.12414 B   61 
 0.45636  1.33044 -1.08707 R   61 
 0.53660  0.58458 -1.10029 B   62 
 0.85642  0.86035 -0.92847 W   62 
 0.31834  0.31910 -1.09530 B   63 
 0.61165  0.30544 -0.77002 W   63 
 0.05890  0.44554 -1.24568 B   64 
-0.12022  0.39686 -1.06345 X   64 
-0.20981  0.49773 -1.48138 B   65 
-0.15730  0.58371 -1.76079 N   65 
-0.44894  0.79707 -1.52372 B   66 
-0.36484  0.93430 -1.30747 D   66 
-0.41205  1.01541 -1.77132 B   67 
-0.31575  1.29115 -1.55621 B   68 
-0.65979  1.32572 -1.23220 R   68 
 0.02225  1.24538 -1.53425 B   69 
-0.01480  1.16893 -1.29338 T   69 
 0.27523  1.40866 -1.60382 B   70 
 0.15679  1.58672 -1.60970 P   70 
 0.56063  1.22533 -1.61960 B   71 
 0.48697  0.93607 -1.60167 B   72 
 0.25185  0.92059 -1.57093 S   72 
 0.57288  0.56746 -1.55195 B   73 
 0.92580  0.61711 -1.57762 R   73 
 0.43695  0.28827 -1.48305 B   74 
 0.18877  0.21487 -1.58782 N   74 
 0.60196  0.04621 -1.32439 B   75 
 0.84709  0.24153 -1.24356 L   75 
 0.34368 -0.15851 -1.27976 B   76 
 0.36164 -0.11014 -0.97344 X   76 
 0.17982 -0.17242 -1.53057 B   77 
 0.26339 -0.25786 -1.77584 N   77 
-0.09747  0.00934 -1.45311 B   78 
-0.15399 -0.21928 -1.27640 I   78 
-0.39642  0.09743 -1.39447 B   79 
-0.48269 -0.00492 -1.55497 P   79 
-0.49472  0.27256 -1.12704 B   80 
-0.30259  0.52257 -1.14587 X   80 
-0.77752  0.12965 -1.10497 B   81 
-0.86623  0.16690 -1.32453 S   81 
-0.66669 -0.15082 -1.01821 B   82 
-0.56081 -0.22143 -1.18590 A   82 
-0.60420 -0.02440 -0.72169 B   83 
-0.29042  0.04943 -0.77843 L   83 
-0.94310 -0.03655 -0.65520 B   84 
-0.91233  0.28478 -0.71885 L   84 
-0.99712 -0.31043 -0.62067 B   85 
-1.01093 -0.49349 -0.80357 S   85 
-1.09971 -0.58302 -0.42828 B   86 
-1.32369 -0.63907 -0.49192 S   86 
-0.84988 -0.69347 -0.56699 B   87 
-0.79381 -0.94378 -0.70720 D   87 
-0.51761 -0.67168 -0.42866 B   88 
-0.55037 -0.67652 -0.16297 I   88 
-0.30753 -0.78471 -0.62663 B   89 
-0.39747 -1.01737 -0.71748 T   89 
-0.20516 -0.52432 -0.76252 B   90 
-0.35772 -0.46865 -0.90699 A   90 
-0.10983 -0.37356 -0.50688 B   91 
-0.33622 -0.23175 -0.44400 S   91 
 0.08677 -0.58660 -0.40822 B   92 
-0.02946 -0.77348 -0.26580 V   92 
 0.27329 -0.60796 -0.65096 B   93 
 0.13288 -0.87517 -0.79951 N   93 
 0.34128 -0.30676 -0.63846 B   94 
 0.22452 -0.09008 -0.78200 X   94 
 0.44277 -0.28987 -0.34714 B   95 
 0.26758 -0.29959 -0.22241 A   95 
 0.68126 -0.48263 -0.38435 B   96 
 0.48263 -0.90234 -0.34849 K   96 
 0.82832 -0.28019 -0.57013 B   97 
 0.73033 -0.34637 -0.93666 K   97 
 0.84202 -0.03641 -0.38121 B   98 
 0.57304  0.11484 -0.41211 I   98 
 0.99755 -0.17007 -0.13440 B   99 
 0.88195 -0.30973  0.01031 V   99 
 1.24401 -0.24730 -0.34729 B   100 
 1.13764 -0.48570 -0.37339 S   100 
 1.35709  0.05200 -0.42945 B   101 
 1.23029  0.24635 -0.58290 D   101 
 1.53225  0.14243 -0.12353 B   102 
 1.33300  0.28556  0.11533 B   103 
 1.42570  0.56136 -0.02825 N   103 
 1.12597  0.10525  0.15608 B   104 
 0.85465  0.19989  0.36211 B   105 
 0.65346 -0.10671  0.50106 M   105 
 0.92061  0.51277  0.32808 B   106 
 1.17602  0.48463  0.53627 N   106 
 0.73005  0.54880  0.08094 B   107 
 0.80610  0.41138 -0.05717 A   107 
 0.52732  0.55872  0.32440 B   108 
 0.39976  0.18893  0.06903 W   108 
 0.43691  0.82598  0.49905 B   109 
 0.44209  1.03971  0.35816 V   109 
 0.24484  0.69137  0.70632 B   110 
 0.05234  0.68649  0.61194 A   110 
 0.44261  0.48132  0.80383 B   111 
 0.68723  0.18033  0.76963 W   111 
 0.67260  0.66737  0.89672 B   112 
 0.87520  0.96285  0.67319 R   112 
 0.47892  0.86531  1.08221 B   113 
 0.54513  1.11907  0.89111 N   113 
 0.28845  0.59711  1.21810 B   114 
-0.12870  0.85708  1.11430 R   114 
 0.46622  0.30816  1.21876 B   115 
 0.22714  0.24397  1.01799 X   115 
 0.74417  0.36276  1.26388 B   116 
 1.09965  0.44439  1.00884 K   116 
 0.86190  0.23562  1.57409 B   117 
 0.62181  0.06820  1.63167 B   118 
 0.43746  0.24017  1.56979 T   118 
 0.37203 -0.16398  1.73434 B   119 
 0.36815 -0.35281  1.95003 D   119 
 0.27875 -0.34313  1.45931 B   120 
 0.44865 -0.24726  1.30307 V   120 
 0.16464 -0.60750  1.58245 B   121 
 0.50962 -0.78010  1.73974 Q   121 
-0.11095 -0.48277  1.66907 B   122 
-0.06010 -0.33864  1.80904 A   122 
-0.23682 -0.51635  1.36946 B   123 
-0.23226 -0.09064  1.32185 W   123 
-0.26123 -0.85704  1.42441 B   124 
-0.05524 -0.91234  1.26077 I   124 
-0.42910 -0.88795  1.64825 B   125 
-0.05905 -0.71769  1.96833 R   125 
-0.65921 -1.15727  1.65949 B   126 
-0.54536 -1.29407  1.41528 B   127 
-0.58590 -1.01581  1.25618 X   127 
-0.58367 -1.57384  1.18452 B   128 
-0.53169 -1.94272  1.34484 R   128 
-0.24029 -1.70569  1.10238 B   129 
-0.24023 -1.45693  1.02748 L   129 
