246 
 0.07665  1.02333  0.85664 B   1 
-0.33104  1.08003  0.93916 K   1 
-0.01842  0.83246  1.14457 B   2 
 0.21371  0.76502  1.23803 V   2 
-0.19867  0.56713  1.16158 B   3 
-0.41894  0.68974  0.80894 F   3 
-0.43007  0.38615  1.27868 B   4 
-0.55651  0.09298  1.25002 B   5 
-0.56155 -0.28076  1.47338 R   5 
-0.86983  0.15321  1.25913 B   6 
-0.94952 -0.02030  1.50796 X   6 
-0.83671  0.40603  1.08138 B   7 
-0.67790  0.74871  1.18015 E   7 
-0.72990  0.27043  0.82460 B   8 
-0.43901  0.24303  0.73114 L   8 
-0.95084  0.06344  0.78237 B   9 
-0.92426 -0.08712  0.93659 A   9 
-1.17361  0.26844  0.73952 B   10 
-1.21817  0.35161  0.93681 A   10 
-1.04911  0.41092  0.49387 B   11 
-0.90656  0.55378  0.57278 A   11 
-1.00814  0.15933  0.31786 B   12 
-0.61322  0.01974  0.41347 M   12 
-1.30424  0.09060  0.31012 B   13 
-1.56127 -0.13122  0.58018 K   13 
-1.42736  0.34478  0.19467 B   14 
-1.33731  0.77796  0.29874 R   14 
-1.22659  0.30291 -0.06364 B   15 
-1.03619  0.62824  0.03384 H   15 
-1.27993 -0.02589 -0.13090 B   16 
-1.06373 -0.26081 -0.02238 B   17 
-0.79473 -0.08168 -0.05053 L   17 
-1.26102 -0.45223  0.07246 B   18 
-1.36767 -0.54920  0.34369 D   18 
-1.22627 -0.72495 -0.12797 B   19 
-1.43428 -0.82408  0.09682 N   19 
-1.02594 -0.64218 -0.32002 B   20 
-0.98449 -0.30903 -0.60726 Y   20 
-0.96233 -0.88220 -0.53232 B   21 
-0.93122 -0.67193 -0.95703 R   21 
-1.01387 -1.07519 -0.25663 B   22 
-0.90121 -0.87656 -0.02671 B   23 
-0.52010 -1.02853 -0.25684 Y   23 
-0.91651 -0.84466  0.27483 B   24 
-0.95905 -1.02528  0.41788 S   24 
-0.87248 -0.58988  0.48597 B   25 
-1.06599 -0.35811  0.57197 L   25 
-0.64500 -0.72558  0.66097 B   26 
-0.43141 -0.72987  0.43728 B   27 
-0.51907 -1.02870  0.30721 N   27 
-0.39854 -0.42597  0.39921 B   28 
-0.57523 -0.42220 -0.01041 W   28 
-0.32410 -0.35983  0.69040 B   29 
-0.53165 -0.30755  0.83794 V   29 
-0.08524 -0.54985  0.70855 B   30 
-0.05923 -0.82083  0.76214 X   30 
 0.08160 -0.42178  0.48491 B   31 
-0.00823 -0.48845  0.29694 A   31 
 0.10051 -0.13328  0.59506 B   32 
-0.08925 -0.03930  0.55665 A   32 
 0.24294 -0.21221  0.85487 B   33 
 0.23321 -0.27791  1.18952 K   33 
 0.50844 -0.35562  0.70525 B   34 
 0.41124 -0.67880  0.94003 F   34 
 0.57591 -0.11570  0.50440 B   35 
 0.51576 -0.30262  0.21229 E   35 
 0.50669  0.16964  0.70538 B   36 
 0.35529  0.25158  0.56577 S   36 
 0.36114  0.17332  0.98159 B   37 
 0.51719  0.10702  1.21294 N   37 
 0.12634  0.38222  0.89647 B   38 
-0.07062  0.06264  1.06924 F   38 
 0.31853  0.58070  0.71446 B   39 
 0.51232  0.75887  0.85962 N   39 
 0.27705  0.81594  0.46314 B   40 
 0.05837  0.92099  0.52046 T   40 
 0.59796  0.92505  0.47287 B   41 
 0.54116  1.27966  0.64725 Q   41 
 0.72398  0.67539  0.37529 B   42 
 0.69748  0.52210  0.51845 A   42 
 1.06703  0.61484  0.26577 B   43 
 1.05919  0.84189  0.17479 T   43 
 1.24829  0.39145  0.02581 B   44 
 1.17254  0.25667  0.32590 N   44 
 1.53776  0.29228 -0.08959 B   45 
 1.74998  0.64435 -0.38634 R   45 
 1.64757  0.12513 -0.37240 B   46 
 1.31909  0.02914 -0.35792 N   46 
 1.88688 -0.04900 -0.53408 B   47 
 1.97126 -0.26249 -0.41549 T   47 
 1.76244  0.05338 -0.82697 B   48 
 1.51573 -0.04317 -0.83920 D   48 
 1.68890  0.37529 -0.73532 B   49 
 1.43644  0.36380 -0.63394 B   50 
 1.28733  0.19572 -0.73355 S   50 
 1.11476  0.44035 -0.45417 B   51 
 1.27027  0.63077 -0.33723 T   51 
 0.92442  0.41107 -0.17105 B   52 
 0.92563  0.07111 -0.21955 D   52 
 0.57421  0.51168 -0.10859 B   53 
 0.86924  0.81806 -0.33181 Y   53 
 0.40751  0.52349  0.16708 B   54 
 0.17532  0.30737  0.32142 B   55 
-0.04854  0.39826  0.44614 I   55 
 0.24261  0.10056  0.04480 B   56 
-0.06375  0.00664  0.07003 L   56 
 0.51022  0.12388 -0.09752 B   57 
 0.72728  0.18583  0.16422 Q   57 
 0.51778  0.27616 -0.36948 B   58 
 0.21643  0.28030 -0.44189 I   58 
 0.68856  0.24956 -0.66688 B   59 
 0.93275  0.07431 -0.71655 N   59 
 0.88807  0.45607 -0.89601 B   60 
 1.04703  0.55816 -0.76624 S   60 
 0.92877  0.25724 -1.15088 B   61 
 1.33180  0.10990 -1.17230 R   61 
 0.59072  0.22357 -1.20058 B   62 
 0.77887 -0.17895 -1.30271 W   62 
 0.37322  0.43359 -1.03709 B   63 
 0.26702  0.01060 -0.99445 W   63 
 0.56321  0.69136 -0.97904 B   64 
 0.52963  0.70824 -0.72164 X   64 
 0.69219  1.02874 -0.97407 B   65 
 0.79736  1.15882 -1.21951 N   65 
 1.03468  1.16245 -0.85833 B   66 
 1.12800  0.92853 -0.76220 D   66 
 1.26833  1.25371 -1.07609 B   67 
 1.49447  0.98175 -0.99563 B   68 
 1.55776  1.00366 -0.52653 R   68 
 1.38250  0.73601 -1.20514 B   69 
 1.28799  0.61852 -0.99899 T   69 
 1.50096  0.56647 -1.43476 B   70 
 1.69795  0.61617 -1.36773 P   70 
 1.26923  0.41329 -1.63007 B   71 
 0.99933  0.51673 -1.55340 B   72 
 1.02591  0.66729 -1.37149 S   72 
 0.61788  0.50242 -1.55709 B   73 
 0.60144  0.25705 -1.81632 R   73 
 0.36403  0.61412 -1.40136 B   74 
 0.35188  0.87689 -1.30776 N   74 
 0.07851  0.44330 -1.38414 B   75 
 0.21279  0.17217 -1.49914 L   75 
-0.07652  0.64224 -1.16735 B   76 
-0.06727  0.41478 -0.95600 X   76 
-0.03042  0.92928 -1.24106 B   77 
-0.10217  1.05171 -1.47409 N   77 
 0.19129  1.03591 -1.00569 B   78 
-0.04063  1.00813 -0.82644 I   78 
 0.32796  1.19089 -0.76512 B   79 
 0.26279  1.38163 -0.82037 P   79 
 0.48748  1.04471 -0.51010 B   80 
 0.69647  0.86591 -0.66543 X   80 
 0.39994  1.26275 -0.29635 B   81 
 0.47799  1.46424 -0.40014 S   81 
 0.09547  1.18683 -0.29375 B   82 
 0.02518  1.23842 -0.48536 A   82 
 0.17338  0.91718 -0.12338 B   83 
 0.19151  0.71516 -0.38026 L   83 
 0.21909  1.11720  0.15469 B   84 
 0.53363  1.06785  0.07171 L   84 
-0.04143  1.19223  0.22962 B   85 
-0.19668  1.36375  0.11286 S   85 
-0.30915  1.19641  0.45358 B   86 
-0.31365  1.41073  0.56035 S   86 
-0.44918  1.13468  0.18817 B   87 
-0.68820  1.24253  0.05898 D   87 
-0.50728  0.80079  0.06507 B   88 
-0.53559  0.64814  0.28320 I   88 
-0.63552  0.80747 -0.21707 B   89 
-0.83486  0.98271 -0.21231 T   89 
-0.38602  0.76844 -0.39867 B   90 
-0.28621  0.96142 -0.40494 A   90 
-0.28609  0.49732 -0.28172 B   91 
-0.11146  0.58605 -0.08950 S   91 
-0.54263  0.33765 -0.33139 B   92 
-0.71854  0.36624 -0.13915 V   92 
-0.57195  0.37105 -0.63502 B   93 
-0.78880  0.62826 -0.63710 N   93 
-0.29275  0.24877 -0.68601 B   94 
-0.04293  0.38062 -0.72342 X   94 
-0.32854 -0.02143 -0.54054 B   95 
-0.31842  0.02250 -0.33003 A   95 
-0.55805 -0.12483 -0.71956 B   96 
-0.93316  0.08414 -0.53920 K   96 
-0.36802 -0.14988 -0.96528 B   97 
-0.37249  0.17866 -1.16620 K   97 
-0.15422 -0.33853 -0.84691 B   98 
 0.04834 -0.15898 -0.69555 I   98 
-0.34215 -0.58489 -0.76349 B   99 
-0.47241 -0.56855 -0.57224 V   99 
-0.44080 -0.60200 -1.08288 B   100 
-0.64987 -0.45694 -1.01903 S   100 
-0.16147 -0.69293 -1.23394 B   101 
 0.06962 -0.54247 -1.27081 D   101 
-0.14134 -1.04139 -1.13088 B   102 
 0.00958 -1.08958 -0.82732 B   103 
 0.27682 -1.11993 -1.00879 N   103 
-0.13107 -0.92991 -0.64911 B   104 
-0.00989 -0.89429 -0.31886 B   105 
-0.28583 -0.77677 -0.06619 M   105 
 0.28631 -0.98664 -0.40333 B   106 
 0.18644 -1.30142 -0.42074 N   106 
 0.38582 -0.69386 -0.45872 B   107 
 0.25279 -0.62618 -0.60522 A   107 
 0.40701 -0.71368 -0.14308 B   108 
 0.09970 -0.37216 -0.22765 W   108 
 0.66527 -0.82368  0.03386 B   109 
 0.88850 -0.77992 -0.08366 V   109 
 0.54758 -0.79558  0.32253 B   110 
 0.59039 -0.59434  0.38299 A   110 
 0.29387 -0.95597  0.27108 B   111 
-0.04268 -1.04222  0.09530 W   111 
 0.42066 -1.22233  0.17560 B   112 
 0.69500 -1.28205 -0.13982 R   112 
 0.62995 -1.25084  0.43345 B   113 
 0.88614 -1.22584  0.23587 N   113 
 0.38974 -1.14728  0.67481 B   114 
 0.73494 -0.83709  0.86715 R   114 
 0.07384 -1.21171  0.56922 B   115 
 0.07974 -0.89345  0.58550 X   115 
 0.06864 -1.45188  0.41248 B   116 
 0.10869 -1.55316 -0.01905 K   116 
-0.11280 -1.71495  0.56779 B   117 
-0.23643 -1.54572  0.78008 B   118 
-0.02642 -1.41037  0.85056 T   118 
-0.42639 -1.38555  1.03522 B   119 
-0.63402 -1.48549  1.20581 D   119 
-0.55221 -1.09679  0.90395 B   120 
-0.47378 -1.13467  0.66969 V   120 
-0.80191 -1.04003  1.08425 B   121 
-1.05408 -1.35338  0.97582 Q   121 
-0.63715 -0.92832  1.32795 B   122 
-0.52214 -1.08919  1.38995 A   122 
-0.61203 -0.63158  1.19359 B   123 
-0.19250 -0.69561  1.13513 W   123 
-0.94567 -0.57676  1.26679 B   124 
-1.02071 -0.60259  1.00994 I   124 
-0.96877 -0.59950  1.54641 B   125 
-0.90982 -1.11373  1.52471 R   125 
-1.18844 -0.38436  1.72268 B   126 
-1.31618 -0.27307  1.47246 B   127 
-1.01922 -0.19859  1.36926 X   127 
-1.55563 -0.03116  1.34156 B   128 
-1.94327 -0.09492  1.44226 R   128 
-1.74084 -0.19266  1.05580 B   129 
-1.48990 -0.19684  0.98869 L   129 
