246 
 0.02682  1.25460  0.46063 B   1 
-0.35150  1.38643  0.33519 K   1 
-0.21476  1.19982  0.71950 B   2 
-0.06039  1.14569  0.92053 V   2 
-0.45248  0.98421  0.73279 B   3 
-0.48623  0.98935  0.30065 F   3 
-0.75003  0.89002  0.78385 B   4 
-0.93048  0.62514  0.79013 B   5 
-1.11700  0.36735  1.08737 R   5 
-1.19680  0.72117  0.64271 B   6 
-1.40565  0.66568  0.87003 X   6 
-1.03435  0.88192  0.43205 B   7 
-0.83762  1.21494  0.48497 E   7 
-0.88105  0.64747  0.30065 B   8 
-0.59491  0.55229  0.35695 L   8 
-1.11764  0.46781  0.22863 B   9 
-1.19091  0.38489  0.41548 A   9 
-1.24550  0.66623  0.03430 B   10 
-1.33550  0.82261  0.15788 A   10 
-1.00619  0.68911 -0.16153 B   11 
-0.87005  0.83315 -0.07393 A   11 
-0.97224  0.38665 -0.21916 B   12 
-0.69295  0.24776  0.07631 M   12 
-1.25149  0.35589 -0.33547 B   13 
-1.63903  0.28522 -0.15374 K   13 
-1.25076  0.56008 -0.56217 B   14 
-1.09302  0.98635 -0.56149 R   14 
-0.98814  0.39989 -0.68117 B   15 
-0.76744  0.71274 -0.61038 H   15 
-1.09881  0.07900 -0.66513 B   16 
-1.00894 -0.12122 -0.40912 B   17 
-0.71111  0.00050 -0.36761 L   17 
-1.27071 -0.23748 -0.35893 B   18 
-1.49136 -0.21103 -0.14690 D   18 
-1.23896 -0.56785 -0.43382 B   19 
-1.53339 -0.54891 -0.30505 N   19 
-0.96778 -0.58849 -0.53333 B   20 
-0.73619 -0.39649 -0.85692 Y   20 
-0.89721 -0.89677 -0.61523 B   21 
-0.65713 -0.86840 -1.02402 R   21 
-1.09609 -0.96332 -0.34704 B   22 
-1.02719 -0.70732 -0.16067 B   23 
-0.64374 -0.97935 -0.14428 Y   23 
-1.14317 -0.56199  0.07933 B   24 
-1.28195 -0.66851  0.23520 S   24 
-1.11349 -0.25341  0.20315 B   25 
-1.25552  0.01492  0.12322 L   25 
-1.01150 -0.33873  0.49143 B   26 
-0.74015 -0.45283  0.39643 B   27 
-0.85028 -0.76594  0.33526 N   27 
-0.61564 -0.19226  0.28927 B   28 
-0.62138 -0.32295 -0.13724 W   28 
-0.63873 -0.03011  0.54981 B   29 
-0.86387  0.09848  0.56870 V   29 
-0.48345 -0.22606  0.72582 B   30 
-0.55242 -0.45755  0.86232 X   30 
-0.21838 -0.21311  0.57149 B   31 
-0.24709 -0.33481  0.39201 A   31 
-0.16492  0.09115  0.58860 B   32 
-0.29469  0.18544  0.44513 A   32 
-0.15468  0.10018  0.89492 B   33 
-0.30398  0.16782  1.19416 K   33 
 0.09847 -0.11972  0.92646 B   34 
-0.16082 -0.31581  1.17811 F   34 
 0.29656  0.01635  0.71503 B   35 
 0.30043 -0.25870  0.49545 E   35 
 0.23727  0.36260  0.77155 B   36 
 0.17566  0.40295  0.56250 S   36 
 0.00705  0.48795  0.94119 B   37 
 0.04325  0.49617  1.22561 N   37 
-0.11494  0.67537  0.70453 B   38 
-0.43933  0.47097  0.85870 F   38 
 0.17622  0.76571  0.57600 B   39 
 0.34308  0.96115  0.73198 N   39 
 0.29458  0.89133  0.27527 B   40 
 0.10681  1.03549  0.19716 T   40 
 0.60599  0.95695  0.39230 B   41 
 0.58607  1.35522  0.41133 Q   41 
 0.68738  0.67586  0.43803 B   42 
 0.57016  0.59256  0.59300 A   42 
 1.01702  0.53795  0.51331 B   43 
 1.10419  0.71280  0.36593 T   43 
 1.20699  0.22045  0.45464 B   44 
 0.99314  0.21946  0.71585 N   44 
 1.48074  0.05126  0.51277 B   45 
 1.87300  0.23670  0.25047 R   45 
 1.63787 -0.22236  0.36986 B   46 
 1.31430 -0.26587  0.26621 N   46 
 1.86392 -0.47191  0.38868 B   47 
 1.83840 -0.63297  0.58910 T   47 
 1.88815 -0.47409  0.05527 B   48 
 1.64709 -0.53798 -0.03501 D   48 
 1.87500 -0.13518  0.00631 B   49 
 1.60978 -0.07727 -0.01499 B   50 
 1.46867 -0.25151 -0.11564 S   50 
 1.27762  0.09938 -0.02593 B   51 
 1.42403  0.29994  0.08569 T   51 
 0.99615  0.20243  0.13960 B   52 
 0.92420 -0.12809  0.19877 D   52 
 0.68815  0.36012  0.00945 B   53 
 1.11491  0.52162 -0.14065 Y   53 
 0.44146  0.49523  0.16696 B   54 
 0.12013  0.38300  0.25963 B   55 
-0.10083  0.54031  0.24065 I   55 
 0.22650  0.08039  0.11496 B   56 
-0.08076  0.04021  0.02956 L   56 
 0.52342  0.01602  0.10465 B   57 
 0.63707  0.14619  0.40398 Q   57 
 0.67087  0.05184 -0.16771 B   58 
 0.43019  0.06408 -0.36264 I   58 
 0.92522 -0.10556 -0.33755 B   59 
 1.11414 -0.31430 -0.22113 N   59 
 1.24238 -0.02659 -0.50525 B   60 
 1.36354  0.09734 -0.35527 S   60 
 1.31920 -0.31047 -0.64546 B   61 
 1.64668 -0.50179 -0.44355 R   61 
 1.02738 -0.31997 -0.82609 B   62 
 1.12492 -0.75048 -0.71208 W   62 
 0.82968 -0.03939 -0.84435 B   63 
 0.60634 -0.39880 -0.73052 W   63 
 1.04646  0.19657 -0.78739 B   64 
 0.92641  0.31357 -0.58848 X   64 
 1.24970  0.49274 -0.82566 B   65 
 1.46840  0.50662 -1.02615 N   65 
 1.54794  0.61853 -0.61636 B   66 
 1.53318  0.42915 -0.42508 D   66 
 1.86051  0.59197 -0.72559 B   67 
 1.95966  0.34594 -0.47817 B   68 
 1.84938  0.53623 -0.05845 R   68 
 1.87127  0.05436 -0.63306 B   69 
 1.67988  0.03588 -0.46495 T   69 
 2.01590 -0.20233 -0.72631 B   70 
 2.17999 -0.15477 -0.59755 P   70 
 1.84036 -0.38932 -0.94887 B   71 
 1.59943 -0.23321 -1.03255 B   72 
 1.59646 -0.02928 -0.91061 S   72 
 1.25721 -0.20234 -1.19884 B   73 
 1.27229 -0.52378 -1.35416 R   73 
 1.00369 -0.01061 -1.21076 B   74 
 1.02870  0.26746 -1.21376 N   74 
 0.69739 -0.12687 -1.27124 B   75 
 0.78680 -0.43526 -1.23037 L   75 
 0.53277  0.15630 -1.21357 B   76 
 0.40249  0.02650 -0.96322 X   76 
 0.67767  0.38632 -1.34024 B   77 
 0.73218  0.41894 -1.60558 N   77 
 0.81709  0.54696 -1.07438 B   78 
 0.53719  0.61698 -1.01575 I   78 
 0.89179  0.76407 -0.85562 B   79 
 0.90505  0.92595 -0.98715 P   79 
 0.90103  0.70753 -0.52612 B   80 
 1.09649  0.45971 -0.51385 X   80 
 0.80274  0.99904 -0.44703 B   81 
 0.96429  1.13535 -0.56010 S   81 
 0.51031  0.96659 -0.55612 B   82 
 0.53195  0.94971 -0.76484 A   82 
 0.44496  0.77438 -0.29805 B   83 
 0.50157  0.48950 -0.44894 L   83 
 0.43690  1.05785 -0.10058 B   84 
 0.73437  0.94369 -0.01856 L   84 
 0.19735  1.18612 -0.17328 B   85 
 0.14786  1.31778 -0.39093 S   85 
-0.12233  1.30666 -0.10177 B   86 
-0.10831  1.54436 -0.07600 S   86 
-0.16596  1.16613 -0.37048 B   87 
-0.30252  1.24463 -0.61674 D   87 
-0.26170  0.81998 -0.40247 B   88 
-0.40793  0.76589 -0.18481 I   88 
-0.27039  0.73448 -0.70031 B   89 
-0.40285  0.92085 -0.83519 T   89 
 0.00819  0.60017 -0.73360 B   90 
 0.15098  0.76302 -0.75181 A   90 
-0.01829  0.38375 -0.51082 B   91 
 0.09029  0.51722 -0.29701 S   91 
-0.27120  0.24893 -0.61867 B   92 
-0.49093  0.36894 -0.54098 V   92 
-0.17674  0.16804 -0.89921 B   93 
-0.30036  0.42913 -1.07165 N   93 
 0.05801  0.00327 -0.78411 B   94 
 0.32951  0.08037 -0.74499 X   94 
-0.09959 -0.18534 -0.59692 B   95 
-0.15624 -0.06648 -0.42660 A   95 
-0.26582 -0.32074 -0.81929 B   96 
-0.61039 -0.01598 -0.89206 K   96 
-0.01291 -0.45944 -0.93724 B   97 
 0.14481 -0.23350 -1.20632 K   97 
 0.08356 -0.61318 -0.68750 B   98 
 0.25632 -0.41517 -0.52281 I   98 
-0.18035 -0.78532 -0.62677 B   99 
-0.36233 -0.68235 -0.52629 V   99 
-0.15535 -0.91027 -0.93627 B   100 
-0.32627 -0.72807 -1.01638 S   100 
 0.12469 -1.08420 -0.91530 B   101 
 0.38430 -0.98759 -0.88941 D   101 
 0.01157 -1.36736 -0.71662 B   102 
 0.02150 -1.31455 -0.37845 B   103 
 0.31814 -1.44297 -0.40639 N   103 
-0.12663 -1.08376 -0.33570 B   104 
-0.13062 -0.94037 -0.01252 B   105 
-0.43789 -0.70395  0.04649 M   105 
 0.13959 -1.09239  0.07282 B   106 
-0.02711 -1.37599  0.10665 N   106 
 0.32684 -0.85651 -0.01654 B   107 
 0.28032 -0.83407 -0.21920 A   107 
 0.22436 -0.75765  0.26665 B   108 
 0.07303 -0.43967 -0.04031 W   108 
 0.35993 -0.82232  0.56253 B   109 
 0.61367 -0.85325  0.54781 V   109 
 0.15646 -0.67315  0.74780 B   110 
 0.22615 -0.47065  0.75883 A   110 
-0.09347 -0.80964  0.63989 B   111 
-0.35165 -0.91534  0.36827 W   111 
-0.01664 -1.10536  0.69265 B   112 
 0.32774 -1.31233  0.56268 R   112 
 0.06734 -1.05876  1.01183 B   113 
 0.37487 -1.14116  0.94909 N   113 
-0.20768 -0.84368  1.08101 B   114 
 0.11198 -0.52723  1.30472 R   114 
-0.46745 -0.90521  0.87165 B   115 
-0.38310 -0.60766  0.79460 X   115 
-0.47864 -1.18440  0.80678 B   116 
-0.31136 -1.44560  0.48761 K   116 
-0.76768 -1.34540  0.93634 B   117 
-0.91062 -1.09494  1.01269 B   118 
-0.71330 -0.96902  1.12494 T   118 
-1.13082 -0.82867  1.09899 B   119 
-1.40519 -0.83106  1.18212 D   119 
-1.11743 -0.59841  0.84751 B   120 
-0.97155 -0.73126  0.69409 V   120 
-1.39095 -0.44829  0.87440 B   121 
-1.65946 -0.74694  0.76370 Q   121 
-1.30396 -0.27306  1.12085 B   122 
-1.26732 -0.41090  1.27121 A   122 
-1.15285 -0.05461  0.93063 B   123 
-0.77480 -0.18546  1.08385 W   123 
-1.46228  0.06315  0.83031 B   124 
-1.44158 -0.04893  0.58684 I   124 
-1.59176  0.15096  1.06433 B   125 
-1.66874 -0.33622  1.22278 R   125 
-1.79473  0.44134  1.05447 B   126 
-1.78675  0.46389  0.75324 B   127 
-1.46439  0.45780  0.77402 X   127 
-1.88722  0.66482  0.46597 B   128 
-2.28657  0.69060  0.40014 R   128 
-1.99028  0.43039  0.18945 B   129 
-1.74322  0.37126  0.24378 L   129 
