246 
-1.13236  0.28437  0.65099 B   1 
-1.26368 -0.10387  0.74190 K   1 
-1.01082  0.18555  0.97323 B   2 
-0.92612  0.41232  1.06580 V   2 
-0.78290 -0.02836  1.04721 B   3 
-0.87468 -0.25534  0.68948 F   3 
-0.66214 -0.27334  1.20663 B   4 
-0.39105 -0.44151  1.23816 B   5 
-0.06672 -0.48204  1.52585 R   5 
-0.49879 -0.74166  1.25165 B   6 
-0.38505 -0.82582  1.53157 X   6 
-0.70907 -0.68693  1.02940 B   7 
-1.03554 -0.47454  1.05610 E   7 
-0.51651 -0.62002  0.79665 B   8 
-0.42954 -0.34379  0.69546 L   8 
-0.34130 -0.87040  0.80383 B   9 
-0.21741 -0.85361  0.98139 A   9 
-0.56720 -1.06477  0.73544 B   10 
-0.68901 -1.08211  0.91623 A   10 
-0.64448 -0.94048  0.46209 B   11 
-0.77553 -0.77371  0.50649 A   11 
-0.36299 -0.94873  0.33304 B   12 
-0.18376 -0.57122  0.43281 M   12 
-0.33971 -1.25127  0.35263 B   13 
-0.20953 -1.51568  0.67097 K   13 
-0.58579 -1.34587  0.19905 B   14 
-1.01168 -1.18823  0.21786 R   14 
-0.46991 -1.17314 -0.05694 B   15 
-0.77448 -0.93210 -0.02991 H   15 
-0.14640 -1.27708 -0.06044 B   16 
 0.09627 -1.08842  0.07823 B   17 
-0.03238 -0.79984  0.00462 L   17 
 0.23621 -1.30287  0.21600 B   18 
 0.26751 -1.40121  0.50530 D   18 
 0.54154 -1.32208  0.06714 B   19 
 0.56759 -1.52429  0.31625 N   19 
 0.52460 -1.12726 -0.14646 B   20 
 0.25634 -1.06133 -0.49128 Y   20 
 0.80454 -1.11427 -0.31436 B   21 
 0.67807 -1.08624 -0.77128 R   21 
 0.93687 -1.17135 -0.00592 B   22 
 0.72091 -1.01480  0.17810 B   23 
 0.96643 -0.67738 -0.03908 Y   23 
 0.63541 -1.00255  0.46916 B   24 
 0.78000 -1.05907  0.64466 S   24 
 0.35764 -0.90729  0.62791 B   25 
 0.08785 -1.05924  0.67972 L   25 
 0.49396 -0.68851  0.81322 B   26 
 0.56922 -0.49523  0.58376 B   27 
 0.86923 -0.63360  0.51481 N   27 
 0.28504 -0.42298  0.48938 B   28 
 0.32538 -0.62794  0.09518 W   28 
 0.18163 -0.31812  0.75959 B   29 
 0.07375 -0.50448  0.90524 V   29 
 0.39967 -0.10764  0.80021 B   30 
 0.65806 -0.11596  0.90091 X   30 
 0.33902  0.05809  0.54899 B   31 
 0.42276 -0.05421  0.38099 A   31 
 0.04208  0.12563  0.60366 B   32 
-0.07154 -0.05141  0.55822 A   32 
 0.09558  0.27486  0.86612 B   33 
 0.10019  0.28140  1.20721 K   33 
 0.30130  0.50546  0.73217 B   34 
 0.56048  0.38192  1.02642 F   34 
 0.11278  0.59053  0.48788 B   35 
 0.33606  0.48274  0.23806 E   35 
-0.21015  0.57752  0.63670 B   36 
-0.28874  0.42898  0.49217 S   36 
-0.28358  0.45530  0.91447 B   37 
-0.23538  0.61759  1.14602 N   37 
-0.50779  0.24640  0.80445 B   38 
-0.25654  0.02018  1.04210 F   38 
-0.64032  0.45020  0.58004 B   39 
-0.80940  0.67754  0.68053 N   39 
-0.83209  0.42323  0.29243 B   40 
-0.97742  0.22646  0.34041 T   40 
-0.89126  0.75609  0.26622 B   41 
-1.27512  0.76305  0.37567 Q   41 
-0.61230  0.83802  0.20964 B   42 
-0.49190  0.80119  0.37946 A   42 
-0.48238  1.15986  0.09613 B   43 
-0.68880  1.17712 -0.03419 T   43 
-0.19599  1.28922 -0.10780 B   44 
-0.12820  1.21827  0.21520 N   44 
-0.03560  1.55230 -0.21739 B   45 
-0.29472  1.78874 -0.58346 R   45 
 0.19263  1.61578 -0.47010 B   46 
 0.23369  1.27912 -0.42213 N   46 
 0.42636  1.81530 -0.60899 B   47 
 0.62643  1.87760 -0.45783 T   47 
 0.35848  1.68462 -0.90911 B   48 
 0.41712  1.42658 -0.89131 D   48 
 0.01820  1.66419 -0.87411 B   49 
-0.02646  1.42104 -0.75996 B   50 
 0.13171  1.24268 -0.81977 S   50 
-0.18085  1.12787 -0.58144 B   51 
-0.36279  1.31700 -0.50899 T   51 
-0.23019  0.95733 -0.28865 B   52 
 0.10922  0.90710 -0.27440 D   52 
-0.39205  0.63048 -0.22829 B   53 
-0.60685  0.94783 -0.51793 Y   53 
-0.47650  0.48848  0.04852 B   54 
-0.32809  0.24062  0.25096 B   55 
-0.47208  0.04186  0.36797 I   55 
-0.06880  0.25702  0.01365 B   56 
-0.02824 -0.05669  0.07072 L   56 
-0.02627  0.51368 -0.14361 B   57 
-0.09888  0.75651  0.09139 Q   57 
-0.12630  0.52191 -0.43879 B   58 
-0.16354  0.21951 -0.49573 I   58 
-0.02308  0.66420 -0.73446 B   59 
 0.19312  0.87688 -0.76340 N   59 
-0.15416  0.87278 -1.00697 B   60 
-0.25182  1.05389 -0.90600 S   60 
 0.08958  0.86570 -1.22305 B   61 
 0.29783  1.24125 -1.23720 R   61 
 0.07964  0.52349 -1.24897 B   62 
 0.51758  0.64494 -1.28525 W   62 
-0.18601  0.35068 -1.11591 B   63 
 0.20214  0.18966 -0.99172 W   63 
-0.41808  0.57884 -1.11528 B   64 
-0.48410  0.56758 -0.86393 X   64 
-0.72770  0.75393 -1.17826 B   65 
-0.79590  0.85741 -1.44819 N   65 
-0.82586  1.11959 -1.10592 B   66 
-0.60067  1.18615 -0.97352 D   66 
-0.84157  1.34654 -1.34796 B   67 
-0.55649  1.53769 -1.23061 B   68 
-0.64932  1.63882 -0.77707 R   68 
-0.29812  1.37675 -1.38603 B   69 
-0.23376  1.28258 -1.15750 T   69 
-0.07545  1.45246 -1.58650 B   70 
-0.10551  1.65899 -1.53949 P   70 
 0.07223  1.18737 -1.73891 B   71 
-0.08265  0.94128 -1.66910 B   72 
-0.25659  1.00246 -1.51920 S   72 
-0.12597  0.56243 -1.65123 B   73 
 0.15514  0.49207 -1.86028 R   73 
-0.30012  0.33933 -1.50607 B   74 
-0.57387  0.37135 -1.46142 N   74 
-0.18018  0.03479 -1.44390 B   75 
 0.12393  0.12054 -1.51408 L   75 
-0.43480 -0.07387 -1.25957 B   76 
-0.24857 -0.08066 -1.01104 X   76 
-0.69440  0.00637 -1.38653 B   77 
-0.78414 -0.06494 -1.63413 N   77 
-0.80522  0.25806 -1.18580 B   78 
-0.84437  0.03881 -0.99324 I   78 
-0.97690  0.43299 -0.98456 B   79 
-1.16286  0.39126 -1.07035 P   79 
-0.85452  0.58928 -0.71540 B   80 
-0.62195  0.75869 -0.84572 X   80 
-1.11695  0.54970 -0.54088 B   81 
-1.28325  0.64718 -0.68338 S   81 
-1.08972  0.23867 -0.50943 B   82 
-1.11747  0.16199 -0.70351 A   82 
-0.84494  0.29062 -0.29684 B   83 
-0.60118  0.26066 -0.51320 L   83 
-1.08073  0.38493 -0.06249 B   84 
-0.97063  0.68221 -0.15056 L   84 
-1.20624  0.14397  0.01034 B   85 
-1.37653  0.00595 -0.12789 S   85 
-1.28965 -0.10274  0.24276 B   86 
-1.51738 -0.06898  0.30879 S   86 
-1.20494 -0.26977  0.00031 B   87 
-1.32384 -0.50038 -0.13437 D   87 
-0.86754 -0.38336 -0.05687 B   88 
-0.76099 -0.41621  0.18655 I   88 
-0.84472 -0.53042 -0.32880 B   89 
-1.04634 -0.70223 -0.34618 T   89 
-0.73748 -0.30337 -0.51238 B   90 
-0.90905 -0.17821 -0.55864 A   90 
-0.47869 -0.23394 -0.35308 B   91 
-0.57177 -0.03450 -0.18914 S   91 
-0.35364 -0.51338 -0.36007 B   92 
-0.44140 -0.66844 -0.16778 V   92 
-0.33810 -0.56066 -0.66288 B   93 
-0.62095 -0.73876 -0.70104 N   93 
-0.16792 -0.30608 -0.70450 B   94 
-0.25185 -0.04379 -0.77763 X   94 
 0.06445 -0.36833 -0.51064 B   95 
-0.01315 -0.33621 -0.31242 A   95 
 0.16120 -0.62300 -0.65624 B   96 
-0.13026 -0.95027 -0.49862 K   96 
 0.25691 -0.45756 -0.90239 B   97 
-0.02876 -0.43107 -1.15933 K   97 
 0.45248 -0.26403 -0.76236 B   98 
 0.28231 -0.02736 -0.65647 I   98 
 0.64929 -0.47782 -0.62626 B   99 
 0.58055 -0.58961 -0.43497 V   99 
 0.70619 -0.60183 -0.93189 B   100 
 0.52226 -0.78301 -0.88527 S   100 
 0.86318 -0.35031 -1.07751 B   101 
 0.75820 -0.10385 -1.15257 D   101 
 1.18753 -0.37157 -0.91381 B   102 
 1.20485 -0.20633 -0.61441 B   103 
 1.30632  0.03946 -0.80032 N   103 
 0.99731 -0.30923 -0.46153 B   104 
 0.92393 -0.15956 -0.14971 B   105 
 0.72401 -0.39629  0.09068 M   105 
 1.07336  0.11347 -0.23050 B   106 
 1.36755 -0.03066 -0.18530 N   106 
 0.81310  0.24862 -0.34316 B   107 
 0.75239  0.11569 -0.49277 A   107 
 0.78104  0.29070 -0.03064 B   108 
 0.41666  0.02888 -0.16069 W   108 
 0.89669  0.54362  0.15037 B   109 
 0.90829  0.76122  0.01593 V   109 
 0.80157  0.45328  0.43455 B   110 
 0.60177  0.52839  0.45514 A   110 
 0.92805  0.17639  0.42581 B   111 
 0.99132 -0.18129  0.28558 W   111 
 1.22302  0.25690  0.37431 B   112 
 1.37731  0.49541  0.06185 R   112 
 1.23794  0.47906  0.62235 B   113 
 1.28665  0.72049  0.41107 N   113 
 1.05898  0.27478  0.85239 B   114 
 0.77624  0.67371  0.96766 R   114 
 1.09200 -0.05413  0.77609 B   115 
 0.78036 -0.00237  0.73379 X   115 
 1.35204 -0.10488  0.66617 B   116 
 1.53129 -0.11230  0.25887 K   116 
 1.55367 -0.30917  0.87561 B   117 
 1.33351 -0.39134  1.05937 B   118 
 1.22148 -0.15967  1.09352 T   118 
 1.10470 -0.53702  1.29015 B   119 
 1.14096 -0.74308  1.48616 D   119 
 0.82729 -0.63062  1.11487 B   120 
 0.91656 -0.57628  0.88783 V   120 
 0.70298 -0.85547  1.29394 B   121 
 0.98841 -1.15665  1.25704 Q   121 
 0.57714 -0.65865  1.50475 B   122 
 0.74042 -0.56301  1.58925 A   122 
 0.31540 -0.60236  1.31750 B   123 
 0.45149 -0.20164  1.25098 W   123 
 0.19876 -0.91847  1.39592 B   124 
 0.25692 -1.01566  1.15211 I   124 
 0.16905 -0.92326  1.67580 B   125 
 0.68218 -0.93894  1.74526 R   125 
-0.10413 -1.09653  1.82058 B   126 
-0.18856 -1.22598  1.56091 B   127 
-0.19814 -0.93019  1.43130 X   127 
-0.43769 -1.43831  1.40015 B   128 
-0.45188 -1.82230  1.52986 R   128 
-0.25922 -1.66550  1.15813 B   129 
-0.20547 -1.42346  1.08056 L   129 
