246 
-1.21893  0.49414  0.23864 B   1 
-1.43980  0.13762  0.25713 K   1 
-1.23617  0.37737  0.57693 B   2 
-1.15033  0.58539  0.70548 V   2 
-1.08954  0.12570  0.71237 B   3 
-1.08994 -0.08351  0.33271 F   3 
-1.07675 -0.13598  0.88950 B   4 
-0.86759 -0.35103  1.00248 B   5 
-0.67577 -0.44825  1.38110 R   5 
-1.02437 -0.62600  0.96139 B   6 
-1.03154 -0.72729  1.25814 X   6 
-1.13133 -0.53531  0.68400 B   7 
-1.40393 -0.26607  0.60914 E   7 
-0.86140 -0.50711  0.53543 B   8 
-0.69753 -0.25257  0.48581 L   8 
-0.74658 -0.78546  0.58813 B   9 
-0.69110 -0.79030  0.79803 A   9 
-0.96517 -0.93537  0.43571 B   10 
-1.14317 -0.92836  0.56257 A   10 
-0.91964 -0.80131  0.15985 B   11 
-1.02640 -0.61284  0.16597 A   11 
-0.61701 -0.86250  0.13478 B   12 
-0.42004 -0.52372  0.31092 M   12 
-0.65563 -1.16396  0.14415 B   13 
-0.69273 -1.44510  0.47246 K   13 
-0.84569 -1.21282 -0.08948 B   14 
-1.21679 -0.97911 -0.20886 R   14 
-0.61971 -1.06667 -0.28017 B   15 
-0.86721 -0.77332 -0.34561 H   15 
-0.33878 -1.22857 -0.17848 B   16 
-0.13013 -1.08677  0.04527 B   17 
-0.17228 -0.78004 -0.05163 L   17 
-0.08678 -1.32217  0.21038 B   18 
-0.17565 -1.42210  0.48690 D   18 
 0.24276 -1.39870  0.17427 B   19 
 0.14471 -1.60009  0.40547 N   19 
 0.33557 -1.20595 -0.02092 B   20 
 0.21970 -1.09461 -0.43249 Y   20 
 0.65399 -1.24632 -0.08178 B   21 
 0.70096 -1.19936 -0.55204 R   21 
 0.65883 -1.32418  0.24961 B   22 
 0.42360 -1.12887  0.35701 B   23 
 0.78455 -0.84447  0.25635 Y   23 
 0.24601 -1.09854  0.60138 B   24 
 0.30836 -1.17926  0.81232 S   24 
-0.04818 -0.95227  0.66047 B   25 
-0.34144 -1.05135  0.60813 L   25 
 0.05163 -0.76083  0.89322 B   26 
 0.23461 -0.58675  0.71465 B   27 
 0.51054 -0.77872  0.74498 N   27 
 0.01830 -0.46409  0.53286 B   28 
 0.15614 -0.67637  0.16548 W   28 
-0.15226 -0.33962  0.75673 B   29 
-0.33499 -0.50159  0.84592 V   29 
 0.07157 -0.17267  0.88131 B   30 
 0.27320 -0.22768  1.06379 X   30 
 0.13205 -0.00076  0.63424 B   31 
 0.24771 -0.12804  0.49907 A   31 
-0.14857  0.12091  0.58759 B   32 
-0.26864 -0.03250  0.49614 A   32 
-0.16406  0.25995  0.86044 B   33 
-0.27702  0.26847  1.18227 K   33 
 0.11253  0.44744  0.81822 B   34 
 0.22743  0.28072  1.17601 F   34 
 0.03861  0.56374  0.52932 B   35 
 0.31199  0.41443  0.36545 E   35 
-0.31281  0.61186  0.55754 B   36 
-0.36121  0.47914  0.38675 S   36 
-0.49835  0.50770  0.78604 B   37 
-0.50570  0.66029  1.02881 N   37 
-0.70350  0.34284  0.59435 B   38 
-0.59434  0.07619  0.89059 F   38 
-0.71183  0.56566  0.34993 B   39 
-0.86243  0.82117  0.39902 N   39 
-0.79346  0.57208  0.01300 B   40 
-0.97863  0.40594 -0.00282 T   40 
-0.78025  0.90990 -0.01317 B   41 
-1.17061  0.98856 -0.04161 Q   41 
-0.48922  0.93843  0.03391 B   42 
-0.44371  0.88147  0.23234 A   42 
-0.27347  1.22976 -0.00999 B   43 
-0.41537  1.28371 -0.20194 T   43 
 0.08388  1.30226 -0.09589 B   44 
 0.02176  1.22281  0.22627 N   44 
 0.31599  1.53025 -0.12897 B   45 
 0.24594  1.80730 -0.54777 R   45 
 0.62509  1.54833 -0.28424 B   46 
 0.58699  1.21030 -0.24408 N   46 
 0.92373  1.70006 -0.32326 B   47 
 1.06655  1.72565 -0.10946 T   47 
 0.94232  1.58157 -0.63530 B   48 
 0.94472  1.31731 -0.61300 D   48 
 0.61311  1.62462 -0.72017 B   49 
 0.48955  1.39489 -0.64205 B   50 
 0.62459  1.18988 -0.65398 S   50 
 0.23375  1.13681 -0.54396 B   51 
 0.07432  1.35690 -0.52772 T   51 
 0.05668  0.98084 -0.29583 B   52 
 0.35556  0.86894 -0.16904 D   52 
-0.17092  0.69003 -0.31301 B   53 
-0.21241  1.03907 -0.64041 Y   53 
-0.36976  0.56845 -0.09029 B   54 
-0.34694  0.29921  0.13648 B   55 
-0.55518  0.13147  0.18575 I   55 
-0.02285  0.26541  0.00366 B   56 
-0.06054 -0.04989  0.05347 L   56 
 0.11608  0.50844 -0.11486 B   57 
 0.01043  0.76252  0.09429 Q   57 
 0.12781  0.53245 -0.42549 B   58 
 0.06000  0.24164 -0.50862 I   58 
 0.35053  0.65068 -0.65944 B   59 
 0.59719  0.81953 -0.60060 N   59 
 0.36107  0.87752 -0.94821 B   60 
 0.26796  1.07441 -0.87680 S   60 
 0.65932  0.82370 -1.06777 B   61 
 0.92221  1.15421 -0.98864 R   61 
 0.59890  0.48899 -1.11468 B   62 
 1.03630  0.52719 -0.99190 W   62 
 0.27758  0.36935 -1.09058 B   63 
 0.56370  0.14052 -0.85020 W   63 
 0.10376  0.63643 -1.15667 B   64 
-0.04625  0.63972 -0.94419 X   64 
-0.12878  0.86512 -1.31196 B   65 
-0.07972  0.97708 -1.58266 N   65 
-0.17991  1.24323 -1.25722 B   66 
-0.00668  1.26821 -1.05219 D   66 
-0.07043  1.46708 -1.47686 B   67 
 0.18512  1.60332 -1.25844 B   68 
-0.03994  1.72376 -0.85921 R   68 
 0.44872  1.39611 -1.32473 B   69 
 0.41213  1.29365 -1.09365 T   69 
 0.73673  1.42768 -1.43223 B   70 
 0.72910  1.63660 -1.38684 P   70 
 0.87897  1.13858 -1.53945 B   71 
 0.66874  0.92592 -1.54084 B   72 
 0.46727  1.01945 -1.45640 S   72 
 0.55592  0.56175 -1.56017 B   73 
 0.87502  0.43890 -1.66389 R   73 
 0.30584  0.37590 -1.49620 B   74 
 0.04381  0.45829 -1.54630 N   74 
 0.34112  0.05500 -1.41390 B   75 
 0.66073  0.08252 -1.37075 L   75 
 0.02348 -0.00319 -1.33434 B   76 
 0.10761 -0.04210 -1.03785 X   76 
-0.15748  0.12250 -1.53783 B   77 
-0.16680  0.06684 -1.80477 N   77 
-0.28489  0.39204 -1.37341 B   78 
-0.42638  0.18546 -1.21852 I   78 
-0.48206  0.59739 -1.23366 B   79 
-0.63095  0.58997 -1.38015 P   79 
-0.43520  0.73072 -0.93055 B   80 
-0.14590  0.85315 -0.96360 X   80 
-0.74446  0.74177 -0.85898 B   81 
-0.83105  0.86704 -1.04411 S   81 
-0.78507  0.43134 -0.83761 B   82 
-0.75679  0.35943 -1.03343 A   82 
-0.62418  0.43904 -0.55148 B   83 
-0.32984  0.36273 -0.67259 L   83 
-0.90610  0.57728 -0.40716 B   84 
-0.72177  0.84835 -0.43537 L   84 
-1.08942  0.36427 -0.39537 B   85 
-1.22264  0.25888 -0.59108 S   85 
-1.29035  0.13922 -0.21981 B   86 
-1.51709  0.21501 -0.23399 S   86 
-1.15760 -0.04267 -0.42755 B   87 
-1.26101 -0.24852 -0.60752 D   87 
-0.84696 -0.21708 -0.37198 B   88 
-0.83905 -0.26694 -0.10904 I   88 
-0.75747 -0.36817 -0.62745 B   89 
-0.96743 -0.49995 -0.72244 T   89 
-0.55501 -0.16641 -0.75014 B   90 
-0.67497 -0.01213 -0.84527 A   90 
-0.35965 -0.14458 -0.50822 B   91 
-0.46717  0.07002 -0.37515 S   91 
-0.29124 -0.44235 -0.48762 B   92 
-0.46611 -0.57688 -0.34604 V   92 
-0.18019 -0.49430 -0.76893 B   93 
-0.45888 -0.61744 -0.91159 N   93 
 0.03585 -0.27589 -0.73539 B   94 
 0.03009 -0.00325 -0.81801 X   94 
 0.17169 -0.37829 -0.47749 B   95 
 0.03708 -0.33069 -0.31637 A   95 
 0.26648 -0.64769 -0.59519 B   96 
-0.11433 -0.91415 -0.56556 K   96 
 0.46919 -0.50489 -0.78397 B   97 
 0.29984 -0.42834 -1.12130 K   97 
 0.63484 -0.34959 -0.57481 B   98 
 0.48301 -0.08467 -0.52050 I   98 
 0.73127 -0.59486 -0.39175 B   99 
 0.58189 -0.69038 -0.24217 V   99 
 0.86789 -0.72988 -0.66586 B   100 
 0.65037 -0.87358 -0.69530 S   100 
 1.10733 -0.51293 -0.73453 B   101 
 1.08007 -0.25198 -0.82706 D   101 
 1.34558 -0.59229 -0.47111 B   102 
 1.28675 -0.43051 -0.17513 B   103 
 1.48801 -0.20929 -0.30093 N   103 
 1.02440 -0.49201 -0.10860 B   104 
 0.87497 -0.32868  0.16710 B   105 
 0.56570 -0.52234  0.31078 M   105 
 1.08873 -0.08863  0.15783 B   106 
 1.31868 -0.28420  0.29289 N   106 
 0.91188  0.09126 -0.02939 B   107 
 0.88445 -0.02946 -0.19795 A   107 
 0.78131  0.14123  0.25509 B   108 
 0.44467 -0.04993 -0.00637 W   108 
 0.86959  0.37001  0.47864 B   109 
 0.96524  0.58056  0.36875 V   109 
 0.66745  0.30124  0.70752 B   110 
 0.48948  0.41212  0.66261 A   110 
 0.73824  0.00569  0.72711 B   111 
 0.78219 -0.35872  0.59719 W   111 
 1.04201  0.02991  0.78435 B   112 
 1.33455  0.23313  0.55754 R   112 
 1.00882  0.24763  1.03454 B   113 
 1.16951  0.47409  0.86663 N   113 
 0.72817  0.08190  1.17753 B   114 
 0.49796  0.52715  1.21118 R   114 
 0.72714 -0.24810  1.09882 B   115 
 0.46384 -0.14007  0.95533 X   115 
 0.99589 -0.34693  1.08196 B   116 
 1.30102 -0.39083  0.76096 K   116 
 1.07298 -0.58312  1.33598 B   117 
 0.79195 -0.62165  1.42830 B   118 
 0.71769 -0.37299  1.43495 T   118 
 0.47544 -0.72058  1.55819 B   119 
 0.40455 -0.92810  1.74288 D   119 
 0.26422 -0.76287  1.29353 B   120 
 0.43480 -0.72790  1.11424 V   120 
 0.04799 -0.95935  1.40629 B   121 
 0.27069 -1.30836  1.45255 Q   121 
-0.10642 -0.74087  1.57193 B   122 
 0.03152 -0.67629  1.71247 A   122 
-0.27266 -0.63884  1.30983 B   123 
-0.05365 -0.27072  1.31654 W   123 
-0.46298 -0.92730  1.32569 B   124 
-0.34192 -1.03565  1.11151 I   124 
-0.58830 -0.92410  1.57773 B   125 
-0.14247 -1.03365  1.81774 R   125 
-0.92070 -1.04271  1.61022 B   126 
-0.93118 -1.15658  1.33051 B   127 
-0.84294 -0.86524  1.22227 X   127 
-1.14228 -1.32065  1.08250 B   128 
-1.26798 -1.69428  1.17774 R   128 
-0.93392 -1.57896  0.90390 B   129 
-0.81487 -1.35168  0.86315 L   129 
